50 30
35 2 12 178 27 129 3 19 160 25 169 29 170 2 1 27 29 31 3 2 30 14 37 17 39 2 2 42 17 31 3 3 78 6 77 9 66 2 12 168 27 135 3 2 139 4 130 19 119 3 5 59 15 73 19 78 3 19 145 25 141 29 135 2 6 124 25 124 3 7 149 26 209 30 184 2 9 130 20 126 3 2 137 4 124 19 109 3 1 18 8 23 21 20 3 15 37 20 31 28 34 3 5 105 9 130 28 119 2 4 188 10 205 2 11 64 29 74 3 1 21 8 26 21 27 2 12 157 23 154 3 1 134 13 134 14 160 2 16 109 18 101 2 23 54 27 60 3 14 26 17 21 19 23 3 3 36 18 34 29 37 2 1 25 29 24 2 22 56 28 68 3 8 12 9 16 18 16 2 12 149 30 167 2 15 147 21 102 3 7 7 9 7 24 7 3 16 179 23 204 25 205 2 6 160 26 136 3 4 27 28 30 29 36
35 2 12 178 27 129 3 19 160 25 169 29 170 2 1 27 29 31 3 2 30 14 37 17 39 2 2 42 17 31 3 3 78 6 77 9 66 2 12 168 27 135 3 2 139 4 130 19 119 3 5 59 15 73 19 78 3 19 145 25 141 29 135 2 6 124 25 124 3 7 149 26 209 30 184 2 9 130 20 126 3 2 137 4 124 19 109 3 1 18 8 23 21 20 3 15 37 20 31 28 34 3 5 105 9 130 28 119 2 4 188 10 205 2 11 64 29 74 3 1 21 8 26 21 27 2 12 157 23 154 3 1 134 13 134 14 160 2 16 109 18 101 2 23 54 27 60 3 14 26 17 21 19 23 3 3 36 18 34 29 37 2 1 25 29 24 2 22 56 28 68 3 8 12 9 16 18 16 2 12 149 30 167 2 15 147 21 102 3 7 7 9 7 24 7 3 16 179 23 204 25 205 2 6 160 26 136 3 4 27 28 30 29 36
35 2 12 178 27 129 3 19 160 25 169 29 170 2 1 27 29 31 3 2 30 14 37 17 39 2 2 42 17 31 3 3 78 6 77 9 66 2 12 168 27 135 3 2 139 4 130 19 119 3 5 59 15 73 19 78 3 19 145 25 141 29 135 2 6 124 25 124 3 7 149 26 209 30 184 2 9 130 20 126 3 2 137 4 124 19 109 3 1 18 8 23 21 20 3 15 37 20 31 28 34 3 5 105 9 130 28 119 2 4 188 10 205 2 11 64 29 74 3 1 21 8 26 21 27 2 12 157 23 154 3 1 134 13 134 14 160 2 16 109 18 101 2 23 54 27 60 3 14 26 17 21 19 23 3 3 36 18 34 29 37 2 1 25 29 24 2 22 56 28 68 3 8 12 9 16 18 16 2 12 149 30 167 2 15 147 21 102 3 7 7 9 7 24 7 3 16 179 23 204 25 205 2 6 160 26 136 3 4 27 28 30 29 36
34 2 1 30 29 23 2 2 36 17 37 2 12 122 23 147 3 3 69 6 70 9 90 2 4 157 10 199 3 2 129 4 110 19 115 3 5 67 15 61 19 58 3 8 14 9 12 18 14 2 6 155 25 175 2 4 156 10 155 3 7 201 26 143 30 159 3 1 20 8 18 21 24 3 3 33 18 34 29 34 2 4 202 10 178 3 5 109 9 111 28 97 2 6 124 26 168 3 16 167 23 178 25 175 3 14 23 17 28 19 27 2 11 73 29 72 3 14 22 17 26 19 25 3 1 141 13 121 14 120 3 2 39 14 34 17 31 3 15 35 20 34 28 26 3 4 29 28 36 29 37 2 9 129 20 96 2 16 110 18 96 3 19 166 25 147 29 159 2 23 50 27 71 2 15 138 21 119 2 22 59 28 58 2 2 29 17 33 3 7 8 9 9 24 7 2 12 161 27 173 2 12 203 30 196
34 2 1 30 29 23 2 2 36 17 37 2 12 122 23 147 3 3 69 6 70 9 90 2 4 157 10 199 3 2 129 4 110 19 115 3 5 67 15 61 19 58 3 8 14 9 12 18 14 2 6 155 25 175 2 4 156 10 155 3 7 201 26 143 30 159 3 1 20 8 18 21 24 3 3 33 18 34 29 34 2 4 202 10 178 3 5 109 9 111 28 97 2 6 124 26 168 3 16 167 23 178 25 175 3 14 23 17 28 19 27 2 11 73 29 72 3 14 22 17 26 19 25 3 1 141 13 121 14 120 3 2 39 14 34 17 31 3 15 35 20 34 28 26 3 4 29 28 36 29 37 2 9 129 20 96 2 16 110 18 96 3 19 166 25 147 29 159 2 23 50 27 71 2 15 138 21 119 2 22 59 28 58 2 2 29 17 33 3 7 8 9 9 24 7 2 12 161 27 173 2 12 203 30 196
34 2 1 30 29 23 2 2 36 17 37 2 12 122 23 147 3 3 69 6 70 9 90 2 4 157 10 199 3 2 129 4 110 19 115 3 5 67 15 61 19 58 3 8 14 9 12 18 14 2 6 155 25 175 2 4 156 10 155 3 7 201 26 143 30 159 3 1 20 8 18 21 24 3 3 33 18 34 29 34 2 4 202 10 178 3 5 109 9 111 28 97 2 6 124 26 168 3 16 167 23 178 25 175 3 14 23 17 28 19 27 2 11 73 29 72 3 14 22 17 26 19 25 3 1 141 13 121 14 120 3 2 39 14 34 17 31 3 15 35 20 34 28 26 3 4 29 28 36 29 37 2 9 129 20 96 2 16 110 18 96 3 19 166 25 147 29 159 2 23 50 27 71 2 15 138 21 119 2 22 59 28 58 2 2 29 17 33 3 7 8 9 9 24 7 2 12 161 27 173 2 12 203 30 196
38 2 1 32 29 32 2 2 32 17 32 2 1 24 29 22 3 3 71 6 71 9 70 2 23 49 27 66 3 2 140 4 125 19 113 3 5 61 15 76 19 75 2 6 170 25 174 3 5 67 15 78 19 69 3 7 203 26 157 30 202 2 6 130 26 132 3 1 24 8 23 21 25 2 11 92 29 71 3 1 25 8 19 21 23 3 5 110 9 89 28 128 2 6 163 25 138 2 12 186 30 158 2 4 173 10 197 3 5 103 9 104 28 103 3 16 155 23 166 25 188 3 5 104 9 110 28 99 2 12 159 23 165 3 4 38 28 26 29 37 2 6 135 26 123 3 14 24 17 25 19 27 2 9 120 20 92 3 1 116 13 123 14 110 3 7 7 9 9 24 6 3 2 42 14 42 17 41 2 16 94 18 98 3 3 31 18 26 29 33 3 15 32 20 34 28 34 2 6 164 25 170 3 19 159 25 173 29 167 3 8 12 9 16 18 17 2 15 116 21 105 2 22 53 28 69 2 12 179 27 172
38 2 1 32 29 32 2 2 32 17 32 2 1 24 29 22 3 3 71 6 71 9 70 2 23 49 27 66 3 2 140 4 125 19 113 3 5 61 15 76 19 75 2 6 170 25 174 3 5 67 15 78 19 69 3 7 203 26 157 30 202 2 6 130 26 132 3 1 24 8 23 21 25 2 11 92 29 71 3 1 25 8 19 21 23 3 5 110 9 89 28 128 2 6 163 25 138 2 12 186 30 158 2 4 173 10 197 3 5 103 9 104 28 103 3 16 155 23 166 25 188 3 5 104 9 110 28 99 2 12 159 23 165 3 4 38 28 26 29 37 2 6 135 26 123 3 14 24 17 25 19 27 2 9 120 20 92 3 1 116 13 123 14 110 3 7 7 9 9 24 6 3 2 42 14 42 17 41 2 16 94 18 98 3 3 31 18 26 29 33 3 15 32 20 34 28 34 2 6 164 25 170 3 19 159 25 173 29 167 3 8 12 9 16 18 17 2 15 116 21 105 2 22 53 28 69 2 12 179 27 172
38 2 1 32 29 32 2 2 32 17 32 2 1 24 29 22 3 3 71 6 71 9 70 2 23 49 27 66 3 2 140 4 125 19 113 3 5 61 15 76 19 75 2 6 170 25 174 3 5 67 15 78 19 69 3 7 203 26 157 30 202 2 6 130 26 132 3 1 24 8 23 21 25 2 11 92 29 71 3 1 25 8 19 21 23 3 5 110 9 89 28 128 2 6 163 25 138 2 12 186 30 158 2 4 173 10 197 3 5 103 9 104 28 103 3 16 155 23 166 25 188 3 5 104 9 110 28 99 2 12 159 23 165 3 4 38 28 26 29 37 2 6 135 26 123 3 14 24 17 25 19 27 2 9 120 20 92 3 1 116 13 123 14 110 3 7 7 9 9 24 6 3 2 42 14 42 17 41 2 16 94 18 98 3 3 31 18 26 29 33 3 15 32 20 34 28 34 2 6 164 25 170 3 19 159 25 173 29 167 3 8 12 9 16 18 17 2 15 116 21 105 2 22 53 28 69 2 12 179 27 172
38 2 4 175 10 192 3 1 130 13 119 14 143 3 14 27 17 27 19 22 2 1 30 29 31 2 2 36 17 43 3 3 84 6 81 9 87 2 4 196 10 141 3 2 117 4 145 19 151 2 9 123 20 92 3 19 169 25 150 29 137 3 5 71 15 63 19 66 2 2 39 17 42 2 6 123 25 159 3 7 157 26 159 30 194 3 1 25 8 27 21 26 3 5 126 9 122 28 98 2 6 130 25 151 3 16 193 23 185 25 209 2 11 69 29 79 2 12 151 23 170 2 23 72 27 50 3 2 43 14 31 17 31 3 16 199 23 152 25 220 3 15 34 20 37 28 28 3 5 68 15 75 19 64 3 8 16 9 17 18 12 2 12 157 27 130 2 2 39 17 37 2 16 86 18 119 2 15 127 21 109 3 4 28 28 36 29 31 3 3 28 18 37 29 36 3 1 23 8 20 21 27 2 22 53 28 70 3 5 65 15 69 19 70 2 6 123 26 168 3 7 8 9 6 24 9 2 12 206 30 208
35 2 12 135 27 163 3 19 147 25 168 29 178 2 1 25 29 23 3 2 36 14 39 17 40 2 2 40 17 38 3 3 73 6 70 9 74 2 12 139 27 178 3 2 115 4 122 19 144 3 5 75 15 74 19 82 3 19 191 25 172 29 141 2 6 163 25 147 3 7 142 26 146 30 143 2 9 118 20 93 3 2 109 4 153 19 143 3 1 22 8 18 21 24 3 15 36 20 26 28 27 3 5 93 9 108 28 110 2 4 174 10 165 2 11 63 29 73 3 1 18 8 21 21 25 2 12 138 23 168 3 1 144 13 147 14 120 2 16 114 18 119 2 23 60 27 49 3 14 20 17 26 19 19 3 3 28 18 35 29 27 2 1 23 29 22 2 22 62 28 56 3 8 16 9 13 18 16 2 12 149 30 147 2 15 146 21 130 3 7 9 9 7 24 7 3 16 216 23 200 25 206 2 6 157 26 154 3 4 30 28 30 29 36
35 2 12 135 27 163 3 19 147 25 168 29 178 2 1 25 29 23 3 2 36 14 39 17 40 2 2 40 17 38 3 3 73 6 70 9 74 2 12 139 27 178 3 2 115 4 122 19 144 3 5 75 15 74 19 82 3 19 191 25 172 29 141 2 6 163 25 147 3 7 142 26 146 30 143 2 9 118 20 93 3 2 109 4 153 19 143 3 1 22 8 18 21 24 3 15 36 20 26 28 27 3 5 93 9 108 28 110 2 4 174 10 165 2 11 63 29 73 3 1 18 8 21 21 25 2 12 138 23 168 3 1 144 13 147 14 120 2 16 114 18 119 2 23 60 27 49 3 14 20 17 26 19 19 3 3 28 18 35 29 27 2 1 23 29 22 2 22 62 28 56 3 8 16 9 13 18 16 2 12 149 30 147 2 15 146 21 130 3 7 9 9 7 24 7 3 16 216 23 200 25 206 2 6 157 26 154 3 4 30 28 30 29 36
35 2 12 135 27 163 3 19 147 25 168 29 178 2 1 25 29 23 3 2 36 14 39 17 40 2 2 40 17 38 3 3 73 6 70 9 74 2 12 139 27 178 3 2 115 4 122 19 144 3 5 75 15 74 19 82 3 19 191 25 172 29 141 2 6 163 25 147 3 7 142 26 146 30 143 2 9 118 20 93 3 2 109 4 153 19 143 3 1 22 8 18 21 24 3 15 36 20 26 28 27 3 5 93 9 108 28 110 2 4 174 10 165 2 11 63 29 73 3 1 18 8 21 21 25 2 12 138 23 168 3 1 144 13 147 14 120 2 16 114 18 119 2 23 60 27 49 3 14 20 17 26 19 19 3 3 28 18 35 29 27 2 1 23 29 22 2 22 62 28 56 3 8 16 9 13 18 16 2 12 149 30 147 2 15 146 21 130 3 7 9 9 7 24 7 3 16 216 23 200 25 206 2 6 157 26 154 3 4 30 28 30 29 36
35 2 12 135 27 163 3 19 147 25 168 29 178 2 1 25 29 23 3 2 36 14 39 17 40 2 2 40 17 38 3 3 73 6 70 9 74 2 12 139 27 178 3 2 115 4 122 19 144 3 5 75 15 74 19 82 3 19 191 25 172 29 141 2 6 163 25 147 3 7 142 26 146 30 143 2 9 118 20 93 3 2 109 4 153 19 143 3 1 22 8 18 21 24 3 15 36 20 26 28 27 3 5 93 9 108 28 110 2 4 174 10 165 2 11 63 29 73 3 1 18 8 21 21 25 2 12 138 23 168 3 1 144 13 147 14 120 2 16 114 18 119 2 23 60 27 49 3 14 20 17 26 19 19 3 3 28 18 35 29 27 2 1 23 29 22 2 22 62 28 56 3 8 16 9 13 18 16 2 12 149 30 147 2 15 146 21 130 3 7 9 9 7 24 7 3 16 216 23 200 25 206 2 6 157 26 154 3 4 30 28 30 29 36
37 2 1 22 29 28 2 2 31 17 40 3 3 68 6 93 9 81 3 3 27 18 33 29 36 2 1 24 29 32 3 2 132 4 131 19 106 2 16 91 18 105 3 5 56 15 55 19 61 2 16 97 18 122 2 6 122 25 138 3 7 201 26 184 30 172 2 15 148 21 147 2 12 150 27 171 3 1 21 8 24 21 18 3 5 111 9 116 28 112 3 1 137 13 163 14 147 3 5 88 9 94 28 102 3 15 37 20 27 28 30 2 4 190 10 191 2 22 59 28 65 3 1 21 8 24 21 23 2 11 86 29 68 3 7 7 9 8 24 7 2 4 185 10 142 2 12 147 23 133 3 19 174 25 162 29 173 2 4 160 10 180 2 6 129 26 119 3 2 42 14 31 17 34 3 14 24 17 21 19 27 3 8 16 9 12 18 13 3 19 147 25 132 29 137 2 9 100 20 122 2 23 65 27 54 3 16 165 23 161 25 152 3 4 37 28 26 29 34 2 12 181 30 214
35 2 1 26 29 33 3 3 65 6 69 9 80 3 3 38 18 32 29 33 2 16 111 18 111 3 3 90 6 88 9 80 3 5 82 15 82 19 62 2 11 91 29 76 2 12 154 30 198 2 2 38 17 34 3 1 144 13 157 14 111 3 1 27 8 19 21 23 3 2 137 4 117 19 156 3 5 77 15 74 19 56 2 6 151 25 171 3 7 187 26 167 30 147 3 5 103 9 104 28 110 3 19 142 25 157 29 165 2 4 154 10 198 3 14 23 17 24 19 26 2 12 124 23 140 3 2 32 14 33 17 33 3 15 35 20 26 28 25 3 7 8 9 8 24 6 2 12 128 27 160 2 11 73 29 88 3 8 14 9 15 18 15 2 15 140 21 111 3 19 164 25 170 29 181 2 22 53 28 76 3 16 187 23 209 25 185 2 9 128 20 133 2 23 49 27 63 2 1 31 29 29 2 6 162 26 154 3 4 35 28 34 29 37
38 2 1 29 29 26 3 4 31 28 26 29 27 2 2 35 17 33 3 1 144 13 113 14 113 2 11 91 29 92 3 3 69 6 69 9 79 3 1 122 13 153 14 134 3 2 105 4 154 19 142 2 1 29 29 25 2 12 142 27 137 3 5 76 15 73 19 58 2 6 173 25 156 2 12 149 23 150 3 3 32 18 31 29 32 3 7 185 26 166 30 166 2 1 22 29 25 3 1 18 8 19 21 23 2 2 37 17 37 3 5 122 9 128 28 93 2 4 168 10 170 3 2 30 14 30 17 36 3 15 36 20 37 28 33 3 2 29 14 32 17 31 2 16 88 18 116 2 23 66 27 72 3 14 26 17 23 19 22 3 8 12 9 13 18 14 2 12 187 30 190 2 23 50 27 49 3 19 176 25 140 29 167 2 9 105 20 132 2 15 106 21 146 2 4 189 10 164 2 22 73 28 55 3 7 9 9 8 24 7 3 7 204 26 167 30 191 3 16 189 23 185 25 183 2 6 138 26 145
38 2 1 29 29 26 3 4 31 28 26 29 27 2 2 35 17 33 3 1 144 13 113 14 113 2 11 91 29 92 3 3 69 6 69 9 79 3 1 122 13 153 14 134 3 2 105 4 154 19 142 2 1 29 29 25 2 12 142 27 137 3 5 76 15 73 19 58 2 6 173 25 156 2 12 149 23 150 3 3 32 18 31 29 32 3 7 185 26 166 30 166 2 1 22 29 25 3 1 18 8 19 21 23 2 2 37 17 37 3 5 122 9 128 28 93 2 4 168 10 170 3 2 30 14 30 17 36 3 15 36 20 37 28 33 3 2 29 14 32 17 31 2 16 88 18 116 2 23 66 27 72 3 14 26 17 23 19 22 3 8 12 9 13 18 14 2 12 187 30 190 2 23 50 27 49 3 19 176 25 140 29 167 2 9 105 20 132 2 15 106 21 146 2 4 189 10 164 2 22 73 28 55 3 7 9 9 8 24 7 3 7 204 26 167 30 191 3 16 189 23 185 25 183 2 6 138 26 145
37 2 1 26 29 29 2 2 41 17 40 3 3 92 6 86 9 73 3 3 38 18 31 29 32 2 1 25 29 28 3 2 118 4 130 19 123 2 16 120 18 84 3 5 58 15 59 19 80 2 16 89 18 110 2 6 132 25 147 3 7 187 26 141 30 166 2 15 131 21 148 2 12 186 27 138 3 1 23 8 20 21 21 3 5 121 9 90 28 124 3 1 133 13 158 14 149 3 5 130 9 98 28 89 3 15 35 20 35 28 27 2 4 199 10 194 2 22 54 28 72 3 1 24 8 23 21 22 2 11 74 29 91 3 7 7 9 9 24 8 2 4 156 10 172 2 12 168 23 168 3 19 195 25 170 29 150 2 4 198 10 183 2 6 141 26 117 3 2 29 14 33 17 41 3 14 21 17 28 19 23 3 8 17 9 12 18 14 3 19 136 25 138 29 192 2 9 106 20 134 2 23 72 27 72 3 16 200 23 149 25 153 3 4 26 28 26 29 28 2 12 163 30 183
36 2 1 23 29 29 2 2 36 17 43 3 14 24 17 26 19 27 2 2 40 17 31 3 3 89 6 79 9 73 3 2 116 4 130 19 116 2 11 82 29 80 3 3 95 6 71 9 88 2 22 78 28 73 3 5 66 15 60 19 66 2 6 147 25 149 3 7 166 26 195 30 191 3 1 24 8 19 21 26 2 1 26 29 31 3 5 126 9 94 28 87 2 4 162 10 159 2 12 155 23 128 2 15 122 21 140 3 1 136 13 132 14 139 3 2 30 14 41 17 37 3 15 33 20 30 28 30 2 23 70 27 72 2 12 125 23 143 2 16 89 18 87 3 8 13 9 14 18 15 3 19 159 25 148 29 185 3 4 29 28 31 29 25 2 9 93 20 130 3 7 8 9 6 24 6 3 16 202 23 211 25 186 2 12 158 27 128 2 4 208 10 183 2 6 161 26 122 3 3 32 18 32 29 34 2 1 29 29 27 2 12 195 30 168
36 2 1 23 29 29 2 2 36 17 43 3 14 24 17 26 19 27 2 2 40 17 31 3 3 89 6 79 9 73 3 2 116 4 130 19 116 2 11 82 29 80 3 3 95 6 71 9 88 2 22 78 28 73 3 5 66 15 60 19 66 2 6 147 25 149 3 7 166 26 195 30 191 3 1 24 8 19 21 26 2 1 26 29 31 3 5 126 9 94 28 87 2 4 162 10 159 2 12 155 23 128 2 15 122 21 140 3 1 136 13 132 14 139 3 2 30 14 41 17 37 3 15 33 20 30 28 30 2 23 70 27 72 2 12 125 23 143 2 16 89 18 87 3 8 13 9 14 18 15 3 19 159 25 148 29 185 3 4 29 28 31 29 25 2 9 93 20 130 3 7 8 9 6 24 6 3 16 202 23 211 25 186 2 12 158 27 128 2 4 208 10 183 2 6 161 26 122 3 3 32 18 32 29 34 2 1 29 29 27 2 12 195 30 168
36 2 1 23 29 29 2 2 36 17 43 3 14 24 17 26 19 27 2 2 40 17 31 3 3 89 6 79 9 73 3 2 116 4 130 19 116 2 11 82 29 80 3 3 95 6 71 9 88 2 22 78 28 73 3 5 66 15 60 19 66 2 6 147 25 149 3 7 166 26 195 30 191 3 1 24 8 19 21 26 2 1 26 29 31 3 5 126 9 94 28 87 2 4 162 10 159 2 12 155 23 128 2 15 122 21 140 3 1 136 13 132 14 139 3 2 30 14 41 17 37 3 15 33 20 30 28 30 2 23 70 27 72 2 12 125 23 143 2 16 89 18 87 3 8 13 9 14 18 15 3 19 159 25 148 29 185 3 4 29 28 31 29 25 2 9 93 20 130 3 7 8 9 6 24 6 3 16 202 23 211 25 186 2 12 158 27 128 2 4 208 10 183 2 6 161 26 122 3 3 32 18 32 29 34 2 1 29 29 27 2 12 195 30 168
36 2 1 23 29 29 2 2 36 17 43 3 14 24 17 26 19 27 2 2 40 17 31 3 3 89 6 79 9 73 3 2 116 4 130 19 116 2 11 82 29 80 3 3 95 6 71 9 88 2 22 78 28 73 3 5 66 15 60 19 66 2 6 147 25 149 3 7 166 26 195 30 191 3 1 24 8 19 21 26 2 1 26 29 31 3 5 126 9 94 28 87 2 4 162 10 159 2 12 155 23 128 2 15 122 21 140 3 1 136 13 132 14 139 3 2 30 14 41 17 37 3 15 33 20 30 28 30 2 23 70 27 72 2 12 125 23 143 2 16 89 18 87 3 8 13 9 14 18 15 3 19 159 25 148 29 185 3 4 29 28 31 29 25 2 9 93 20 130 3 7 8 9 6 24 6 3 16 202 23 211 25 186 2 12 158 27 128 2 4 208 10 183 2 6 161 26 122 3 3 32 18 32 29 34 2 1 29 29 27 2 12 195 30 168
36 2 1 23 29 29 2 2 36 17 43 3 14 24 17 26 19 27 2 2 40 17 31 3 3 89 6 79 9 73 3 2 116 4 130 19 116 2 11 82 29 80 3 3 95 6 71 9 88 2 22 78 28 73 3 5 66 15 60 19 66 2 6 147 25 149 3 7 166 26 195 30 191 3 1 24 8 19 21 26 2 1 26 29 31 3 5 126 9 94 28 87 2 4 162 10 159 2 12 155 23 128 2 15 122 21 140 3 1 136 13 132 14 139 3 2 30 14 41 17 37 3 15 33 20 30 28 30 2 23 70 27 72 2 12 125 23 143 2 16 89 18 87 3 8 13 9 14 18 15 3 19 159 25 148 29 185 3 4 29 28 31 29 25 2 9 93 20 130 3 7 8 9 6 24 6 3 16 202 23 211 25 186 2 12 158 27 128 2 4 208 10 183 2 6 161 26 122 3 3 32 18 32 29 34 2 1 29 29 27 2 12 195 30 168
38 2 1 27 29 32 2 2 32 17 37 2 1 32 29 25 3 3 89 6 89 9 91 2 23 71 27 65 3 2 150 4 139 19 147 3 5 77 15 58 19 77 2 6 130 25 134 3 5 72 15 81 19 69 3 7 163 26 152 30 164 2 6 128 26 132 3 1 25 8 23 21 19 2 11 62 29 62 3 1 19 8 27 21 25 3 5 93 9 106 28 110 2 6 175 25 127 2 12 158 30 208 2 4 152 10 145 3 5 95 9 93 28 87 3 16 221 23 209 25 185 3 5 101 9 127 28 91 2 12 153 23 129 3 4 28 28 31 29 26 2 6 142 26 116 3 14 28 17 23 19 22 2 9 115 20 112 3 1 119 13 142 14 117 3 7 7 9 9 24 7 3 2 28 14 31 17 36 2 16 114 18 85 3 3 26 18 36 29 37 3 15 36 20 37 28 36 2 6 174 25 142 3 19 184 25 162 29 158 3 8 15 9 15 18 12 2 15 117 21 103 2 22 68 28 78 2 12 143 27 128
38 2 1 27 29 32 2 2 32 17 37 2 1 32 29 25 3 3 89 6 89 9 91 2 23 71 27 65 3 2 150 4 139 19 147 3 5 77 15 58 19 77 2 6 130 25 134 3 5 72 15 81 19 69 3 7 163 26 152 30 164 2 6 128 26 132 3 1 25 8 23 21 19 2 11 62 29 62 3 1 19 8 27 21 25 3 5 93 9 106 28 110 2 6 175 25 127 2 12 158 30 208 2 4 152 10 145 3 5 95 9 93 28 87 3 16 221 23 209 25 185 3 5 101 9 127 28 91 2 12 153 23 129 3 4 28 28 31 29 26 2 6 142 26 116 3 14 28 17 23 19 22 2 9 115 20 112 3 1 119 13 142 14 117 3 7 7 9 9 24 7 3 2 28 14 31 17 36 2 16 114 18 85 3 3 26 18 36 29 37 3 15 36 20 37 28 36 2 6 174 25 142 3 19 184 25 162 29 158 3 8 15 9 15 18 12 2 15 117 21 103 2 22 68 28 78 2 12 143 27 128
35 2 12 144 27 129 3 19 170 25 165 29 190 2 1 24 29 28 3 2 41 14 30 17 42 2 2 33 17 40 3 3 82 6 68 9 84 2 12 138 27 126 3 2 123 4 136 19 126 3 5 68 15 63 19 73 3 19 163 25 158 29 136 2 6 133 25 140 3 7 181 26 179 30 150 2 9 107 20 131 3 2 119 4 107 19 116 3 1 24 8 25 21 23 3 15 25 20 27 28 36 3 5 88 9 92 28 112 2 4 141 10 193 2 11 75 29 65 3 1 26 8 20 21 26 2 12 149 23 118 3 1 122 13 127 14 147 2 16 90 18 113 2 23 69 27 71 3 14 20 17 28 19 26 3 3 27 18 25 29 25 2 1 23 29 22 2 22 66 28 60 3 8 17 9 14 18 17 2 12 206 30 198 2 15 106 21 144 3 7 9 9 9 24 8 3 16 181 23 160 25 152 2 6 162 26 149 3 4 33 28 37 29 28
35 2 1 30 29 24 2 2 33 17 32 3 3 86 6 94 9 76 3 2 122 4 116 19 154 2 1 28 29 30 3 15 38 20 27 28 31 3 3 68 6 69 9 77 2 12 171 23 122 3 5 62 15 57 19 62 2 6 157 25 172 3 7 152 26 173 30 164 3 1 148 13 164 14 139 3 1 23 8 23 21 22 3 8 15 9 13 18 12 3 5 110 9 107 28 111 2 4 183 10 144 3 19 180 25 137 29 157 2 11 92 29 62 2 22 70 28 73 3 14 23 17 21 19 25 3 8 17 9 17 18 13 3 2 37 14 30 17 43 2 16 111 18 117 2 9 97 20 127 2 15 121 21 144 2 23 61 27 59 3 15 30 20 33 28 37 3 7 6 9 9 24 9 3 16 209 23 171 25 178 3 3 36 18 27 29 38 2 12 155 30 157 3 2 156 4 129 19 153 2 6 159 26 145 2 12 178 27 133 3 4 34 28 26 29 37
39 2 1 32 29 23 2 2 30 17 35 2 9 115 20 109 2 2 35 17 33 3 3 71 6 85 9 74 3 19 154 25 139 29 174 3 2 129 4 112 19 148 2 2 29 17 31 3 5 60 15 63 19 66 2 2 37 17 29 2 6 173 25 146 2 16 93 18 84 2 6 145 25 141 3 7 206 26 147 30 149 3 1 19 8 22 21 19 3 5 96 9 92 28 98 2 4 167 10 141 2 11 70 29 62 2 12 133 23 145 3 1 158 13 158 14 141 2 12 153 30 207 3 1 158 13 146 14 121 3 8 15 9 16 18 13 3 2 40 14 39 17 40 3 15 31 20 32 28 27 3 14 28 17 20 19 20 3 1 26 8 21 21 21 2 15 133 21 144 2 22 59 28 56 3 7 198 26 200 30 164 2 23 59 27 54 2 15 107 21 140 3 7 8 9 7 24 8 3 3 34 18 27 29 32 2 9 94 20 134 3 16 186 23 214 25 214 2 6 117 26 154 2 12 158 27 160 3 4 32 28 27 29 27
39 2 1 32 29 23 2 2 30 17 35 2 9 115 20 109 2 2 35 17 33 3 3 71 6 85 9 74 3 19 154 25 139 29 174 3 2 129 4 112 19 148 2 2 29 17 31 3 5 60 15 63 19 66 2 2 37 17 29 2 6 173 25 146 2 16 93 18 84 2 6 145 25 141 3 7 206 26 147 30 149 3 1 19 8 22 21 19 3 5 96 9 92 28 98 2 4 167 10 141 2 11 70 29 62 2 12 133 23 145 3 1 158 13 158 14 141 2 12 153 30 207 3 1 158 13 146 14 121 3 8 15 9 16 18 13 3 2 40 14 39 17 40 3 15 31 20 32 28 27 3 14 28 17 20 19 20 3 1 26 8 21 21 21 2 15 133 21 144 2 22 59 28 56 3 7 198 26 200 30 164 2 23 59 27 54 2 15 107 21 140 3 7 8 9 7 24 8 3 3 34 18 27 29 32 2 9 94 20 134 3 16 186 23 214 25 214 2 6 117 26 154 2 12 158 27 160 3 4 32 28 27 29 27
36 2 1 29 29 31 2 2 39 17 38 3 14 21 17 19 19 20 2 2 37 17 41 3 3 69 6 89 9 85 3 2 136 4 147 19 139 2 11 86 29 90 3 3 64 6 67 9 87 2 22 70 28 68 3 5 58 15 79 19 59 2 6 143 25 130 3 7 188 26 200 30 153 3 1 19 8 24 21 26 2 1 24 29 22 3 5 121 9 106 28 90 2 4 170 10 179 2 12 169 23 118 2 15 136 21 132 3 1 112 13 153 14 127 3 2 37 14 29 17 34 3 15 37 20 30 28 36 2 23 58 27 53 2 12 131 23 131 2 16 101 18 104 3 8 12 9 16 18 17 3 19 167 25 171 29 174 3 4 37 28 34 29 37 2 9 103 20 107 3 7 8 9 7 24 7 3 16 149 23 192 25 159 2 12 183 27 127 2 4 191 10 197 2 6 169 26 142 3 3 27 18 26 29 37 2 1 24 29 27 2 12 169 30 211
36 2 1 29 29 31 2 2 39 17 38 3 14 21 17 19 19 20 2 2 37 17 41 3 3 69 6 89 9 85 3 2 136 4 147 19 139 2 11 86 29 90 3 3 64 6 67 9 87 2 22 70 28 68 3 5 58 15 79 19 59 2 6 143 25 130 3 7 188 26 200 30 153 3 1 19 8 24 21 26 2 1 24 29 22 3 5 121 9 106 28 90 2 4 170 10 179 2 12 169 23 118 2 15 136 21 132 3 1 112 13 153 14 127 3 2 37 14 29 17 34 3 15 37 20 30 28 36 2 23 58 27 53 2 12 131 23 131 2 16 101 18 104 3 8 12 9 16 18 17 3 19 167 25 171 29 174 3 4 37 28 34 29 37 2 9 103 20 107 3 7 8 9 7 24 7 3 16 149 23 192 25 159 2 12 183 27 127 2 4 191 10 197 2 6 169 26 142 3 3 27 18 26 29 37 2 1 24 29 27 2 12 169 30 211
38 2 1 31 29 24 2 2 33 17 34 3 3 64 6 68 9 88 2 12 137 23 165 2 2 40 17 33 3 2 150 4 140 19 156 2 12 130 23 139 3 5 65 15 79 19 59 2 6 178 25 171 3 7 194 26 146 30 169 3 1 26 8 24 21 25 3 14 20 17 21 19 19 2 12 119 23 119 3 5 104 9 125 28 103 2 4 160 10 190 2 11 66 29 70 3 7 208 26 147 30 156 3 1 163 13 148 14 142 3 2 41 14 31 17 39 3 15 35 20 30 28 29 2 4 185 10 196 2 16 110 18 111 3 4 33 28 33 29 26 2 22 57 28 77 3 8 17 9 17 18 15 2 2 30 17 41 3 3 38 18 34 29 26 2 12 146 23 154 3 19 172 25 162 29 160 2 6 143 26 150 2 9 116 20 98 2 12 167 30 169 2 15 110 21 143 2 12 163 27 129 3 1 19 8 22 21 20 2 23 68 27 53 3 7 8 9 9 24 8 3 16 152 23 204 25 157
38 2 1 32 29 23 2 2 38 17 39 3 3 87 6 81 9 65 2 12 119 23 118 2 2 41 17 39 3 2 110 4 120 19 138 2 12 166 23 117 3 5 71 15 75 19 70 2 6 146 25 160 3 7 172 26 184 30 140 3 1 21 8 20 21 24 3 14 26 17 26 19 24 2 12 173 23 154 3 5 96 9 99 28 108 2 4 171 10 171 2 11 75 29 79 3 7 175 26 154 30 160 3 1 137 13 133 14 125 3 2 29 14 37 17 41 3 15 33 20 29 28 29 2 4 170 10 198 2 16 91 18 110 3 4 26 28 34 29 29 2 22 74 28 57 3 8 13 9 13 18 13 2 2 31 17 30 3 3 36 18 27 29 28 2 12 157 23 162 3 19 157 25 151 29 162 2 6 152 26 133 2 9 108 20 120 2 12 161 30 183 2 15 131 21 145 2 12 155 27 154 3 1 24 8 23 21 27 2 23 63 27 54 3 7 8 9 9 24 7 3 16 201 23 160 25 208
39 3 2 107 4 145 19 147 2 1 24 29 25 3 3 30 18 26 29 26 2 1 24 29 26 2 2 39 17 29 3 7 195 26 158 30 196 2 12 172 23 134 3 1 117 13 160 14 146 3 3 87 6 93 9 95 3 15 35 20 28 28 25 2 6 130 25 126 3 3 80 6 64 9 78 3 5 56 15 79 19 61 2 15 149 21 134 2 1 23 29 22 3 1 23 8 22 21 24 2 12 130 23 139 3 5 98 9 107 28 116 3 16 160 23 207 25 180 2 2 42 17 43 2 4 172 10 157 3 2 41 14 40 17 34 2 11 90 29 92 2 12 140 27 145 2 16 115 18 114 2 9 128 20 116 2 12 195 30 162 3 2 32 14 29 17 33 2 22 56 28 53 3 14 21 17 22 19 24 3 8 13 9 16 18 14 3 7 7 9 8 24 7 3 19 137 25 184 29 169 3 16 175 23 178 25 208 2 23 52 27 60 3 8 14 9 13 18 16 2 6 122 26 167 2 9 113 20 109 3 4 36 28 36 29 31
39 3 2 107 4 145 19 147 2 1 24 29 25 3 3 30 18 26 29 26 2 1 24 29 26 2 2 39 17 29 3 7 195 26 158 30 196 2 12 172 23 134 3 1 117 13 160 14 146 3 3 87 6 93 9 95 3 15 35 20 28 28 25 2 6 130 25 126 3 3 80 6 64 9 78 3 5 56 15 79 19 61 2 15 149 21 134 2 1 23 29 22 3 1 23 8 22 21 24 2 12 130 23 139 3 5 98 9 107 28 116 3 16 160 23 207 25 180 2 2 42 17 43 2 4 172 10 157 3 2 41 14 40 17 34 2 11 90 29 92 2 12 140 27 145 2 16 115 18 114 2 9 128 20 116 2 12 195 30 162 3 2 32 14 29 17 33 2 22 56 28 53 3 14 21 17 22 19 24 3 8 13 9 16 18 14 3 7 7 9 8 24 7 3 19 137 25 184 29 169 3 16 175 23 178 25 208 2 23 52 27 60 3 8 14 9 13 18 16 2 6 122 26 167 2 9 113 20 109 3 4 36 28 36 29 31
36 3 14 24 17 23 19 28 2 1 31 29 32 2 2 34 17 34 3 3 72 6 65 9 84 3 2 115 4 125 19 148 3 5 71 15 79 19 74 2 6 130 25 163 2 12 166 23 140 2 2 29 17 37 2 22 71 28 64 3 1 18 8 20 21 19 3 3 84 6 64 9 72 3 7 177 26 145 30 194 2 22 77 28 76 3 5 106 9 124 28 113 2 4 198 10 152 3 19 141 25 169 29 145 2 11 81 29 69 3 1 128 13 124 14 114 2 15 139 21 112 3 2 39 14 35 17 33 2 23 52 27 62 3 15 32 20 32 28 35 3 5 66 15 76 19 56 3 16 182 23 187 25 173 2 16 100 18 119 3 8 16 9 17 18 15 3 7 7 9 6 24 8 2 11 72 29 75 3 4 32 28 37 29 29 3 7 8 9 8 24 6 2 9 98 20 111 2 12 201 30 200 2 6 119 26 163 2 12 136 27 158 3 3 33 18 35 29 32
34 2 1 24 29 31 2 2 37 17 40 3 3 33 18 30 29 30 3 3 67 6 79 9 92 2 9 129 20 126 3 2 155 4 153 19 153 3 5 82 15 75 19 64 3 16 157 23 166 25 212 2 6 164 25 178 3 16 202 23 164 25 188 3 7 152 26 158 30 198 2 11 72 29 78 3 1 18 8 24 21 19 3 5 125 9 94 28 97 3 14 27 17 27 19 21 3 8 15 9 14 18 14 2 4 160 10 147 2 12 145 23 167 2 23 56 27 68 3 7 8 9 8 24 6 3 1 116 13 142 14 148 2 22 59 28 63 2 6 176 25 133 3 2 33 14 33 17 35 3 15 30 20 36 28 32 2 16 103 18 87 3 19 135 25 138 29 158 2 4 151 10 206 2 12 210 30 183 3 7 194 26 182 30 198 2 15 136 21 139 2 6 152 26 112 2 12 175 27 187 3 4 32 28 32 29 29
34 2 1 24 29 31 2 2 37 17 40 3 3 33 18 30 29 30 3 3 67 6 79 9 92 2 9 129 20 126 3 2 155 4 153 19 153 3 5 82 15 75 19 64 3 16 157 23 166 25 212 2 6 164 25 178 3 16 202 23 164 25 188 3 7 152 26 158 30 198 2 11 72 29 78 3 1 18 8 24 21 19 3 5 125 9 94 28 97 3 14 27 17 27 19 21 3 8 15 9 14 18 14 2 4 160 10 147 2 12 145 23 167 2 23 56 27 68 3 7 8 9 8 24 6 3 1 116 13 142 14 148 2 22 59 28 63 2 6 176 25 133 3 2 33 14 33 17 35 3 15 30 20 36 28 32 2 16 103 18 87 3 19 135 25 138 29 158 2 4 151 10 206 2 12 210 30 183 3 7 194 26 182 30 198 2 15 136 21 139 2 6 152 26 112 2 12 175 27 187 3 4 32 28 32 29 29
39 3 2 108 4 108 19 105 2 1 22 29 24 3 3 31 18 35 29 34 2 1 32 29 27 2 2 40 17 33 3 7 175 26 142 30 203 2 12 124 23 173 3 1 152 13 132 14 156 3 3 67 6 88 9 93 3 15 27 20 36 28 35 2 6 154 25 137 3 3 91 6 90 9 71 3 5 66 15 70 19 80 2 15 119 21 117 2 1 28 29 24 3 1 20 8 22 21 19 2 12 164 23 136 3 5 130 9 97 28 127 3 16 200 23 150 25 148 2 2 31 17 41 2 4 205 10 206 3 2 29 14 37 17 29 2 11 81 29 76 2 12 148 27 137 2 16 91 18 104 2 9 134 20 119 2 12 154 30 213 3 2 36 14 35 17 29 2 22 57 28 58 3 14 26 17 24 19 20 3 8 14 9 14 18 16 3 7 9 9 9 24 8 3 19 167 25 146 29 187 3 16 163 23 160 25 210 2 23 64 27 68 3 8 17 9 15 18 14 2 6 153 26 113 2 9 121 20 103 3 4 29 28 31 29 31
39 3 2 108 4 108 19 105 2 1 22 29 24 3 3 31 18 35 29 34 2 1 32 29 27 2 2 40 17 33 3 7 175 26 142 30 203 2 12 124 23 173 3 1 152 13 132 14 156 3 3 67 6 88 9 93 3 15 27 20 36 28 35 2 6 154 25 137 3 3 91 6 90 9 71 3 5 66 15 70 19 80 2 15 119 21 117 2 1 28 29 24 3 1 20 8 22 21 19 2 12 164 23 136 3 5 130 9 97 28 127 3 16 200 23 150 25 148 2 2 31 17 41 2 4 205 10 206 3 2 29 14 37 17 29 2 11 81 29 76 2 12 148 27 137 2 16 91 18 104 2 9 134 20 119 2 12 154 30 213 3 2 36 14 35 17 29 2 22 57 28 58 3 14 26 17 24 19 20 3 8 14 9 14 18 16 3 7 9 9 9 24 8 3 19 167 25 146 29 187 3 16 163 23 160 25 210 2 23 64 27 68 3 8 17 9 15 18 14 2 6 153 26 113 2 9 121 20 103 3 4 29 28 31 29 31
39 3 2 108 4 108 19 105 2 1 22 29 24 3 3 31 18 35 29 34 2 1 32 29 27 2 2 40 17 33 3 7 175 26 142 30 203 2 12 124 23 173 3 1 152 13 132 14 156 3 3 67 6 88 9 93 3 15 27 20 36 28 35 2 6 154 25 137 3 3 91 6 90 9 71 3 5 66 15 70 19 80 2 15 119 21 117 2 1 28 29 24 3 1 20 8 22 21 19 2 12 164 23 136 3 5 130 9 97 28 127 3 16 200 23 150 25 148 2 2 31 17 41 2 4 205 10 206 3 2 29 14 37 17 29 2 11 81 29 76 2 12 148 27 137 2 16 91 18 104 2 9 134 20 119 2 12 154 30 213 3 2 36 14 35 17 29 2 22 57 28 58 3 14 26 17 24 19 20 3 8 14 9 14 18 16 3 7 9 9 9 24 8 3 19 167 25 146 29 187 3 16 163 23 160 25 210 2 23 64 27 68 3 8 17 9 15 18 14 2 6 153 26 113 2 9 121 20 103 3 4 29 28 31 29 31
36 3 14 24 17 26 19 20 2 1 22 29 26 2 2 40 17 38 3 3 67 6 66 9 93 3 2 145 4 147 19 138 3 5 65 15 77 19 62 2 6 158 25 178 2 12 157 23 127 2 2 31 17 33 2 22 69 28 61 3 1 22 8 21 21 26 3 3 78 6 80 9 79 3 7 161 26 151 30 172 2 22 79 28 79 3 5 99 9 114 28 129 2 4 159 10 193 3 19 150 25 168 29 197 2 11 88 29 68 3 1 148 13 144 14 115 2 15 128 21 131 3 2 39 14 33 17 35 2 23 65 27 59 3 15 30 20 26 28 31 3 5 60 15 59 19 69 3 16 197 23 200 25 154 2 16 102 18 84 3 8 14 9 14 18 13 3 7 6 9 8 24 8 2 11 77 29 92 3 4 35 28 27 29 35 3 7 8 9 8 24 7 2 9 137 20 119 2 12 176 30 197 2 6 142 26 134 2 12 134 27 158 3 3 29 18 30 29 27
38 2 1 31 29 23 2 2 29 17 38 3 3 78 6 90 9 75 2 12 150 23 148 2 2 34 17 42 3 2 119 4 141 19 130 2 12 119 23 156 3 5 57 15 57 19 55 2 6 151 25 133 3 7 175 26 153 30 158 3 1 23 8 22 21 20 3 14 25 17 22 19 28 2 12 137 23 151 3 5 93 9 108 28 108 2 4 193 10 176 2 11 72 29 77 3 7 203 26 156 30 161 3 1 149 13 127 14 134 3 2 39 14 42 17 32 3 15 32 20 31 28 32 2 4 190 10 145 2 16 117 18 120 3 4 31 28 38 29 27 2 22 74 28 57 3 8 16 9 14 18 13 2 2 36 17 30 3 3 28 18 28 29 32 2 12 128 23 167 3 19 138 25 189 29 145 2 6 121 26 141 2 9 136 20 115 2 12 195 30 183 2 15 150 21 109 2 12 134 27 154 3 1 27 8 21 21 26 2 23 70 27 57 3 7 8 9 9 24 6 3 16 208 23 157 25 199
38 2 1 24 29 28 3 4 29 28 30 29 37 2 2 35 17 40 3 1 156 13 159 14 111 2 11 69 29 82 3 3 78 6 79 9 93 3 1 131 13 127 14 139 3 2 130 4 149 19 115 2 1 32 29 28 2 12 154 27 135 3 5 60 15 82 19 82 2 6 152 25 121 2 12 122 23 173 3 3 27 18 34 29 27 3 7 203 26 193 30 148 2 1 28 29 32 3 1 19 8 27 21 21 2 2 40 17 32 3 5 118 9 100 28 126 2 4 191 10 196 3 2 35 14 33 17 35 3 15 31 20 31 28 35 3 2 34 14 40 17 36 2 16 109 18 110 2 23 56 27 52 3 14 20 17 19 19 25 3 8 12 9 12 18 14 2 12 193 30 201 2 23 51 27 53 3 19 158 25 137 29 196 2 9 123 20 97 2 15 113 21 131 2 4 170 10 178 2 22 55 28 76 3 7 8 9 8 24 8 3 7 146 26 174 30 198 3 16 160 23 203 25 207 2 6 138 26 119
37 2 1 32 29 32 2 2 35 17 42 3 3 68 6 86 9 90 3 3 34 18 36 29 29 2 1 29 29 25 3 2 122 4 146 19 128 2 16 105 18 113 3 5 58 15 68 19 75 2 16 91 18 83 2 6 123 25 145 3 7 188 26 145 30 143 2 15 136 21 130 2 12 129 27 171 3 1 20 8 21 21 26 3 5 125 9 119 28 124 3 1 145 13 130 14 136 3 5 90 9 87 28 87 3 15 30 20 31 28 38 2 4 146 10 193 2 22 77 28 73 3 1 25 8 25 21 24 2 11 74 29 64 3 7 7 9 9 24 7 2 4 200 10 193 2 12 172 23 139 3 19 195 25 150 29 185 2 4 159 10 147 2 6 120 26 158 3 2 30 14 33 17 37 3 14 24 17 19 19 23 3 8 15 9 15 18 12 3 19 164 25 194 29 145 2 9 129 20 94 2 23 50 27 53 3 16 190 23 152 25 177 3 4 37 28 35 29 34 2 12 146 30 203
36 2 1 27 29 22 2 2 30 17 33 3 14 28 17 23 19 21 2 2 40 17 34 3 3 92 6 85 9 85 3 2 145 4 153 19 149 2 11 74 29 71 3 3 92 6 78 9 84 2 22 55 28 63 3 5 58 15 68 19 58 2 6 131 25 168 3 7 155 26 145 30 205 3 1 21 8 26 21 19 2 1 29 29 23 3 5 119 9 116 28 101 2 4 146 10 149 2 12 164 23 161 2 15 141 21 103 3 1 159 13 150 14 124 3 2 42 14 36 17 42 3 15 38 20 29 28 37 2 23 70 27 68 2 12 116 23 151 2 16 120 18 118 3 8 17 9 17 18 13 3 19 146 25 164 29 155 3 4 35 28 25 29 28 2 9 111 20 129 3 7 6 9 6 24 9 3 16 217 23 202 25 170 2 12 142 27 176 2 4 159 10 143 2 6 167 26 140 3 3 36 18 26 29 37 2 1 23 29 27 2 12 169 30 164
38 2 1 27 29 25 2 2 33 17 39 2 1 22 29 23 3 3 94 6 73 9 77 2 23 49 27 50 3 2 144 4 143 19 119 3 5 71 15 72 19 73 2 6 142 25 174 3 5 65 15 63 19 80 3 7 141 26 168 30 180 2 6 114 26 123 3 1 25 8 25 21 20 2 11 78 29 69 3 1 20 8 19 21 22 3 5 103 9 109 28 124 2 6 126 25 153 2 12 146 30 196 2 4 204 10 167 3 5 115 9 108 28 99 3 16 160 23 154 25 174 3 5 125 9 118 28 91 2 12 169 23 155 3 4 27 28 35 29 26 2 6 158 26 145 3 14 24 17 25 19 25 2 9 109 20 100 3 1 111 13 133 14 121 3 7 6 9 6 24 8 3 2 29 14 41 17 32 2 16 98 18 83 3 3 30 18 36 29 35 3 15 36 20 33 28 28 2 6 170 25 163 3 19 197 25 181 29 149 3 8 13 9 12 18 12 2 15 124 21 107 2 22 57 28 74 2 12 144 27 178
39 2 1 32 29 31 2 2 30 17 38 2 9 92 20 132 2 2 29 17 32 3 3 93 6 76 9 75 3 19 176 25 172 29 142 3 2 116 4 126 19 125 2 2 35 17 40 3 5 62 15 57 19 69 2 2 38 17 36 2 6 143 25 150 2 16 117 18 113 2 6 160 25 175 3 7 188 26 197 30 166 3 1 26 8 18 21 18 3 5 104 9 90 28 124 2 4 206 10 174 2 11 68 29 90 2 12 169 23 135 3 1 133 13 162 14 111 2 12 163 30 154 3 1 148 13 129 14 113 3 8 12 9 14 18 13 3 2 38 14 42 17 32 3 15 36 20 26 28 29 3 14 22 17 22 19 21 3 1 23 8 22 21 26 2 15 120 21 129 2 22 61 28 72 3 7 176 26 185 30 147 2 23 49 27 67 2 15 151 21 115 3 7 6 9 7 24 8 3 3 31 18 35 29 27 2 9 92 20 93 3 16 162 23 169 25 153 2 6 139 26 152 2 12 135 27 134 3 4 37 28 27 29 36
39 2 1 32 29 31 2 2 30 17 38 2 9 92 20 132 2 2 29 17 32 3 3 93 6 76 9 75 3 19 176 25 172 29 142 3 2 116 4 126 19 125 2 2 35 17 40 3 5 62 15 57 19 69 2 2 38 17 36 2 6 143 25 150 2 16 117 18 113 2 6 160 25 175 3 7 188 26 197 30 166 3 1 26 8 18 21 18 3 5 104 9 90 28 124 2 4 206 10 174 2 11 68 29 90 2 12 169 23 135 3 1 133 13 162 14 111 2 12 163 30 154 3 1 148 13 129 14 113 3 8 12 9 14 18 13 3 2 38 14 42 17 32 3 15 36 20 26 28 29 3 14 22 17 22 19 21 3 1 23 8 22 21 26 2 15 120 21 129 2 22 61 28 72 3 7 176 26 185 30 147 2 23 49 27 67 2 15 151 21 115 3 7 6 9 7 24 8 3 3 31 18 35 29 27 2 9 92 20 93 3 16 162 23 169 25 153 2 6 139 26 152 2 12 135 27 134 3 4 37 28 27 29 36
DUE_DATES: 5600 5600 5600 5413 5413 5413 6081 6081 6081 6084 5565 5565 5565 5565 5994 5556 5919 5919 6146 5609 5609 5609 5609 5609 5938 5938 5446 5286 6086 6086 5624 5624 6260 6213 5882 5882 5308 6057 6057 5880 5880 5880 5391 6226 5934 6019 5607 6003 6094 6094
WEIGHTS: 2 3 2 3 2 3 3 3 1 3 1 2 3 1 1 3 2 3 3 3 1 1 3 2 1 3 2 1 3 3 2 1 1 3 1 3 1 2 2 2 2 2 3 3 2 1 2 2 1 2
