50 30
36 3 1 47 7 40 27 47 3 5 121 10 109 30 117 3 2 58 15 65 27 55 3 1 42 7 37 27 52 2 26 183 29 177 3 3 21 5 21 10 24 2 4 142 18 118 3 12 19 19 26 24 20 3 10 141 18 133 25 109 2 19 209 27 206 2 8 191 24 141 3 4 43 6 47 23 49 3 3 149 7 137 21 177 2 8 133 16 133 2 3 149 9 155 2 11 76 29 99 2 10 37 13 34 3 10 11 13 10 14 8 2 14 130 16 157 3 12 26 19 24 24 24 2 15 63 18 69 2 6 67 23 71 2 15 69 18 56 2 17 178 20 197 2 2 62 18 53 3 1 43 13 41 19 36 2 4 167 18 160 2 12 79 20 92 2 21 14 26 18 2 2 65 18 56 2 22 112 28 136 2 16 133 26 134 2 10 41 25 39 3 19 144 21 158 28 144 2 6 87 23 68 3 21 186 28 223 30 166
36 3 1 47 7 40 27 47 3 5 121 10 109 30 117 3 2 58 15 65 27 55 3 1 42 7 37 27 52 2 26 183 29 177 3 3 21 5 21 10 24 2 4 142 18 118 3 12 19 19 26 24 20 3 10 141 18 133 25 109 2 19 209 27 206 2 8 191 24 141 3 4 43 6 47 23 49 3 3 149 7 137 21 177 2 8 133 16 133 2 3 149 9 155 2 11 76 29 99 2 10 37 13 34 3 10 11 13 10 14 8 2 14 130 16 157 3 12 26 19 24 24 24 2 15 63 18 69 2 6 67 23 71 2 15 69 18 56 2 17 178 20 197 2 2 62 18 53 3 1 43 13 41 19 36 2 4 167 18 160 2 12 79 20 92 2 21 14 26 18 2 2 65 18 56 2 22 112 28 136 2 16 133 26 134 2 10 41 25 39 3 19 144 21 158 28 144 2 6 87 23 68 3 21 186 28 223 30 166
35 3 1 44 7 43 27 39 2 17 195 20 213 3 1 41 7 41 27 44 3 2 46 15 61 27 49 3 3 24 5 23 10 22 2 17 217 20 200 3 10 9 13 9 14 8 2 4 131 18 158 3 5 103 10 111 30 102 3 4 53 6 53 23 52 3 3 126 7 169 21 128 2 8 132 16 134 2 22 138 28 121 3 5 116 10 106 30 124 2 11 87 29 90 2 3 180 9 165 2 10 29 13 28 3 10 119 18 100 25 137 3 21 165 28 205 30 218 3 12 19 19 22 24 23 2 15 69 18 70 2 14 174 16 153 3 1 44 13 44 19 42 3 19 136 21 144 28 116 2 2 72 18 65 2 19 201 27 169 2 12 94 20 86 2 22 125 28 122 2 16 192 26 182 2 21 21 26 18 2 6 72 23 70 2 8 151 24 193 3 2 61 15 60 27 64 2 10 39 25 37 2 26 151 29 209
35 3 1 44 7 43 27 39 2 17 195 20 213 3 1 41 7 41 27 44 3 2 46 15 61 27 49 3 3 24 5 23 10 22 2 17 217 20 200 3 10 9 13 9 14 8 2 4 131 18 158 3 5 103 10 111 30 102 3 4 53 6 53 23 52 3 3 126 7 169 21 128 2 8 132 16 134 2 22 138 28 121 3 5 116 10 106 30 124 2 11 87 29 90 2 3 180 9 165 2 10 29 13 28 3 10 119 18 100 25 137 3 21 165 28 205 30 218 3 12 19 19 22 24 23 2 15 69 18 70 2 14 174 16 153 3 1 44 13 44 19 42 3 19 136 21 144 28 116 2 2 72 18 65 2 19 201 27 169 2 12 94 20 86 2 22 125 28 122 2 16 192 26 182 2 21 21 26 18 2 6 72 23 70 2 8 151 24 193 3 2 61 15 60 27 64 2 10 39 25 37 2 26 151 29 209
36 3 3 151 7 135 21 172 3 1 40 7 46 27 38 2 12 101 20 78 3 2 62 15 49 27 62 2 15 63 18 76 3 3 19 5 21 10 19 2 4 122 18 133 3 1 50 7 46 27 49 3 5 109 10 125 30 124 2 22 96 28 132 3 4 43 6 55 23 50 2 8 99 16 101 2 3 173 9 170 2 22 113 28 98 3 10 139 18 108 25 131 2 2 53 18 60 3 5 92 10 126 30 86 2 11 71 29 72 2 16 138 26 197 3 4 45 6 49 23 45 2 6 62 23 67 3 12 28 19 19 24 27 2 17 229 20 226 2 10 36 13 36 3 10 9 13 10 14 9 3 21 201 28 203 30 209 2 14 185 16 181 2 8 181 24 160 3 1 52 13 36 19 40 2 10 29 25 40 2 21 15 26 19 2 15 67 18 69 2 19 183 27 152 3 2 55 15 48 27 60 3 19 116 21 127 28 140 2 26 213 29 208
36 3 3 151 7 135 21 172 3 1 40 7 46 27 38 2 12 101 20 78 3 2 62 15 49 27 62 2 15 63 18 76 3 3 19 5 21 10 19 2 4 122 18 133 3 1 50 7 46 27 49 3 5 109 10 125 30 124 2 22 96 28 132 3 4 43 6 55 23 50 2 8 99 16 101 2 3 173 9 170 2 22 113 28 98 3 10 139 18 108 25 131 2 2 53 18 60 3 5 92 10 126 30 86 2 11 71 29 72 2 16 138 26 197 3 4 45 6 49 23 45 2 6 62 23 67 3 12 28 19 19 24 27 2 17 229 20 226 2 10 36 13 36 3 10 9 13 10 14 9 3 21 201 28 203 30 209 2 14 185 16 181 2 8 181 24 160 3 1 52 13 36 19 40 2 10 29 25 40 2 21 15 26 19 2 15 67 18 69 2 19 183 27 152 3 2 55 15 48 27 60 3 19 116 21 127 28 140 2 26 213 29 208
33 3 1 42 7 39 27 49 3 2 51 15 65 27 48 2 19 166 27 203 3 2 55 15 65 27 61 3 3 23 5 23 10 23 2 8 122 16 123 2 4 150 18 146 3 5 124 10 108 30 121 3 4 54 6 45 23 51 3 3 136 7 164 21 148 2 8 125 16 119 2 10 29 13 36 2 21 15 26 20 3 1 52 13 51 19 41 2 3 144 9 164 3 10 8 13 8 14 11 3 10 99 18 140 25 101 2 11 99 29 84 2 26 177 29 206 3 12 23 19 27 24 19 3 5 111 10 113 30 85 2 15 72 18 64 2 17 233 20 177 2 8 196 24 193 2 16 196 26 158 2 14 154 16 146 2 12 79 20 82 2 2 58 18 60 3 21 196 28 194 30 155 2 6 74 23 91 2 22 117 28 93 2 10 36 25 41 3 19 173 21 121 28 129
33 3 1 50 7 51 27 42 3 2 50 15 66 27 65 2 19 204 27 169 3 2 60 15 50 27 66 3 3 20 5 23 10 26 2 8 132 16 97 2 4 125 18 118 3 5 108 10 111 30 109 3 4 49 6 45 23 55 3 3 158 7 146 21 172 2 8 116 16 122 2 10 31 13 36 2 21 16 26 19 3 1 41 13 53 19 39 2 3 173 9 184 3 10 9 13 11 14 8 3 10 140 18 104 25 101 2 11 74 29 75 2 26 196 29 185 3 12 20 19 20 24 19 3 5 104 10 124 30 90 2 15 75 18 56 2 17 206 20 192 2 8 138 24 156 2 16 174 26 157 2 14 144 16 135 2 12 81 20 74 2 2 52 18 77 3 21 204 28 154 30 151 2 6 71 23 78 2 22 111 28 102 2 10 39 25 37 3 19 136 21 142 28 172
39 2 6 91 23 71 3 1 52 7 52 27 39 2 6 80 23 77 3 2 47 15 54 27 55 2 2 61 18 64 3 3 24 5 24 10 20 2 6 85 23 68 2 8 172 24 160 2 4 134 18 160 2 21 14 26 15 3 5 91 10 120 30 118 3 4 41 6 54 23 42 2 8 113 16 112 2 10 31 25 39 2 15 64 18 62 3 5 121 10 86 30 99 3 3 164 7 158 21 149 2 3 156 9 141 3 4 53 6 59 23 51 3 10 135 18 132 25 119 2 15 55 18 63 2 11 81 29 74 3 12 28 19 23 24 27 2 4 153 18 156 2 22 116 28 134 2 10 32 13 39 2 12 83 20 69 2 4 143 18 131 3 10 11 13 9 14 11 2 14 139 16 138 2 17 164 20 185 3 1 49 13 49 19 39 2 16 145 26 197 2 26 172 29 200 3 5 115 10 116 30 92 2 19 172 27 196 3 19 160 21 119 28 173 3 3 169 7 130 21 174 3 21 169 28 180 30 220
39 2 6 91 23 71 3 1 52 7 52 27 39 2 6 80 23 77 3 2 47 15 54 27 55 2 2 61 18 64 3 3 24 5 24 10 20 2 6 85 23 68 2 8 172 24 160 2 4 134 18 160 2 21 14 26 15 3 5 91 10 120 30 118 3 4 41 6 54 23 42 2 8 113 16 112 2 10 31 25 39 2 15 64 18 62 3 5 121 10 86 30 99 3 3 164 7 158 21 149 2 3 156 9 141 3 4 53 6 59 23 51 3 10 135 18 132 25 119 2 15 55 18 63 2 11 81 29 74 3 12 28 19 23 24 27 2 4 153 18 156 2 22 116 28 134 2 10 32 13 39 2 12 83 20 69 2 4 143 18 131 3 10 11 13 9 14 11 2 14 139 16 138 2 17 164 20 185 3 1 49 13 49 19 39 2 16 145 26 197 2 26 172 29 200 3 5 115 10 116 30 92 2 19 172 27 196 3 19 160 21 119 28 173 3 3 169 7 130 21 174 3 21 169 28 180 30 220
33 3 1 48 7 47 27 45 3 2 51 15 52 27 58 3 3 25 5 18 10 25 2 4 153 18 114 2 11 81 29 88 3 5 128 10 91 30 117 3 4 48 6 54 23 44 3 3 164 7 165 21 169 2 8 126 16 136 2 3 172 9 176 3 10 133 18 121 25 114 3 2 49 15 64 27 60 2 8 195 24 161 3 12 19 19 24 24 26 2 10 34 13 36 2 3 181 9 159 2 6 82 23 86 3 10 10 13 8 14 10 2 15 77 18 76 2 2 56 18 70 2 14 178 16 174 2 17 212 20 170 3 1 45 13 52 19 40 2 12 95 20 96 2 21 19 26 15 2 22 128 28 102 2 10 40 25 34 2 4 117 18 134 2 19 169 27 167 2 16 152 26 160 3 19 124 21 127 28 158 2 26 205 29 217 3 21 183 28 207 30 153
38 3 1 45 7 38 27 37 3 10 11 13 10 14 9 2 10 40 25 31 3 2 61 15 67 27 51 2 10 39 25 38 3 3 20 5 22 10 24 2 10 39 13 32 3 2 54 15 62 27 50 2 17 198 20 201 2 4 155 18 122 2 2 52 18 62 2 10 29 13 26 3 5 94 10 126 30 88 3 4 46 6 47 23 56 3 3 163 7 185 21 144 2 16 149 26 176 2 8 111 16 115 3 19 151 21 149 28 128 2 12 93 20 89 2 8 139 24 175 2 10 36 25 33 2 3 128 9 166 3 10 8 13 10 14 8 3 10 131 18 99 25 117 3 21 217 28 204 30 164 2 11 76 29 83 3 12 28 19 25 24 26 2 15 62 18 70 2 21 20 26 19 2 8 98 16 117 2 14 158 16 150 3 1 44 13 45 19 52 2 4 119 18 130 2 22 98 28 127 3 21 206 28 153 30 150 2 6 84 23 88 2 19 163 27 190 2 26 214 29 181
35 3 1 51 7 41 27 43 2 17 196 20 175 3 1 38 7 49 27 42 3 2 50 15 60 27 49 3 3 21 5 19 10 19 2 17 210 20 224 3 10 9 13 8 14 11 2 4 164 18 150 3 5 121 10 99 30 123 3 4 50 6 60 23 44 3 3 139 7 164 21 130 2 8 113 16 104 2 22 106 28 110 3 5 88 10 115 30 125 2 11 100 29 87 2 3 160 9 182 2 10 38 13 27 3 10 132 18 131 25 140 3 21 201 28 213 30 179 3 12 19 19 22 24 25 2 15 66 18 53 2 14 184 16 178 3 1 52 13 53 19 45 3 19 168 21 118 28 138 2 2 52 18 58 2 19 202 27 197 2 12 98 20 85 2 22 126 28 138 2 16 138 26 161 2 21 19 26 18 2 6 61 23 91 2 8 190 24 189 3 2 48 15 58 27 55 2 10 30 25 40 2 26 218 29 172
35 3 1 51 7 41 27 43 2 17 196 20 175 3 1 38 7 49 27 42 3 2 50 15 60 27 49 3 3 21 5 19 10 19 2 17 210 20 224 3 10 9 13 8 14 11 2 4 164 18 150 3 5 121 10 99 30 123 3 4 50 6 60 23 44 3 3 139 7 164 21 130 2 8 113 16 104 2 22 106 28 110 3 5 88 10 115 30 125 2 11 100 29 87 2 3 160 9 182 2 10 38 13 27 3 10 132 18 131 25 140 3 21 201 28 213 30 179 3 12 19 19 22 24 25 2 15 66 18 53 2 14 184 16 178 3 1 52 13 53 19 45 3 19 168 21 118 28 138 2 2 52 18 58 2 19 202 27 197 2 12 98 20 85 2 22 126 28 138 2 16 138 26 161 2 21 19 26 18 2 6 61 23 91 2 8 190 24 189 3 2 48 15 58 27 55 2 10 30 25 40 2 26 218 29 172
35 3 1 51 7 41 27 43 2 17 196 20 175 3 1 38 7 49 27 42 3 2 50 15 60 27 49 3 3 21 5 19 10 19 2 17 210 20 224 3 10 9 13 8 14 11 2 4 164 18 150 3 5 121 10 99 30 123 3 4 50 6 60 23 44 3 3 139 7 164 21 130 2 8 113 16 104 2 22 106 28 110 3 5 88 10 115 30 125 2 11 100 29 87 2 3 160 9 182 2 10 38 13 27 3 10 132 18 131 25 140 3 21 201 28 213 30 179 3 12 19 19 22 24 25 2 15 66 18 53 2 14 184 16 178 3 1 52 13 53 19 45 3 19 168 21 118 28 138 2 2 52 18 58 2 19 202 27 197 2 12 98 20 85 2 22 126 28 138 2 16 138 26 161 2 21 19 26 18 2 6 61 23 91 2 8 190 24 189 3 2 48 15 58 27 55 2 10 30 25 40 2 26 218 29 172
33 3 1 53 7 51 27 44 3 2 58 15 61 27 48 2 19 185 27 217 3 2 64 15 64 27 56 3 3 17 5 24 10 18 2 8 132 16 130 2 4 157 18 164 3 5 111 10 125 30 123 3 4 59 6 46 23 40 3 3 159 7 133 21 181 2 8 129 16 124 2 10 36 13 32 2 21 15 26 17 3 1 48 13 47 19 36 2 3 179 9 136 3 10 9 13 8 14 8 3 10 127 18 121 25 120 2 11 84 29 95 2 26 151 29 173 3 12 24 19 27 24 19 3 5 91 10 104 30 99 2 15 66 18 69 2 17 214 20 157 2 8 188 24 161 2 16 186 26 167 2 14 182 16 147 2 12 74 20 94 2 2 60 18 69 3 21 202 28 201 30 197 2 6 83 23 78 2 22 100 28 126 2 10 37 25 30 3 19 160 21 157 28 123
33 3 1 53 7 51 27 44 3 2 58 15 61 27 48 2 19 185 27 217 3 2 64 15 64 27 56 3 3 17 5 24 10 18 2 8 132 16 130 2 4 157 18 164 3 5 111 10 125 30 123 3 4 59 6 46 23 40 3 3 159 7 133 21 181 2 8 129 16 124 2 10 36 13 32 2 21 15 26 17 3 1 48 13 47 19 36 2 3 179 9 136 3 10 9 13 8 14 8 3 10 127 18 121 25 120 2 11 84 29 95 2 26 151 29 173 3 12 24 19 27 24 19 3 5 91 10 104 30 99 2 15 66 18 69 2 17 214 20 157 2 8 188 24 161 2 16 186 26 167 2 14 182 16 147 2 12 74 20 94 2 2 60 18 69 3 21 202 28 201 30 197 2 6 83 23 78 2 22 100 28 126 2 10 37 25 30 3 19 160 21 157 28 123
36 3 3 137 7 162 21 148 3 1 54 7 43 27 41 2 12 93 20 102 3 2 50 15 60 27 52 2 15 71 18 59 3 3 18 5 19 10 17 2 4 122 18 143 3 1 53 7 52 27 46 3 5 105 10 123 30 99 2 22 135 28 114 3 4 60 6 45 23 60 2 8 133 16 98 2 3 151 9 182 2 22 116 28 99 3 10 100 18 96 25 110 2 2 59 18 62 3 5 107 10 108 30 122 2 11 71 29 72 2 16 142 26 165 3 4 55 6 46 23 44 2 6 72 23 71 3 12 25 19 19 24 26 2 17 216 20 192 2 10 28 13 32 3 10 8 13 11 14 11 3 21 207 28 199 30 201 2 14 176 16 162 2 8 186 24 150 3 1 48 13 53 19 52 2 10 35 25 39 2 21 17 26 17 2 15 70 18 66 2 19 197 27 180 3 2 47 15 66 27 68 3 19 171 21 151 28 152 2 26 185 29 182
35 2 4 129 18 153 3 1 53 7 40 27 42 3 10 8 13 8 14 10 3 12 20 19 26 24 24 2 4 130 18 123 3 2 62 15 52 27 64 3 3 25 5 17 10 18 2 14 187 16 154 3 12 22 19 21 24 27 3 5 107 10 114 30 120 2 26 169 29 219 2 10 35 13 31 3 4 51 6 40 23 52 3 3 171 7 149 21 139 2 8 128 16 99 2 3 147 9 131 3 3 130 7 156 21 127 3 10 101 18 130 25 133 2 11 94 29 75 3 4 59 6 48 23 57 3 1 39 13 47 19 37 2 15 68 18 75 2 4 151 18 124 2 17 165 20 158 2 12 76 20 89 2 2 54 18 53 2 21 18 26 14 2 22 137 28 111 2 6 89 23 74 2 19 152 27 179 2 8 133 24 148 2 10 29 25 37 2 16 181 26 195 3 19 142 21 134 28 167 3 21 206 28 162 30 170
36 2 15 59 18 70 3 1 44 7 38 27 41 3 2 63 15 51 27 65 3 3 25 5 24 10 21 2 4 138 18 129 3 5 124 10 90 30 112 3 10 11 13 8 14 9 3 4 41 6 56 23 47 3 5 114 10 114 30 100 3 3 144 7 124 21 138 3 5 103 10 116 30 127 2 10 32 25 37 3 4 41 6 47 23 41 2 8 132 16 109 2 22 115 28 96 2 3 135 9 137 3 4 44 6 56 23 44 3 10 125 18 108 25 139 2 11 74 29 87 2 19 190 27 215 3 12 28 19 28 24 25 2 10 30 13 35 2 14 150 16 160 2 17 187 20 159 3 10 10 13 10 14 8 2 2 66 18 64 2 21 17 26 20 3 19 154 21 131 28 164 2 26 215 29 177 2 12 78 20 99 3 1 40 13 51 19 44 2 6 87 23 82 2 26 160 29 180 2 8 188 24 195 3 21 175 28 198 30 152 2 16 158 26 166
36 3 1 50 7 37 27 52 3 5 103 10 89 30 89 3 2 65 15 53 27 49 3 1 44 7 51 27 41 2 26 206 29 180 3 3 18 5 19 10 20 2 4 125 18 130 3 12 20 19 22 24 27 3 10 100 18 99 25 111 2 19 168 27 168 2 8 153 24 147 3 4 47 6 55 23 55 3 3 153 7 129 21 148 2 8 107 16 96 2 3 136 9 125 2 11 72 29 76 2 10 38 13 32 3 10 11 13 8 14 9 2 14 155 16 165 3 12 23 19 27 24 25 2 15 74 18 68 2 6 69 23 82 2 15 64 18 77 2 17 221 20 215 2 2 67 18 75 3 1 51 13 48 19 42 2 4 167 18 120 2 12 71 20 97 2 21 16 26 17 2 2 71 18 61 2 22 114 28 109 2 16 156 26 187 2 10 32 25 42 3 19 145 21 137 28 121 2 6 76 23 65 3 21 162 28 214 30 176
33 3 1 43 7 42 27 52 3 2 58 15 51 27 51 3 3 24 5 21 10 19 2 4 164 18 142 2 11 81 29 68 3 5 86 10 102 30 106 3 4 49 6 47 23 52 3 3 139 7 130 21 170 2 8 111 16 109 2 3 140 9 144 3 10 116 18 131 25 100 3 2 63 15 65 27 61 2 8 193 24 187 3 12 27 19 26 24 26 2 10 37 13 39 2 3 139 9 136 2 6 73 23 76 3 10 11 13 8 14 9 2 15 62 18 60 2 2 59 18 69 2 14 140 16 169 2 17 175 20 229 3 1 51 13 51 19 47 2 12 98 20 77 2 21 14 26 14 2 22 122 28 94 2 10 41 25 34 2 4 134 18 163 2 19 155 27 162 2 16 165 26 168 3 19 137 21 122 28 144 2 26 159 29 207 3 21 161 28 195 30 156
36 3 3 128 7 154 21 168 3 1 42 7 36 27 51 2 12 88 20 94 3 2 52 15 51 27 65 2 15 53 18 72 3 3 24 5 18 10 18 2 4 123 18 144 3 1 54 7 44 27 40 3 5 87 10 90 30 105 2 22 131 28 104 3 4 47 6 42 23 55 2 8 100 16 137 2 3 133 9 142 2 22 133 28 100 3 10 108 18 119 25 135 2 2 59 18 56 3 5 125 10 124 30 115 2 11 86 29 94 2 16 136 26 143 3 4 59 6 58 23 59 2 6 77 23 85 3 12 27 19 23 24 28 2 17 194 20 165 2 10 35 13 28 3 10 11 13 9 14 9 3 21 222 28 165 30 207 2 14 168 16 136 2 8 184 24 170 3 1 47 13 52 19 51 2 10 29 25 39 2 21 16 26 19 2 15 76 18 68 2 19 154 27 146 3 2 48 15 57 27 48 3 19 122 21 164 28 134 2 26 190 29 146
36 3 3 128 7 154 21 168 3 1 42 7 36 27 51 2 12 88 20 94 3 2 52 15 51 27 65 2 15 53 18 72 3 3 24 5 18 10 18 2 4 123 18 144 3 1 54 7 44 27 40 3 5 87 10 90 30 105 2 22 131 28 104 3 4 47 6 42 23 55 2 8 100 16 137 2 3 133 9 142 2 22 133 28 100 3 10 108 18 119 25 135 2 2 59 18 56 3 5 125 10 124 30 115 2 11 86 29 94 2 16 136 26 143 3 4 59 6 58 23 59 2 6 77 23 85 3 12 27 19 23 24 28 2 17 194 20 165 2 10 35 13 28 3 10 11 13 9 14 9 3 21 222 28 165 30 207 2 14 168 16 136 2 8 184 24 170 3 1 47 13 52 19 51 2 10 29 25 39 2 21 16 26 19 2 15 76 18 68 2 19 154 27 146 3 2 48 15 57 27 48 3 19 122 21 164 28 134 2 26 190 29 146
35 2 4 164 18 150 3 1 50 7 49 27 46 3 10 11 13 10 14 8 3 12 23 19 19 24 19 2 4 150 18 163 3 2 49 15 57 27 60 3 3 24 5 24 10 25 2 14 191 16 187 3 12 27 19 24 24 21 3 5 113 10 101 30 99 2 26 204 29 170 2 10 26 13 27 3 4 61 6 50 23 48 3 3 171 7 168 21 176 2 8 129 16 129 2 3 131 9 144 3 3 140 7 150 21 153 3 10 124 18 122 25 112 2 11 82 29 89 3 4 52 6 44 23 41 3 1 49 13 44 19 47 2 15 69 18 58 2 4 164 18 125 2 17 230 20 178 2 12 79 20 83 2 2 72 18 67 2 21 16 26 15 2 22 127 28 130 2 6 77 23 74 2 19 176 27 160 2 8 183 24 147 2 10 37 25 35 2 16 177 26 178 3 19 120 21 133 28 117 3 21 216 28 185 30 204
35 2 4 164 18 150 3 1 50 7 49 27 46 3 10 11 13 10 14 8 3 12 23 19 19 24 19 2 4 150 18 163 3 2 49 15 57 27 60 3 3 24 5 24 10 25 2 14 191 16 187 3 12 27 19 24 24 21 3 5 113 10 101 30 99 2 26 204 29 170 2 10 26 13 27 3 4 61 6 50 23 48 3 3 171 7 168 21 176 2 8 129 16 129 2 3 131 9 144 3 3 140 7 150 21 153 3 10 124 18 122 25 112 2 11 82 29 89 3 4 52 6 44 23 41 3 1 49 13 44 19 47 2 15 69 18 58 2 4 164 18 125 2 17 230 20 178 2 12 79 20 83 2 2 72 18 67 2 21 16 26 15 2 22 127 28 130 2 6 77 23 74 2 19 176 27 160 2 8 183 24 147 2 10 37 25 35 2 16 177 26 178 3 19 120 21 133 28 117 3 21 216 28 185 30 204
35 3 1 50 7 46 27 42 2 17 221 20 222 3 1 49 7 45 27 48 3 2 47 15 51 27 48 3 3 22 5 18 10 22 2 17 179 20 184 3 10 10 13 9 14 8 2 4 132 18 133 3 5 97 10 110 30 120 3 4 54 6 58 23 53 3 3 167 7 168 21 149 2 8 133 16 112 2 22 128 28 132 3 5 108 10 128 30 86 2 11 77 29 99 2 3 176 9 149 2 10 31 13 27 3 10 116 18 132 25 141 3 21 218 28 216 30 190 3 12 28 19 23 24 27 2 15 76 18 65 2 14 161 16 171 3 1 46 13 49 19 42 3 19 158 21 121 28 124 2 2 63 18 73 2 19 194 27 211 2 12 74 20 72 2 22 100 28 115 2 16 194 26 140 2 21 17 26 21 2 6 72 23 88 2 8 141 24 181 3 2 53 15 62 27 65 2 10 40 25 35 2 26 166 29 150
35 3 1 50 7 46 27 42 2 17 221 20 222 3 1 49 7 45 27 48 3 2 47 15 51 27 48 3 3 22 5 18 10 22 2 17 179 20 184 3 10 10 13 9 14 8 2 4 132 18 133 3 5 97 10 110 30 120 3 4 54 6 58 23 53 3 3 167 7 168 21 149 2 8 133 16 112 2 22 128 28 132 3 5 108 10 128 30 86 2 11 77 29 99 2 3 176 9 149 2 10 31 13 27 3 10 116 18 132 25 141 3 21 218 28 216 30 190 3 12 28 19 23 24 27 2 15 76 18 65 2 14 161 16 171 3 1 46 13 49 19 42 3 19 158 21 121 28 124 2 2 63 18 73 2 19 194 27 211 2 12 74 20 72 2 22 100 28 115 2 16 194 26 140 2 21 17 26 21 2 6 72 23 88 2 8 141 24 181 3 2 53 15 62 27 65 2 10 40 25 35 2 26 166 29 150
35 3 1 50 7 46 27 42 2 17 221 20 222 3 1 49 7 45 27 48 3 2 47 15 51 27 48 3 3 22 5 18 10 22 2 17 179 20 184 3 10 10 13 9 14 8 2 4 132 18 133 3 5 97 10 110 30 120 3 4 54 6 58 23 53 3 3 167 7 168 21 149 2 8 133 16 112 2 22 128 28 132 3 5 108 10 128 30 86 2 11 77 29 99 2 3 176 9 149 2 10 31 13 27 3 10 116 18 132 25 141 3 21 218 28 216 30 190 3 12 28 19 23 24 27 2 15 76 18 65 2 14 161 16 171 3 1 46 13 49 19 42 3 19 158 21 121 28 124 2 2 63 18 73 2 19 194 27 211 2 12 74 20 72 2 22 100 28 115 2 16 194 26 140 2 21 17 26 21 2 6 72 23 88 2 8 141 24 181 3 2 53 15 62 27 65 2 10 40 25 35 2 26 166 29 150
39 2 6 64 23 70 3 1 43 7 50 27 51 2 6 88 23 70 3 2 47 15 51 27 45 2 2 56 18 61 3 3 24 5 21 10 23 2 6 60 23 76 2 8 162 24 193 2 4 161 18 128 2 21 20 26 15 3 5 124 10 101 30 109 3 4 52 6 49 23 53 2 8 98 16 121 2 10 29 25 41 2 15 68 18 75 3 5 86 10 122 30 112 3 3 182 7 172 21 135 2 3 130 9 141 3 4 46 6 53 23 53 3 10 118 18 117 25 100 2 15 58 18 73 2 11 92 29 87 3 12 22 19 21 24 23 2 4 139 18 153 2 22 112 28 131 2 10 39 13 28 2 12 88 20 90 2 4 138 18 131 3 10 10 13 8 14 9 2 14 172 16 137 2 17 231 20 187 3 1 38 13 49 19 51 2 16 175 26 168 2 26 149 29 172 3 5 113 10 116 30 96 2 19 185 27 215 3 19 148 21 157 28 167 3 3 179 7 174 21 128 3 21 210 28 193 30 200
36 2 15 74 18 54 3 1 39 7 51 27 40 3 2 55 15 65 27 63 3 3 20 5 21 10 19 2 4 125 18 145 3 5 97 10 89 30 115 3 10 8 13 8 14 11 3 4 60 6 52 23 55 3 5 115 10 105 30 125 3 3 147 7 156 21 129 3 5 102 10 114 30 120 2 10 38 25 33 3 4 56 6 49 23 56 2 8 104 16 100 2 22 133 28 114 2 3 154 9 155 3 4 56 6 52 23 40 3 10 124 18 120 25 107 2 11 85 29 84 2 19 184 27 162 3 12 21 19 24 24 23 2 10 28 13 31 2 14 162 16 173 2 17 165 20 193 3 10 9 13 8 14 8 2 2 52 18 63 2 21 14 26 17 3 19 123 21 134 28 170 2 26 212 29 219 2 12 77 20 98 3 1 44 13 53 19 50 2 6 77 23 66 2 26 177 29 163 2 8 168 24 163 3 21 155 28 199 30 183 2 16 134 26 158
36 2 15 74 18 54 3 1 39 7 51 27 40 3 2 55 15 65 27 63 3 3 20 5 21 10 19 2 4 125 18 145 3 5 97 10 89 30 115 3 10 8 13 8 14 11 3 4 60 6 52 23 55 3 5 115 10 105 30 125 3 3 147 7 156 21 129 3 5 102 10 114 30 120 2 10 38 25 33 3 4 56 6 49 23 56 2 8 104 16 100 2 22 133 28 114 2 3 154 9 155 3 4 56 6 52 23 40 3 10 124 18 120 25 107 2 11 85 29 84 2 19 184 27 162 3 12 21 19 24 24 23 2 10 28 13 31 2 14 162 16 173 2 17 165 20 193 3 10 9 13 8 14 8 2 2 52 18 63 2 21 14 26 17 3 19 123 21 134 28 170 2 26 212 29 219 2 12 77 20 98 3 1 44 13 53 19 50 2 6 77 23 66 2 26 177 29 163 2 8 168 24 163 3 21 155 28 199 30 183 2 16 134 26 158
36 3 1 37 7 47 27 39 3 5 104 10 122 30 109 3 2 62 15 65 27 45 3 1 51 7 41 27 41 2 26 192 29 190 3 3 23 5 24 10 25 2 4 114 18 168 3 12 24 19 23 24 24 3 10 136 18 127 25 95 2 19 182 27 175 2 8 166 24 163 3 4 43 6 55 23 47 3 3 146 7 185 21 182 2 8 112 16 133 2 3 151 9 149 2 11 101 29 69 2 10 36 13 33 3 10 9 13 8 14 9 2 14 132 16 155 3 12 24 19 27 24 24 2 15 64 18 63 2 6 61 23 65 2 15 61 18 60 2 17 217 20 213 2 2 69 18 60 3 1 36 13 47 19 49 2 4 158 18 147 2 12 101 20 74 2 21 18 26 16 2 2 70 18 53 2 22 136 28 118 2 16 153 26 144 2 10 37 25 36 3 19 152 21 154 28 120 2 6 61 23 85 3 21 193 28 221 30 169
36 3 1 37 7 47 27 39 3 5 104 10 122 30 109 3 2 62 15 65 27 45 3 1 51 7 41 27 41 2 26 192 29 190 3 3 23 5 24 10 25 2 4 114 18 168 3 12 24 19 23 24 24 3 10 136 18 127 25 95 2 19 182 27 175 2 8 166 24 163 3 4 43 6 55 23 47 3 3 146 7 185 21 182 2 8 112 16 133 2 3 151 9 149 2 11 101 29 69 2 10 36 13 33 3 10 9 13 8 14 9 2 14 132 16 155 3 12 24 19 27 24 24 2 15 64 18 63 2 6 61 23 65 2 15 61 18 60 2 17 217 20 213 2 2 69 18 60 3 1 36 13 47 19 49 2 4 158 18 147 2 12 101 20 74 2 21 18 26 16 2 2 70 18 53 2 22 136 28 118 2 16 153 26 144 2 10 37 25 36 3 19 152 21 154 28 120 2 6 61 23 85 3 21 193 28 221 30 169
39 2 6 89 23 70 3 1 51 7 39 27 40 2 6 75 23 64 3 2 55 15 51 27 67 2 2 62 18 54 3 3 20 5 25 10 19 2 6 80 23 90 2 8 144 24 172 2 4 138 18 151 2 21 16 26 20 3 5 121 10 105 30 91 3 4 57 6 53 23 51 2 8 104 16 121 2 10 36 25 29 2 15 62 18 72 3 5 92 10 115 30 101 3 3 151 7 148 21 135 2 3 179 9 180 3 4 57 6 49 23 42 3 10 140 18 112 25 96 2 15 66 18 76 2 11 77 29 75 3 12 20 19 28 24 19 2 4 134 18 128 2 22 130 28 130 2 10 33 13 27 2 12 100 20 101 2 4 159 18 164 3 10 8 13 8 14 11 2 14 156 16 188 2 17 231 20 199 3 1 44 13 49 19 38 2 16 160 26 135 2 26 207 29 156 3 5 99 10 109 30 118 2 19 157 27 151 3 19 146 21 150 28 131 3 3 153 7 133 21 155 3 21 151 28 190 30 201
34 2 3 174 9 152 3 21 201 28 173 30 204 3 1 38 7 38 27 43 3 12 25 19 28 24 28 3 2 54 15 54 27 51 2 3 146 9 129 3 3 23 5 24 10 24 2 4 132 18 129 3 12 24 19 20 24 27 2 10 40 25 38 3 3 26 5 25 10 23 3 5 122 10 110 30 103 2 22 132 28 101 2 6 87 23 73 2 15 73 18 75 3 4 47 6 60 23 47 2 8 164 24 193 2 26 154 29 168 2 8 148 24 134 3 10 8 13 8 14 9 3 3 164 7 133 21 147 2 8 126 16 122 3 10 100 18 111 25 140 2 11 94 29 86 2 12 72 20 98 2 10 39 13 26 2 14 175 16 146 2 17 183 20 227 2 2 65 18 70 3 1 45 13 48 19 41 2 21 17 26 21 3 19 163 21 147 28 142 2 19 148 27 208 2 16 145 26 197
35 2 10 42 25 33 3 1 47 7 43 27 50 2 10 38 25 42 3 2 50 15 62 27 67 3 5 90 10 120 30 102 3 3 19 5 18 10 20 2 4 142 18 146 2 15 64 18 61 3 4 53 6 47 23 42 3 3 154 7 182 21 182 2 8 103 16 108 2 3 144 9 167 3 12 26 19 23 24 27 3 10 133 18 119 25 136 3 3 23 5 18 10 18 2 14 149 16 175 2 11 89 29 87 3 10 109 18 109 25 109 2 2 68 18 76 2 10 42 25 40 2 10 36 13 32 3 10 8 13 9 14 8 2 6 63 23 71 2 17 206 20 191 3 1 37 13 45 19 48 2 21 15 26 15 2 12 78 20 90 2 22 107 28 97 2 8 191 24 166 3 19 170 21 136 28 126 2 16 133 26 196 2 19 214 27 201 3 4 55 6 55 23 50 2 26 195 29 184 3 21 156 28 183 30 157
35 2 10 42 25 33 3 1 47 7 43 27 50 2 10 38 25 42 3 2 50 15 62 27 67 3 5 90 10 120 30 102 3 3 19 5 18 10 20 2 4 142 18 146 2 15 64 18 61 3 4 53 6 47 23 42 3 3 154 7 182 21 182 2 8 103 16 108 2 3 144 9 167 3 12 26 19 23 24 27 3 10 133 18 119 25 136 3 3 23 5 18 10 18 2 14 149 16 175 2 11 89 29 87 3 10 109 18 109 25 109 2 2 68 18 76 2 10 42 25 40 2 10 36 13 32 3 10 8 13 9 14 8 2 6 63 23 71 2 17 206 20 191 3 1 37 13 45 19 48 2 21 15 26 15 2 12 78 20 90 2 22 107 28 97 2 8 191 24 166 3 19 170 21 136 28 126 2 16 133 26 196 2 19 214 27 201 3 4 55 6 55 23 50 2 26 195 29 184 3 21 156 28 183 30 157
39 2 6 66 23 76 3 1 52 7 44 27 53 2 6 70 23 75 3 2 48 15 64 27 47 2 2 60 18 77 3 3 21 5 25 10 22 2 6 76 23 80 2 8 150 24 197 2 4 112 18 142 2 21 19 26 15 3 5 126 10 128 30 94 3 4 54 6 43 23 53 2 8 97 16 98 2 10 32 25 40 2 15 57 18 62 3 5 118 10 111 30 109 3 3 177 7 185 21 159 2 3 132 9 183 3 4 57 6 46 23 56 3 10 141 18 113 25 133 2 15 67 18 64 2 11 80 29 95 3 12 23 19 27 24 22 2 4 120 18 167 2 22 101 28 113 2 10 31 13 30 2 12 74 20 70 2 4 132 18 124 3 10 9 13 11 14 8 2 14 185 16 160 2 17 178 20 170 3 1 51 13 45 19 42 2 16 184 26 156 2 26 190 29 149 3 5 97 10 124 30 100 2 19 185 27 185 3 19 156 21 153 28 142 3 3 151 7 138 21 168 3 21 166 28 201 30 171
39 2 6 66 23 76 3 1 52 7 44 27 53 2 6 70 23 75 3 2 48 15 64 27 47 2 2 60 18 77 3 3 21 5 25 10 22 2 6 76 23 80 2 8 150 24 197 2 4 112 18 142 2 21 19 26 15 3 5 126 10 128 30 94 3 4 54 6 43 23 53 2 8 97 16 98 2 10 32 25 40 2 15 57 18 62 3 5 118 10 111 30 109 3 3 177 7 185 21 159 2 3 132 9 183 3 4 57 6 46 23 56 3 10 141 18 113 25 133 2 15 67 18 64 2 11 80 29 95 3 12 23 19 27 24 22 2 4 120 18 167 2 22 101 28 113 2 10 31 13 30 2 12 74 20 70 2 4 132 18 124 3 10 9 13 11 14 8 2 14 185 16 160 2 17 178 20 170 3 1 51 13 45 19 42 2 16 184 26 156 2 26 190 29 149 3 5 97 10 124 30 100 2 19 185 27 185 3 19 156 21 153 28 142 3 3 151 7 138 21 168 3 21 166 28 201 30 171
36 3 3 150 7 150 21 127 3 1 46 7 44 27 48 2 12 86 20 84 3 2 56 15 60 27 53 2 15 56 18 74 3 3 18 5 20 10 21 2 4 164 18 148 3 1 46 7 48 27 51 3 5 103 10 101 30 110 2 22 116 28 114 3 4 41 6 42 23 59 2 8 137 16 102 2 3 126 9 155 2 22 139 28 119 3 10 95 18 125 25 121 2 2 53 18 56 3 5 125 10 97 30 105 2 11 100 29 91 2 16 168 26 152 3 4 58 6 44 23 58 2 6 69 23 69 3 12 21 19 26 24 25 2 17 190 20 178 2 10 29 13 33 3 10 8 13 11 14 8 3 21 186 28 219 30 151 2 14 152 16 151 2 8 194 24 187 3 1 41 13 47 19 51 2 10 31 25 36 2 21 19 26 17 2 15 58 18 69 2 19 188 27 173 3 2 61 15 53 27 66 3 19 159 21 154 28 123 2 26 177 29 150
36 3 3 150 7 150 21 127 3 1 46 7 44 27 48 2 12 86 20 84 3 2 56 15 60 27 53 2 15 56 18 74 3 3 18 5 20 10 21 2 4 164 18 148 3 1 46 7 48 27 51 3 5 103 10 101 30 110 2 22 116 28 114 3 4 41 6 42 23 59 2 8 137 16 102 2 3 126 9 155 2 22 139 28 119 3 10 95 18 125 25 121 2 2 53 18 56 3 5 125 10 97 30 105 2 11 100 29 91 2 16 168 26 152 3 4 58 6 44 23 58 2 6 69 23 69 3 12 21 19 26 24 25 2 17 190 20 178 2 10 29 13 33 3 10 8 13 11 14 8 3 21 186 28 219 30 151 2 14 152 16 151 2 8 194 24 187 3 1 41 13 47 19 51 2 10 31 25 36 2 21 19 26 17 2 15 58 18 69 2 19 188 27 173 3 2 61 15 53 27 66 3 19 159 21 154 28 123 2 26 177 29 150
34 3 1 46 7 47 27 52 3 2 57 15 61 27 63 3 3 22 5 26 10 23 2 3 154 9 172 2 15 56 18 56 2 10 31 25 37 2 15 68 18 54 2 4 163 18 135 3 12 25 19 28 24 25 2 16 147 26 176 3 5 102 10 86 30 125 2 11 91 29 87 2 3 138 9 154 3 4 44 6 43 23 45 3 3 153 7 167 21 184 2 22 134 28 101 2 19 183 27 199 2 10 37 13 38 2 8 107 16 133 3 2 60 15 56 27 63 3 10 119 18 119 25 117 2 8 134 24 191 3 10 11 13 9 14 10 2 26 148 29 190 2 2 63 18 73 2 14 140 16 161 2 17 208 20 214 3 5 95 10 126 30 98 2 6 72 23 88 3 1 37 13 44 19 43 3 21 191 28 157 30 190 2 12 79 20 71 2 21 15 26 14 3 19 168 21 157 28 136
34 3 1 50 7 49 27 37 2 12 73 20 93 2 2 65 18 55 3 2 67 15 61 27 46 3 3 21 5 25 10 25 3 2 63 15 67 27 63 2 4 118 18 144 3 3 25 5 20 10 23 3 5 117 10 87 30 86 3 4 47 6 56 23 61 3 3 142 7 179 21 186 3 5 126 10 117 30 119 3 10 95 18 95 25 107 2 8 106 16 118 2 3 131 9 172 2 11 87 29 83 2 15 62 18 75 2 10 38 13 27 2 22 135 28 103 3 12 20 19 19 24 24 3 10 10 13 9 14 9 2 14 164 16 131 3 1 41 13 49 19 47 2 10 36 25 37 2 17 205 20 206 2 21 17 26 19 2 16 195 26 193 2 8 125 16 130 2 6 67 23 76 2 8 170 24 158 3 21 220 28 198 30 155 2 19 166 27 199 2 26 151 29 194 3 19 165 21 152 28 134
34 3 1 50 7 49 27 37 2 12 73 20 93 2 2 65 18 55 3 2 67 15 61 27 46 3 3 21 5 25 10 25 3 2 63 15 67 27 63 2 4 118 18 144 3 3 25 5 20 10 23 3 5 117 10 87 30 86 3 4 47 6 56 23 61 3 3 142 7 179 21 186 3 5 126 10 117 30 119 3 10 95 18 95 25 107 2 8 106 16 118 2 3 131 9 172 2 11 87 29 83 2 15 62 18 75 2 10 38 13 27 2 22 135 28 103 3 12 20 19 19 24 24 3 10 10 13 9 14 9 2 14 164 16 131 3 1 41 13 49 19 47 2 10 36 25 37 2 17 205 20 206 2 21 17 26 19 2 16 195 26 193 2 8 125 16 130 2 6 67 23 76 2 8 170 24 158 3 21 220 28 198 30 155 2 19 166 27 199 2 26 151 29 194 3 19 165 21 152 28 134
34 3 1 43 7 49 27 43 3 2 47 15 61 27 59 3 3 23 5 22 10 20 2 3 176 9 159 2 15 57 18 58 2 10 29 25 39 2 15 73 18 66 2 4 141 18 139 3 12 28 19 20 24 26 2 16 188 26 157 3 5 95 10 100 30 126 2 11 86 29 99 2 3 150 9 173 3 4 60 6 49 23 40 3 3 168 7 129 21 182 2 22 115 28 116 2 19 197 27 188 2 10 32 13 39 2 8 134 16 127 3 2 51 15 55 27 51 3 10 126 18 134 25 96 2 8 170 24 186 3 10 8 13 11 14 8 2 26 148 29 192 2 2 71 18 63 2 14 162 16 141 2 17 191 20 160 3 5 124 10 101 30 101 2 6 90 23 67 3 1 38 13 39 19 44 3 21 154 28 194 30 195 2 12 88 20 83 2 21 20 26 19 3 19 153 21 171 28 171
34 3 1 52 7 42 27 42 3 2 47 15 56 27 48 3 3 22 5 19 10 25 2 3 140 9 149 2 15 67 18 62 2 10 42 25 39 2 15 53 18 61 2 4 139 18 134 3 12 22 19 27 24 26 2 16 168 26 186 3 5 100 10 99 30 127 2 11 86 29 74 2 3 133 9 160 3 4 45 6 60 23 59 3 3 138 7 164 21 160 2 22 101 28 122 2 19 170 27 216 2 10 27 13 32 2 8 129 16 100 3 2 67 15 63 27 47 3 10 106 18 130 25 96 2 8 198 24 194 3 10 8 13 8 14 10 2 26 157 29 187 2 2 56 18 65 2 14 149 16 142 2 17 197 20 181 3 5 128 10 121 30 120 2 6 90 23 72 3 1 53 13 51 19 37 3 21 211 28 191 30 219 2 12 69 20 95 2 21 14 26 20 3 19 164 21 135 28 125
35 3 1 37 7 52 27 47 2 17 185 20 197 3 1 41 7 40 27 39 3 2 48 15 61 27 64 3 3 22 5 17 10 26 2 17 232 20 158 3 10 8 13 9 14 11 2 4 140 18 157 3 5 115 10 97 30 111 3 4 47 6 52 23 57 3 3 173 7 168 21 130 2 8 106 16 127 2 22 132 28 115 3 5 103 10 118 30 108 2 11 99 29 96 2 3 144 9 182 2 10 37 13 37 3 10 123 18 111 25 106 3 21 165 28 203 30 202 3 12 20 19 26 24 25 2 15 56 18 55 2 14 150 16 139 3 1 48 13 39 19 36 3 19 136 21 139 28 118 2 2 69 18 73 2 19 175 27 188 2 12 86 20 86 2 22 121 28 139 2 16 158 26 138 2 21 18 26 16 2 6 62 23 69 2 8 168 24 160 3 2 61 15 52 27 61 2 10 36 25 36 2 26 177 29 184
35 3 1 37 7 52 27 47 2 17 185 20 197 3 1 41 7 40 27 39 3 2 48 15 61 27 64 3 3 22 5 17 10 26 2 17 232 20 158 3 10 8 13 9 14 11 2 4 140 18 157 3 5 115 10 97 30 111 3 4 47 6 52 23 57 3 3 173 7 168 21 130 2 8 106 16 127 2 22 132 28 115 3 5 103 10 118 30 108 2 11 99 29 96 2 3 144 9 182 2 10 37 13 37 3 10 123 18 111 25 106 3 21 165 28 203 30 202 3 12 20 19 26 24 25 2 15 56 18 55 2 14 150 16 139 3 1 48 13 39 19 36 3 19 136 21 139 28 118 2 2 69 18 73 2 19 175 27 188 2 12 86 20 86 2 22 121 28 139 2 16 158 26 138 2 21 18 26 16 2 6 62 23 69 2 8 168 24 160 3 2 61 15 52 27 61 2 10 36 25 36 2 26 177 29 184
35 3 1 52 7 44 27 45 3 4 46 6 42 23 47 3 1 38 7 46 27 38 3 2 53 15 52 27 59 3 1 48 7 46 27 47 2 10 38 13 30 3 3 18 5 25 10 18 3 5 126 10 100 30 110 3 10 8 13 9 14 9 2 15 59 18 75 2 4 148 18 115 3 1 52 13 52 19 37 2 8 143 24 141 3 3 145 7 182 21 163 2 8 136 16 128 3 21 155 28 214 30 202 2 11 80 29 72 2 21 18 26 20 3 12 21 19 23 24 23 3 19 117 21 159 28 153 2 12 73 20 94 2 6 75 23 72 3 2 50 15 46 27 64 2 16 178 26 175 2 3 151 9 171 3 10 141 18 112 25 107 2 26 169 29 181 2 14 188 16 175 2 17 159 20 196 3 19 139 21 118 28 167 2 22 99 28 94 2 2 65 18 72 2 11 72 29 83 2 19 195 27 179 2 10 30 25 30
DUE_DATES: 5404 5404 5725 5725 5481 5481 5267 5099 6165 6165 5434 5626 5743 5743 5743 5323 5323 5486 5411 5494 5246 5182 5295 5295 5662 5662 5652 5652 5652 6236 5452 5452 5415 5415 6183 5312 5195 5195 6134 6134 5385 5385 5359 5255 5255 5412 5351 5531 5531 5274
WEIGHTS: 1 2 1 1 3 2 1 1 3 3 1 2 3 2 1 1 2 2 1 1 2 3 1 1 1 2 3 3 2 2 1 3 2 3 3 2 2 1 3 2 3 2 1 1 1 3 1 1 1 1
