50 30
37 2 28 221 30 209 2 18 114 22 96 2 16 134 23 140 2 1 177 11 149 2 16 115 23 123 3 4 132 24 111 28 107 2 2 121 18 138 2 28 174 30 183 3 3 82 10 89 28 103 3 3 108 4 143 23 126 3 3 71 4 62 18 74 4 1 20 4 28 5 28 26 22 3 6 39 15 52 17 40 2 3 133 9 134 2 12 156 16 216 3 8 27 15 27 30 32 3 7 89 19 85 21 80 2 12 179 16 207 3 5 51 8 59 23 60 3 11 191 15 188 27 162 2 5 57 13 74 2 18 90 22 98 2 3 110 29 132 2 6 108 14 137 3 5 65 8 66 23 70 2 19 61 20 66 3 6 197 15 230 17 217 3 18 172 26 167 30 157 3 5 55 8 54 23 61 3 4 98 8 75 20 95 2 16 125 21 173 2 6 147 22 154 3 18 180 26 160 30 162 3 4 139 17 125 23 139 3 2 149 19 179 27 187 3 5 144 25 184 26 158 3 12 192 19 174 30 181
37 2 28 203 30 232 2 18 85 22 92 2 16 146 23 146 2 1 189 11 185 2 16 145 23 130 3 4 121 24 148 28 113 2 2 141 18 147 2 28 192 30 199 3 3 90 10 97 28 121 3 3 100 4 114 23 128 3 3 54 4 72 18 56 4 1 25 4 27 5 24 26 27 3 6 42 15 45 17 44 2 3 156 9 134 2 12 161 16 161 3 8 23 15 24 30 25 3 7 78 19 86 21 70 2 12 164 16 158 3 5 72 8 72 23 65 3 11 157 15 180 27 164 2 5 69 13 55 2 18 118 22 105 2 3 122 29 125 2 6 152 14 139 3 5 58 8 72 23 69 2 19 54 20 54 3 6 193 15 171 17 158 3 18 128 26 126 30 140 3 5 61 8 68 23 57 3 4 80 8 97 20 100 2 16 169 21 152 2 6 203 22 206 3 18 177 26 129 30 173 3 4 133 17 148 23 132 3 2 190 19 144 27 143 3 5 187 25 164 26 137 3 12 180 19 232 30 189
31 2 1 163 11 200 2 2 140 18 114 3 3 103 4 104 23 119 3 3 66 4 59 18 68 4 1 26 4 26 5 23 26 23 2 5 61 13 66 3 6 41 15 53 17 49 3 7 73 19 69 21 75 3 4 108 24 144 28 125 3 5 65 8 55 23 55 2 3 135 9 170 3 3 117 10 82 28 97 3 11 174 15 188 27 185 2 16 138 23 107 2 12 159 16 164 2 6 133 14 132 3 8 28 15 31 30 24 3 6 183 15 155 17 155 2 18 104 22 117 2 12 152 16 177 2 19 77 20 75 2 3 118 29 94 3 4 83 8 71 20 81 3 18 153 26 141 30 141 2 6 199 22 156 2 16 144 21 150 3 4 138 17 123 23 168 2 28 223 30 158 3 5 158 25 197 26 185 3 2 209 19 194 27 205 3 12 198 19 221 30 174
31 2 1 163 11 200 2 2 140 18 114 3 3 103 4 104 23 119 3 3 66 4 59 18 68 4 1 26 4 26 5 23 26 23 2 5 61 13 66 3 6 41 15 53 17 49 3 7 73 19 69 21 75 3 4 108 24 144 28 125 3 5 65 8 55 23 55 2 3 135 9 170 3 3 117 10 82 28 97 3 11 174 15 188 27 185 2 16 138 23 107 2 12 159 16 164 2 6 133 14 132 3 8 28 15 31 30 24 3 6 183 15 155 17 155 2 18 104 22 117 2 12 152 16 177 2 19 77 20 75 2 3 118 29 94 3 4 83 8 71 20 81 3 18 153 26 141 30 141 2 6 199 22 156 2 16 144 21 150 3 4 138 17 123 23 168 2 28 223 30 158 3 5 158 25 197 26 185 3 2 209 19 194 27 205 3 12 198 19 221 30 174
31 2 1 163 11 200 2 2 140 18 114 3 3 103 4 104 23 119 3 3 66 4 59 18 68 4 1 26 4 26 5 23 26 23 2 5 61 13 66 3 6 41 15 53 17 49 3 7 73 19 69 21 75 3 4 108 24 144 28 125 3 5 65 8 55 23 55 2 3 135 9 170 3 3 117 10 82 28 97 3 11 174 15 188 27 185 2 16 138 23 107 2 12 159 16 164 2 6 133 14 132 3 8 28 15 31 30 24 3 6 183 15 155 17 155 2 18 104 22 117 2 12 152 16 177 2 19 77 20 75 2 3 118 29 94 3 4 83 8 71 20 81 3 18 153 26 141 30 141 2 6 199 22 156 2 16 144 21 150 3 4 138 17 123 23 168 2 28 223 30 158 3 5 158 25 197 26 185 3 2 209 19 194 27 205 3 12 198 19 221 30 174
38 3 6 195 15 191 17 214 2 3 141 9 137 2 1 203 11 147 2 2 107 18 156 3 3 127 4 128 23 120 3 3 54 4 63 18 53 2 19 69 20 70 4 1 27 4 22 5 23 26 29 3 6 36 15 48 17 47 3 7 67 19 72 21 81 3 5 68 8 52 23 53 2 16 185 21 170 2 3 101 29 109 3 3 105 10 103 28 95 3 11 212 15 177 27 187 2 1 174 11 149 2 12 197 16 183 2 16 100 23 117 2 5 70 13 72 2 6 146 14 125 3 8 26 15 25 30 25 2 16 128 21 180 2 18 94 22 106 2 3 123 9 136 3 4 68 8 100 20 99 2 6 156 22 142 2 16 121 23 121 3 4 117 24 110 28 147 3 4 137 17 156 23 133 2 12 156 16 200 3 5 173 25 177 26 165 2 12 157 16 208 3 18 148 26 127 30 125 3 2 205 19 147 27 163 3 11 170 15 202 27 213 2 28 223 30 199 2 3 133 29 129 3 12 199 19 193 30 224
34 3 3 61 4 56 18 72 2 1 205 11 159 2 12 185 16 210 2 2 141 18 110 2 18 95 22 84 2 2 140 18 125 3 3 115 4 144 23 134 4 1 23 4 28 5 28 26 22 2 2 145 18 130 2 3 126 29 102 3 3 90 10 103 28 108 3 6 46 15 52 17 52 3 7 68 19 78 21 61 2 28 193 30 228 3 5 73 8 60 23 69 2 28 203 30 216 3 12 185 19 161 30 184 2 3 140 9 123 3 11 194 15 165 27 207 2 5 52 13 75 3 4 139 24 113 28 146 2 6 126 14 136 3 8 30 15 24 30 29 2 16 107 23 111 3 6 195 15 184 17 186 2 19 62 20 53 3 4 79 8 71 20 92 2 16 172 21 156 2 3 137 29 123 2 6 193 22 187 3 4 126 17 163 23 117 3 2 151 19 157 27 197 3 5 184 25 195 26 184 3 18 154 26 174 30 172
34 3 3 61 4 56 18 72 2 1 205 11 159 2 12 185 16 210 2 2 141 18 110 2 18 95 22 84 2 2 140 18 125 3 3 115 4 144 23 134 4 1 23 4 28 5 28 26 22 2 2 145 18 130 2 3 126 29 102 3 3 90 10 103 28 108 3 6 46 15 52 17 52 3 7 68 19 78 21 61 2 28 193 30 228 3 5 73 8 60 23 69 2 28 203 30 216 3 12 185 19 161 30 184 2 3 140 9 123 3 11 194 15 165 27 207 2 5 52 13 75 3 4 139 24 113 28 146 2 6 126 14 136 3 8 30 15 24 30 29 2 16 107 23 111 3 6 195 15 184 17 186 2 19 62 20 53 3 4 79 8 71 20 92 2 16 172 21 156 2 3 137 29 123 2 6 193 22 187 3 4 126 17 163 23 117 3 2 151 19 157 27 197 3 5 184 25 195 26 184 3 18 154 26 174 30 172
31 2 1 175 11 174 2 2 131 18 137 3 3 98 4 122 23 132 3 3 55 4 75 18 73 4 1 23 4 25 5 27 26 23 2 5 75 13 52 3 6 41 15 50 17 41 3 7 88 19 83 21 63 3 4 146 24 137 28 112 3 5 58 8 54 23 55 2 3 138 9 170 3 3 95 10 98 28 112 3 11 193 15 153 27 195 2 16 117 23 147 2 12 207 16 217 2 6 134 14 137 3 8 27 15 31 30 30 3 6 220 15 155 17 188 2 18 98 22 89 2 12 198 16 197 2 19 59 20 55 2 3 100 29 111 3 4 71 8 75 20 92 3 18 136 26 169 30 177 2 6 148 22 199 2 16 170 21 154 3 4 136 17 160 23 153 2 28 210 30 218 3 5 195 25 134 26 171 3 2 185 19 189 27 149 3 12 222 19 224 30 187
36 2 5 56 13 67 2 1 186 11 184 2 5 62 13 65 2 2 131 18 142 3 5 178 25 179 26 182 3 6 209 15 186 17 208 2 1 157 11 204 3 3 135 4 98 23 97 3 3 56 4 61 18 70 4 1 21 4 28 5 22 26 25 2 28 208 30 228 3 6 50 15 43 17 36 3 7 60 19 87 21 66 3 4 100 8 89 20 80 3 5 64 8 50 23 61 2 28 177 30 227 2 16 143 21 187 2 3 155 9 131 3 6 179 15 154 17 176 3 3 103 10 98 28 107 3 8 27 15 22 30 27 3 11 184 15 169 27 196 3 4 121 17 122 23 121 2 6 203 22 148 2 12 213 16 215 2 6 137 14 122 4 1 28 4 28 5 21 26 27 2 16 125 23 106 2 18 110 22 81 2 19 61 20 74 3 18 147 26 153 30 159 2 28 185 30 194 3 4 139 24 110 28 150 3 2 144 19 212 27 169 2 3 106 29 112 3 12 232 19 225 30 212
36 2 5 56 13 67 2 1 186 11 184 2 5 62 13 65 2 2 131 18 142 3 5 178 25 179 26 182 3 6 209 15 186 17 208 2 1 157 11 204 3 3 135 4 98 23 97 3 3 56 4 61 18 70 4 1 21 4 28 5 22 26 25 2 28 208 30 228 3 6 50 15 43 17 36 3 7 60 19 87 21 66 3 4 100 8 89 20 80 3 5 64 8 50 23 61 2 28 177 30 227 2 16 143 21 187 2 3 155 9 131 3 6 179 15 154 17 176 3 3 103 10 98 28 107 3 8 27 15 22 30 27 3 11 184 15 169 27 196 3 4 121 17 122 23 121 2 6 203 22 148 2 12 213 16 215 2 6 137 14 122 4 1 28 4 28 5 21 26 27 2 16 125 23 106 2 18 110 22 81 2 19 61 20 74 3 18 147 26 153 30 159 2 28 185 30 194 3 4 139 24 110 28 150 3 2 144 19 212 27 169 2 3 106 29 112 3 12 232 19 225 30 212
38 3 6 226 15 172 17 220 2 3 120 9 122 2 1 171 11 187 2 2 122 18 120 3 3 111 4 120 23 142 3 3 57 4 63 18 76 2 19 65 20 56 4 1 26 4 25 5 25 26 21 3 6 46 15 44 17 53 3 7 63 19 88 21 74 3 5 68 8 56 23 64 2 16 142 21 136 2 3 101 29 96 3 3 98 10 84 28 99 3 11 159 15 153 27 188 2 1 179 11 181 2 12 162 16 194 2 16 143 23 122 2 5 69 13 51 2 6 120 14 120 3 8 24 15 26 30 29 2 16 156 21 160 2 18 115 22 91 2 3 155 9 150 3 4 71 8 89 20 92 2 6 171 22 204 2 16 103 23 134 3 4 131 24 122 28 117 3 4 159 17 137 23 153 2 12 168 16 213 3 5 191 25 168 26 182 2 12 202 16 175 3 18 166 26 184 30 182 3 2 166 19 166 27 181 3 11 165 15 198 27 154 2 28 208 30 168 2 3 114 29 118 3 12 168 19 190 30 192
35 2 3 175 9 135 2 3 132 29 116 2 1 158 11 191 2 2 149 18 150 2 1 195 11 170 2 6 193 22 204 2 2 116 18 152 3 3 117 4 116 23 113 3 3 71 4 54 18 78 3 5 162 25 157 26 146 3 12 219 19 193 30 198 2 1 162 11 183 4 1 25 4 26 5 29 26 26 3 5 70 8 55 23 57 3 6 37 15 52 17 44 4 1 22 4 22 5 23 26 28 3 7 81 19 76 21 72 3 3 93 10 120 28 90 3 11 197 15 171 27 215 3 4 79 8 81 20 72 2 12 209 16 188 3 4 138 24 152 28 115 2 18 106 22 111 2 5 54 13 71 3 6 166 15 201 17 206 2 16 180 21 171 3 4 135 17 115 23 114 2 6 133 14 105 3 8 31 15 23 30 26 2 16 117 23 101 2 19 71 20 63 3 18 171 26 181 30 179 2 3 100 29 92 3 2 163 19 179 27 211 2 28 186 30 181
35 2 3 175 9 135 2 3 132 29 116 2 1 158 11 191 2 2 149 18 150 2 1 195 11 170 2 6 193 22 204 2 2 116 18 152 3 3 117 4 116 23 113 3 3 71 4 54 18 78 3 5 162 25 157 26 146 3 12 219 19 193 30 198 2 1 162 11 183 4 1 25 4 26 5 29 26 26 3 5 70 8 55 23 57 3 6 37 15 52 17 44 4 1 22 4 22 5 23 26 28 3 7 81 19 76 21 72 3 3 93 10 120 28 90 3 11 197 15 171 27 215 3 4 79 8 81 20 72 2 12 209 16 188 3 4 138 24 152 28 115 2 18 106 22 111 2 5 54 13 71 3 6 166 15 201 17 206 2 16 180 21 171 3 4 135 17 115 23 114 2 6 133 14 105 3 8 31 15 23 30 26 2 16 117 23 101 2 19 71 20 63 3 18 171 26 181 30 179 2 3 100 29 92 3 2 163 19 179 27 211 2 28 186 30 181
31 2 1 184 11 202 2 2 142 18 135 3 3 104 4 98 23 97 3 3 62 4 55 18 77 4 1 22 4 23 5 28 26 28 2 5 57 13 58 3 6 36 15 42 17 52 3 7 69 19 66 21 66 3 4 123 24 126 28 131 3 5 68 8 60 23 72 2 3 156 9 130 3 3 99 10 86 28 103 3 11 195 15 159 27 184 2 16 112 23 133 2 12 201 16 213 2 6 126 14 111 3 8 28 15 28 30 23 3 6 187 15 195 17 201 2 18 111 22 114 2 12 182 16 176 2 19 64 20 70 2 3 114 29 127 3 4 86 8 74 20 96 3 18 181 26 142 30 168 2 6 150 22 174 2 16 163 21 155 3 4 166 17 153 23 145 2 28 170 30 183 3 5 137 25 148 26 182 3 2 204 19 193 27 210 3 12 189 19 217 30 203
31 2 1 184 11 202 2 2 142 18 135 3 3 104 4 98 23 97 3 3 62 4 55 18 77 4 1 22 4 23 5 28 26 28 2 5 57 13 58 3 6 36 15 42 17 52 3 7 69 19 66 21 66 3 4 123 24 126 28 131 3 5 68 8 60 23 72 2 3 156 9 130 3 3 99 10 86 28 103 3 11 195 15 159 27 184 2 16 112 23 133 2 12 201 16 213 2 6 126 14 111 3 8 28 15 28 30 23 3 6 187 15 195 17 201 2 18 111 22 114 2 12 182 16 176 2 19 64 20 70 2 3 114 29 127 3 4 86 8 74 20 96 3 18 181 26 142 30 168 2 6 150 22 174 2 16 163 21 155 3 4 166 17 153 23 145 2 28 170 30 183 3 5 137 25 148 26 182 3 2 204 19 193 27 210 3 12 189 19 217 30 203
39 2 1 162 11 189 2 2 152 18 121 2 1 194 11 156 3 3 111 4 143 23 120 3 3 69 4 78 18 74 3 6 217 15 221 17 162 4 1 25 4 22 5 21 26 21 2 3 117 29 95 4 1 23 4 24 5 28 26 20 3 6 43 15 39 17 49 3 6 211 15 198 17 199 3 7 69 19 74 21 68 3 5 57 8 50 23 53 3 12 176 19 217 30 239 2 3 153 9 165 3 3 111 10 106 28 121 3 2 142 19 146 27 153 3 7 78 19 64 21 65 3 5 191 25 198 26 134 3 11 201 15 204 27 195 2 12 162 16 212 2 5 66 13 52 2 6 130 14 123 3 6 206 15 207 17 222 3 8 29 15 22 30 30 2 18 97 22 106 2 16 136 23 119 2 3 115 29 115 2 19 61 20 65 3 4 78 8 67 20 80 3 3 75 4 77 18 57 2 16 129 21 186 2 1 157 11 157 2 6 155 22 166 3 4 166 17 140 23 119 3 4 144 24 122 28 112 3 18 134 26 171 30 135 3 3 136 4 99 23 113 2 28 181 30 160
37 3 6 167 15 159 17 195 2 3 125 29 118 3 6 167 15 178 17 191 2 1 188 11 199 2 2 136 18 157 2 28 214 30 183 4 1 27 4 29 5 26 26 21 3 3 136 4 136 23 102 3 3 53 4 66 18 66 4 1 23 4 27 5 27 26 25 2 16 181 21 126 2 3 133 29 128 3 11 154 15 195 27 153 3 6 42 15 38 17 42 3 4 103 24 111 28 143 3 7 82 19 76 21 69 2 3 111 29 113 3 3 107 10 121 28 88 4 1 21 4 23 5 29 26 28 3 5 60 8 57 23 57 2 6 151 14 138 3 12 199 19 200 30 178 2 16 107 23 104 2 3 127 9 134 2 12 175 16 159 2 5 56 13 54 3 8 29 15 26 30 22 2 18 98 22 95 2 19 58 20 60 3 4 155 17 165 23 150 3 4 80 8 75 20 70 3 2 153 19 160 27 212 4 1 28 4 29 5 26 26 27 2 6 141 22 149 3 6 168 15 218 17 168 3 18 155 26 140 30 153 3 5 178 25 147 26 192
31 2 1 172 11 178 2 2 108 18 158 3 3 132 4 115 23 100 3 3 55 4 77 18 77 4 1 25 4 21 5 27 26 24 2 5 51 13 54 3 6 44 15 48 17 41 3 7 80 19 63 21 61 3 4 121 24 118 28 126 3 5 54 8 70 23 56 2 3 121 9 167 3 3 105 10 105 28 99 3 11 157 15 166 27 166 2 16 117 23 115 2 12 167 16 197 2 6 139 14 150 3 8 30 15 28 30 25 3 6 181 15 164 17 221 2 18 111 22 92 2 12 205 16 158 2 19 68 20 67 2 3 135 29 115 3 4 93 8 76 20 81 3 18 175 26 185 30 140 2 6 173 22 183 2 16 157 21 171 3 4 115 17 112 23 123 2 28 159 30 163 3 5 175 25 181 26 151 3 2 163 19 175 27 184 3 12 166 19 164 30 215
34 2 1 145 11 167 2 2 127 18 155 2 1 156 11 165 2 18 82 22 104 3 3 54 4 64 18 74 4 1 27 4 23 5 27 26 29 3 3 122 4 129 23 127 3 5 190 25 172 26 163 2 2 133 18 111 3 6 44 15 49 17 37 3 6 226 15 170 17 181 3 6 44 15 45 17 49 3 12 235 19 194 30 214 3 7 86 19 61 21 77 2 16 175 21 163 3 5 70 8 68 23 67 2 3 160 9 146 3 3 85 10 120 28 101 3 11 209 15 201 27 186 3 12 210 19 237 30 161 3 4 90 8 99 20 94 2 16 107 23 138 3 18 140 26 129 30 177 2 12 152 16 155 3 4 152 24 122 28 150 2 28 175 30 183 2 5 72 13 70 2 3 130 29 107 2 6 153 14 124 3 2 155 19 196 27 145 3 8 31 15 29 30 32 2 19 61 20 59 2 6 161 22 192 3 4 156 17 148 23 139
34 2 1 145 11 167 2 2 127 18 155 2 1 156 11 165 2 18 82 22 104 3 3 54 4 64 18 74 4 1 27 4 23 5 27 26 29 3 3 122 4 129 23 127 3 5 190 25 172 26 163 2 2 133 18 111 3 6 44 15 49 17 37 3 6 226 15 170 17 181 3 6 44 15 45 17 49 3 12 235 19 194 30 214 3 7 86 19 61 21 77 2 16 175 21 163 3 5 70 8 68 23 67 2 3 160 9 146 3 3 85 10 120 28 101 3 11 209 15 201 27 186 3 12 210 19 237 30 161 3 4 90 8 99 20 94 2 16 107 23 138 3 18 140 26 129 30 177 2 12 152 16 155 3 4 152 24 122 28 150 2 28 175 30 183 2 5 72 13 70 2 3 130 29 107 2 6 153 14 124 3 2 155 19 196 27 145 3 8 31 15 29 30 32 2 19 61 20 59 2 6 161 22 192 3 4 156 17 148 23 139
36 2 1 209 11 176 2 2 126 18 144 3 3 135 4 129 23 136 2 6 156 14 117 3 3 72 4 79 18 75 4 1 20 4 29 5 29 26 24 3 8 25 15 26 30 29 3 6 38 15 42 17 44 3 7 75 19 87 21 74 3 6 156 15 227 17 201 3 5 58 8 68 23 66 2 3 133 9 170 3 3 53 4 78 18 63 3 3 115 10 107 28 90 3 5 189 25 146 26 140 2 5 62 13 65 3 8 24 15 32 30 29 3 4 122 24 112 28 148 3 12 215 19 178 30 191 3 11 170 15 156 27 207 2 16 161 21 129 2 12 218 16 156 3 12 165 19 231 30 177 2 16 145 23 119 2 18 114 22 108 2 12 201 16 211 3 18 159 26 138 30 155 2 19 65 20 71 3 4 77 8 81 20 93 2 6 206 22 197 2 12 184 16 218 2 28 222 30 169 2 19 57 20 62 3 4 168 17 127 23 127 3 2 206 19 185 27 170 2 3 117 29 102
36 2 1 209 11 176 2 2 126 18 144 3 3 135 4 129 23 136 2 6 156 14 117 3 3 72 4 79 18 75 4 1 20 4 29 5 29 26 24 3 8 25 15 26 30 29 3 6 38 15 42 17 44 3 7 75 19 87 21 74 3 6 156 15 227 17 201 3 5 58 8 68 23 66 2 3 133 9 170 3 3 53 4 78 18 63 3 3 115 10 107 28 90 3 5 189 25 146 26 140 2 5 62 13 65 3 8 24 15 32 30 29 3 4 122 24 112 28 148 3 12 215 19 178 30 191 3 11 170 15 156 27 207 2 16 161 21 129 2 12 218 16 156 3 12 165 19 231 30 177 2 16 145 23 119 2 18 114 22 108 2 12 201 16 211 3 18 159 26 138 30 155 2 19 65 20 71 3 4 77 8 81 20 93 2 6 206 22 197 2 12 184 16 218 2 28 222 30 169 2 19 57 20 62 3 4 168 17 127 23 127 3 2 206 19 185 27 170 2 3 117 29 102
36 2 1 209 11 176 2 2 126 18 144 3 3 135 4 129 23 136 2 6 156 14 117 3 3 72 4 79 18 75 4 1 20 4 29 5 29 26 24 3 8 25 15 26 30 29 3 6 38 15 42 17 44 3 7 75 19 87 21 74 3 6 156 15 227 17 201 3 5 58 8 68 23 66 2 3 133 9 170 3 3 53 4 78 18 63 3 3 115 10 107 28 90 3 5 189 25 146 26 140 2 5 62 13 65 3 8 24 15 32 30 29 3 4 122 24 112 28 148 3 12 215 19 178 30 191 3 11 170 15 156 27 207 2 16 161 21 129 2 12 218 16 156 3 12 165 19 231 30 177 2 16 145 23 119 2 18 114 22 108 2 12 201 16 211 3 18 159 26 138 30 155 2 19 65 20 71 3 4 77 8 81 20 93 2 6 206 22 197 2 12 184 16 218 2 28 222 30 169 2 19 57 20 62 3 4 168 17 127 23 127 3 2 206 19 185 27 170 2 3 117 29 102
39 2 1 178 11 169 2 2 145 18 154 2 1 170 11 187 3 3 135 4 105 23 138 3 3 57 4 66 18 72 3 6 216 15 208 17 213 4 1 27 4 20 5 22 26 20 2 3 95 29 111 4 1 23 4 20 5 21 26 24 3 6 49 15 46 17 51 3 6 210 15 173 17 166 3 7 61 19 62 21 75 3 5 61 8 68 23 65 3 12 217 19 173 30 230 2 3 173 9 154 3 3 107 10 115 28 112 3 2 184 19 196 27 158 3 7 64 19 81 21 77 3 5 194 25 181 26 160 3 11 165 15 198 27 206 2 12 163 16 181 2 5 68 13 56 2 6 119 14 146 3 6 210 15 170 17 199 3 8 25 15 30 30 27 2 18 89 22 87 2 16 115 23 119 2 3 126 29 93 2 19 67 20 75 3 4 86 8 85 20 76 3 3 57 4 73 18 76 2 16 148 21 139 2 1 185 11 151 2 6 194 22 177 3 4 121 17 117 23 138 3 4 150 24 137 28 116 3 18 171 26 155 30 144 3 3 124 4 123 23 121 2 28 225 30 218
36 3 4 135 17 130 23 118 2 1 158 11 192 3 8 29 15 25 30 25 2 2 133 18 134 2 1 197 11 182 3 3 135 4 116 23 106 2 19 52 20 60 3 3 57 4 78 18 78 4 1 28 4 20 5 27 26 23 3 6 40 15 51 17 50 4 1 25 4 20 5 29 26 20 3 7 61 19 81 21 85 3 5 59 8 72 23 61 3 3 105 10 90 28 112 3 6 170 15 217 17 226 2 19 59 20 73 2 3 154 9 142 3 11 151 15 200 27 213 2 1 169 11 179 2 6 142 14 119 3 4 132 24 125 28 125 3 4 96 8 81 20 83 3 12 211 19 224 30 193 3 2 153 19 157 27 177 2 12 200 16 217 2 5 62 13 69 3 4 90 8 75 20 83 2 16 122 23 102 2 18 114 22 90 2 16 187 21 128 2 28 198 30 225 3 8 31 15 29 30 25 2 6 209 22 165 3 5 143 25 183 26 167 3 18 134 26 153 30 157 2 3 122 29 108
36 3 4 135 17 130 23 118 2 1 158 11 192 3 8 29 15 25 30 25 2 2 133 18 134 2 1 197 11 182 3 3 135 4 116 23 106 2 19 52 20 60 3 3 57 4 78 18 78 4 1 28 4 20 5 27 26 23 3 6 40 15 51 17 50 4 1 25 4 20 5 29 26 20 3 7 61 19 81 21 85 3 5 59 8 72 23 61 3 3 105 10 90 28 112 3 6 170 15 217 17 226 2 19 59 20 73 2 3 154 9 142 3 11 151 15 200 27 213 2 1 169 11 179 2 6 142 14 119 3 4 132 24 125 28 125 3 4 96 8 81 20 83 3 12 211 19 224 30 193 3 2 153 19 157 27 177 2 12 200 16 217 2 5 62 13 69 3 4 90 8 75 20 83 2 16 122 23 102 2 18 114 22 90 2 16 187 21 128 2 28 198 30 225 3 8 31 15 29 30 25 2 6 209 22 165 3 5 143 25 183 26 167 3 18 134 26 153 30 157 2 3 122 29 108
40 2 16 139 21 144 2 1 180 11 205 2 2 154 18 120 3 3 122 4 136 23 121 2 16 168 21 147 3 2 164 19 168 27 161 2 1 162 11 164 3 3 66 4 63 18 75 4 1 21 4 21 5 25 26 24 2 16 151 21 136 3 6 50 15 51 17 36 2 16 154 21 137 2 28 200 30 169 3 2 162 19 188 27 191 2 19 65 20 53 3 7 87 19 85 21 72 3 5 186 25 158 26 145 2 16 127 21 135 2 6 123 14 137 2 18 108 22 102 3 5 54 8 56 23 63 2 3 126 9 169 3 3 117 10 103 28 86 2 2 139 18 107 3 4 163 17 166 23 147 3 11 163 15 168 27 184 2 12 217 16 180 2 5 60 13 69 2 3 107 29 103 2 16 113 23 106 2 1 178 11 189 3 18 130 26 147 30 181 2 6 144 14 123 3 8 22 15 29 30 29 3 4 152 24 143 28 143 3 6 178 15 179 17 193 2 16 180 21 143 3 4 89 8 88 20 72 2 6 199 22 178 3 12 161 19 187 30 198
37 3 6 177 15 177 17 209 2 3 112 29 108 3 6 162 15 198 17 157 2 1 143 11 140 2 2 118 18 121 2 28 200 30 166 4 1 29 4 20 5 24 26 27 3 3 119 4 101 23 105 3 3 77 4 60 18 67 4 1 26 4 29 5 26 26 28 2 16 186 21 136 2 3 117 29 92 3 11 170 15 210 27 198 3 6 42 15 53 17 42 3 4 119 24 126 28 119 3 7 69 19 87 21 79 2 3 118 29 97 3 3 97 10 113 28 85 4 1 27 4 29 5 26 26 22 3 5 54 8 62 23 67 2 6 119 14 141 3 12 225 19 222 30 236 2 16 142 23 143 2 3 145 9 145 2 12 157 16 154 2 5 75 13 51 3 8 30 15 31 30 29 2 18 114 22 89 2 19 65 20 74 3 4 168 17 146 23 139 3 4 79 8 95 20 94 3 2 209 19 153 27 206 4 1 23 4 25 5 26 26 20 2 6 171 22 150 3 6 203 15 201 17 201 3 18 142 26 156 30 125 3 5 156 25 191 26 142
35 3 4 80 8 72 20 75 2 3 142 9 156 3 5 51 8 66 23 66 2 3 159 9 141 3 8 24 15 30 30 31 2 1 167 11 146 2 18 92 22 86 3 3 82 10 118 28 102 3 4 88 8 69 20 99 4 1 22 4 27 5 27 26 24 2 6 112 14 113 2 2 138 18 120 3 3 117 4 96 23 99 3 3 53 4 73 18 63 2 6 191 22 190 2 12 222 16 218 3 18 145 26 176 30 158 3 6 45 15 51 17 47 2 5 74 13 71 3 4 117 17 123 23 122 3 7 86 19 71 21 66 3 12 219 19 207 30 200 3 11 177 15 207 27 194 2 16 125 23 145 2 19 69 20 60 3 4 105 24 115 28 148 3 6 191 15 162 17 175 3 12 190 19 200 30 174 2 16 171 21 156 3 18 176 26 168 30 138 2 3 99 29 130 2 28 195 30 172 3 5 162 25 175 26 191 3 7 89 19 74 21 68 3 2 182 19 168 27 193
35 3 4 80 8 72 20 75 2 3 142 9 156 3 5 51 8 66 23 66 2 3 159 9 141 3 8 24 15 30 30 31 2 1 167 11 146 2 18 92 22 86 3 3 82 10 118 28 102 3 4 88 8 69 20 99 4 1 22 4 27 5 27 26 24 2 6 112 14 113 2 2 138 18 120 3 3 117 4 96 23 99 3 3 53 4 73 18 63 2 6 191 22 190 2 12 222 16 218 3 18 145 26 176 30 158 3 6 45 15 51 17 47 2 5 74 13 71 3 4 117 17 123 23 122 3 7 86 19 71 21 66 3 12 219 19 207 30 200 3 11 177 15 207 27 194 2 16 125 23 145 2 19 69 20 60 3 4 105 24 115 28 148 3 6 191 15 162 17 175 3 12 190 19 200 30 174 2 16 171 21 156 3 18 176 26 168 30 138 2 3 99 29 130 2 28 195 30 172 3 5 162 25 175 26 191 3 7 89 19 74 21 68 3 2 182 19 168 27 193
36 3 3 57 4 71 18 65 2 1 170 11 142 2 2 127 18 112 3 5 190 25 149 26 197 3 3 105 4 139 23 126 4 1 24 4 26 5 24 26 26 3 12 237 19 196 30 220 3 6 36 15 47 17 47 3 12 237 19 199 30 178 3 7 60 19 86 21 67 3 5 63 8 50 23 50 2 3 142 9 172 3 3 95 10 87 28 118 2 3 104 29 105 3 5 135 25 160 26 165 2 18 88 22 115 2 2 152 18 131 2 28 188 30 219 3 2 154 19 185 27 192 3 4 94 8 92 20 78 2 6 140 14 121 3 11 208 15 168 27 202 3 5 183 25 154 26 148 2 12 218 16 168 2 5 63 13 52 3 4 146 17 168 23 163 2 3 158 9 170 3 8 23 15 24 30 24 2 6 168 22 150 2 16 136 23 123 3 12 178 19 196 30 164 3 6 173 15 205 17 210 3 4 144 24 114 28 123 2 19 69 20 57 2 16 168 21 147 3 18 141 26 160 30 181
36 2 5 68 13 58 2 1 155 11 199 2 5 60 13 66 2 2 112 18 158 3 5 159 25 148 26 162 3 6 167 15 205 17 155 2 1 156 11 168 3 3 105 4 122 23 138 3 3 71 4 73 18 61 4 1 20 4 21 5 22 26 22 2 28 201 30 198 3 6 49 15 53 17 52 3 7 76 19 62 21 61 3 4 96 8 80 20 86 3 5 74 8 72 23 50 2 28 164 30 233 2 16 165 21 132 2 3 120 9 162 3 6 154 15 156 17 227 3 3 97 10 105 28 122 3 8 29 15 23 30 25 3 11 201 15 203 27 192 3 4 133 17 159 23 152 2 6 201 22 196 2 12 161 16 157 2 6 128 14 133 4 1 28 4 29 5 20 26 25 2 16 108 23 139 2 18 102 22 101 2 19 67 20 68 3 18 131 26 184 30 128 2 28 219 30 158 3 4 110 24 127 28 103 3 2 180 19 169 27 162 2 3 105 29 131 3 12 203 19 216 30 230
36 2 5 68 13 58 2 1 155 11 199 2 5 60 13 66 2 2 112 18 158 3 5 159 25 148 26 162 3 6 167 15 205 17 155 2 1 156 11 168 3 3 105 4 122 23 138 3 3 71 4 73 18 61 4 1 20 4 21 5 22 26 22 2 28 201 30 198 3 6 49 15 53 17 52 3 7 76 19 62 21 61 3 4 96 8 80 20 86 3 5 74 8 72 23 50 2 28 164 30 233 2 16 165 21 132 2 3 120 9 162 3 6 154 15 156 17 227 3 3 97 10 105 28 122 3 8 29 15 23 30 25 3 11 201 15 203 27 192 3 4 133 17 159 23 152 2 6 201 22 196 2 12 161 16 157 2 6 128 14 133 4 1 28 4 29 5 20 26 25 2 16 108 23 139 2 18 102 22 101 2 19 67 20 68 3 18 131 26 184 30 128 2 28 219 30 158 3 4 110 24 127 28 103 3 2 180 19 169 27 162 2 3 105 29 131 3 12 203 19 216 30 230
35 2 3 151 9 143 2 3 135 29 97 2 1 170 11 172 2 2 115 18 115 2 1 153 11 168 2 6 191 22 186 2 2 109 18 110 3 3 138 4 123 23 103 3 3 67 4 62 18 75 3 5 135 25 145 26 147 3 12 212 19 220 30 212 2 1 140 11 141 4 1 24 4 25 5 24 26 26 3 5 71 8 63 23 71 3 6 39 15 36 17 39 4 1 23 4 21 5 25 26 21 3 7 71 19 62 21 85 3 3 85 10 115 28 108 3 11 163 15 200 27 186 3 4 86 8 68 20 80 2 12 220 16 213 3 4 140 24 123 28 120 2 18 104 22 111 2 5 65 13 65 3 6 177 15 199 17 161 2 16 174 21 145 3 4 147 17 147 23 156 2 6 136 14 110 3 8 28 15 31 30 25 2 16 126 23 127 2 19 73 20 66 3 18 172 26 185 30 166 2 3 115 29 121 3 2 207 19 183 27 157 2 28 192 30 176
35 2 3 151 9 143 2 3 135 29 97 2 1 170 11 172 2 2 115 18 115 2 1 153 11 168 2 6 191 22 186 2 2 109 18 110 3 3 138 4 123 23 103 3 3 67 4 62 18 75 3 5 135 25 145 26 147 3 12 212 19 220 30 212 2 1 140 11 141 4 1 24 4 25 5 24 26 26 3 5 71 8 63 23 71 3 6 39 15 36 17 39 4 1 23 4 21 5 25 26 21 3 7 71 19 62 21 85 3 3 85 10 115 28 108 3 11 163 15 200 27 186 3 4 86 8 68 20 80 2 12 220 16 213 3 4 140 24 123 28 120 2 18 104 22 111 2 5 65 13 65 3 6 177 15 199 17 161 2 16 174 21 145 3 4 147 17 147 23 156 2 6 136 14 110 3 8 28 15 31 30 25 2 16 126 23 127 2 19 73 20 66 3 18 172 26 185 30 166 2 3 115 29 121 3 2 207 19 183 27 157 2 28 192 30 176
40 2 16 159 21 175 2 1 181 11 202 2 2 146 18 148 3 3 116 4 111 23 131 2 16 160 21 133 3 2 153 19 153 27 142 2 1 197 11 143 3 3 76 4 54 18 53 4 1 20 4 26 5 26 26 23 2 16 187 21 141 3 6 50 15 50 17 50 2 16 183 21 143 2 28 193 30 196 3 2 164 19 153 27 198 2 19 60 20 55 3 7 75 19 87 21 79 3 5 152 25 139 26 199 2 16 141 21 180 2 6 148 14 153 2 18 102 22 109 3 5 60 8 67 23 57 2 3 144 9 124 3 3 101 10 119 28 85 2 2 110 18 114 3 4 119 17 166 23 142 3 11 185 15 151 27 153 2 12 204 16 176 2 5 58 13 71 2 3 101 29 123 2 16 126 23 125 2 1 200 11 181 3 18 186 26 152 30 145 2 6 145 14 125 3 8 24 15 28 30 26 3 4 151 24 148 28 110 3 6 180 15 212 17 180 2 16 176 21 167 3 4 95 8 91 20 78 2 6 168 22 194 3 12 199 19 196 30 199
40 2 16 159 21 175 2 1 181 11 202 2 2 146 18 148 3 3 116 4 111 23 131 2 16 160 21 133 3 2 153 19 153 27 142 2 1 197 11 143 3 3 76 4 54 18 53 4 1 20 4 26 5 26 26 23 2 16 187 21 141 3 6 50 15 50 17 50 2 16 183 21 143 2 28 193 30 196 3 2 164 19 153 27 198 2 19 60 20 55 3 7 75 19 87 21 79 3 5 152 25 139 26 199 2 16 141 21 180 2 6 148 14 153 2 18 102 22 109 3 5 60 8 67 23 57 2 3 144 9 124 3 3 101 10 119 28 85 2 2 110 18 114 3 4 119 17 166 23 142 3 11 185 15 151 27 153 2 12 204 16 176 2 5 58 13 71 2 3 101 29 123 2 16 126 23 125 2 1 200 11 181 3 18 186 26 152 30 145 2 6 145 14 125 3 8 24 15 28 30 26 3 4 151 24 148 28 110 3 6 180 15 212 17 180 2 16 176 21 167 3 4 95 8 91 20 78 2 6 168 22 194 3 12 199 19 196 30 199
40 2 16 159 21 175 2 1 181 11 202 2 2 146 18 148 3 3 116 4 111 23 131 2 16 160 21 133 3 2 153 19 153 27 142 2 1 197 11 143 3 3 76 4 54 18 53 4 1 20 4 26 5 26 26 23 2 16 187 21 141 3 6 50 15 50 17 50 2 16 183 21 143 2 28 193 30 196 3 2 164 19 153 27 198 2 19 60 20 55 3 7 75 19 87 21 79 3 5 152 25 139 26 199 2 16 141 21 180 2 6 148 14 153 2 18 102 22 109 3 5 60 8 67 23 57 2 3 144 9 124 3 3 101 10 119 28 85 2 2 110 18 114 3 4 119 17 166 23 142 3 11 185 15 151 27 153 2 12 204 16 176 2 5 58 13 71 2 3 101 29 123 2 16 126 23 125 2 1 200 11 181 3 18 186 26 152 30 145 2 6 145 14 125 3 8 24 15 28 30 26 3 4 151 24 148 28 110 3 6 180 15 212 17 180 2 16 176 21 167 3 4 95 8 91 20 78 2 6 168 22 194 3 12 199 19 196 30 199
36 2 5 58 13 60 2 1 177 11 180 2 5 72 13 70 2 2 127 18 139 3 5 187 25 140 26 201 3 6 201 15 161 17 159 2 1 149 11 142 3 3 126 4 120 23 115 3 3 67 4 65 18 57 4 1 25 4 25 5 28 26 22 2 28 172 30 216 3 6 47 15 40 17 50 3 7 63 19 66 21 63 3 4 92 8 92 20 77 3 5 59 8 54 23 68 2 28 220 30 161 2 16 153 21 148 2 3 119 9 161 3 6 154 15 164 17 201 3 3 120 10 93 28 115 3 8 29 15 26 30 22 3 11 167 15 217 27 217 3 4 115 17 125 23 145 2 6 202 22 171 2 12 186 16 209 2 6 126 14 145 4 1 24 4 27 5 26 26 27 2 16 123 23 127 2 18 110 22 107 2 19 70 20 58 3 18 182 26 160 30 179 2 28 184 30 198 3 4 127 24 134 28 112 3 2 167 19 141 27 167 2 3 136 29 120 3 12 218 19 223 30 200
38 2 1 153 11 143 4 1 27 4 25 5 21 26 25 2 1 206 11 179 2 12 184 16 201 2 2 131 18 110 2 16 137 23 116 3 3 121 4 118 23 139 2 3 96 29 122 3 8 25 15 21 30 27 3 3 73 4 55 18 78 3 6 38 15 36 17 38 3 3 91 10 86 28 86 2 16 119 23 100 3 7 85 19 66 21 61 3 3 122 10 87 28 103 3 5 72 8 64 23 58 3 6 163 15 165 17 179 2 3 163 9 162 3 5 72 8 59 23 60 3 2 199 19 208 27 151 2 6 150 22 162 2 18 84 22 118 3 11 212 15 199 27 190 2 5 71 13 74 3 4 80 8 90 20 76 3 12 161 19 188 30 209 3 8 31 15 24 30 26 3 4 141 17 116 23 165 3 4 104 24 143 28 146 2 18 103 22 99 2 6 143 14 117 3 6 47 15 53 17 36 2 19 56 20 65 3 5 189 25 182 26 139 2 16 182 21 155 2 28 200 30 211 2 12 174 16 177 3 18 151 26 143 30 179
35 3 4 100 8 89 20 84 2 3 120 9 173 3 5 72 8 67 23 72 2 3 163 9 169 3 8 24 15 28 30 26 2 1 196 11 199 2 18 96 22 103 3 3 107 10 100 28 81 3 4 83 8 74 20 68 4 1 22 4 24 5 24 26 23 2 6 139 14 141 2 2 108 18 160 3 3 98 4 110 23 97 3 3 56 4 65 18 72 2 6 196 22 195 2 12 189 16 171 3 18 162 26 180 30 127 3 6 42 15 51 17 51 2 5 64 13 55 3 4 117 17 163 23 113 3 7 76 19 86 21 71 3 12 230 19 239 30 204 3 11 163 15 162 27 194 2 16 103 23 127 2 19 61 20 54 3 4 130 24 120 28 108 3 6 188 15 182 17 211 3 12 186 19 214 30 211 2 16 166 21 135 3 18 171 26 125 30 138 2 3 92 29 132 2 28 194 30 193 3 5 189 25 179 26 165 3 7 88 19 65 21 75 3 2 174 19 184 27 183
35 3 4 94 8 73 20 84 2 3 157 9 126 3 5 60 8 71 23 51 2 3 156 9 168 3 8 25 15 22 30 24 2 1 150 11 151 2 18 89 22 108 3 3 113 10 81 28 111 3 4 94 8 78 20 100 4 1 24 4 22 5 29 26 22 2 6 115 14 109 2 2 122 18 136 3 3 123 4 139 23 123 3 3 76 4 76 18 66 2 6 177 22 163 2 12 203 16 178 3 18 176 26 155 30 169 3 6 51 15 53 17 42 2 5 69 13 57 3 4 153 17 163 23 151 3 7 79 19 89 21 70 3 12 198 19 179 30 172 3 11 191 15 192 27 217 2 16 104 23 100 2 19 71 20 53 3 4 116 24 112 28 103 3 6 192 15 175 17 157 3 12 178 19 213 30 214 2 16 151 21 166 3 18 129 26 167 30 149 2 3 93 29 106 2 28 179 30 218 3 5 147 25 197 26 184 3 7 70 19 60 21 75 3 2 179 19 204 27 172
35 3 6 224 15 226 17 177 2 1 191 11 203 3 6 189 15 219 17 170 2 2 150 18 113 3 3 127 4 132 23 96 2 2 124 18 114 3 12 204 19 233 30 225 3 3 64 4 73 18 54 2 28 216 30 176 4 1 26 4 29 5 27 26 20 3 11 155 15 201 27 177 3 8 30 15 26 30 26 3 6 40 15 52 17 52 3 8 26 15 30 30 31 3 7 83 19 80 21 62 3 5 52 8 57 23 67 2 12 162 16 195 3 18 149 26 138 30 185 2 18 120 22 93 2 6 187 22 170 3 5 154 25 169 26 156 2 3 155 9 169 3 3 117 10 111 28 89 3 4 130 24 108 28 136 2 5 58 13 71 2 6 149 14 142 2 16 110 23 113 3 7 79 19 78 21 70 2 16 175 21 133 2 19 69 20 66 3 4 71 8 97 20 98 3 4 123 24 148 28 152 3 4 156 17 156 23 139 3 2 187 19 165 27 182 2 3 127 29 104
37 3 3 97 10 112 28 113 3 4 163 17 120 23 115 3 5 59 8 63 23 63 3 3 121 10 106 28 98 2 1 151 11 194 4 1 25 4 21 5 22 26 24 3 5 71 8 72 23 71 2 2 147 18 121 2 1 171 11 191 3 3 120 4 137 23 128 3 3 72 4 54 18 73 3 5 73 8 67 23 52 3 4 71 8 78 20 76 2 16 176 21 155 3 3 91 10 94 28 121 3 6 47 15 45 17 48 3 7 83 19 68 21 64 2 5 72 13 65 2 6 181 22 151 2 1 162 11 176 2 3 164 9 138 3 11 208 15 163 27 169 2 12 209 16 184 2 6 135 14 142 3 4 91 8 85 20 87 2 18 104 22 104 3 8 23 15 26 30 22 2 16 138 23 119 3 6 198 15 164 17 225 2 19 61 20 70 3 4 152 24 142 28 124 3 18 155 26 160 30 124 3 5 177 25 201 26 169 3 2 159 19 193 27 187 2 28 225 30 228 2 3 112 29 135 3 12 217 19 208 30 175
37 3 3 97 10 112 28 113 3 4 163 17 120 23 115 3 5 59 8 63 23 63 3 3 121 10 106 28 98 2 1 151 11 194 4 1 25 4 21 5 22 26 24 3 5 71 8 72 23 71 2 2 147 18 121 2 1 171 11 191 3 3 120 4 137 23 128 3 3 72 4 54 18 73 3 5 73 8 67 23 52 3 4 71 8 78 20 76 2 16 176 21 155 3 3 91 10 94 28 121 3 6 47 15 45 17 48 3 7 83 19 68 21 64 2 5 72 13 65 2 6 181 22 151 2 1 162 11 176 2 3 164 9 138 3 11 208 15 163 27 169 2 12 209 16 184 2 6 135 14 142 3 4 91 8 85 20 87 2 18 104 22 104 3 8 23 15 26 30 22 2 16 138 23 119 3 6 198 15 164 17 225 2 19 61 20 70 3 4 152 24 142 28 124 3 18 155 26 160 30 124 3 5 177 25 201 26 169 3 2 159 19 193 27 187 2 28 225 30 228 2 3 112 29 135 3 12 217 19 208 30 175
36 2 1 175 11 177 2 2 127 18 121 3 3 120 4 113 23 111 2 6 133 14 111 3 3 57 4 73 18 78 4 1 26 4 24 5 25 26 29 3 8 27 15 23 30 25 3 6 49 15 36 17 51 3 7 74 19 78 21 84 3 6 218 15 177 17 196 3 5 56 8 60 23 65 2 3 175 9 145 3 3 58 4 62 18 75 3 3 93 10 117 28 103 3 5 183 25 178 26 179 2 5 71 13 69 3 8 30 15 30 30 30 3 4 144 24 126 28 127 3 12 173 19 177 30 176 3 11 175 15 210 27 173 2 16 135 21 177 2 12 203 16 180 3 12 226 19 190 30 172 2 16 117 23 135 2 18 102 22 100 2 12 221 16 207 3 18 130 26 179 30 161 2 19 63 20 68 3 4 82 8 79 20 93 2 6 171 22 156 2 12 195 16 172 2 28 199 30 173 2 19 60 20 69 3 4 162 17 130 23 113 3 2 160 19 173 27 212 2 3 119 29 122
35 3 6 206 15 190 17 189 2 1 195 11 195 3 6 219 15 194 17 176 2 2 131 18 115 3 3 111 4 125 23 123 2 2 125 18 114 3 12 229 19 238 30 161 3 3 71 4 73 18 74 2 28 193 30 235 4 1 25 4 23 5 27 26 20 3 11 155 15 162 27 185 3 8 29 15 30 30 30 3 6 52 15 52 17 42 3 8 23 15 23 30 31 3 7 69 19 83 21 86 3 5 70 8 57 23 68 2 12 200 16 156 3 18 183 26 174 30 165 2 18 87 22 113 2 6 184 22 183 3 5 160 25 143 26 197 2 3 170 9 153 3 3 98 10 115 28 82 3 4 150 24 145 28 121 2 5 73 13 55 2 6 144 14 155 2 16 134 23 100 3 7 86 19 61 21 86 2 16 130 21 135 2 19 57 20 70 3 4 83 8 75 20 91 3 4 128 24 113 28 135 3 4 156 17 122 23 133 3 2 180 19 174 27 176 2 3 113 29 102
35 2 3 164 9 168 2 3 116 29 114 2 1 208 11 185 2 2 154 18 122 2 1 200 11 155 2 6 158 22 194 2 2 128 18 139 3 3 133 4 133 23 137 3 3 55 4 60 18 58 3 5 150 25 155 26 148 3 12 179 19 215 30 189 2 1 167 11 191 4 1 28 4 26 5 25 26 25 3 5 55 8 66 23 54 3 6 42 15 40 17 41 4 1 22 4 26 5 25 26 29 3 7 88 19 83 21 88 3 3 87 10 88 28 92 3 11 171 15 181 27 148 3 4 97 8 99 20 100 2 12 151 16 159 3 4 128 24 105 28 145 2 18 81 22 90 2 5 66 13 65 3 6 229 15 198 17 205 2 16 149 21 148 3 4 129 17 114 23 156 2 6 138 14 118 3 8 30 15 31 30 23 2 16 129 23 145 2 19 74 20 53 3 18 143 26 184 30 157 2 3 132 29 108 3 2 197 19 181 27 183 2 28 211 30 207
37 2 28 184 30 198 2 18 96 22 115 2 16 127 23 98 2 1 143 11 145 2 16 105 23 126 3 4 121 24 132 28 107 2 2 107 18 132 2 28 205 30 182 3 3 84 10 117 28 98 3 3 107 4 126 23 127 3 3 78 4 68 18 67 4 1 29 4 29 5 20 26 24 3 6 52 15 53 17 44 2 3 127 9 168 2 12 213 16 199 3 8 31 15 24 30 24 3 7 70 19 85 21 79 2 12 168 16 202 3 5 51 8 60 23 57 3 11 188 15 168 27 214 2 5 56 13 70 2 18 115 22 97 2 3 102 29 110 2 6 128 14 106 3 5 59 8 64 23 57 2 19 72 20 55 3 6 154 15 192 17 210 3 18 151 26 126 30 171 3 5 66 8 70 23 70 3 4 81 8 76 20 84 2 16 134 21 165 2 6 163 22 195 3 18 172 26 178 30 138 3 4 167 17 156 23 149 3 2 185 19 183 27 205 3 5 152 25 137 26 177 3 12 210 19 217 30 168
DUE_DATES: 7009 7078 5897 5897 5897 7617 6665 6665 6102 7078 7078 7575 6753 6753 6014 6014 7411 6611 5848 6576 6576 6986 6986 6986 7533 6634 6634 8029 6648 6702 6702 7287 6952 6952 6606 6606 8183 8183 8183 6991 6918 6767 6645 6696 7049 7049 6870 6641 6718 6995
WEIGHTS: 2 2 2 1 3 2 1 3 3 2 3 2 3 3 3 3 3 2 1 1 1 1 3 3 2 1 3 2 1 1 3 2 2 1 3 3 2 2 2 3 3 2 1 3 3 1 2 1 1 1
