50 30
38 3 3 126 19 117 21 163 2 18 59 23 72 2 1 81 30 85 3 2 145 18 157 28 169 2 17 22 29 23 2 18 69 23 66 3 3 183 23 180 27 213 3 4 67 8 93 12 65 2 17 21 29 21 3 5 73 17 65 18 51 2 6 87 7 82 2 7 14 12 18 2 6 98 7 90 3 12 73 15 78 27 65 3 8 163 11 210 20 178 2 7 15 12 16 2 20 204 24 174 3 3 89 7 77 25 69 2 7 16 12 17 2 14 97 18 86 3 2 134 18 175 28 140 2 27 112 30 82 3 3 47 4 35 9 48 3 5 170 21 173 29 233 2 7 18 12 20 3 7 149 10 136 12 134 2 12 75 14 76 3 11 94 16 85 21 115 3 11 162 12 146 19 127 2 19 123 24 123 3 19 103 20 102 23 120 2 11 183 13 205 3 4 73 8 72 12 89 2 18 91 22 78 2 29 135 30 176 2 28 147 29 128 3 18 178 20 182 30 154 1 26 33
34 3 11 84 16 99 21 115 2 1 77 30 76 3 2 184 18 127 28 130 2 1 81 30 86 3 3 174 23 216 27 215 3 2 152 18 144 28 174 3 4 79 8 64 12 80 2 18 95 22 93 3 5 73 17 59 18 73 2 27 96 30 100 2 6 68 7 71 2 7 15 12 17 3 8 149 11 173 20 188 3 3 37 4 37 9 44 3 7 153 10 162 12 151 2 7 20 12 14 3 11 145 12 137 19 124 2 17 27 29 30 2 12 78 14 76 2 11 191 13 162 2 14 92 18 83 3 12 74 15 74 27 70 3 18 153 20 134 30 138 3 3 70 7 67 25 75 2 19 112 24 136 3 19 99 20 121 23 112 1 26 24 3 3 154 19 125 21 158 2 18 67 23 62 3 2 175 18 173 28 167 2 29 148 30 156 2 28 123 29 122 2 20 235 24 234 3 5 164 21 222 29 207
34 2 1 77 30 94 3 2 175 18 128 28 154 2 1 79 30 73 3 3 176 23 218 27 218 3 4 68 8 77 12 81 3 5 63 17 61 18 72 2 6 97 7 72 2 7 19 12 17 3 8 208 11 155 20 181 3 3 37 4 35 9 39 3 7 165 10 129 12 136 3 4 80 8 72 12 85 3 11 142 12 121 19 162 2 12 58 14 76 2 29 167 30 144 2 14 106 18 92 2 11 214 13 169 2 20 199 24 214 2 27 117 30 105 2 18 68 23 61 2 12 66 14 73 3 12 61 15 69 27 55 3 3 119 19 164 21 164 2 17 21 29 28 3 5 182 21 169 29 176 3 11 110 16 116 21 113 2 19 130 24 101 3 18 174 20 190 30 151 3 19 97 20 126 23 112 2 18 101 22 92 2 27 99 30 94 3 3 94 7 84 25 92 2 28 102 29 115 1 26 33
34 2 1 77 30 94 3 2 175 18 128 28 154 2 1 79 30 73 3 3 176 23 218 27 218 3 4 68 8 77 12 81 3 5 63 17 61 18 72 2 6 97 7 72 2 7 19 12 17 3 8 208 11 155 20 181 3 3 37 4 35 9 39 3 7 165 10 129 12 136 3 4 80 8 72 12 85 3 11 142 12 121 19 162 2 12 58 14 76 2 29 167 30 144 2 14 106 18 92 2 11 214 13 169 2 20 199 24 214 2 27 117 30 105 2 18 68 23 61 2 12 66 14 73 3 12 61 15 69 27 55 3 3 119 19 164 21 164 2 17 21 29 28 3 5 182 21 169 29 176 3 11 110 16 116 21 113 2 19 130 24 101 3 18 174 20 190 30 151 3 19 97 20 126 23 112 2 18 101 22 92 2 27 99 30 94 3 3 94 7 84 25 92 2 28 102 29 115 1 26 33
36 2 19 147 24 131 3 3 36 4 45 9 34 2 1 102 30 82 2 18 72 23 58 3 2 166 18 137 28 168 3 11 102 16 83 21 80 2 1 77 30 85 3 3 80 7 68 25 68 3 3 190 23 159 27 215 3 4 67 8 70 12 63 3 2 136 18 173 28 150 1 26 25 3 8 218 11 149 20 186 3 11 160 12 135 19 153 2 18 50 23 49 3 5 69 17 68 18 67 2 6 67 7 93 2 28 126 29 109 2 7 19 12 18 3 7 132 10 174 12 124 2 18 107 22 109 2 29 160 30 127 2 20 199 24 178 3 12 67 15 58 27 73 2 12 61 14 60 2 11 203 13 175 3 3 48 4 46 9 33 2 14 80 18 87 3 3 85 7 76 25 96 2 17 25 29 28 3 3 73 7 89 25 89 3 18 138 20 167 30 131 3 3 143 19 126 21 160 3 19 104 20 111 23 116 2 27 109 30 110 3 5 228 21 193 29 209
36 2 19 147 24 131 3 3 36 4 45 9 34 2 1 102 30 82 2 18 72 23 58 3 2 166 18 137 28 168 3 11 102 16 83 21 80 2 1 77 30 85 3 3 80 7 68 25 68 3 3 190 23 159 27 215 3 4 67 8 70 12 63 3 2 136 18 173 28 150 1 26 25 3 8 218 11 149 20 186 3 11 160 12 135 19 153 2 18 50 23 49 3 5 69 17 68 18 67 2 6 67 7 93 2 28 126 29 109 2 7 19 12 18 3 7 132 10 174 12 124 2 18 107 22 109 2 29 160 30 127 2 20 199 24 178 3 12 67 15 58 27 73 2 12 61 14 60 2 11 203 13 175 3 3 48 4 46 9 33 2 14 80 18 87 3 3 85 7 76 25 96 2 17 25 29 28 3 3 73 7 89 25 89 3 18 138 20 167 30 131 3 3 143 19 126 21 160 3 19 104 20 111 23 116 2 27 109 30 110 3 5 228 21 193 29 209
34 2 1 105 30 78 3 2 153 18 142 28 163 2 1 78 30 75 3 3 207 23 208 27 166 3 4 94 8 88 12 89 3 5 59 17 49 18 60 2 6 79 7 75 2 7 15 12 18 3 8 176 11 164 20 202 3 3 38 4 35 9 46 3 7 182 10 160 12 176 3 4 85 8 85 12 83 3 11 165 12 130 19 172 2 12 67 14 55 2 29 165 30 178 2 14 103 18 93 2 11 211 13 213 2 20 215 24 165 2 27 79 30 84 2 18 65 23 52 2 12 59 14 78 3 12 74 15 65 27 64 3 3 125 19 158 21 125 2 17 25 29 30 3 5 169 21 197 29 169 3 11 98 16 96 21 89 2 19 113 24 103 3 18 135 20 157 30 135 3 19 126 20 121 23 90 2 18 91 22 107 2 27 83 30 104 3 3 88 7 76 25 79 2 28 109 29 113 1 26 25
34 2 1 105 30 78 3 2 153 18 142 28 163 2 1 78 30 75 3 3 207 23 208 27 166 3 4 94 8 88 12 89 3 5 59 17 49 18 60 2 6 79 7 75 2 7 15 12 18 3 8 176 11 164 20 202 3 3 38 4 35 9 46 3 7 182 10 160 12 176 3 4 85 8 85 12 83 3 11 165 12 130 19 172 2 12 67 14 55 2 29 165 30 178 2 14 103 18 93 2 11 211 13 213 2 20 215 24 165 2 27 79 30 84 2 18 65 23 52 2 12 59 14 78 3 12 74 15 65 27 64 3 3 125 19 158 21 125 2 17 25 29 30 3 5 169 21 197 29 169 3 11 98 16 96 21 89 2 19 113 24 103 3 18 135 20 157 30 135 3 19 126 20 121 23 90 2 18 91 22 107 2 27 83 30 104 3 3 88 7 76 25 79 2 28 109 29 113 1 26 25
35 2 1 94 30 77 3 2 167 18 154 28 166 3 11 143 12 173 19 124 3 5 177 21 175 29 159 3 3 207 23 218 27 189 3 4 93 8 92 12 94 3 5 50 17 61 18 53 2 18 72 23 64 2 6 98 7 71 3 3 49 4 39 9 37 2 18 71 23 61 2 7 19 12 16 3 5 57 17 61 18 63 3 8 165 11 184 20 212 3 7 164 10 169 12 144 2 18 98 22 78 2 12 76 14 64 2 11 175 13 191 2 14 113 18 84 3 12 66 15 58 27 55 3 11 172 12 119 19 173 3 19 99 20 125 23 97 3 11 102 16 102 21 108 2 17 30 29 21 3 2 127 18 149 28 153 3 18 147 20 178 30 178 2 19 101 24 117 3 3 125 19 129 21 139 2 20 169 24 216 3 5 222 21 236 29 171 2 29 140 30 174 3 3 83 7 86 25 76 1 26 32 2 27 104 30 94 2 28 111 29 144
35 2 1 94 30 77 3 2 167 18 154 28 166 3 11 143 12 173 19 124 3 5 177 21 175 29 159 3 3 207 23 218 27 189 3 4 93 8 92 12 94 3 5 50 17 61 18 53 2 18 72 23 64 2 6 98 7 71 3 3 49 4 39 9 37 2 18 71 23 61 2 7 19 12 16 3 5 57 17 61 18 63 3 8 165 11 184 20 212 3 7 164 10 169 12 144 2 18 98 22 78 2 12 76 14 64 2 11 175 13 191 2 14 113 18 84 3 12 66 15 58 27 55 3 11 172 12 119 19 173 3 19 99 20 125 23 97 3 11 102 16 102 21 108 2 17 30 29 21 3 2 127 18 149 28 153 3 18 147 20 178 30 178 2 19 101 24 117 3 3 125 19 129 21 139 2 20 169 24 216 3 5 222 21 236 29 171 2 29 140 30 174 3 3 83 7 86 25 76 1 26 32 2 27 104 30 94 2 28 111 29 144
34 2 1 72 30 75 3 2 174 18 160 28 141 2 29 169 30 129 3 3 184 23 160 27 209 3 3 134 19 150 21 140 2 17 27 29 20 3 5 57 17 50 18 66 3 4 68 8 81 12 68 2 29 139 30 180 2 6 85 7 66 2 7 15 12 16 3 8 184 11 203 20 211 1 26 25 3 3 43 4 40 9 40 3 7 126 10 183 12 172 2 18 108 22 83 3 3 42 4 43 9 46 3 11 151 12 167 19 158 2 20 177 24 192 2 19 129 24 106 2 12 67 14 70 2 11 201 13 229 3 11 114 16 87 21 81 3 5 205 21 166 29 203 2 7 17 12 15 2 14 92 18 93 2 1 93 30 74 3 12 66 15 75 27 75 3 3 92 7 69 25 93 2 18 72 23 53 3 18 184 20 146 30 155 3 19 109 20 95 23 99 2 27 112 30 101 2 28 103 29 138
38 3 3 123 19 135 21 165 2 18 64 23 59 2 1 83 30 103 3 2 134 18 180 28 179 2 17 28 29 23 2 18 52 23 69 3 3 190 23 200 27 171 3 4 84 8 76 12 78 2 17 22 29 29 3 5 69 17 67 18 60 2 6 88 7 73 2 7 14 12 18 2 6 80 7 77 3 12 66 15 75 27 81 3 8 195 11 147 20 181 2 7 15 12 19 2 20 200 24 185 3 3 80 7 65 25 92 2 7 18 12 16 2 14 110 18 104 3 2 161 18 144 28 163 2 27 99 30 104 3 3 35 4 43 9 40 3 5 188 21 214 29 195 2 7 16 12 19 3 7 170 10 145 12 147 2 12 61 14 66 3 11 108 16 102 21 80 3 11 165 12 162 19 159 2 19 125 24 144 3 19 91 20 126 23 118 2 11 165 13 234 3 4 93 8 77 12 85 2 18 107 22 92 2 29 152 30 170 2 28 115 29 142 3 18 170 20 176 30 165 1 26 26
38 3 3 123 19 135 21 165 2 18 64 23 59 2 1 83 30 103 3 2 134 18 180 28 179 2 17 28 29 23 2 18 52 23 69 3 3 190 23 200 27 171 3 4 84 8 76 12 78 2 17 22 29 29 3 5 69 17 67 18 60 2 6 88 7 73 2 7 14 12 18 2 6 80 7 77 3 12 66 15 75 27 81 3 8 195 11 147 20 181 2 7 15 12 19 2 20 200 24 185 3 3 80 7 65 25 92 2 7 18 12 16 2 14 110 18 104 3 2 161 18 144 28 163 2 27 99 30 104 3 3 35 4 43 9 40 3 5 188 21 214 29 195 2 7 16 12 19 3 7 170 10 145 12 147 2 12 61 14 66 3 11 108 16 102 21 80 3 11 165 12 162 19 159 2 19 125 24 144 3 19 91 20 126 23 118 2 11 165 13 234 3 4 93 8 77 12 85 2 18 107 22 92 2 29 152 30 170 2 28 115 29 142 3 18 170 20 176 30 165 1 26 26
38 3 3 123 19 135 21 165 2 18 64 23 59 2 1 83 30 103 3 2 134 18 180 28 179 2 17 28 29 23 2 18 52 23 69 3 3 190 23 200 27 171 3 4 84 8 76 12 78 2 17 22 29 29 3 5 69 17 67 18 60 2 6 88 7 73 2 7 14 12 18 2 6 80 7 77 3 12 66 15 75 27 81 3 8 195 11 147 20 181 2 7 15 12 19 2 20 200 24 185 3 3 80 7 65 25 92 2 7 18 12 16 2 14 110 18 104 3 2 161 18 144 28 163 2 27 99 30 104 3 3 35 4 43 9 40 3 5 188 21 214 29 195 2 7 16 12 19 3 7 170 10 145 12 147 2 12 61 14 66 3 11 108 16 102 21 80 3 11 165 12 162 19 159 2 19 125 24 144 3 19 91 20 126 23 118 2 11 165 13 234 3 4 93 8 77 12 85 2 18 107 22 92 2 29 152 30 170 2 28 115 29 142 3 18 170 20 176 30 165 1 26 26
36 2 19 130 24 128 3 3 46 4 33 9 33 2 1 89 30 97 2 18 70 23 72 3 2 163 18 143 28 180 3 11 113 16 113 21 93 2 1 96 30 86 3 3 69 7 74 25 84 3 3 202 23 199 27 165 3 4 77 8 93 12 76 3 2 152 18 181 28 159 1 26 31 3 8 193 11 169 20 189 3 11 136 12 127 19 143 2 18 69 23 53 3 5 56 17 49 18 56 2 6 67 7 93 2 28 111 29 103 2 7 13 12 19 3 7 138 10 164 12 131 2 18 84 22 106 2 29 122 30 179 2 20 194 24 206 3 12 68 15 74 27 66 2 12 71 14 58 2 11 175 13 160 3 3 41 4 45 9 42 2 14 107 18 115 3 3 74 7 79 25 87 2 17 26 29 27 3 3 65 7 86 25 76 3 18 131 20 155 30 139 3 3 134 19 150 21 148 3 19 93 20 99 23 98 2 27 97 30 81 3 5 180 21 194 29 191
36 2 19 130 24 128 3 3 46 4 33 9 33 2 1 89 30 97 2 18 70 23 72 3 2 163 18 143 28 180 3 11 113 16 113 21 93 2 1 96 30 86 3 3 69 7 74 25 84 3 3 202 23 199 27 165 3 4 77 8 93 12 76 3 2 152 18 181 28 159 1 26 31 3 8 193 11 169 20 189 3 11 136 12 127 19 143 2 18 69 23 53 3 5 56 17 49 18 56 2 6 67 7 93 2 28 111 29 103 2 7 13 12 19 3 7 138 10 164 12 131 2 18 84 22 106 2 29 122 30 179 2 20 194 24 206 3 12 68 15 74 27 66 2 12 71 14 58 2 11 175 13 160 3 3 41 4 45 9 42 2 14 107 18 115 3 3 74 7 79 25 87 2 17 26 29 27 3 3 65 7 86 25 76 3 18 131 20 155 30 139 3 3 134 19 150 21 148 3 19 93 20 99 23 98 2 27 97 30 81 3 5 180 21 194 29 191
36 2 1 81 30 81 3 3 37 4 40 9 37 3 18 179 20 159 30 163 2 17 28 29 28 3 3 133 19 149 21 151 3 2 136 18 168 28 163 3 5 169 21 207 29 216 3 2 147 18 126 28 148 3 3 185 23 161 27 155 3 4 76 8 65 12 65 3 5 53 17 63 18 61 2 20 196 24 232 3 2 154 18 151 28 145 3 11 115 16 110 21 110 2 6 82 7 87 2 7 18 12 19 2 11 202 13 236 3 18 145 20 161 30 138 3 7 163 10 152 12 134 3 19 112 20 120 23 116 3 11 168 12 163 19 126 3 11 85 16 79 21 86 3 8 178 11 190 20 208 2 27 89 30 86 2 18 62 23 49 2 28 148 29 147 3 3 181 23 185 27 157 2 12 77 14 58 2 18 82 22 75 2 14 94 18 91 2 29 174 30 125 3 3 71 7 87 25 87 3 12 73 15 73 27 76 1 26 33 3 4 72 8 83 12 84 2 19 120 24 132
36 2 1 81 30 81 3 3 37 4 40 9 37 3 18 179 20 159 30 163 2 17 28 29 28 3 3 133 19 149 21 151 3 2 136 18 168 28 163 3 5 169 21 207 29 216 3 2 147 18 126 28 148 3 3 185 23 161 27 155 3 4 76 8 65 12 65 3 5 53 17 63 18 61 2 20 196 24 232 3 2 154 18 151 28 145 3 11 115 16 110 21 110 2 6 82 7 87 2 7 18 12 19 2 11 202 13 236 3 18 145 20 161 30 138 3 7 163 10 152 12 134 3 19 112 20 120 23 116 3 11 168 12 163 19 126 3 11 85 16 79 21 86 3 8 178 11 190 20 208 2 27 89 30 86 2 18 62 23 49 2 28 148 29 147 3 3 181 23 185 27 157 2 12 77 14 58 2 18 82 22 75 2 14 94 18 91 2 29 174 30 125 3 3 71 7 87 25 87 3 12 73 15 73 27 76 1 26 33 3 4 72 8 83 12 84 2 19 120 24 132
33 3 18 141 20 180 30 185 2 17 30 29 29 2 1 92 30 90 3 2 158 18 164 28 130 3 3 155 23 152 27 176 3 4 79 8 68 12 78 3 2 163 18 130 28 127 3 5 54 17 52 18 68 3 4 86 8 90 12 72 2 6 98 7 92 2 7 18 12 14 3 8 178 11 197 20 194 3 3 45 4 40 9 42 3 3 76 7 75 25 97 2 18 104 22 99 2 18 64 23 59 3 12 71 15 65 27 63 3 7 157 10 183 12 144 3 5 236 21 176 29 191 3 11 132 12 146 19 157 2 14 116 18 109 3 19 117 20 115 23 93 2 28 108 29 101 2 12 75 14 55 3 3 112 19 132 21 135 2 6 93 7 83 2 11 208 13 227 3 11 105 16 97 21 113 2 19 134 24 148 2 20 237 24 187 1 26 27 2 27 80 30 109 2 29 139 30 171
37 2 1 80 30 94 3 2 150 18 168 28 166 3 3 194 23 203 27 166 2 27 105 30 107 3 4 87 8 76 12 87 2 29 163 30 169 3 12 61 15 81 27 58 3 11 96 16 88 21 88 3 5 52 17 67 18 57 3 5 207 21 178 29 169 2 6 94 7 93 3 4 81 8 89 12 72 3 7 158 10 160 12 174 2 19 137 24 114 3 19 112 20 113 23 106 2 7 15 12 14 2 17 26 29 22 3 12 69 15 65 27 72 3 8 193 11 214 20 152 2 6 72 7 67 3 3 92 7 70 25 92 3 3 36 4 45 9 37 3 2 162 18 155 28 168 2 28 140 29 144 3 11 156 12 116 19 117 2 18 68 23 65 3 11 116 16 96 21 90 2 18 83 22 107 3 19 107 20 104 23 99 2 20 179 24 187 2 12 68 14 79 2 11 219 13 230 2 14 117 18 86 3 11 129 12 141 19 126 3 18 135 20 145 30 175 1 26 25 3 3 154 19 158 21 162
36 2 1 89 30 92 3 3 48 4 46 9 36 3 18 136 20 183 30 167 2 17 27 29 25 3 3 126 19 151 21 133 3 2 172 18 184 28 170 3 5 214 21 232 29 228 3 2 150 18 140 28 171 3 3 203 23 191 27 163 3 4 84 8 92 12 93 3 5 73 17 54 18 69 2 20 226 24 228 3 2 160 18 157 28 125 3 11 103 16 112 21 80 2 6 85 7 74 2 7 14 12 18 2 11 187 13 168 3 18 149 20 162 30 160 3 7 134 10 161 12 180 3 19 89 20 116 23 89 3 11 124 12 162 19 137 3 11 112 16 89 21 103 3 8 159 11 187 20 169 2 27 112 30 107 2 18 53 23 49 2 28 109 29 108 3 3 195 23 192 27 199 2 12 74 14 74 2 18 98 22 84 2 14 79 18 101 2 29 131 30 166 3 3 88 7 66 25 71 3 12 67 15 66 27 66 1 26 33 3 4 66 8 78 12 84 2 19 140 24 119
36 2 1 89 30 92 3 3 48 4 46 9 36 3 18 136 20 183 30 167 2 17 27 29 25 3 3 126 19 151 21 133 3 2 172 18 184 28 170 3 5 214 21 232 29 228 3 2 150 18 140 28 171 3 3 203 23 191 27 163 3 4 84 8 92 12 93 3 5 73 17 54 18 69 2 20 226 24 228 3 2 160 18 157 28 125 3 11 103 16 112 21 80 2 6 85 7 74 2 7 14 12 18 2 11 187 13 168 3 18 149 20 162 30 160 3 7 134 10 161 12 180 3 19 89 20 116 23 89 3 11 124 12 162 19 137 3 11 112 16 89 21 103 3 8 159 11 187 20 169 2 27 112 30 107 2 18 53 23 49 2 28 109 29 108 3 3 195 23 192 27 199 2 12 74 14 74 2 18 98 22 84 2 14 79 18 101 2 29 131 30 166 3 3 88 7 66 25 71 3 12 67 15 66 27 66 1 26 33 3 4 66 8 78 12 84 2 19 140 24 119
36 2 19 132 24 125 3 3 34 4 41 9 34 2 1 77 30 95 2 18 67 23 59 3 2 167 18 178 28 174 3 11 114 16 114 21 115 2 1 89 30 77 3 3 95 7 77 25 83 3 3 213 23 161 27 213 3 4 79 8 73 12 78 3 2 130 18 127 28 157 1 26 24 3 8 153 11 215 20 215 3 11 121 12 157 19 162 2 18 60 23 62 3 5 57 17 62 18 68 2 6 86 7 79 2 28 135 29 135 2 7 19 12 14 3 7 179 10 152 12 141 2 18 77 22 92 2 29 156 30 162 2 20 191 24 206 3 12 69 15 66 27 67 2 12 68 14 70 2 11 198 13 228 3 3 45 4 35 9 33 2 14 102 18 112 3 3 87 7 83 25 78 2 17 26 29 24 3 3 83 7 74 25 73 3 18 150 20 129 30 152 3 3 132 19 123 21 158 3 19 101 20 116 23 93 2 27 91 30 85 3 5 191 21 180 29 218
34 2 1 76 30 89 3 2 144 18 127 28 145 2 29 167 30 162 3 3 178 23 202 27 195 3 3 152 19 123 21 160 2 17 21 29 21 3 5 53 17 54 18 66 3 4 91 8 66 12 72 2 29 153 30 126 2 6 70 7 91 2 7 18 12 14 3 8 200 11 155 20 171 1 26 34 3 3 43 4 40 9 33 3 7 153 10 127 12 144 2 18 81 22 81 3 3 40 4 40 9 33 3 11 141 12 166 19 148 2 20 213 24 185 2 19 100 24 147 2 12 53 14 65 2 11 184 13 185 3 11 102 16 94 21 111 3 5 210 21 195 29 174 2 7 19 12 16 2 14 93 18 98 2 1 99 30 95 3 12 57 15 56 27 61 3 3 90 7 81 25 96 2 18 60 23 53 3 18 183 20 166 30 132 3 19 101 20 113 23 110 2 27 108 30 82 2 28 141 29 122
34 2 1 76 30 89 3 2 144 18 127 28 145 2 29 167 30 162 3 3 178 23 202 27 195 3 3 152 19 123 21 160 2 17 21 29 21 3 5 53 17 54 18 66 3 4 91 8 66 12 72 2 29 153 30 126 2 6 70 7 91 2 7 18 12 14 3 8 200 11 155 20 171 1 26 34 3 3 43 4 40 9 33 3 7 153 10 127 12 144 2 18 81 22 81 3 3 40 4 40 9 33 3 11 141 12 166 19 148 2 20 213 24 185 2 19 100 24 147 2 12 53 14 65 2 11 184 13 185 3 11 102 16 94 21 111 3 5 210 21 195 29 174 2 7 19 12 16 2 14 93 18 98 2 1 99 30 95 3 12 57 15 56 27 61 3 3 90 7 81 25 96 2 18 60 23 53 3 18 183 20 166 30 132 3 19 101 20 113 23 110 2 27 108 30 82 2 28 141 29 122
34 2 1 76 30 89 3 2 144 18 127 28 145 2 29 167 30 162 3 3 178 23 202 27 195 3 3 152 19 123 21 160 2 17 21 29 21 3 5 53 17 54 18 66 3 4 91 8 66 12 72 2 29 153 30 126 2 6 70 7 91 2 7 18 12 14 3 8 200 11 155 20 171 1 26 34 3 3 43 4 40 9 33 3 7 153 10 127 12 144 2 18 81 22 81 3 3 40 4 40 9 33 3 11 141 12 166 19 148 2 20 213 24 185 2 19 100 24 147 2 12 53 14 65 2 11 184 13 185 3 11 102 16 94 21 111 3 5 210 21 195 29 174 2 7 19 12 16 2 14 93 18 98 2 1 99 30 95 3 12 57 15 56 27 61 3 3 90 7 81 25 96 2 18 60 23 53 3 18 183 20 166 30 132 3 19 101 20 113 23 110 2 27 108 30 82 2 28 141 29 122
34 2 1 76 30 89 3 2 144 18 127 28 145 2 29 167 30 162 3 3 178 23 202 27 195 3 3 152 19 123 21 160 2 17 21 29 21 3 5 53 17 54 18 66 3 4 91 8 66 12 72 2 29 153 30 126 2 6 70 7 91 2 7 18 12 14 3 8 200 11 155 20 171 1 26 34 3 3 43 4 40 9 33 3 7 153 10 127 12 144 2 18 81 22 81 3 3 40 4 40 9 33 3 11 141 12 166 19 148 2 20 213 24 185 2 19 100 24 147 2 12 53 14 65 2 11 184 13 185 3 11 102 16 94 21 111 3 5 210 21 195 29 174 2 7 19 12 16 2 14 93 18 98 2 1 99 30 95 3 12 57 15 56 27 61 3 3 90 7 81 25 96 2 18 60 23 53 3 18 183 20 166 30 132 3 19 101 20 113 23 110 2 27 108 30 82 2 28 141 29 122
35 2 1 99 30 80 2 19 126 24 119 3 2 141 18 149 28 157 3 3 214 23 153 27 163 2 7 18 12 17 3 4 79 8 83 12 79 3 5 69 17 65 18 66 2 19 108 24 124 2 6 79 7 92 2 11 206 13 218 3 8 197 11 148 20 187 2 19 113 24 123 3 3 45 4 41 9 40 3 7 159 10 131 12 148 2 28 132 29 110 3 11 143 12 157 19 146 2 12 59 14 53 2 27 117 30 89 2 14 80 18 91 2 6 74 7 92 3 12 79 15 75 27 78 3 11 111 16 99 21 116 2 17 27 29 21 2 18 101 22 100 3 5 236 21 190 29 225 2 19 108 24 146 3 18 152 20 133 30 142 3 19 111 20 125 23 124 3 3 141 19 140 21 149 3 3 66 7 67 25 88 2 18 71 23 50 2 20 205 24 161 1 26 27 2 19 144 24 142 2 29 131 30 159
33 2 1 94 30 89 3 2 178 18 160 28 134 2 18 84 22 79 2 28 136 29 148 3 3 192 23 167 27 179 3 4 88 8 81 12 88 3 5 70 17 62 18 58 3 5 185 21 166 29 168 2 19 120 24 113 2 6 77 7 81 2 7 16 12 17 3 11 104 16 114 21 99 3 8 154 11 171 20 178 3 5 225 21 185 29 199 3 3 48 4 43 9 45 3 7 148 10 132 12 134 3 11 135 12 161 19 137 3 18 145 20 176 30 159 2 27 106 30 99 2 12 62 14 77 2 11 165 13 183 2 14 87 18 112 3 12 78 15 78 27 59 2 29 150 30 181 2 17 30 29 30 3 19 106 20 96 23 110 3 3 146 19 116 21 159 2 18 51 23 50 3 5 69 17 72 18 60 3 3 83 7 70 25 68 2 20 177 24 216 3 2 160 18 128 28 175 1 26 23
37 2 19 142 24 118 2 1 103 30 71 3 8 210 11 168 20 213 3 2 155 18 133 28 136 3 3 216 23 193 27 176 3 4 69 8 66 12 70 3 5 65 17 50 18 57 2 11 204 13 216 2 6 69 7 83 3 7 166 10 171 12 166 2 7 19 12 14 2 18 89 22 82 2 11 204 13 212 3 3 39 4 42 9 43 3 11 167 12 163 19 123 2 29 166 30 150 2 27 117 30 87 2 7 18 12 16 2 12 59 14 78 3 3 34 4 48 9 35 3 19 89 20 92 23 115 2 14 88 18 116 3 3 217 23 197 27 212 3 12 61 15 79 27 66 3 3 89 7 89 25 68 3 3 131 19 117 21 134 3 11 115 16 89 21 91 3 3 112 19 114 21 153 2 17 21 29 26 2 14 111 18 106 3 5 190 21 189 29 191 1 26 25 3 18 140 20 151 30 189 2 18 51 23 65 3 5 53 17 60 18 71 2 28 129 29 125 2 20 178 24 229
37 2 19 142 24 118 2 1 103 30 71 3 8 210 11 168 20 213 3 2 155 18 133 28 136 3 3 216 23 193 27 176 3 4 69 8 66 12 70 3 5 65 17 50 18 57 2 11 204 13 216 2 6 69 7 83 3 7 166 10 171 12 166 2 7 19 12 14 2 18 89 22 82 2 11 204 13 212 3 3 39 4 42 9 43 3 11 167 12 163 19 123 2 29 166 30 150 2 27 117 30 87 2 7 18 12 16 2 12 59 14 78 3 3 34 4 48 9 35 3 19 89 20 92 23 115 2 14 88 18 116 3 3 217 23 197 27 212 3 12 61 15 79 27 66 3 3 89 7 89 25 68 3 3 131 19 117 21 134 3 11 115 16 89 21 91 3 3 112 19 114 21 153 2 17 21 29 26 2 14 111 18 106 3 5 190 21 189 29 191 1 26 25 3 18 140 20 151 30 189 2 18 51 23 65 3 5 53 17 60 18 71 2 28 129 29 125 2 20 178 24 229
37 2 1 95 30 94 3 2 149 18 158 28 159 3 3 202 23 164 27 167 2 1 87 30 82 3 4 77 8 67 12 89 2 12 67 14 52 2 6 83 7 96 1 26 29 2 1 100 30 86 2 19 113 24 124 2 1 94 30 90 2 18 70 23 60 3 3 184 23 174 27 154 3 5 63 17 50 18 68 2 28 146 29 116 2 7 20 12 16 3 8 174 11 218 20 215 3 3 47 4 41 9 33 3 7 159 10 147 12 153 3 11 159 12 141 19 122 2 18 101 22 79 2 11 164 13 232 2 14 116 18 89 3 12 59 15 69 27 59 3 11 81 16 79 21 87 3 3 71 7 65 25 67 2 1 73 30 92 2 17 30 29 27 2 14 116 18 94 3 18 142 20 149 30 131 3 3 118 19 154 21 116 3 19 88 20 107 23 124 2 27 89 30 99 2 20 174 24 170 2 29 168 30 175 3 3 46 4 42 9 40 3 5 177 21 233 29 197
37 2 1 95 30 94 3 2 149 18 158 28 159 3 3 202 23 164 27 167 2 1 87 30 82 3 4 77 8 67 12 89 2 12 67 14 52 2 6 83 7 96 1 26 29 2 1 100 30 86 2 19 113 24 124 2 1 94 30 90 2 18 70 23 60 3 3 184 23 174 27 154 3 5 63 17 50 18 68 2 28 146 29 116 2 7 20 12 16 3 8 174 11 218 20 215 3 3 47 4 41 9 33 3 7 159 10 147 12 153 3 11 159 12 141 19 122 2 18 101 22 79 2 11 164 13 232 2 14 116 18 89 3 12 59 15 69 27 59 3 11 81 16 79 21 87 3 3 71 7 65 25 67 2 1 73 30 92 2 17 30 29 27 2 14 116 18 94 3 18 142 20 149 30 131 3 3 118 19 154 21 116 3 19 88 20 107 23 124 2 27 89 30 99 2 20 174 24 170 2 29 168 30 175 3 3 46 4 42 9 40 3 5 177 21 233 29 197
37 2 1 95 30 94 3 2 149 18 158 28 159 3 3 202 23 164 27 167 2 1 87 30 82 3 4 77 8 67 12 89 2 12 67 14 52 2 6 83 7 96 1 26 29 2 1 100 30 86 2 19 113 24 124 2 1 94 30 90 2 18 70 23 60 3 3 184 23 174 27 154 3 5 63 17 50 18 68 2 28 146 29 116 2 7 20 12 16 3 8 174 11 218 20 215 3 3 47 4 41 9 33 3 7 159 10 147 12 153 3 11 159 12 141 19 122 2 18 101 22 79 2 11 164 13 232 2 14 116 18 89 3 12 59 15 69 27 59 3 11 81 16 79 21 87 3 3 71 7 65 25 67 2 1 73 30 92 2 17 30 29 27 2 14 116 18 94 3 18 142 20 149 30 131 3 3 118 19 154 21 116 3 19 88 20 107 23 124 2 27 89 30 99 2 20 174 24 170 2 29 168 30 175 3 3 46 4 42 9 40 3 5 177 21 233 29 197
37 2 1 105 30 90 2 29 180 30 180 2 1 76 30 85 1 26 29 3 2 163 18 145 28 184 3 5 192 21 179 29 180 3 3 224 23 173 27 208 3 4 93 8 68 12 70 3 5 59 17 74 18 61 2 6 94 7 67 2 7 18 12 17 3 3 196 23 196 27 196 3 8 189 11 187 20 170 3 3 37 4 39 9 38 3 7 182 10 146 12 129 3 11 168 12 139 19 162 2 12 78 14 61 2 6 75 7 93 2 11 235 13 205 2 14 92 18 98 2 6 95 7 78 3 12 64 15 64 27 60 3 11 97 16 93 21 82 2 17 27 29 30 3 11 166 12 163 19 146 2 18 83 22 85 3 18 138 20 152 30 134 2 28 104 29 103 2 6 80 7 86 2 20 206 24 186 2 18 72 23 54 2 14 89 18 103 2 19 123 24 122 3 19 86 20 100 23 124 3 3 117 19 148 21 127 2 27 101 30 95 3 3 66 7 89 25 75
37 2 1 105 30 90 2 29 180 30 180 2 1 76 30 85 1 26 29 3 2 163 18 145 28 184 3 5 192 21 179 29 180 3 3 224 23 173 27 208 3 4 93 8 68 12 70 3 5 59 17 74 18 61 2 6 94 7 67 2 7 18 12 17 3 3 196 23 196 27 196 3 8 189 11 187 20 170 3 3 37 4 39 9 38 3 7 182 10 146 12 129 3 11 168 12 139 19 162 2 12 78 14 61 2 6 75 7 93 2 11 235 13 205 2 14 92 18 98 2 6 95 7 78 3 12 64 15 64 27 60 3 11 97 16 93 21 82 2 17 27 29 30 3 11 166 12 163 19 146 2 18 83 22 85 3 18 138 20 152 30 134 2 28 104 29 103 2 6 80 7 86 2 20 206 24 186 2 18 72 23 54 2 14 89 18 103 2 19 123 24 122 3 19 86 20 100 23 124 3 3 117 19 148 21 127 2 27 101 30 95 3 3 66 7 89 25 75
37 2 1 90 30 79 2 29 158 30 162 2 1 81 30 99 1 26 29 3 2 126 18 146 28 182 3 5 219 21 201 29 235 3 3 172 23 157 27 203 3 4 67 8 79 12 70 3 5 52 17 65 18 72 2 6 97 7 83 2 7 19 12 16 3 3 165 23 222 27 209 3 8 206 11 185 20 200 3 3 49 4 32 9 47 3 7 124 10 127 12 135 3 11 117 12 144 19 121 2 12 53 14 60 2 6 82 7 86 2 11 207 13 172 2 14 107 18 114 2 6 78 7 78 3 12 54 15 79 27 80 3 11 108 16 78 21 105 2 17 24 29 29 3 11 156 12 159 19 173 2 18 101 22 86 3 18 144 20 138 30 174 2 28 108 29 124 2 6 88 7 71 2 20 177 24 226 2 18 60 23 69 2 14 117 18 90 2 19 107 24 123 3 19 119 20 123 23 123 3 3 118 19 151 21 158 2 27 97 30 101 3 3 71 7 78 25 74
37 2 1 90 30 79 2 29 158 30 162 2 1 81 30 99 1 26 29 3 2 126 18 146 28 182 3 5 219 21 201 29 235 3 3 172 23 157 27 203 3 4 67 8 79 12 70 3 5 52 17 65 18 72 2 6 97 7 83 2 7 19 12 16 3 3 165 23 222 27 209 3 8 206 11 185 20 200 3 3 49 4 32 9 47 3 7 124 10 127 12 135 3 11 117 12 144 19 121 2 12 53 14 60 2 6 82 7 86 2 11 207 13 172 2 14 107 18 114 2 6 78 7 78 3 12 54 15 79 27 80 3 11 108 16 78 21 105 2 17 24 29 29 3 11 156 12 159 19 173 2 18 101 22 86 3 18 144 20 138 30 174 2 28 108 29 124 2 6 88 7 71 2 20 177 24 226 2 18 60 23 69 2 14 117 18 90 2 19 107 24 123 3 19 119 20 123 23 123 3 3 118 19 151 21 158 2 27 97 30 101 3 3 71 7 78 25 74
37 2 1 103 30 84 3 2 183 18 161 28 172 3 3 164 23 214 27 216 2 1 99 30 104 3 4 68 8 76 12 68 2 12 62 14 54 2 6 90 7 77 1 26 32 2 1 86 30 90 2 19 119 24 112 2 1 90 30 73 2 18 71 23 52 3 3 196 23 159 27 221 3 5 71 17 69 18 55 2 28 112 29 137 2 7 13 12 18 3 8 178 11 166 20 175 3 3 43 4 47 9 34 3 7 171 10 138 12 150 3 11 122 12 116 19 129 2 18 77 22 92 2 11 180 13 214 2 14 114 18 98 3 12 67 15 75 27 68 3 11 96 16 79 21 110 3 3 96 7 82 25 89 2 1 93 30 92 2 17 25 29 23 2 14 109 18 82 3 18 190 20 186 30 193 3 3 157 19 138 21 149 3 19 87 20 119 23 92 2 27 80 30 99 2 20 182 24 232 2 29 148 30 172 3 3 34 4 35 9 43 3 5 170 21 187 29 230
37 2 1 103 30 84 3 2 183 18 161 28 172 3 3 164 23 214 27 216 2 1 99 30 104 3 4 68 8 76 12 68 2 12 62 14 54 2 6 90 7 77 1 26 32 2 1 86 30 90 2 19 119 24 112 2 1 90 30 73 2 18 71 23 52 3 3 196 23 159 27 221 3 5 71 17 69 18 55 2 28 112 29 137 2 7 13 12 18 3 8 178 11 166 20 175 3 3 43 4 47 9 34 3 7 171 10 138 12 150 3 11 122 12 116 19 129 2 18 77 22 92 2 11 180 13 214 2 14 114 18 98 3 12 67 15 75 27 68 3 11 96 16 79 21 110 3 3 96 7 82 25 89 2 1 93 30 92 2 17 25 29 23 2 14 109 18 82 3 18 190 20 186 30 193 3 3 157 19 138 21 149 3 19 87 20 119 23 92 2 27 80 30 99 2 20 182 24 232 2 29 148 30 172 3 3 34 4 35 9 43 3 5 170 21 187 29 230
33 3 18 156 20 139 30 164 2 17 23 29 31 2 1 103 30 84 3 2 155 18 153 28 133 3 3 220 23 180 27 207 3 4 80 8 72 12 81 3 2 167 18 141 28 126 3 5 70 17 59 18 52 3 4 92 8 76 12 92 2 6 77 7 94 2 7 19 12 14 3 8 175 11 165 20 168 3 3 36 4 44 9 35 3 3 81 7 91 25 69 2 18 81 22 103 2 18 72 23 52 3 12 68 15 72 27 56 3 7 179 10 147 12 159 3 5 168 21 184 29 191 3 11 116 12 167 19 158 2 14 101 18 103 3 19 102 20 110 23 100 2 28 104 29 120 2 12 62 14 58 3 3 119 19 125 21 143 2 6 83 7 97 2 11 195 13 214 3 11 83 16 78 21 96 2 19 143 24 121 2 20 189 24 164 1 26 31 2 27 82 30 111 2 29 167 30 124
33 3 18 156 20 139 30 164 2 17 23 29 31 2 1 103 30 84 3 2 155 18 153 28 133 3 3 220 23 180 27 207 3 4 80 8 72 12 81 3 2 167 18 141 28 126 3 5 70 17 59 18 52 3 4 92 8 76 12 92 2 6 77 7 94 2 7 19 12 14 3 8 175 11 165 20 168 3 3 36 4 44 9 35 3 3 81 7 91 25 69 2 18 81 22 103 2 18 72 23 52 3 12 68 15 72 27 56 3 7 179 10 147 12 159 3 5 168 21 184 29 191 3 11 116 12 167 19 158 2 14 101 18 103 3 19 102 20 110 23 100 2 28 104 29 120 2 12 62 14 58 3 3 119 19 125 21 143 2 6 83 7 97 2 11 195 13 214 3 11 83 16 78 21 96 2 19 143 24 121 2 20 189 24 164 1 26 31 2 27 82 30 111 2 29 167 30 124
33 2 7 20 12 18 2 6 80 7 75 3 3 138 19 135 21 124 3 3 33 4 38 9 48 2 1 83 30 101 2 18 98 22 105 3 3 120 19 150 21 148 3 2 167 18 164 28 157 3 3 176 23 161 27 175 3 19 112 20 88 23 90 3 4 74 8 93 12 85 3 5 63 17 64 18 52 3 18 179 20 186 30 158 3 8 150 11 197 20 209 3 7 158 10 126 12 137 2 19 109 24 124 3 11 144 12 130 19 125 2 14 116 18 82 2 12 63 14 59 2 11 184 13 223 3 12 81 15 63 27 58 3 11 100 16 97 21 88 2 18 64 23 67 2 17 21 29 26 2 29 162 30 139 2 20 222 24 203 2 17 27 29 22 2 27 86 30 82 3 8 148 11 210 20 198 3 5 230 21 168 29 190 3 3 72 7 74 25 64 1 26 33 2 28 118 29 150
37 2 1 85 30 91 3 2 147 18 160 28 138 3 3 204 23 189 27 221 2 27 102 30 116 3 4 83 8 77 12 80 2 29 135 30 164 3 12 66 15 59 27 70 3 11 116 16 108 21 93 3 5 72 17 56 18 71 3 5 218 21 212 29 235 2 6 85 7 77 3 4 91 8 79 12 73 3 7 147 10 131 12 172 2 19 114 24 147 3 19 110 20 117 23 99 2 7 15 12 19 2 17 30 29 28 3 12 70 15 62 27 59 3 8 161 11 172 20 148 2 6 76 7 85 3 3 82 7 77 25 74 3 3 44 4 46 9 47 3 2 162 18 177 28 167 2 28 103 29 126 3 11 119 12 155 19 166 2 18 55 23 63 3 11 90 16 90 21 81 2 18 84 22 108 3 19 85 20 119 23 104 2 20 208 24 197 2 12 64 14 69 2 11 187 13 199 2 14 110 18 99 3 11 154 12 123 19 152 3 18 144 20 148 30 184 1 26 24 3 3 152 19 150 21 147
37 3 5 61 17 70 18 70 2 1 92 30 77 3 2 167 18 179 28 148 2 1 88 30 75 2 27 108 30 82 3 3 174 23 176 27 209 3 4 85 8 66 12 67 2 6 69 7 88 2 14 98 18 105 2 7 18 12 15 2 14 93 18 101 3 8 190 11 186 20 168 3 3 46 4 47 9 46 3 7 153 10 165 12 176 3 11 133 12 164 19 144 2 18 107 22 78 2 12 77 14 55 2 11 206 13 228 3 7 124 10 150 12 127 3 12 73 15 62 27 80 3 3 207 23 160 27 221 2 19 124 24 116 2 12 71 14 64 3 18 161 20 184 30 187 3 3 146 19 125 21 157 3 11 87 16 109 21 109 2 6 90 7 96 2 17 28 29 24 2 29 147 30 129 3 19 115 20 91 23 118 2 18 55 23 62 2 19 116 24 121 3 3 83 7 80 25 74 2 20 212 24 176 1 26 32 2 28 149 29 141 3 5 231 21 217 29 171
33 2 1 106 30 71 3 2 147 18 168 28 160 2 18 99 22 104 2 28 108 29 127 3 3 170 23 176 27 193 3 4 89 8 80 12 80 3 5 62 17 50 18 73 3 5 192 21 228 29 190 2 19 131 24 147 2 6 72 7 95 2 7 13 12 14 3 11 110 16 97 21 112 3 8 210 11 162 20 164 3 5 180 21 164 29 174 3 3 43 4 33 9 33 3 7 152 10 130 12 174 3 11 147 12 136 19 120 3 18 166 20 138 30 151 2 27 89 30 85 2 12 77 14 76 2 11 191 13 172 2 14 84 18 113 3 12 73 15 72 27 69 2 29 135 30 167 2 17 29 29 23 3 19 110 20 117 23 121 3 3 161 19 136 21 143 2 18 60 23 63 3 5 55 17 71 18 63 3 3 86 7 89 25 84 2 20 233 24 219 3 2 138 18 179 28 179 1 26 32
37 2 1 79 30 91 2 29 148 30 137 2 1 106 30 98 1 26 27 3 2 174 18 175 28 183 3 5 223 21 230 29 201 3 3 213 23 177 27 202 3 4 90 8 88 12 73 3 5 68 17 50 18 62 2 6 86 7 74 2 7 15 12 17 3 3 227 23 218 27 222 3 8 213 11 184 20 195 3 3 33 4 36 9 47 3 7 164 10 139 12 152 3 11 145 12 121 19 145 2 12 72 14 53 2 6 80 7 96 2 11 198 13 207 2 14 106 18 106 2 6 73 7 74 3 12 69 15 66 27 70 3 11 102 16 108 21 91 2 17 28 29 28 3 11 131 12 118 19 162 2 18 87 22 76 3 18 186 20 131 30 141 2 28 143 29 100 2 6 85 7 97 2 20 236 24 163 2 18 53 23 70 2 14 84 18 110 2 19 137 24 108 3 19 99 20 107 23 92 3 3 160 19 125 21 145 2 27 90 30 108 3 3 69 7 90 25 72
36 2 19 114 24 139 3 3 39 4 33 9 36 2 1 101 30 73 2 18 53 23 72 3 2 169 18 169 28 174 3 11 102 16 103 21 104 2 1 92 30 91 3 3 74 7 80 25 66 3 3 226 23 201 27 226 3 4 78 8 87 12 68 3 2 166 18 174 28 182 1 26 32 3 8 215 11 207 20 191 3 11 170 12 169 19 120 2 18 51 23 61 3 5 66 17 71 18 69 2 6 74 7 76 2 28 139 29 142 2 7 14 12 20 3 7 157 10 123 12 157 2 18 76 22 106 2 29 137 30 132 2 20 193 24 194 3 12 67 15 58 27 57 2 12 56 14 70 2 11 198 13 231 3 3 38 4 47 9 44 2 14 87 18 91 3 3 67 7 87 25 77 2 17 22 29 29 3 3 81 7 88 25 97 3 18 158 20 168 30 192 3 3 127 19 121 21 113 3 19 86 20 93 23 120 2 27 109 30 117 3 5 220 21 229 29 176
37 3 5 65 17 73 18 60 2 1 71 30 80 3 2 169 18 174 28 150 2 1 90 30 97 2 27 85 30 88 3 3 209 23 158 27 221 3 4 76 8 75 12 70 2 6 75 7 81 2 14 107 18 105 2 7 14 12 17 2 14 101 18 98 3 8 210 11 214 20 149 3 3 39 4 48 9 42 3 7 163 10 144 12 156 3 11 138 12 141 19 134 2 18 75 22 84 2 12 54 14 68 2 11 236 13 208 3 7 132 10 147 12 126 3 12 72 15 68 27 59 3 3 180 23 182 27 216 2 19 123 24 140 2 12 77 14 59 3 18 141 20 139 30 161 3 3 137 19 161 21 161 3 11 113 16 111 21 100 2 6 73 7 92 2 17 27 29 23 2 29 124 30 123 3 19 115 20 91 23 104 2 18 53 23 54 2 19 116 24 142 3 3 96 7 91 25 95 2 20 190 24 180 1 26 30 2 28 106 29 128 3 5 210 21 228 29 169
36 2 19 147 24 145 3 3 39 4 44 9 46 2 1 95 30 93 2 18 52 23 69 3 2 133 18 127 28 128 3 11 83 16 100 21 82 2 1 87 30 97 3 3 70 7 69 25 75 3 3 187 23 194 27 159 3 4 70 8 70 12 65 3 2 172 18 177 28 163 1 26 27 3 8 171 11 208 20 180 3 11 123 12 168 19 149 2 18 63 23 65 3 5 70 17 51 18 53 2 6 78 7 92 2 28 121 29 124 2 7 14 12 14 3 7 161 10 182 12 141 2 18 108 22 100 2 29 136 30 162 2 20 164 24 187 3 12 74 15 57 27 75 2 12 65 14 70 2 11 164 13 164 3 3 39 4 41 9 33 2 14 103 18 93 3 3 85 7 70 25 91 2 17 29 29 24 3 3 84 7 80 25 92 3 18 133 20 183 30 142 3 3 137 19 121 21 156 3 19 120 20 87 23 101 2 27 79 30 100 3 5 227 21 196 29 222
DUE_DATES: 5764 5666 5592 5592 5770 5770 5514 5514 6030 6030 5517 5882 5882 5882 5744 5744 6323 6323 5623 6275 6385 6385 5888 5420 5420 5420 5420 5949 5618 6251 6251 6013 6013 6013 6264 6264 6251 6251 6154 6154 5446 5446 5553 6242 6378 5738 6346 5977 6257 5759
WEIGHTS: 1 1 3 3 3 2 1 3 3 2 3 3 1 3 1 3 3 2 3 3 3 1 1 2 2 1 3 1 1 3 1 2 3 1 3 1 3 3 3 1 3 1 1 2 3 2 2 2 1 2
