50 30
30 3 3 34 9 30 21 31 3 1 200 11 164 26 171 3 2 214 12 221 29 199 2 4 89 8 95 2 22 174 25 180 3 3 118 18 165 20 158 3 12 64 23 67 28 66 3 4 214 17 148 24 186 3 5 53 20 76 29 61 2 6 60 17 56 3 7 143 21 148 24 164 2 9 69 23 90 3 5 2 10 2 30 3 1 11 63 2 26 120 27 150 2 10 68 12 82 2 17 132 27 138 3 9 152 13 164 26 137 2 2 103 14 85 2 15 55 26 73 3 6 81 16 101 24 84 2 14 19 23 21 3 7 170 15 173 18 193 3 19 43 21 43 29 55 2 20 193 26 237 2 3 142 22 110 2 2 57 24 48 3 2 105 11 98 30 88 3 9 73 17 83 26 82 1 29 92
39 3 3 136 18 149 20 119 3 7 130 21 179 24 171 3 1 194 11 213 26 175 3 3 118 18 136 20 141 2 4 83 8 95 3 2 177 12 194 29 175 3 1 207 11 200 26 163 3 4 216 17 205 24 189 3 2 192 12 227 29 222 3 5 72 20 67 29 72 2 6 71 17 51 2 9 65 23 72 3 1 225 11 164 26 187 3 5 3 10 2 30 3 1 11 63 3 5 67 20 80 29 55 2 10 81 12 70 3 9 119 13 151 26 123 2 2 97 14 108 2 20 220 26 173 1 29 121 3 9 80 17 89 26 87 2 15 66 26 71 2 10 89 12 74 2 14 17 23 16 2 4 88 8 99 3 6 92 16 102 24 79 2 17 102 27 129 3 7 198 15 167 18 167 2 2 45 24 52 3 19 43 21 43 29 57 3 1 204 11 230 26 215 3 3 30 9 34 21 30 1 29 101 2 3 106 22 104 2 22 151 25 168 2 26 129 27 162 3 12 62 23 63 28 57 3 2 106 11 102 30 99
36 3 1 219 11 165 26 206 3 2 217 12 173 29 159 3 1 172 11 185 26 176 2 2 96 14 104 3 1 181 11 161 26 181 3 3 136 18 166 20 140 2 2 83 14 119 3 4 173 17 148 24 171 3 2 217 12 201 29 202 3 2 84 11 95 30 98 3 5 54 20 55 29 73 2 6 59 17 72 3 12 63 23 65 28 49 3 7 128 21 161 24 166 2 4 103 8 110 2 9 78 23 69 3 9 123 13 113 26 164 1 29 84 3 5 2 10 3 30 2 2 9 88 23 80 2 3 108 22 108 3 19 54 21 49 29 48 1 11 76 2 10 89 12 63 2 15 74 26 73 2 2 90 14 85 2 22 138 25 127 3 6 88 16 108 24 84 2 20 188 26 203 2 17 113 27 106 3 7 198 15 174 18 177 3 3 40 9 28 21 31 2 14 21 23 18 2 2 49 24 44 3 9 72 17 76 26 74 2 26 158 27 113
36 3 1 219 11 165 26 206 3 2 217 12 173 29 159 3 1 172 11 185 26 176 2 2 96 14 104 3 1 181 11 161 26 181 3 3 136 18 166 20 140 2 2 83 14 119 3 4 173 17 148 24 171 3 2 217 12 201 29 202 3 2 84 11 95 30 98 3 5 54 20 55 29 73 2 6 59 17 72 3 12 63 23 65 28 49 3 7 128 21 161 24 166 2 4 103 8 110 2 9 78 23 69 3 9 123 13 113 26 164 1 29 84 3 5 2 10 3 30 2 2 9 88 23 80 2 3 108 22 108 3 19 54 21 49 29 48 1 11 76 2 10 89 12 63 2 15 74 26 73 2 2 90 14 85 2 22 138 25 127 3 6 88 16 108 24 84 2 20 188 26 203 2 17 113 27 106 3 7 198 15 174 18 177 3 3 40 9 28 21 31 2 14 21 23 18 2 2 49 24 44 3 9 72 17 76 26 74 2 26 158 27 113
36 3 1 219 11 165 26 206 3 2 217 12 173 29 159 3 1 172 11 185 26 176 2 2 96 14 104 3 1 181 11 161 26 181 3 3 136 18 166 20 140 2 2 83 14 119 3 4 173 17 148 24 171 3 2 217 12 201 29 202 3 2 84 11 95 30 98 3 5 54 20 55 29 73 2 6 59 17 72 3 12 63 23 65 28 49 3 7 128 21 161 24 166 2 4 103 8 110 2 9 78 23 69 3 9 123 13 113 26 164 1 29 84 3 5 2 10 3 30 2 2 9 88 23 80 2 3 108 22 108 3 19 54 21 49 29 48 1 11 76 2 10 89 12 63 2 15 74 26 73 2 2 90 14 85 2 22 138 25 127 3 6 88 16 108 24 84 2 20 188 26 203 2 17 113 27 106 3 7 198 15 174 18 177 3 3 40 9 28 21 31 2 14 21 23 18 2 2 49 24 44 3 9 72 17 76 26 74 2 26 158 27 113
40 2 2 98 14 121 1 29 85 2 2 91 14 96 3 1 165 11 197 26 167 2 2 114 14 121 3 2 155 12 219 29 163 3 4 214 17 215 24 183 3 3 148 18 120 20 157 3 5 3 10 2 30 2 3 7 171 15 216 18 172 2 2 107 14 95 3 5 80 20 78 29 70 2 6 69 17 57 3 7 138 21 130 24 152 3 19 41 21 51 29 45 2 10 74 12 68 2 26 127 27 126 3 9 141 13 132 26 149 2 4 96 8 89 2 9 76 23 86 2 14 22 23 19 3 4 183 17 207 24 195 1 11 58 2 26 146 27 141 2 15 67 26 63 3 9 129 13 144 26 158 3 9 88 17 76 26 83 3 6 101 16 109 24 97 2 3 133 22 101 3 5 2 10 3 30 3 3 2 82 11 92 30 75 2 2 47 24 48 2 10 62 12 71 3 12 53 23 60 28 49 2 17 128 27 140 1 29 112 2 20 189 26 225 2 14 18 23 17 3 3 39 9 39 21 27 2 22 136 25 126
40 2 2 98 14 121 1 29 85 2 2 91 14 96 3 1 165 11 197 26 167 2 2 114 14 121 3 2 155 12 219 29 163 3 4 214 17 215 24 183 3 3 148 18 120 20 157 3 5 3 10 2 30 2 3 7 171 15 216 18 172 2 2 107 14 95 3 5 80 20 78 29 70 2 6 69 17 57 3 7 138 21 130 24 152 3 19 41 21 51 29 45 2 10 74 12 68 2 26 127 27 126 3 9 141 13 132 26 149 2 4 96 8 89 2 9 76 23 86 2 14 22 23 19 3 4 183 17 207 24 195 1 11 58 2 26 146 27 141 2 15 67 26 63 3 9 129 13 144 26 158 3 9 88 17 76 26 83 3 6 101 16 109 24 97 2 3 133 22 101 3 5 2 10 3 30 3 3 2 82 11 92 30 75 2 2 47 24 48 2 10 62 12 71 3 12 53 23 60 28 49 2 17 128 27 140 1 29 112 2 20 189 26 225 2 14 18 23 17 3 3 39 9 39 21 27 2 22 136 25 126
33 3 1 183 11 205 26 214 3 2 177 12 210 29 156 3 3 122 18 141 20 154 3 4 193 17 200 24 185 3 5 64 20 55 29 58 2 6 58 17 66 2 2 43 24 58 3 7 166 21 132 24 127 1 11 62 3 1 173 11 192 26 154 2 4 109 8 113 2 2 56 24 49 3 9 81 17 92 26 85 2 9 88 23 86 3 3 117 18 165 20 116 3 5 2 10 2 30 3 2 10 64 12 71 3 9 162 13 147 26 163 2 2 97 14 112 1 29 94 2 15 71 26 68 2 3 135 22 131 3 6 95 16 77 24 110 2 17 128 27 110 3 7 168 15 179 18 177 3 2 87 11 93 30 90 3 19 59 21 57 29 60 2 20 224 26 166 3 3 40 9 27 21 31 2 14 18 23 15 2 22 144 25 167 2 26 124 27 132 3 12 67 23 58 28 59
33 3 1 183 11 205 26 214 3 2 177 12 210 29 156 3 3 122 18 141 20 154 3 4 193 17 200 24 185 3 5 64 20 55 29 58 2 6 58 17 66 2 2 43 24 58 3 7 166 21 132 24 127 1 11 62 3 1 173 11 192 26 154 2 4 109 8 113 2 2 56 24 49 3 9 81 17 92 26 85 2 9 88 23 86 3 3 117 18 165 20 116 3 5 2 10 2 30 3 2 10 64 12 71 3 9 162 13 147 26 163 2 2 97 14 112 1 29 94 2 15 71 26 68 2 3 135 22 131 3 6 95 16 77 24 110 2 17 128 27 110 3 7 168 15 179 18 177 3 2 87 11 93 30 90 3 19 59 21 57 29 60 2 20 224 26 166 3 3 40 9 27 21 31 2 14 18 23 15 2 22 144 25 167 2 26 124 27 132 3 12 67 23 58 28 59
30 3 3 32 9 33 21 40 3 1 200 11 223 26 166 3 2 162 12 197 29 207 2 4 83 8 113 2 22 128 25 173 3 3 158 18 132 20 135 3 12 51 23 51 28 49 3 4 214 17 207 24 157 3 5 67 20 55 29 77 2 6 71 17 70 3 7 166 21 132 24 144 2 9 92 23 89 3 5 2 10 3 30 3 1 11 58 2 26 122 27 148 2 10 82 12 63 2 17 122 27 121 3 9 162 13 128 26 128 2 2 121 14 115 2 15 56 26 64 3 6 97 16 80 24 83 2 14 19 23 18 3 7 234 15 196 18 159 3 19 42 21 42 29 41 2 20 214 26 180 2 3 138 22 111 2 2 51 24 60 3 2 76 11 94 30 84 3 9 97 17 71 26 91 1 29 96
30 3 3 32 9 33 21 40 3 1 200 11 223 26 166 3 2 162 12 197 29 207 2 4 83 8 113 2 22 128 25 173 3 3 158 18 132 20 135 3 12 51 23 51 28 49 3 4 214 17 207 24 157 3 5 67 20 55 29 77 2 6 71 17 70 3 7 166 21 132 24 144 2 9 92 23 89 3 5 2 10 3 30 3 1 11 58 2 26 122 27 148 2 10 82 12 63 2 17 122 27 121 3 9 162 13 128 26 128 2 2 121 14 115 2 15 56 26 64 3 6 97 16 80 24 83 2 14 19 23 18 3 7 234 15 196 18 159 3 19 42 21 42 29 41 2 20 214 26 180 2 3 138 22 111 2 2 51 24 60 3 2 76 11 94 30 84 3 9 97 17 71 26 91 1 29 96
34 3 1 204 11 176 26 222 3 2 188 12 182 29 194 3 1 201 11 160 26 181 2 3 128 22 113 3 3 158 18 122 20 129 3 4 167 17 189 24 145 3 9 94 17 90 26 87 3 5 2 10 2 30 3 3 2 102 11 93 30 87 3 9 78 17 74 26 79 3 5 72 20 76 29 73 1 29 92 3 5 69 20 69 29 68 2 15 59 26 72 2 6 55 17 70 2 10 67 12 68 3 7 132 21 161 24 166 2 4 77 8 79 2 9 75 23 74 1 11 77 3 9 153 13 119 26 158 3 5 3 10 2 30 2 2 2 108 14 92 3 6 82 16 93 24 103 2 17 146 27 119 3 7 171 15 189 18 176 3 19 42 21 59 29 44 2 20 167 26 176 3 12 58 23 53 28 68 3 3 27 9 34 21 34 2 14 18 23 15 2 2 60 24 58 2 22 158 25 168 2 26 144 27 154
36 3 1 220 11 188 26 154 3 2 206 12 220 29 207 2 2 99 14 106 2 15 63 26 57 3 1 217 11 203 26 220 3 3 114 18 123 20 142 3 1 176 11 210 26 209 2 4 77 8 113 3 4 177 17 178 24 205 3 7 185 15 159 18 189 3 5 63 20 70 29 77 2 6 62 17 69 3 7 180 21 155 24 152 2 2 47 24 44 1 11 62 3 5 3 10 2 30 3 3 7 186 15 191 18 157 2 9 91 23 90 2 2 44 24 59 2 10 82 12 85 3 7 144 21 183 24 180 2 20 184 26 227 2 3 125 22 110 3 9 120 13 157 26 114 3 3 36 9 27 21 36 3 6 87 16 103 24 95 3 12 62 23 55 28 51 1 11 59 2 17 116 27 105 1 29 101 3 19 47 21 54 29 52 2 14 21 23 17 2 22 152 25 185 3 9 89 17 91 26 95 3 2 106 11 90 30 75 2 26 144 27 130
39 3 1 158 11 208 26 163 3 2 187 12 208 29 209 2 26 139 27 125 3 3 33 9 38 21 32 2 17 102 27 125 3 3 135 18 116 20 146 3 1 193 11 193 26 220 3 4 197 17 160 24 204 3 3 162 18 147 20 134 3 5 68 20 75 29 65 2 6 69 17 69 2 26 110 27 111 3 6 76 16 90 24 100 3 4 195 17 188 24 178 3 7 181 21 151 24 137 2 4 82 8 108 2 9 75 23 71 2 14 15 23 19 3 3 121 18 165 20 130 1 29 89 3 5 2 10 3 30 2 1 11 62 2 14 21 23 22 2 10 63 12 75 3 9 140 13 137 26 146 3 2 157 12 188 29 155 3 12 54 23 51 28 59 2 2 109 14 113 2 22 140 25 176 2 15 79 26 79 2 26 144 27 161 3 7 190 15 218 18 192 3 7 147 21 174 24 139 3 9 77 17 69 26 90 3 19 47 21 59 29 45 2 20 163 26 164 2 3 134 22 117 3 2 108 11 107 30 90 2 2 45 24 55
39 3 1 158 11 208 26 163 3 2 187 12 208 29 209 2 26 139 27 125 3 3 33 9 38 21 32 2 17 102 27 125 3 3 135 18 116 20 146 3 1 193 11 193 26 220 3 4 197 17 160 24 204 3 3 162 18 147 20 134 3 5 68 20 75 29 65 2 6 69 17 69 2 26 110 27 111 3 6 76 16 90 24 100 3 4 195 17 188 24 178 3 7 181 21 151 24 137 2 4 82 8 108 2 9 75 23 71 2 14 15 23 19 3 3 121 18 165 20 130 1 29 89 3 5 2 10 3 30 2 1 11 62 2 14 21 23 22 2 10 63 12 75 3 9 140 13 137 26 146 3 2 157 12 188 29 155 3 12 54 23 51 28 59 2 2 109 14 113 2 22 140 25 176 2 15 79 26 79 2 26 144 27 161 3 7 190 15 218 18 192 3 7 147 21 174 24 139 3 9 77 17 69 26 90 3 19 47 21 59 29 45 2 20 163 26 164 2 3 134 22 117 3 2 108 11 107 30 90 2 2 45 24 55
36 2 9 78 23 64 3 1 192 11 179 26 177 3 2 204 12 166 29 226 3 1 176 11 227 26 217 3 3 123 18 139 20 156 2 14 20 23 21 2 22 181 25 169 2 2 122 14 123 3 4 192 17 178 24 150 3 5 75 20 80 29 63 2 2 110 14 123 2 26 156 27 136 2 6 59 17 70 3 7 141 21 148 24 172 2 4 96 8 89 2 2 123 14 100 2 20 160 26 162 3 5 3 10 2 30 2 1 11 63 2 10 79 12 88 3 9 150 13 164 26 147 2 15 79 26 69 3 6 108 16 112 24 100 3 9 151 13 160 26 124 2 17 137 27 110 3 3 35 9 31 21 27 2 14 20 23 20 3 7 214 15 215 18 220 3 19 58 21 48 29 54 2 22 175 25 160 3 2 109 11 89 30 84 3 9 84 17 66 26 69 2 3 130 22 107 2 2 51 24 54 3 12 47 23 49 28 55 1 29 115
33 3 1 207 11 183 26 220 3 3 33 9 39 21 40 3 2 227 12 153 29 194 2 15 77 26 71 3 3 133 18 113 20 161 2 17 135 27 129 3 4 169 17 180 24 181 3 2 213 12 223 29 213 3 5 55 20 54 29 68 2 6 51 17 49 3 7 154 21 136 24 128 1 29 116 2 4 107 8 111 2 9 92 23 85 3 5 2 10 3 30 2 3 12 60 23 52 28 62 1 11 76 2 10 68 12 81 3 2 76 11 111 30 100 2 22 175 25 127 3 9 130 13 146 26 120 2 14 19 23 21 2 2 108 14 115 3 7 164 15 185 18 221 3 6 86 16 100 24 80 3 3 119 18 113 20 127 3 19 49 21 57 29 43 1 11 62 2 26 160 27 141 2 2 54 24 44 3 9 86 17 77 26 86 2 20 192 26 192 2 3 131 22 119
33 3 1 207 11 183 26 220 3 3 33 9 39 21 40 3 2 227 12 153 29 194 2 15 77 26 71 3 3 133 18 113 20 161 2 17 135 27 129 3 4 169 17 180 24 181 3 2 213 12 223 29 213 3 5 55 20 54 29 68 2 6 51 17 49 3 7 154 21 136 24 128 1 29 116 2 4 107 8 111 2 9 92 23 85 3 5 2 10 3 30 2 3 12 60 23 52 28 62 1 11 76 2 10 68 12 81 3 2 76 11 111 30 100 2 22 175 25 127 3 9 130 13 146 26 120 2 14 19 23 21 2 2 108 14 115 3 7 164 15 185 18 221 3 6 86 16 100 24 80 3 3 119 18 113 20 127 3 19 49 21 57 29 43 1 11 62 2 26 160 27 141 2 2 54 24 44 3 9 86 17 77 26 86 2 20 192 26 192 2 3 131 22 119
33 3 1 207 11 183 26 220 3 3 33 9 39 21 40 3 2 227 12 153 29 194 2 15 77 26 71 3 3 133 18 113 20 161 2 17 135 27 129 3 4 169 17 180 24 181 3 2 213 12 223 29 213 3 5 55 20 54 29 68 2 6 51 17 49 3 7 154 21 136 24 128 1 29 116 2 4 107 8 111 2 9 92 23 85 3 5 2 10 3 30 2 3 12 60 23 52 28 62 1 11 76 2 10 68 12 81 3 2 76 11 111 30 100 2 22 175 25 127 3 9 130 13 146 26 120 2 14 19 23 21 2 2 108 14 115 3 7 164 15 185 18 221 3 6 86 16 100 24 80 3 3 119 18 113 20 127 3 19 49 21 57 29 43 1 11 62 2 26 160 27 141 2 2 54 24 44 3 9 86 17 77 26 86 2 20 192 26 192 2 3 131 22 119
36 2 9 93 23 86 3 1 202 11 226 26 177 3 2 172 12 212 29 202 3 1 185 11 207 26 190 3 3 136 18 123 20 128 2 14 18 23 19 2 22 170 25 135 2 2 123 14 96 3 4 180 17 179 24 170 3 5 74 20 55 29 57 2 2 109 14 113 2 26 142 27 151 2 6 53 17 63 3 7 177 21 143 24 170 2 4 93 8 114 2 2 95 14 106 2 20 225 26 159 3 5 3 10 3 30 2 1 11 66 2 10 68 12 62 3 9 135 13 119 26 135 2 15 77 26 66 3 6 112 16 103 24 105 3 9 145 13 134 26 149 2 17 124 27 120 3 3 28 9 39 21 32 2 14 17 23 20 3 7 189 15 204 18 208 3 19 43 21 45 29 56 2 22 181 25 178 3 2 74 11 88 30 88 3 9 95 17 72 26 90 2 3 105 22 116 2 2 47 24 60 3 12 67 23 50 28 65 1 29 103
36 2 9 93 23 86 3 1 202 11 226 26 177 3 2 172 12 212 29 202 3 1 185 11 207 26 190 3 3 136 18 123 20 128 2 14 18 23 19 2 22 170 25 135 2 2 123 14 96 3 4 180 17 179 24 170 3 5 74 20 55 29 57 2 2 109 14 113 2 26 142 27 151 2 6 53 17 63 3 7 177 21 143 24 170 2 4 93 8 114 2 2 95 14 106 2 20 225 26 159 3 5 3 10 3 30 2 1 11 66 2 10 68 12 62 3 9 135 13 119 26 135 2 15 77 26 66 3 6 112 16 103 24 105 3 9 145 13 134 26 149 2 17 124 27 120 3 3 28 9 39 21 32 2 14 17 23 20 3 7 189 15 204 18 208 3 19 43 21 45 29 56 2 22 181 25 178 3 2 74 11 88 30 88 3 9 95 17 72 26 90 2 3 105 22 116 2 2 47 24 60 3 12 67 23 50 28 65 1 29 103
35 2 15 79 26 56 3 3 137 18 152 20 142 3 1 177 11 192 26 155 2 15 70 26 77 3 4 147 17 216 24 215 3 2 214 12 206 29 222 3 5 58 20 76 29 80 3 19 54 21 48 29 52 2 6 70 17 56 3 7 180 21 125 24 163 2 4 92 8 102 2 3 107 22 104 2 9 75 23 79 1 29 114 2 6 61 17 58 3 5 3 10 3 30 3 3 3 119 18 115 20 137 1 11 75 2 10 63 12 86 3 9 69 17 81 26 74 3 9 165 13 115 26 162 3 2 88 11 108 30 88 2 2 116 14 86 3 6 93 16 90 24 93 3 9 159 13 165 26 148 2 17 116 27 128 2 4 114 8 91 3 7 196 15 203 18 194 2 20 163 26 166 2 2 50 24 52 3 3 32 9 29 21 34 2 14 19 23 19 2 22 171 25 152 2 26 133 27 163 3 12 59 23 53 28 53
35 2 15 79 26 56 3 3 137 18 152 20 142 3 1 177 11 192 26 155 2 15 70 26 77 3 4 147 17 216 24 215 3 2 214 12 206 29 222 3 5 58 20 76 29 80 3 19 54 21 48 29 52 2 6 70 17 56 3 7 180 21 125 24 163 2 4 92 8 102 2 3 107 22 104 2 9 75 23 79 1 29 114 2 6 61 17 58 3 5 3 10 3 30 3 3 3 119 18 115 20 137 1 11 75 2 10 63 12 86 3 9 69 17 81 26 74 3 9 165 13 115 26 162 3 2 88 11 108 30 88 2 2 116 14 86 3 6 93 16 90 24 93 3 9 159 13 165 26 148 2 17 116 27 128 2 4 114 8 91 3 7 196 15 203 18 194 2 20 163 26 166 2 2 50 24 52 3 3 32 9 29 21 34 2 14 19 23 19 2 22 171 25 152 2 26 133 27 163 3 12 59 23 53 28 53
36 3 1 207 11 196 26 170 3 2 165 12 226 29 211 3 1 154 11 171 26 210 2 2 119 14 119 3 1 223 11 170 26 202 3 3 156 18 144 20 118 2 2 102 14 113 3 4 153 17 188 24 196 3 2 197 12 192 29 212 3 2 87 11 75 30 109 3 5 55 20 65 29 55 2 6 67 17 59 3 12 68 23 57 28 69 3 7 127 21 183 24 169 2 4 97 8 81 2 9 84 23 83 3 9 141 13 114 26 164 1 29 101 3 5 2 10 2 30 2 2 9 82 23 81 2 3 138 22 144 3 19 53 21 45 29 49 1 11 59 2 10 77 12 87 2 15 63 26 67 2 2 107 14 103 2 22 161 25 152 3 6 105 16 78 24 77 2 20 226 26 217 2 17 133 27 103 3 7 167 15 172 18 226 3 3 40 9 38 21 38 2 14 16 23 20 2 2 46 24 59 3 9 70 17 79 26 69 2 26 153 27 152
33 3 1 180 11 206 26 165 3 2 214 12 206 29 153 3 3 131 18 127 20 167 3 4 216 17 189 24 171 3 5 60 20 56 29 68 2 6 69 17 51 2 2 42 24 55 3 7 141 21 162 24 182 1 11 63 3 1 162 11 202 26 184 2 4 85 8 94 2 2 55 24 45 3 9 80 17 69 26 66 2 9 63 23 69 3 3 153 18 155 20 134 3 5 2 10 2 30 3 2 10 85 12 69 3 9 149 13 117 26 167 2 2 84 14 103 1 29 90 2 15 74 26 60 2 3 134 22 116 3 6 91 16 85 24 93 2 17 116 27 98 3 7 210 15 185 18 209 3 2 90 11 92 30 79 3 19 53 21 50 29 51 2 20 206 26 195 3 3 31 9 32 21 34 2 14 18 23 20 2 22 168 25 179 2 26 118 27 161 3 12 57 23 68 28 63
33 3 1 180 11 206 26 165 3 2 214 12 206 29 153 3 3 131 18 127 20 167 3 4 216 17 189 24 171 3 5 60 20 56 29 68 2 6 69 17 51 2 2 42 24 55 3 7 141 21 162 24 182 1 11 63 3 1 162 11 202 26 184 2 4 85 8 94 2 2 55 24 45 3 9 80 17 69 26 66 2 9 63 23 69 3 3 153 18 155 20 134 3 5 2 10 2 30 3 2 10 85 12 69 3 9 149 13 117 26 167 2 2 84 14 103 1 29 90 2 15 74 26 60 2 3 134 22 116 3 6 91 16 85 24 93 2 17 116 27 98 3 7 210 15 185 18 209 3 2 90 11 92 30 79 3 19 53 21 50 29 51 2 20 206 26 195 3 3 31 9 32 21 34 2 14 18 23 20 2 22 168 25 179 2 26 118 27 161 3 12 57 23 68 28 63
33 3 1 180 11 206 26 165 3 2 214 12 206 29 153 3 3 131 18 127 20 167 3 4 216 17 189 24 171 3 5 60 20 56 29 68 2 6 69 17 51 2 2 42 24 55 3 7 141 21 162 24 182 1 11 63 3 1 162 11 202 26 184 2 4 85 8 94 2 2 55 24 45 3 9 80 17 69 26 66 2 9 63 23 69 3 3 153 18 155 20 134 3 5 2 10 2 30 3 2 10 85 12 69 3 9 149 13 117 26 167 2 2 84 14 103 1 29 90 2 15 74 26 60 2 3 134 22 116 3 6 91 16 85 24 93 2 17 116 27 98 3 7 210 15 185 18 209 3 2 90 11 92 30 79 3 19 53 21 50 29 51 2 20 206 26 195 3 3 31 9 32 21 34 2 14 18 23 20 2 22 168 25 179 2 26 118 27 161 3 12 57 23 68 28 63
36 3 2 78 11 87 30 87 2 3 127 22 102 3 1 201 11 216 26 177 3 2 95 11 93 30 111 3 2 162 12 204 29 208 3 3 121 18 156 20 121 3 4 183 17 176 24 189 2 6 64 17 57 3 2 206 12 161 29 180 3 5 61 20 69 29 59 3 7 182 21 171 24 175 3 2 75 11 109 30 104 2 4 104 8 92 2 10 65 12 88 3 2 175 12 185 29 158 2 9 83 23 79 2 20 224 26 210 3 5 2 10 3 30 3 3 3 150 18 156 20 135 2 17 147 27 133 1 11 72 2 4 93 8 77 3 9 140 13 149 26 130 3 9 90 17 96 26 86 1 29 90 2 2 114 14 100 2 15 59 26 61 2 2 57 24 61 3 6 76 16 106 24 107 2 26 121 27 117 3 7 172 15 219 18 233 3 12 48 23 51 28 51 3 3 37 9 34 21 29 3 19 42 21 61 29 45 2 14 16 23 21 2 22 138 25 159
36 3 2 78 11 87 30 87 2 3 127 22 102 3 1 201 11 216 26 177 3 2 95 11 93 30 111 3 2 162 12 204 29 208 3 3 121 18 156 20 121 3 4 183 17 176 24 189 2 6 64 17 57 3 2 206 12 161 29 180 3 5 61 20 69 29 59 3 7 182 21 171 24 175 3 2 75 11 109 30 104 2 4 104 8 92 2 10 65 12 88 3 2 175 12 185 29 158 2 9 83 23 79 2 20 224 26 210 3 5 2 10 3 30 3 3 3 150 18 156 20 135 2 17 147 27 133 1 11 72 2 4 93 8 77 3 9 140 13 149 26 130 3 9 90 17 96 26 86 1 29 90 2 2 114 14 100 2 15 59 26 61 2 2 57 24 61 3 6 76 16 106 24 107 2 26 121 27 117 3 7 172 15 219 18 233 3 12 48 23 51 28 51 3 3 37 9 34 21 29 3 19 42 21 61 29 45 2 14 16 23 21 2 22 138 25 159
30 3 3 29 9 32 21 36 3 1 209 11 185 26 153 3 2 197 12 223 29 192 2 4 76 8 95 2 22 184 25 144 3 3 136 18 152 20 155 3 12 67 23 49 28 54 3 4 183 17 146 24 185 3 5 62 20 70 29 79 2 6 67 17 49 3 7 172 21 140 24 139 2 9 91 23 74 3 5 2 10 2 30 2 1 11 78 2 26 153 27 157 2 10 82 12 78 2 17 126 27 132 3 9 132 13 124 26 119 2 2 121 14 123 2 15 63 26 54 3 6 93 16 94 24 99 2 14 17 23 16 3 7 185 15 225 18 216 3 19 47 21 45 29 42 2 20 214 26 233 2 3 118 22 121 2 2 54 24 60 3 2 86 11 108 30 104 3 9 91 17 80 26 96 1 29 82
30 3 3 29 9 32 21 36 3 1 209 11 185 26 153 3 2 197 12 223 29 192 2 4 76 8 95 2 22 184 25 144 3 3 136 18 152 20 155 3 12 67 23 49 28 54 3 4 183 17 146 24 185 3 5 62 20 70 29 79 2 6 67 17 49 3 7 172 21 140 24 139 2 9 91 23 74 3 5 2 10 2 30 2 1 11 78 2 26 153 27 157 2 10 82 12 78 2 17 126 27 132 3 9 132 13 124 26 119 2 2 121 14 123 2 15 63 26 54 3 6 93 16 94 24 99 2 14 17 23 16 3 7 185 15 225 18 216 3 19 47 21 45 29 42 2 20 214 26 233 2 3 118 22 121 2 2 54 24 60 3 2 86 11 108 30 104 3 9 91 17 80 26 96 1 29 82
36 3 1 187 11 229 26 191 3 2 185 12 195 29 201 2 2 113 14 119 2 15 60 26 71 3 1 216 11 189 26 228 3 3 121 18 160 20 149 3 1 185 11 167 26 154 2 4 107 8 85 3 4 216 17 205 24 159 3 7 218 15 204 18 209 3 5 75 20 70 29 77 2 6 64 17 49 3 7 163 21 163 24 128 2 2 43 24 42 1 11 75 3 5 2 10 3 30 2 3 7 188 15 184 18 179 2 9 68 23 68 2 2 44 24 43 2 10 66 12 71 3 7 180 21 181 24 175 2 20 226 26 224 2 3 118 22 118 3 9 166 13 157 26 136 3 3 29 9 37 21 35 3 6 81 16 84 24 90 3 12 46 23 59 28 56 1 11 58 2 17 101 27 123 1 29 112 3 19 45 21 53 29 58 2 14 16 23 18 2 22 153 25 134 3 9 82 17 89 26 94 3 2 82 11 102 30 82 2 26 113 27 151
36 3 1 187 11 229 26 191 3 2 185 12 195 29 201 2 2 113 14 119 2 15 60 26 71 3 1 216 11 189 26 228 3 3 121 18 160 20 149 3 1 185 11 167 26 154 2 4 107 8 85 3 4 216 17 205 24 159 3 7 218 15 204 18 209 3 5 75 20 70 29 77 2 6 64 17 49 3 7 163 21 163 24 128 2 2 43 24 42 1 11 75 3 5 2 10 3 30 2 3 7 188 15 184 18 179 2 9 68 23 68 2 2 44 24 43 2 10 66 12 71 3 7 180 21 181 24 175 2 20 226 26 224 2 3 118 22 118 3 9 166 13 157 26 136 3 3 29 9 37 21 35 3 6 81 16 84 24 90 3 12 46 23 59 28 56 1 11 58 2 17 101 27 123 1 29 112 3 19 45 21 53 29 58 2 14 16 23 18 2 22 153 25 134 3 9 82 17 89 26 94 3 2 82 11 102 30 82 2 26 113 27 151
36 3 1 187 11 229 26 191 3 2 185 12 195 29 201 2 2 113 14 119 2 15 60 26 71 3 1 216 11 189 26 228 3 3 121 18 160 20 149 3 1 185 11 167 26 154 2 4 107 8 85 3 4 216 17 205 24 159 3 7 218 15 204 18 209 3 5 75 20 70 29 77 2 6 64 17 49 3 7 163 21 163 24 128 2 2 43 24 42 1 11 75 3 5 2 10 3 30 2 3 7 188 15 184 18 179 2 9 68 23 68 2 2 44 24 43 2 10 66 12 71 3 7 180 21 181 24 175 2 20 226 26 224 2 3 118 22 118 3 9 166 13 157 26 136 3 3 29 9 37 21 35 3 6 81 16 84 24 90 3 12 46 23 59 28 56 1 11 58 2 17 101 27 123 1 29 112 3 19 45 21 53 29 58 2 14 16 23 18 2 22 153 25 134 3 9 82 17 89 26 94 3 2 82 11 102 30 82 2 26 113 27 151
35 2 15 78 26 72 3 3 158 18 158 20 166 3 1 225 11 226 26 204 2 15 58 26 56 3 4 153 17 198 24 153 3 2 171 12 166 29 159 3 5 63 20 61 29 58 3 19 55 21 60 29 41 2 6 60 17 48 3 7 148 21 172 24 135 2 4 102 8 88 2 3 120 22 116 2 9 71 23 86 1 29 85 2 6 63 17 52 3 5 3 10 3 30 3 3 3 131 18 119 20 130 1 11 65 2 10 82 12 78 3 9 97 17 74 26 81 3 9 165 13 163 26 160 3 2 98 11 89 30 81 2 2 85 14 101 3 6 78 16 76 24 106 3 9 134 13 160 26 113 2 17 139 27 122 2 4 93 8 93 3 7 231 15 230 18 190 2 20 217 26 211 2 2 56 24 47 3 3 33 9 37 21 39 2 14 16 23 19 2 22 138 25 174 2 26 150 27 154 3 12 55 23 50 28 57
36 3 1 157 11 186 26 183 3 2 153 12 159 29 162 2 2 119 14 101 2 15 70 26 70 3 1 202 11 166 26 154 3 3 165 18 143 20 127 3 1 226 11 199 26 222 2 4 101 8 95 3 4 158 17 204 24 199 3 7 190 15 216 18 209 3 5 72 20 55 29 65 2 6 59 17 51 3 7 137 21 156 24 154 2 2 52 24 60 1 11 62 3 5 3 10 2 30 2 3 7 173 15 176 18 232 2 9 89 23 86 2 2 52 24 48 2 10 79 12 87 3 7 157 21 180 24 162 2 20 201 26 215 2 3 122 22 132 3 9 138 13 122 26 146 3 3 39 9 37 21 27 3 6 80 16 97 24 99 3 12 57 23 52 28 61 1 11 77 2 17 134 27 115 1 29 123 3 19 47 21 54 29 52 2 14 16 23 20 2 22 166 25 178 3 9 69 17 72 26 68 3 2 104 11 105 30 86 2 26 121 27 123
36 3 1 157 11 186 26 183 3 2 153 12 159 29 162 2 2 119 14 101 2 15 70 26 70 3 1 202 11 166 26 154 3 3 165 18 143 20 127 3 1 226 11 199 26 222 2 4 101 8 95 3 4 158 17 204 24 199 3 7 190 15 216 18 209 3 5 72 20 55 29 65 2 6 59 17 51 3 7 137 21 156 24 154 2 2 52 24 60 1 11 62 3 5 3 10 2 30 2 3 7 173 15 176 18 232 2 9 89 23 86 2 2 52 24 48 2 10 79 12 87 3 7 157 21 180 24 162 2 20 201 26 215 2 3 122 22 132 3 9 138 13 122 26 146 3 3 39 9 37 21 27 3 6 80 16 97 24 99 3 12 57 23 52 28 61 1 11 77 2 17 134 27 115 1 29 123 3 19 47 21 54 29 52 2 14 16 23 20 2 22 166 25 178 3 9 69 17 72 26 68 3 2 104 11 105 30 86 2 26 121 27 123
38 3 1 213 11 184 26 200 3 2 204 12 220 29 183 3 3 114 18 135 20 163 3 2 100 11 75 30 94 3 2 192 12 158 29 217 2 15 69 26 69 2 14 19 23 21 3 4 187 17 196 24 191 3 5 54 20 79 29 57 2 6 63 17 51 3 7 145 21 177 24 150 2 4 80 8 79 2 9 63 23 81 3 4 176 17 217 24 214 3 5 3 10 2 30 2 2 22 130 25 126 3 2 174 12 185 29 156 3 3 31 9 32 21 34 3 4 210 17 159 24 183 1 11 75 2 20 167 26 169 2 10 63 12 84 3 9 142 13 127 26 164 3 6 90 16 96 24 91 1 11 70 3 7 196 15 192 18 193 3 9 141 13 160 26 164 1 29 106 2 2 108 14 91 1 11 73 2 17 104 27 105 3 19 53 21 59 29 44 3 6 105 16 94 24 94 2 3 101 22 129 2 2 57 24 47 3 9 73 17 69 26 93 3 12 60 23 59 28 58 2 26 141 27 125
37 1 29 88 3 1 156 11 160 26 223 3 2 178 12 162 29 205 2 3 108 22 138 2 10 85 12 86 3 3 164 18 168 20 141 3 1 154 11 206 26 192 3 4 182 17 149 24 165 3 1 196 11 164 26 201 3 5 74 20 72 29 59 3 5 2 10 2 30 3 2 2 122 14 105 1 29 96 2 6 61 17 70 3 7 164 21 142 24 170 2 4 90 8 108 3 9 71 17 87 26 92 3 12 51 23 54 28 53 3 1 228 11 162 26 219 2 9 73 23 66 1 11 63 3 9 114 13 153 26 142 2 15 56 26 58 3 6 78 16 102 24 87 2 2 122 14 122 2 20 199 26 236 2 9 85 23 82 3 3 36 9 35 21 36 2 22 163 25 167 2 17 112 27 123 2 26 156 27 117 3 7 166 15 233 18 197 2 2 46 24 52 3 19 57 21 44 29 41 2 17 127 27 131 2 14 20 23 17 3 2 84 11 94 30 84
36 3 2 86 11 85 30 91 2 3 130 22 102 3 1 218 11 217 26 175 3 2 91 11 104 30 103 3 2 223 12 204 29 171 3 3 158 18 120 20 164 3 4 169 17 173 24 158 2 6 51 17 70 3 2 176 12 163 29 154 3 5 64 20 54 29 57 3 7 177 21 183 24 158 3 2 89 11 82 30 83 2 4 108 8 88 2 10 66 12 85 3 2 192 12 213 29 153 2 9 74 23 89 2 20 223 26 195 3 5 3 10 2 30 3 3 3 116 18 142 20 144 2 17 139 27 109 1 11 77 2 4 114 8 100 3 9 117 13 162 26 124 3 9 79 17 97 26 83 1 29 112 2 2 110 14 90 2 15 66 26 63 2 2 42 24 59 3 6 105 16 96 24 81 2 26 154 27 159 3 7 203 15 182 18 209 3 12 54 23 62 28 53 3 3 32 9 37 21 34 3 19 42 21 44 29 41 2 14 20 23 20 2 22 135 25 166
36 3 2 86 11 85 30 91 2 3 130 22 102 3 1 218 11 217 26 175 3 2 91 11 104 30 103 3 2 223 12 204 29 171 3 3 158 18 120 20 164 3 4 169 17 173 24 158 2 6 51 17 70 3 2 176 12 163 29 154 3 5 64 20 54 29 57 3 7 177 21 183 24 158 3 2 89 11 82 30 83 2 4 108 8 88 2 10 66 12 85 3 2 192 12 213 29 153 2 9 74 23 89 2 20 223 26 195 3 5 3 10 2 30 3 3 3 116 18 142 20 144 2 17 139 27 109 1 11 77 2 4 114 8 100 3 9 117 13 162 26 124 3 9 79 17 97 26 83 1 29 112 2 2 110 14 90 2 15 66 26 63 2 2 42 24 59 3 6 105 16 96 24 81 2 26 154 27 159 3 7 203 15 182 18 209 3 12 54 23 62 28 53 3 3 32 9 37 21 34 3 19 42 21 44 29 41 2 14 20 23 20 2 22 135 25 166
36 3 1 178 11 189 26 161 3 2 197 12 191 29 196 2 2 119 14 110 2 15 57 26 61 3 1 189 11 185 26 165 3 3 162 18 128 20 125 3 1 190 11 208 26 224 2 4 89 8 93 3 4 190 17 148 24 206 3 7 225 15 189 18 203 3 5 67 20 67 29 72 2 6 62 17 63 3 7 153 21 150 24 174 2 2 58 24 49 1 11 62 3 5 3 10 3 30 3 3 7 235 15 232 18 208 2 9 74 23 92 2 2 55 24 47 2 10 91 12 66 3 7 136 21 171 24 162 2 20 221 26 174 2 3 117 22 131 3 9 129 13 156 26 164 3 3 38 9 39 21 38 3 6 88 16 111 24 85 3 12 49 23 61 28 66 1 11 64 2 17 124 27 117 1 29 95 3 19 49 21 50 29 43 2 14 20 23 20 2 22 165 25 180 3 9 93 17 72 26 87 3 2 84 11 97 30 78 2 26 118 27 139
36 3 1 178 11 189 26 161 3 2 197 12 191 29 196 2 2 119 14 110 2 15 57 26 61 3 1 189 11 185 26 165 3 3 162 18 128 20 125 3 1 190 11 208 26 224 2 4 89 8 93 3 4 190 17 148 24 206 3 7 225 15 189 18 203 3 5 67 20 67 29 72 2 6 62 17 63 3 7 153 21 150 24 174 2 2 58 24 49 1 11 62 3 5 3 10 3 30 3 3 7 235 15 232 18 208 2 9 74 23 92 2 2 55 24 47 2 10 91 12 66 3 7 136 21 171 24 162 2 20 221 26 174 2 3 117 22 131 3 9 129 13 156 26 164 3 3 38 9 39 21 38 3 6 88 16 111 24 85 3 12 49 23 61 28 66 1 11 64 2 17 124 27 117 1 29 95 3 19 49 21 50 29 43 2 14 20 23 20 2 22 165 25 180 3 9 93 17 72 26 87 3 2 84 11 97 30 78 2 26 118 27 139
39 3 1 209 11 155 26 225 3 2 163 12 166 29 228 2 26 144 27 150 3 3 39 9 33 21 33 2 17 130 27 130 3 3 151 18 136 20 131 3 1 193 11 154 26 189 3 4 168 17 151 24 187 3 3 142 18 160 20 145 3 5 64 20 65 29 69 2 6 53 17 51 2 26 147 27 150 3 6 92 16 110 24 105 3 4 175 17 188 24 217 3 7 172 21 175 24 131 2 4 105 8 103 2 9 90 23 82 2 14 19 23 15 3 3 163 18 135 20 128 1 29 101 3 5 2 10 2 30 2 1 11 59 2 14 19 23 18 2 10 91 12 78 3 9 117 13 113 26 115 3 2 176 12 217 29 211 3 12 52 23 55 28 58 2 2 90 14 107 2 22 133 25 179 2 15 57 26 56 2 26 155 27 135 3 7 215 15 224 18 225 3 7 176 21 157 24 164 3 9 97 17 84 26 89 3 19 40 21 52 29 54 2 20 181 26 171 2 3 142 22 123 3 2 109 11 108 30 100 2 2 48 24 48
38 3 1 205 11 179 26 159 3 2 170 12 167 29 211 3 3 154 18 149 20 151 3 2 108 11 104 30 92 3 2 170 12 229 29 214 2 15 63 26 65 2 14 20 23 22 3 4 153 17 179 24 177 3 5 69 20 69 29 76 2 6 67 17 72 3 7 179 21 140 24 171 2 4 86 8 95 2 9 65 23 82 3 4 200 17 160 24 196 3 5 2 10 2 30 3 2 22 140 25 152 3 2 218 12 170 29 228 3 3 32 9 38 21 33 3 4 218 17 210 24 182 1 11 71 2 20 192 26 161 2 10 65 12 89 3 9 161 13 156 26 119 3 6 76 16 110 24 103 1 11 57 3 7 162 15 210 18 227 3 9 168 13 154 26 163 1 29 96 2 2 87 14 94 1 11 77 2 17 112 27 133 3 19 54 21 49 29 54 3 6 105 16 76 24 75 2 3 111 22 114 2 2 62 24 52 3 9 95 17 84 26 82 3 12 63 23 61 28 48 2 26 125 27 131
33 3 1 156 11 230 26 210 3 2 221 12 227 29 170 3 3 117 18 153 20 151 3 4 184 17 163 24 170 3 5 65 20 71 29 60 2 6 60 17 58 2 2 57 24 50 3 7 138 21 169 24 172 1 11 77 3 1 170 11 210 26 158 2 4 93 8 95 2 2 44 24 52 3 9 76 17 96 26 82 2 9 86 23 63 3 3 153 18 152 20 158 3 5 3 10 2 30 3 2 10 80 12 70 3 9 113 13 117 26 131 2 2 88 14 87 1 29 96 2 15 60 26 72 2 3 100 22 133 3 6 85 16 110 24 84 2 17 100 27 101 3 7 199 15 213 18 165 3 2 84 11 105 30 96 3 19 54 21 54 29 60 2 20 163 26 164 3 3 32 9 40 21 31 2 14 18 23 15 2 22 164 25 183 2 26 137 27 120 3 12 49 23 60 28 62
38 3 1 209 11 157 26 204 3 2 214 12 152 29 157 3 3 165 18 140 20 142 3 4 159 17 187 24 213 3 9 146 13 128 26 154 3 5 63 20 61 29 65 2 6 49 17 60 3 7 140 21 168 24 165 3 2 214 12 185 29 180 1 29 83 2 4 107 8 84 3 12 65 23 57 28 51 2 9 92 23 81 3 5 3 10 2 30 2 3 9 147 13 167 26 166 1 11 71 2 15 71 26 57 3 1 185 11 185 26 229 2 10 65 12 71 2 2 114 14 120 2 22 147 25 147 3 6 100 16 78 24 78 2 17 143 27 117 3 9 117 13 163 26 154 3 7 223 15 157 18 168 2 2 108 14 86 3 19 43 21 59 29 43 2 14 17 23 19 2 6 60 17 50 3 3 36 9 35 21 39 2 20 219 26 181 2 6 61 17 50 3 2 104 11 82 30 103 1 29 85 3 9 93 17 78 26 92 2 3 102 22 104 2 2 52 24 46 2 26 151 27 129
37 3 1 201 11 186 26 199 3 2 192 12 190 29 180 1 11 69 3 2 212 12 194 29 168 3 3 141 18 113 20 123 3 4 174 17 207 24 195 2 9 69 23 68 3 5 63 20 71 29 69 3 1 184 11 217 26 169 2 6 72 17 72 3 4 214 17 197 24 199 3 7 183 21 156 24 181 2 4 104 8 114 3 5 2 10 3 30 2 2 10 67 12 73 2 2 55 24 42 3 9 133 13 135 26 149 2 2 104 14 102 2 15 66 26 57 3 5 3 10 3 30 2 3 6 79 16 88 24 96 2 17 114 27 131 1 29 94 2 14 19 23 16 3 7 223 15 162 18 231 3 19 50 21 59 29 41 2 20 198 26 205 2 6 68 17 56 3 3 36 9 31 21 27 3 9 94 17 90 26 98 3 19 43 21 59 29 44 2 3 133 22 139 2 22 132 25 143 2 26 115 27 163 3 9 97 17 75 26 95 3 12 57 23 65 28 60 3 2 75 11 87 30 88
38 3 1 195 11 163 26 230 3 2 205 12 205 29 184 3 3 126 18 158 20 126 3 2 108 11 108 30 84 3 2 208 12 187 29 216 2 15 59 26 54 2 14 17 23 18 3 4 187 17 173 24 200 3 5 76 20 74 29 68 2 6 62 17 57 3 7 169 21 175 24 147 2 4 82 8 76 2 9 63 23 68 3 4 196 17 166 24 168 3 5 3 10 3 30 2 2 22 131 25 171 3 2 187 12 197 29 174 3 3 34 9 30 21 38 3 4 158 17 202 24 160 1 11 67 2 20 226 26 211 2 10 66 12 82 3 9 129 13 161 26 138 3 6 80 16 80 24 81 1 11 76 3 7 166 15 184 18 204 3 9 139 13 122 26 135 1 29 98 2 2 94 14 113 1 11 65 2 17 143 27 118 3 19 45 21 40 29 51 3 6 84 16 88 24 79 2 3 142 22 144 2 2 48 24 50 3 9 78 17 96 26 72 3 12 46 23 55 28 49 2 26 147 27 124
37 1 29 89 3 1 202 11 202 26 196 3 2 209 12 179 29 195 2 3 144 22 138 2 10 73 12 64 3 3 146 18 124 20 141 3 1 167 11 169 26 212 3 4 181 17 159 24 214 3 1 193 11 159 26 195 3 5 71 20 60 29 71 3 5 3 10 2 30 3 2 2 86 14 121 1 29 100 2 6 55 17 53 3 7 158 21 181 24 153 2 4 102 8 103 3 9 75 17 83 26 80 3 12 68 23 62 28 53 3 1 194 11 157 26 203 2 9 68 23 78 1 11 56 3 9 147 13 168 26 163 2 15 71 26 72 3 6 93 16 79 24 103 2 2 105 14 96 2 20 215 26 228 2 9 72 23 83 3 3 29 9 40 21 37 2 22 150 25 174 2 17 143 27 115 2 26 111 27 114 3 7 190 15 229 18 194 2 2 50 24 43 3 19 41 21 48 29 43 2 17 110 27 133 2 14 18 23 22 3 2 77 11 107 30 79
DUE_DATES: 5059 7053 6187 6187 6187 6497 6497 5589 5589 5008 5008 5482 6423 6995 6995 6338 5709 5709 5709 6233 6233 5866 5866 6501 5571 5571 5571 6323 6323 5117 5117 6442 6442 6442 5846 6442 6442 6720 6603 6343 6343 6466 6466 7187 6850 5520 6539 6307 6769 6597
WEIGHTS: 2 3 2 3 2 2 2 2 1 2 1 3 3 1 2 3 3 3 2 1 3 1 2 1 2 1 3 1 2 2 1 1 3 2 1 1 3 3 3 1 3 1 2 2 1 2 3 2 2 3
