50 30
38 2 2 41 16 42 2 1 136 8 162 2 2 32 16 42 3 10 33 14 34 21 28 2 2 166 3 149 3 10 33 14 31 21 35 3 5 32 21 40 25 36 3 4 98 6 132 25 138 2 1 143 8 134 2 11 103 18 81 2 1 58 6 61 3 7 109 21 98 27 125 2 2 41 16 42 2 8 102 20 138 2 3 78 9 89 3 4 110 7 89 10 83 3 7 113 21 105 27 127 3 9 166 12 159 27 181 2 9 124 11 124 3 5 83 13 83 16 87 3 11 20 14 21 25 18 2 5 211 15 145 3 2 10 16 10 21 9 3 14 139 17 119 24 154 3 19 1 23 1 29 1 2 1 62 23 72 3 19 74 22 80 28 81 2 9 149 11 162 1 20 72 3 3 20 13 21 22 16 3 1 45 17 58 24 62 3 5 7 19 6 25 7 2 15 206 27 165 2 24 176 30 182 1 20 71 3 15 33 26 30 30 42 3 10 35 14 29 21 30 2 13 6 29 6
38 2 2 41 16 42 2 1 136 8 162 2 2 32 16 42 3 10 33 14 34 21 28 2 2 166 3 149 3 10 33 14 31 21 35 3 5 32 21 40 25 36 3 4 98 6 132 25 138 2 1 143 8 134 2 11 103 18 81 2 1 58 6 61 3 7 109 21 98 27 125 2 2 41 16 42 2 8 102 20 138 2 3 78 9 89 3 4 110 7 89 10 83 3 7 113 21 105 27 127 3 9 166 12 159 27 181 2 9 124 11 124 3 5 83 13 83 16 87 3 11 20 14 21 25 18 2 5 211 15 145 3 2 10 16 10 21 9 3 14 139 17 119 24 154 3 19 1 23 1 29 1 2 1 62 23 72 3 19 74 22 80 28 81 2 9 149 11 162 1 20 72 3 3 20 13 21 22 16 3 1 45 17 58 24 62 3 5 7 19 6 25 7 2 15 206 27 165 2 24 176 30 182 1 20 71 3 15 33 26 30 30 42 3 10 35 14 29 21 30 2 13 6 29 6
37 3 5 5 19 7 25 7 2 1 140 8 143 3 19 1 23 1 29 1 2 2 46 16 33 2 15 142 27 194 2 1 126 8 185 2 2 177 3 137 2 8 105 20 103 2 2 36 16 41 3 5 34 21 35 25 39 3 4 124 6 130 25 113 2 2 40 16 34 2 3 72 9 84 2 1 68 6 69 2 11 104 18 110 3 7 127 21 93 27 112 3 4 79 7 109 10 107 2 1 145 8 161 2 9 119 11 162 2 15 194 27 180 3 9 138 12 203 27 186 3 5 80 13 74 16 65 2 24 185 30 147 3 19 1 23 1 29 1 3 11 23 14 22 25 24 2 5 195 15 209 3 1 46 17 61 24 52 3 2 9 16 11 21 9 3 14 152 17 134 24 117 1 20 67 3 10 27 14 31 21 28 3 3 17 13 15 22 17 2 1 68 23 82 2 13 6 29 8 3 15 32 26 32 30 36 3 11 21 14 18 25 24 3 19 80 22 66 28 60
38 2 2 38 16 44 2 1 171 8 158 2 2 38 16 32 3 10 38 14 27 21 33 2 2 131 3 125 3 10 27 14 35 21 36 3 5 42 21 34 25 36 3 4 134 6 130 25 104 2 1 170 8 183 2 11 100 18 107 2 1 65 6 51 3 7 112 21 119 27 107 2 2 40 16 43 2 8 142 20 103 2 3 65 9 80 3 4 93 7 96 10 93 3 7 113 21 118 27 127 3 9 148 12 180 27 146 2 9 123 11 125 3 5 91 13 89 16 69 3 11 19 14 24 25 17 2 5 191 15 214 3 2 8 16 10 21 9 3 14 114 17 162 24 155 3 19 1 23 1 29 1 2 1 83 23 59 3 19 84 22 66 28 82 2 9 157 11 112 1 20 68 3 3 21 13 15 22 21 3 1 46 17 48 24 43 3 5 6 19 6 25 5 2 15 198 27 180 2 24 217 30 201 1 20 60 3 15 41 26 32 30 40 3 10 28 14 25 21 37 2 13 5 29 7
38 2 2 38 16 44 2 1 171 8 158 2 2 38 16 32 3 10 38 14 27 21 33 2 2 131 3 125 3 10 27 14 35 21 36 3 5 42 21 34 25 36 3 4 134 6 130 25 104 2 1 170 8 183 2 11 100 18 107 2 1 65 6 51 3 7 112 21 119 27 107 2 2 40 16 43 2 8 142 20 103 2 3 65 9 80 3 4 93 7 96 10 93 3 7 113 21 118 27 127 3 9 148 12 180 27 146 2 9 123 11 125 3 5 91 13 89 16 69 3 11 19 14 24 25 17 2 5 191 15 214 3 2 8 16 10 21 9 3 14 114 17 162 24 155 3 19 1 23 1 29 1 2 1 83 23 59 3 19 84 22 66 28 82 2 9 157 11 112 1 20 68 3 3 21 13 15 22 21 3 1 46 17 48 24 43 3 5 6 19 6 25 5 2 15 198 27 180 2 24 217 30 201 1 20 60 3 15 41 26 32 30 40 3 10 28 14 25 21 37 2 13 5 29 7
38 2 2 38 16 44 2 1 171 8 158 2 2 38 16 32 3 10 38 14 27 21 33 2 2 131 3 125 3 10 27 14 35 21 36 3 5 42 21 34 25 36 3 4 134 6 130 25 104 2 1 170 8 183 2 11 100 18 107 2 1 65 6 51 3 7 112 21 119 27 107 2 2 40 16 43 2 8 142 20 103 2 3 65 9 80 3 4 93 7 96 10 93 3 7 113 21 118 27 127 3 9 148 12 180 27 146 2 9 123 11 125 3 5 91 13 89 16 69 3 11 19 14 24 25 17 2 5 191 15 214 3 2 8 16 10 21 9 3 14 114 17 162 24 155 3 19 1 23 1 29 1 2 1 83 23 59 3 19 84 22 66 28 82 2 9 157 11 112 1 20 68 3 3 21 13 15 22 21 3 1 46 17 48 24 43 3 5 6 19 6 25 5 2 15 198 27 180 2 24 217 30 201 1 20 60 3 15 41 26 32 30 40 3 10 28 14 25 21 37 2 13 5 29 7
38 2 2 35 16 40 2 1 157 8 150 2 2 38 16 33 3 10 26 14 37 21 25 2 2 139 3 134 3 10 36 14 38 21 35 3 5 33 21 37 25 31 3 4 137 6 129 25 124 2 1 162 8 172 2 11 104 18 97 2 1 68 6 53 3 7 126 21 105 27 117 2 2 32 16 35 2 8 133 20 144 2 3 86 9 79 3 4 105 7 97 10 102 3 7 128 21 102 27 106 3 9 196 12 181 27 154 2 9 112 11 155 3 5 70 13 62 16 65 3 11 18 14 22 25 19 2 5 144 15 155 3 2 11 16 10 21 10 3 14 132 17 135 24 137 3 19 1 23 1 29 1 2 1 60 23 59 3 19 66 22 59 28 78 2 9 139 11 131 1 20 65 3 3 15 13 15 22 17 3 1 49 17 53 24 58 3 5 5 19 5 25 7 2 15 160 27 195 2 24 166 30 150 1 20 73 3 15 41 26 39 30 35 3 10 27 14 30 21 35 2 13 8 29 6
38 2 2 35 16 40 2 1 157 8 150 2 2 38 16 33 3 10 26 14 37 21 25 2 2 139 3 134 3 10 36 14 38 21 35 3 5 33 21 37 25 31 3 4 137 6 129 25 124 2 1 162 8 172 2 11 104 18 97 2 1 68 6 53 3 7 126 21 105 27 117 2 2 32 16 35 2 8 133 20 144 2 3 86 9 79 3 4 105 7 97 10 102 3 7 128 21 102 27 106 3 9 196 12 181 27 154 2 9 112 11 155 3 5 70 13 62 16 65 3 11 18 14 22 25 19 2 5 144 15 155 3 2 11 16 10 21 10 3 14 132 17 135 24 137 3 19 1 23 1 29 1 2 1 60 23 59 3 19 66 22 59 28 78 2 9 139 11 131 1 20 65 3 3 15 13 15 22 17 3 1 49 17 53 24 58 3 5 5 19 5 25 7 2 15 160 27 195 2 24 166 30 150 1 20 73 3 15 41 26 39 30 35 3 10 27 14 30 21 35 2 13 8 29 6
38 2 2 35 16 40 2 1 157 8 150 2 2 38 16 33 3 10 26 14 37 21 25 2 2 139 3 134 3 10 36 14 38 21 35 3 5 33 21 37 25 31 3 4 137 6 129 25 124 2 1 162 8 172 2 11 104 18 97 2 1 68 6 53 3 7 126 21 105 27 117 2 2 32 16 35 2 8 133 20 144 2 3 86 9 79 3 4 105 7 97 10 102 3 7 128 21 102 27 106 3 9 196 12 181 27 154 2 9 112 11 155 3 5 70 13 62 16 65 3 11 18 14 22 25 19 2 5 144 15 155 3 2 11 16 10 21 10 3 14 132 17 135 24 137 3 19 1 23 1 29 1 2 1 60 23 59 3 19 66 22 59 28 78 2 9 139 11 131 1 20 65 3 3 15 13 15 22 17 3 1 49 17 53 24 58 3 5 5 19 5 25 7 2 15 160 27 195 2 24 166 30 150 1 20 73 3 15 41 26 39 30 35 3 10 27 14 30 21 35 2 13 8 29 6
38 2 2 33 16 45 2 1 185 8 179 2 2 39 16 47 3 10 27 14 27 21 26 2 2 165 3 155 3 10 34 14 30 21 28 3 5 35 21 40 25 42 3 4 100 6 125 25 119 2 1 172 8 146 2 11 111 18 100 2 1 62 6 59 3 7 104 21 94 27 88 2 2 46 16 47 2 8 129 20 100 2 3 92 9 77 3 4 103 7 80 10 102 3 7 114 21 97 27 93 3 9 184 12 147 27 202 2 9 154 11 144 3 5 64 13 70 16 79 3 11 18 14 20 25 24 2 5 187 15 198 3 2 9 16 9 21 11 3 14 160 17 116 24 161 3 19 1 23 1 29 1 2 1 83 23 83 3 19 86 22 64 28 76 2 9 161 11 163 1 20 55 3 3 17 13 17 22 15 3 1 45 17 51 24 51 3 5 7 19 6 25 6 2 15 166 27 155 2 24 214 30 203 1 20 57 3 15 38 26 32 30 39 3 10 32 14 29 21 30 2 13 7 29 8
38 2 2 33 16 45 2 1 185 8 179 2 2 39 16 47 3 10 27 14 27 21 26 2 2 165 3 155 3 10 34 14 30 21 28 3 5 35 21 40 25 42 3 4 100 6 125 25 119 2 1 172 8 146 2 11 111 18 100 2 1 62 6 59 3 7 104 21 94 27 88 2 2 46 16 47 2 8 129 20 100 2 3 92 9 77 3 4 103 7 80 10 102 3 7 114 21 97 27 93 3 9 184 12 147 27 202 2 9 154 11 144 3 5 64 13 70 16 79 3 11 18 14 20 25 24 2 5 187 15 198 3 2 9 16 9 21 11 3 14 160 17 116 24 161 3 19 1 23 1 29 1 2 1 83 23 83 3 19 86 22 64 28 76 2 9 161 11 163 1 20 55 3 3 17 13 17 22 15 3 1 45 17 51 24 51 3 5 7 19 6 25 6 2 15 166 27 155 2 24 214 30 203 1 20 57 3 15 38 26 32 30 39 3 10 32 14 29 21 30 2 13 7 29 8
38 2 2 33 16 45 2 1 185 8 179 2 2 39 16 47 3 10 27 14 27 21 26 2 2 165 3 155 3 10 34 14 30 21 28 3 5 35 21 40 25 42 3 4 100 6 125 25 119 2 1 172 8 146 2 11 111 18 100 2 1 62 6 59 3 7 104 21 94 27 88 2 2 46 16 47 2 8 129 20 100 2 3 92 9 77 3 4 103 7 80 10 102 3 7 114 21 97 27 93 3 9 184 12 147 27 202 2 9 154 11 144 3 5 64 13 70 16 79 3 11 18 14 20 25 24 2 5 187 15 198 3 2 9 16 9 21 11 3 14 160 17 116 24 161 3 19 1 23 1 29 1 2 1 83 23 83 3 19 86 22 64 28 76 2 9 161 11 163 1 20 55 3 3 17 13 17 22 15 3 1 45 17 51 24 51 3 5 7 19 6 25 6 2 15 166 27 155 2 24 214 30 203 1 20 57 3 15 38 26 32 30 39 3 10 32 14 29 21 30 2 13 7 29 8
36 2 1 179 8 170 2 2 36 16 44 2 1 179 8 171 3 5 6 19 7 25 7 1 20 64 2 2 179 3 138 2 1 169 8 178 3 4 126 6 118 25 111 2 11 78 18 84 3 5 33 21 33 25 33 2 1 53 6 62 3 7 102 21 112 27 116 2 8 137 20 123 2 3 90 9 76 3 4 96 7 111 10 104 3 19 1 23 1 29 1 2 9 131 11 150 3 9 139 12 172 27 194 2 5 184 15 202 3 5 77 13 75 16 63 3 11 24 14 23 25 24 2 5 204 15 147 3 2 8 16 9 21 10 3 19 1 23 1 29 1 2 13 6 29 7 3 19 87 22 75 28 64 2 1 66 23 79 3 14 121 17 138 24 135 2 24 217 30 177 3 10 29 14 31 21 26 2 8 103 20 102 3 3 19 13 18 22 15 3 1 42 17 49 24 56 2 24 214 30 189 3 15 39 26 30 30 37 2 15 194 27 165
35 2 1 183 8 165 2 1 61 23 76 2 1 127 8 137 2 3 73 9 82 2 1 82 23 83 3 7 90 21 93 27 120 2 3 67 9 65 3 19 1 23 1 29 1 2 2 41 16 38 3 4 131 6 109 25 109 2 2 177 3 174 3 5 34 21 31 25 39 3 10 31 14 34 21 29 2 1 60 6 65 3 11 19 14 23 25 19 2 8 128 20 112 3 4 107 7 102 10 86 2 11 105 18 97 2 9 119 11 162 3 9 177 12 161 27 136 3 1 53 17 59 24 61 3 5 85 13 82 16 79 3 19 83 22 82 28 65 2 5 179 15 173 3 2 11 16 11 21 11 3 14 136 17 157 24 124 3 15 33 26 42 30 32 2 15 149 27 157 3 5 8 19 8 25 7 3 14 147 17 162 24 156 2 13 5 29 6 1 20 55 3 3 19 13 17 22 18 3 19 1 23 1 29 1 2 24 219 30 148
35 2 1 183 8 165 2 1 61 23 76 2 1 127 8 137 2 3 73 9 82 2 1 82 23 83 3 7 90 21 93 27 120 2 3 67 9 65 3 19 1 23 1 29 1 2 2 41 16 38 3 4 131 6 109 25 109 2 2 177 3 174 3 5 34 21 31 25 39 3 10 31 14 34 21 29 2 1 60 6 65 3 11 19 14 23 25 19 2 8 128 20 112 3 4 107 7 102 10 86 2 11 105 18 97 2 9 119 11 162 3 9 177 12 161 27 136 3 1 53 17 59 24 61 3 5 85 13 82 16 79 3 19 83 22 82 28 65 2 5 179 15 173 3 2 11 16 11 21 11 3 14 136 17 157 24 124 3 15 33 26 42 30 32 2 15 149 27 157 3 5 8 19 8 25 7 3 14 147 17 162 24 156 2 13 5 29 6 1 20 55 3 3 19 13 17 22 18 3 19 1 23 1 29 1 2 24 219 30 148
35 2 1 177 8 138 2 1 71 6 63 2 1 170 8 125 3 2 11 16 11 21 8 2 1 129 8 125 3 15 42 26 42 30 39 2 11 98 18 85 2 2 45 16 33 3 14 129 17 155 24 111 3 15 32 26 39 30 28 3 3 17 13 15 22 14 2 15 201 27 151 2 2 165 3 154 3 4 117 6 101 25 101 3 5 43 21 32 25 40 3 5 6 19 8 25 5 3 19 1 23 1 29 1 3 4 101 6 114 25 94 3 10 25 14 34 21 25 3 7 125 21 100 27 109 3 11 25 14 22 25 23 2 13 5 29 5 3 4 112 7 94 10 100 2 8 131 20 100 2 3 90 9 90 2 9 156 11 165 3 9 157 12 139 27 178 3 19 72 22 61 28 71 3 5 84 13 65 16 88 3 4 132 6 104 25 130 2 1 58 23 64 2 5 149 15 152 1 20 53 3 1 49 17 45 24 47 2 24 177 30 209
35 2 1 142 8 144 2 1 65 23 63 2 1 166 8 136 2 3 84 9 85 2 1 65 23 65 3 7 103 21 120 27 107 2 3 66 9 73 3 19 1 23 1 29 1 2 2 42 16 40 3 4 116 6 114 25 118 2 2 157 3 149 3 5 36 21 32 25 33 3 10 29 14 27 21 29 2 1 60 6 54 3 11 18 14 22 25 20 2 8 115 20 103 3 4 77 7 112 10 96 2 11 80 18 105 2 9 165 11 149 3 9 164 12 181 27 146 3 1 59 17 45 24 42 3 5 74 13 75 16 74 3 19 58 22 58 28 82 2 5 207 15 170 3 2 11 16 8 21 8 3 14 138 17 131 24 144 3 15 43 26 37 30 39 2 15 145 27 177 3 5 7 19 8 25 5 3 14 151 17 111 24 134 2 13 7 29 6 1 20 77 3 3 21 13 16 22 21 3 19 1 23 1 29 1 2 24 201 30 194
35 2 1 142 8 144 2 1 65 23 63 2 1 166 8 136 2 3 84 9 85 2 1 65 23 65 3 7 103 21 120 27 107 2 3 66 9 73 3 19 1 23 1 29 1 2 2 42 16 40 3 4 116 6 114 25 118 2 2 157 3 149 3 5 36 21 32 25 33 3 10 29 14 27 21 29 2 1 60 6 54 3 11 18 14 22 25 20 2 8 115 20 103 3 4 77 7 112 10 96 2 11 80 18 105 2 9 165 11 149 3 9 164 12 181 27 146 3 1 59 17 45 24 42 3 5 74 13 75 16 74 3 19 58 22 58 28 82 2 5 207 15 170 3 2 11 16 8 21 8 3 14 138 17 131 24 144 3 15 43 26 37 30 39 2 15 145 27 177 3 5 7 19 8 25 5 3 14 151 17 111 24 134 2 13 7 29 6 1 20 77 3 3 21 13 16 22 21 3 19 1 23 1 29 1 2 24 201 30 194
35 2 1 160 8 158 2 1 59 23 83 2 1 129 8 183 2 3 96 9 83 2 1 68 23 73 3 7 117 21 97 27 116 2 3 81 9 67 3 19 1 23 1 29 1 2 2 35 16 44 3 4 134 6 120 25 108 2 2 124 3 167 3 5 32 21 41 25 30 3 10 34 14 27 21 26 2 1 64 6 65 3 11 21 14 20 25 19 2 8 145 20 117 3 4 109 7 83 10 97 2 11 97 18 117 2 9 158 11 165 3 9 140 12 175 27 157 3 1 63 17 62 24 51 3 5 89 13 63 16 88 3 19 65 22 77 28 63 2 5 215 15 154 3 2 9 16 11 21 9 3 14 152 17 133 24 113 3 15 39 26 29 30 38 2 15 192 27 207 3 5 6 19 6 25 5 3 14 161 17 120 24 118 2 13 6 29 5 1 20 59 3 3 18 13 21 22 20 3 19 1 23 1 29 1 2 24 160 30 187
35 2 1 133 8 127 2 1 61 23 68 2 1 186 8 167 2 3 79 9 75 2 1 69 23 81 3 7 124 21 92 27 125 2 3 91 9 71 3 19 1 23 1 29 1 2 2 43 16 46 3 4 106 6 103 25 119 2 2 131 3 160 3 5 38 21 28 25 35 3 10 29 14 27 21 25 2 1 53 6 58 3 11 20 14 22 25 22 2 8 116 20 122 3 4 90 7 97 10 99 2 11 80 18 96 2 9 139 11 129 3 9 177 12 144 27 186 3 1 53 17 63 24 60 3 5 72 13 64 16 87 3 19 64 22 58 28 84 2 5 149 15 172 3 2 11 16 11 21 9 3 14 145 17 165 24 117 3 15 33 26 42 30 38 2 15 156 27 163 3 5 5 19 5 25 7 3 14 127 17 116 24 135 2 13 6 29 7 1 20 72 3 3 20 13 19 22 16 3 19 1 23 1 29 1 2 24 200 30 175
36 2 1 149 8 176 2 13 7 29 8 2 1 151 8 151 2 2 47 16 40 3 10 29 14 32 21 35 2 2 125 3 152 3 4 94 6 111 25 103 3 5 32 21 38 25 31 2 1 65 6 52 3 7 92 21 102 27 91 3 10 27 14 32 21 27 2 8 125 20 128 2 3 77 9 91 3 4 85 7 111 10 112 2 9 111 11 139 3 3 18 13 15 22 18 2 2 39 16 39 2 5 204 15 171 3 2 11 16 11 21 8 3 9 137 12 182 27 193 3 5 71 13 75 16 84 3 11 20 14 18 25 21 1 20 69 3 3 18 13 19 22 15 3 5 5 19 6 25 7 3 14 138 17 135 24 162 2 11 94 18 107 3 19 1 23 1 29 1 2 1 61 23 76 3 1 58 17 59 24 56 3 15 38 26 35 30 38 2 2 39 16 42 2 15 191 27 204 2 24 176 30 203 3 1 50 17 52 24 47 3 19 62 22 76 28 66
34 2 1 143 8 177 2 2 42 16 36 2 2 141 3 142 3 14 114 17 119 24 145 2 2 154 3 177 3 4 124 6 110 25 125 2 2 43 16 45 3 5 31 21 37 25 40 2 1 63 6 54 3 7 99 21 126 27 114 2 8 126 20 111 2 3 97 9 94 3 10 25 14 31 21 26 3 5 31 21 30 25 30 3 5 6 19 6 25 5 3 4 96 7 98 10 107 3 11 23 14 24 25 19 2 9 143 11 124 3 9 139 12 165 27 160 3 5 90 13 90 16 88 3 2 9 16 8 21 9 2 5 196 15 144 3 1 57 17 42 24 57 2 11 78 18 104 2 15 199 27 178 3 19 1 23 1 29 1 1 20 59 3 3 19 13 16 22 15 2 1 69 23 85 3 15 32 26 32 30 29 3 19 67 22 85 28 83 2 1 68 23 84 2 13 7 29 6 2 24 176 30 199
39 2 1 170 8 138 2 2 38 16 32 2 24 172 30 199 2 2 161 3 169 2 2 32 16 46 3 11 22 14 21 25 22 3 4 103 6 129 25 117 3 5 37 21 33 25 34 2 1 64 6 57 3 9 145 12 160 27 166 3 7 122 21 106 27 92 2 8 120 20 134 2 9 153 11 162 2 3 84 9 89 2 11 111 18 105 3 14 132 17 157 24 129 3 5 39 21 40 25 30 3 5 5 19 6 25 7 3 15 33 26 38 30 39 2 11 111 18 106 3 4 92 7 95 10 111 1 20 72 3 19 1 23 1 29 1 2 15 154 27 192 2 3 70 9 79 3 3 19 13 17 22 19 2 15 207 27 197 3 19 63 22 86 28 66 3 4 98 7 77 10 98 3 2 8 16 10 21 10 3 15 31 26 38 30 34 3 5 88 13 72 16 84 2 13 7 29 7 3 10 35 14 27 21 30 3 1 58 17 63 24 48 1 20 69 2 5 188 15 162 3 4 96 6 95 25 132 2 1 82 23 77
31 2 24 151 30 195 3 7 97 21 113 27 108 3 10 34 14 36 21 35 2 1 156 8 127 2 2 34 16 39 2 2 140 3 144 3 4 138 6 120 25 107 2 13 6 29 7 3 5 39 21 30 25 36 2 1 55 6 63 3 5 71 13 80 16 77 2 8 140 20 141 3 3 14 13 21 22 16 1 20 66 2 3 74 9 70 3 4 110 7 79 10 109 2 9 133 11 119 2 2 45 16 38 3 9 184 12 138 27 153 3 11 24 14 24 25 22 3 14 160 17 143 24 139 2 5 204 15 161 3 19 59 22 87 28 59 3 2 11 16 9 21 11 2 11 87 18 98 3 19 1 23 1 29 1 2 1 71 23 84 3 5 6 19 7 25 5 3 1 44 17 44 24 56 3 15 37 26 29 30 32 2 15 195 27 201
39 2 1 135 8 148 2 2 47 16 40 2 24 152 30 194 2 2 136 3 167 2 2 41 16 42 3 11 24 14 23 25 20 3 4 133 6 135 25 130 3 5 42 21 43 25 31 2 1 64 6 52 3 9 188 12 202 27 165 3 7 88 21 94 27 107 2 8 140 20 104 2 9 131 11 151 2 3 74 9 90 2 11 100 18 82 3 14 164 17 116 24 158 3 5 32 21 41 25 40 3 5 5 19 7 25 7 3 15 32 26 35 30 33 2 11 81 18 95 3 4 94 7 90 10 102 1 20 60 3 19 1 23 1 29 1 2 15 145 27 206 2 3 67 9 68 3 3 15 13 15 22 20 2 15 163 27 158 3 19 75 22 76 28 85 3 4 83 7 82 10 99 3 2 9 16 10 21 10 3 15 36 26 41 30 39 3 5 80 13 89 16 87 2 13 6 29 6 3 10 31 14 29 21 28 3 1 44 17 51 24 59 1 20 72 2 5 163 15 205 3 4 103 6 103 25 102 2 1 70 23 74
39 2 1 135 8 148 2 2 47 16 40 2 24 152 30 194 2 2 136 3 167 2 2 41 16 42 3 11 24 14 23 25 20 3 4 133 6 135 25 130 3 5 42 21 43 25 31 2 1 64 6 52 3 9 188 12 202 27 165 3 7 88 21 94 27 107 2 8 140 20 104 2 9 131 11 151 2 3 74 9 90 2 11 100 18 82 3 14 164 17 116 24 158 3 5 32 21 41 25 40 3 5 5 19 7 25 7 3 15 32 26 35 30 33 2 11 81 18 95 3 4 94 7 90 10 102 1 20 60 3 19 1 23 1 29 1 2 15 145 27 206 2 3 67 9 68 3 3 15 13 15 22 20 2 15 163 27 158 3 19 75 22 76 28 85 3 4 83 7 82 10 99 3 2 9 16 10 21 10 3 15 36 26 41 30 39 3 5 80 13 89 16 87 2 13 6 29 6 3 10 31 14 29 21 28 3 1 44 17 51 24 59 1 20 72 2 5 163 15 205 3 4 103 6 103 25 102 2 1 70 23 74
37 3 5 5 19 8 25 6 2 1 129 8 139 3 19 1 23 1 29 1 2 2 42 16 42 2 15 144 27 193 2 1 156 8 144 2 2 158 3 141 2 8 110 20 143 2 2 35 16 47 3 5 39 21 37 25 43 3 4 100 6 127 25 96 2 2 36 16 33 2 3 71 9 75 2 1 51 6 67 2 11 114 18 98 3 7 121 21 113 27 102 3 4 100 7 112 10 98 2 1 151 8 155 2 9 114 11 164 2 15 148 27 169 3 9 163 12 173 27 195 3 5 85 13 90 16 68 2 24 178 30 176 3 19 1 23 1 29 1 3 11 23 14 25 25 24 2 5 169 15 169 3 1 52 17 43 24 57 3 2 10 16 9 21 11 3 14 121 17 129 24 131 1 20 55 3 10 29 14 28 21 28 3 3 16 13 18 22 19 2 1 61 23 86 2 13 6 29 6 3 15 40 26 38 30 32 3 11 17 14 22 25 17 3 19 74 22 64 28 61
35 2 1 150 8 150 2 1 79 23 66 2 1 159 8 166 2 3 84 9 96 2 1 84 23 81 3 7 94 21 115 27 97 2 3 95 9 84 3 19 1 23 1 29 1 2 2 39 16 47 3 4 122 6 117 25 137 2 2 134 3 180 3 5 34 21 40 25 33 3 10 35 14 29 21 33 2 1 67 6 59 3 11 23 14 17 25 19 2 8 109 20 103 3 4 100 7 92 10 80 2 11 96 18 78 2 9 163 11 113 3 9 197 12 158 27 152 3 1 46 17 51 24 54 3 5 93 13 87 16 71 3 19 79 22 59 28 70 2 5 148 15 151 3 2 11 16 8 21 8 3 14 152 17 125 24 164 3 15 42 26 29 30 40 2 15 196 27 161 3 5 8 19 8 25 8 3 14 129 17 121 24 118 2 13 6 29 7 1 20 77 3 3 14 13 20 22 20 3 19 1 23 1 29 1 2 24 172 30 197
35 2 1 150 8 150 2 1 79 23 66 2 1 159 8 166 2 3 84 9 96 2 1 84 23 81 3 7 94 21 115 27 97 2 3 95 9 84 3 19 1 23 1 29 1 2 2 39 16 47 3 4 122 6 117 25 137 2 2 134 3 180 3 5 34 21 40 25 33 3 10 35 14 29 21 33 2 1 67 6 59 3 11 23 14 17 25 19 2 8 109 20 103 3 4 100 7 92 10 80 2 11 96 18 78 2 9 163 11 113 3 9 197 12 158 27 152 3 1 46 17 51 24 54 3 5 93 13 87 16 71 3 19 79 22 59 28 70 2 5 148 15 151 3 2 11 16 8 21 8 3 14 152 17 125 24 164 3 15 42 26 29 30 40 2 15 196 27 161 3 5 8 19 8 25 8 3 14 129 17 121 24 118 2 13 6 29 7 1 20 77 3 3 14 13 20 22 20 3 19 1 23 1 29 1 2 24 172 30 197
35 2 1 141 8 139 2 1 50 6 63 2 1 127 8 152 3 2 9 16 9 21 9 2 1 182 8 124 3 15 30 26 32 30 30 2 11 111 18 85 2 2 33 16 39 3 14 130 17 117 24 124 3 15 35 26 40 30 35 3 3 20 13 15 22 16 2 15 150 27 169 2 2 139 3 137 3 4 107 6 139 25 128 3 5 40 21 35 25 37 3 5 7 19 6 25 7 3 19 1 23 1 29 1 3 4 94 6 106 25 137 3 10 28 14 35 21 32 3 7 125 21 115 27 89 3 11 18 14 22 25 21 2 13 6 29 6 3 4 100 7 101 10 81 2 8 117 20 145 2 3 86 9 73 2 9 130 11 116 3 9 164 12 140 27 151 3 19 59 22 59 28 79 3 5 80 13 69 16 70 3 4 119 6 105 25 99 2 1 64 23 69 2 5 182 15 145 1 20 59 3 1 62 17 46 24 49 2 24 148 30 199
35 2 1 173 8 146 2 2 41 16 37 2 2 176 3 126 3 2 8 16 10 21 11 3 4 103 6 136 25 108 3 15 35 26 30 30 29 3 5 36 21 28 25 38 3 2 11 16 9 21 9 2 1 48 6 54 3 1 55 17 63 24 57 3 4 105 6 128 25 132 3 7 105 21 90 27 87 3 5 63 13 76 16 63 2 9 160 11 113 2 8 129 20 122 1 20 59 2 3 67 9 95 3 2 11 16 11 21 8 3 11 22 14 17 25 17 3 14 148 17 139 24 141 3 4 105 7 91 10 82 3 9 161 12 187 27 193 3 19 1 23 1 29 1 2 5 178 15 208 2 9 121 11 146 2 15 179 27 185 2 11 105 18 115 2 24 155 30 171 2 13 8 29 5 3 10 33 14 31 21 29 3 3 17 13 15 22 16 2 1 80 23 82 3 5 6 19 6 25 6 1 20 59 3 19 67 22 76 28 68
35 2 1 178 8 162 2 1 71 6 50 2 2 45 16 32 2 2 126 3 180 3 4 127 6 109 25 110 3 5 41 21 38 25 29 3 7 108 21 121 27 101 2 8 122 20 125 2 11 85 18 99 2 3 65 9 88 2 2 36 16 45 3 4 91 7 93 10 110 2 24 155 30 183 2 9 131 11 140 3 9 145 12 187 27 192 3 4 94 7 83 10 85 3 5 92 13 93 16 71 3 11 24 14 20 25 21 2 5 210 15 164 3 2 9 16 8 21 9 3 11 21 14 17 25 23 2 15 189 27 170 3 14 144 17 126 24 151 3 5 65 13 75 16 66 3 19 1 23 1 29 1 1 20 55 3 10 36 14 28 21 35 3 3 18 13 18 22 14 3 5 7 19 7 25 7 2 1 62 23 70 2 5 181 15 178 3 1 59 17 62 24 58 3 15 33 26 31 30 29 3 19 61 22 83 28 62 2 13 8 29 5
35 2 1 178 8 162 2 1 71 6 50 2 2 45 16 32 2 2 126 3 180 3 4 127 6 109 25 110 3 5 41 21 38 25 29 3 7 108 21 121 27 101 2 8 122 20 125 2 11 85 18 99 2 3 65 9 88 2 2 36 16 45 3 4 91 7 93 10 110 2 24 155 30 183 2 9 131 11 140 3 9 145 12 187 27 192 3 4 94 7 83 10 85 3 5 92 13 93 16 71 3 11 24 14 20 25 21 2 5 210 15 164 3 2 9 16 8 21 9 3 11 21 14 17 25 23 2 15 189 27 170 3 14 144 17 126 24 151 3 5 65 13 75 16 66 3 19 1 23 1 29 1 1 20 55 3 10 36 14 28 21 35 3 3 18 13 18 22 14 3 5 7 19 7 25 7 2 1 62 23 70 2 5 181 15 178 3 1 59 17 62 24 58 3 15 33 26 31 30 29 3 19 61 22 83 28 62 2 13 8 29 5
35 2 1 178 8 162 2 1 71 6 50 2 2 45 16 32 2 2 126 3 180 3 4 127 6 109 25 110 3 5 41 21 38 25 29 3 7 108 21 121 27 101 2 8 122 20 125 2 11 85 18 99 2 3 65 9 88 2 2 36 16 45 3 4 91 7 93 10 110 2 24 155 30 183 2 9 131 11 140 3 9 145 12 187 27 192 3 4 94 7 83 10 85 3 5 92 13 93 16 71 3 11 24 14 20 25 21 2 5 210 15 164 3 2 9 16 8 21 9 3 11 21 14 17 25 23 2 15 189 27 170 3 14 144 17 126 24 151 3 5 65 13 75 16 66 3 19 1 23 1 29 1 1 20 55 3 10 36 14 28 21 35 3 3 18 13 18 22 14 3 5 7 19 7 25 7 2 1 62 23 70 2 5 181 15 178 3 1 59 17 62 24 58 3 15 33 26 31 30 29 3 19 61 22 83 28 62 2 13 8 29 5
35 2 1 148 8 141 2 1 50 6 54 2 2 38 16 40 2 2 163 3 145 3 4 136 6 117 25 122 3 5 40 21 33 25 33 3 7 104 21 124 27 126 2 8 116 20 122 2 11 95 18 94 2 3 91 9 78 2 2 33 16 35 3 4 101 7 91 10 88 2 24 154 30 170 2 9 131 11 124 3 9 159 12 152 27 172 3 4 101 7 105 10 82 3 5 63 13 78 16 92 3 11 22 14 17 25 17 2 5 189 15 207 3 2 8 16 10 21 9 3 11 24 14 24 25 18 2 15 208 27 167 3 14 153 17 120 24 136 3 5 84 13 64 16 62 3 19 1 23 1 29 1 1 20 73 3 10 28 14 34 21 32 3 3 15 13 15 22 15 3 5 8 19 5 25 6 2 1 84 23 76 2 5 166 15 213 3 1 44 17 49 24 46 3 15 43 26 40 30 39 3 19 69 22 65 28 75 2 13 5 29 6
31 2 1 145 8 155 3 5 8 19 8 25 7 2 15 198 27 153 3 9 191 12 187 27 141 2 2 40 16 38 2 2 150 3 167 2 8 102 20 106 3 15 33 26 34 30 29 3 4 106 6 111 25 94 3 14 113 17 149 24 111 3 5 40 21 36 25 30 2 1 50 6 53 2 3 67 9 80 3 3 19 13 18 22 18 3 7 93 21 98 27 110 3 1 59 17 53 24 50 3 4 104 7 82 10 89 2 9 164 11 145 3 5 62 13 83 16 65 2 5 168 15 194 3 11 20 14 20 25 16 3 2 11 16 8 21 9 3 10 31 14 29 21 38 2 11 95 18 92 3 4 105 7 96 10 94 3 19 1 23 1 29 1 1 20 61 2 1 66 23 77 3 19 82 22 79 28 77 2 13 5 29 5 2 24 220 30 201
35 2 1 141 8 143 2 1 82 23 69 2 1 171 8 149 2 3 91 9 77 2 1 59 23 71 3 7 97 21 116 27 110 2 3 70 9 67 3 19 1 23 1 29 1 2 2 44 16 32 3 4 97 6 120 25 114 2 2 131 3 158 3 5 32 21 30 25 40 3 10 35 14 28 21 32 2 1 66 6 68 3 11 16 14 20 25 18 2 8 104 20 133 3 4 95 7 87 10 109 2 11 101 18 90 2 9 157 11 148 3 9 150 12 147 27 159 3 1 54 17 52 24 59 3 5 86 13 87 16 75 3 19 78 22 78 28 59 2 5 150 15 185 3 2 9 16 8 21 10 3 14 114 17 131 24 149 3 15 42 26 31 30 32 2 15 146 27 151 3 5 7 19 6 25 8 3 14 152 17 137 24 126 2 13 8 29 5 1 20 53 3 3 17 13 17 22 17 3 19 1 23 1 29 1 2 24 184 30 179
35 2 1 141 8 143 2 1 82 23 69 2 1 171 8 149 2 3 91 9 77 2 1 59 23 71 3 7 97 21 116 27 110 2 3 70 9 67 3 19 1 23 1 29 1 2 2 44 16 32 3 4 97 6 120 25 114 2 2 131 3 158 3 5 32 21 30 25 40 3 10 35 14 28 21 32 2 1 66 6 68 3 11 16 14 20 25 18 2 8 104 20 133 3 4 95 7 87 10 109 2 11 101 18 90 2 9 157 11 148 3 9 150 12 147 27 159 3 1 54 17 52 24 59 3 5 86 13 87 16 75 3 19 78 22 78 28 59 2 5 150 15 185 3 2 9 16 8 21 10 3 14 114 17 131 24 149 3 15 42 26 31 30 32 2 15 146 27 151 3 5 7 19 6 25 8 3 14 152 17 137 24 126 2 13 8 29 5 1 20 53 3 3 17 13 17 22 17 3 19 1 23 1 29 1 2 24 184 30 179
34 2 1 181 8 131 3 4 111 6 109 25 123 2 2 41 16 40 2 24 186 30 174 2 2 131 3 151 3 5 40 21 38 25 35 2 1 50 6 55 2 9 125 11 128 3 7 102 21 105 27 119 3 2 10 16 9 21 8 2 8 129 20 100 3 15 40 26 40 30 34 3 14 122 17 126 24 137 3 15 35 26 40 30 41 2 3 80 9 66 3 4 78 7 112 10 113 1 20 55 2 3 93 9 81 3 9 199 12 148 27 163 3 11 20 14 18 25 19 3 5 78 13 80 16 67 2 5 206 15 209 3 4 81 7 80 10 109 2 11 86 18 91 3 19 1 23 1 29 1 3 10 31 14 29 21 27 2 3 96 9 90 3 5 6 19 7 25 5 3 3 19 13 17 22 16 2 1 65 23 60 3 1 61 17 59 24 58 2 15 187 27 207 3 19 62 22 77 28 79 2 13 7 29 7
36 2 1 145 8 155 2 2 33 16 39 2 1 163 8 153 2 2 145 3 160 3 4 99 6 100 25 121 2 1 70 6 48 2 5 196 15 164 3 1 55 17 50 24 63 2 2 149 3 167 3 5 30 21 37 25 38 3 7 108 21 101 27 101 2 8 122 20 133 2 3 89 9 77 2 11 106 18 88 2 8 113 20 106 3 4 86 7 111 10 94 2 9 132 11 160 3 9 153 12 185 27 176 2 9 153 11 130 3 5 63 13 73 16 73 3 11 22 14 20 25 19 3 2 8 16 9 21 9 3 19 60 22 78 28 61 2 2 176 3 133 3 14 153 17 137 24 113 3 19 1 23 1 29 1 1 20 58 2 24 173 30 211 3 10 35 14 35 21 25 2 15 190 27 162 3 5 90 13 65 16 91 3 5 5 19 5 25 7 3 15 29 26 35 30 38 3 3 16 13 19 22 16 2 1 59 23 58 2 13 6 29 6
36 2 1 145 8 155 2 2 33 16 39 2 1 163 8 153 2 2 145 3 160 3 4 99 6 100 25 121 2 1 70 6 48 2 5 196 15 164 3 1 55 17 50 24 63 2 2 149 3 167 3 5 30 21 37 25 38 3 7 108 21 101 27 101 2 8 122 20 133 2 3 89 9 77 2 11 106 18 88 2 8 113 20 106 3 4 86 7 111 10 94 2 9 132 11 160 3 9 153 12 185 27 176 2 9 153 11 130 3 5 63 13 73 16 73 3 11 22 14 20 25 19 3 2 8 16 9 21 9 3 19 60 22 78 28 61 2 2 176 3 133 3 14 153 17 137 24 113 3 19 1 23 1 29 1 1 20 58 2 24 173 30 211 3 10 35 14 35 21 25 2 15 190 27 162 3 5 90 13 65 16 91 3 5 5 19 5 25 7 3 15 29 26 35 30 38 3 3 16 13 19 22 16 2 1 59 23 58 2 13 6 29 6
34 2 1 181 8 134 2 2 44 16 33 2 2 161 3 154 3 14 162 17 160 24 150 2 2 132 3 146 3 4 137 6 124 25 128 2 2 33 16 44 3 5 36 21 37 25 37 2 1 52 6 62 3 7 108 21 118 27 98 2 8 115 20 136 2 3 73 9 78 3 10 32 14 26 21 36 3 5 32 21 34 25 35 3 5 5 19 7 25 6 3 4 103 7 84 10 82 3 11 24 14 23 25 23 2 9 159 11 124 3 9 173 12 195 27 157 3 5 65 13 85 16 69 3 2 11 16 10 21 9 2 5 210 15 159 3 1 57 17 51 24 49 2 11 80 18 102 2 15 182 27 188 3 19 1 23 1 29 1 1 20 67 3 3 21 13 18 22 18 2 1 74 23 70 3 15 29 26 35 30 40 3 19 74 22 71 28 66 2 1 58 23 60 2 13 6 29 6 2 24 188 30 212
35 2 1 171 8 180 2 1 58 23 74 2 1 176 8 140 2 3 94 9 94 2 1 61 23 81 3 7 96 21 103 27 90 2 3 68 9 82 3 19 1 23 1 29 1 2 2 47 16 37 3 4 120 6 138 25 111 2 2 171 3 162 3 5 39 21 35 25 40 3 10 33 14 31 21 33 2 1 52 6 68 3 11 22 14 24 25 17 2 8 141 20 118 3 4 102 7 103 10 93 2 11 103 18 78 2 9 156 11 159 3 9 148 12 150 27 140 3 1 62 17 60 24 46 3 5 74 13 79 16 74 3 19 76 22 64 28 72 2 5 184 15 164 3 2 9 16 9 21 10 3 14 114 17 121 24 141 3 15 30 26 42 30 32 2 15 195 27 181 3 5 7 19 6 25 8 3 14 158 17 160 24 131 2 13 6 29 7 1 20 65 3 3 15 13 16 22 15 3 19 1 23 1 29 1 2 24 181 30 205
35 2 1 161 8 130 2 1 72 23 70 2 1 167 8 155 2 3 81 9 74 2 1 63 23 68 3 7 109 21 105 27 100 2 3 92 9 93 3 19 1 23 1 29 1 2 2 38 16 40 3 4 107 6 136 25 134 2 2 126 3 181 3 5 36 21 29 25 40 3 10 37 14 35 21 32 2 1 71 6 51 3 11 23 14 24 25 20 2 8 144 20 134 3 4 79 7 84 10 89 2 11 115 18 84 2 9 118 11 160 3 9 185 12 197 27 186 3 1 56 17 45 24 51 3 5 77 13 76 16 82 3 19 86 22 74 28 70 2 5 194 15 167 3 2 8 16 9 21 10 3 14 147 17 141 24 141 3 15 43 26 40 30 33 2 15 144 27 164 3 5 7 19 7 25 6 3 14 146 17 157 24 118 2 13 6 29 8 1 20 55 3 3 15 13 16 22 14 3 19 1 23 1 29 1 2 24 173 30 206
34 2 1 166 8 125 3 4 98 6 96 25 107 2 2 42 16 38 2 24 149 30 169 2 2 127 3 145 3 5 31 21 29 25 41 2 1 70 6 54 2 9 126 11 135 3 7 121 21 102 27 87 3 2 8 16 9 21 8 2 8 108 20 142 3 15 32 26 31 30 29 3 14 154 17 127 24 158 3 15 34 26 31 30 36 2 3 76 9 86 3 4 92 7 92 10 112 1 20 76 2 3 91 9 90 3 9 183 12 192 27 200 3 11 18 14 20 25 17 3 5 76 13 89 16 83 2 5 151 15 199 3 4 111 7 77 10 83 2 11 89 18 98 3 19 1 23 1 29 1 3 10 36 14 34 21 31 2 3 70 9 86 3 5 7 19 8 25 7 3 3 18 13 15 22 15 2 1 62 23 60 3 1 59 17 55 24 56 2 15 200 27 205 3 19 68 22 62 28 85 2 13 7 29 6
34 2 1 182 8 175 3 4 111 6 123 25 115 2 2 40 16 39 2 24 161 30 163 2 2 168 3 131 3 5 29 21 42 25 41 2 1 62 6 64 2 9 141 11 135 3 7 96 21 121 27 91 3 2 10 16 11 21 10 2 8 144 20 144 3 15 42 26 32 30 35 3 14 113 17 110 24 153 3 15 33 26 40 30 41 2 3 85 9 70 3 4 94 7 98 10 76 1 20 57 2 3 77 9 72 3 9 171 12 192 27 181 3 11 17 14 20 25 23 3 5 67 13 67 16 90 2 5 146 15 189 3 4 76 7 108 10 93 2 11 81 18 97 3 19 1 23 1 29 1 3 10 25 14 31 21 27 2 3 85 9 74 3 5 7 19 7 25 7 3 3 20 13 14 22 15 2 1 66 23 68 3 1 48 17 45 24 57 2 15 166 27 179 3 19 71 22 72 28 77 2 13 8 29 8
36 2 1 172 8 153 2 13 6 29 6 2 1 184 8 137 2 2 41 16 47 3 10 25 14 30 21 37 2 2 169 3 124 3 4 112 6 107 25 107 3 5 36 21 30 25 40 2 1 66 6 57 3 7 122 21 102 27 95 3 10 37 14 30 21 33 2 8 143 20 141 2 3 80 9 92 3 4 92 7 83 10 102 2 9 159 11 127 3 3 15 13 20 22 17 2 2 39 16 44 2 5 179 15 145 3 2 10 16 11 21 11 3 9 160 12 177 27 143 3 5 72 13 62 16 68 3 11 18 14 23 25 19 1 20 67 3 3 15 13 20 22 15 3 5 7 19 7 25 7 3 14 153 17 117 24 156 2 11 101 18 88 3 19 1 23 1 29 1 2 1 77 23 69 3 1 44 17 61 24 44 3 15 38 26 37 30 34 2 2 37 16 41 2 15 142 27 209 2 24 215 30 217 3 1 51 17 63 24 45 3 19 64 22 59 28 84
35 2 9 143 11 149 2 1 178 8 126 3 9 140 12 201 27 142 2 1 71 23 84 2 2 38 16 46 3 7 124 21 106 27 87 2 2 173 3 151 3 4 100 6 128 25 133 2 1 138 8 152 3 19 79 22 79 28 84 3 5 38 21 32 25 41 3 10 32 14 35 21 36 1 20 66 2 1 49 6 55 3 4 89 7 79 10 77 2 24 190 30 179 2 8 116 20 133 2 2 145 3 158 2 3 73 9 81 3 5 76 13 78 16 65 3 2 9 16 9 21 11 2 11 92 18 101 2 9 154 11 154 3 11 18 14 19 25 19 2 5 191 15 197 3 5 39 21 31 25 32 3 14 154 17 132 24 123 3 19 1 23 1 29 1 3 3 17 13 18 22 20 3 1 61 17 47 24 59 3 19 1 23 1 29 1 3 5 6 19 8 25 7 3 15 29 26 37 30 31 2 13 6 29 7 2 15 171 27 182
35 2 1 127 8 157 3 19 1 23 1 29 1 3 5 84 13 83 16 69 2 2 33 16 46 2 1 185 8 171 3 19 76 22 77 28 86 3 10 34 14 33 21 35 3 3 16 13 20 22 19 2 8 99 20 131 2 2 171 3 173 2 1 49 6 69 3 4 127 6 126 25 122 2 3 95 9 80 3 5 41 21 35 25 39 3 4 128 6 94 25 99 3 7 125 21 91 27 87 2 8 117 20 102 3 4 107 7 83 10 110 2 9 151 11 153 3 15 32 26 39 30 42 3 9 174 12 157 27 195 3 11 24 14 22 25 24 2 13 6 29 6 2 15 187 27 170 3 7 86 21 109 27 88 2 5 167 15 165 3 2 9 16 9 21 11 3 15 38 26 31 30 35 3 14 144 17 131 24 147 2 1 66 23 79 2 11 91 18 116 1 20 68 3 1 58 17 46 24 57 3 5 6 19 8 25 6 2 24 199 30 154
39 2 1 176 8 177 2 2 44 16 38 2 24 214 30 184 2 2 141 3 170 2 2 39 16 39 3 11 18 14 20 25 21 3 4 99 6 102 25 107 3 5 38 21 34 25 40 2 1 60 6 60 3 9 173 12 190 27 155 3 7 86 21 87 27 113 2 8 139 20 115 2 9 150 11 149 2 3 84 9 72 2 11 101 18 80 3 14 125 17 121 24 154 3 5 37 21 32 25 30 3 5 5 19 6 25 5 3 15 29 26 42 30 42 2 11 99 18 86 3 4 97 7 92 10 98 1 20 71 3 19 1 23 1 29 1 2 15 198 27 140 2 3 93 9 96 3 3 19 13 16 22 18 2 15 182 27 191 3 19 60 22 74 28 82 3 4 84 7 110 10 98 3 2 10 16 8 21 11 3 15 31 26 31 30 39 3 5 69 13 62 16 75 2 13 7 29 8 3 10 32 14 38 21 25 3 1 59 17 56 24 54 1 20 56 2 5 178 15 169 3 4 136 6 102 25 118 2 1 83 23 84
DUE_DATES: 6263 6263 6178 6346 6346 6346 6134 6134 6134 6392 6392 6392 6745 5885 5885 6007 5809 5809 5978 5751 5691 5619 6636 5056 6420 6420 6017 5888 5888 5826 5654 5803 5803 5803 5806 5132 5707 5707 5566 6534 6534 5664 5998 5943 5545 5506 5726 6001 6139 6547
WEIGHTS: 3 1 1 1 1 1 2 1 2 3 3 1 3 1 3 1 1 3 2 1 1 1 2 2 3 2 1 3 1 1 3 2 3 2 1 1 2 2 1 2 1 3 3 3 1 1 3 1 2 2
