50 30
35 3 1 52 11 48 20 43 2 2 17 24 17 2 9 79 11 73 2 3 117 4 158 1 5 29 3 4 46 12 61 21 43 2 3 122 4 131 3 6 175 14 228 23 173 2 12 116 27 127 3 1 87 2 110 24 79 1 5 37 2 7 89 19 96 3 8 31 23 31 29 43 2 9 38 24 47 2 14 115 26 144 3 10 195 11 166 22 213 3 1 94 2 98 24 107 2 13 70 18 62 2 4 2 14 2 2 1 186 27 227 2 28 16 29 17 2 7 38 20 44 3 2 119 16 135 19 139 2 10 39 28 31 2 9 44 24 48 3 3 160 9 109 15 155 2 18 84 19 118 2 1 210 27 208 2 17 7 22 7 2 17 188 18 215 3 21 223 22 201 29 187 3 1 144 17 146 22 155 3 8 26 19 34 23 25 3 11 176 17 202 25 155 2 23 12 30 13
36 3 6 212 14 157 23 206 3 3 119 9 133 15 150 3 1 47 11 48 20 60 2 2 18 24 14 3 1 61 11 42 20 48 2 1 190 27 206 2 3 145 4 144 3 4 49 12 59 21 54 1 5 33 2 12 129 27 114 3 1 54 11 51 20 53 2 17 154 18 226 2 17 7 22 7 2 7 81 19 78 3 8 35 23 37 29 38 2 9 38 24 49 3 10 232 11 157 22 195 2 4 2 14 1 2 28 13 29 14 2 9 75 11 74 2 13 81 18 83 2 28 18 29 20 3 2 143 16 140 19 116 3 8 26 19 24 23 28 2 3 144 4 152 2 18 99 19 111 2 7 33 20 45 2 4 1 14 2 3 1 114 2 100 24 88 3 21 235 22 219 29 165 3 1 137 17 180 22 129 3 11 151 17 149 25 161 2 2 17 24 17 2 14 156 26 155 2 10 36 28 35 2 23 12 30 14
36 3 6 212 14 157 23 206 3 3 119 9 133 15 150 3 1 47 11 48 20 60 2 2 18 24 14 3 1 61 11 42 20 48 2 1 190 27 206 2 3 145 4 144 3 4 49 12 59 21 54 1 5 33 2 12 129 27 114 3 1 54 11 51 20 53 2 17 154 18 226 2 17 7 22 7 2 7 81 19 78 3 8 35 23 37 29 38 2 9 38 24 49 3 10 232 11 157 22 195 2 4 2 14 1 2 28 13 29 14 2 9 75 11 74 2 13 81 18 83 2 28 18 29 20 3 2 143 16 140 19 116 3 8 26 19 24 23 28 2 3 144 4 152 2 18 99 19 111 2 7 33 20 45 2 4 1 14 2 3 1 114 2 100 24 88 3 21 235 22 219 29 165 3 1 137 17 180 22 129 3 11 151 17 149 25 161 2 2 17 24 17 2 14 156 26 155 2 10 36 28 35 2 23 12 30 14
36 3 1 60 11 45 20 58 2 2 16 24 21 2 3 133 4 149 2 2 15 24 18 3 4 58 12 61 21 45 1 5 32 3 6 165 14 212 23 177 2 7 86 19 101 3 11 172 17 164 25 171 3 8 42 23 37 29 33 2 9 44 24 52 3 10 213 11 229 22 232 2 3 109 4 115 2 4 1 14 2 2 9 71 11 81 2 28 14 29 14 3 10 220 11 158 22 176 2 12 121 27 113 2 18 116 19 111 3 1 160 17 148 22 162 2 13 87 18 67 3 3 135 9 150 15 123 2 28 16 29 14 2 1 193 27 206 3 21 212 22 183 29 159 3 2 165 16 162 19 138 2 17 8 22 7 3 1 95 2 101 24 101 2 28 17 29 14 2 17 171 18 194 2 23 15 30 12 3 1 141 17 167 22 135 3 8 28 19 34 23 27 2 7 42 20 32 2 14 116 26 121 2 10 38 28 45
36 3 1 60 11 45 20 58 2 2 16 24 21 2 3 133 4 149 2 2 15 24 18 3 4 58 12 61 21 45 1 5 32 3 6 165 14 212 23 177 2 7 86 19 101 3 11 172 17 164 25 171 3 8 42 23 37 29 33 2 9 44 24 52 3 10 213 11 229 22 232 2 3 109 4 115 2 4 1 14 2 2 9 71 11 81 2 28 14 29 14 3 10 220 11 158 22 176 2 12 121 27 113 2 18 116 19 111 3 1 160 17 148 22 162 2 13 87 18 67 3 3 135 9 150 15 123 2 28 16 29 14 2 1 193 27 206 3 21 212 22 183 29 159 3 2 165 16 162 19 138 2 17 8 22 7 3 1 95 2 101 24 101 2 28 17 29 14 2 17 171 18 194 2 23 15 30 12 3 1 141 17 167 22 135 3 8 28 19 34 23 27 2 7 42 20 32 2 14 116 26 121 2 10 38 28 45
36 3 1 60 11 45 20 58 2 2 16 24 21 2 3 133 4 149 2 2 15 24 18 3 4 58 12 61 21 45 1 5 32 3 6 165 14 212 23 177 2 7 86 19 101 3 11 172 17 164 25 171 3 8 42 23 37 29 33 2 9 44 24 52 3 10 213 11 229 22 232 2 3 109 4 115 2 4 1 14 2 2 9 71 11 81 2 28 14 29 14 3 10 220 11 158 22 176 2 12 121 27 113 2 18 116 19 111 3 1 160 17 148 22 162 2 13 87 18 67 3 3 135 9 150 15 123 2 28 16 29 14 2 1 193 27 206 3 21 212 22 183 29 159 3 2 165 16 162 19 138 2 17 8 22 7 3 1 95 2 101 24 101 2 28 17 29 14 2 17 171 18 194 2 23 15 30 12 3 1 141 17 167 22 135 3 8 28 19 34 23 27 2 7 42 20 32 2 14 116 26 121 2 10 38 28 45
38 3 8 26 19 33 23 28 2 3 127 4 123 3 11 204 17 221 25 157 3 8 24 19 29 23 29 2 17 9 22 7 3 8 32 19 25 23 30 3 6 203 14 169 23 171 3 1 48 11 52 20 52 2 3 115 4 154 2 2 16 24 19 3 1 45 11 59 20 55 2 4 1 14 1 2 17 8 22 9 2 18 126 19 125 2 9 41 24 50 3 1 133 17 128 22 164 3 4 47 12 59 21 55 1 5 43 3 2 141 16 144 19 119 2 12 95 27 129 2 7 90 19 99 2 17 224 18 203 2 4 1 14 2 3 8 34 23 35 29 28 3 10 222 11 187 22 226 2 9 86 11 73 2 17 180 18 178 2 13 66 18 87 3 8 42 23 39 29 42 3 3 154 9 127 15 121 2 7 36 20 44 3 21 200 22 217 29 184 2 14 114 26 113 2 10 44 28 34 2 1 207 27 201 3 1 105 2 89 24 87 2 28 19 29 16 2 23 10 30 10
38 3 8 26 19 33 23 28 2 3 127 4 123 3 11 204 17 221 25 157 3 8 24 19 29 23 29 2 17 9 22 7 3 8 32 19 25 23 30 3 6 203 14 169 23 171 3 1 48 11 52 20 52 2 3 115 4 154 2 2 16 24 19 3 1 45 11 59 20 55 2 4 1 14 1 2 17 8 22 9 2 18 126 19 125 2 9 41 24 50 3 1 133 17 128 22 164 3 4 47 12 59 21 55 1 5 43 3 2 141 16 144 19 119 2 12 95 27 129 2 7 90 19 99 2 17 224 18 203 2 4 1 14 2 3 8 34 23 35 29 28 3 10 222 11 187 22 226 2 9 86 11 73 2 17 180 18 178 2 13 66 18 87 3 8 42 23 39 29 42 3 3 154 9 127 15 121 2 7 36 20 44 3 21 200 22 217 29 184 2 14 114 26 113 2 10 44 28 34 2 1 207 27 201 3 1 105 2 89 24 87 2 28 19 29 16 2 23 10 30 10
35 3 1 41 11 50 20 49 2 2 21 24 14 3 1 59 11 49 20 47 2 3 157 4 141 3 4 45 12 56 21 46 3 1 111 2 86 24 89 1 5 29 3 6 160 14 220 23 173 3 3 158 9 115 15 147 2 7 110 19 97 2 18 117 19 113 3 8 24 19 32 23 35 3 1 78 2 85 24 85 3 8 35 23 35 29 38 2 9 40 24 54 2 13 78 18 85 2 9 97 11 85 3 10 187 11 223 22 176 2 1 205 27 166 2 7 40 20 36 2 17 6 22 8 2 12 112 27 110 2 4 2 14 1 3 2 161 16 121 19 126 2 17 160 18 218 2 23 11 30 14 3 6 199 14 210 23 170 3 11 195 17 175 25 177 2 28 15 29 18 2 13 67 18 80 2 10 33 28 35 3 1 162 17 144 22 131 3 21 182 22 192 29 222 2 13 63 18 89 2 14 152 26 112
36 1 5 33 3 1 55 11 51 20 50 2 4 1 14 1 2 7 83 19 82 1 5 31 2 2 15 24 19 2 3 118 4 119 3 4 51 12 56 21 43 2 7 33 20 43 3 1 43 11 58 20 45 3 6 204 14 165 23 156 3 8 30 23 39 29 39 2 9 48 24 39 3 10 176 11 184 22 226 2 2 18 24 17 2 9 89 11 68 2 17 7 22 9 2 17 173 18 162 2 12 91 27 129 2 17 8 22 8 3 1 147 17 144 22 151 2 28 16 29 16 2 13 66 18 62 2 10 37 28 45 2 9 70 11 67 3 2 142 16 124 19 161 3 1 158 17 134 22 146 3 3 112 9 161 15 113 2 18 109 19 93 3 21 173 22 193 29 216 3 11 179 17 177 25 223 3 1 80 2 84 24 96 3 8 26 19 24 23 25 2 14 146 26 156 2 1 203 27 223 2 23 15 30 13
36 3 1 59 11 55 20 47 2 2 18 24 20 2 3 135 4 150 2 2 18 24 20 3 4 55 12 57 21 53 1 5 40 3 6 205 14 188 23 163 2 7 95 19 90 3 11 159 17 215 25 168 3 8 42 23 43 29 41 2 9 50 24 45 3 10 202 11 191 22 211 2 3 144 4 151 2 4 2 14 1 2 9 83 11 93 2 28 19 29 20 3 10 169 11 174 22 158 2 12 121 27 95 2 18 86 19 93 3 1 138 17 139 22 166 2 13 71 18 78 3 3 123 9 116 15 152 2 28 16 29 19 2 1 203 27 192 3 21 175 22 236 29 195 3 2 152 16 126 19 153 2 17 6 22 6 3 1 110 2 78 24 87 2 28 18 29 13 2 17 183 18 215 2 23 14 30 12 3 1 159 17 181 22 160 3 8 31 19 29 23 35 2 7 41 20 42 2 14 134 26 150 2 10 31 28 31
36 3 1 59 11 55 20 47 2 2 18 24 20 2 3 135 4 150 2 2 18 24 20 3 4 55 12 57 21 53 1 5 40 3 6 205 14 188 23 163 2 7 95 19 90 3 11 159 17 215 25 168 3 8 42 23 43 29 41 2 9 50 24 45 3 10 202 11 191 22 211 2 3 144 4 151 2 4 2 14 1 2 9 83 11 93 2 28 19 29 20 3 10 169 11 174 22 158 2 12 121 27 95 2 18 86 19 93 3 1 138 17 139 22 166 2 13 71 18 78 3 3 123 9 116 15 152 2 28 16 29 19 2 1 203 27 192 3 21 175 22 236 29 195 3 2 152 16 126 19 153 2 17 6 22 6 3 1 110 2 78 24 87 2 28 18 29 13 2 17 183 18 215 2 23 14 30 12 3 1 159 17 181 22 160 3 8 31 19 29 23 35 2 7 41 20 42 2 14 134 26 150 2 10 31 28 31
36 3 6 161 14 197 23 218 3 3 142 9 154 15 118 3 1 46 11 55 20 42 2 2 15 24 19 3 1 41 11 60 20 46 2 1 180 27 197 2 3 107 4 138 3 4 49 12 45 21 50 1 5 40 2 12 116 27 125 3 1 57 11 52 20 42 2 17 211 18 207 2 17 6 22 7 2 7 107 19 104 3 8 31 23 40 29 36 2 9 37 24 43 3 10 206 11 196 22 168 2 4 1 14 2 2 28 17 29 14 2 9 86 11 94 2 13 75 18 66 2 28 16 29 16 3 2 137 16 160 19 117 3 8 31 19 27 23 29 2 3 125 4 144 2 18 118 19 90 2 7 40 20 38 2 4 2 14 1 3 1 112 2 97 24 81 3 21 196 22 167 29 172 3 1 151 17 167 22 133 3 11 191 17 198 25 158 2 2 20 24 18 2 14 118 26 113 2 10 34 28 39 2 23 11 30 14
36 3 6 161 14 197 23 218 3 3 142 9 154 15 118 3 1 46 11 55 20 42 2 2 15 24 19 3 1 41 11 60 20 46 2 1 180 27 197 2 3 107 4 138 3 4 49 12 45 21 50 1 5 40 2 12 116 27 125 3 1 57 11 52 20 42 2 17 211 18 207 2 17 6 22 7 2 7 107 19 104 3 8 31 23 40 29 36 2 9 37 24 43 3 10 206 11 196 22 168 2 4 1 14 2 2 28 17 29 14 2 9 86 11 94 2 13 75 18 66 2 28 16 29 16 3 2 137 16 160 19 117 3 8 31 19 27 23 29 2 3 125 4 144 2 18 118 19 90 2 7 40 20 38 2 4 2 14 1 3 1 112 2 97 24 81 3 21 196 22 167 29 172 3 1 151 17 167 22 133 3 11 191 17 198 25 158 2 2 20 24 18 2 14 118 26 113 2 10 34 28 39 2 23 11 30 14
32 3 1 50 11 50 20 50 2 2 15 24 16 2 3 109 4 149 3 4 55 12 56 21 60 1 5 31 2 23 14 30 11 3 6 186 14 193 23 208 2 7 104 19 93 3 8 40 23 37 29 39 2 3 138 4 108 2 9 53 24 53 3 10 158 11 170 22 172 2 9 89 11 66 2 12 114 27 91 2 13 77 18 77 2 4 2 14 2 3 3 131 9 141 15 123 2 14 111 26 114 3 1 83 2 106 24 87 3 2 150 16 116 19 115 3 1 163 17 126 22 145 2 17 8 22 8 2 17 175 18 225 3 11 158 17 174 25 204 2 1 189 27 176 3 8 34 19 31 23 31 2 18 95 19 90 2 7 32 20 38 2 18 91 19 101 3 21 177 22 163 29 232 2 10 42 28 35 2 28 17 29 18
32 3 1 50 11 50 20 50 2 2 15 24 16 2 3 109 4 149 3 4 55 12 56 21 60 1 5 31 2 23 14 30 11 3 6 186 14 193 23 208 2 7 104 19 93 3 8 40 23 37 29 39 2 3 138 4 108 2 9 53 24 53 3 10 158 11 170 22 172 2 9 89 11 66 2 12 114 27 91 2 13 77 18 77 2 4 2 14 2 3 3 131 9 141 15 123 2 14 111 26 114 3 1 83 2 106 24 87 3 2 150 16 116 19 115 3 1 163 17 126 22 145 2 17 8 22 8 2 17 175 18 225 3 11 158 17 174 25 204 2 1 189 27 176 3 8 34 19 31 23 31 2 18 95 19 90 2 7 32 20 38 2 18 91 19 101 3 21 177 22 163 29 232 2 10 42 28 35 2 28 17 29 18
32 3 1 50 11 50 20 50 2 2 15 24 16 2 3 109 4 149 3 4 55 12 56 21 60 1 5 31 2 23 14 30 11 3 6 186 14 193 23 208 2 7 104 19 93 3 8 40 23 37 29 39 2 3 138 4 108 2 9 53 24 53 3 10 158 11 170 22 172 2 9 89 11 66 2 12 114 27 91 2 13 77 18 77 2 4 2 14 2 3 3 131 9 141 15 123 2 14 111 26 114 3 1 83 2 106 24 87 3 2 150 16 116 19 115 3 1 163 17 126 22 145 2 17 8 22 8 2 17 175 18 225 3 11 158 17 174 25 204 2 1 189 27 176 3 8 34 19 31 23 31 2 18 95 19 90 2 7 32 20 38 2 18 91 19 101 3 21 177 22 163 29 232 2 10 42 28 35 2 28 17 29 18
36 3 1 47 11 48 20 41 2 2 15 24 19 2 3 108 4 116 2 2 17 24 16 3 4 43 12 44 21 51 1 5 30 3 6 163 14 155 23 191 2 7 92 19 100 3 11 186 17 180 25 171 3 8 41 23 37 29 34 2 9 38 24 45 3 10 163 11 189 22 225 2 3 137 4 137 2 4 2 14 1 2 9 84 11 72 2 28 20 29 13 3 10 231 11 190 22 214 2 12 121 27 97 2 18 124 19 102 3 1 143 17 181 22 128 2 13 86 18 63 3 3 147 9 136 15 133 2 28 17 29 16 2 1 199 27 208 3 21 204 22 170 29 209 3 2 133 16 148 19 162 2 17 7 22 9 3 1 92 2 93 24 99 2 28 14 29 19 2 17 179 18 223 2 23 15 30 14 3 1 143 17 155 22 175 3 8 33 19 32 23 35 2 7 38 20 44 2 14 125 26 144 2 10 46 28 46
35 3 1 49 11 43 20 62 2 2 16 24 19 3 1 45 11 46 20 52 2 3 107 4 134 3 4 60 12 45 21 54 3 1 80 2 81 24 109 1 5 31 3 6 153 14 165 23 184 3 3 117 9 129 15 159 2 7 95 19 99 2 18 86 19 91 3 8 34 19 32 23 32 3 1 98 2 112 24 105 3 8 33 23 37 29 35 2 9 52 24 54 2 13 89 18 64 2 9 73 11 80 3 10 164 11 191 22 205 2 1 206 27 212 2 7 34 20 45 2 17 9 22 6 2 12 96 27 113 2 4 2 14 2 3 2 162 16 165 19 137 2 17 175 18 225 2 23 10 30 11 3 6 153 14 169 23 209 3 11 178 17 159 25 153 2 28 20 29 14 2 13 79 18 71 2 10 41 28 46 3 1 125 17 181 22 147 3 21 226 22 182 29 164 2 13 70 18 68 2 14 136 26 115
33 2 17 179 18 199 3 1 42 11 59 20 41 3 21 170 22 232 29 186 2 2 18 24 19 1 5 31 2 3 117 4 152 2 14 108 26 153 3 4 45 12 42 21 43 2 4 2 14 1 3 6 168 14 192 23 226 2 7 74 19 83 3 8 28 23 30 29 33 3 3 113 9 150 15 112 2 9 52 24 50 3 10 184 11 169 22 183 3 1 105 2 88 24 102 2 9 74 11 76 2 12 107 27 98 3 11 174 17 206 25 210 2 13 74 18 60 2 17 9 22 6 3 1 129 17 126 22 178 3 3 120 9 114 15 109 3 2 161 16 167 19 119 2 18 123 19 102 3 6 194 14 219 23 187 2 7 32 20 34 3 8 32 19 33 23 32 2 1 232 27 168 2 10 39 28 42 2 4 2 14 2 2 28 18 29 15 2 23 12 30 11
38 3 1 52 11 51 20 61 2 2 17 24 19 2 3 145 4 107 3 4 55 12 59 21 53 1 5 30 3 6 197 14 157 23 202 2 2 16 24 17 2 7 84 19 82 3 8 39 23 41 29 35 1 5 43 3 11 215 17 162 25 162 2 14 146 26 142 2 28 20 29 20 2 7 86 19 76 2 13 75 18 86 2 9 38 24 38 3 10 190 11 226 22 178 2 28 19 29 15 2 9 68 11 67 3 11 213 17 161 25 198 2 12 115 27 114 2 4 1 14 1 3 2 159 16 164 19 141 3 3 141 9 142 15 155 2 4 2 14 1 2 17 8 22 6 2 4 2 14 2 2 17 169 18 154 2 18 124 19 113 2 10 42 28 44 3 21 223 22 192 29 178 2 7 36 20 36 3 1 129 17 156 22 125 3 8 33 19 34 23 32 3 6 154 14 157 23 180 3 1 114 2 104 24 90 2 1 187 27 219 2 23 12 30 13
38 2 4 1 14 1 3 1 48 11 57 20 50 2 4 2 14 2 2 2 15 24 19 2 3 143 4 123 2 2 19 24 18 3 4 59 12 60 21 55 2 2 18 24 19 1 5 42 3 6 189 14 188 23 202 3 4 61 12 51 21 41 2 7 84 19 104 2 1 169 27 203 3 1 57 11 53 20 50 3 8 36 23 40 29 42 2 9 41 24 45 3 8 24 19 25 23 30 3 21 161 22 204 29 192 3 10 203 11 209 22 170 3 6 161 14 176 23 181 2 9 78 11 67 2 12 121 27 111 2 13 86 18 79 3 1 154 17 167 22 154 2 3 159 4 154 3 3 141 9 144 15 120 3 2 145 16 127 19 119 2 7 39 20 37 2 17 8 22 6 2 17 155 18 225 2 18 98 19 114 2 14 125 26 156 3 1 86 2 102 24 100 2 28 14 29 13 2 7 97 19 94 3 11 183 17 165 25 185 2 10 41 28 38 2 23 14 30 10
38 2 4 1 14 1 3 1 48 11 57 20 50 2 4 2 14 2 2 2 15 24 19 2 3 143 4 123 2 2 19 24 18 3 4 59 12 60 21 55 2 2 18 24 19 1 5 42 3 6 189 14 188 23 202 3 4 61 12 51 21 41 2 7 84 19 104 2 1 169 27 203 3 1 57 11 53 20 50 3 8 36 23 40 29 42 2 9 41 24 45 3 8 24 19 25 23 30 3 21 161 22 204 29 192 3 10 203 11 209 22 170 3 6 161 14 176 23 181 2 9 78 11 67 2 12 121 27 111 2 13 86 18 79 3 1 154 17 167 22 154 2 3 159 4 154 3 3 141 9 144 15 120 3 2 145 16 127 19 119 2 7 39 20 37 2 17 8 22 6 2 17 155 18 225 2 18 98 19 114 2 14 125 26 156 3 1 86 2 102 24 100 2 28 14 29 13 2 7 97 19 94 3 11 183 17 165 25 185 2 10 41 28 38 2 23 14 30 10
35 3 1 53 11 49 20 48 1 5 29 2 2 21 24 17 1 5 36 3 6 157 14 198 23 214 3 1 86 2 82 24 94 2 3 136 4 107 2 2 20 24 19 3 4 58 12 53 21 49 2 7 82 19 76 3 8 32 23 36 29 39 2 9 48 24 53 2 23 13 30 14 3 10 178 11 225 22 179 3 21 197 22 221 29 232 2 9 90 11 98 2 12 91 27 92 2 13 82 18 60 2 4 1 14 2 2 28 18 29 17 2 10 32 28 40 3 3 123 9 148 15 133 3 2 128 16 116 19 123 2 28 17 29 19 2 17 7 22 8 2 1 226 27 223 3 8 32 19 29 23 35 2 14 133 26 149 2 17 205 18 206 2 18 86 19 116 3 2 123 16 129 19 146 2 7 37 20 40 3 1 52 11 55 20 61 3 11 204 17 187 25 151 3 1 177 17 128 22 147
32 3 1 47 11 45 20 51 2 2 16 24 19 2 3 156 4 127 3 4 51 12 49 21 53 1 5 36 2 23 13 30 10 3 6 198 14 225 23 183 2 7 96 19 106 3 8 41 23 40 29 34 2 3 151 4 119 2 9 54 24 50 3 10 173 11 230 22 176 2 9 67 11 75 2 12 115 27 126 2 13 70 18 62 2 4 2 14 1 3 3 134 9 143 15 147 2 14 147 26 134 3 1 107 2 80 24 98 3 2 165 16 130 19 170 3 1 171 17 168 22 155 2 17 7 22 8 2 17 202 18 159 3 11 208 17 172 25 179 2 1 231 27 168 3 8 29 19 34 23 30 2 18 86 19 85 2 7 36 20 38 2 18 101 19 108 3 21 192 22 228 29 192 2 10 33 28 40 2 28 17 29 19
35 3 1 53 11 49 20 41 2 2 14 24 21 3 1 62 11 58 20 59 2 3 136 4 152 3 4 61 12 58 21 57 3 1 88 2 94 24 77 1 5 33 3 6 154 14 223 23 206 3 3 141 9 160 15 118 2 7 84 19 79 2 18 125 19 102 3 8 34 19 29 23 31 3 1 112 2 88 24 104 3 8 30 23 39 29 32 2 9 50 24 36 2 13 86 18 81 2 9 66 11 84 3 10 162 11 181 22 189 2 1 158 27 232 2 7 43 20 44 2 17 7 22 6 2 12 113 27 126 2 4 1 14 2 3 2 165 16 125 19 156 2 17 171 18 200 2 23 13 30 10 3 6 155 14 213 23 222 3 11 152 17 184 25 156 2 28 13 29 16 2 13 70 18 61 2 10 33 28 36 3 1 152 17 133 22 153 3 21 183 22 226 29 207 2 13 66 18 86 2 14 144 26 155
32 3 1 51 11 56 20 47 2 23 11 30 12 2 2 18 24 16 2 3 156 4 125 3 4 46 12 41 21 56 2 28 18 29 17 2 17 167 18 214 1 5 33 2 18 99 19 85 3 6 227 14 204 23 156 2 7 98 19 82 2 13 68 18 83 3 8 31 23 41 29 31 2 9 42 24 52 3 1 114 2 99 24 83 3 10 222 11 227 22 197 2 4 1 14 2 2 9 78 11 67 2 12 103 27 106 3 10 199 11 226 22 185 3 3 160 9 113 15 146 3 2 130 16 156 19 152 3 8 24 19 25 23 27 2 17 7 22 7 2 7 35 20 33 3 21 171 22 194 29 220 3 1 169 17 149 22 153 2 10 44 28 44 2 2 19 24 17 3 11 154 17 178 25 224 2 14 151 26 117 2 1 227 27 156
35 3 1 47 11 50 20 60 2 4 1 14 1 2 2 17 24 17 3 21 180 22 160 29 204 3 10 199 11 187 22 230 2 2 16 24 15 2 3 136 4 135 3 4 51 12 54 21 50 1 5 40 3 6 155 14 225 23 216 3 8 28 19 30 23 29 2 17 9 22 8 2 13 70 18 68 2 7 79 19 104 3 8 30 23 33 29 32 2 9 40 24 54 2 9 85 11 86 2 12 102 27 115 2 17 219 18 193 2 18 103 19 106 3 8 24 19 31 23 35 3 3 112 9 115 15 143 2 17 209 18 155 2 28 14 29 15 3 2 122 16 164 19 161 2 7 37 20 43 2 1 182 27 163 3 1 157 17 155 22 173 3 8 33 19 33 23 33 3 1 114 2 78 24 99 3 11 213 17 217 25 154 2 23 12 30 13 2 3 156 4 126 2 10 42 28 34 2 14 121 26 131
34 3 1 59 11 44 20 44 2 2 19 24 14 1 5 38 2 3 136 4 150 2 14 150 26 115 3 4 54 12 42 21 60 2 12 120 27 94 3 6 219 14 187 23 222 2 7 88 19 89 3 3 151 9 118 15 141 3 8 40 23 33 29 35 1 5 42 2 9 48 24 39 3 10 179 11 195 22 195 2 17 162 18 173 2 13 85 18 61 2 14 111 26 113 2 9 72 11 73 3 2 157 16 143 19 126 2 4 2 14 2 2 17 8 22 8 2 18 114 19 119 2 7 37 20 33 3 10 202 11 193 22 225 3 11 167 17 221 25 154 3 21 175 22 171 29 209 3 1 135 17 174 22 160 2 9 45 24 43 2 1 199 27 204 3 8 35 19 33 23 24 3 1 113 2 85 24 100 2 10 41 28 45 2 28 15 29 18 2 23 13 30 13
34 3 1 59 11 44 20 44 2 2 19 24 14 1 5 38 2 3 136 4 150 2 14 150 26 115 3 4 54 12 42 21 60 2 12 120 27 94 3 6 219 14 187 23 222 2 7 88 19 89 3 3 151 9 118 15 141 3 8 40 23 33 29 35 1 5 42 2 9 48 24 39 3 10 179 11 195 22 195 2 17 162 18 173 2 13 85 18 61 2 14 111 26 113 2 9 72 11 73 3 2 157 16 143 19 126 2 4 2 14 2 2 17 8 22 8 2 18 114 19 119 2 7 37 20 33 3 10 202 11 193 22 225 3 11 167 17 221 25 154 3 21 175 22 171 29 209 3 1 135 17 174 22 160 2 9 45 24 43 2 1 199 27 204 3 8 35 19 33 23 24 3 1 113 2 85 24 100 2 10 41 28 45 2 28 15 29 18 2 23 13 30 13
34 3 1 59 11 44 20 44 2 2 19 24 14 1 5 38 2 3 136 4 150 2 14 150 26 115 3 4 54 12 42 21 60 2 12 120 27 94 3 6 219 14 187 23 222 2 7 88 19 89 3 3 151 9 118 15 141 3 8 40 23 33 29 35 1 5 42 2 9 48 24 39 3 10 179 11 195 22 195 2 17 162 18 173 2 13 85 18 61 2 14 111 26 113 2 9 72 11 73 3 2 157 16 143 19 126 2 4 2 14 2 2 17 8 22 8 2 18 114 19 119 2 7 37 20 33 3 10 202 11 193 22 225 3 11 167 17 221 25 154 3 21 175 22 171 29 209 3 1 135 17 174 22 160 2 9 45 24 43 2 1 199 27 204 3 8 35 19 33 23 24 3 1 113 2 85 24 100 2 10 41 28 45 2 28 15 29 18 2 23 13 30 13
34 3 1 59 11 44 20 44 2 2 19 24 14 1 5 38 2 3 136 4 150 2 14 150 26 115 3 4 54 12 42 21 60 2 12 120 27 94 3 6 219 14 187 23 222 2 7 88 19 89 3 3 151 9 118 15 141 3 8 40 23 33 29 35 1 5 42 2 9 48 24 39 3 10 179 11 195 22 195 2 17 162 18 173 2 13 85 18 61 2 14 111 26 113 2 9 72 11 73 3 2 157 16 143 19 126 2 4 2 14 2 2 17 8 22 8 2 18 114 19 119 2 7 37 20 33 3 10 202 11 193 22 225 3 11 167 17 221 25 154 3 21 175 22 171 29 209 3 1 135 17 174 22 160 2 9 45 24 43 2 1 199 27 204 3 8 35 19 33 23 24 3 1 113 2 85 24 100 2 10 41 28 45 2 28 15 29 18 2 23 13 30 13
34 3 1 59 11 44 20 44 2 2 19 24 14 1 5 38 2 3 136 4 150 2 14 150 26 115 3 4 54 12 42 21 60 2 12 120 27 94 3 6 219 14 187 23 222 2 7 88 19 89 3 3 151 9 118 15 141 3 8 40 23 33 29 35 1 5 42 2 9 48 24 39 3 10 179 11 195 22 195 2 17 162 18 173 2 13 85 18 61 2 14 111 26 113 2 9 72 11 73 3 2 157 16 143 19 126 2 4 2 14 2 2 17 8 22 8 2 18 114 19 119 2 7 37 20 33 3 10 202 11 193 22 225 3 11 167 17 221 25 154 3 21 175 22 171 29 209 3 1 135 17 174 22 160 2 9 45 24 43 2 1 199 27 204 3 8 35 19 33 23 24 3 1 113 2 85 24 100 2 10 41 28 45 2 28 15 29 18 2 23 13 30 13
37 3 3 123 9 120 15 123 2 4 1 14 2 3 1 52 11 52 20 42 3 6 161 14 172 23 221 2 2 15 24 19 2 3 144 4 116 3 4 50 12 56 21 60 3 1 107 2 103 24 79 1 5 39 2 7 109 19 101 3 8 37 23 42 29 29 2 9 51 24 37 2 10 43 28 35 3 10 221 11 169 22 213 2 7 88 19 81 2 9 95 11 82 2 12 97 27 120 1 5 28 2 13 76 18 72 3 2 133 16 134 19 120 2 17 7 22 6 3 3 148 9 117 15 119 2 17 176 18 155 2 10 44 28 35 2 18 101 19 89 3 10 210 11 169 22 211 2 28 16 29 18 2 7 45 20 37 3 21 212 22 177 29 159 3 10 188 11 198 22 225 3 1 146 17 138 22 130 3 11 183 17 192 25 158 2 1 165 27 219 3 8 29 19 27 23 27 3 21 174 22 164 29 211 2 14 123 26 132 2 23 12 30 14
37 3 3 123 9 120 15 123 2 4 1 14 2 3 1 52 11 52 20 42 3 6 161 14 172 23 221 2 2 15 24 19 2 3 144 4 116 3 4 50 12 56 21 60 3 1 107 2 103 24 79 1 5 39 2 7 109 19 101 3 8 37 23 42 29 29 2 9 51 24 37 2 10 43 28 35 3 10 221 11 169 22 213 2 7 88 19 81 2 9 95 11 82 2 12 97 27 120 1 5 28 2 13 76 18 72 3 2 133 16 134 19 120 2 17 7 22 6 3 3 148 9 117 15 119 2 17 176 18 155 2 10 44 28 35 2 18 101 19 89 3 10 210 11 169 22 211 2 28 16 29 18 2 7 45 20 37 3 21 212 22 177 29 159 3 10 188 11 198 22 225 3 1 146 17 138 22 130 3 11 183 17 192 25 158 2 1 165 27 219 3 8 29 19 27 23 27 3 21 174 22 164 29 211 2 14 123 26 132 2 23 12 30 14
32 3 1 49 11 59 20 61 2 23 12 30 15 2 2 17 24 15 2 3 145 4 131 3 4 43 12 47 21 48 2 28 17 29 19 2 17 227 18 192 1 5 33 2 18 94 19 111 3 6 185 14 181 23 218 2 7 90 19 109 2 13 63 18 62 3 8 40 23 35 29 29 2 9 39 24 48 3 1 88 2 109 24 99 3 10 160 11 211 22 200 2 4 2 14 2 2 9 70 11 86 2 12 125 27 91 3 10 172 11 221 22 167 3 3 140 9 138 15 160 3 2 145 16 126 19 158 3 8 30 19 32 23 27 2 17 7 22 7 2 7 46 20 42 3 21 197 22 167 29 203 3 1 143 17 151 22 175 2 10 42 28 42 2 2 19 24 17 3 11 163 17 200 25 219 2 14 150 26 152 2 1 164 27 222
35 3 1 55 11 53 20 43 2 4 1 14 2 2 2 17 24 18 3 21 211 22 197 29 180 3 10 185 11 188 22 186 2 2 21 24 14 2 3 124 4 120 3 4 56 12 44 21 60 1 5 34 3 6 159 14 178 23 178 3 8 35 19 28 23 30 2 17 8 22 6 2 13 68 18 75 2 7 88 19 94 3 8 40 23 34 29 31 2 9 55 24 43 2 9 85 11 97 2 12 105 27 92 2 17 185 18 201 2 18 100 19 111 3 8 29 19 25 23 32 3 3 161 9 140 15 136 2 17 154 18 226 2 28 14 29 18 3 2 139 16 127 19 134 2 7 40 20 31 2 1 204 27 174 3 1 129 17 140 22 167 3 8 31 19 25 23 32 3 1 115 2 102 24 113 3 11 213 17 221 25 211 2 23 12 30 11 2 3 142 4 133 2 10 43 28 34 2 14 136 26 139
35 3 1 55 11 49 20 50 2 2 15 24 15 3 1 48 11 55 20 47 3 8 31 19 30 23 25 2 3 141 4 141 2 9 79 11 79 3 4 50 12 57 21 52 1 5 36 2 9 80 11 73 3 6 224 14 164 23 210 2 7 93 19 76 2 1 222 27 169 2 17 6 22 7 3 10 185 11 216 22 208 3 8 37 23 31 29 38 2 9 37 24 45 2 12 91 27 118 2 13 86 18 86 2 28 15 29 14 2 18 112 19 115 3 10 197 11 223 22 224 3 21 198 22 232 29 227 2 3 135 4 148 2 4 2 14 2 3 2 127 16 131 19 128 3 3 146 9 137 15 123 2 17 166 18 159 2 7 32 20 38 2 4 1 14 1 3 1 126 17 126 22 169 3 1 96 2 92 24 110 3 11 218 17 159 25 212 2 14 126 26 140 2 23 10 30 14 2 10 35 28 44
38 3 1 57 11 54 20 45 2 2 16 24 17 2 3 143 4 116 1 5 36 3 4 58 12 58 21 60 2 7 79 19 88 2 3 126 4 154 3 6 177 14 158 23 199 2 2 21 24 21 3 8 40 23 42 29 39 2 9 50 24 49 3 10 206 11 196 22 219 3 8 41 23 39 29 29 2 9 74 11 80 3 1 51 11 50 20 44 2 10 39 28 39 2 12 126 27 112 2 13 79 18 89 2 4 1 14 2 2 18 93 19 89 2 17 176 18 199 3 3 133 9 157 15 125 3 4 49 12 42 21 61 3 8 35 19 27 23 32 3 2 148 16 133 19 130 2 17 194 18 213 2 17 9 22 6 2 7 35 20 45 3 21 162 22 203 29 207 2 17 8 22 8 2 14 128 26 148 3 1 123 17 182 22 183 2 3 151 4 151 3 1 89 2 85 24 85 2 28 13 29 17 3 11 150 17 189 25 220 2 1 179 27 188 2 23 12 30 11
38 3 1 57 11 54 20 45 2 2 16 24 17 2 3 143 4 116 1 5 36 3 4 58 12 58 21 60 2 7 79 19 88 2 3 126 4 154 3 6 177 14 158 23 199 2 2 21 24 21 3 8 40 23 42 29 39 2 9 50 24 49 3 10 206 11 196 22 219 3 8 41 23 39 29 29 2 9 74 11 80 3 1 51 11 50 20 44 2 10 39 28 39 2 12 126 27 112 2 13 79 18 89 2 4 1 14 2 2 18 93 19 89 2 17 176 18 199 3 3 133 9 157 15 125 3 4 49 12 42 21 61 3 8 35 19 27 23 32 3 2 148 16 133 19 130 2 17 194 18 213 2 17 9 22 6 2 7 35 20 45 3 21 162 22 203 29 207 2 17 8 22 8 2 14 128 26 148 3 1 123 17 182 22 183 2 3 151 4 151 3 1 89 2 85 24 85 2 28 13 29 17 3 11 150 17 189 25 220 2 1 179 27 188 2 23 12 30 11
37 3 3 128 9 110 15 116 2 4 1 14 1 3 1 55 11 60 20 50 3 6 227 14 195 23 215 2 2 15 24 18 2 3 143 4 129 3 4 60 12 57 21 43 3 1 109 2 98 24 77 1 5 41 2 7 93 19 83 3 8 30 23 39 29 36 2 9 49 24 40 2 10 43 28 44 3 10 199 11 202 22 226 2 7 99 19 98 2 9 66 11 86 2 12 105 27 100 1 5 36 2 13 86 18 77 3 2 150 16 169 19 133 2 17 8 22 8 3 3 124 9 122 15 142 2 17 216 18 210 2 10 42 28 41 2 18 98 19 118 3 10 171 11 193 22 205 2 28 14 29 15 2 7 46 20 37 3 21 194 22 234 29 164 3 10 191 11 222 22 199 3 1 182 17 177 22 181 3 11 162 17 223 25 164 2 1 178 27 170 3 8 24 19 28 23 24 3 21 202 22 182 29 221 2 14 123 26 109 2 23 12 30 13
35 3 1 43 11 53 20 55 2 2 21 24 16 3 1 59 11 57 20 58 3 8 31 19 32 23 33 2 3 143 4 132 2 9 94 11 79 3 4 52 12 60 21 52 1 5 33 2 9 76 11 88 3 6 156 14 214 23 181 2 7 105 19 77 2 1 214 27 165 2 17 8 22 8 3 10 209 11 208 22 196 3 8 34 23 32 29 34 2 9 52 24 46 2 12 130 27 91 2 13 88 18 85 2 28 16 29 14 2 18 88 19 92 3 10 189 11 205 22 179 3 21 187 22 216 29 200 2 3 113 4 120 2 4 2 14 2 3 2 147 16 141 19 164 3 3 127 9 137 15 155 2 17 173 18 221 2 7 46 20 39 2 4 2 14 2 3 1 134 17 124 22 161 3 1 80 2 104 24 97 3 11 195 17 191 25 211 2 14 113 26 147 2 23 11 30 12 2 10 33 28 32
35 3 1 54 11 46 20 49 2 4 2 14 2 2 2 19 24 15 3 21 168 22 181 29 214 3 10 224 11 182 22 203 2 2 20 24 20 2 3 119 4 129 3 4 52 12 46 21 52 1 5 36 3 6 178 14 222 23 180 3 8 32 19 28 23 32 2 17 8 22 8 2 13 88 18 78 2 7 101 19 103 3 8 31 23 35 29 39 2 9 41 24 53 2 9 84 11 85 2 12 117 27 128 2 17 159 18 157 2 18 89 19 121 3 8 33 19 24 23 30 3 3 158 9 127 15 118 2 17 183 18 207 2 28 14 29 16 3 2 139 16 133 19 167 2 7 38 20 43 2 1 229 27 156 3 1 163 17 169 22 130 3 8 34 19 27 23 32 3 1 100 2 77 24 97 3 11 166 17 156 25 216 2 23 13 30 14 2 3 143 4 160 2 10 32 28 34 2 14 146 26 111
35 3 1 54 11 46 20 49 2 4 2 14 2 2 2 19 24 15 3 21 168 22 181 29 214 3 10 224 11 182 22 203 2 2 20 24 20 2 3 119 4 129 3 4 52 12 46 21 52 1 5 36 3 6 178 14 222 23 180 3 8 32 19 28 23 32 2 17 8 22 8 2 13 88 18 78 2 7 101 19 103 3 8 31 23 35 29 39 2 9 41 24 53 2 9 84 11 85 2 12 117 27 128 2 17 159 18 157 2 18 89 19 121 3 8 33 19 24 23 30 3 3 158 9 127 15 118 2 17 183 18 207 2 28 14 29 16 3 2 139 16 133 19 167 2 7 38 20 43 2 1 229 27 156 3 1 163 17 169 22 130 3 8 34 19 27 23 32 3 1 100 2 77 24 97 3 11 166 17 156 25 216 2 23 13 30 14 2 3 143 4 160 2 10 32 28 34 2 14 146 26 111
38 3 8 27 19 30 23 35 2 3 154 4 159 3 11 184 17 178 25 196 3 8 24 19 29 23 33 2 17 9 22 9 3 8 31 19 26 23 32 3 6 171 14 190 23 225 3 1 59 11 54 20 43 2 3 124 4 112 2 2 14 24 16 3 1 58 11 44 20 50 2 4 2 14 2 2 17 8 22 6 2 18 113 19 126 2 9 45 24 41 3 1 143 17 183 22 138 3 4 48 12 49 21 61 1 5 37 3 2 119 16 139 19 151 2 12 115 27 126 2 7 83 19 93 2 17 159 18 214 2 4 2 14 1 3 8 38 23 35 29 29 3 10 165 11 228 22 170 2 9 77 11 94 2 17 202 18 194 2 13 88 18 80 3 8 37 23 33 29 33 3 3 108 9 147 15 130 2 7 39 20 33 3 21 176 22 160 29 175 2 14 145 26 131 2 10 31 28 38 2 1 171 27 179 3 1 97 2 110 24 79 2 28 16 29 18 2 23 13 30 12
36 1 5 28 3 1 59 11 46 20 42 2 4 1 14 1 2 7 77 19 84 1 5 30 2 2 20 24 14 2 3 120 4 140 3 4 46 12 53 21 62 2 7 32 20 35 3 1 50 11 59 20 54 3 6 203 14 154 23 179 3 8 37 23 40 29 30 2 9 53 24 38 3 10 220 11 182 22 230 2 2 18 24 14 2 9 91 11 72 2 17 8 22 7 2 17 182 18 184 2 12 125 27 119 2 17 7 22 7 3 1 182 17 133 22 124 2 28 17 29 18 2 13 85 18 61 2 10 36 28 42 2 9 85 11 90 3 2 132 16 171 19 141 3 1 165 17 138 22 153 3 3 115 9 150 15 138 2 18 125 19 103 3 21 166 22 216 29 166 3 11 185 17 183 25 210 3 1 100 2 103 24 110 3 8 34 19 28 23 34 2 14 121 26 134 2 1 211 27 198 2 23 15 30 15
38 2 4 2 14 1 3 1 54 11 60 20 45 2 4 2 14 1 2 2 20 24 18 2 3 149 4 136 2 2 17 24 21 3 4 44 12 42 21 51 2 2 18 24 17 1 5 38 3 6 214 14 224 23 168 3 4 62 12 47 21 52 2 7 80 19 94 2 1 188 27 174 3 1 57 11 56 20 56 3 8 38 23 35 29 42 2 9 47 24 45 3 8 24 19 35 23 25 3 21 166 22 180 29 172 3 10 166 11 194 22 209 3 6 160 14 163 23 182 2 9 78 11 77 2 12 94 27 110 2 13 67 18 72 3 1 182 17 160 22 138 2 3 135 4 134 3 3 119 9 120 15 117 3 2 135 16 123 19 157 2 7 36 20 37 2 17 8 22 8 2 17 182 18 226 2 18 124 19 126 2 14 148 26 144 3 1 109 2 111 24 104 2 28 16 29 20 2 7 107 19 100 3 11 187 17 209 25 196 2 10 42 28 34 2 23 10 30 11
38 3 1 61 11 61 20 43 2 2 17 24 15 2 3 156 4 153 3 4 53 12 50 21 52 1 5 30 3 6 224 14 187 23 207 2 2 18 24 21 2 7 109 19 94 3 8 41 23 32 29 37 1 5 33 3 11 205 17 200 25 181 2 14 127 26 143 2 28 19 29 17 2 7 90 19 84 2 13 85 18 89 2 9 48 24 42 3 10 155 11 167 22 175 2 28 13 29 15 2 9 80 11 80 3 11 192 17 223 25 183 2 12 126 27 117 2 4 1 14 2 3 2 158 16 123 19 128 3 3 119 9 150 15 126 2 4 1 14 1 2 17 7 22 8 2 4 1 14 2 2 17 182 18 182 2 18 87 19 119 2 10 35 28 44 3 21 190 22 165 29 209 2 7 46 20 36 3 1 143 17 124 22 145 3 8 32 19 34 23 34 3 6 162 14 219 23 192 3 1 112 2 81 24 101 2 1 200 27 224 2 23 10 30 11
37 3 3 154 9 151 15 118 2 4 2 14 1 3 1 58 11 44 20 60 3 6 190 14 171 23 190 2 2 17 24 21 2 3 129 4 108 3 4 44 12 54 21 59 3 1 107 2 103 24 96 1 5 36 2 7 88 19 75 3 8 41 23 31 29 30 2 9 49 24 54 2 10 34 28 33 3 10 210 11 218 22 214 2 7 95 19 94 2 9 93 11 82 2 12 106 27 127 1 5 28 2 13 87 18 86 3 2 170 16 171 19 121 2 17 8 22 8 3 3 156 9 157 15 116 2 17 177 18 199 2 10 40 28 41 2 18 121 19 120 3 10 171 11 172 22 178 2 28 19 29 19 2 7 38 20 40 3 21 159 22 168 29 179 3 10 164 11 179 22 206 3 1 154 17 157 22 133 3 11 219 17 194 25 167 2 1 182 27 162 3 8 31 19 26 23 26 3 21 195 22 210 29 181 2 14 124 26 146 2 23 12 30 11
35 3 1 42 11 52 20 51 2 2 19 24 19 2 9 82 11 69 2 3 154 4 142 1 5 29 3 4 44 12 51 21 55 2 3 113 4 118 3 6 189 14 218 23 162 2 12 104 27 117 3 1 88 2 109 24 98 1 5 36 2 7 108 19 107 3 8 31 23 32 29 38 2 9 51 24 41 2 14 145 26 122 3 10 170 11 165 22 192 3 1 114 2 112 24 89 2 13 64 18 71 2 4 2 14 1 2 1 186 27 167 2 28 17 29 18 2 7 32 20 32 3 2 158 16 167 19 156 2 10 33 28 37 2 9 49 24 48 3 3 125 9 141 15 158 2 18 124 19 124 2 1 171 27 226 2 17 8 22 6 2 17 228 18 159 3 21 166 22 162 29 177 3 1 156 17 175 22 145 3 8 26 19 30 23 27 3 11 162 17 207 25 151 2 23 11 30 14
DUE_DATES: 5514 5147 5147 5544 5544 5544 5523 5523 5491 5098 5614 5614 5078 5078 4874 4874 4874 5567 5368 5116 5532 5608 5608 5112 5148 5504 5054 5353 5343 5343 5343 5343 5343 5976 5976 5101 5338 5486 5759 5759 6254 5466 5350 5350 5447 5253 5623 5641 6125 5470
WEIGHTS: 3 2 3 2 3 1 3 2 2 2 1 1 1 2 1 2 2 1 3 3 2 2 2 3 1 1 3 1 1 3 1 2 1 3 3 3 2 2 2 3 2 1 1 2 3 1 2 3 1 2
