50 30
36 2 1 3 11 2 3 1 94 9 82 19 93 2 9 159 15 174 2 2 7 26 7 2 9 132 15 126 2 8 2 18 2 3 24 29 26 33 29 35 2 8 3 18 3 2 3 25 9 19 2 4 182 20 156 2 18 67 20 65 3 5 159 8 122 15 119 2 9 179 15 179 2 6 96 17 91 3 2 108 13 140 17 140 1 7 44 3 1 105 20 143 27 124 2 9 179 28 183 2 10 35 12 26 3 24 26 26 27 29 33 3 11 27 14 30 25 27 3 4 15 5 17 12 14 2 13 166 17 188 3 19 178 29 162 30 162 2 6 133 14 123 3 9 201 23 141 26 195 3 13 117 24 144 27 157 3 16 82 20 79 28 107 2 8 31 21 24 2 22 143 24 126 3 3 131 21 88 24 118 2 13 190 17 193 3 2 45 9 35 25 42 2 25 158 26 159 3 3 116 21 126 24 95 2 27 62 28 67
37 2 25 162 26 184 3 2 145 13 132 17 123 2 1 2 11 3 2 25 177 26 153 2 2 6 26 7 3 2 109 13 142 17 147 2 3 23 9 28 3 16 96 20 94 28 91 3 24 34 26 33 29 31 3 11 27 14 34 25 34 2 4 176 20 190 3 2 39 9 41 25 38 3 19 194 29 178 30 143 2 3 25 9 28 3 3 99 21 128 24 106 3 5 119 8 133 15 154 2 6 92 17 104 3 1 78 9 93 19 105 2 27 63 28 67 1 7 32 2 8 2 18 2 3 5 141 8 135 15 150 2 9 193 28 211 2 10 26 12 37 3 4 17 5 18 12 14 2 6 108 14 119 2 9 184 28 205 2 9 157 15 178 2 13 138 17 172 2 18 70 20 67 3 4 13 5 14 12 13 3 1 133 20 117 27 102 3 9 180 23 193 26 171 2 8 33 21 33 2 27 79 28 60 2 22 114 24 117 3 13 137 24 143 27 134
37 2 25 163 26 174 3 2 111 13 113 17 122 2 1 3 11 3 2 25 178 26 177 2 2 9 26 9 3 2 149 13 140 17 140 2 3 24 9 27 3 16 95 20 104 28 82 3 24 38 26 33 29 30 3 11 33 14 33 25 33 2 4 160 20 149 3 2 47 9 51 25 41 3 19 155 29 188 30 182 2 3 26 9 27 3 3 114 21 99 24 130 3 5 142 8 115 15 122 2 6 113 17 123 3 1 97 9 82 19 105 2 27 65 28 72 1 7 30 2 8 2 18 3 3 5 146 8 129 15 144 2 9 197 28 231 2 10 33 12 37 3 4 17 5 17 12 14 2 6 95 14 92 2 9 198 28 161 2 9 137 15 158 2 13 142 17 140 2 18 66 20 60 3 4 16 5 13 12 15 3 1 142 20 143 27 141 3 9 206 23 204 26 178 2 8 27 21 25 2 27 59 28 77 2 22 153 24 149 3 13 144 24 136 27 113
37 2 25 163 26 174 3 2 111 13 113 17 122 2 1 3 11 3 2 25 178 26 177 2 2 9 26 9 3 2 149 13 140 17 140 2 3 24 9 27 3 16 95 20 104 28 82 3 24 38 26 33 29 30 3 11 33 14 33 25 33 2 4 160 20 149 3 2 47 9 51 25 41 3 19 155 29 188 30 182 2 3 26 9 27 3 3 114 21 99 24 130 3 5 142 8 115 15 122 2 6 113 17 123 3 1 97 9 82 19 105 2 27 65 28 72 1 7 30 2 8 2 18 3 3 5 146 8 129 15 144 2 9 197 28 231 2 10 33 12 37 3 4 17 5 17 12 14 2 6 95 14 92 2 9 198 28 161 2 9 137 15 158 2 13 142 17 140 2 18 66 20 60 3 4 16 5 13 12 15 3 1 142 20 143 27 141 3 9 206 23 204 26 178 2 8 27 21 25 2 27 59 28 77 2 22 153 24 149 3 13 144 24 136 27 113
32 2 1 2 11 2 2 22 147 24 129 2 8 2 18 3 3 24 34 26 32 29 36 2 8 3 18 3 2 2 8 26 6 2 3 24 9 25 3 9 176 23 174 26 188 2 4 144 20 147 3 5 128 8 132 15 115 2 6 100 17 126 2 9 155 15 178 1 7 32 2 9 224 28 195 2 10 36 12 27 3 11 27 14 36 25 28 2 25 141 26 189 3 19 201 29 191 30 177 3 4 13 5 17 12 15 3 24 29 26 29 29 29 3 2 138 13 108 17 103 2 6 112 14 94 3 3 106 21 101 24 123 3 16 113 20 96 28 97 2 13 176 17 153 2 18 61 20 48 3 13 146 24 156 27 115 3 1 104 9 82 19 74 3 1 145 20 135 27 149 2 8 32 21 27 3 2 50 9 38 25 42 2 27 79 28 73
39 2 8 3 18 3 2 1 2 11 3 2 2 9 26 6 2 3 24 9 26 3 16 103 20 93 28 109 2 1 2 11 3 2 4 142 20 181 3 5 126 8 129 15 108 2 2 9 26 8 3 3 128 21 94 24 95 3 4 15 5 16 12 14 2 6 91 17 95 3 19 199 29 191 30 172 1 7 30 3 5 140 8 149 15 157 2 9 192 28 227 2 10 27 12 25 3 24 27 26 26 29 29 3 11 31 14 27 25 34 2 6 127 17 101 3 1 112 20 111 27 135 3 2 106 13 110 17 113 3 1 100 20 135 27 141 2 6 122 14 115 2 22 137 24 141 2 9 181 15 140 2 13 139 17 147 2 18 60 20 68 3 1 96 9 76 19 87 2 9 160 28 187 2 8 25 21 32 2 3 25 9 21 2 25 149 26 190 2 9 160 15 183 3 9 176 23 139 26 179 3 2 49 9 41 25 34 2 2 7 26 6 3 13 160 24 141 27 121 2 27 79 28 69
39 2 8 3 18 3 2 1 2 11 3 2 2 9 26 6 2 3 24 9 26 3 16 103 20 93 28 109 2 1 2 11 3 2 4 142 20 181 3 5 126 8 129 15 108 2 2 9 26 8 3 3 128 21 94 24 95 3 4 15 5 16 12 14 2 6 91 17 95 3 19 199 29 191 30 172 1 7 30 3 5 140 8 149 15 157 2 9 192 28 227 2 10 27 12 25 3 24 27 26 26 29 29 3 11 31 14 27 25 34 2 6 127 17 101 3 1 112 20 111 27 135 3 2 106 13 110 17 113 3 1 100 20 135 27 141 2 6 122 14 115 2 22 137 24 141 2 9 181 15 140 2 13 139 17 147 2 18 60 20 68 3 1 96 9 76 19 87 2 9 160 28 187 2 8 25 21 32 2 3 25 9 21 2 25 149 26 190 2 9 160 15 183 3 9 176 23 139 26 179 3 2 49 9 41 25 34 2 2 7 26 6 3 13 160 24 141 27 121 2 27 79 28 69
39 2 8 3 18 3 2 1 2 11 3 2 2 9 26 6 2 3 24 9 26 3 16 103 20 93 28 109 2 1 2 11 3 2 4 142 20 181 3 5 126 8 129 15 108 2 2 9 26 8 3 3 128 21 94 24 95 3 4 15 5 16 12 14 2 6 91 17 95 3 19 199 29 191 30 172 1 7 30 3 5 140 8 149 15 157 2 9 192 28 227 2 10 27 12 25 3 24 27 26 26 29 29 3 11 31 14 27 25 34 2 6 127 17 101 3 1 112 20 111 27 135 3 2 106 13 110 17 113 3 1 100 20 135 27 141 2 6 122 14 115 2 22 137 24 141 2 9 181 15 140 2 13 139 17 147 2 18 60 20 68 3 1 96 9 76 19 87 2 9 160 28 187 2 8 25 21 32 2 3 25 9 21 2 25 149 26 190 2 9 160 15 183 3 9 176 23 139 26 179 3 2 49 9 41 25 34 2 2 7 26 6 3 13 160 24 141 27 121 2 27 79 28 69
36 2 1 3 11 3 2 2 6 26 9 3 16 89 20 82 28 114 2 9 186 15 186 2 3 20 9 28 2 4 168 20 171 3 24 35 26 30 29 33 2 4 186 20 183 3 5 129 8 156 15 120 2 6 121 17 108 3 11 31 14 25 25 26 3 5 130 8 157 15 112 1 7 34 3 19 135 29 187 30 159 2 8 2 18 3 3 9 184 23 205 26 189 2 9 228 28 231 2 10 31 12 35 2 22 150 24 122 3 4 14 5 14 12 18 3 13 120 24 135 27 159 2 8 22 21 23 3 13 155 24 128 27 116 3 1 95 9 90 19 95 3 4 15 5 15 12 13 3 2 119 13 129 17 131 3 19 188 29 177 30 142 2 25 188 26 154 2 6 99 14 111 2 13 184 17 136 2 18 57 20 60 3 1 102 20 145 27 112 3 3 110 21 125 24 90 3 2 48 9 39 25 42 3 5 120 8 143 15 115 2 27 74 28 65
36 2 1 3 11 3 2 2 6 26 9 3 16 89 20 82 28 114 2 9 186 15 186 2 3 20 9 28 2 4 168 20 171 3 24 35 26 30 29 33 2 4 186 20 183 3 5 129 8 156 15 120 2 6 121 17 108 3 11 31 14 25 25 26 3 5 130 8 157 15 112 1 7 34 3 19 135 29 187 30 159 2 8 2 18 3 3 9 184 23 205 26 189 2 9 228 28 231 2 10 31 12 35 2 22 150 24 122 3 4 14 5 14 12 18 3 13 120 24 135 27 159 2 8 22 21 23 3 13 155 24 128 27 116 3 1 95 9 90 19 95 3 4 15 5 15 12 13 3 2 119 13 129 17 131 3 19 188 29 177 30 142 2 25 188 26 154 2 6 99 14 111 2 13 184 17 136 2 18 57 20 60 3 1 102 20 145 27 112 3 3 110 21 125 24 90 3 2 48 9 39 25 42 3 5 120 8 143 15 115 2 27 74 28 65
36 2 1 3 11 3 2 2 6 26 7 3 16 97 20 89 28 96 2 9 169 15 138 2 3 22 9 22 2 4 177 20 130 3 24 27 26 34 29 37 2 4 156 20 129 3 5 130 8 112 15 150 2 6 130 17 88 3 11 32 14 29 25 35 3 5 152 8 151 15 147 1 7 31 3 19 172 29 149 30 190 2 8 3 18 3 3 9 157 23 185 26 178 2 9 225 28 198 2 10 36 12 33 2 22 145 24 153 3 4 13 5 13 12 17 3 13 111 24 153 27 121 2 8 29 21 30 3 13 148 24 133 27 162 3 1 96 9 79 19 107 3 4 14 5 13 12 15 3 2 127 13 126 17 128 3 19 186 29 151 30 137 2 25 207 26 177 2 6 132 14 134 2 13 176 17 179 2 18 63 20 53 3 1 131 20 124 27 111 3 3 99 21 99 24 96 3 2 43 9 49 25 41 3 5 146 8 138 15 125 2 27 59 28 79
36 2 1 3 11 3 2 2 6 26 7 3 16 97 20 89 28 96 2 9 169 15 138 2 3 22 9 22 2 4 177 20 130 3 24 27 26 34 29 37 2 4 156 20 129 3 5 130 8 112 15 150 2 6 130 17 88 3 11 32 14 29 25 35 3 5 152 8 151 15 147 1 7 31 3 19 172 29 149 30 190 2 8 3 18 3 3 9 157 23 185 26 178 2 9 225 28 198 2 10 36 12 33 2 22 145 24 153 3 4 13 5 13 12 17 3 13 111 24 153 27 121 2 8 29 21 30 3 13 148 24 133 27 162 3 1 96 9 79 19 107 3 4 14 5 13 12 15 3 2 127 13 126 17 128 3 19 186 29 151 30 137 2 25 207 26 177 2 6 132 14 134 2 13 176 17 179 2 18 63 20 53 3 1 131 20 124 27 111 3 3 99 21 99 24 96 3 2 43 9 49 25 41 3 5 146 8 138 15 125 2 27 59 28 79
36 2 1 3 11 3 2 2 6 26 7 3 16 97 20 89 28 96 2 9 169 15 138 2 3 22 9 22 2 4 177 20 130 3 24 27 26 34 29 37 2 4 156 20 129 3 5 130 8 112 15 150 2 6 130 17 88 3 11 32 14 29 25 35 3 5 152 8 151 15 147 1 7 31 3 19 172 29 149 30 190 2 8 3 18 3 3 9 157 23 185 26 178 2 9 225 28 198 2 10 36 12 33 2 22 145 24 153 3 4 13 5 13 12 17 3 13 111 24 153 27 121 2 8 29 21 30 3 13 148 24 133 27 162 3 1 96 9 79 19 107 3 4 14 5 13 12 15 3 2 127 13 126 17 128 3 19 186 29 151 30 137 2 25 207 26 177 2 6 132 14 134 2 13 176 17 179 2 18 63 20 53 3 1 131 20 124 27 111 3 3 99 21 99 24 96 3 2 43 9 49 25 41 3 5 146 8 138 15 125 2 27 59 28 79
36 3 2 39 9 38 25 38 2 1 3 11 3 2 2 8 26 6 2 1 2 11 2 2 27 68 28 60 2 3 24 9 27 2 2 7 26 7 2 4 186 20 164 2 27 57 28 77 3 9 190 23 152 26 205 3 5 111 8 132 15 152 2 6 101 17 97 3 2 41 9 47 25 48 3 16 108 20 112 28 80 3 3 89 21 125 24 109 2 8 27 21 25 2 22 140 24 149 1 7 36 2 8 3 18 3 2 9 175 15 145 3 1 80 9 89 19 92 3 4 16 5 16 12 17 2 9 212 28 191 2 13 146 17 160 2 10 30 12 36 3 3 107 21 95 24 128 3 11 25 14 32 25 32 2 6 91 14 112 3 9 204 23 202 26 159 3 2 122 13 126 17 126 2 18 51 20 51 3 19 184 29 186 30 197 3 13 145 24 137 27 140 3 1 151 20 149 27 120 2 25 187 26 148 3 24 31 26 26 29 38
36 3 2 39 9 38 25 38 2 1 3 11 3 2 2 8 26 6 2 1 2 11 2 2 27 68 28 60 2 3 24 9 27 2 2 7 26 7 2 4 186 20 164 2 27 57 28 77 3 9 190 23 152 26 205 3 5 111 8 132 15 152 2 6 101 17 97 3 2 41 9 47 25 48 3 16 108 20 112 28 80 3 3 89 21 125 24 109 2 8 27 21 25 2 22 140 24 149 1 7 36 2 8 3 18 3 2 9 175 15 145 3 1 80 9 89 19 92 3 4 16 5 16 12 17 2 9 212 28 191 2 13 146 17 160 2 10 30 12 36 3 3 107 21 95 24 128 3 11 25 14 32 25 32 2 6 91 14 112 3 9 204 23 202 26 159 3 2 122 13 126 17 126 2 18 51 20 51 3 19 184 29 186 30 197 3 13 145 24 137 27 140 3 1 151 20 149 27 120 2 25 187 26 148 3 24 31 26 26 29 38
36 3 2 39 9 38 25 38 2 1 3 11 3 2 2 8 26 6 2 1 2 11 2 2 27 68 28 60 2 3 24 9 27 2 2 7 26 7 2 4 186 20 164 2 27 57 28 77 3 9 190 23 152 26 205 3 5 111 8 132 15 152 2 6 101 17 97 3 2 41 9 47 25 48 3 16 108 20 112 28 80 3 3 89 21 125 24 109 2 8 27 21 25 2 22 140 24 149 1 7 36 2 8 3 18 3 2 9 175 15 145 3 1 80 9 89 19 92 3 4 16 5 16 12 17 2 9 212 28 191 2 13 146 17 160 2 10 30 12 36 3 3 107 21 95 24 128 3 11 25 14 32 25 32 2 6 91 14 112 3 9 204 23 202 26 159 3 2 122 13 126 17 126 2 18 51 20 51 3 19 184 29 186 30 197 3 13 145 24 137 27 140 3 1 151 20 149 27 120 2 25 187 26 148 3 24 31 26 26 29 38
39 2 4 165 20 178 3 13 115 24 123 27 120 2 4 146 20 176 2 1 3 11 2 3 13 115 24 148 27 138 2 2 7 26 8 2 4 131 20 160 2 3 27 9 20 3 2 115 13 131 17 124 2 2 9 26 7 3 5 144 8 107 15 111 1 7 35 2 6 96 17 116 2 8 3 18 3 2 9 220 28 224 2 18 61 20 54 2 10 33 12 34 1 7 38 2 6 105 14 118 3 13 132 24 150 27 119 3 11 32 14 26 25 30 3 4 18 5 15 12 14 3 3 89 21 92 24 96 2 8 29 21 25 2 18 63 20 64 2 9 182 15 151 3 16 112 20 98 28 102 3 9 184 23 139 26 184 2 13 165 17 187 3 1 113 20 124 27 129 3 1 82 9 95 19 102 2 22 157 24 125 3 2 51 9 38 25 38 2 25 194 26 183 3 4 16 5 16 12 17 3 24 31 26 30 29 33 2 8 29 21 25 2 27 74 28 80 3 19 161 29 172 30 191
39 2 4 165 20 178 3 13 115 24 123 27 120 2 4 146 20 176 2 1 3 11 2 3 13 115 24 148 27 138 2 2 7 26 8 2 4 131 20 160 2 3 27 9 20 3 2 115 13 131 17 124 2 2 9 26 7 3 5 144 8 107 15 111 1 7 35 2 6 96 17 116 2 8 3 18 3 2 9 220 28 224 2 18 61 20 54 2 10 33 12 34 1 7 38 2 6 105 14 118 3 13 132 24 150 27 119 3 11 32 14 26 25 30 3 4 18 5 15 12 14 3 3 89 21 92 24 96 2 8 29 21 25 2 18 63 20 64 2 9 182 15 151 3 16 112 20 98 28 102 3 9 184 23 139 26 184 2 13 165 17 187 3 1 113 20 124 27 129 3 1 82 9 95 19 102 2 22 157 24 125 3 2 51 9 38 25 38 2 25 194 26 183 3 4 16 5 16 12 17 3 24 31 26 30 29 33 2 8 29 21 25 2 27 74 28 80 3 19 161 29 172 30 191
37 2 25 173 26 181 3 2 128 13 130 17 121 2 1 2 11 3 2 25 154 26 165 2 2 9 26 7 3 2 148 13 137 17 130 2 3 25 9 19 3 16 91 20 110 28 85 3 24 33 26 33 29 32 3 11 30 14 36 25 30 2 4 166 20 151 3 2 42 9 39 25 42 3 19 138 29 154 30 139 2 3 23 9 19 3 3 126 21 100 24 102 3 5 127 8 159 15 109 2 6 108 17 95 3 1 103 9 100 19 97 2 27 56 28 67 1 7 43 2 8 3 18 2 3 5 110 8 141 15 128 2 9 163 28 194 2 10 28 12 36 3 4 14 5 17 12 14 2 6 101 14 112 2 9 229 28 182 2 9 186 15 151 2 13 184 17 192 2 18 67 20 62 3 4 17 5 15 12 15 3 1 115 20 135 27 147 3 9 194 23 204 26 198 2 8 32 21 27 2 27 58 28 69 2 22 110 24 151 3 13 127 24 134 27 160
37 2 25 173 26 181 3 2 128 13 130 17 121 2 1 2 11 3 2 25 154 26 165 2 2 9 26 7 3 2 148 13 137 17 130 2 3 25 9 19 3 16 91 20 110 28 85 3 24 33 26 33 29 32 3 11 30 14 36 25 30 2 4 166 20 151 3 2 42 9 39 25 42 3 19 138 29 154 30 139 2 3 23 9 19 3 3 126 21 100 24 102 3 5 127 8 159 15 109 2 6 108 17 95 3 1 103 9 100 19 97 2 27 56 28 67 1 7 43 2 8 3 18 2 3 5 110 8 141 15 128 2 9 163 28 194 2 10 28 12 36 3 4 14 5 17 12 14 2 6 101 14 112 2 9 229 28 182 2 9 186 15 151 2 13 184 17 192 2 18 67 20 62 3 4 17 5 15 12 15 3 1 115 20 135 27 147 3 9 194 23 204 26 198 2 8 32 21 27 2 27 58 28 69 2 22 110 24 151 3 13 127 24 134 27 160
34 2 1 2 11 2 2 2 9 26 7 2 3 22 9 27 3 9 147 23 153 26 164 2 4 144 20 182 2 22 136 24 139 3 5 150 8 119 15 123 2 6 124 17 94 2 18 49 20 65 1 7 40 2 6 105 17 122 3 19 140 29 162 30 181 3 11 35 14 27 25 34 2 4 160 20 139 2 8 3 18 2 2 6 120 17 106 3 4 14 5 15 12 13 2 9 164 28 187 3 9 174 23 167 26 168 3 2 133 13 126 17 114 2 10 26 12 26 3 2 45 9 35 25 43 2 13 161 17 141 2 6 112 14 135 3 24 30 26 32 29 26 2 9 165 15 148 3 16 87 20 86 28 109 3 1 81 9 88 19 99 2 25 174 26 159 3 1 130 20 128 27 121 2 8 25 21 23 3 13 128 24 115 27 147 3 3 124 21 128 24 116 2 27 55 28 62
33 2 1 3 11 3 3 1 121 20 100 27 114 3 9 167 23 139 26 176 2 2 8 26 9 2 3 27 9 28 2 4 144 20 136 2 9 178 15 143 3 13 142 24 128 27 126 2 9 156 15 186 3 5 135 8 123 15 146 2 27 80 28 80 2 18 47 20 69 2 6 93 17 112 2 8 2 18 2 2 2 7 26 6 1 7 31 2 22 131 24 129 2 10 26 12 30 3 2 111 13 122 17 108 2 9 167 28 217 3 1 81 9 89 19 74 2 9 129 15 132 3 2 36 9 37 25 41 3 11 33 14 36 25 24 3 4 13 5 18 12 18 2 6 91 14 113 3 16 88 20 83 28 114 3 19 188 29 160 30 139 2 13 145 17 166 2 8 29 21 29 3 3 113 21 131 24 115 2 25 142 26 186 3 24 26 26 27 29 30
38 3 2 114 13 100 17 103 2 13 152 17 164 3 2 128 13 133 17 113 2 1 2 11 2 3 2 134 13 126 17 112 2 2 7 26 8 2 3 21 9 23 2 8 2 18 3 2 13 177 17 165 2 4 179 20 135 3 5 155 8 132 15 118 2 4 146 20 182 2 6 108 17 123 1 7 40 2 8 3 18 3 2 9 196 28 225 2 1 2 11 3 3 13 139 24 162 27 160 2 27 62 28 76 2 10 31 12 32 3 11 27 14 32 25 27 2 18 63 20 62 2 3 23 9 23 3 4 18 5 12 12 17 2 6 132 14 132 2 9 139 15 180 3 1 74 9 92 19 103 3 16 84 20 89 28 103 3 1 144 20 114 27 127 2 8 30 21 22 3 19 189 29 137 30 186 2 22 146 24 110 3 3 128 21 117 24 118 3 9 162 23 197 26 208 3 2 43 9 44 25 49 3 24 31 26 28 29 37 2 8 2 18 2 2 25 169 26 155
33 2 1 3 11 3 3 16 99 20 103 28 87 2 2 6 26 9 2 3 28 9 26 2 4 161 20 146 3 11 27 14 26 25 26 3 5 130 8 117 15 152 3 1 108 9 92 19 99 2 6 102 17 127 1 7 41 2 8 3 18 2 2 6 92 17 94 2 9 191 28 223 2 10 31 12 35 3 4 13 5 15 12 17 2 6 118 14 107 3 1 101 9 78 19 95 3 2 140 13 131 17 133 3 2 41 9 34 25 39 2 9 184 15 135 3 13 121 24 163 27 154 2 13 161 17 161 2 18 55 20 55 3 1 110 20 114 27 110 2 27 71 28 70 2 9 183 28 204 3 9 171 23 154 26 163 2 8 25 21 30 2 22 137 24 114 3 3 113 21 113 24 93 2 25 172 26 175 3 24 35 26 37 29 36 3 19 165 29 180 30 154
33 2 1 3 11 3 3 16 99 20 103 28 87 2 2 6 26 9 2 3 28 9 26 2 4 161 20 146 3 11 27 14 26 25 26 3 5 130 8 117 15 152 3 1 108 9 92 19 99 2 6 102 17 127 1 7 41 2 8 3 18 2 2 6 92 17 94 2 9 191 28 223 2 10 31 12 35 3 4 13 5 15 12 17 2 6 118 14 107 3 1 101 9 78 19 95 3 2 140 13 131 17 133 3 2 41 9 34 25 39 2 9 184 15 135 3 13 121 24 163 27 154 2 13 161 17 161 2 18 55 20 55 3 1 110 20 114 27 110 2 27 71 28 70 2 9 183 28 204 3 9 171 23 154 26 163 2 8 25 21 30 2 22 137 24 114 3 3 113 21 113 24 93 2 25 172 26 175 3 24 35 26 37 29 36 3 19 165 29 180 30 154
35 2 9 170 15 182 2 1 3 11 3 2 2 6 26 8 2 3 27 9 23 3 13 150 24 127 27 150 2 1 2 11 2 2 18 51 20 53 2 4 140 20 165 3 5 116 8 131 15 143 3 2 47 9 43 25 44 2 6 92 17 130 3 24 33 26 31 29 34 1 7 45 2 8 3 18 3 2 9 228 28 235 3 2 37 9 45 25 39 3 2 111 13 114 17 113 2 10 34 12 30 3 11 25 14 30 25 26 3 4 17 5 17 12 17 3 24 32 26 34 29 36 2 6 92 14 133 3 16 81 20 77 28 86 2 27 66 28 74 2 13 139 17 168 3 19 201 29 161 30 187 3 1 104 9 95 19 84 3 1 139 20 133 27 126 2 25 189 26 155 2 8 32 21 23 3 4 19 5 17 12 15 3 3 111 21 121 24 110 2 2 7 26 8 2 22 133 24 135 3 9 176 23 177 26 180
37 2 25 196 26 171 3 2 130 13 134 17 140 2 1 3 11 2 2 25 188 26 166 2 2 7 26 8 3 2 101 13 142 17 117 2 3 25 9 23 3 16 88 20 105 28 109 3 24 27 26 38 29 30 3 11 30 14 32 25 31 2 4 154 20 170 3 2 48 9 40 25 35 3 19 177 29 167 30 147 2 3 22 9 23 3 3 88 21 95 24 90 3 5 139 8 114 15 123 2 6 127 17 124 3 1 82 9 86 19 103 2 27 73 28 63 1 7 42 2 8 3 18 3 3 5 138 8 118 15 110 2 9 198 28 174 2 10 34 12 33 3 4 12 5 17 12 17 2 6 125 14 119 2 9 169 28 225 2 9 127 15 137 2 13 180 17 176 2 18 57 20 54 3 4 14 5 16 12 13 3 1 133 20 111 27 118 3 9 196 23 184 26 158 2 8 22 21 32 2 27 77 28 63 2 22 117 24 139 3 13 124 24 128 27 131
37 2 25 196 26 171 3 2 130 13 134 17 140 2 1 3 11 2 2 25 188 26 166 2 2 7 26 8 3 2 101 13 142 17 117 2 3 25 9 23 3 16 88 20 105 28 109 3 24 27 26 38 29 30 3 11 30 14 32 25 31 2 4 154 20 170 3 2 48 9 40 25 35 3 19 177 29 167 30 147 2 3 22 9 23 3 3 88 21 95 24 90 3 5 139 8 114 15 123 2 6 127 17 124 3 1 82 9 86 19 103 2 27 73 28 63 1 7 42 2 8 3 18 3 3 5 138 8 118 15 110 2 9 198 28 174 2 10 34 12 33 3 4 12 5 17 12 17 2 6 125 14 119 2 9 169 28 225 2 9 127 15 137 2 13 180 17 176 2 18 57 20 54 3 4 14 5 16 12 13 3 1 133 20 111 27 118 3 9 196 23 184 26 158 2 8 22 21 32 2 27 77 28 63 2 22 117 24 139 3 13 124 24 128 27 131
36 2 1 2 11 3 3 2 35 9 48 25 47 2 27 67 28 69 2 3 22 9 24 2 2 7 26 7 2 4 169 20 175 3 4 14 5 18 12 18 2 9 171 15 154 3 4 18 5 16 12 18 3 5 160 8 153 15 140 2 6 109 17 126 2 4 141 20 129 1 7 36 2 8 2 18 3 2 9 210 28 167 3 1 108 20 124 27 111 2 10 27 12 30 2 25 142 26 191 2 8 29 21 28 3 11 32 14 25 25 35 3 1 107 9 92 19 105 3 2 102 13 137 17 127 2 6 107 14 99 3 16 113 20 93 28 95 2 4 167 20 133 2 13 149 17 180 2 18 60 20 67 2 22 109 24 135 3 24 26 26 29 29 29 3 9 189 23 155 26 164 3 1 79 9 102 19 95 3 3 125 21 89 24 125 2 6 136 14 132 3 13 149 24 133 27 158 3 2 148 13 137 17 142 3 19 167 29 135 30 170
38 2 1 2 11 3 3 3 112 21 99 24 97 2 1 3 11 3 2 18 51 20 55 2 2 8 26 8 3 3 91 21 99 24 127 2 3 19 9 23 2 4 152 20 180 2 2 7 26 7 3 5 111 8 139 15 137 2 18 59 20 50 2 6 98 17 131 1 7 36 2 9 188 28 223 2 8 3 18 2 2 10 30 12 33 2 9 192 28 235 3 11 33 14 28 25 27 3 1 142 20 107 27 132 2 4 167 20 174 2 25 175 26 175 3 4 13 5 14 12 18 2 4 176 20 174 3 2 138 13 124 17 112 2 6 102 14 128 3 19 190 29 197 30 161 2 9 159 15 126 2 8 24 21 32 3 9 181 23 204 26 182 3 16 100 20 105 28 93 3 2 39 9 34 25 50 2 13 173 17 179 2 8 3 18 3 3 1 105 9 104 19 83 2 22 132 24 152 3 13 134 24 148 27 119 2 27 58 28 60 3 24 36 26 37 29 35
38 2 1 2 11 3 3 3 112 21 99 24 97 2 1 3 11 3 2 18 51 20 55 2 2 8 26 8 3 3 91 21 99 24 127 2 3 19 9 23 2 4 152 20 180 2 2 7 26 7 3 5 111 8 139 15 137 2 18 59 20 50 2 6 98 17 131 1 7 36 2 9 188 28 223 2 8 3 18 2 2 10 30 12 33 2 9 192 28 235 3 11 33 14 28 25 27 3 1 142 20 107 27 132 2 4 167 20 174 2 25 175 26 175 3 4 13 5 14 12 18 2 4 176 20 174 3 2 138 13 124 17 112 2 6 102 14 128 3 19 190 29 197 30 161 2 9 159 15 126 2 8 24 21 32 3 9 181 23 204 26 182 3 16 100 20 105 28 93 3 2 39 9 34 25 50 2 13 173 17 179 2 8 3 18 3 3 1 105 9 104 19 83 2 22 132 24 152 3 13 134 24 148 27 119 2 27 58 28 60 3 24 36 26 37 29 35
38 2 1 2 11 3 3 3 112 21 99 24 97 2 1 3 11 3 2 18 51 20 55 2 2 8 26 8 3 3 91 21 99 24 127 2 3 19 9 23 2 4 152 20 180 2 2 7 26 7 3 5 111 8 139 15 137 2 18 59 20 50 2 6 98 17 131 1 7 36 2 9 188 28 223 2 8 3 18 2 2 10 30 12 33 2 9 192 28 235 3 11 33 14 28 25 27 3 1 142 20 107 27 132 2 4 167 20 174 2 25 175 26 175 3 4 13 5 14 12 18 2 4 176 20 174 3 2 138 13 124 17 112 2 6 102 14 128 3 19 190 29 197 30 161 2 9 159 15 126 2 8 24 21 32 3 9 181 23 204 26 182 3 16 100 20 105 28 93 3 2 39 9 34 25 50 2 13 173 17 179 2 8 3 18 3 3 1 105 9 104 19 83 2 22 132 24 152 3 13 134 24 148 27 119 2 27 58 28 60 3 24 36 26 37 29 35
32 2 1 3 11 3 2 22 117 24 150 2 8 2 18 3 3 24 33 26 29 29 35 2 8 3 18 2 2 2 8 26 6 2 3 27 9 22 3 9 172 23 143 26 167 2 4 180 20 167 3 5 148 8 132 15 112 2 6 108 17 115 2 9 178 15 150 1 7 44 2 9 208 28 230 2 10 33 12 34 3 11 28 14 30 25 31 2 25 157 26 153 3 19 162 29 163 30 202 3 4 15 5 18 12 13 3 24 27 26 30 29 32 3 2 107 13 114 17 143 2 6 135 14 120 3 3 110 21 125 24 93 3 16 92 20 105 28 112 2 13 132 17 181 2 18 47 20 51 3 13 140 24 164 27 146 3 1 86 9 77 19 93 3 1 114 20 126 27 122 2 8 30 21 26 3 2 44 9 38 25 40 2 27 81 28 62
38 3 2 104 13 104 17 119 2 13 160 17 157 3 2 140 13 116 17 133 2 1 2 11 2 3 2 103 13 149 17 127 2 2 7 26 7 2 3 22 9 26 2 8 3 18 3 2 13 140 17 155 2 4 183 20 174 3 5 121 8 130 15 128 2 4 162 20 186 2 6 131 17 124 1 7 31 2 8 2 18 3 2 9 173 28 233 2 1 3 11 2 3 13 121 24 143 27 132 2 27 79 28 57 2 10 34 12 35 3 11 28 14 25 25 35 2 18 47 20 47 2 3 27 9 27 3 4 17 5 16 12 17 2 6 133 14 128 2 9 178 15 178 3 1 79 9 80 19 80 3 16 102 20 86 28 77 3 1 136 20 148 27 131 2 8 25 21 25 3 19 157 29 165 30 199 2 22 127 24 144 3 3 97 21 100 24 97 3 9 153 23 149 26 180 3 2 38 9 44 25 41 3 24 30 26 35 29 30 2 8 2 18 3 2 25 148 26 196
39 2 4 155 20 140 3 13 115 24 113 27 161 2 4 127 20 148 2 1 2 11 2 3 13 116 24 122 27 115 2 2 8 26 6 2 4 158 20 137 2 3 20 9 24 3 2 129 13 125 17 126 2 2 7 26 8 3 5 127 8 160 15 111 1 7 41 2 6 105 17 94 2 8 3 18 3 2 9 205 28 232 2 18 50 20 47 2 10 37 12 31 1 7 32 2 6 126 14 110 3 13 129 24 152 27 125 3 11 33 14 36 25 30 3 4 15 5 17 12 14 3 3 107 21 122 24 131 2 8 33 21 32 2 18 68 20 49 2 9 187 15 132 3 16 99 20 108 28 100 3 9 158 23 172 26 151 2 13 153 17 136 3 1 134 20 110 27 116 3 1 105 9 92 19 102 2 22 143 24 148 3 2 43 9 38 25 46 2 25 161 26 171 3 4 15 5 18 12 12 3 24 26 26 30 29 26 2 8 31 21 28 2 27 60 28 76 3 19 185 29 160 30 181
38 2 27 61 28 55 2 1 2 11 3 2 13 172 17 172 2 2 7 26 8 2 3 28 9 27 2 4 137 20 169 3 13 113 24 130 27 164 3 5 107 8 119 15 152 2 6 126 17 116 2 9 196 28 218 2 2 9 26 7 1 7 31 2 27 80 28 59 2 8 2 18 3 2 10 34 12 37 2 27 74 28 56 3 16 106 20 95 28 78 3 11 33 14 25 25 25 3 4 13 5 15 12 13 2 27 65 28 75 3 2 112 13 127 17 104 3 5 130 8 113 15 117 2 6 96 14 114 2 3 21 9 21 2 9 150 15 173 2 18 70 20 56 3 4 18 5 17 12 15 3 1 94 9 94 19 75 3 1 138 20 147 27 117 3 3 108 21 125 24 115 3 9 187 23 184 26 198 2 8 30 21 23 2 22 122 24 152 2 18 69 20 62 3 2 45 9 40 25 51 2 25 188 26 190 3 24 35 26 37 29 26 3 19 176 29 188 30 161
38 3 2 128 13 104 17 136 2 13 159 17 147 3 2 115 13 106 17 139 2 1 3 11 3 3 2 114 13 116 17 104 2 2 7 26 7 2 3 19 9 23 2 8 2 18 3 2 13 149 17 132 2 4 183 20 179 3 5 153 8 132 15 112 2 4 144 20 138 2 6 109 17 123 1 7 34 2 8 3 18 2 2 9 164 28 205 2 1 2 11 3 3 13 135 24 141 27 163 2 27 58 28 72 2 10 34 12 36 3 11 35 14 29 25 26 2 18 52 20 53 2 3 26 9 28 3 4 13 5 15 12 15 2 6 136 14 123 2 9 155 15 177 3 1 101 9 92 19 78 3 16 78 20 81 28 96 3 1 128 20 111 27 107 2 8 30 21 30 3 19 169 29 187 30 176 2 22 144 24 127 3 3 102 21 93 24 103 3 9 143 23 173 26 153 3 2 50 9 34 25 41 3 24 35 26 29 29 31 2 8 3 18 3 2 25 178 26 199
36 2 1 3 11 2 2 2 9 26 7 2 3 21 9 24 2 4 130 20 183 2 13 155 17 152 3 5 129 8 115 15 157 2 3 20 9 25 2 6 130 17 118 1 7 35 2 8 3 18 2 3 1 92 9 101 19 82 2 9 170 28 217 3 24 31 26 33 29 27 3 11 27 14 27 25 34 2 2 9 26 7 2 10 29 12 33 2 2 9 26 9 3 4 19 5 17 12 13 2 4 144 20 182 3 2 105 13 142 17 117 2 6 103 14 112 2 9 138 15 135 2 1 2 11 3 3 16 104 20 113 28 110 3 1 135 20 102 27 117 3 19 157 29 148 30 182 2 18 49 20 55 2 13 140 17 159 2 8 25 21 24 2 25 201 26 207 2 22 111 24 107 3 9 142 23 146 26 185 3 3 120 21 124 24 108 3 2 36 9 37 25 51 2 27 71 28 56 3 13 133 24 143 27 127
37 2 25 146 26 155 3 2 114 13 137 17 120 2 1 3 11 3 2 25 162 26 169 2 2 9 26 7 3 2 122 13 100 17 104 2 3 28 9 19 3 16 78 20 101 28 102 3 24 27 26 35 29 28 3 11 28 14 25 25 30 2 4 137 20 168 3 2 42 9 45 25 42 3 19 135 29 191 30 164 2 3 25 9 28 3 3 127 21 117 24 122 3 5 117 8 148 15 149 2 6 123 17 114 3 1 106 9 95 19 95 2 27 69 28 77 1 7 40 2 8 3 18 3 3 5 142 8 135 15 152 2 9 227 28 174 2 10 28 12 25 3 4 16 5 14 12 18 2 6 133 14 99 2 9 204 28 224 2 9 186 15 126 2 13 153 17 156 2 18 67 20 62 3 4 18 5 18 12 19 3 1 148 20 132 27 106 3 9 147 23 167 26 144 2 8 25 21 30 2 27 80 28 64 2 22 116 24 111 3 13 130 24 153 27 128
39 3 4 14 5 14 12 18 2 1 3 11 3 2 27 68 28 68 2 13 189 17 191 2 2 6 26 7 2 18 67 20 56 2 3 27 9 21 3 5 130 8 124 15 114 2 4 178 20 135 2 6 117 17 96 2 8 22 21 25 2 2 7 26 8 2 10 30 12 37 3 4 13 5 15 12 15 1 7 39 3 3 130 21 98 24 97 2 18 51 20 50 3 16 114 20 105 28 81 2 8 2 18 2 2 9 205 28 163 2 4 175 20 134 3 11 24 14 30 25 33 3 3 110 21 128 24 113 3 13 155 24 134 27 123 3 1 107 20 126 27 101 3 2 138 13 140 17 123 2 3 25 9 24 3 1 92 9 76 19 105 2 6 96 14 128 3 19 136 29 180 30 139 2 9 126 15 127 2 8 22 21 28 2 22 106 24 112 2 8 29 21 24 3 9 151 23 161 26 193 3 2 43 9 43 25 47 2 6 110 17 101 3 24 29 26 37 29 34 2 25 141 26 195
36 2 1 2 11 2 2 2 6 26 7 2 3 24 9 21 2 4 171 20 166 2 13 147 17 193 3 5 158 8 157 15 153 2 3 25 9 20 2 6 105 17 106 1 7 33 2 8 2 18 3 3 1 98 9 89 19 107 2 9 170 28 174 3 24 32 26 37 29 30 3 11 35 14 36 25 29 2 2 7 26 7 2 10 29 12 28 2 2 8 26 6 3 4 15 5 17 12 18 2 4 180 20 133 3 2 112 13 104 17 127 2 6 97 14 132 2 9 147 15 161 2 1 3 11 3 3 16 102 20 87 28 80 3 1 125 20 134 27 134 3 19 172 29 163 30 166 2 18 48 20 51 2 13 142 17 187 2 8 24 21 32 2 25 180 26 171 2 22 114 24 126 3 9 143 23 160 26 156 3 3 111 21 105 24 118 3 2 38 9 41 25 37 2 27 57 28 80 3 13 164 24 159 27 142
35 2 1 2 11 3 2 2 6 26 7 2 3 26 9 27 2 4 131 20 186 2 10 36 12 34 3 5 114 8 144 15 108 2 8 28 21 32 2 4 155 20 127 2 6 105 17 118 2 4 145 20 135 1 7 37 2 3 26 9 27 2 8 3 18 3 3 2 148 13 136 17 141 2 9 237 28 181 3 3 119 21 124 24 123 2 9 159 15 168 3 11 34 14 36 25 34 3 4 15 5 16 12 17 2 25 141 26 186 2 6 91 14 93 3 16 106 20 114 28 114 3 24 28 26 37 29 32 2 13 139 17 154 2 18 63 20 48 3 1 79 9 93 19 83 2 1 2 11 3 3 1 138 20 150 27 111 2 22 147 24 153 3 9 153 23 175 26 194 3 2 35 9 51 25 47 3 13 147 24 143 27 144 2 27 75 28 70 3 16 77 20 97 28 83 3 19 161 29 142 30 167
35 2 1 2 11 3 2 2 6 26 7 2 3 26 9 27 2 4 131 20 186 2 10 36 12 34 3 5 114 8 144 15 108 2 8 28 21 32 2 4 155 20 127 2 6 105 17 118 2 4 145 20 135 1 7 37 2 3 26 9 27 2 8 3 18 3 3 2 148 13 136 17 141 2 9 237 28 181 3 3 119 21 124 24 123 2 9 159 15 168 3 11 34 14 36 25 34 3 4 15 5 16 12 17 2 25 141 26 186 2 6 91 14 93 3 16 106 20 114 28 114 3 24 28 26 37 29 32 2 13 139 17 154 2 18 63 20 48 3 1 79 9 93 19 83 2 1 2 11 3 3 1 138 20 150 27 111 2 22 147 24 153 3 9 153 23 175 26 194 3 2 35 9 51 25 47 3 13 147 24 143 27 144 2 27 75 28 70 3 16 77 20 97 28 83 3 19 161 29 142 30 167
36 3 2 38 9 38 25 36 2 1 2 11 3 2 2 9 26 8 2 1 3 11 2 2 27 78 28 59 2 3 25 9 23 2 2 7 26 8 2 4 158 20 162 2 27 55 28 68 3 9 176 23 190 26 178 3 5 109 8 145 15 155 2 6 128 17 115 3 2 50 9 39 25 50 3 16 113 20 78 28 93 3 3 104 21 123 24 108 2 8 28 21 27 2 22 140 24 111 1 7 40 2 8 3 18 2 2 9 156 15 128 3 1 87 9 101 19 95 3 4 19 5 17 12 18 2 9 221 28 208 2 13 193 17 174 2 10 34 12 30 3 3 112 21 121 24 113 3 11 28 14 31 25 30 2 6 107 14 123 3 9 189 23 193 26 194 3 2 101 13 117 17 144 2 18 60 20 68 3 19 168 29 174 30 188 3 13 151 24 154 27 122 3 1 123 20 113 27 108 2 25 165 26 155 3 24 34 26 27 29 29
39 2 1 2 11 3 2 9 144 15 141 2 2 6 26 8 2 22 155 24 157 2 2 6 26 9 2 3 26 9 26 2 1 2 11 3 2 4 190 20 163 3 5 153 8 142 15 117 1 7 44 2 6 119 17 123 2 3 23 9 25 2 8 2 18 3 2 9 229 28 229 2 4 135 20 141 2 10 33 12 36 3 2 48 9 42 25 34 3 11 34 14 28 25 25 1 7 31 3 4 14 5 17 12 16 3 2 143 13 136 17 104 2 6 98 14 102 3 2 44 9 40 25 49 3 16 91 20 83 28 86 2 6 89 17 92 2 13 133 17 137 2 18 49 20 56 3 1 84 9 98 19 85 3 13 147 24 153 27 113 3 1 150 20 150 27 123 2 27 64 28 62 2 8 27 21 29 2 9 194 28 206 3 9 169 23 171 26 148 3 3 125 21 96 24 118 2 25 196 26 187 3 24 33 26 30 29 34 3 11 33 14 25 25 32 3 19 192 29 186 30 173
35 2 1 2 11 2 2 2 8 26 9 2 3 22 9 19 2 4 143 20 141 2 10 29 12 28 3 5 136 8 160 15 138 2 8 25 21 31 2 4 167 20 162 2 6 123 17 95 2 4 147 20 142 1 7 34 2 3 25 9 25 2 8 2 18 2 3 2 136 13 122 17 149 2 9 181 28 173 3 3 104 21 93 24 121 2 9 161 15 143 3 11 32 14 35 25 36 3 4 13 5 17 12 16 2 25 188 26 167 2 6 116 14 104 3 16 77 20 78 28 112 3 24 31 26 29 29 26 2 13 193 17 189 2 18 63 20 51 3 1 89 9 93 19 76 2 1 2 11 3 3 1 132 20 138 27 146 2 22 105 24 125 3 9 148 23 192 26 141 3 2 42 9 44 25 47 3 13 134 24 158 27 142 2 27 79 28 66 3 16 84 20 96 28 93 3 19 189 29 151 30 179
35 2 1 2 11 2 2 2 8 26 9 2 3 22 9 19 2 4 143 20 141 2 10 29 12 28 3 5 136 8 160 15 138 2 8 25 21 31 2 4 167 20 162 2 6 123 17 95 2 4 147 20 142 1 7 34 2 3 25 9 25 2 8 2 18 2 3 2 136 13 122 17 149 2 9 181 28 173 3 3 104 21 93 24 121 2 9 161 15 143 3 11 32 14 35 25 36 3 4 13 5 17 12 16 2 25 188 26 167 2 6 116 14 104 3 16 77 20 78 28 112 3 24 31 26 29 29 26 2 13 193 17 189 2 18 63 20 51 3 1 89 9 93 19 76 2 1 2 11 3 3 1 132 20 138 27 146 2 22 105 24 125 3 9 148 23 192 26 141 3 2 42 9 44 25 47 3 13 134 24 158 27 142 2 27 79 28 66 3 16 84 20 96 28 93 3 19 189 29 151 30 179
38 2 1 3 11 3 3 3 123 21 130 24 131 2 1 2 11 2 2 18 69 20 63 2 2 7 26 7 3 3 100 21 107 24 90 2 3 22 9 20 2 4 188 20 151 2 2 7 26 8 3 5 111 8 147 15 126 2 18 54 20 61 2 6 126 17 126 1 7 30 2 9 231 28 223 2 8 2 18 2 2 10 33 12 37 2 9 229 28 160 3 11 35 14 28 25 34 3 1 116 20 150 27 113 2 4 163 20 160 2 25 184 26 167 3 4 18 5 18 12 19 2 4 166 20 188 3 2 149 13 111 17 102 2 6 112 14 108 3 19 198 29 166 30 177 2 9 187 15 171 2 8 30 21 29 3 9 160 23 203 26 165 3 16 105 20 96 28 111 3 2 45 9 48 25 43 2 13 145 17 137 2 8 3 18 3 3 1 75 9 75 19 95 2 22 117 24 132 3 13 132 24 148 27 136 2 27 79 28 80 3 24 27 26 37 29 34
34 2 1 3 11 2 2 2 8 26 8 2 3 26 9 20 3 9 207 23 169 26 200 2 4 168 20 129 2 22 109 24 106 3 5 149 8 120 15 152 2 6 94 17 122 2 18 66 20 61 1 7 30 2 6 102 17 97 3 19 152 29 184 30 147 3 11 29 14 35 25 32 2 4 183 20 151 2 8 3 18 3 2 6 93 17 110 3 4 13 5 16 12 14 2 9 165 28 224 3 9 159 23 191 26 177 3 2 108 13 128 17 102 2 10 37 12 32 3 2 42 9 42 25 49 2 13 175 17 166 2 6 96 14 112 3 24 26 26 28 29 32 2 9 157 15 128 3 16 98 20 113 28 100 3 1 77 9 83 19 94 2 25 195 26 152 3 1 140 20 106 27 112 2 8 30 21 24 3 13 154 24 157 27 144 3 3 118 21 122 24 117 2 27 60 28 81
38 2 27 66 28 63 2 1 3 11 2 2 13 156 17 180 2 2 7 26 7 2 3 22 9 22 2 4 159 20 164 3 13 116 24 112 27 133 3 5 110 8 116 15 136 2 6 106 17 121 2 9 208 28 174 2 2 7 26 7 1 7 30 2 27 72 28 55 2 8 2 18 2 2 10 33 12 32 2 27 71 28 79 3 16 85 20 88 28 99 3 11 32 14 30 25 24 3 4 17 5 16 12 14 2 27 55 28 79 3 2 145 13 146 17 130 3 5 136 8 158 15 126 2 6 95 14 97 2 3 23 9 25 2 9 177 15 157 2 18 55 20 54 3 4 13 5 14 12 14 3 1 80 9 80 19 105 3 1 149 20 104 27 125 3 3 118 21 114 24 113 3 9 202 23 179 26 173 2 8 23 21 27 2 22 129 24 134 2 18 55 20 53 3 2 41 9 48 25 46 2 25 190 26 204 3 24 35 26 27 29 38 3 19 197 29 140 30 188
DUE_DATES: 6347 6560 6570 6570 5250 6500 6500 6500 6675 6675 6623 6623 6623 5958 5958 5958 6563 6563 6544 6544 6016 5503 6364 5835 5835 5413 6455 6455 6391 6570 6570 6570 5250 6280 6393 6026 6155 5685 6452 5951 5751 5934 5934 5986 6308 5894 5894 6613 6087 5966
WEIGHTS: 3 3 2 3 3 3 1 1 1 3 3 1 1 1 3 2 3 3 3 3 2 2 2 1 3 2 3 3 2 1 3 1 3 1 2 2 1 3 3 2 2 3 2 3 3 2 3 1 3 1
