50 30
35 3 1 74 2 78 8 57 3 12 107 20 123 26 95 2 2 37 9 28 2 3 196 9 170 3 21 141 26 120 28 171 2 2 65 4 76 2 5 78 6 82 2 7 132 16 100 3 2 119 21 140 22 137 3 11 30 19 37 26 33 2 2 29 9 27 2 10 90 12 84 2 7 105 16 129 3 3 106 6 117 17 120 3 21 166 26 164 28 169 3 7 112 24 136 28 152 3 11 135 16 146 29 124 3 8 24 17 25 30 23 2 15 93 24 99 2 9 98 17 72 3 7 164 27 204 29 171 3 10 102 12 105 18 84 3 11 7 18 5 29 7 2 13 122 16 121 3 4 209 5 168 14 155 3 7 35 17 45 27 46 2 2 196 15 207 3 1 56 2 60 8 70 3 17 111 18 125 28 153 2 15 103 24 122 3 23 28 25 25 28 32 3 10 41 17 48 30 48 3 1 114 9 163 23 168 3 7 214 8 198 25 196 2 23 66 26 66
36 3 1 81 2 77 8 78 3 1 156 9 113 23 121 2 23 60 26 60 3 1 58 2 75 8 77 2 2 38 9 27 2 3 235 9 224 3 23 22 25 22 28 25 2 2 67 4 71 2 5 98 6 97 3 12 102 20 113 26 121 2 3 169 9 218 3 3 92 6 132 17 109 3 11 35 19 35 26 28 2 2 72 4 74 2 15 124 24 84 3 7 115 24 130 28 145 3 8 20 17 22 30 21 3 21 145 26 143 28 134 2 9 90 17 84 3 10 104 12 84 18 74 3 11 7 18 7 29 6 2 10 62 12 69 3 17 117 18 112 28 141 3 7 38 17 42 27 36 2 23 66 26 54 2 13 121 16 106 3 7 168 27 180 29 167 2 15 100 24 94 3 4 192 5 181 14 213 2 2 159 15 180 2 7 122 16 130 3 10 48 17 39 30 49 3 2 129 21 160 22 154 2 2 31 9 27 3 7 178 8 186 25 218 3 11 163 16 147 29 113
36 3 1 81 2 77 8 78 3 1 156 9 113 23 121 2 23 60 26 60 3 1 58 2 75 8 77 2 2 38 9 27 2 3 235 9 224 3 23 22 25 22 28 25 2 2 67 4 71 2 5 98 6 97 3 12 102 20 113 26 121 2 3 169 9 218 3 3 92 6 132 17 109 3 11 35 19 35 26 28 2 2 72 4 74 2 15 124 24 84 3 7 115 24 130 28 145 3 8 20 17 22 30 21 3 21 145 26 143 28 134 2 9 90 17 84 3 10 104 12 84 18 74 3 11 7 18 7 29 6 2 10 62 12 69 3 17 117 18 112 28 141 3 7 38 17 42 27 36 2 23 66 26 54 2 13 121 16 106 3 7 168 27 180 29 167 2 15 100 24 94 3 4 192 5 181 14 213 2 2 159 15 180 2 7 122 16 130 3 10 48 17 39 30 49 3 2 129 21 160 22 154 2 2 31 9 27 3 7 178 8 186 25 218 3 11 163 16 147 29 113
37 3 1 79 2 61 8 73 2 2 32 9 27 3 7 132 24 113 28 152 3 1 64 2 70 8 68 2 5 97 6 85 3 7 123 24 126 28 122 2 3 196 9 176 2 2 53 4 68 3 3 111 6 92 17 95 2 5 69 6 103 3 1 148 9 122 23 138 3 12 120 20 100 26 103 2 3 234 9 192 3 8 23 17 24 30 21 3 21 136 26 157 28 122 3 7 108 24 148 28 108 2 9 95 17 78 2 2 25 9 34 3 10 82 12 102 18 75 3 11 7 18 8 29 7 2 10 81 12 70 2 13 137 16 117 3 11 127 16 158 29 157 2 7 137 16 126 2 15 98 24 105 3 4 184 5 202 14 200 2 2 173 15 186 3 7 37 17 49 27 41 3 1 82 2 57 8 55 3 7 180 27 160 29 200 3 2 112 21 136 22 148 3 17 154 18 114 28 152 2 23 56 26 53 3 11 31 19 31 26 34 3 10 42 17 47 30 34 3 7 183 8 167 25 218 3 23 25 25 23 28 28
37 3 1 65 2 75 8 57 2 2 27 9 36 2 2 212 15 201 2 13 118 16 116 2 3 200 9 222 3 1 69 2 68 8 65 2 2 65 4 77 2 5 95 6 74 3 3 107 6 130 17 93 2 5 78 6 76 2 23 73 26 60 2 13 105 16 122 3 11 6 18 7 29 7 2 10 67 12 66 3 7 144 24 146 28 143 3 3 91 6 106 17 105 2 9 96 17 75 3 8 24 17 19 30 22 3 10 88 12 89 18 102 3 4 166 5 156 14 209 2 7 102 16 116 3 7 44 17 46 27 38 2 15 122 24 119 3 11 6 18 8 29 6 3 11 30 19 40 26 37 3 17 133 18 133 28 105 3 12 119 20 113 26 90 3 8 23 17 20 30 21 3 7 165 27 162 29 220 3 1 59 2 60 8 64 3 7 188 8 195 25 191 3 21 150 26 152 28 142 3 2 146 21 149 22 152 3 1 133 9 124 23 161 3 23 22 25 21 28 26 3 11 116 16 143 29 134 3 10 41 17 34 30 35
37 3 1 65 2 75 8 57 2 2 27 9 36 2 2 212 15 201 2 13 118 16 116 2 3 200 9 222 3 1 69 2 68 8 65 2 2 65 4 77 2 5 95 6 74 3 3 107 6 130 17 93 2 5 78 6 76 2 23 73 26 60 2 13 105 16 122 3 11 6 18 7 29 7 2 10 67 12 66 3 7 144 24 146 28 143 3 3 91 6 106 17 105 2 9 96 17 75 3 8 24 17 19 30 22 3 10 88 12 89 18 102 3 4 166 5 156 14 209 2 7 102 16 116 3 7 44 17 46 27 38 2 15 122 24 119 3 11 6 18 8 29 6 3 11 30 19 40 26 37 3 17 133 18 133 28 105 3 12 119 20 113 26 90 3 8 23 17 20 30 21 3 7 165 27 162 29 220 3 1 59 2 60 8 64 3 7 188 8 195 25 191 3 21 150 26 152 28 142 3 2 146 21 149 22 152 3 1 133 9 124 23 161 3 23 22 25 21 28 26 3 11 116 16 143 29 134 3 10 41 17 34 30 35
37 3 1 58 2 66 8 66 3 11 7 18 7 29 6 2 2 32 9 27 3 1 59 2 77 8 74 2 3 187 9 208 3 11 7 18 7 29 6 3 7 193 27 208 29 172 2 2 63 4 77 3 11 40 19 33 26 28 2 23 55 26 56 2 5 104 6 70 3 3 93 6 101 17 104 3 7 139 24 133 28 117 3 10 86 12 103 18 100 3 8 21 17 18 30 25 2 13 111 16 118 2 9 98 17 76 3 12 118 20 109 26 108 3 11 7 18 6 29 6 3 17 146 18 106 28 116 2 5 93 6 98 2 10 83 12 68 3 4 222 5 185 14 192 2 2 148 15 161 3 11 131 16 146 29 110 2 7 102 16 128 3 17 145 18 134 28 148 3 7 45 17 42 27 38 3 1 122 9 156 23 141 3 21 168 26 127 28 130 3 2 135 21 129 22 161 2 2 28 9 36 3 23 28 25 22 28 29 2 15 87 24 86 3 10 36 17 43 30 40 3 7 152 27 195 29 150 3 7 193 8 201 25 182
37 3 1 58 2 66 8 66 3 11 7 18 7 29 6 2 2 32 9 27 3 1 59 2 77 8 74 2 3 187 9 208 3 11 7 18 7 29 6 3 7 193 27 208 29 172 2 2 63 4 77 3 11 40 19 33 26 28 2 23 55 26 56 2 5 104 6 70 3 3 93 6 101 17 104 3 7 139 24 133 28 117 3 10 86 12 103 18 100 3 8 21 17 18 30 25 2 13 111 16 118 2 9 98 17 76 3 12 118 20 109 26 108 3 11 7 18 6 29 6 3 17 146 18 106 28 116 2 5 93 6 98 2 10 83 12 68 3 4 222 5 185 14 192 2 2 148 15 161 3 11 131 16 146 29 110 2 7 102 16 128 3 17 145 18 134 28 148 3 7 45 17 42 27 38 3 1 122 9 156 23 141 3 21 168 26 127 28 130 3 2 135 21 129 22 161 2 2 28 9 36 3 23 28 25 22 28 29 2 15 87 24 86 3 10 36 17 43 30 40 3 7 152 27 195 29 150 3 7 193 8 201 25 182
37 3 1 59 2 77 8 71 3 11 5 18 6 29 7 2 2 38 9 27 3 1 67 2 63 8 69 2 3 193 9 174 3 11 6 18 8 29 7 3 7 157 27 214 29 159 2 2 76 4 58 3 11 40 19 31 26 37 2 23 58 26 76 2 5 92 6 100 3 3 105 6 102 17 92 3 7 135 24 147 28 142 3 10 87 12 98 18 83 3 8 19 17 18 30 22 2 13 115 16 130 2 9 72 17 72 3 12 117 20 90 26 123 3 11 6 18 7 29 6 3 17 153 18 122 28 144 2 5 95 6 95 2 10 78 12 74 3 4 204 5 157 14 208 2 2 197 15 212 3 11 114 16 129 29 152 2 7 100 16 138 3 17 124 18 154 28 118 3 7 40 17 48 27 36 3 1 119 9 141 23 124 3 21 129 26 137 28 158 3 2 147 21 122 22 151 2 2 29 9 37 3 23 21 25 26 28 22 2 15 84 24 95 3 10 46 17 46 30 47 3 7 216 27 175 29 210 3 7 200 8 171 25 201
37 3 1 59 2 77 8 71 3 11 5 18 6 29 7 2 2 38 9 27 3 1 67 2 63 8 69 2 3 193 9 174 3 11 6 18 8 29 7 3 7 157 27 214 29 159 2 2 76 4 58 3 11 40 19 31 26 37 2 23 58 26 76 2 5 92 6 100 3 3 105 6 102 17 92 3 7 135 24 147 28 142 3 10 87 12 98 18 83 3 8 19 17 18 30 22 2 13 115 16 130 2 9 72 17 72 3 12 117 20 90 26 123 3 11 6 18 7 29 6 3 17 153 18 122 28 144 2 5 95 6 95 2 10 78 12 74 3 4 204 5 157 14 208 2 2 197 15 212 3 11 114 16 129 29 152 2 7 100 16 138 3 17 124 18 154 28 118 3 7 40 17 48 27 36 3 1 119 9 141 23 124 3 21 129 26 137 28 158 3 2 147 21 122 22 151 2 2 29 9 37 3 23 21 25 26 28 22 2 15 84 24 95 3 10 46 17 46 30 47 3 7 216 27 175 29 210 3 7 200 8 171 25 201
37 3 1 59 2 77 8 71 3 11 5 18 6 29 7 2 2 38 9 27 3 1 67 2 63 8 69 2 3 193 9 174 3 11 6 18 8 29 7 3 7 157 27 214 29 159 2 2 76 4 58 3 11 40 19 31 26 37 2 23 58 26 76 2 5 92 6 100 3 3 105 6 102 17 92 3 7 135 24 147 28 142 3 10 87 12 98 18 83 3 8 19 17 18 30 22 2 13 115 16 130 2 9 72 17 72 3 12 117 20 90 26 123 3 11 6 18 7 29 6 3 17 153 18 122 28 144 2 5 95 6 95 2 10 78 12 74 3 4 204 5 157 14 208 2 2 197 15 212 3 11 114 16 129 29 152 2 7 100 16 138 3 17 124 18 154 28 118 3 7 40 17 48 27 36 3 1 119 9 141 23 124 3 21 129 26 137 28 158 3 2 147 21 122 22 151 2 2 29 9 37 3 23 21 25 26 28 22 2 15 84 24 95 3 10 46 17 46 30 47 3 7 216 27 175 29 210 3 7 200 8 171 25 201
37 3 1 59 2 77 8 71 3 11 5 18 6 29 7 2 2 38 9 27 3 1 67 2 63 8 69 2 3 193 9 174 3 11 6 18 8 29 7 3 7 157 27 214 29 159 2 2 76 4 58 3 11 40 19 31 26 37 2 23 58 26 76 2 5 92 6 100 3 3 105 6 102 17 92 3 7 135 24 147 28 142 3 10 87 12 98 18 83 3 8 19 17 18 30 22 2 13 115 16 130 2 9 72 17 72 3 12 117 20 90 26 123 3 11 6 18 7 29 6 3 17 153 18 122 28 144 2 5 95 6 95 2 10 78 12 74 3 4 204 5 157 14 208 2 2 197 15 212 3 11 114 16 129 29 152 2 7 100 16 138 3 17 124 18 154 28 118 3 7 40 17 48 27 36 3 1 119 9 141 23 124 3 21 129 26 137 28 158 3 2 147 21 122 22 151 2 2 29 9 37 3 23 21 25 26 28 22 2 15 84 24 95 3 10 46 17 46 30 47 3 7 216 27 175 29 210 3 7 200 8 171 25 201
37 3 1 59 2 77 8 71 3 11 5 18 6 29 7 2 2 38 9 27 3 1 67 2 63 8 69 2 3 193 9 174 3 11 6 18 8 29 7 3 7 157 27 214 29 159 2 2 76 4 58 3 11 40 19 31 26 37 2 23 58 26 76 2 5 92 6 100 3 3 105 6 102 17 92 3 7 135 24 147 28 142 3 10 87 12 98 18 83 3 8 19 17 18 30 22 2 13 115 16 130 2 9 72 17 72 3 12 117 20 90 26 123 3 11 6 18 7 29 6 3 17 153 18 122 28 144 2 5 95 6 95 2 10 78 12 74 3 4 204 5 157 14 208 2 2 197 15 212 3 11 114 16 129 29 152 2 7 100 16 138 3 17 124 18 154 28 118 3 7 40 17 48 27 36 3 1 119 9 141 23 124 3 21 129 26 137 28 158 3 2 147 21 122 22 151 2 2 29 9 37 3 23 21 25 26 28 22 2 15 84 24 95 3 10 46 17 46 30 47 3 7 216 27 175 29 210 3 7 200 8 171 25 201
32 3 1 81 2 67 8 69 2 2 30 9 32 2 3 184 9 190 2 2 73 4 69 2 5 73 6 100 3 17 105 18 150 28 107 3 3 99 6 114 17 90 3 7 138 24 141 28 138 2 23 62 26 56 3 1 61 2 69 8 64 3 8 22 17 22 30 23 3 21 153 26 128 28 143 3 11 6 18 7 29 8 3 7 41 17 38 27 50 2 9 82 17 96 3 3 103 6 90 17 132 3 10 86 12 78 18 87 2 10 64 12 90 2 13 109 16 112 3 1 113 9 144 23 167 2 2 192 15 159 3 4 200 5 184 14 187 2 7 123 16 142 2 15 98 24 93 3 11 29 19 38 26 38 3 11 125 16 144 29 132 3 12 116 20 120 26 126 3 7 172 27 171 29 217 3 2 158 21 158 22 163 3 23 32 25 30 28 27 3 7 170 8 194 25 215 3 10 37 17 34 30 35
32 3 1 81 2 67 8 69 2 2 30 9 32 2 3 184 9 190 2 2 73 4 69 2 5 73 6 100 3 17 105 18 150 28 107 3 3 99 6 114 17 90 3 7 138 24 141 28 138 2 23 62 26 56 3 1 61 2 69 8 64 3 8 22 17 22 30 23 3 21 153 26 128 28 143 3 11 6 18 7 29 8 3 7 41 17 38 27 50 2 9 82 17 96 3 3 103 6 90 17 132 3 10 86 12 78 18 87 2 10 64 12 90 2 13 109 16 112 3 1 113 9 144 23 167 2 2 192 15 159 3 4 200 5 184 14 187 2 7 123 16 142 2 15 98 24 93 3 11 29 19 38 26 38 3 11 125 16 144 29 132 3 12 116 20 120 26 126 3 7 172 27 171 29 217 3 2 158 21 158 22 163 3 23 32 25 30 28 27 3 7 170 8 194 25 215 3 10 37 17 34 30 35
32 3 1 81 2 67 8 69 2 2 30 9 32 2 3 184 9 190 2 2 73 4 69 2 5 73 6 100 3 17 105 18 150 28 107 3 3 99 6 114 17 90 3 7 138 24 141 28 138 2 23 62 26 56 3 1 61 2 69 8 64 3 8 22 17 22 30 23 3 21 153 26 128 28 143 3 11 6 18 7 29 8 3 7 41 17 38 27 50 2 9 82 17 96 3 3 103 6 90 17 132 3 10 86 12 78 18 87 2 10 64 12 90 2 13 109 16 112 3 1 113 9 144 23 167 2 2 192 15 159 3 4 200 5 184 14 187 2 7 123 16 142 2 15 98 24 93 3 11 29 19 38 26 38 3 11 125 16 144 29 132 3 12 116 20 120 26 126 3 7 172 27 171 29 217 3 2 158 21 158 22 163 3 23 32 25 30 28 27 3 7 170 8 194 25 215 3 10 37 17 34 30 35
33 3 1 80 2 56 8 74 2 2 35 9 27 3 23 26 25 30 28 21 2 3 200 9 189 3 11 147 16 148 29 155 3 17 144 18 151 28 135 2 2 78 4 57 2 15 92 24 111 2 5 80 6 70 3 7 169 27 182 29 201 3 7 177 8 206 25 197 3 3 108 6 105 17 107 2 10 80 12 63 2 2 70 4 62 3 7 115 24 123 28 152 3 8 20 17 19 30 24 3 12 126 20 113 26 103 2 2 31 9 37 2 9 68 17 69 3 10 93 12 104 18 97 2 23 72 26 53 3 11 6 18 6 29 5 2 13 119 16 132 3 4 216 5 216 14 229 2 2 192 15 172 3 10 37 17 42 30 34 3 7 36 17 41 27 44 2 2 54 4 73 2 7 120 16 121 3 11 36 19 40 26 39 3 1 127 9 161 23 125 3 21 154 26 144 28 129 3 2 114 21 137 22 128
33 3 1 75 2 68 8 70 2 2 32 9 27 2 3 225 9 194 2 2 76 4 53 3 1 71 2 57 8 69 2 23 55 26 66 2 5 70 6 102 3 1 73 2 82 8 70 3 17 143 18 130 28 135 3 23 27 25 26 28 24 3 3 128 6 127 17 105 3 7 144 24 127 28 123 3 8 25 17 24 30 20 2 9 75 17 81 3 2 140 21 139 22 165 3 10 81 12 84 18 75 3 11 7 18 5 29 7 2 10 69 12 70 2 7 137 16 115 2 13 138 16 126 3 7 48 17 45 27 38 3 4 179 5 190 14 153 2 7 114 16 134 3 10 40 17 40 30 38 2 2 209 15 216 3 11 38 19 27 26 36 3 12 99 20 94 26 108 3 21 176 26 174 28 168 2 15 107 24 109 3 1 133 9 119 23 126 3 7 206 8 160 25 149 3 7 164 27 183 29 149 3 11 145 16 143 29 133
35 3 1 60 2 58 8 77 2 2 33 9 33 2 3 229 9 194 2 2 28 9 33 2 2 56 4 63 2 15 109 24 118 2 5 100 6 77 2 2 35 9 37 3 3 108 6 96 17 129 2 13 137 16 134 3 10 49 17 41 30 39 2 2 37 9 28 2 23 75 26 73 3 7 144 24 123 28 144 3 8 26 17 23 30 23 2 9 90 17 91 3 10 75 12 80 18 85 3 11 8 18 5 29 6 2 10 67 12 89 3 4 178 5 209 14 223 2 2 189 15 204 2 7 133 16 110 3 7 42 17 35 27 35 3 17 123 18 105 28 150 2 2 67 4 56 3 12 86 20 100 26 92 3 2 129 21 127 22 154 3 11 33 19 34 26 33 2 23 53 26 60 3 21 175 26 145 28 165 3 23 32 25 26 28 23 3 1 136 9 114 23 128 3 7 158 27 214 29 214 3 7 213 8 219 25 184 3 11 116 16 113 29 156
34 3 7 152 24 142 28 146 2 9 91 17 90 3 12 125 20 97 26 86 2 23 71 26 71 3 1 80 2 82 8 63 2 2 26 9 34 3 23 23 25 21 28 31 2 2 158 15 201 2 3 163 9 193 2 2 77 4 65 3 11 6 18 7 29 7 2 5 103 6 102 3 21 161 26 125 28 177 3 7 204 8 218 25 153 3 1 73 2 62 8 70 3 3 124 6 94 17 126 3 8 20 17 25 30 25 3 10 90 12 91 18 78 2 7 98 16 142 3 7 136 24 141 28 149 2 10 64 12 67 3 1 122 9 125 23 169 3 7 195 27 149 29 218 3 8 24 17 22 30 22 2 13 97 16 127 3 17 122 18 134 28 109 3 4 211 5 228 14 208 3 7 49 17 41 27 49 3 11 34 19 36 26 36 3 2 133 21 155 22 129 3 10 73 12 84 18 76 2 15 103 24 99 3 11 120 16 140 29 111 3 10 43 17 42 30 36
37 3 1 68 2 67 8 76 2 2 28 9 29 2 3 232 9 175 2 2 34 9 35 2 15 96 24 120 2 7 139 16 138 2 2 70 4 76 2 5 87 6 99 3 3 120 6 97 17 125 3 7 128 24 126 28 119 3 8 24 17 22 30 18 2 2 32 9 32 3 11 7 18 6 29 7 2 9 95 17 88 3 10 74 12 79 18 84 2 9 99 17 99 2 10 85 12 73 2 13 109 16 130 2 23 74 26 75 2 5 81 6 99 3 17 122 18 117 28 139 3 4 201 5 199 14 171 3 7 161 27 215 29 150 2 2 180 15 159 2 3 185 9 173 3 11 119 16 154 29 142 3 7 38 17 39 27 37 3 10 49 17 48 30 41 3 11 40 19 36 26 37 3 23 30 25 26 28 31 2 2 36 9 36 3 12 91 20 90 26 90 3 21 150 26 144 28 121 3 2 150 21 137 22 138 3 1 152 9 149 23 138 2 2 193 15 210 3 7 205 8 196 25 159
37 3 1 60 2 56 8 60 2 2 30 9 38 3 7 141 24 153 28 125 3 1 68 2 73 8 67 2 5 94 6 73 3 7 120 24 118 28 118 2 3 207 9 219 2 2 60 4 72 3 3 124 6 114 17 127 2 5 82 6 76 3 1 143 9 129 23 162 3 12 103 20 125 26 109 2 3 202 9 163 3 8 21 17 19 30 19 3 21 140 26 157 28 130 3 7 142 24 104 28 126 2 9 79 17 82 2 2 28 9 34 3 10 85 12 77 18 85 3 11 7 18 6 29 6 2 10 85 12 74 2 13 113 16 116 3 11 112 16 120 29 124 2 7 144 16 120 2 15 116 24 112 3 4 176 5 211 14 199 2 2 155 15 172 3 7 43 17 40 27 40 3 1 82 2 79 8 61 3 7 178 27 150 29 186 3 2 151 21 116 22 159 3 17 105 18 121 28 145 2 23 62 26 62 3 11 32 19 36 26 27 3 10 47 17 51 30 36 3 7 169 8 215 25 168 3 23 25 25 29 28 28
37 3 1 60 2 56 8 60 2 2 30 9 38 3 7 141 24 153 28 125 3 1 68 2 73 8 67 2 5 94 6 73 3 7 120 24 118 28 118 2 3 207 9 219 2 2 60 4 72 3 3 124 6 114 17 127 2 5 82 6 76 3 1 143 9 129 23 162 3 12 103 20 125 26 109 2 3 202 9 163 3 8 21 17 19 30 19 3 21 140 26 157 28 130 3 7 142 24 104 28 126 2 9 79 17 82 2 2 28 9 34 3 10 85 12 77 18 85 3 11 7 18 6 29 6 2 10 85 12 74 2 13 113 16 116 3 11 112 16 120 29 124 2 7 144 16 120 2 15 116 24 112 3 4 176 5 211 14 199 2 2 155 15 172 3 7 43 17 40 27 40 3 1 82 2 79 8 61 3 7 178 27 150 29 186 3 2 151 21 116 22 159 3 17 105 18 121 28 145 2 23 62 26 62 3 11 32 19 36 26 27 3 10 47 17 51 30 36 3 7 169 8 215 25 168 3 23 25 25 29 28 28
35 2 3 228 9 180 2 23 60 26 55 3 1 64 2 74 8 59 2 2 32 9 32 3 7 41 17 36 27 45 3 7 190 27 196 29 212 2 2 56 4 68 3 7 36 17 46 27 40 2 9 80 17 99 3 7 150 8 190 25 157 3 23 28 25 24 28 29 3 8 19 17 23 30 19 2 5 77 6 83 3 3 116 6 128 17 98 3 11 155 16 140 29 134 3 10 47 17 48 30 48 2 10 62 12 85 3 7 110 24 112 28 138 2 3 203 9 231 3 1 124 9 114 23 125 2 5 101 6 74 3 10 95 12 84 18 102 3 11 6 18 7 29 7 2 13 121 16 93 3 11 35 19 38 26 34 3 4 228 5 219 14 174 3 10 97 12 79 18 83 2 7 116 16 139 2 2 197 15 208 3 17 115 18 126 28 149 3 7 204 27 191 29 180 3 12 90 20 91 26 89 3 21 172 26 174 28 126 3 2 143 21 134 22 136 2 15 86 24 93
35 2 3 228 9 180 2 23 60 26 55 3 1 64 2 74 8 59 2 2 32 9 32 3 7 41 17 36 27 45 3 7 190 27 196 29 212 2 2 56 4 68 3 7 36 17 46 27 40 2 9 80 17 99 3 7 150 8 190 25 157 3 23 28 25 24 28 29 3 8 19 17 23 30 19 2 5 77 6 83 3 3 116 6 128 17 98 3 11 155 16 140 29 134 3 10 47 17 48 30 48 2 10 62 12 85 3 7 110 24 112 28 138 2 3 203 9 231 3 1 124 9 114 23 125 2 5 101 6 74 3 10 95 12 84 18 102 3 11 6 18 7 29 7 2 13 121 16 93 3 11 35 19 38 26 34 3 4 228 5 219 14 174 3 10 97 12 79 18 83 2 7 116 16 139 2 2 197 15 208 3 17 115 18 126 28 149 3 7 204 27 191 29 180 3 12 90 20 91 26 89 3 21 172 26 174 28 126 3 2 143 21 134 22 136 2 15 86 24 93
33 3 1 62 2 65 8 80 2 2 33 9 32 2 3 166 9 167 2 2 64 4 62 3 1 75 2 79 8 56 2 23 52 26 72 2 5 69 6 102 3 1 71 2 81 8 65 3 17 151 18 152 28 139 3 23 24 25 28 28 27 3 3 91 6 112 17 98 3 7 120 24 141 28 136 3 8 25 17 19 30 21 2 9 72 17 96 3 2 165 21 154 22 142 3 10 82 12 94 18 90 3 11 6 18 7 29 8 2 10 62 12 79 2 7 140 16 119 2 13 102 16 132 3 7 50 17 50 27 41 3 4 208 5 153 14 211 2 7 143 16 102 3 10 42 17 50 30 39 2 2 161 15 199 3 11 38 19 32 26 36 3 12 100 20 124 26 106 3 21 138 26 145 28 121 2 15 107 24 120 3 1 113 9 120 23 142 3 7 197 8 202 25 169 3 7 164 27 167 29 194 3 11 144 16 131 29 163
35 3 1 70 2 73 8 59 2 2 166 15 188 3 1 81 2 63 8 80 2 2 30 9 26 2 3 207 9 199 2 2 76 4 60 3 1 165 9 145 23 125 2 5 96 6 77 3 3 105 6 95 17 122 3 7 111 24 148 28 141 3 8 23 17 19 30 21 3 21 122 26 157 28 135 2 9 93 17 79 3 7 209 27 188 29 197 3 3 133 6 117 17 109 3 10 76 12 96 18 94 3 11 7 18 6 29 6 3 7 164 27 206 29 193 2 10 67 12 74 3 1 66 2 68 8 66 2 13 121 16 102 3 4 220 5 165 14 155 3 10 35 17 47 30 38 2 7 136 16 99 3 17 154 18 133 28 117 2 23 61 26 64 3 21 159 26 155 28 162 2 15 111 24 112 3 7 36 17 43 27 51 3 11 34 19 27 26 28 3 12 85 20 122 26 94 3 2 154 21 159 22 159 3 7 217 8 217 25 157 3 23 31 25 30 28 27 3 11 118 16 150 29 141
36 3 1 76 2 78 8 78 2 2 33 9 32 2 3 216 9 238 3 1 69 2 76 8 64 2 2 57 4 70 2 5 96 6 98 3 3 93 6 101 17 114 3 7 153 24 116 28 137 3 4 160 5 198 14 223 2 2 74 4 53 3 8 23 17 19 30 19 2 9 85 17 70 3 3 117 6 111 17 120 3 17 121 18 120 28 144 3 10 91 12 90 18 95 3 11 5 18 8 29 7 2 15 98 24 85 3 12 106 20 114 26 121 2 10 79 12 82 2 13 99 16 106 2 5 78 6 72 2 2 153 15 191 2 7 122 16 135 3 11 32 19 36 26 30 3 7 206 8 214 25 164 3 1 68 2 75 8 71 3 2 164 21 138 22 115 3 7 38 17 44 27 48 3 21 134 26 171 28 151 3 1 118 9 142 23 161 3 7 212 27 217 29 184 3 11 6 18 6 29 5 2 23 66 26 71 3 23 27 25 25 28 26 3 11 144 16 160 29 150 3 10 40 17 42 30 45
36 3 1 76 2 78 8 78 2 2 33 9 32 2 3 216 9 238 3 1 69 2 76 8 64 2 2 57 4 70 2 5 96 6 98 3 3 93 6 101 17 114 3 7 153 24 116 28 137 3 4 160 5 198 14 223 2 2 74 4 53 3 8 23 17 19 30 19 2 9 85 17 70 3 3 117 6 111 17 120 3 17 121 18 120 28 144 3 10 91 12 90 18 95 3 11 5 18 8 29 7 2 15 98 24 85 3 12 106 20 114 26 121 2 10 79 12 82 2 13 99 16 106 2 5 78 6 72 2 2 153 15 191 2 7 122 16 135 3 11 32 19 36 26 30 3 7 206 8 214 25 164 3 1 68 2 75 8 71 3 2 164 21 138 22 115 3 7 38 17 44 27 48 3 21 134 26 171 28 151 3 1 118 9 142 23 161 3 7 212 27 217 29 184 3 11 6 18 6 29 5 2 23 66 26 71 3 23 27 25 25 28 26 3 11 144 16 160 29 150 3 10 40 17 42 30 45
36 3 1 79 2 62 8 71 2 2 30 9 37 2 3 236 9 202 3 1 75 2 79 8 62 2 2 68 4 67 2 5 103 6 69 3 3 89 6 123 17 109 3 7 133 24 129 28 151 3 4 216 5 208 14 229 2 2 70 4 54 3 8 18 17 18 30 20 2 9 74 17 94 3 3 100 6 128 17 127 3 17 111 18 126 28 127 3 10 94 12 72 18 86 3 11 6 18 6 29 7 2 15 123 24 120 3 12 86 20 114 26 95 2 10 91 12 88 2 13 109 16 125 2 5 100 6 102 2 2 203 15 162 2 7 114 16 131 3 11 34 19 28 26 30 3 7 167 8 169 25 158 3 1 81 2 63 8 67 3 2 147 21 133 22 135 3 7 42 17 35 27 49 3 21 125 26 141 28 176 3 1 116 9 157 23 135 3 7 183 27 157 29 171 3 11 7 18 7 29 5 2 23 62 26 54 3 23 32 25 27 28 28 3 11 116 16 124 29 147 3 10 40 17 43 30 35
36 3 1 79 2 62 8 71 2 2 30 9 37 2 3 236 9 202 3 1 75 2 79 8 62 2 2 68 4 67 2 5 103 6 69 3 3 89 6 123 17 109 3 7 133 24 129 28 151 3 4 216 5 208 14 229 2 2 70 4 54 3 8 18 17 18 30 20 2 9 74 17 94 3 3 100 6 128 17 127 3 17 111 18 126 28 127 3 10 94 12 72 18 86 3 11 6 18 6 29 7 2 15 123 24 120 3 12 86 20 114 26 95 2 10 91 12 88 2 13 109 16 125 2 5 100 6 102 2 2 203 15 162 2 7 114 16 131 3 11 34 19 28 26 30 3 7 167 8 169 25 158 3 1 81 2 63 8 67 3 2 147 21 133 22 135 3 7 42 17 35 27 49 3 21 125 26 141 28 176 3 1 116 9 157 23 135 3 7 183 27 157 29 171 3 11 7 18 7 29 5 2 23 62 26 54 3 23 32 25 27 28 28 3 11 116 16 124 29 147 3 10 40 17 43 30 35
37 3 1 67 2 78 8 77 2 2 34 9 30 2 3 207 9 184 2 2 35 9 28 2 15 109 24 115 2 7 129 16 117 2 2 56 4 77 2 5 97 6 89 3 3 110 6 102 17 95 3 7 123 24 113 28 106 3 8 20 17 24 30 19 2 2 28 9 31 3 11 8 18 6 29 8 2 9 95 17 98 3 10 99 12 76 18 100 2 9 100 17 84 2 10 67 12 70 2 13 134 16 116 2 23 66 26 67 2 5 92 6 75 3 17 120 18 132 28 105 3 4 227 5 174 14 154 3 7 166 27 177 29 177 2 2 179 15 189 2 3 170 9 220 3 11 123 16 138 29 120 3 7 44 17 50 27 50 3 10 40 17 45 30 50 3 11 32 19 40 26 27 3 23 31 25 23 28 26 2 2 34 9 29 3 12 98 20 88 26 108 3 21 129 26 140 28 161 3 2 150 21 146 22 149 3 1 138 9 144 23 125 2 2 183 15 151 3 7 217 8 212 25 175
37 3 1 72 2 78 8 81 3 11 8 18 7 29 6 2 2 26 9 33 3 1 59 2 74 8 73 2 3 221 9 228 3 11 7 18 6 29 7 3 7 178 27 216 29 206 2 2 78 4 76 3 11 30 19 33 26 40 2 23 71 26 65 2 5 69 6 102 3 3 122 6 129 17 93 3 7 126 24 115 28 138 3 10 76 12 80 18 102 3 8 21 17 21 30 24 2 13 106 16 104 2 9 71 17 72 3 12 94 20 86 26 101 3 11 8 18 6 29 7 3 17 150 18 145 28 152 2 5 84 6 70 2 10 70 12 81 3 4 192 5 200 14 159 2 2 165 15 192 3 11 158 16 117 29 112 2 7 112 16 121 3 17 106 18 133 28 117 3 7 40 17 43 27 40 3 1 129 9 131 23 131 3 21 139 26 150 28 176 3 2 143 21 112 22 137 2 2 25 9 26 3 23 29 25 28 28 22 2 15 124 24 116 3 10 45 17 46 30 49 3 7 205 27 189 29 169 3 7 173 8 159 25 160
37 3 1 72 2 78 8 81 3 11 8 18 7 29 6 2 2 26 9 33 3 1 59 2 74 8 73 2 3 221 9 228 3 11 7 18 6 29 7 3 7 178 27 216 29 206 2 2 78 4 76 3 11 30 19 33 26 40 2 23 71 26 65 2 5 69 6 102 3 3 122 6 129 17 93 3 7 126 24 115 28 138 3 10 76 12 80 18 102 3 8 21 17 21 30 24 2 13 106 16 104 2 9 71 17 72 3 12 94 20 86 26 101 3 11 8 18 6 29 7 3 17 150 18 145 28 152 2 5 84 6 70 2 10 70 12 81 3 4 192 5 200 14 159 2 2 165 15 192 3 11 158 16 117 29 112 2 7 112 16 121 3 17 106 18 133 28 117 3 7 40 17 43 27 40 3 1 129 9 131 23 131 3 21 139 26 150 28 176 3 2 143 21 112 22 137 2 2 25 9 26 3 23 29 25 28 28 22 2 15 124 24 116 3 10 45 17 46 30 49 3 7 205 27 189 29 169 3 7 173 8 159 25 160
37 3 1 72 2 78 8 81 3 11 8 18 7 29 6 2 2 26 9 33 3 1 59 2 74 8 73 2 3 221 9 228 3 11 7 18 6 29 7 3 7 178 27 216 29 206 2 2 78 4 76 3 11 30 19 33 26 40 2 23 71 26 65 2 5 69 6 102 3 3 122 6 129 17 93 3 7 126 24 115 28 138 3 10 76 12 80 18 102 3 8 21 17 21 30 24 2 13 106 16 104 2 9 71 17 72 3 12 94 20 86 26 101 3 11 8 18 6 29 7 3 17 150 18 145 28 152 2 5 84 6 70 2 10 70 12 81 3 4 192 5 200 14 159 2 2 165 15 192 3 11 158 16 117 29 112 2 7 112 16 121 3 17 106 18 133 28 117 3 7 40 17 43 27 40 3 1 129 9 131 23 131 3 21 139 26 150 28 176 3 2 143 21 112 22 137 2 2 25 9 26 3 23 29 25 28 28 22 2 15 124 24 116 3 10 45 17 46 30 49 3 7 205 27 189 29 169 3 7 173 8 159 25 160
35 3 4 181 5 216 14 166 3 11 36 19 36 26 32 3 1 74 2 68 8 67 3 4 216 5 212 14 203 2 2 36 9 32 3 11 121 16 152 29 140 2 3 237 9 173 3 23 28 25 30 28 21 2 2 55 4 66 3 7 38 17 47 27 38 3 11 31 19 39 26 33 2 5 101 6 76 3 1 122 9 154 23 117 2 3 161 9 165 3 3 126 6 115 17 110 3 7 144 24 137 28 134 3 8 18 17 18 30 24 2 9 93 17 72 3 10 80 12 103 18 97 3 11 6 18 6 29 7 2 10 82 12 70 2 13 119 16 128 3 21 138 26 154 28 130 2 23 76 26 56 2 2 153 15 186 2 7 135 16 100 3 10 83 12 71 18 87 3 17 154 18 111 28 143 2 15 98 24 120 3 2 155 21 131 22 146 3 1 124 9 159 23 152 3 12 92 20 124 26 109 3 7 171 8 179 25 189 3 7 217 27 201 29 164 3 10 44 17 49 30 43
35 3 4 181 5 216 14 166 3 11 36 19 36 26 32 3 1 74 2 68 8 67 3 4 216 5 212 14 203 2 2 36 9 32 3 11 121 16 152 29 140 2 3 237 9 173 3 23 28 25 30 28 21 2 2 55 4 66 3 7 38 17 47 27 38 3 11 31 19 39 26 33 2 5 101 6 76 3 1 122 9 154 23 117 2 3 161 9 165 3 3 126 6 115 17 110 3 7 144 24 137 28 134 3 8 18 17 18 30 24 2 9 93 17 72 3 10 80 12 103 18 97 3 11 6 18 6 29 7 2 10 82 12 70 2 13 119 16 128 3 21 138 26 154 28 130 2 23 76 26 56 2 2 153 15 186 2 7 135 16 100 3 10 83 12 71 18 87 3 17 154 18 111 28 143 2 15 98 24 120 3 2 155 21 131 22 146 3 1 124 9 159 23 152 3 12 92 20 124 26 109 3 7 171 8 179 25 189 3 7 217 27 201 29 164 3 10 44 17 49 30 43
36 3 1 76 2 77 8 64 3 1 120 9 120 23 112 2 23 73 26 64 3 1 77 2 58 8 65 2 2 26 9 37 2 3 230 9 166 3 23 32 25 26 28 26 2 2 70 4 70 2 5 100 6 77 3 12 113 20 94 26 93 2 3 199 9 231 3 3 90 6 106 17 99 3 11 31 19 31 26 29 2 2 70 4 67 2 15 124 24 97 3 7 126 24 110 28 149 3 8 26 17 23 30 19 3 21 178 26 173 28 169 2 9 100 17 90 3 10 72 12 88 18 100 3 11 7 18 7 29 6 2 10 86 12 74 3 17 131 18 122 28 138 3 7 46 17 50 27 35 2 23 63 26 67 2 13 118 16 111 3 7 214 27 162 29 206 2 15 123 24 105 3 4 176 5 187 14 173 2 2 146 15 187 2 7 130 16 142 3 10 39 17 37 30 42 3 2 123 21 129 22 167 2 2 27 9 35 3 7 188 8 203 25 167 3 11 160 16 155 29 145
32 3 1 72 2 66 8 76 2 2 31 9 34 2 3 165 9 221 3 2 129 21 146 22 144 2 2 169 15 194 2 2 69 4 76 2 5 87 6 87 3 3 106 6 99 17 94 3 7 155 24 152 28 141 3 8 20 17 21 30 26 2 9 68 17 84 3 3 112 6 124 17 120 3 10 71 12 73 18 100 3 11 7 18 7 29 6 3 11 156 16 111 29 152 2 10 62 12 83 2 13 98 16 118 3 4 216 5 156 14 219 2 7 98 16 135 3 7 39 17 39 27 35 3 4 215 5 229 14 181 3 17 149 18 118 28 104 3 11 35 19 33 26 40 2 23 57 26 74 3 7 151 27 178 29 198 3 23 29 25 29 28 22 3 12 90 20 110 26 101 3 21 167 26 176 28 174 3 1 166 9 119 23 162 2 15 95 24 95 3 7 186 8 215 25 173 3 10 39 17 38 30 45
35 3 1 72 2 59 8 64 2 2 37 9 30 2 3 224 9 161 2 2 29 9 31 2 2 53 4 70 2 15 90 24 119 2 5 78 6 79 2 2 26 9 35 3 3 95 6 126 17 89 2 13 105 16 115 3 10 51 17 44 30 37 2 2 26 9 35 2 23 76 26 68 3 7 123 24 143 28 114 3 8 18 17 21 30 22 2 9 69 17 90 3 10 73 12 104 18 87 3 11 7 18 8 29 7 2 10 86 12 74 3 4 154 5 160 14 170 2 2 204 15 174 2 7 122 16 133 3 7 42 17 41 27 35 3 17 107 18 123 28 127 2 2 61 4 66 3 12 93 20 109 26 87 3 2 118 21 120 22 157 3 11 34 19 30 26 29 2 23 68 26 52 3 21 153 26 144 28 167 3 23 26 25 22 28 21 3 1 161 9 158 23 122 3 7 178 27 213 29 211 3 7 189 8 204 25 172 3 11 156 16 157 29 156
35 3 1 72 2 59 8 64 2 2 37 9 30 2 3 224 9 161 2 2 29 9 31 2 2 53 4 70 2 15 90 24 119 2 5 78 6 79 2 2 26 9 35 3 3 95 6 126 17 89 2 13 105 16 115 3 10 51 17 44 30 37 2 2 26 9 35 2 23 76 26 68 3 7 123 24 143 28 114 3 8 18 17 21 30 22 2 9 69 17 90 3 10 73 12 104 18 87 3 11 7 18 8 29 7 2 10 86 12 74 3 4 154 5 160 14 170 2 2 204 15 174 2 7 122 16 133 3 7 42 17 41 27 35 3 17 107 18 123 28 127 2 2 61 4 66 3 12 93 20 109 26 87 3 2 118 21 120 22 157 3 11 34 19 30 26 29 2 23 68 26 52 3 21 153 26 144 28 167 3 23 26 25 22 28 21 3 1 161 9 158 23 122 3 7 178 27 213 29 211 3 7 189 8 204 25 172 3 11 156 16 157 29 156
33 3 1 57 2 82 8 81 2 2 30 9 28 3 12 119 20 118 26 103 2 3 190 9 234 2 2 56 4 67 3 2 146 21 156 22 115 2 5 96 6 88 3 11 6 18 6 29 6 3 3 103 6 114 17 119 2 13 125 16 121 3 7 140 24 133 28 133 3 8 25 17 25 30 26 3 7 174 27 188 29 157 3 7 132 24 117 28 146 2 9 80 17 68 3 10 87 12 105 18 87 3 23 25 25 25 28 29 2 10 79 12 73 2 23 76 26 59 3 4 184 5 164 14 227 2 10 67 12 70 2 2 162 15 151 2 7 119 16 141 3 7 50 17 44 27 36 3 17 148 18 145 28 128 3 1 143 9 157 23 113 3 11 32 19 33 26 37 3 21 169 26 156 28 175 3 11 161 16 117 29 138 2 15 86 24 102 3 7 180 8 204 25 196 2 7 142 16 145 3 10 39 17 35 30 37
32 3 1 73 2 57 8 71 2 2 32 9 32 2 3 184 9 237 3 2 123 21 131 22 159 2 2 218 15 207 2 2 73 4 70 2 5 79 6 73 3 3 129 6 92 17 104 3 7 108 24 151 28 125 3 8 21 17 19 30 18 2 9 92 17 88 3 3 120 6 103 17 90 3 10 78 12 75 18 80 3 11 7 18 6 29 5 3 11 150 16 154 29 161 2 10 69 12 67 2 13 128 16 136 3 4 226 5 218 14 228 2 7 135 16 133 3 7 37 17 48 27 36 3 4 212 5 221 14 163 3 17 137 18 127 28 111 3 11 29 19 28 26 27 2 23 65 26 55 3 7 181 27 204 29 212 3 23 28 25 23 28 23 3 12 126 20 86 26 117 3 21 169 26 125 28 121 3 1 123 9 124 23 131 2 15 114 24 109 3 7 171 8 215 25 201 3 10 35 17 40 30 40
34 3 7 148 24 110 28 125 2 9 68 17 74 3 12 117 20 91 26 117 2 23 55 26 61 3 1 62 2 77 8 82 2 2 31 9 31 3 23 29 25 26 28 27 2 2 176 15 179 2 3 218 9 213 2 2 68 4 56 3 11 7 18 6 29 6 2 5 78 6 93 3 21 146 26 155 28 163 3 7 194 8 183 25 189 3 1 72 2 58 8 74 3 3 113 6 118 17 106 3 8 24 17 20 30 19 3 10 101 12 96 18 95 2 7 114 16 137 3 7 145 24 122 28 135 2 10 80 12 72 3 1 165 9 143 23 167 3 7 221 27 164 29 206 3 8 25 17 22 30 22 2 13 135 16 123 3 17 118 18 103 28 127 3 4 206 5 206 14 170 3 7 40 17 44 27 37 3 11 39 19 35 26 29 3 2 132 21 132 22 142 3 10 74 12 104 18 79 2 15 95 24 102 3 11 144 16 144 29 118 3 10 40 17 43 30 44
37 3 1 72 2 76 8 63 2 2 29 9 32 2 2 173 15 161 2 13 98 16 102 2 3 224 9 188 3 1 79 2 82 8 82 2 2 78 4 70 2 5 78 6 95 3 3 122 6 98 17 121 2 5 70 6 98 2 23 59 26 55 2 13 115 16 96 3 11 7 18 5 29 5 2 10 85 12 78 3 7 152 24 142 28 133 3 3 113 6 96 17 101 2 9 76 17 88 3 8 18 17 24 30 23 3 10 83 12 103 18 82 3 4 189 5 206 14 193 2 7 119 16 138 3 7 40 17 39 27 39 2 15 84 24 84 3 11 8 18 8 29 5 3 11 30 19 29 26 36 3 17 149 18 136 28 141 3 12 116 20 102 26 89 3 8 18 17 23 30 24 3 7 178 27 191 29 222 3 1 71 2 80 8 56 3 7 154 8 164 25 156 3 21 170 26 133 28 163 3 2 161 21 159 22 124 3 1 125 9 166 23 140 3 23 27 25 31 28 21 3 11 134 16 120 29 162 3 10 47 17 37 30 43
36 3 1 64 2 66 8 70 3 1 154 9 117 23 114 2 23 74 26 54 3 1 76 2 75 8 82 2 2 27 9 36 2 3 239 9 177 3 23 23 25 25 28 30 2 2 62 4 54 2 5 94 6 80 3 12 93 20 115 26 121 2 3 171 9 170 3 3 118 6 92 17 106 3 11 38 19 31 26 36 2 2 55 4 60 2 15 96 24 95 3 7 153 24 118 28 105 3 8 23 17 21 30 20 3 21 132 26 123 28 177 2 9 99 17 89 3 10 86 12 74 18 80 3 11 7 18 5 29 7 2 10 84 12 74 3 17 106 18 131 28 140 3 7 50 17 35 27 36 2 23 66 26 77 2 13 110 16 110 3 7 211 27 211 29 168 2 15 87 24 104 3 4 217 5 164 14 216 2 2 200 15 147 2 7 106 16 139 3 10 34 17 46 30 36 3 2 157 21 135 22 118 2 2 27 9 34 3 7 193 8 216 25 188 3 11 112 16 119 29 146
37 3 1 66 2 71 8 72 2 2 27 9 35 3 7 155 24 127 28 131 3 1 64 2 73 8 79 2 5 86 6 103 3 7 119 24 128 28 148 2 3 190 9 219 2 2 57 4 78 3 3 116 6 126 17 127 2 5 101 6 69 3 1 151 9 115 23 115 3 12 125 20 122 26 96 2 3 176 9 199 3 8 25 17 25 30 23 3 21 137 26 171 28 178 3 7 114 24 115 28 149 2 9 89 17 99 2 2 34 9 27 3 10 93 12 83 18 75 3 11 7 18 6 29 6 2 10 68 12 81 2 13 102 16 112 3 11 143 16 110 29 156 2 7 136 16 110 2 15 117 24 112 3 4 200 5 156 14 177 2 2 153 15 158 3 7 50 17 45 27 43 3 1 74 2 63 8 69 3 7 156 27 222 29 186 3 2 159 21 158 22 115 3 17 117 18 136 28 107 2 23 62 26 62 3 11 35 19 36 26 29 3 10 39 17 39 30 50 3 7 175 8 210 25 177 3 23 27 25 28 28 27
35 3 1 80 2 82 8 58 2 2 173 15 156 3 1 71 2 56 8 63 2 2 37 9 37 2 3 236 9 225 2 2 67 4 67 3 1 135 9 129 23 145 2 5 75 6 91 3 3 91 6 124 17 121 3 7 129 24 144 28 148 3 8 23 17 20 30 20 3 21 169 26 120 28 154 2 9 83 17 89 3 7 152 27 214 29 204 3 3 92 6 123 17 130 3 10 90 12 91 18 71 3 11 6 18 7 29 6 3 7 193 27 154 29 220 2 10 86 12 89 3 1 60 2 65 8 82 2 13 130 16 97 3 4 160 5 224 14 196 3 10 37 17 47 30 48 2 7 108 16 116 3 17 117 18 109 28 133 2 23 54 26 72 3 21 136 26 169 28 178 2 15 95 24 124 3 7 40 17 40 27 40 3 11 38 19 28 26 28 3 12 103 20 89 26 100 3 2 123 21 118 22 128 3 7 180 8 160 25 179 3 23 24 25 26 28 26 3 11 141 16 128 29 112
35 3 1 62 2 70 8 80 2 2 34 9 28 2 3 227 9 192 2 2 38 9 32 2 2 79 4 57 2 15 116 24 95 2 5 85 6 83 2 2 35 9 28 3 3 103 6 92 17 95 2 13 138 16 92 3 10 42 17 43 30 50 2 2 36 9 36 2 23 75 26 72 3 7 144 24 113 28 113 3 8 20 17 21 30 22 2 9 81 17 95 3 10 71 12 98 18 75 3 11 8 18 6 29 7 2 10 80 12 62 3 4 155 5 158 14 208 2 2 191 15 193 2 7 101 16 97 3 7 41 17 51 27 49 3 17 147 18 107 28 152 2 2 76 4 70 3 12 107 20 100 26 125 3 2 113 21 146 22 165 3 11 29 19 33 26 33 2 23 60 26 58 3 21 158 26 127 28 120 3 23 28 25 30 28 27 3 1 147 9 141 23 144 3 7 178 27 195 29 189 3 7 174 8 170 25 157 3 11 120 16 146 29 149
35 3 1 62 2 70 8 80 2 2 34 9 28 2 3 227 9 192 2 2 38 9 32 2 2 79 4 57 2 15 116 24 95 2 5 85 6 83 2 2 35 9 28 3 3 103 6 92 17 95 2 13 138 16 92 3 10 42 17 43 30 50 2 2 36 9 36 2 23 75 26 72 3 7 144 24 113 28 113 3 8 20 17 21 30 22 2 9 81 17 95 3 10 71 12 98 18 75 3 11 8 18 6 29 7 2 10 80 12 62 3 4 155 5 158 14 208 2 2 191 15 193 2 7 101 16 97 3 7 41 17 51 27 49 3 17 147 18 107 28 152 2 2 76 4 70 3 12 107 20 100 26 125 3 2 113 21 146 22 165 3 11 29 19 33 26 33 2 23 60 26 58 3 21 158 26 127 28 120 3 23 28 25 30 28 27 3 1 147 9 141 23 144 3 7 178 27 195 29 189 3 7 174 8 170 25 157 3 11 120 16 146 29 149
DUE_DATES: 6131 6184 6184 6437 6079 6079 6032 6032 6153 6153 6153 6153 6153 5561 5561 5561 5569 5742 5758 5840 6430 6393 6393 6293 6293 5678 6314 6067 6067 6000 6000 6321 6103 6103 6103 6371 6371 6255 5808 5566 5566 5896 5914 5848 6056 6063 6481 6234 5582 5582
WEIGHTS: 2 2 1 3 1 2 3 1 3 3 2 1 2 2 1 1 3 3 1 2 2 3 1 1 2 3 2 3 1 1 3 3 2 2 3 1 1 3 3 3 2 1 1 2 1 2 2 3 3 2
