50 30
33 3 1 73 10 89 30 95 2 2 22 7 19 1 3 66 2 4 158 23 186 2 5 111 7 100 3 6 75 9 65 14 74 2 4 160 23 176 3 4 54 23 62 28 46 2 7 39 28 39 3 8 78 23 62 25 66 3 5 70 15 68 27 74 3 9 126 21 129 26 106 3 10 44 16 54 17 43 3 6 63 11 60 28 69 2 13 137 25 160 3 1 86 12 111 14 81 2 14 1 21 1 3 15 42 16 45 26 50 3 2 1 22 1 25 1 2 13 180 27 188 3 11 61 17 67 30 70 3 5 128 21 100 29 102 2 7 107 22 119 2 12 45 21 41 3 5 200 18 185 24 203 3 17 80 26 92 30 80 3 4 65 23 45 28 53 2 5 56 18 74 3 1 45 4 58 26 42 3 19 180 20 158 28 128 3 11 71 17 72 30 62 2 7 32 20 40 2 4 115 28 123
33 3 1 73 10 89 30 95 2 2 22 7 19 1 3 66 2 4 158 23 186 2 5 111 7 100 3 6 75 9 65 14 74 2 4 160 23 176 3 4 54 23 62 28 46 2 7 39 28 39 3 8 78 23 62 25 66 3 5 70 15 68 27 74 3 9 126 21 129 26 106 3 10 44 16 54 17 43 3 6 63 11 60 28 69 2 13 137 25 160 3 1 86 12 111 14 81 2 14 1 21 1 3 15 42 16 45 26 50 3 2 1 22 1 25 1 2 13 180 27 188 3 11 61 17 67 30 70 3 5 128 21 100 29 102 2 7 107 22 119 2 12 45 21 41 3 5 200 18 185 24 203 3 17 80 26 92 30 80 3 4 65 23 45 28 53 2 5 56 18 74 3 1 45 4 58 26 42 3 19 180 20 158 28 128 3 11 71 17 72 30 62 2 7 32 20 40 2 4 115 28 123
33 3 1 73 10 89 30 95 2 2 22 7 19 1 3 66 2 4 158 23 186 2 5 111 7 100 3 6 75 9 65 14 74 2 4 160 23 176 3 4 54 23 62 28 46 2 7 39 28 39 3 8 78 23 62 25 66 3 5 70 15 68 27 74 3 9 126 21 129 26 106 3 10 44 16 54 17 43 3 6 63 11 60 28 69 2 13 137 25 160 3 1 86 12 111 14 81 2 14 1 21 1 3 15 42 16 45 26 50 3 2 1 22 1 25 1 2 13 180 27 188 3 11 61 17 67 30 70 3 5 128 21 100 29 102 2 7 107 22 119 2 12 45 21 41 3 5 200 18 185 24 203 3 17 80 26 92 30 80 3 4 65 23 45 28 53 2 5 56 18 74 3 1 45 4 58 26 42 3 19 180 20 158 28 128 3 11 71 17 72 30 62 2 7 32 20 40 2 4 115 28 123
35 3 15 37 16 46 26 52 2 12 45 21 44 3 1 85 10 93 30 103 3 5 139 21 113 29 110 3 10 51 16 55 17 45 3 11 60 17 61 30 53 2 7 37 28 32 2 7 34 20 38 2 2 19 7 18 3 15 35 16 46 26 46 3 2 1 22 1 25 1 3 10 43 16 44 17 50 3 8 87 23 90 25 68 1 3 60 2 4 136 23 203 2 2 17 7 19 2 5 59 18 67 2 5 90 7 108 3 6 51 9 70 14 74 3 9 148 21 113 26 121 3 15 49 16 52 26 50 2 7 122 22 138 2 13 180 25 140 3 6 75 11 68 28 80 3 1 91 12 99 14 108 2 14 1 21 1 3 5 74 15 59 27 61 3 17 82 26 97 30 81 3 5 203 18 193 24 191 3 1 42 4 61 26 46 3 1 97 12 109 14 107 3 19 186 20 134 28 131 3 4 55 23 57 28 48 2 13 180 27 136 2 4 143 28 133
35 3 15 37 16 46 26 52 2 12 45 21 44 3 1 85 10 93 30 103 3 5 139 21 113 29 110 3 10 51 16 55 17 45 3 11 60 17 61 30 53 2 7 37 28 32 2 7 34 20 38 2 2 19 7 18 3 15 35 16 46 26 46 3 2 1 22 1 25 1 3 10 43 16 44 17 50 3 8 87 23 90 25 68 1 3 60 2 4 136 23 203 2 2 17 7 19 2 5 59 18 67 2 5 90 7 108 3 6 51 9 70 14 74 3 9 148 21 113 26 121 3 15 49 16 52 26 50 2 7 122 22 138 2 13 180 25 140 3 6 75 11 68 28 80 3 1 91 12 99 14 108 2 14 1 21 1 3 5 74 15 59 27 61 3 17 82 26 97 30 81 3 5 203 18 193 24 191 3 1 42 4 61 26 46 3 1 97 12 109 14 107 3 19 186 20 134 28 131 3 4 55 23 57 28 48 2 13 180 27 136 2 4 143 28 133
35 3 15 37 16 46 26 52 2 12 45 21 44 3 1 85 10 93 30 103 3 5 139 21 113 29 110 3 10 51 16 55 17 45 3 11 60 17 61 30 53 2 7 37 28 32 2 7 34 20 38 2 2 19 7 18 3 15 35 16 46 26 46 3 2 1 22 1 25 1 3 10 43 16 44 17 50 3 8 87 23 90 25 68 1 3 60 2 4 136 23 203 2 2 17 7 19 2 5 59 18 67 2 5 90 7 108 3 6 51 9 70 14 74 3 9 148 21 113 26 121 3 15 49 16 52 26 50 2 7 122 22 138 2 13 180 25 140 3 6 75 11 68 28 80 3 1 91 12 99 14 108 2 14 1 21 1 3 5 74 15 59 27 61 3 17 82 26 97 30 81 3 5 203 18 193 24 191 3 1 42 4 61 26 46 3 1 97 12 109 14 107 3 19 186 20 134 28 131 3 4 55 23 57 28 48 2 13 180 27 136 2 4 143 28 133
35 3 1 81 10 76 30 89 3 17 100 26 80 30 90 3 15 47 16 50 26 43 3 1 97 10 97 30 74 2 5 67 18 63 2 2 20 7 22 3 5 66 15 55 27 56 2 4 145 23 163 3 19 163 20 177 28 176 1 3 49 2 14 1 21 1 3 5 65 15 76 27 76 2 12 53 21 56 2 5 108 7 92 3 6 69 9 69 14 54 2 7 34 28 32 3 8 72 23 63 25 67 3 9 111 21 120 26 140 3 10 53 16 54 17 40 3 6 64 11 68 28 81 3 1 97 12 95 14 106 3 8 88 23 89 25 65 2 13 125 25 165 2 7 33 20 40 2 7 132 22 138 3 4 57 23 55 28 50 3 5 180 18 151 24 194 3 2 1 22 1 25 1 3 1 45 4 48 26 59 3 1 93 12 85 14 89 2 13 165 27 162 3 8 81 23 87 25 66 2 4 115 28 121 3 11 56 17 74 30 78 3 5 136 21 110 29 137
35 3 1 81 10 76 30 89 3 17 100 26 80 30 90 3 15 47 16 50 26 43 3 1 97 10 97 30 74 2 5 67 18 63 2 2 20 7 22 3 5 66 15 55 27 56 2 4 145 23 163 3 19 163 20 177 28 176 1 3 49 2 14 1 21 1 3 5 65 15 76 27 76 2 12 53 21 56 2 5 108 7 92 3 6 69 9 69 14 54 2 7 34 28 32 3 8 72 23 63 25 67 3 9 111 21 120 26 140 3 10 53 16 54 17 40 3 6 64 11 68 28 81 3 1 97 12 95 14 106 3 8 88 23 89 25 65 2 13 125 25 165 2 7 33 20 40 2 7 132 22 138 3 4 57 23 55 28 50 3 5 180 18 151 24 194 3 2 1 22 1 25 1 3 1 45 4 48 26 59 3 1 93 12 85 14 89 2 13 165 27 162 3 8 81 23 87 25 66 2 4 115 28 121 3 11 56 17 74 30 78 3 5 136 21 110 29 137
34 3 10 41 16 38 17 46 2 7 124 22 133 1 3 50 3 6 62 9 67 14 67 3 1 98 10 85 30 87 2 4 146 23 191 2 2 20 7 20 3 10 51 16 43 17 54 2 5 90 7 101 3 1 57 4 45 26 43 3 1 104 12 84 14 107 2 7 38 28 30 3 8 83 23 86 25 70 3 6 60 9 62 14 51 3 9 103 21 119 26 109 3 8 64 23 68 25 76 3 6 64 11 79 28 83 3 17 71 26 82 30 74 2 13 167 25 139 3 2 1 22 1 25 1 3 19 177 20 155 28 163 3 11 75 17 72 30 62 2 14 1 21 1 2 7 40 20 39 2 14 1 21 1 2 13 184 27 130 2 5 56 18 76 3 5 59 15 73 27 63 3 15 43 16 50 26 40 3 5 153 18 198 24 194 3 4 47 23 61 28 58 2 12 39 21 51 2 4 105 28 98 3 5 129 21 113 29 129
34 3 10 41 16 38 17 46 2 7 124 22 133 1 3 50 3 6 62 9 67 14 67 3 1 98 10 85 30 87 2 4 146 23 191 2 2 20 7 20 3 10 51 16 43 17 54 2 5 90 7 101 3 1 57 4 45 26 43 3 1 104 12 84 14 107 2 7 38 28 30 3 8 83 23 86 25 70 3 6 60 9 62 14 51 3 9 103 21 119 26 109 3 8 64 23 68 25 76 3 6 64 11 79 28 83 3 17 71 26 82 30 74 2 13 167 25 139 3 2 1 22 1 25 1 3 19 177 20 155 28 163 3 11 75 17 72 30 62 2 14 1 21 1 2 7 40 20 39 2 14 1 21 1 2 13 184 27 130 2 5 56 18 76 3 5 59 15 73 27 63 3 15 43 16 50 26 40 3 5 153 18 198 24 194 3 4 47 23 61 28 58 2 12 39 21 51 2 4 105 28 98 3 5 129 21 113 29 129
33 3 1 96 10 80 30 104 3 15 42 16 52 26 45 3 1 90 10 99 30 72 2 2 18 7 20 3 2 1 22 1 25 1 1 3 61 2 4 170 23 168 3 4 62 23 51 28 59 2 5 96 7 108 3 6 62 9 54 14 55 3 5 78 15 55 27 58 2 7 38 28 29 3 8 75 23 83 25 68 3 9 108 21 128 26 113 3 10 43 16 38 17 43 3 5 65 15 67 27 64 3 6 79 11 78 28 84 3 1 104 12 94 14 78 3 17 87 26 77 30 72 3 1 106 12 112 14 86 2 13 125 25 146 2 14 1 21 1 2 5 68 18 76 3 19 147 20 182 28 131 3 5 126 21 118 29 129 2 7 32 20 34 2 12 53 21 39 2 7 110 22 134 3 5 215 18 211 24 183 3 1 41 4 51 26 50 2 4 127 28 142 2 13 193 27 195 3 11 58 17 62 30 71
33 3 1 96 10 80 30 104 3 15 42 16 52 26 45 3 1 90 10 99 30 72 2 2 18 7 20 3 2 1 22 1 25 1 1 3 61 2 4 170 23 168 3 4 62 23 51 28 59 2 5 96 7 108 3 6 62 9 54 14 55 3 5 78 15 55 27 58 2 7 38 28 29 3 8 75 23 83 25 68 3 9 108 21 128 26 113 3 10 43 16 38 17 43 3 5 65 15 67 27 64 3 6 79 11 78 28 84 3 1 104 12 94 14 78 3 17 87 26 77 30 72 3 1 106 12 112 14 86 2 13 125 25 146 2 14 1 21 1 2 5 68 18 76 3 19 147 20 182 28 131 3 5 126 21 118 29 129 2 7 32 20 34 2 12 53 21 39 2 7 110 22 134 3 5 215 18 211 24 183 3 1 41 4 51 26 50 2 4 127 28 142 2 13 193 27 195 3 11 58 17 62 30 71
35 3 1 89 10 72 30 71 3 17 79 26 72 30 77 3 15 45 16 43 26 37 3 1 89 10 83 30 72 2 5 65 18 75 2 2 20 7 21 3 5 69 15 66 27 73 2 4 143 23 152 3 19 159 20 181 28 135 1 3 50 2 14 1 21 1 3 5 59 15 78 27 61 2 12 48 21 39 2 5 97 7 99 3 6 69 9 69 14 63 2 7 28 28 39 3 8 87 23 79 25 76 3 9 114 21 131 26 149 3 10 42 16 51 17 51 3 6 63 11 85 28 62 3 1 91 12 111 14 82 3 8 67 23 74 25 86 2 13 154 25 165 2 7 39 20 35 2 7 132 22 138 3 4 59 23 62 28 52 3 5 210 18 213 24 211 3 2 1 22 1 25 1 3 1 62 4 48 26 58 3 1 78 12 80 14 91 2 13 170 27 165 3 8 74 23 69 25 68 2 4 131 28 101 3 11 56 17 54 30 54 3 5 99 21 119 29 126
35 3 15 43 16 35 26 51 2 12 57 21 50 3 1 81 10 71 30 98 3 5 108 21 143 29 135 3 10 44 16 40 17 46 3 11 58 17 66 30 69 2 7 36 28 30 2 7 31 20 37 2 2 19 7 19 3 15 40 16 47 26 52 3 2 1 22 1 25 1 3 10 44 16 41 17 55 3 8 66 23 68 25 66 1 3 58 2 4 169 23 197 2 2 18 7 20 2 5 64 18 75 2 5 96 7 85 3 6 62 9 72 14 65 3 9 127 21 136 26 100 3 15 49 16 47 26 37 2 7 134 22 114 2 13 133 25 146 3 6 79 11 81 28 82 3 1 112 12 100 14 105 2 14 1 21 1 3 5 69 15 54 27 54 3 17 94 26 100 30 106 3 5 177 18 193 24 210 3 1 54 4 58 26 51 3 1 111 12 98 14 108 3 19 169 20 145 28 173 3 4 60 23 50 28 58 2 13 158 27 147 2 4 119 28 122
35 3 15 43 16 35 26 51 2 12 57 21 50 3 1 81 10 71 30 98 3 5 108 21 143 29 135 3 10 44 16 40 17 46 3 11 58 17 66 30 69 2 7 36 28 30 2 7 31 20 37 2 2 19 7 19 3 15 40 16 47 26 52 3 2 1 22 1 25 1 3 10 44 16 41 17 55 3 8 66 23 68 25 66 1 3 58 2 4 169 23 197 2 2 18 7 20 2 5 64 18 75 2 5 96 7 85 3 6 62 9 72 14 65 3 9 127 21 136 26 100 3 15 49 16 47 26 37 2 7 134 22 114 2 13 133 25 146 3 6 79 11 81 28 82 3 1 112 12 100 14 105 2 14 1 21 1 3 5 69 15 54 27 54 3 17 94 26 100 30 106 3 5 177 18 193 24 210 3 1 54 4 58 26 51 3 1 111 12 98 14 108 3 19 169 20 145 28 173 3 4 60 23 50 28 58 2 13 158 27 147 2 4 119 28 122
36 3 1 72 10 94 30 70 2 2 21 7 16 3 9 110 21 107 26 111 2 2 18 7 22 1 3 67 3 8 84 23 62 25 68 2 4 188 23 179 3 15 47 16 38 26 52 2 5 85 7 101 3 8 88 23 79 25 78 2 7 30 28 37 3 6 54 9 60 14 75 3 6 72 11 68 28 63 3 10 46 16 56 17 51 3 6 74 9 54 14 63 3 1 108 12 88 14 97 2 13 150 25 152 3 8 89 23 84 25 85 2 7 121 22 135 2 14 1 21 1 3 5 68 15 61 27 64 3 17 98 26 91 30 74 3 5 78 15 53 27 73 2 5 78 18 60 3 19 136 20 155 28 175 2 7 41 20 37 2 12 57 21 46 3 4 48 23 65 28 65 3 5 183 18 198 24 221 3 2 1 22 1 25 1 3 17 86 26 96 30 90 3 11 77 17 55 30 55 3 1 42 4 43 26 60 2 4 102 28 117 2 13 176 27 161 3 5 100 21 115 29 125
36 3 1 72 10 94 30 70 2 2 21 7 16 3 9 110 21 107 26 111 2 2 18 7 22 1 3 67 3 8 84 23 62 25 68 2 4 188 23 179 3 15 47 16 38 26 52 2 5 85 7 101 3 8 88 23 79 25 78 2 7 30 28 37 3 6 54 9 60 14 75 3 6 72 11 68 28 63 3 10 46 16 56 17 51 3 6 74 9 54 14 63 3 1 108 12 88 14 97 2 13 150 25 152 3 8 89 23 84 25 85 2 7 121 22 135 2 14 1 21 1 3 5 68 15 61 27 64 3 17 98 26 91 30 74 3 5 78 15 53 27 73 2 5 78 18 60 3 19 136 20 155 28 175 2 7 41 20 37 2 12 57 21 46 3 4 48 23 65 28 65 3 5 183 18 198 24 221 3 2 1 22 1 25 1 3 17 86 26 96 30 90 3 11 77 17 55 30 55 3 1 42 4 43 26 60 2 4 102 28 117 2 13 176 27 161 3 5 100 21 115 29 125
35 3 1 99 10 71 30 83 3 17 106 26 96 30 94 3 15 46 16 52 26 36 3 1 85 10 88 30 90 2 5 73 18 75 2 2 17 7 18 3 5 77 15 67 27 63 2 4 136 23 184 3 19 169 20 132 28 147 1 3 59 2 14 1 21 1 3 5 57 15 74 27 69 2 12 54 21 55 2 5 126 7 103 3 6 52 9 54 14 65 2 7 40 28 30 3 8 91 23 75 25 81 3 9 117 21 139 26 109 3 10 55 16 47 17 55 3 6 70 11 70 28 65 3 1 98 12 76 14 98 3 8 68 23 79 25 70 2 13 173 25 161 2 7 39 20 28 2 7 123 22 127 3 4 50 23 51 28 59 3 5 187 18 183 24 221 3 2 1 22 1 25 1 3 1 46 4 60 26 44 3 1 91 12 107 14 89 2 13 168 27 149 3 8 79 23 77 25 61 2 4 104 28 102 3 11 74 17 78 30 55 3 5 113 21 136 29 136
35 3 1 99 10 71 30 83 3 17 106 26 96 30 94 3 15 46 16 52 26 36 3 1 85 10 88 30 90 2 5 73 18 75 2 2 17 7 18 3 5 77 15 67 27 63 2 4 136 23 184 3 19 169 20 132 28 147 1 3 59 2 14 1 21 1 3 5 57 15 74 27 69 2 12 54 21 55 2 5 126 7 103 3 6 52 9 54 14 65 2 7 40 28 30 3 8 91 23 75 25 81 3 9 117 21 139 26 109 3 10 55 16 47 17 55 3 6 70 11 70 28 65 3 1 98 12 76 14 98 3 8 68 23 79 25 70 2 13 173 25 161 2 7 39 20 28 2 7 123 22 127 3 4 50 23 51 28 59 3 5 187 18 183 24 221 3 2 1 22 1 25 1 3 1 46 4 60 26 44 3 1 91 12 107 14 89 2 13 168 27 149 3 8 79 23 77 25 61 2 4 104 28 102 3 11 74 17 78 30 55 3 5 113 21 136 29 136
35 3 1 99 10 71 30 83 3 17 106 26 96 30 94 3 15 46 16 52 26 36 3 1 85 10 88 30 90 2 5 73 18 75 2 2 17 7 18 3 5 77 15 67 27 63 2 4 136 23 184 3 19 169 20 132 28 147 1 3 59 2 14 1 21 1 3 5 57 15 74 27 69 2 12 54 21 55 2 5 126 7 103 3 6 52 9 54 14 65 2 7 40 28 30 3 8 91 23 75 25 81 3 9 117 21 139 26 109 3 10 55 16 47 17 55 3 6 70 11 70 28 65 3 1 98 12 76 14 98 3 8 68 23 79 25 70 2 13 173 25 161 2 7 39 20 28 2 7 123 22 127 3 4 50 23 51 28 59 3 5 187 18 183 24 221 3 2 1 22 1 25 1 3 1 46 4 60 26 44 3 1 91 12 107 14 89 2 13 168 27 149 3 8 79 23 77 25 61 2 4 104 28 102 3 11 74 17 78 30 55 3 5 113 21 136 29 136
36 3 5 76 15 67 27 69 3 1 103 10 79 30 87 2 2 16 7 21 3 5 61 15 75 27 53 1 3 71 3 8 71 23 86 25 70 3 6 69 9 75 14 53 2 4 158 23 152 3 19 136 20 144 28 127 3 9 130 21 100 26 131 2 5 94 7 92 3 4 66 23 46 28 58 2 7 32 28 31 3 15 52 16 36 26 41 3 5 59 15 62 27 70 3 10 46 16 52 17 50 1 3 56 3 5 192 18 155 24 189 2 7 33 20 28 3 6 68 11 76 28 75 3 1 47 4 57 26 42 3 1 105 12 100 14 109 2 5 109 7 86 2 13 152 25 154 2 14 1 21 1 3 17 81 26 83 30 76 2 5 76 18 65 2 12 49 21 43 3 2 1 22 1 25 1 3 19 131 20 158 28 177 3 11 68 17 78 30 69 2 7 101 22 100 2 4 111 28 96 2 13 164 27 136 3 1 71 10 94 30 98 3 5 117 21 135 29 140
36 3 5 76 15 67 27 69 3 1 103 10 79 30 87 2 2 16 7 21 3 5 61 15 75 27 53 1 3 71 3 8 71 23 86 25 70 3 6 69 9 75 14 53 2 4 158 23 152 3 19 136 20 144 28 127 3 9 130 21 100 26 131 2 5 94 7 92 3 4 66 23 46 28 58 2 7 32 28 31 3 15 52 16 36 26 41 3 5 59 15 62 27 70 3 10 46 16 52 17 50 1 3 56 3 5 192 18 155 24 189 2 7 33 20 28 3 6 68 11 76 28 75 3 1 47 4 57 26 42 3 1 105 12 100 14 109 2 5 109 7 86 2 13 152 25 154 2 14 1 21 1 3 17 81 26 83 30 76 2 5 76 18 65 2 12 49 21 43 3 2 1 22 1 25 1 3 19 131 20 158 28 177 3 11 68 17 78 30 69 2 7 101 22 100 2 4 111 28 96 2 13 164 27 136 3 1 71 10 94 30 98 3 5 117 21 135 29 140
32 3 1 88 10 70 30 77 2 2 23 7 22 2 7 29 28 30 1 3 62 2 4 152 23 162 2 5 106 7 100 3 5 55 15 52 27 76 2 4 163 23 142 3 1 94 12 85 14 88 3 6 65 9 66 14 60 3 8 82 23 69 25 77 3 9 121 21 138 26 113 3 1 48 4 49 26 50 3 10 54 16 44 17 39 3 5 136 21 146 29 133 2 7 111 22 127 3 6 87 11 84 28 87 3 4 65 23 58 28 51 3 5 67 15 75 27 64 2 13 131 25 170 2 14 1 21 1 2 4 135 28 128 3 15 45 16 38 26 38 2 7 28 20 33 3 11 74 17 66 30 59 3 17 104 26 83 30 85 2 12 55 21 42 3 19 165 20 149 28 152 3 2 1 22 1 25 1 2 5 79 18 77 2 13 144 27 134 3 5 218 18 220 24 222
36 3 1 84 10 87 30 86 3 15 36 16 48 26 44 2 2 23 7 16 1 3 53 3 5 70 15 64 27 64 2 4 180 23 189 2 5 126 7 113 3 6 56 9 60 14 69 2 7 38 28 39 2 14 1 21 1 3 6 60 11 77 28 81 3 8 65 23 80 25 63 3 5 56 15 53 27 53 2 7 34 20 33 3 9 127 21 101 26 148 3 10 47 16 56 17 48 3 1 91 12 103 14 106 3 5 208 18 208 24 198 2 4 203 23 153 3 11 57 17 73 30 75 2 13 143 25 121 3 17 100 26 74 30 98 2 5 54 18 70 3 19 178 20 141 28 162 1 3 55 3 2 1 22 1 25 1 2 12 49 21 48 2 2 16 7 18 2 7 104 22 104 3 4 55 23 51 28 55 2 2 16 7 17 3 5 102 21 116 29 108 3 1 56 4 56 26 42 2 13 184 27 148 2 7 35 20 38 2 4 139 28 133
37 3 1 96 10 72 30 70 1 3 48 2 2 22 7 18 1 3 70 2 4 166 23 150 3 1 85 10 97 30 93 3 6 75 9 55 14 60 2 7 36 20 36 1 3 66 2 5 127 7 121 2 7 27 28 40 2 7 110 22 129 3 6 68 9 71 14 72 3 2 1 22 1 25 1 3 6 63 11 69 28 83 3 8 84 23 70 25 71 3 9 117 21 102 26 114 2 7 124 22 97 3 5 136 21 99 29 121 3 17 95 26 85 30 106 3 4 63 23 60 28 51 2 12 38 21 39 3 10 53 16 43 17 42 3 1 87 12 97 14 107 2 13 171 25 125 2 13 195 27 186 2 14 1 21 1 3 5 54 15 60 27 76 3 5 186 18 198 24 157 3 15 38 16 49 26 50 2 5 61 18 73 2 4 120 28 113 3 19 178 20 172 28 153 3 2 1 22 1 25 1 3 1 44 4 41 26 57 3 1 102 12 110 14 84 3 11 59 17 65 30 62
32 3 1 93 10 98 30 94 2 2 17 7 16 1 3 48 2 4 160 23 139 2 5 107 7 115 3 6 72 9 74 14 60 2 7 29 28 29 3 8 89 23 78 25 72 3 9 140 21 102 26 146 3 4 68 23 64 28 65 3 10 53 16 49 17 48 3 6 75 11 76 28 79 3 1 96 12 77 14 113 3 17 75 26 106 30 106 2 13 138 25 164 2 2 16 7 19 2 14 1 21 1 3 5 77 15 78 27 78 3 1 43 4 59 26 43 3 15 36 16 41 26 49 2 5 76 18 54 3 19 165 20 164 28 154 3 11 59 17 63 30 71 2 13 173 27 167 2 12 44 21 54 2 7 37 20 31 2 7 99 22 137 3 5 176 18 172 24 220 3 2 1 22 1 25 1 2 4 96 28 112 2 7 140 22 129 3 5 147 21 147 29 111
37 3 1 99 10 82 30 75 1 3 52 2 2 20 7 17 1 3 68 2 4 198 23 156 3 1 94 10 101 30 75 3 6 52 9 52 14 67 2 7 36 20 32 1 3 50 2 5 90 7 97 2 7 39 28 33 2 7 106 22 133 3 6 65 9 59 14 73 3 2 1 22 1 25 1 3 6 85 11 74 28 66 3 8 83 23 89 25 70 3 9 124 21 107 26 145 2 7 138 22 102 3 5 139 21 137 29 119 3 17 93 26 74 30 94 3 4 68 23 65 28 49 2 12 57 21 42 3 10 42 16 38 17 41 3 1 107 12 92 14 101 2 13 179 25 172 2 13 167 27 169 2 14 1 21 1 3 5 78 15 61 27 72 3 5 168 18 198 24 174 3 15 47 16 48 26 51 2 5 64 18 76 2 4 101 28 142 3 19 134 20 157 28 172 3 2 1 22 1 25 1 3 1 57 4 53 26 59 3 1 97 12 111 14 87 3 11 75 17 70 30 59
32 3 1 93 10 103 30 71 2 2 22 7 23 2 7 32 28 33 1 3 62 2 4 155 23 150 2 5 93 7 113 3 5 72 15 77 27 70 2 4 198 23 193 3 1 77 12 85 14 82 3 6 67 9 55 14 66 3 8 71 23 77 25 67 3 9 100 21 119 26 149 3 1 59 4 58 26 45 3 10 44 16 53 17 56 3 5 109 21 132 29 136 2 7 97 22 125 3 6 73 11 82 28 70 3 4 60 23 57 28 46 3 5 79 15 67 27 70 2 13 176 25 164 2 14 1 21 1 2 4 121 28 136 3 15 50 16 50 26 35 2 7 34 20 41 3 11 63 17 66 30 67 3 17 101 26 72 30 77 2 12 45 21 45 3 19 127 20 129 28 176 3 2 1 22 1 25 1 2 5 56 18 62 2 13 176 27 158 3 5 223 18 209 24 201
36 3 1 70 10 93 30 80 3 15 43 16 45 26 50 2 2 23 7 19 1 3 63 3 5 56 15 54 27 76 2 4 188 23 176 2 5 101 7 121 3 6 55 9 52 14 69 2 7 36 28 40 2 14 1 21 1 3 6 87 11 76 28 70 3 8 75 23 82 25 76 3 5 58 15 75 27 73 2 7 32 20 32 3 9 121 21 146 26 111 3 10 50 16 48 17 41 3 1 106 12 79 14 102 3 5 213 18 219 24 158 2 4 193 23 182 3 11 75 17 73 30 53 2 13 165 25 163 3 17 91 26 91 30 75 2 5 69 18 75 3 19 143 20 177 28 144 1 3 68 3 2 1 22 1 25 1 2 12 43 21 49 2 2 21 7 20 2 7 117 22 136 3 4 48 23 64 28 54 2 2 20 7 18 3 5 122 21 107 29 127 3 1 50 4 47 26 58 2 13 157 27 173 2 7 30 20 36 2 4 96 28 125
36 3 1 70 10 93 30 80 3 15 43 16 45 26 50 2 2 23 7 19 1 3 63 3 5 56 15 54 27 76 2 4 188 23 176 2 5 101 7 121 3 6 55 9 52 14 69 2 7 36 28 40 2 14 1 21 1 3 6 87 11 76 28 70 3 8 75 23 82 25 76 3 5 58 15 75 27 73 2 7 32 20 32 3 9 121 21 146 26 111 3 10 50 16 48 17 41 3 1 106 12 79 14 102 3 5 213 18 219 24 158 2 4 193 23 182 3 11 75 17 73 30 53 2 13 165 25 163 3 17 91 26 91 30 75 2 5 69 18 75 3 19 143 20 177 28 144 1 3 68 3 2 1 22 1 25 1 2 12 43 21 49 2 2 21 7 20 2 7 117 22 136 3 4 48 23 64 28 54 2 2 20 7 18 3 5 122 21 107 29 127 3 1 50 4 47 26 58 2 13 157 27 173 2 7 30 20 36 2 4 96 28 125
39 2 13 167 25 147 3 1 100 10 94 30 72 2 13 146 25 134 2 2 23 7 17 2 13 130 25 176 3 5 64 15 55 27 56 2 2 19 7 17 3 4 52 23 47 28 64 1 3 59 3 4 51 23 54 28 53 2 4 144 23 139 2 5 108 7 98 3 6 61 9 75 14 67 3 1 70 10 80 30 72 3 19 149 20 125 28 174 2 7 39 28 33 3 8 85 23 76 25 69 3 9 121 21 131 26 109 3 10 52 16 43 17 51 3 2 1 22 1 25 1 2 14 1 21 1 3 6 88 11 74 28 60 3 1 88 12 81 14 77 2 5 61 18 56 3 1 82 12 111 14 105 2 12 56 21 46 3 15 44 16 37 26 51 3 17 90 26 100 30 104 2 7 29 20 38 2 7 96 22 103 3 1 52 4 46 26 61 2 13 147 25 132 3 5 200 18 183 24 202 2 14 1 21 1 2 13 164 27 172 2 4 117 28 143 3 4 50 23 53 28 60 3 5 136 21 148 29 99 3 11 69 17 62 30 78
39 2 13 167 25 147 3 1 100 10 94 30 72 2 13 146 25 134 2 2 23 7 17 2 13 130 25 176 3 5 64 15 55 27 56 2 2 19 7 17 3 4 52 23 47 28 64 1 3 59 3 4 51 23 54 28 53 2 4 144 23 139 2 5 108 7 98 3 6 61 9 75 14 67 3 1 70 10 80 30 72 3 19 149 20 125 28 174 2 7 39 28 33 3 8 85 23 76 25 69 3 9 121 21 131 26 109 3 10 52 16 43 17 51 3 2 1 22 1 25 1 2 14 1 21 1 3 6 88 11 74 28 60 3 1 88 12 81 14 77 2 5 61 18 56 3 1 82 12 111 14 105 2 12 56 21 46 3 15 44 16 37 26 51 3 17 90 26 100 30 104 2 7 29 20 38 2 7 96 22 103 3 1 52 4 46 26 61 2 13 147 25 132 3 5 200 18 183 24 202 2 14 1 21 1 2 13 164 27 172 2 4 117 28 143 3 4 50 23 53 28 60 3 5 136 21 148 29 99 3 11 69 17 62 30 78
39 2 13 167 25 147 3 1 100 10 94 30 72 2 13 146 25 134 2 2 23 7 17 2 13 130 25 176 3 5 64 15 55 27 56 2 2 19 7 17 3 4 52 23 47 28 64 1 3 59 3 4 51 23 54 28 53 2 4 144 23 139 2 5 108 7 98 3 6 61 9 75 14 67 3 1 70 10 80 30 72 3 19 149 20 125 28 174 2 7 39 28 33 3 8 85 23 76 25 69 3 9 121 21 131 26 109 3 10 52 16 43 17 51 3 2 1 22 1 25 1 2 14 1 21 1 3 6 88 11 74 28 60 3 1 88 12 81 14 77 2 5 61 18 56 3 1 82 12 111 14 105 2 12 56 21 46 3 15 44 16 37 26 51 3 17 90 26 100 30 104 2 7 29 20 38 2 7 96 22 103 3 1 52 4 46 26 61 2 13 147 25 132 3 5 200 18 183 24 202 2 14 1 21 1 2 13 164 27 172 2 4 117 28 143 3 4 50 23 53 28 60 3 5 136 21 148 29 99 3 11 69 17 62 30 78
37 3 1 94 10 97 30 83 1 3 68 2 2 21 7 18 1 3 59 2 4 139 23 176 3 1 86 10 84 30 73 3 6 66 9 71 14 55 2 7 30 20 32 1 3 59 2 5 91 7 120 2 7 31 28 33 2 7 135 22 127 3 6 60 9 76 14 51 3 2 1 22 1 25 1 3 6 74 11 79 28 87 3 8 74 23 83 25 81 3 9 107 21 116 26 124 2 7 108 22 103 3 5 141 21 140 29 120 3 17 85 26 85 30 92 3 4 45 23 62 28 54 2 12 56 21 55 3 10 39 16 53 17 42 3 1 90 12 76 14 106 2 13 176 25 137 2 13 147 27 139 2 14 1 21 1 3 5 61 15 64 27 70 3 5 181 18 194 24 158 3 15 47 16 36 26 43 2 5 75 18 69 2 4 139 28 102 3 19 171 20 147 28 156 3 2 1 22 1 25 1 3 1 56 4 55 26 57 3 1 98 12 89 14 88 3 11 69 17 57 30 64
37 3 1 88 10 73 30 97 1 3 65 2 2 16 7 23 1 3 59 2 4 201 23 176 3 1 72 10 85 30 85 3 6 61 9 73 14 63 2 7 30 20 33 1 3 51 2 5 118 7 108 2 7 32 28 32 2 7 116 22 98 3 6 63 9 71 14 51 3 2 1 22 1 25 1 3 6 86 11 71 28 67 3 8 80 23 89 25 76 3 9 125 21 141 26 149 2 7 126 22 121 3 5 141 21 110 29 135 3 17 76 26 86 30 106 3 4 55 23 56 28 65 2 12 40 21 43 3 10 46 16 57 17 38 3 1 96 12 88 14 98 2 13 131 25 127 2 13 193 27 154 2 14 1 21 1 3 5 63 15 62 27 64 3 5 172 18 183 24 220 3 15 42 16 52 26 51 2 5 55 18 68 2 4 121 28 112 3 19 168 20 171 28 150 3 2 1 22 1 25 1 3 1 44 4 49 26 42 3 1 80 12 104 14 103 3 11 74 17 72 30 62
36 3 5 145 21 124 29 115 2 7 41 20 32 3 1 91 10 78 30 85 3 5 144 21 145 29 126 3 6 73 11 69 28 66 3 5 155 18 212 24 222 2 2 18 7 16 3 19 136 20 156 28 152 1 3 71 2 4 169 23 146 2 13 166 27 193 2 5 91 7 88 3 5 220 18 195 24 179 3 6 67 9 57 14 60 3 11 74 17 55 30 69 2 7 29 28 33 3 8 65 23 89 25 62 2 14 1 21 1 3 9 109 21 122 26 125 3 17 85 26 77 30 100 2 7 135 22 110 3 10 53 16 49 17 55 3 1 86 12 90 14 90 3 1 47 4 46 26 48 2 13 151 25 125 2 4 152 23 198 3 5 60 15 73 27 68 3 15 40 16 51 26 35 2 5 60 18 60 3 11 78 17 64 30 66 2 12 46 21 54 3 1 60 4 45 26 47 3 4 45 23 48 28 61 3 2 1 22 1 25 1 1 3 50 2 4 126 28 113
36 3 5 54 15 70 27 72 3 1 88 10 89 30 76 2 2 16 7 20 3 5 63 15 66 27 70 1 3 61 3 8 73 23 72 25 67 3 6 69 9 60 14 73 2 4 147 23 150 3 19 178 20 157 28 149 3 9 136 21 104 26 102 2 5 89 7 109 3 4 47 23 45 28 64 2 7 29 28 38 3 15 46 16 41 26 46 3 5 67 15 69 27 74 3 10 44 16 57 17 57 1 3 56 3 5 216 18 202 24 187 2 7 33 20 29 3 6 85 11 85 28 64 3 1 47 4 60 26 42 3 1 93 12 113 14 113 2 5 105 7 100 2 13 133 25 162 2 14 1 21 1 3 17 75 26 86 30 87 2 5 71 18 62 2 12 39 21 42 3 2 1 22 1 25 1 3 19 156 20 182 28 139 3 11 71 17 55 30 70 2 7 116 22 116 2 4 127 28 97 2 13 194 27 173 3 1 94 10 87 30 96 3 5 118 21 133 29 102
33 3 1 97 10 94 30 94 2 2 17 7 23 1 3 50 2 4 173 23 178 2 5 106 7 93 3 6 57 9 73 14 71 2 4 172 23 161 3 4 52 23 45 28 67 2 7 30 28 30 3 8 62 23 69 25 88 3 5 58 15 53 27 67 3 9 119 21 104 26 135 3 10 57 16 50 17 55 3 6 83 11 62 28 75 2 13 157 25 137 3 1 103 12 104 14 92 2 14 1 21 1 3 15 49 16 51 26 38 3 2 1 22 1 25 1 2 13 183 27 151 3 11 62 17 63 30 76 3 5 131 21 108 29 121 2 7 136 22 102 2 12 56 21 52 3 5 160 18 185 24 218 3 17 77 26 103 30 106 3 4 55 23 59 28 65 2 5 60 18 74 3 1 54 4 54 26 61 3 19 186 20 170 28 168 3 11 53 17 77 30 65 2 7 34 20 30 2 4 120 28 131
33 3 1 97 10 94 30 94 2 2 17 7 23 1 3 50 2 4 173 23 178 2 5 106 7 93 3 6 57 9 73 14 71 2 4 172 23 161 3 4 52 23 45 28 67 2 7 30 28 30 3 8 62 23 69 25 88 3 5 58 15 53 27 67 3 9 119 21 104 26 135 3 10 57 16 50 17 55 3 6 83 11 62 28 75 2 13 157 25 137 3 1 103 12 104 14 92 2 14 1 21 1 3 15 49 16 51 26 38 3 2 1 22 1 25 1 2 13 183 27 151 3 11 62 17 63 30 76 3 5 131 21 108 29 121 2 7 136 22 102 2 12 56 21 52 3 5 160 18 185 24 218 3 17 77 26 103 30 106 3 4 55 23 59 28 65 2 5 60 18 74 3 1 54 4 54 26 61 3 19 186 20 170 28 168 3 11 53 17 77 30 65 2 7 34 20 30 2 4 120 28 131
33 3 1 97 10 94 30 94 2 2 17 7 23 1 3 50 2 4 173 23 178 2 5 106 7 93 3 6 57 9 73 14 71 2 4 172 23 161 3 4 52 23 45 28 67 2 7 30 28 30 3 8 62 23 69 25 88 3 5 58 15 53 27 67 3 9 119 21 104 26 135 3 10 57 16 50 17 55 3 6 83 11 62 28 75 2 13 157 25 137 3 1 103 12 104 14 92 2 14 1 21 1 3 15 49 16 51 26 38 3 2 1 22 1 25 1 2 13 183 27 151 3 11 62 17 63 30 76 3 5 131 21 108 29 121 2 7 136 22 102 2 12 56 21 52 3 5 160 18 185 24 218 3 17 77 26 103 30 106 3 4 55 23 59 28 65 2 5 60 18 74 3 1 54 4 54 26 61 3 19 186 20 170 28 168 3 11 53 17 77 30 65 2 7 34 20 30 2 4 120 28 131
39 3 1 101 10 78 30 86 3 5 140 21 115 29 109 3 15 47 16 35 26 40 3 5 115 21 140 29 119 2 2 16 7 18 1 3 63 2 2 16 7 19 2 4 154 23 190 2 2 19 7 20 2 5 111 7 106 2 4 179 23 174 3 6 60 9 62 14 55 2 7 33 28 28 3 15 38 16 52 26 50 3 8 82 23 78 25 70 3 9 140 21 115 26 104 3 2 1 22 1 25 1 3 10 47 16 44 17 54 2 5 98 7 90 3 1 59 4 57 26 52 3 17 75 26 82 30 80 2 14 1 21 1 3 6 83 11 85 28 82 3 1 82 12 112 14 104 3 1 99 10 69 30 80 2 13 149 25 137 3 5 178 18 175 24 215 3 5 67 15 77 27 76 3 10 47 16 43 17 46 2 5 66 18 55 3 19 187 20 186 28 148 2 13 190 27 155 2 7 36 20 29 3 11 62 17 59 30 68 2 12 47 21 55 2 13 181 25 135 2 7 106 22 94 2 4 127 28 127 3 4 52 23 52 28 48
37 3 1 77 10 82 30 101 1 3 64 2 2 16 7 22 1 3 64 2 4 152 23 140 3 1 75 10 88 30 96 3 6 76 9 57 14 68 2 7 39 20 29 1 3 56 2 5 99 7 91 2 7 33 28 40 2 7 112 22 94 3 6 76 9 73 14 56 3 2 1 22 1 25 1 3 6 69 11 61 28 62 3 8 91 23 85 25 73 3 9 136 21 143 26 128 2 7 103 22 99 3 5 142 21 122 29 110 3 17 85 26 94 30 73 3 4 61 23 60 28 64 2 12 47 21 48 3 10 51 16 51 17 49 3 1 99 12 82 14 77 2 13 155 25 174 2 13 176 27 137 2 14 1 21 1 3 5 60 15 73 27 54 3 5 158 18 215 24 149 3 15 46 16 35 26 48 2 5 72 18 53 2 4 128 28 124 3 19 151 20 186 28 176 3 2 1 22 1 25 1 3 1 43 4 45 26 50 3 1 111 12 82 14 109 3 11 57 17 76 30 58
34 3 1 103 10 81 30 103 2 2 16 7 17 1 3 70 2 7 31 20 37 1 3 69 2 4 203 23 161 2 5 105 7 89 3 6 73 9 53 14 56 2 7 29 28 40 3 8 65 23 61 25 67 3 9 106 21 131 26 125 3 15 36 16 52 26 45 3 19 126 20 151 28 178 3 15 38 16 35 26 46 2 7 103 22 134 3 1 91 12 83 14 105 3 10 48 16 54 17 39 3 6 79 11 77 28 78 2 13 148 25 163 3 1 59 4 55 26 42 3 4 52 23 62 28 60 2 14 1 21 1 3 5 60 15 53 27 61 2 12 48 21 41 3 5 198 18 212 24 195 3 17 83 26 75 30 74 2 5 78 18 79 3 2 1 22 1 25 1 2 13 185 27 184 2 4 99 28 102 3 19 137 20 181 28 142 3 5 146 21 122 29 142 2 5 112 7 92 3 11 55 17 60 30 65
34 3 1 79 10 102 30 81 2 2 22 7 23 3 1 85 10 101 30 94 3 6 88 11 86 28 73 1 3 64 2 4 164 23 175 2 5 118 7 101 3 1 108 12 100 14 87 3 6 53 9 54 14 60 3 9 119 21 110 26 143 3 11 56 17 65 30 60 3 5 69 15 73 27 61 2 7 135 22 102 2 7 40 28 35 3 8 75 23 68 25 66 3 10 47 16 45 17 43 2 13 132 25 158 3 5 107 21 106 29 126 3 1 101 10 70 30 81 2 14 1 21 1 3 15 46 16 37 26 43 3 17 84 26 92 30 81 2 5 57 18 65 2 5 126 7 92 3 19 180 20 129 28 161 3 4 50 23 48 28 49 2 7 34 20 28 2 13 169 27 166 2 12 40 21 51 3 5 185 18 184 24 216 3 8 84 23 82 25 69 3 2 1 22 1 25 1 2 4 143 28 143 3 1 56 4 46 26 55
36 3 5 56 15 76 27 65 3 1 96 10 98 30 71 2 2 16 7 23 3 5 59 15 61 27 57 1 3 53 3 8 83 23 61 25 72 3 6 73 9 71 14 54 2 4 162 23 201 3 19 135 20 176 28 152 3 9 134 21 125 26 104 2 5 106 7 94 3 4 65 23 57 28 54 2 7 38 28 28 3 15 51 16 43 26 40 3 5 64 15 67 27 73 3 10 44 16 40 17 46 1 3 54 3 5 211 18 160 24 174 2 7 37 20 38 3 6 78 11 82 28 77 3 1 54 4 45 26 50 3 1 93 12 87 14 97 2 5 123 7 109 2 13 168 25 171 2 14 1 21 1 3 17 88 26 81 30 78 2 5 71 18 78 2 12 44 21 52 3 2 1 22 1 25 1 3 19 160 20 152 28 179 3 11 62 17 69 30 66 2 7 95 22 133 2 4 130 28 104 2 13 166 27 131 3 1 72 10 80 30 95 3 5 114 21 134 29 139
36 3 5 56 15 76 27 65 3 1 96 10 98 30 71 2 2 16 7 23 3 5 59 15 61 27 57 1 3 53 3 8 83 23 61 25 72 3 6 73 9 71 14 54 2 4 162 23 201 3 19 135 20 176 28 152 3 9 134 21 125 26 104 2 5 106 7 94 3 4 65 23 57 28 54 2 7 38 28 28 3 15 51 16 43 26 40 3 5 64 15 67 27 73 3 10 44 16 40 17 46 1 3 54 3 5 211 18 160 24 174 2 7 37 20 38 3 6 78 11 82 28 77 3 1 54 4 45 26 50 3 1 93 12 87 14 97 2 5 123 7 109 2 13 168 25 171 2 14 1 21 1 3 17 88 26 81 30 78 2 5 71 18 78 2 12 44 21 52 3 2 1 22 1 25 1 3 19 160 20 152 28 179 3 11 62 17 69 30 66 2 7 95 22 133 2 4 130 28 104 2 13 166 27 131 3 1 72 10 80 30 95 3 5 114 21 134 29 139
35 3 15 36 16 52 26 45 2 12 55 21 42 3 1 74 10 102 30 85 3 5 148 21 128 29 134 3 10 46 16 49 17 39 3 11 65 17 74 30 76 2 7 38 28 38 2 7 37 20 38 2 2 20 7 22 3 15 49 16 40 26 43 3 2 1 22 1 25 1 3 10 43 16 44 17 44 3 8 63 23 68 25 84 1 3 53 2 4 167 23 147 2 2 21 7 19 2 5 74 18 80 2 5 96 7 116 3 6 66 9 76 14 76 3 9 147 21 148 26 122 3 15 40 16 40 26 51 2 7 136 22 101 2 13 137 25 167 3 6 74 11 70 28 88 3 1 76 12 109 14 95 2 14 1 21 1 3 5 68 15 71 27 64 3 17 84 26 80 30 102 3 5 160 18 218 24 212 3 1 50 4 47 26 51 3 1 77 12 76 14 106 3 19 163 20 142 28 151 3 4 46 23 51 28 49 2 13 189 27 174 2 4 98 28 97
34 3 10 43 16 52 17 51 2 7 104 22 100 1 3 55 3 6 68 9 60 14 54 3 1 98 10 70 30 72 2 4 184 23 147 2 2 23 7 20 3 10 39 16 55 17 43 2 5 95 7 93 3 1 61 4 47 26 61 3 1 100 12 111 14 82 2 7 32 28 31 3 8 84 23 75 25 75 3 6 73 9 55 14 55 3 9 132 21 100 26 114 3 8 72 23 67 25 90 3 6 83 11 63 28 80 3 17 79 26 106 30 97 2 13 176 25 146 3 2 1 22 1 25 1 3 19 136 20 161 28 147 3 11 74 17 67 30 70 2 14 1 21 1 2 7 37 20 33 2 14 1 21 1 2 13 175 27 176 2 5 76 18 69 3 5 72 15 73 27 72 3 15 39 16 41 26 52 3 5 199 18 158 24 209 3 4 63 23 54 28 65 2 12 47 21 39 2 4 126 28 123 3 5 109 21 139 29 112
33 3 1 100 10 103 30 80 3 15 48 16 52 26 38 3 1 71 10 74 30 81 2 2 16 7 20 3 2 1 22 1 25 1 1 3 49 2 4 136 23 163 3 4 54 23 54 28 59 2 5 89 7 99 3 6 62 9 52 14 75 3 5 71 15 69 27 54 2 7 35 28 34 3 8 73 23 74 25 64 3 9 122 21 149 26 136 3 10 49 16 44 17 51 3 5 76 15 75 27 69 3 6 87 11 88 28 72 3 1 80 12 102 14 83 3 17 78 26 71 30 86 3 1 92 12 110 14 82 2 13 168 25 146 2 14 1 21 1 2 5 64 18 74 3 19 165 20 163 28 141 3 5 132 21 129 29 109 2 7 38 20 29 2 12 56 21 41 2 7 100 22 122 3 5 164 18 174 24 190 3 1 61 4 59 26 44 2 4 124 28 98 2 13 151 27 140 3 11 73 17 67 30 67
33 3 1 96 10 103 30 70 2 2 16 7 18 1 3 57 2 4 142 23 195 2 5 112 7 93 3 6 57 9 59 14 51 2 4 138 23 196 3 4 45 23 54 28 55 2 7 35 28 33 3 8 83 23 77 25 72 3 5 52 15 66 27 62 3 9 105 21 131 26 142 3 10 52 16 41 17 50 3 6 64 11 85 28 81 2 13 125 25 175 3 1 89 12 111 14 104 2 14 1 21 1 3 15 51 16 43 26 36 3 2 1 22 1 25 1 2 13 170 27 174 3 11 54 17 61 30 62 3 5 104 21 136 29 100 2 7 132 22 98 2 12 43 21 52 3 5 190 18 217 24 165 3 17 85 26 74 30 89 3 4 66 23 54 28 59 2 5 55 18 79 3 1 56 4 42 26 43 3 19 135 20 148 28 172 3 11 63 17 63 30 64 2 7 39 20 38 2 4 106 28 113
DUE_DATES: 4721 4721 4721 4730 4730 4730 4895 4895 4455 4455 4698 4698 4858 4696 4696 4917 4917 4942 4942 4942 4989 4989 4639 4862 5073 4532 5139 4696 4969 4969 5423 5423 5423 5012 5083 5317 5119 4785 4785 4785 5538 4980 4885 4859 5146 5146 4695 4539 4531 4653
WEIGHTS: 1 2 3 1 1 2 3 1 1 3 1 3 2 3 2 3 2 1 3 1 1 3 2 2 1 1 1 2 3 2 1 2 3 1 2 1 1 1 1 1 3 2 1 3 1 1 2 1 3 3
