50 30
37 3 1 3 9 3 27 3 3 2 108 13 115 16 132 2 13 93 14 74 3 3 4 16 3 30 4 2 13 70 14 86 3 3 72 4 104 6 81 3 5 149 13 148 28 149 2 1 143 6 159 3 7 128 10 120 27 117 2 8 17 13 12 3 3 78 4 73 6 106 2 7 66 26 50 2 9 84 19 82 3 3 51 10 64 24 58 2 11 142 14 138 2 1 183 6 168 2 9 77 28 62 3 12 9 14 9 27 9 3 13 41 27 50 30 50 2 15 183 16 180 2 2 151 16 131 3 13 129 16 135 19 126 3 13 60 27 54 30 51 3 4 39 20 40 27 42 3 3 54 10 60 24 60 2 7 104 17 109 3 13 49 27 57 30 53 2 18 94 22 80 3 21 68 26 51 27 71 2 7 196 23 191 2 22 161 24 175 2 22 142 25 145 3 2 116 13 136 16 98 3 2 128 15 174 27 134 3 9 104 20 122 25 101 2 7 42 30 39 2 25 112 29 139
37 3 1 3 9 3 27 3 3 2 108 13 115 16 132 2 13 93 14 74 3 3 4 16 3 30 4 2 13 70 14 86 3 3 72 4 104 6 81 3 5 149 13 148 28 149 2 1 143 6 159 3 7 128 10 120 27 117 2 8 17 13 12 3 3 78 4 73 6 106 2 7 66 26 50 2 9 84 19 82 3 3 51 10 64 24 58 2 11 142 14 138 2 1 183 6 168 2 9 77 28 62 3 12 9 14 9 27 9 3 13 41 27 50 30 50 2 15 183 16 180 2 2 151 16 131 3 13 129 16 135 19 126 3 13 60 27 54 30 51 3 4 39 20 40 27 42 3 3 54 10 60 24 60 2 7 104 17 109 3 13 49 27 57 30 53 2 18 94 22 80 3 21 68 26 51 27 71 2 7 196 23 191 2 22 161 24 175 2 22 142 25 145 3 2 116 13 136 16 98 3 2 128 15 174 27 134 3 9 104 20 122 25 101 2 7 42 30 39 2 25 112 29 139
34 3 1 3 9 4 27 3 3 2 140 13 123 16 111 3 1 3 9 3 27 3 3 3 4 16 3 30 4 2 2 116 16 141 3 3 91 4 74 6 90 2 2 128 16 127 3 5 219 13 176 28 191 3 7 101 10 145 27 113 2 1 139 6 172 2 8 18 13 13 3 13 130 16 116 19 120 2 9 82 19 75 2 13 69 14 77 3 3 57 10 59 24 69 2 11 185 14 167 3 13 115 16 140 19 108 3 13 52 27 42 30 49 2 9 65 28 70 3 12 11 14 10 27 8 2 15 207 16 209 2 7 131 17 100 2 7 58 26 57 2 22 164 24 176 2 18 95 22 81 3 9 99 20 98 25 93 3 4 36 20 34 27 42 3 21 68 26 54 27 53 2 9 83 28 61 2 22 104 25 110 2 7 171 23 222 3 2 157 15 169 27 150 2 25 119 29 113 2 7 43 30 32
34 3 1 3 9 4 27 3 3 2 140 13 123 16 111 3 1 3 9 3 27 3 3 3 4 16 3 30 4 2 2 116 16 141 3 3 91 4 74 6 90 2 2 128 16 127 3 5 219 13 176 28 191 3 7 101 10 145 27 113 2 1 139 6 172 2 8 18 13 13 3 13 130 16 116 19 120 2 9 82 19 75 2 13 69 14 77 3 3 57 10 59 24 69 2 11 185 14 167 3 13 115 16 140 19 108 3 13 52 27 42 30 49 2 9 65 28 70 3 12 11 14 10 27 8 2 15 207 16 209 2 7 131 17 100 2 7 58 26 57 2 22 164 24 176 2 18 95 22 81 3 9 99 20 98 25 93 3 4 36 20 34 27 42 3 21 68 26 54 27 53 2 9 83 28 61 2 22 104 25 110 2 7 171 23 222 3 2 157 15 169 27 150 2 25 119 29 113 2 7 43 30 32
34 3 1 4 9 3 27 4 3 2 136 13 134 16 99 3 1 4 9 3 27 3 3 3 4 16 3 30 4 2 2 134 16 146 3 3 101 4 104 6 87 2 2 149 16 138 3 5 221 13 189 28 219 3 7 117 10 100 27 108 2 1 142 6 140 2 8 15 13 13 3 13 133 16 99 19 107 2 9 85 19 66 2 13 78 14 90 3 3 60 10 72 24 62 2 11 129 14 138 3 13 128 16 97 19 120 3 13 49 27 60 30 54 2 9 64 28 65 3 12 12 14 12 27 8 2 15 190 16 192 2 7 106 17 128 2 7 48 26 61 2 22 200 24 148 2 18 77 22 77 3 9 93 20 91 25 128 3 4 37 20 45 27 47 3 21 52 26 65 27 53 2 9 66 28 90 2 22 135 25 115 2 7 207 23 175 3 2 172 15 158 27 161 2 25 110 29 120 2 7 30 30 43
31 2 11 144 14 191 3 1 4 9 3 27 4 3 2 110 13 123 16 143 3 3 3 16 3 30 4 3 7 109 10 130 27 112 3 1 3 9 4 27 3 3 3 104 4 85 6 81 2 2 128 16 120 3 5 166 13 192 28 214 2 7 203 23 175 3 13 44 27 58 30 54 2 1 156 6 153 3 21 53 26 69 27 73 2 8 18 13 19 2 7 65 26 53 3 3 50 10 65 24 60 2 9 67 19 86 3 12 11 14 12 27 11 2 13 86 14 89 2 7 92 17 135 2 15 204 16 181 2 22 123 25 124 2 18 89 22 101 3 9 102 20 130 25 121 3 13 128 16 127 19 105 3 4 40 20 43 27 39 2 22 160 24 171 3 2 135 15 136 27 142 2 9 85 28 85 2 7 40 30 38 2 25 151 29 118
31 2 11 144 14 191 3 1 4 9 3 27 4 3 2 110 13 123 16 143 3 3 3 16 3 30 4 3 7 109 10 130 27 112 3 1 3 9 4 27 3 3 3 104 4 85 6 81 2 2 128 16 120 3 5 166 13 192 28 214 2 7 203 23 175 3 13 44 27 58 30 54 2 1 156 6 153 3 21 53 26 69 27 73 2 8 18 13 19 2 7 65 26 53 3 3 50 10 65 24 60 2 9 67 19 86 3 12 11 14 12 27 11 2 13 86 14 89 2 7 92 17 135 2 15 204 16 181 2 22 123 25 124 2 18 89 22 101 3 9 102 20 130 25 121 3 13 128 16 127 19 105 3 4 40 20 43 27 39 2 22 160 24 171 3 2 135 15 136 27 142 2 9 85 28 85 2 7 40 30 38 2 25 151 29 118
37 3 1 3 9 3 27 4 3 2 114 13 136 16 105 2 22 178 24 174 3 2 103 13 106 16 110 2 1 138 6 174 2 9 88 28 83 2 7 70 26 65 2 9 67 28 85 3 3 4 16 3 30 4 3 3 101 4 80 6 100 3 1 3 9 3 27 4 3 4 45 20 33 27 49 3 1 3 9 3 27 4 3 5 219 13 192 28 153 3 3 56 10 56 24 71 3 7 122 10 129 27 99 2 7 49 26 70 2 15 184 16 215 2 25 135 29 155 2 8 13 13 17 2 15 205 16 153 2 7 42 30 32 2 9 97 19 97 2 7 183 23 218 3 12 10 14 11 27 9 2 22 140 25 146 2 11 178 14 143 2 7 119 17 126 3 13 42 27 56 30 46 2 13 71 14 84 2 2 102 16 148 3 13 138 16 119 19 112 2 18 97 22 72 3 21 57 26 75 27 55 3 9 130 20 132 25 116 2 7 61 26 60 3 2 155 15 152 27 172
37 3 1 3 9 4 27 3 3 2 130 13 121 16 115 2 22 162 24 188 3 2 123 13 134 16 98 2 1 139 6 185 2 9 87 28 85 2 7 62 26 67 2 9 61 28 68 3 3 3 16 4 30 3 3 3 107 4 80 6 94 3 1 4 9 4 27 4 3 4 39 20 36 27 36 3 1 4 9 3 27 3 3 5 156 13 157 28 204 3 3 69 10 66 24 66 3 7 105 10 107 27 133 2 7 51 26 53 2 15 162 16 162 2 25 109 29 128 2 8 13 13 17 2 15 227 16 167 2 7 39 30 39 2 9 74 19 90 2 7 221 23 188 3 12 12 14 11 27 11 2 22 103 25 133 2 11 193 14 180 2 7 95 17 130 3 13 58 27 42 30 51 2 13 82 14 101 2 2 117 16 145 3 13 128 16 112 19 131 2 18 102 22 94 3 21 62 26 64 27 74 3 9 128 20 129 25 117 2 7 57 26 49 3 2 177 15 149 27 157
37 3 1 3 9 4 27 3 3 2 130 13 121 16 115 2 22 162 24 188 3 2 123 13 134 16 98 2 1 139 6 185 2 9 87 28 85 2 7 62 26 67 2 9 61 28 68 3 3 3 16 4 30 3 3 3 107 4 80 6 94 3 1 4 9 4 27 4 3 4 39 20 36 27 36 3 1 4 9 3 27 3 3 5 156 13 157 28 204 3 3 69 10 66 24 66 3 7 105 10 107 27 133 2 7 51 26 53 2 15 162 16 162 2 25 109 29 128 2 8 13 13 17 2 15 227 16 167 2 7 39 30 39 2 9 74 19 90 2 7 221 23 188 3 12 12 14 11 27 11 2 22 103 25 133 2 11 193 14 180 2 7 95 17 130 3 13 58 27 42 30 51 2 13 82 14 101 2 2 117 16 145 3 13 128 16 112 19 131 2 18 102 22 94 3 21 62 26 64 27 74 3 9 128 20 129 25 117 2 7 57 26 49 3 2 177 15 149 27 157
38 3 1 4 9 3 27 4 3 2 126 13 125 16 140 3 3 3 16 4 30 3 2 25 153 29 123 3 3 78 4 88 6 96 3 5 214 13 174 28 149 2 25 130 29 143 2 1 127 6 167 3 3 74 4 79 6 103 3 7 111 10 102 27 144 2 8 16 13 17 2 7 33 30 35 2 9 92 19 98 3 3 52 10 55 24 70 2 11 156 14 184 2 2 106 16 146 3 12 9 14 11 27 10 3 3 103 4 99 6 92 3 9 131 20 93 25 128 2 11 133 14 162 3 13 54 27 57 30 47 2 9 71 19 86 2 13 87 14 68 2 18 77 22 76 3 3 4 16 4 30 3 2 9 78 28 83 2 15 203 16 195 2 7 38 30 30 2 7 110 17 102 3 13 99 16 119 19 100 3 2 142 15 128 27 145 3 4 34 20 33 27 35 3 21 55 26 56 27 71 2 22 136 25 107 2 7 227 23 210 2 7 52 26 66 2 13 88 14 94 2 22 174 24 159
37 3 1 4 9 3 27 4 3 2 121 13 131 16 112 2 13 74 14 90 3 3 3 16 4 30 3 2 13 86 14 84 3 3 107 4 77 6 100 3 5 169 13 165 28 150 2 1 176 6 185 3 7 106 10 120 27 141 2 8 15 13 14 3 3 106 4 95 6 82 2 7 64 26 48 2 9 87 19 95 3 3 56 10 65 24 51 2 11 178 14 163 2 1 163 6 154 2 9 83 28 62 3 12 9 14 9 27 11 3 13 55 27 50 30 49 2 15 196 16 153 2 2 115 16 113 3 13 115 16 135 19 129 3 13 50 27 47 30 57 3 4 42 20 40 27 34 3 3 71 10 51 24 74 2 7 117 17 94 3 13 57 27 56 30 52 2 18 94 22 92 3 21 58 26 58 27 68 2 7 232 23 167 2 22 170 24 188 2 22 117 25 133 3 2 112 13 114 16 125 3 2 149 15 169 27 138 3 9 110 20 124 25 96 2 7 37 30 29 2 25 128 29 141
37 3 1 3 9 4 27 3 3 2 124 13 101 16 138 2 22 145 24 159 3 2 100 13 136 16 102 2 1 167 6 180 2 9 68 28 73 2 7 63 26 54 2 9 83 28 73 3 3 3 16 3 30 4 3 3 85 4 72 6 97 3 1 4 9 3 27 4 3 4 42 20 39 27 39 3 1 3 9 4 27 3 3 5 197 13 165 28 195 3 3 64 10 62 24 65 3 7 112 10 128 27 116 2 7 51 26 70 2 15 214 16 193 2 25 155 29 153 2 8 16 13 12 2 15 183 16 159 2 7 32 30 31 2 9 98 19 95 2 7 175 23 162 3 12 12 14 11 27 9 2 22 106 25 131 2 11 147 14 157 2 7 123 17 125 3 13 52 27 56 30 61 2 13 96 14 86 2 2 134 16 103 3 13 119 16 102 19 117 2 18 73 22 92 3 21 65 26 64 27 67 3 9 98 20 93 25 112 2 7 65 26 49 3 2 128 15 146 27 140
37 3 1 3 9 4 27 3 3 2 124 13 101 16 138 2 22 145 24 159 3 2 100 13 136 16 102 2 1 167 6 180 2 9 68 28 73 2 7 63 26 54 2 9 83 28 73 3 3 3 16 3 30 4 3 3 85 4 72 6 97 3 1 4 9 3 27 4 3 4 42 20 39 27 39 3 1 3 9 4 27 3 3 5 197 13 165 28 195 3 3 64 10 62 24 65 3 7 112 10 128 27 116 2 7 51 26 70 2 15 214 16 193 2 25 155 29 153 2 8 16 13 12 2 15 183 16 159 2 7 32 30 31 2 9 98 19 95 2 7 175 23 162 3 12 12 14 11 27 9 2 22 106 25 131 2 11 147 14 157 2 7 123 17 125 3 13 52 27 56 30 61 2 13 96 14 86 2 2 134 16 103 3 13 119 16 102 19 117 2 18 73 22 92 3 21 65 26 64 27 67 3 9 98 20 93 25 112 2 7 65 26 49 3 2 128 15 146 27 140
37 3 1 3 9 4 27 3 3 2 124 13 101 16 138 2 22 145 24 159 3 2 100 13 136 16 102 2 1 167 6 180 2 9 68 28 73 2 7 63 26 54 2 9 83 28 73 3 3 3 16 3 30 4 3 3 85 4 72 6 97 3 1 4 9 3 27 4 3 4 42 20 39 27 39 3 1 3 9 4 27 3 3 5 197 13 165 28 195 3 3 64 10 62 24 65 3 7 112 10 128 27 116 2 7 51 26 70 2 15 214 16 193 2 25 155 29 153 2 8 16 13 12 2 15 183 16 159 2 7 32 30 31 2 9 98 19 95 2 7 175 23 162 3 12 12 14 11 27 9 2 22 106 25 131 2 11 147 14 157 2 7 123 17 125 3 13 52 27 56 30 61 2 13 96 14 86 2 2 134 16 103 3 13 119 16 102 19 117 2 18 73 22 92 3 21 65 26 64 27 67 3 9 98 20 93 25 112 2 7 65 26 49 3 2 128 15 146 27 140
37 3 2 113 13 124 16 131 2 7 215 23 207 2 13 77 14 97 2 7 190 23 175 3 1 3 9 4 27 4 2 9 81 28 72 3 7 130 10 98 27 133 2 15 199 16 205 3 3 3 16 4 30 4 2 9 84 19 82 3 3 103 4 97 6 91 3 5 151 13 214 28 200 2 1 155 6 184 2 8 18 13 15 2 9 91 28 67 2 22 146 24 154 3 3 67 10 63 24 65 2 7 223 23 228 2 11 181 14 186 3 12 9 14 10 27 8 3 13 45 27 43 30 49 3 21 59 26 59 27 51 2 2 140 16 146 2 7 96 17 93 2 7 48 26 56 2 18 71 22 97 3 5 202 13 201 28 157 2 7 44 30 40 3 13 133 16 112 19 134 3 4 46 20 36 27 48 2 22 146 24 174 2 22 130 25 119 3 9 110 20 92 25 122 2 15 186 16 175 3 2 133 15 164 27 164 2 22 120 25 104 2 25 144 29 131
37 3 2 113 13 124 16 131 2 7 215 23 207 2 13 77 14 97 2 7 190 23 175 3 1 3 9 4 27 4 2 9 81 28 72 3 7 130 10 98 27 133 2 15 199 16 205 3 3 3 16 4 30 4 2 9 84 19 82 3 3 103 4 97 6 91 3 5 151 13 214 28 200 2 1 155 6 184 2 8 18 13 15 2 9 91 28 67 2 22 146 24 154 3 3 67 10 63 24 65 2 7 223 23 228 2 11 181 14 186 3 12 9 14 10 27 8 3 13 45 27 43 30 49 3 21 59 26 59 27 51 2 2 140 16 146 2 7 96 17 93 2 7 48 26 56 2 18 71 22 97 3 5 202 13 201 28 157 2 7 44 30 40 3 13 133 16 112 19 134 3 4 46 20 36 27 48 2 22 146 24 174 2 22 130 25 119 3 9 110 20 92 25 122 2 15 186 16 175 3 2 133 15 164 27 164 2 22 120 25 104 2 25 144 29 131
36 2 13 81 14 99 2 15 181 16 217 3 1 4 9 4 27 3 3 2 134 13 112 16 105 3 3 3 16 4 30 4 3 3 105 4 96 6 84 3 5 186 13 213 28 217 2 1 176 6 186 2 15 162 16 181 3 7 98 10 100 27 136 2 8 17 13 16 2 9 81 19 85 3 3 68 10 74 24 57 2 11 154 14 158 3 5 170 13 194 28 208 3 12 10 14 9 27 12 3 13 51 27 44 30 53 2 2 106 16 129 2 9 97 19 81 3 2 149 15 186 27 181 2 9 75 28 65 2 7 122 17 135 2 18 70 22 74 2 9 82 19 90 3 13 102 16 115 19 103 3 4 47 20 44 27 42 2 22 163 24 176 3 21 65 26 54 27 67 2 22 124 25 141 2 7 57 26 67 3 13 138 16 139 19 115 2 7 224 23 201 3 9 114 20 126 25 94 2 9 71 28 71 2 25 140 29 121 2 7 32 30 35
36 2 13 81 14 99 2 15 181 16 217 3 1 4 9 4 27 3 3 2 134 13 112 16 105 3 3 3 16 4 30 4 3 3 105 4 96 6 84 3 5 186 13 213 28 217 2 1 176 6 186 2 15 162 16 181 3 7 98 10 100 27 136 2 8 17 13 16 2 9 81 19 85 3 3 68 10 74 24 57 2 11 154 14 158 3 5 170 13 194 28 208 3 12 10 14 9 27 12 3 13 51 27 44 30 53 2 2 106 16 129 2 9 97 19 81 3 2 149 15 186 27 181 2 9 75 28 65 2 7 122 17 135 2 18 70 22 74 2 9 82 19 90 3 13 102 16 115 19 103 3 4 47 20 44 27 42 2 22 163 24 176 3 21 65 26 54 27 67 2 22 124 25 141 2 7 57 26 67 3 13 138 16 139 19 115 2 7 224 23 201 3 9 114 20 126 25 94 2 9 71 28 71 2 25 140 29 121 2 7 32 30 35
36 2 13 81 14 99 2 15 181 16 217 3 1 4 9 4 27 3 3 2 134 13 112 16 105 3 3 3 16 4 30 4 3 3 105 4 96 6 84 3 5 186 13 213 28 217 2 1 176 6 186 2 15 162 16 181 3 7 98 10 100 27 136 2 8 17 13 16 2 9 81 19 85 3 3 68 10 74 24 57 2 11 154 14 158 3 5 170 13 194 28 208 3 12 10 14 9 27 12 3 13 51 27 44 30 53 2 2 106 16 129 2 9 97 19 81 3 2 149 15 186 27 181 2 9 75 28 65 2 7 122 17 135 2 18 70 22 74 2 9 82 19 90 3 13 102 16 115 19 103 3 4 47 20 44 27 42 2 22 163 24 176 3 21 65 26 54 27 67 2 22 124 25 141 2 7 57 26 67 3 13 138 16 139 19 115 2 7 224 23 201 3 9 114 20 126 25 94 2 9 71 28 71 2 25 140 29 121 2 7 32 30 35
36 2 13 81 14 99 2 15 181 16 217 3 1 4 9 4 27 3 3 2 134 13 112 16 105 3 3 3 16 4 30 4 3 3 105 4 96 6 84 3 5 186 13 213 28 217 2 1 176 6 186 2 15 162 16 181 3 7 98 10 100 27 136 2 8 17 13 16 2 9 81 19 85 3 3 68 10 74 24 57 2 11 154 14 158 3 5 170 13 194 28 208 3 12 10 14 9 27 12 3 13 51 27 44 30 53 2 2 106 16 129 2 9 97 19 81 3 2 149 15 186 27 181 2 9 75 28 65 2 7 122 17 135 2 18 70 22 74 2 9 82 19 90 3 13 102 16 115 19 103 3 4 47 20 44 27 42 2 22 163 24 176 3 21 65 26 54 27 67 2 22 124 25 141 2 7 57 26 67 3 13 138 16 139 19 115 2 7 224 23 201 3 9 114 20 126 25 94 2 9 71 28 71 2 25 140 29 121 2 7 32 30 35
36 2 13 81 14 99 2 15 181 16 217 3 1 4 9 4 27 3 3 2 134 13 112 16 105 3 3 3 16 4 30 4 3 3 105 4 96 6 84 3 5 186 13 213 28 217 2 1 176 6 186 2 15 162 16 181 3 7 98 10 100 27 136 2 8 17 13 16 2 9 81 19 85 3 3 68 10 74 24 57 2 11 154 14 158 3 5 170 13 194 28 208 3 12 10 14 9 27 12 3 13 51 27 44 30 53 2 2 106 16 129 2 9 97 19 81 3 2 149 15 186 27 181 2 9 75 28 65 2 7 122 17 135 2 18 70 22 74 2 9 82 19 90 3 13 102 16 115 19 103 3 4 47 20 44 27 42 2 22 163 24 176 3 21 65 26 54 27 67 2 22 124 25 141 2 7 57 26 67 3 13 138 16 139 19 115 2 7 224 23 201 3 9 114 20 126 25 94 2 9 71 28 71 2 25 140 29 121 2 7 32 30 35
36 3 1 4 9 4 27 4 3 2 113 13 140 16 130 3 3 4 16 4 30 3 3 1 3 9 4 27 3 3 4 35 20 43 27 34 3 3 101 4 94 6 97 3 5 207 13 213 28 181 2 1 176 6 155 3 7 135 10 98 27 137 2 8 17 13 16 2 18 76 22 82 2 9 96 19 85 3 2 163 15 145 27 182 3 3 72 10 59 24 55 2 11 168 14 170 3 21 63 26 63 27 66 3 12 11 14 9 27 10 3 13 60 27 56 30 42 3 2 153 15 150 27 127 2 13 87 14 85 2 15 204 16 189 3 5 169 13 195 28 218 2 2 133 16 131 2 11 183 14 189 2 7 127 17 108 3 13 118 16 101 19 140 3 7 132 10 108 27 131 2 7 210 23 235 2 22 129 25 129 3 5 209 13 196 28 220 2 22 170 24 138 3 9 101 20 115 25 111 2 7 67 26 50 2 9 77 28 91 2 25 135 29 140 2 7 37 30 39
36 3 1 4 9 4 27 4 3 2 113 13 140 16 130 3 3 4 16 4 30 3 3 1 3 9 4 27 3 3 4 35 20 43 27 34 3 3 101 4 94 6 97 3 5 207 13 213 28 181 2 1 176 6 155 3 7 135 10 98 27 137 2 8 17 13 16 2 18 76 22 82 2 9 96 19 85 3 2 163 15 145 27 182 3 3 72 10 59 24 55 2 11 168 14 170 3 21 63 26 63 27 66 3 12 11 14 9 27 10 3 13 60 27 56 30 42 3 2 153 15 150 27 127 2 13 87 14 85 2 15 204 16 189 3 5 169 13 195 28 218 2 2 133 16 131 2 11 183 14 189 2 7 127 17 108 3 13 118 16 101 19 140 3 7 132 10 108 27 131 2 7 210 23 235 2 22 129 25 129 3 5 209 13 196 28 220 2 22 170 24 138 3 9 101 20 115 25 111 2 7 67 26 50 2 9 77 28 91 2 25 135 29 140 2 7 37 30 39
37 3 1 3 9 4 27 4 3 2 112 13 107 16 123 3 3 3 16 3 30 3 3 3 68 10 71 24 67 3 3 93 4 94 6 78 3 5 199 13 188 28 186 3 3 107 4 97 6 106 2 11 152 14 150 3 13 45 27 47 30 52 3 12 10 14 9 27 10 3 21 60 26 53 27 72 2 1 165 6 140 3 1 3 9 3 27 3 3 7 103 10 118 27 112 2 9 89 19 72 3 1 4 9 3 27 4 2 22 126 25 144 2 8 17 13 17 2 13 84 14 95 3 12 9 14 12 27 11 2 7 33 30 32 2 15 189 16 191 2 2 110 16 152 3 13 95 16 117 19 129 3 13 59 27 41 30 55 2 7 136 17 112 2 18 81 22 72 2 25 120 29 146 3 3 78 4 88 6 100 3 4 38 20 35 27 38 2 25 133 29 107 2 7 185 23 186 2 9 63 28 74 2 22 169 24 167 3 9 119 20 125 25 101 3 2 134 15 180 27 137 2 7 56 26 66
37 3 1 3 9 4 27 4 3 2 112 13 107 16 123 3 3 3 16 3 30 3 3 3 68 10 71 24 67 3 3 93 4 94 6 78 3 5 199 13 188 28 186 3 3 107 4 97 6 106 2 11 152 14 150 3 13 45 27 47 30 52 3 12 10 14 9 27 10 3 21 60 26 53 27 72 2 1 165 6 140 3 1 3 9 3 27 3 3 7 103 10 118 27 112 2 9 89 19 72 3 1 4 9 3 27 4 2 22 126 25 144 2 8 17 13 17 2 13 84 14 95 3 12 9 14 12 27 11 2 7 33 30 32 2 15 189 16 191 2 2 110 16 152 3 13 95 16 117 19 129 3 13 59 27 41 30 55 2 7 136 17 112 2 18 81 22 72 2 25 120 29 146 3 3 78 4 88 6 100 3 4 38 20 35 27 38 2 25 133 29 107 2 7 185 23 186 2 9 63 28 74 2 22 169 24 167 3 9 119 20 125 25 101 3 2 134 15 180 27 137 2 7 56 26 66
35 3 1 4 9 4 27 3 3 2 101 13 117 16 114 3 3 3 16 4 30 3 2 7 44 30 33 3 3 81 4 101 6 82 3 5 210 13 216 28 169 2 1 186 6 157 2 22 120 25 119 3 4 38 20 34 27 32 2 1 145 6 187 3 7 139 10 122 27 117 2 8 13 13 14 2 9 98 19 76 2 13 85 14 81 3 3 57 10 59 24 49 2 11 170 14 179 3 12 10 14 12 27 10 2 2 135 16 128 2 11 160 14 145 2 7 174 23 214 3 13 59 27 43 30 50 3 1 4 9 3 27 3 2 7 104 17 115 2 15 211 16 211 2 18 83 22 81 3 13 48 27 48 30 53 2 7 66 26 48 3 13 135 16 101 19 97 3 21 72 26 65 27 59 2 22 147 24 187 2 9 64 28 83 2 7 183 23 173 2 25 148 29 110 3 9 131 20 123 25 101 3 2 138 15 140 27 179
35 3 1 4 9 4 27 3 3 2 101 13 117 16 114 3 3 3 16 4 30 3 2 7 44 30 33 3 3 81 4 101 6 82 3 5 210 13 216 28 169 2 1 186 6 157 2 22 120 25 119 3 4 38 20 34 27 32 2 1 145 6 187 3 7 139 10 122 27 117 2 8 13 13 14 2 9 98 19 76 2 13 85 14 81 3 3 57 10 59 24 49 2 11 170 14 179 3 12 10 14 12 27 10 2 2 135 16 128 2 11 160 14 145 2 7 174 23 214 3 13 59 27 43 30 50 3 1 4 9 3 27 3 2 7 104 17 115 2 15 211 16 211 2 18 83 22 81 3 13 48 27 48 30 53 2 7 66 26 48 3 13 135 16 101 19 97 3 21 72 26 65 27 59 2 22 147 24 187 2 9 64 28 83 2 7 183 23 173 2 25 148 29 110 3 9 131 20 123 25 101 3 2 138 15 140 27 179
35 3 1 3 9 3 27 3 3 2 136 13 118 16 108 3 3 3 16 4 30 4 2 7 42 30 37 3 3 99 4 83 6 94 3 5 202 13 207 28 167 2 1 148 6 134 2 22 128 25 118 3 4 34 20 43 27 48 2 1 131 6 184 3 7 114 10 144 27 144 2 8 13 13 17 2 9 84 19 79 2 13 75 14 74 3 3 70 10 51 24 57 2 11 163 14 151 3 12 10 14 12 27 12 2 2 133 16 147 2 11 179 14 130 2 7 233 23 189 3 13 46 27 58 30 42 3 1 4 9 3 27 3 2 7 121 17 117 2 15 173 16 184 2 18 91 22 102 3 13 51 27 50 30 41 2 7 68 26 64 3 13 98 16 102 19 123 3 21 66 26 57 27 56 2 22 141 24 138 2 9 68 28 66 2 7 232 23 235 2 25 154 29 109 3 9 113 20 115 25 92 3 2 132 15 182 27 179
38 3 1 4 9 4 27 3 3 2 144 13 110 16 112 3 3 3 16 4 30 4 2 25 114 29 119 3 3 83 4 103 6 89 3 5 159 13 216 28 170 2 25 111 29 120 2 1 146 6 157 3 3 92 4 101 6 79 3 7 110 10 111 27 105 2 8 17 13 15 2 7 35 30 35 2 9 83 19 80 3 3 62 10 69 24 63 2 11 162 14 140 2 2 103 16 104 3 12 12 14 10 27 9 3 3 90 4 73 6 75 3 9 126 20 128 25 115 2 11 155 14 154 3 13 44 27 45 30 57 2 9 91 19 94 2 13 78 14 81 2 18 78 22 78 3 3 3 16 4 30 3 2 9 76 28 71 2 15 178 16 172 2 7 33 30 38 2 7 105 17 130 3 13 99 16 107 19 130 3 2 184 15 140 27 165 3 4 40 20 32 27 44 3 21 74 26 55 27 65 2 22 119 25 107 2 7 227 23 210 2 7 67 26 54 2 13 101 14 79 2 22 185 24 143
37 3 21 73 26 74 27 60 3 7 113 10 99 27 112 2 22 154 24 193 3 2 133 13 108 16 114 2 22 137 24 191 3 1 4 9 4 27 4 3 3 3 16 3 30 3 2 18 86 22 87 2 9 85 19 96 3 3 92 4 87 6 95 3 5 151 13 217 28 211 2 1 169 6 179 3 3 74 4 92 6 99 2 8 13 13 15 2 9 63 28 64 3 13 54 27 48 30 59 3 3 55 10 51 24 65 2 11 152 14 181 3 12 12 14 10 27 11 3 3 62 10 53 24 53 2 13 75 14 72 2 15 217 16 223 3 1 3 9 4 27 3 2 2 136 16 127 3 2 186 15 175 27 147 2 2 118 16 106 2 7 130 17 97 3 13 127 16 123 19 101 3 1 3 9 3 27 4 3 4 42 20 34 27 42 2 22 113 25 143 3 12 11 14 12 27 10 3 9 118 20 116 25 124 2 7 180 23 173 2 7 58 26 58 2 25 146 29 149 2 7 33 30 33
36 2 13 89 14 72 2 15 170 16 177 3 1 3 9 3 27 3 3 2 114 13 116 16 124 3 3 3 16 4 30 3 3 3 105 4 87 6 100 3 5 170 13 177 28 196 2 1 158 6 189 2 15 159 16 181 3 7 131 10 105 27 121 2 8 16 13 15 2 9 73 19 92 3 3 71 10 68 24 50 2 11 165 14 150 3 5 161 13 172 28 199 3 12 10 14 9 27 10 3 13 45 27 55 30 55 2 2 129 16 118 2 9 88 19 70 3 2 144 15 144 27 139 2 9 65 28 68 2 7 117 17 105 2 18 101 22 99 2 9 85 19 96 3 13 108 16 98 19 126 3 4 33 20 45 27 49 2 22 199 24 171 3 21 51 26 61 27 71 2 22 142 25 106 2 7 53 26 67 3 13 97 16 122 19 105 2 7 222 23 215 3 9 129 20 125 25 89 2 9 87 28 85 2 25 124 29 129 2 7 31 30 29
36 2 13 89 14 72 2 15 170 16 177 3 1 3 9 3 27 3 3 2 114 13 116 16 124 3 3 3 16 4 30 3 3 3 105 4 87 6 100 3 5 170 13 177 28 196 2 1 158 6 189 2 15 159 16 181 3 7 131 10 105 27 121 2 8 16 13 15 2 9 73 19 92 3 3 71 10 68 24 50 2 11 165 14 150 3 5 161 13 172 28 199 3 12 10 14 9 27 10 3 13 45 27 55 30 55 2 2 129 16 118 2 9 88 19 70 3 2 144 15 144 27 139 2 9 65 28 68 2 7 117 17 105 2 18 101 22 99 2 9 85 19 96 3 13 108 16 98 19 126 3 4 33 20 45 27 49 2 22 199 24 171 3 21 51 26 61 27 71 2 22 142 25 106 2 7 53 26 67 3 13 97 16 122 19 105 2 7 222 23 215 3 9 129 20 125 25 89 2 9 87 28 85 2 25 124 29 129 2 7 31 30 29
36 2 13 89 14 72 2 15 170 16 177 3 1 3 9 3 27 3 3 2 114 13 116 16 124 3 3 3 16 4 30 3 3 3 105 4 87 6 100 3 5 170 13 177 28 196 2 1 158 6 189 2 15 159 16 181 3 7 131 10 105 27 121 2 8 16 13 15 2 9 73 19 92 3 3 71 10 68 24 50 2 11 165 14 150 3 5 161 13 172 28 199 3 12 10 14 9 27 10 3 13 45 27 55 30 55 2 2 129 16 118 2 9 88 19 70 3 2 144 15 144 27 139 2 9 65 28 68 2 7 117 17 105 2 18 101 22 99 2 9 85 19 96 3 13 108 16 98 19 126 3 4 33 20 45 27 49 2 22 199 24 171 3 21 51 26 61 27 71 2 22 142 25 106 2 7 53 26 67 3 13 97 16 122 19 105 2 7 222 23 215 3 9 129 20 125 25 89 2 9 87 28 85 2 25 124 29 129 2 7 31 30 29
31 2 11 172 14 189 3 1 4 9 4 27 4 3 2 115 13 122 16 145 3 3 4 16 3 30 4 3 7 138 10 120 27 137 3 1 4 9 4 27 4 3 3 95 4 97 6 82 2 2 109 16 101 3 5 170 13 148 28 205 2 7 229 23 198 3 13 60 27 46 30 52 2 1 132 6 166 3 21 71 26 60 27 72 2 8 14 13 16 2 7 55 26 61 3 3 56 10 68 24 66 2 9 95 19 87 3 12 12 14 9 27 11 2 13 69 14 96 2 7 111 17 109 2 15 163 16 192 2 22 140 25 148 2 18 77 22 78 3 9 113 20 101 25 109 3 13 114 16 103 19 121 3 4 43 20 47 27 46 2 22 136 24 150 3 2 146 15 169 27 134 2 9 78 28 61 2 7 42 30 33 2 25 120 29 114
38 2 7 230 23 227 3 1 3 9 3 27 4 3 2 136 13 99 16 104 2 18 96 22 84 2 7 197 23 204 3 3 3 16 4 30 4 2 18 76 22 100 2 7 103 17 96 3 2 106 13 124 16 128 2 13 78 14 68 3 3 96 4 77 6 76 3 3 4 16 4 30 3 3 5 191 13 198 28 159 2 1 190 6 152 2 7 130 17 120 3 9 93 20 118 25 96 3 7 122 10 127 27 121 2 25 135 29 144 2 7 52 26 51 2 25 130 29 140 2 8 12 13 18 2 11 165 14 163 3 21 51 26 75 27 51 2 7 50 26 69 2 9 75 19 83 3 3 63 10 68 24 61 3 12 10 14 13 27 10 3 13 55 27 53 30 41 2 7 34 30 30 2 22 156 24 193 2 15 168 16 161 3 4 34 20 39 27 32 3 7 140 10 144 27 136 2 2 130 16 123 3 13 96 16 126 19 127 2 22 123 25 142 3 2 180 15 168 27 141 2 9 78 28 78
38 3 1 4 9 4 27 4 3 2 145 13 112 16 108 3 3 3 16 4 30 4 2 25 108 29 133 3 3 91 4 95 6 79 3 5 148 13 148 28 190 2 25 107 29 145 2 1 152 6 127 3 3 93 4 94 6 76 3 7 145 10 123 27 121 2 8 16 13 15 2 7 39 30 31 2 9 75 19 85 3 3 51 10 50 24 66 2 11 144 14 135 2 2 142 16 124 3 12 12 14 12 27 13 3 3 94 4 103 6 102 3 9 122 20 114 25 129 2 11 168 14 134 3 13 43 27 43 30 53 2 9 97 19 78 2 13 101 14 68 2 18 81 22 85 3 3 3 16 4 30 3 2 9 80 28 68 2 15 162 16 184 2 7 39 30 39 2 7 96 17 98 3 13 137 16 119 19 120 3 2 144 15 155 27 180 3 4 48 20 39 27 48 3 21 51 26 66 27 74 2 22 113 25 104 2 7 226 23 219 2 7 58 26 60 2 13 77 14 98 2 22 161 24 176
38 3 1 4 9 4 27 4 3 2 145 13 112 16 108 3 3 3 16 4 30 4 2 25 108 29 133 3 3 91 4 95 6 79 3 5 148 13 148 28 190 2 25 107 29 145 2 1 152 6 127 3 3 93 4 94 6 76 3 7 145 10 123 27 121 2 8 16 13 15 2 7 39 30 31 2 9 75 19 85 3 3 51 10 50 24 66 2 11 144 14 135 2 2 142 16 124 3 12 12 14 12 27 13 3 3 94 4 103 6 102 3 9 122 20 114 25 129 2 11 168 14 134 3 13 43 27 43 30 53 2 9 97 19 78 2 13 101 14 68 2 18 81 22 85 3 3 3 16 4 30 3 2 9 80 28 68 2 15 162 16 184 2 7 39 30 39 2 7 96 17 98 3 13 137 16 119 19 120 3 2 144 15 155 27 180 3 4 48 20 39 27 48 3 21 51 26 66 27 74 2 22 113 25 104 2 7 226 23 219 2 7 58 26 60 2 13 77 14 98 2 22 161 24 176
38 3 1 4 9 4 27 4 3 2 145 13 112 16 108 3 3 3 16 4 30 4 2 25 108 29 133 3 3 91 4 95 6 79 3 5 148 13 148 28 190 2 25 107 29 145 2 1 152 6 127 3 3 93 4 94 6 76 3 7 145 10 123 27 121 2 8 16 13 15 2 7 39 30 31 2 9 75 19 85 3 3 51 10 50 24 66 2 11 144 14 135 2 2 142 16 124 3 12 12 14 12 27 13 3 3 94 4 103 6 102 3 9 122 20 114 25 129 2 11 168 14 134 3 13 43 27 43 30 53 2 9 97 19 78 2 13 101 14 68 2 18 81 22 85 3 3 3 16 4 30 3 2 9 80 28 68 2 15 162 16 184 2 7 39 30 39 2 7 96 17 98 3 13 137 16 119 19 120 3 2 144 15 155 27 180 3 4 48 20 39 27 48 3 21 51 26 66 27 74 2 22 113 25 104 2 7 226 23 219 2 7 58 26 60 2 13 77 14 98 2 22 161 24 176
38 3 1 3 9 3 27 3 3 2 115 13 115 16 106 3 3 4 16 3 30 3 2 25 140 29 130 3 3 86 4 98 6 105 3 5 206 13 159 28 172 2 25 114 29 113 2 1 145 6 156 3 3 102 4 101 6 105 3 7 123 10 100 27 123 2 8 14 13 14 2 7 31 30 44 2 9 76 19 76 3 3 63 10 68 24 56 2 11 151 14 164 2 2 105 16 137 3 12 10 14 10 27 10 3 3 85 4 91 6 103 3 9 114 20 104 25 130 2 11 148 14 166 3 13 54 27 55 30 41 2 9 98 19 97 2 13 90 14 85 2 18 104 22 104 3 3 4 16 4 30 3 2 9 87 28 78 2 15 213 16 157 2 7 30 30 40 2 7 104 17 111 3 13 105 16 113 19 112 3 2 152 15 128 27 184 3 4 41 20 41 27 40 3 21 60 26 73 27 63 2 22 146 25 110 2 7 171 23 168 2 7 63 26 59 2 13 91 14 70 2 22 134 24 188
36 3 1 4 9 3 27 3 3 2 97 13 102 16 112 2 13 72 14 69 3 13 54 27 56 30 45 3 3 3 16 3 30 3 2 13 79 14 80 3 3 73 4 94 6 105 3 13 43 27 50 30 47 2 8 19 13 16 3 5 158 13 216 28 196 2 1 139 6 188 3 7 122 10 139 27 109 2 9 76 19 68 2 25 115 29 152 3 12 12 14 13 27 10 3 7 108 10 142 27 141 3 3 53 10 73 24 69 2 11 129 14 178 2 15 217 16 225 2 22 165 24 174 2 7 69 26 66 2 7 104 17 93 3 2 147 15 129 27 141 2 2 130 16 116 2 18 85 22 92 3 13 129 16 101 19 119 2 7 219 23 204 2 15 167 16 204 3 4 46 20 36 27 37 3 21 57 26 53 27 62 3 12 11 14 12 27 11 2 22 109 25 120 3 9 123 20 91 25 94 2 9 70 28 60 3 12 11 14 12 27 10 2 7 39 30 38
37 3 2 119 13 133 16 109 2 7 228 23 192 2 13 88 14 86 2 7 178 23 209 3 1 3 9 4 27 3 2 9 61 28 80 3 7 127 10 105 27 117 2 15 172 16 219 3 3 3 16 4 30 4 2 9 95 19 83 3 3 80 4 106 6 94 3 5 148 13 199 28 148 2 1 147 6 132 2 8 17 13 19 2 9 78 28 79 2 22 174 24 172 3 3 53 10 58 24 57 2 7 170 23 189 2 11 185 14 154 3 12 12 14 8 27 11 3 13 60 27 48 30 60 3 21 62 26 67 27 68 2 2 112 16 120 2 7 95 17 94 2 7 51 26 55 2 18 100 22 88 3 5 177 13 215 28 185 2 7 37 30 33 3 13 117 16 117 19 96 3 4 38 20 42 27 39 2 22 190 24 168 2 22 129 25 145 3 9 96 20 91 25 91 2 15 159 16 213 3 2 136 15 177 27 184 2 22 117 25 112 2 25 137 29 146
34 2 7 107 17 131 3 1 4 9 3 27 3 3 12 12 14 12 27 10 2 25 140 29 140 2 18 77 22 89 3 2 145 13 119 16 99 3 3 4 16 4 30 3 3 3 90 4 99 6 103 3 5 170 13 212 28 176 2 1 180 6 166 3 3 3 16 3 30 3 3 7 101 10 130 27 128 2 8 13 13 17 2 7 202 23 164 2 9 68 19 89 2 13 72 14 80 3 3 52 10 61 24 62 2 11 142 14 170 2 25 123 29 144 3 13 51 27 52 30 56 2 15 186 16 165 2 2 145 16 121 2 7 39 30 30 3 5 183 13 204 28 206 3 9 112 20 116 25 115 2 7 55 26 48 2 22 106 25 140 3 13 107 16 134 19 133 3 2 128 15 181 27 142 2 9 63 28 89 3 4 33 20 34 27 42 3 3 3 16 4 30 4 3 21 52 26 70 27 61 2 22 145 24 135
34 2 7 107 17 131 3 1 4 9 3 27 3 3 12 12 14 12 27 10 2 25 140 29 140 2 18 77 22 89 3 2 145 13 119 16 99 3 3 4 16 4 30 3 3 3 90 4 99 6 103 3 5 170 13 212 28 176 2 1 180 6 166 3 3 3 16 3 30 3 3 7 101 10 130 27 128 2 8 13 13 17 2 7 202 23 164 2 9 68 19 89 2 13 72 14 80 3 3 52 10 61 24 62 2 11 142 14 170 2 25 123 29 144 3 13 51 27 52 30 56 2 15 186 16 165 2 2 145 16 121 2 7 39 30 30 3 5 183 13 204 28 206 3 9 112 20 116 25 115 2 7 55 26 48 2 22 106 25 140 3 13 107 16 134 19 133 3 2 128 15 181 27 142 2 9 63 28 89 3 4 33 20 34 27 42 3 3 3 16 4 30 4 3 21 52 26 70 27 61 2 22 145 24 135
37 2 18 84 22 72 3 1 3 9 4 27 3 3 2 121 13 115 16 117 3 1 4 9 4 27 3 3 3 4 16 4 30 3 3 3 81 4 88 6 77 3 5 177 13 221 28 164 2 1 156 6 152 2 22 137 24 200 3 7 123 10 103 27 122 2 8 19 13 18 2 13 68 14 85 2 9 92 19 77 2 7 205 23 183 2 7 97 17 108 3 3 68 10 69 24 72 2 7 129 17 100 2 15 168 16 225 2 9 91 19 75 2 11 146 14 157 3 12 10 14 10 27 11 2 8 15 13 14 3 13 54 27 58 30 43 2 8 13 13 13 2 2 106 16 103 3 13 101 16 109 19 103 3 4 46 20 44 27 45 2 7 34 30 34 3 3 65 10 67 24 52 3 21 53 26 65 27 54 3 2 162 15 179 27 184 3 13 49 27 54 30 49 3 9 112 20 110 25 118 2 22 132 25 137 2 7 70 26 50 2 25 150 29 116 2 9 60 28 68
37 2 18 95 22 99 3 1 3 9 4 27 4 3 2 113 13 102 16 117 3 1 3 9 3 27 4 3 3 4 16 4 30 4 3 3 105 4 79 6 105 3 5 177 13 218 28 212 2 1 177 6 135 2 22 177 24 135 3 7 121 10 143 27 114 2 8 13 13 17 2 13 91 14 97 2 9 83 19 72 2 7 215 23 220 2 7 130 17 123 3 3 64 10 68 24 58 2 7 135 17 104 2 15 169 16 201 2 9 95 19 67 2 11 137 14 129 3 12 11 14 10 27 11 2 8 18 13 15 3 13 52 27 55 30 58 2 8 14 13 18 2 2 147 16 125 3 13 124 16 98 19 125 3 4 48 20 36 27 42 2 7 38 30 37 3 3 52 10 53 24 59 3 21 63 26 67 27 62 3 2 168 15 165 27 132 3 13 53 27 41 30 48 3 9 129 20 131 25 98 2 22 124 25 132 2 7 55 26 62 2 25 144 29 147 2 9 77 28 84
37 3 1 4 9 3 27 3 3 2 106 13 133 16 125 2 22 155 24 144 3 2 139 13 109 16 115 2 1 146 6 155 2 9 67 28 88 2 7 70 26 56 2 9 67 28 61 3 3 4 16 4 30 3 3 3 92 4 97 6 72 3 1 3 9 3 27 3 3 4 34 20 47 27 39 3 1 4 9 4 27 3 3 5 161 13 214 28 221 3 3 52 10 52 24 57 3 7 101 10 105 27 143 2 7 58 26 48 2 15 154 16 175 2 25 109 29 146 2 8 15 13 17 2 15 175 16 152 2 7 33 30 31 2 9 78 19 97 2 7 201 23 163 3 12 11 14 10 27 9 2 22 121 25 146 2 11 162 14 147 2 7 121 17 136 3 13 54 27 59 30 60 2 13 71 14 85 2 2 140 16 113 3 13 124 16 119 19 126 2 18 90 22 99 3 21 59 26 73 27 64 3 9 101 20 93 25 131 2 7 67 26 60 3 2 170 15 185 27 170
31 2 11 179 14 155 3 1 4 9 4 27 3 3 2 106 13 97 16 127 3 3 4 16 3 30 4 3 7 110 10 136 27 103 3 1 4 9 4 27 4 3 3 87 4 78 6 89 2 2 128 16 111 3 5 148 13 167 28 149 2 7 169 23 235 3 13 56 27 55 30 57 2 1 164 6 155 3 21 66 26 74 27 73 2 8 13 13 15 2 7 57 26 60 3 3 61 10 65 24 59 2 9 69 19 98 3 12 11 14 12 27 12 2 13 71 14 98 2 7 111 17 128 2 15 169 16 215 2 22 133 25 135 2 18 87 22 80 3 9 122 20 100 25 105 3 13 98 16 111 19 116 3 4 36 20 35 27 33 2 22 154 24 200 3 2 178 15 137 27 135 2 9 63 28 84 2 7 41 30 42 2 25 128 29 116
38 2 7 179 23 201 3 1 4 9 3 27 4 3 2 100 13 128 16 130 2 18 88 22 88 2 7 222 23 190 3 3 4 16 4 30 3 2 18 103 22 105 2 7 101 17 100 3 2 104 13 123 16 139 2 13 81 14 75 3 3 84 4 83 6 107 3 3 3 16 3 30 3 3 5 192 13 167 28 160 2 1 184 6 137 2 7 94 17 132 3 9 103 20 127 25 125 3 7 144 10 109 27 138 2 25 143 29 151 2 7 65 26 67 2 25 123 29 144 2 8 17 13 15 2 11 146 14 185 3 21 65 26 50 27 63 2 7 63 26 53 2 9 99 19 68 3 3 53 10 62 24 50 3 12 10 14 12 27 13 3 13 57 27 47 30 57 2 7 43 30 30 2 22 157 24 163 2 15 164 16 225 3 4 33 20 35 27 32 3 7 140 10 100 27 126 2 2 116 16 129 3 13 101 16 97 19 116 2 22 125 25 113 3 2 168 15 152 27 176 2 9 79 28 88
32 3 1 4 9 4 27 4 2 11 181 14 184 3 1 4 9 4 27 3 3 2 97 13 111 16 108 2 7 63 26 56 3 3 3 16 3 30 3 3 21 61 26 56 27 60 3 3 88 4 84 6 79 3 5 196 13 190 28 196 2 7 37 30 31 2 1 158 6 175 3 7 123 10 115 27 136 2 8 14 13 13 2 9 96 19 95 3 3 60 10 72 24 65 2 18 100 22 101 3 12 13 14 10 27 12 3 13 56 27 46 30 47 2 13 70 14 91 2 15 205 16 167 3 21 59 26 55 27 67 3 9 89 20 91 25 106 3 13 132 16 97 19 106 2 22 181 24 145 2 2 135 16 149 2 7 229 23 162 3 4 42 20 36 27 33 2 7 117 17 108 2 9 90 28 67 2 22 142 25 112 3 2 169 15 172 27 164 2 25 125 29 143
DUE_DATES: 6029 6029 5592 5592 5577 5114 5114 6107 6027 6027 6229 6157 5871 5871 5871 7125 7125 6479 6479 6479 6479 6479 6751 6751 5685 5685 6078 6078 6082 6100 5943 6313 6313 6313 5037 6562 6137 6137 6137 6180 5820 6985 5587 5587 5582 5785 5873 5027 6555 5264
WEIGHTS: 2 2 2 3 3 1 1 3 2 2 2 3 1 2 1 3 1 3 1 3 2 2 1 3 2 1 3 1 2 3 1 3 1 1 2 1 1 3 3 1 2 3 3 3 2 2 1 3 1 2
