50 30
35 3 9 14 13 15 24 13 3 17 120 24 117 30 87 3 1 208 10 152 12 160 3 2 193 9 211 13 200 3 16 167 18 137 20 179 2 3 35 9 31 3 4 101 14 96 24 111 2 5 35 10 42 3 6 140 15 186 26 177 3 7 156 15 160 24 159 3 8 93 14 110 28 114 3 9 98 21 134 23 118 3 9 14 13 11 24 15 2 10 139 18 120 2 11 8 25 11 3 16 141 18 165 20 159 2 19 188 21 150 3 8 26 12 24 27 27 3 1 195 10 205 12 216 2 14 197 22 230 3 10 156 20 117 28 151 3 4 154 9 184 15 174 3 14 75 17 75 28 68 3 1 218 10 217 12 164 3 11 191 18 169 24 189 3 8 20 12 25 27 19 3 18 5 25 4 28 5 2 8 80 21 100 3 4 184 11 214 22 215 2 23 70 26 59 2 1 70 25 53 3 20 137 24 159 26 132 2 27 46 30 44 3 23 25 27 22 28 21 2 24 64 29 85
35 3 9 14 13 15 24 13 3 17 120 24 117 30 87 3 1 208 10 152 12 160 3 2 193 9 211 13 200 3 16 167 18 137 20 179 2 3 35 9 31 3 4 101 14 96 24 111 2 5 35 10 42 3 6 140 15 186 26 177 3 7 156 15 160 24 159 3 8 93 14 110 28 114 3 9 98 21 134 23 118 3 9 14 13 11 24 15 2 10 139 18 120 2 11 8 25 11 3 16 141 18 165 20 159 2 19 188 21 150 3 8 26 12 24 27 27 3 1 195 10 205 12 216 2 14 197 22 230 3 10 156 20 117 28 151 3 4 154 9 184 15 174 3 14 75 17 75 28 68 3 1 218 10 217 12 164 3 11 191 18 169 24 189 3 8 20 12 25 27 19 3 18 5 25 4 28 5 2 8 80 21 100 3 4 184 11 214 22 215 2 23 70 26 59 2 1 70 25 53 3 20 137 24 159 26 132 2 27 46 30 44 3 23 25 27 22 28 21 2 24 64 29 85
33 3 1 153 10 203 12 205 3 2 157 9 192 13 220 2 3 30 9 28 3 4 82 14 107 24 108 2 5 37 10 36 3 6 141 15 181 26 150 2 27 59 30 54 3 7 152 15 123 24 119 3 8 90 14 90 28 108 2 11 8 25 8 2 10 101 18 127 3 9 135 21 96 23 128 3 8 25 12 24 27 20 3 9 16 13 13 24 16 2 14 165 22 166 3 8 118 14 85 28 113 3 11 173 18 142 24 207 3 4 164 9 196 15 198 3 16 150 18 150 20 129 3 14 78 17 55 28 55 3 18 4 25 4 28 5 3 10 133 20 148 28 128 2 19 174 21 186 2 8 83 21 92 2 27 60 30 52 2 1 74 25 78 3 4 219 11 211 22 164 2 23 72 26 58 3 20 164 24 148 26 145 2 5 32 10 42 3 23 26 27 21 28 25 2 24 88 29 77 3 17 88 24 122 30 105
33 3 1 153 10 203 12 205 3 2 157 9 192 13 220 2 3 30 9 28 3 4 82 14 107 24 108 2 5 37 10 36 3 6 141 15 181 26 150 2 27 59 30 54 3 7 152 15 123 24 119 3 8 90 14 90 28 108 2 11 8 25 8 2 10 101 18 127 3 9 135 21 96 23 128 3 8 25 12 24 27 20 3 9 16 13 13 24 16 2 14 165 22 166 3 8 118 14 85 28 113 3 11 173 18 142 24 207 3 4 164 9 196 15 198 3 16 150 18 150 20 129 3 14 78 17 55 28 55 3 18 4 25 4 28 5 3 10 133 20 148 28 128 2 19 174 21 186 2 8 83 21 92 2 27 60 30 52 2 1 74 25 78 3 4 219 11 211 22 164 2 23 72 26 58 3 20 164 24 148 26 145 2 5 32 10 42 3 23 26 27 21 28 25 2 24 88 29 77 3 17 88 24 122 30 105
33 3 1 153 10 203 12 205 3 2 157 9 192 13 220 2 3 30 9 28 3 4 82 14 107 24 108 2 5 37 10 36 3 6 141 15 181 26 150 2 27 59 30 54 3 7 152 15 123 24 119 3 8 90 14 90 28 108 2 11 8 25 8 2 10 101 18 127 3 9 135 21 96 23 128 3 8 25 12 24 27 20 3 9 16 13 13 24 16 2 14 165 22 166 3 8 118 14 85 28 113 3 11 173 18 142 24 207 3 4 164 9 196 15 198 3 16 150 18 150 20 129 3 14 78 17 55 28 55 3 18 4 25 4 28 5 3 10 133 20 148 28 128 2 19 174 21 186 2 8 83 21 92 2 27 60 30 52 2 1 74 25 78 3 4 219 11 211 22 164 2 23 72 26 58 3 20 164 24 148 26 145 2 5 32 10 42 3 23 26 27 21 28 25 2 24 88 29 77 3 17 88 24 122 30 105
35 3 1 160 10 182 12 220 2 27 44 30 53 2 23 60 26 61 3 2 193 9 179 13 193 3 7 127 15 155 24 178 2 23 61 26 77 2 8 101 21 76 2 3 25 9 34 3 4 99 14 93 24 106 2 5 30 10 31 3 6 185 15 181 26 171 3 8 82 14 102 28 88 2 1 65 25 73 3 11 156 18 179 24 194 3 9 122 21 136 23 133 3 8 120 14 114 28 107 2 24 71 29 65 2 8 81 21 103 3 9 16 13 12 24 14 2 23 80 26 75 2 10 120 18 139 2 11 8 25 9 3 14 57 17 57 28 66 3 8 19 12 21 27 21 2 14 184 22 213 3 20 156 24 190 26 140 2 10 128 18 121 3 18 5 25 4 28 5 3 10 115 20 111 28 158 3 4 190 9 171 15 204 3 16 145 18 178 20 125 2 19 184 21 197 3 17 123 24 93 30 123 3 4 174 11 204 22 163 3 23 18 27 19 28 23
39 2 14 170 22 201 3 1 197 10 188 12 223 2 24 92 29 83 3 2 179 9 152 13 200 2 3 25 9 28 3 4 100 14 108 24 104 2 1 59 25 64 2 5 41 10 35 2 3 26 9 33 3 18 4 25 4 28 4 2 24 82 29 63 2 8 82 21 89 3 4 108 14 109 24 97 3 6 169 15 182 26 180 3 7 146 15 156 24 148 2 8 76 21 108 3 14 79 17 62 28 74 3 4 231 11 220 22 209 3 8 119 14 109 28 104 3 9 14 13 13 24 15 3 18 4 25 5 28 4 3 4 146 9 162 15 159 3 9 112 21 131 23 138 3 4 103 14 92 24 100 2 10 99 18 114 2 11 9 25 10 2 14 201 22 156 2 19 173 21 154 3 11 155 18 155 24 140 2 8 79 21 80 3 8 20 12 22 27 20 3 16 156 18 157 20 142 3 10 153 20 136 28 109 2 23 57 26 71 3 23 19 27 20 28 24 3 20 178 24 133 26 158 2 11 11 25 8 2 27 62 30 59 3 17 103 24 92 30 92
39 2 14 170 22 201 3 1 197 10 188 12 223 2 24 92 29 83 3 2 179 9 152 13 200 2 3 25 9 28 3 4 100 14 108 24 104 2 1 59 25 64 2 5 41 10 35 2 3 26 9 33 3 18 4 25 4 28 4 2 24 82 29 63 2 8 82 21 89 3 4 108 14 109 24 97 3 6 169 15 182 26 180 3 7 146 15 156 24 148 2 8 76 21 108 3 14 79 17 62 28 74 3 4 231 11 220 22 209 3 8 119 14 109 28 104 3 9 14 13 13 24 15 3 18 4 25 5 28 4 3 4 146 9 162 15 159 3 9 112 21 131 23 138 3 4 103 14 92 24 100 2 10 99 18 114 2 11 9 25 10 2 14 201 22 156 2 19 173 21 154 3 11 155 18 155 24 140 2 8 79 21 80 3 8 20 12 22 27 20 3 16 156 18 157 20 142 3 10 153 20 136 28 109 2 23 57 26 71 3 23 19 27 20 28 24 3 20 178 24 133 26 158 2 11 11 25 8 2 27 62 30 59 3 17 103 24 92 30 92
39 2 14 170 22 201 3 1 197 10 188 12 223 2 24 92 29 83 3 2 179 9 152 13 200 2 3 25 9 28 3 4 100 14 108 24 104 2 1 59 25 64 2 5 41 10 35 2 3 26 9 33 3 18 4 25 4 28 4 2 24 82 29 63 2 8 82 21 89 3 4 108 14 109 24 97 3 6 169 15 182 26 180 3 7 146 15 156 24 148 2 8 76 21 108 3 14 79 17 62 28 74 3 4 231 11 220 22 209 3 8 119 14 109 28 104 3 9 14 13 13 24 15 3 18 4 25 5 28 4 3 4 146 9 162 15 159 3 9 112 21 131 23 138 3 4 103 14 92 24 100 2 10 99 18 114 2 11 9 25 10 2 14 201 22 156 2 19 173 21 154 3 11 155 18 155 24 140 2 8 79 21 80 3 8 20 12 22 27 20 3 16 156 18 157 20 142 3 10 153 20 136 28 109 2 23 57 26 71 3 23 19 27 20 28 24 3 20 178 24 133 26 158 2 11 11 25 8 2 27 62 30 59 3 17 103 24 92 30 92
36 3 1 201 10 158 12 164 3 2 168 9 205 13 203 2 3 32 9 32 3 1 202 10 191 12 212 3 4 113 14 105 24 105 2 5 35 10 32 3 2 168 9 179 13 173 3 6 174 15 156 26 191 3 7 127 15 123 24 159 3 8 91 14 113 28 120 3 9 126 21 102 23 114 2 5 39 10 32 2 10 107 18 134 2 11 10 25 10 2 27 47 30 59 3 16 179 18 172 20 176 3 8 24 12 25 27 20 3 9 13 13 13 24 15 2 14 193 22 206 3 6 186 15 170 26 155 3 4 201 9 179 15 157 2 23 81 26 75 3 23 24 27 21 28 22 3 14 67 17 55 28 79 3 18 5 25 5 28 5 2 19 200 21 149 2 8 105 21 78 3 10 144 20 109 28 123 3 4 175 11 209 22 164 3 8 99 14 86 28 105 3 11 165 18 147 24 186 3 8 27 12 28 27 25 3 17 106 24 108 30 114 2 1 66 25 75 3 20 157 24 179 26 138 2 24 83 29 85
36 3 1 201 10 158 12 164 3 2 168 9 205 13 203 2 3 32 9 32 3 1 202 10 191 12 212 3 4 113 14 105 24 105 2 5 35 10 32 3 2 168 9 179 13 173 3 6 174 15 156 26 191 3 7 127 15 123 24 159 3 8 91 14 113 28 120 3 9 126 21 102 23 114 2 5 39 10 32 2 10 107 18 134 2 11 10 25 10 2 27 47 30 59 3 16 179 18 172 20 176 3 8 24 12 25 27 20 3 9 13 13 13 24 15 2 14 193 22 206 3 6 186 15 170 26 155 3 4 201 9 179 15 157 2 23 81 26 75 3 23 24 27 21 28 22 3 14 67 17 55 28 79 3 18 5 25 5 28 5 2 19 200 21 149 2 8 105 21 78 3 10 144 20 109 28 123 3 4 175 11 209 22 164 3 8 99 14 86 28 105 3 11 165 18 147 24 186 3 8 27 12 28 27 25 3 17 106 24 108 30 114 2 1 66 25 75 3 20 157 24 179 26 138 2 24 83 29 85
36 3 9 116 21 118 23 106 3 1 163 10 222 12 200 3 9 121 21 115 23 121 3 2 162 9 192 13 220 2 3 35 9 33 3 4 101 14 112 24 111 3 20 179 24 147 26 137 3 4 81 14 105 24 102 2 27 45 30 54 3 1 174 10 218 12 178 2 5 36 10 31 3 6 164 15 158 26 171 3 7 126 15 135 24 147 3 8 110 14 90 28 81 3 4 203 11 188 22 227 3 11 182 18 194 24 144 3 17 105 24 113 30 101 3 23 23 27 19 28 24 2 5 37 10 39 2 24 82 29 73 3 9 13 13 13 24 12 3 4 156 9 157 15 150 2 10 115 18 119 2 11 11 25 9 3 7 131 15 145 24 155 2 19 157 21 148 3 8 24 12 27 27 22 3 23 25 27 21 28 20 2 14 194 22 213 3 16 163 18 171 20 148 3 14 67 17 64 28 68 2 8 93 21 78 3 18 4 25 4 28 5 3 10 155 20 128 28 116 2 23 74 26 84 2 1 69 25 54
35 3 1 150 10 177 12 174 2 27 45 30 63 2 23 80 26 72 3 2 174 9 213 13 183 3 7 170 15 156 24 146 2 23 70 26 77 2 8 103 21 107 2 3 31 9 31 3 4 104 14 105 24 97 2 5 29 10 41 3 6 202 15 157 26 184 3 8 116 14 104 28 88 2 1 66 25 56 3 11 185 18 174 24 194 3 9 136 21 122 23 112 3 8 114 14 86 28 96 2 24 89 29 71 2 8 103 21 91 3 9 14 13 12 24 16 2 23 83 26 75 2 10 94 18 111 2 11 11 25 10 3 14 76 17 77 28 64 3 8 23 12 28 27 28 2 14 166 22 160 3 20 177 24 143 26 171 2 10 96 18 108 3 18 4 25 4 28 4 3 10 117 20 142 28 138 3 4 197 9 153 15 172 3 16 140 18 141 20 179 2 19 185 21 137 3 17 88 24 121 30 103 3 4 203 11 209 22 209 3 23 24 27 18 28 18
32 3 1 212 10 203 12 172 3 2 180 9 207 13 151 2 3 29 9 33 3 4 99 14 100 24 80 3 8 23 12 20 27 20 2 5 35 10 32 3 6 161 15 196 26 163 2 19 158 21 193 3 16 140 18 146 20 138 3 7 153 15 174 24 122 3 8 122 14 122 28 114 3 9 131 21 96 23 101 3 20 129 24 131 26 183 2 10 102 18 127 2 11 10 25 10 3 9 14 13 12 24 11 3 4 175 9 185 15 190 3 8 108 14 99 28 106 2 14 212 22 167 3 4 160 11 166 22 205 3 14 80 17 66 28 77 3 18 4 25 5 28 4 3 4 107 14 114 24 80 2 1 73 25 73 2 23 64 26 84 3 10 116 20 128 28 139 3 23 23 27 25 28 19 2 8 97 21 110 3 11 194 18 147 24 197 2 27 53 30 57 2 24 73 29 89 3 17 116 24 91 30 87
35 3 1 162 10 218 12 158 3 2 215 9 207 13 199 2 3 34 9 33 3 4 99 14 85 24 90 2 10 130 18 99 2 5 40 10 36 3 2 212 9 182 13 179 3 6 183 15 164 26 179 3 7 151 15 147 24 140 3 8 89 14 121 28 94 3 9 106 21 125 23 119 3 7 177 15 157 24 124 3 16 130 18 181 20 136 2 11 9 25 8 3 8 21 12 24 27 28 3 9 12 13 14 24 16 2 14 230 22 167 3 4 148 9 180 15 172 3 11 204 18 142 24 171 2 14 227 22 167 2 1 72 25 54 3 10 121 20 118 28 128 3 14 73 17 80 28 75 3 18 5 25 4 28 4 2 19 138 21 196 3 8 114 14 100 28 105 2 8 87 21 113 2 23 59 26 59 3 4 168 11 159 22 213 3 6 196 15 152 26 170 3 20 165 24 140 26 150 2 27 57 30 57 3 23 23 27 26 28 22 2 24 84 29 89 3 17 89 24 123 30 124
35 3 1 162 10 218 12 158 3 2 215 9 207 13 199 2 3 34 9 33 3 4 99 14 85 24 90 2 10 130 18 99 2 5 40 10 36 3 2 212 9 182 13 179 3 6 183 15 164 26 179 3 7 151 15 147 24 140 3 8 89 14 121 28 94 3 9 106 21 125 23 119 3 7 177 15 157 24 124 3 16 130 18 181 20 136 2 11 9 25 8 3 8 21 12 24 27 28 3 9 12 13 14 24 16 2 14 230 22 167 3 4 148 9 180 15 172 3 11 204 18 142 24 171 2 14 227 22 167 2 1 72 25 54 3 10 121 20 118 28 128 3 14 73 17 80 28 75 3 18 5 25 4 28 4 2 19 138 21 196 3 8 114 14 100 28 105 2 8 87 21 113 2 23 59 26 59 3 4 168 11 159 22 213 3 6 196 15 152 26 170 3 20 165 24 140 26 150 2 27 57 30 57 3 23 23 27 26 28 22 2 24 84 29 89 3 17 89 24 123 30 124
35 3 1 162 10 218 12 158 3 2 215 9 207 13 199 2 3 34 9 33 3 4 99 14 85 24 90 2 10 130 18 99 2 5 40 10 36 3 2 212 9 182 13 179 3 6 183 15 164 26 179 3 7 151 15 147 24 140 3 8 89 14 121 28 94 3 9 106 21 125 23 119 3 7 177 15 157 24 124 3 16 130 18 181 20 136 2 11 9 25 8 3 8 21 12 24 27 28 3 9 12 13 14 24 16 2 14 230 22 167 3 4 148 9 180 15 172 3 11 204 18 142 24 171 2 14 227 22 167 2 1 72 25 54 3 10 121 20 118 28 128 3 14 73 17 80 28 75 3 18 5 25 4 28 4 2 19 138 21 196 3 8 114 14 100 28 105 2 8 87 21 113 2 23 59 26 59 3 4 168 11 159 22 213 3 6 196 15 152 26 170 3 20 165 24 140 26 150 2 27 57 30 57 3 23 23 27 26 28 22 2 24 84 29 89 3 17 89 24 123 30 124
33 3 6 201 15 200 26 160 3 23 25 27 21 28 18 3 1 186 10 191 12 223 3 2 182 9 224 13 220 2 10 122 18 132 2 3 34 9 28 2 1 61 25 75 2 11 10 25 9 3 4 78 14 96 24 89 2 3 35 9 30 3 4 157 9 152 15 203 2 5 34 10 35 3 7 144 15 149 24 151 2 11 9 25 11 3 8 107 14 96 28 115 3 9 124 21 128 23 111 3 8 22 12 20 27 24 3 9 11 13 14 24 15 3 14 80 17 79 28 80 3 16 160 18 165 20 172 2 14 203 22 207 3 11 148 18 205 24 156 3 18 4 25 5 28 5 2 27 49 30 56 2 19 155 21 183 3 10 147 20 117 28 154 2 8 104 21 81 3 4 227 11 197 22 233 2 1 77 25 57 3 17 120 24 90 30 91 2 23 73 26 69 3 20 144 24 138 26 176 2 24 68 29 75
33 3 6 201 15 200 26 160 3 23 25 27 21 28 18 3 1 186 10 191 12 223 3 2 182 9 224 13 220 2 10 122 18 132 2 3 34 9 28 2 1 61 25 75 2 11 10 25 9 3 4 78 14 96 24 89 2 3 35 9 30 3 4 157 9 152 15 203 2 5 34 10 35 3 7 144 15 149 24 151 2 11 9 25 11 3 8 107 14 96 28 115 3 9 124 21 128 23 111 3 8 22 12 20 27 24 3 9 11 13 14 24 15 3 14 80 17 79 28 80 3 16 160 18 165 20 172 2 14 203 22 207 3 11 148 18 205 24 156 3 18 4 25 5 28 5 2 27 49 30 56 2 19 155 21 183 3 10 147 20 117 28 154 2 8 104 21 81 3 4 227 11 197 22 233 2 1 77 25 57 3 17 120 24 90 30 91 2 23 73 26 69 3 20 144 24 138 26 176 2 24 68 29 75
33 3 6 201 15 200 26 160 3 23 25 27 21 28 18 3 1 186 10 191 12 223 3 2 182 9 224 13 220 2 10 122 18 132 2 3 34 9 28 2 1 61 25 75 2 11 10 25 9 3 4 78 14 96 24 89 2 3 35 9 30 3 4 157 9 152 15 203 2 5 34 10 35 3 7 144 15 149 24 151 2 11 9 25 11 3 8 107 14 96 28 115 3 9 124 21 128 23 111 3 8 22 12 20 27 24 3 9 11 13 14 24 15 3 14 80 17 79 28 80 3 16 160 18 165 20 172 2 14 203 22 207 3 11 148 18 205 24 156 3 18 4 25 5 28 5 2 27 49 30 56 2 19 155 21 183 3 10 147 20 117 28 154 2 8 104 21 81 3 4 227 11 197 22 233 2 1 77 25 57 3 17 120 24 90 30 91 2 23 73 26 69 3 20 144 24 138 26 176 2 24 68 29 75
36 3 9 95 21 94 23 122 3 1 181 10 200 12 178 3 9 118 21 134 23 134 3 2 217 9 159 13 197 2 3 31 9 28 3 4 79 14 91 24 101 3 20 189 24 185 26 190 3 4 113 14 112 24 93 2 27 55 30 50 3 1 202 10 182 12 192 2 5 41 10 38 3 6 169 15 169 26 145 3 7 128 15 155 24 137 3 8 121 14 98 28 85 3 4 221 11 164 22 227 3 11 174 18 169 24 142 3 17 119 24 113 30 100 3 23 19 27 20 28 25 2 5 37 10 41 2 24 90 29 91 3 9 13 13 15 24 14 3 4 170 9 162 15 182 2 10 118 18 118 2 11 8 25 11 3 7 126 15 147 24 128 2 19 181 21 189 3 8 19 12 25 27 22 3 23 24 27 19 28 20 2 14 180 22 215 3 16 129 18 178 20 161 3 14 75 17 59 28 70 2 8 108 21 114 3 18 5 25 5 28 5 3 10 154 20 121 28 127 2 23 73 26 71 2 1 74 25 63
33 3 1 166 10 204 12 200 3 2 155 9 165 13 181 2 3 33 9 27 3 8 20 12 22 27 19 3 4 92 14 107 24 79 2 24 93 29 91 3 18 4 25 4 28 5 3 4 114 14 96 24 80 2 5 42 10 29 3 6 182 15 180 26 193 3 7 135 15 156 24 161 3 8 115 14 103 28 89 3 9 122 21 128 23 126 3 20 189 24 187 26 175 2 10 112 18 122 3 10 107 20 132 28 112 3 16 139 18 147 20 128 2 11 9 25 11 2 14 176 22 167 3 9 15 13 14 24 14 3 17 99 24 95 30 85 3 4 203 9 202 15 187 2 23 72 26 67 3 1 180 10 154 12 178 2 27 47 30 45 3 23 23 27 20 28 19 2 1 53 25 61 3 23 24 27 22 28 25 2 8 90 21 77 3 14 61 17 68 28 77 2 19 158 21 203 3 4 169 11 201 22 212 3 11 169 18 150 24 142
35 3 1 182 10 182 12 197 2 27 51 30 56 2 23 79 26 57 3 2 206 9 163 13 171 3 7 160 15 166 24 121 2 23 57 26 73 2 8 94 21 103 2 3 36 9 29 3 4 114 14 104 24 103 2 5 30 10 38 3 6 154 15 174 26 165 3 8 107 14 121 28 91 2 1 70 25 72 3 11 188 18 167 24 199 3 9 97 21 135 23 95 3 8 111 14 92 28 117 2 24 72 29 77 2 8 93 21 77 3 9 16 13 15 24 11 2 23 80 26 77 2 10 126 18 102 2 11 10 25 8 3 14 81 17 72 28 76 3 8 25 12 21 27 28 2 14 222 22 174 3 20 165 24 158 26 151 2 10 122 18 116 3 18 4 25 4 28 5 3 10 126 20 116 28 148 3 4 174 9 137 15 182 3 16 129 18 148 20 180 2 19 195 21 137 3 17 99 24 94 30 110 3 4 232 11 196 22 235 3 23 20 27 20 28 23
33 3 1 212 10 182 12 219 3 2 171 9 183 13 199 2 3 36 9 25 3 8 19 12 24 27 22 3 4 113 14 108 24 105 2 24 75 29 80 3 18 5 25 4 28 4 3 4 109 14 101 24 104 2 5 30 10 37 3 6 199 15 164 26 203 3 7 140 15 141 24 167 3 8 94 14 105 28 114 3 9 111 21 126 23 96 3 20 132 24 147 26 148 2 10 125 18 133 3 10 128 20 138 28 119 3 16 126 18 122 20 126 2 11 9 25 8 2 14 212 22 168 3 9 16 13 13 24 12 3 17 99 24 118 30 93 3 4 155 9 176 15 182 2 23 80 26 67 3 1 203 10 217 12 213 2 27 62 30 47 3 23 26 27 20 28 18 2 1 54 25 53 3 23 20 27 17 28 24 2 8 104 21 94 3 14 59 17 70 28 79 2 19 193 21 163 3 4 232 11 172 22 212 3 11 186 18 155 24 181
33 3 1 212 10 182 12 219 3 2 171 9 183 13 199 2 3 36 9 25 3 8 19 12 24 27 22 3 4 113 14 108 24 105 2 24 75 29 80 3 18 5 25 4 28 4 3 4 109 14 101 24 104 2 5 30 10 37 3 6 199 15 164 26 203 3 7 140 15 141 24 167 3 8 94 14 105 28 114 3 9 111 21 126 23 96 3 20 132 24 147 26 148 2 10 125 18 133 3 10 128 20 138 28 119 3 16 126 18 122 20 126 2 11 9 25 8 2 14 212 22 168 3 9 16 13 13 24 12 3 17 99 24 118 30 93 3 4 155 9 176 15 182 2 23 80 26 67 3 1 203 10 217 12 213 2 27 62 30 47 3 23 26 27 20 28 18 2 1 54 25 53 3 23 20 27 17 28 24 2 8 104 21 94 3 14 59 17 70 28 79 2 19 193 21 163 3 4 232 11 172 22 212 3 11 186 18 155 24 181
37 2 11 11 25 10 3 1 159 10 211 12 184 3 2 155 9 224 13 199 3 20 177 24 179 26 153 2 3 34 9 28 3 6 191 15 166 26 146 2 24 87 29 75 3 1 205 10 181 12 177 3 4 95 14 99 24 82 2 5 31 10 37 3 7 119 15 166 24 124 3 2 176 9 177 13 193 3 8 95 14 96 28 97 2 5 29 10 40 2 19 164 21 195 3 16 170 18 180 20 137 3 20 177 24 152 26 179 3 10 105 20 151 28 115 3 20 139 24 152 26 184 3 8 28 12 19 27 20 2 10 104 18 97 2 5 39 10 35 3 11 150 18 199 24 184 3 17 102 24 97 30 86 3 9 101 21 117 23 107 3 4 222 11 238 22 194 3 9 15 13 14 24 16 2 14 161 22 189 3 18 5 25 4 28 5 3 23 20 27 20 28 17 3 4 204 9 187 15 189 3 8 108 14 102 28 104 3 14 67 17 66 28 62 2 23 63 26 80 2 8 103 21 80 2 1 67 25 63 2 27 51 30 55
34 3 1 173 10 194 12 194 3 4 158 9 158 15 149 3 2 165 9 166 13 212 3 14 67 17 68 28 76 3 20 166 24 134 26 136 2 3 36 9 34 3 4 95 14 116 24 105 2 5 34 10 41 2 24 90 29 76 3 4 89 14 87 24 109 2 1 78 25 60 3 6 169 15 198 26 146 3 8 82 14 104 28 90 3 7 147 15 167 24 152 3 4 161 11 221 22 168 3 16 141 18 182 20 135 3 6 192 15 201 26 142 2 8 104 21 83 3 9 134 21 128 23 134 2 10 111 18 111 2 11 8 25 10 3 9 135 21 137 23 133 3 8 21 12 26 27 24 3 9 13 13 13 24 13 2 14 211 22 223 3 20 180 24 139 26 180 3 17 98 24 106 30 128 3 18 4 25 4 28 4 2 19 146 21 146 3 10 123 20 126 28 151 2 23 84 26 81 3 11 186 18 184 24 190 2 27 54 30 54 3 23 23 27 20 28 18
36 3 1 158 10 202 12 208 3 2 163 9 153 13 154 2 3 32 9 27 3 1 178 10 219 12 205 3 4 114 14 88 24 100 2 5 31 10 39 3 2 156 9 190 13 186 3 6 143 15 180 26 140 3 7 142 15 171 24 150 3 8 113 14 96 28 102 3 9 136 21 112 23 135 2 5 32 10 34 2 10 134 18 125 2 11 9 25 11 2 27 62 30 57 3 16 156 18 137 20 129 3 8 24 12 25 27 24 3 9 14 13 13 24 13 2 14 204 22 223 3 6 167 15 207 26 158 3 4 175 9 148 15 137 2 23 60 26 71 3 23 23 27 25 28 19 3 14 65 17 68 28 69 3 18 4 25 4 28 5 2 19 153 21 142 2 8 109 21 80 3 10 149 20 150 28 144 3 4 212 11 207 22 168 3 8 82 14 88 28 89 3 11 202 18 153 24 198 3 8 22 12 24 27 22 3 17 91 24 123 30 90 2 1 72 25 66 3 20 161 24 170 26 161 2 24 68 29 79
33 3 4 236 11 167 22 178 3 9 13 13 15 24 16 3 20 166 24 172 26 167 2 1 60 25 53 3 1 214 10 165 12 152 3 2 208 9 181 13 174 2 3 25 9 26 3 16 153 18 135 20 133 3 4 99 14 109 24 92 2 8 112 21 113 2 5 39 10 32 3 6 180 15 143 26 190 3 7 161 15 132 24 158 3 9 133 21 110 23 116 3 8 92 14 86 28 89 3 4 154 9 183 15 171 3 18 4 25 5 28 4 2 10 100 18 135 2 11 8 25 10 3 8 27 12 28 27 26 2 14 185 22 162 3 14 66 17 66 28 79 2 19 171 21 148 2 24 76 29 79 2 5 41 10 42 3 10 128 20 150 28 105 3 7 147 15 150 24 144 2 23 60 26 75 3 23 17 27 20 28 20 3 11 205 18 161 24 178 2 27 57 30 45 2 19 139 21 170 3 17 89 24 91 30 98
33 3 4 236 11 167 22 178 3 9 13 13 15 24 16 3 20 166 24 172 26 167 2 1 60 25 53 3 1 214 10 165 12 152 3 2 208 9 181 13 174 2 3 25 9 26 3 16 153 18 135 20 133 3 4 99 14 109 24 92 2 8 112 21 113 2 5 39 10 32 3 6 180 15 143 26 190 3 7 161 15 132 24 158 3 9 133 21 110 23 116 3 8 92 14 86 28 89 3 4 154 9 183 15 171 3 18 4 25 5 28 4 2 10 100 18 135 2 11 8 25 10 3 8 27 12 28 27 26 2 14 185 22 162 3 14 66 17 66 28 79 2 19 171 21 148 2 24 76 29 79 2 5 41 10 42 3 10 128 20 150 28 105 3 7 147 15 150 24 144 2 23 60 26 75 3 23 17 27 20 28 20 3 11 205 18 161 24 178 2 27 57 30 45 2 19 139 21 170 3 17 89 24 91 30 98
33 3 1 213 10 204 12 180 3 2 163 9 154 13 172 2 3 25 9 30 3 4 98 14 94 24 106 2 5 33 10 32 3 6 198 15 158 26 171 2 27 47 30 44 3 7 126 15 130 24 129 3 8 90 14 111 28 120 2 11 11 25 11 2 10 95 18 121 3 9 138 21 122 23 98 3 8 27 12 26 27 26 3 9 13 13 14 24 12 2 14 176 22 174 3 8 121 14 97 28 114 3 11 147 18 181 24 175 3 4 176 9 184 15 178 3 16 144 18 127 20 124 3 14 81 17 55 28 71 3 18 4 25 4 28 4 3 10 112 20 129 28 122 2 19 175 21 184 2 8 107 21 109 2 27 47 30 51 2 1 75 25 55 3 4 194 11 225 22 236 2 23 70 26 73 3 20 154 24 153 26 149 2 5 37 10 40 3 23 21 27 24 28 20 2 24 88 29 79 3 17 113 24 103 30 88
33 3 1 213 10 204 12 180 3 2 163 9 154 13 172 2 3 25 9 30 3 4 98 14 94 24 106 2 5 33 10 32 3 6 198 15 158 26 171 2 27 47 30 44 3 7 126 15 130 24 129 3 8 90 14 111 28 120 2 11 11 25 11 2 10 95 18 121 3 9 138 21 122 23 98 3 8 27 12 26 27 26 3 9 13 13 14 24 12 2 14 176 22 174 3 8 121 14 97 28 114 3 11 147 18 181 24 175 3 4 176 9 184 15 178 3 16 144 18 127 20 124 3 14 81 17 55 28 71 3 18 4 25 4 28 4 3 10 112 20 129 28 122 2 19 175 21 184 2 8 107 21 109 2 27 47 30 51 2 1 75 25 55 3 4 194 11 225 22 236 2 23 70 26 73 3 20 154 24 153 26 149 2 5 37 10 40 3 23 21 27 24 28 20 2 24 88 29 79 3 17 113 24 103 30 88
33 3 1 213 10 204 12 180 3 2 163 9 154 13 172 2 3 25 9 30 3 4 98 14 94 24 106 2 5 33 10 32 3 6 198 15 158 26 171 2 27 47 30 44 3 7 126 15 130 24 129 3 8 90 14 111 28 120 2 11 11 25 11 2 10 95 18 121 3 9 138 21 122 23 98 3 8 27 12 26 27 26 3 9 13 13 14 24 12 2 14 176 22 174 3 8 121 14 97 28 114 3 11 147 18 181 24 175 3 4 176 9 184 15 178 3 16 144 18 127 20 124 3 14 81 17 55 28 71 3 18 4 25 4 28 4 3 10 112 20 129 28 122 2 19 175 21 184 2 8 107 21 109 2 27 47 30 51 2 1 75 25 55 3 4 194 11 225 22 236 2 23 70 26 73 3 20 154 24 153 26 149 2 5 37 10 40 3 23 21 27 24 28 20 2 24 88 29 79 3 17 113 24 103 30 88
33 3 4 236 11 227 22 216 3 9 15 13 15 24 13 3 20 188 24 147 26 159 2 1 62 25 65 3 1 222 10 192 12 195 3 2 184 9 161 13 218 2 3 30 9 30 3 16 173 18 163 20 150 3 4 88 14 84 24 92 2 8 76 21 85 2 5 34 10 30 3 6 199 15 165 26 179 3 7 164 15 124 24 169 3 9 116 21 124 23 115 3 8 106 14 82 28 116 3 4 184 9 149 15 191 3 18 4 25 4 28 4 2 10 106 18 96 2 11 9 25 10 3 8 19 12 27 27 25 2 14 195 22 189 3 14 73 17 58 28 65 2 19 166 21 192 2 24 76 29 73 2 5 42 10 37 3 10 149 20 130 28 113 3 7 163 15 174 24 142 2 23 67 26 59 3 23 23 27 23 28 19 3 11 198 18 145 24 184 2 27 56 30 53 2 19 165 21 176 3 17 99 24 112 30 108
33 3 4 236 11 227 22 216 3 9 15 13 15 24 13 3 20 188 24 147 26 159 2 1 62 25 65 3 1 222 10 192 12 195 3 2 184 9 161 13 218 2 3 30 9 30 3 16 173 18 163 20 150 3 4 88 14 84 24 92 2 8 76 21 85 2 5 34 10 30 3 6 199 15 165 26 179 3 7 164 15 124 24 169 3 9 116 21 124 23 115 3 8 106 14 82 28 116 3 4 184 9 149 15 191 3 18 4 25 4 28 4 2 10 106 18 96 2 11 9 25 10 3 8 19 12 27 27 25 2 14 195 22 189 3 14 73 17 58 28 65 2 19 166 21 192 2 24 76 29 73 2 5 42 10 37 3 10 149 20 130 28 113 3 7 163 15 174 24 142 2 23 67 26 59 3 23 23 27 23 28 19 3 11 198 18 145 24 184 2 27 56 30 53 2 19 165 21 176 3 17 99 24 112 30 108
33 3 1 157 10 189 12 152 3 2 210 9 222 13 158 2 3 35 9 25 3 4 108 14 87 24 106 2 5 31 10 33 3 6 162 15 153 26 187 2 27 55 30 57 3 7 151 15 127 24 162 3 8 92 14 96 28 115 2 11 10 25 8 2 10 130 18 135 3 9 140 21 127 23 139 3 8 27 12 25 27 27 3 9 15 13 11 24 16 2 14 217 22 188 3 8 99 14 101 28 117 3 11 185 18 195 24 199 3 4 145 9 152 15 179 3 16 126 18 151 20 171 3 14 79 17 56 28 79 3 18 4 25 4 28 5 3 10 135 20 144 28 131 2 19 141 21 159 2 8 83 21 93 2 27 50 30 54 2 1 78 25 61 3 4 173 11 204 22 234 2 23 84 26 67 3 20 135 24 153 26 137 2 5 34 10 33 3 23 21 27 25 28 17 2 24 78 29 80 3 17 94 24 124 30 86
33 3 1 157 10 189 12 152 3 2 210 9 222 13 158 2 3 35 9 25 3 4 108 14 87 24 106 2 5 31 10 33 3 6 162 15 153 26 187 2 27 55 30 57 3 7 151 15 127 24 162 3 8 92 14 96 28 115 2 11 10 25 8 2 10 130 18 135 3 9 140 21 127 23 139 3 8 27 12 25 27 27 3 9 15 13 11 24 16 2 14 217 22 188 3 8 99 14 101 28 117 3 11 185 18 195 24 199 3 4 145 9 152 15 179 3 16 126 18 151 20 171 3 14 79 17 56 28 79 3 18 4 25 4 28 5 3 10 135 20 144 28 131 2 19 141 21 159 2 8 83 21 93 2 27 50 30 54 2 1 78 25 61 3 4 173 11 204 22 234 2 23 84 26 67 3 20 135 24 153 26 137 2 5 34 10 33 3 23 21 27 25 28 17 2 24 78 29 80 3 17 94 24 124 30 86
33 3 4 112 14 111 24 94 3 14 68 17 79 28 66 2 14 201 22 193 3 14 75 17 72 28 72 3 1 161 10 155 12 185 3 2 192 9 153 13 218 2 10 102 18 112 2 3 25 9 34 2 5 40 10 40 3 6 206 15 172 26 186 2 1 78 25 68 3 7 122 15 121 24 142 2 11 11 25 11 3 8 108 14 116 28 84 3 9 140 21 105 23 108 3 8 19 12 19 27 26 2 23 66 26 67 3 9 15 13 13 24 11 2 8 82 21 108 3 4 173 9 201 15 175 3 9 106 21 132 23 101 3 17 98 24 101 30 114 2 19 197 21 184 3 18 4 25 5 28 5 3 16 155 18 159 20 183 3 10 158 20 157 28 122 2 24 69 29 84 3 4 218 11 179 22 210 3 11 143 18 174 24 182 3 20 145 24 172 26 156 3 23 18 27 20 28 24 2 24 90 29 63 2 27 56 30 60
34 3 1 212 10 201 12 188 3 2 154 9 174 13 195 2 3 27 9 35 3 4 108 14 87 24 102 2 5 31 10 31 3 8 115 14 107 28 91 3 1 211 10 203 12 203 2 10 109 18 103 3 6 143 15 179 26 180 3 7 178 15 170 24 148 3 9 134 21 133 23 108 3 4 177 9 193 15 174 2 11 8 25 10 3 8 26 12 24 27 28 3 16 132 18 171 20 130 3 9 16 13 16 24 14 2 10 116 18 105 2 14 224 22 216 3 11 194 18 177 24 158 3 14 65 17 65 28 77 3 18 5 25 5 28 5 3 6 150 15 179 26 159 2 24 84 29 88 2 19 161 21 183 2 27 53 30 47 3 23 18 27 22 28 17 3 10 109 20 145 28 121 3 20 139 24 140 26 140 2 8 111 21 83 3 17 106 24 105 30 102 3 4 218 11 205 22 162 2 14 231 22 224 2 23 81 26 73 2 1 56 25 78
36 3 1 223 10 165 12 152 3 2 158 9 214 13 192 2 3 33 9 35 3 1 202 10 205 12 202 3 4 110 14 98 24 103 2 5 31 10 32 3 2 176 9 166 13 157 3 6 169 15 173 26 162 3 7 138 15 159 24 136 3 8 112 14 108 28 95 3 9 115 21 122 23 97 2 5 31 10 41 2 10 125 18 111 2 11 10 25 9 2 27 51 30 50 3 16 124 18 162 20 142 3 8 25 12 20 27 27 3 9 12 13 11 24 12 2 14 168 22 172 3 6 143 15 160 26 184 3 4 192 9 197 15 186 2 23 59 26 56 3 23 18 27 21 28 19 3 14 82 17 57 28 55 3 18 4 25 5 28 5 2 19 197 21 142 2 8 106 21 84 3 10 114 20 141 28 143 3 4 208 11 173 22 204 3 8 94 14 116 28 100 3 11 162 18 150 24 149 3 8 26 12 28 27 21 3 17 123 24 109 30 97 2 1 78 25 78 3 20 175 24 133 26 158 2 24 81 29 84
33 3 4 233 11 190 22 236 3 9 15 13 16 24 11 3 20 132 24 154 26 168 2 1 78 25 76 3 1 219 10 180 12 172 3 2 166 9 188 13 197 2 3 35 9 31 3 16 173 18 159 20 134 3 4 92 14 113 24 114 2 8 84 21 110 2 5 32 10 37 3 6 203 15 205 26 146 3 7 124 15 177 24 173 3 9 113 21 102 23 121 3 8 90 14 87 28 112 3 4 179 9 189 15 149 3 18 5 25 4 28 4 2 10 107 18 136 2 11 11 25 10 3 8 23 12 27 27 23 2 14 193 22 188 3 14 70 17 73 28 68 2 19 137 21 181 2 24 73 29 88 2 5 34 10 32 3 10 142 20 118 28 107 3 7 157 15 132 24 152 2 23 78 26 76 3 23 21 27 24 28 25 3 11 205 18 195 24 166 2 27 45 30 58 2 19 147 21 191 3 17 93 24 115 30 100
33 3 4 233 11 190 22 236 3 9 15 13 16 24 11 3 20 132 24 154 26 168 2 1 78 25 76 3 1 219 10 180 12 172 3 2 166 9 188 13 197 2 3 35 9 31 3 16 173 18 159 20 134 3 4 92 14 113 24 114 2 8 84 21 110 2 5 32 10 37 3 6 203 15 205 26 146 3 7 124 15 177 24 173 3 9 113 21 102 23 121 3 8 90 14 87 28 112 3 4 179 9 189 15 149 3 18 5 25 4 28 4 2 10 107 18 136 2 11 11 25 10 3 8 23 12 27 27 23 2 14 193 22 188 3 14 70 17 73 28 68 2 19 137 21 181 2 24 73 29 88 2 5 34 10 32 3 10 142 20 118 28 107 3 7 157 15 132 24 152 2 23 78 26 76 3 23 21 27 24 28 25 3 11 205 18 195 24 166 2 27 45 30 58 2 19 147 21 191 3 17 93 24 115 30 100
39 2 14 226 22 186 3 1 214 10 196 12 191 2 24 66 29 77 3 2 158 9 174 13 206 2 3 34 9 31 3 4 79 14 80 24 94 2 1 78 25 53 2 5 40 10 29 2 3 27 9 32 3 18 5 25 4 28 5 2 24 76 29 66 2 8 91 21 101 3 4 85 14 110 24 111 3 6 191 15 148 26 186 3 7 143 15 173 24 123 2 8 81 21 83 3 14 60 17 82 28 67 3 4 222 11 212 22 189 3 8 110 14 110 28 105 3 9 15 13 12 24 11 3 18 4 25 4 28 5 3 4 188 9 185 15 191 3 9 127 21 113 23 128 3 4 90 14 93 24 98 2 10 98 18 131 2 11 10 25 8 2 14 155 22 213 2 19 141 21 139 3 11 157 18 192 24 207 2 8 90 21 96 3 8 21 12 26 27 22 3 16 166 18 165 20 157 3 10 119 20 126 28 156 2 23 71 26 77 3 23 19 27 25 28 23 3 20 166 24 156 26 138 2 11 10 25 8 2 27 52 30 49 3 17 91 24 107 30 114
34 3 1 178 10 187 12 199 3 2 170 9 203 13 186 2 3 29 9 34 3 4 106 14 109 24 79 2 5 29 10 34 3 8 102 14 114 28 96 3 1 206 10 202 12 154 2 10 139 18 111 3 6 156 15 204 26 201 3 7 177 15 157 24 176 3 9 109 21 113 23 111 3 4 145 9 145 15 186 2 11 11 25 10 3 8 22 12 21 27 19 3 16 161 18 171 20 128 3 9 12 13 14 24 12 2 10 126 18 99 2 14 221 22 158 3 11 146 18 161 24 206 3 14 76 17 68 28 79 3 18 5 25 5 28 5 3 6 154 15 189 26 187 2 24 73 29 84 2 19 146 21 161 2 27 62 30 53 3 23 19 27 22 28 18 3 10 125 20 121 28 121 3 20 160 24 190 26 146 2 8 92 21 86 3 17 107 24 113 30 128 3 4 191 11 232 22 189 2 14 191 22 190 2 23 64 26 81 2 1 56 25 72
33 3 4 225 11 204 22 191 3 9 14 13 11 24 16 3 20 174 24 181 26 153 2 1 58 25 68 3 1 170 10 169 12 166 3 2 213 9 158 13 204 2 3 36 9 29 3 16 132 18 131 20 174 3 4 82 14 78 24 81 2 8 92 21 101 2 5 36 10 39 3 6 145 15 199 26 181 3 7 152 15 146 24 121 3 9 106 21 119 23 126 3 8 110 14 82 28 87 3 4 157 9 188 15 151 3 18 5 25 5 28 5 2 10 124 18 133 2 11 8 25 8 3 8 20 12 23 27 22 2 14 224 22 167 3 14 71 17 65 28 65 2 19 160 21 145 2 24 89 29 66 2 5 36 10 37 3 10 115 20 147 28 157 3 7 147 15 165 24 142 2 23 64 26 68 3 23 18 27 22 28 20 3 11 195 18 149 24 185 2 27 44 30 63 2 19 141 21 168 3 17 120 24 96 30 122
33 3 1 209 10 169 12 156 3 2 163 9 196 13 171 2 3 25 9 35 3 4 114 14 99 24 93 2 5 38 10 41 3 6 204 15 176 26 182 2 27 44 30 58 3 7 148 15 121 24 140 3 8 86 14 112 28 87 2 11 9 25 8 2 10 126 18 99 3 9 122 21 137 23 120 3 8 26 12 22 27 27 3 9 15 13 15 24 14 2 14 193 22 162 3 8 91 14 89 28 92 3 11 188 18 154 24 153 3 4 179 9 198 15 199 3 16 159 18 178 20 137 3 14 73 17 79 28 67 3 18 4 25 5 28 4 3 10 149 20 156 28 148 2 19 170 21 148 2 8 100 21 99 2 27 53 30 62 2 1 74 25 77 3 4 225 11 229 22 162 2 23 73 26 57 3 20 165 24 135 26 177 2 5 39 10 32 3 23 18 27 22 28 23 2 24 80 29 76 3 17 112 24 88 30 110
34 3 1 181 10 165 12 176 3 2 203 9 211 13 163 2 3 25 9 35 3 4 96 14 111 24 85 2 5 37 10 37 3 8 106 14 120 28 121 3 1 177 10 184 12 183 2 10 100 18 123 3 6 195 15 207 26 205 3 7 150 15 154 24 140 3 9 117 21 130 23 100 3 4 191 9 205 15 198 2 11 8 25 9 3 8 20 12 28 27 24 3 16 181 18 127 20 127 3 9 14 13 11 24 12 2 10 125 18 133 2 14 159 22 183 3 11 156 18 199 24 161 3 14 74 17 82 28 64 3 18 5 25 4 28 4 3 6 156 15 182 26 160 2 24 90 29 90 2 19 178 21 191 2 27 60 30 63 3 23 19 27 19 28 17 3 10 131 20 136 28 135 3 20 131 24 166 26 144 2 8 111 21 101 3 17 94 24 99 30 113 3 4 189 11 226 22 234 2 14 224 22 215 2 23 74 26 73 2 1 76 25 67
32 3 1 173 10 165 12 207 3 2 165 9 163 13 168 2 3 33 9 26 3 4 111 14 86 24 91 3 8 28 12 20 27 23 2 5 42 10 40 3 6 139 15 145 26 169 2 19 169 21 194 3 16 153 18 136 20 137 3 7 153 15 126 24 130 3 8 113 14 104 28 113 3 9 115 21 134 23 104 3 20 170 24 189 26 150 2 10 124 18 98 2 11 10 25 10 3 9 13 13 16 24 11 3 4 145 9 142 15 162 3 8 91 14 120 28 91 2 14 213 22 207 3 4 196 11 199 22 161 3 14 81 17 77 28 63 3 18 4 25 4 28 4 3 4 108 14 78 24 100 2 1 70 25 58 2 23 58 26 64 3 10 149 20 114 28 149 3 23 17 27 25 28 23 2 8 115 21 78 3 11 152 18 190 24 165 2 27 62 30 53 2 24 88 29 65 3 17 128 24 120 30 95
35 3 8 25 12 24 27 26 3 1 183 10 207 12 204 2 14 220 22 204 3 2 161 9 223 13 224 2 14 224 22 170 2 3 25 9 34 3 8 27 12 26 27 21 3 14 68 17 55 28 77 3 9 130 21 99 23 119 3 4 94 14 111 24 108 2 5 37 10 36 2 14 209 22 168 3 6 200 15 175 26 143 3 7 160 15 154 24 149 2 27 50 30 52 3 8 96 14 113 28 96 2 10 134 18 141 3 4 233 11 227 22 198 2 11 8 25 9 3 9 14 13 14 24 16 3 4 178 9 190 15 177 3 20 183 24 176 26 174 3 16 150 18 171 20 133 3 6 197 15 192 26 172 3 18 5 25 5 28 5 2 19 202 21 170 3 10 127 20 139 28 142 2 8 95 21 110 3 8 22 12 20 27 20 2 23 62 26 74 3 11 139 18 158 24 159 2 1 73 25 73 3 23 19 27 22 28 20 2 24 93 29 91 3 17 117 24 86 30 125
32 3 1 211 10 181 12 151 3 2 202 9 194 13 206 2 3 26 9 26 3 4 102 14 108 24 89 3 8 25 12 28 27 26 2 5 33 10 34 3 6 158 15 147 26 171 2 19 198 21 153 3 16 179 18 166 20 153 3 7 150 15 178 24 146 3 8 85 14 118 28 111 3 9 111 21 117 23 135 3 20 138 24 172 26 142 2 10 118 18 128 2 11 9 25 11 3 9 14 13 13 24 13 3 4 199 9 188 15 139 3 8 90 14 112 28 95 2 14 160 22 194 3 4 224 11 221 22 184 3 14 70 17 79 28 81 3 18 4 25 4 28 5 3 4 92 14 106 24 91 2 1 70 25 74 2 23 82 26 68 3 10 121 20 139 28 143 3 23 24 27 19 28 19 2 8 80 21 101 3 11 157 18 148 24 183 2 27 54 30 64 2 24 76 29 64 3 17 104 24 88 30 109
DUE_DATES: 5777 5777 5021 5021 5021 5539 5776 5776 5776 5906 5906 5673 5485 5099 6019 6019 6019 5105 5105 5105 5813 5172 5515 5312 5312 6096 5677 5823 5218 5218 5021 5021 5021 5398 5398 5093 5093 5259 5912 5774 5414 5414 5847 5834 5263 5098 5980 5011 5965 5125
WEIGHTS: 3 1 2 2 2 3 3 1 3 3 3 3 2 1 3 1 3 2 1 2 2 3 3 2 1 2 2 1 3 2 3 2 2 1 3 3 2 1 2 1 1 1 1 3 3 3 1 1 1 1
