50 30
33 2 1 204 20 145 2 2 57 30 61 3 1 25 25 18 29 25 2 3 12 11 10 3 2 207 4 219 14 191 2 3 14 11 10 3 5 9 18 11 27 8 2 15 22 28 21 2 17 19 23 25 3 5 10 18 10 27 11 3 6 11 11 12 22 12 2 7 157 14 169 3 16 26 20 20 24 25 2 6 35 8 34 3 6 16 8 11 9 12 2 10 196 30 152 2 1 25 11 23 2 12 63 25 57 3 20 227 25 210 27 191 2 13 132 29 110 3 15 46 17 45 25 47 3 8 103 14 87 23 73 3 3 112 16 81 29 118 3 4 124 11 119 17 114 1 18 41 3 3 5 19 4 22 5 3 5 94 20 81 29 105 2 17 187 27 167 2 5 23 21 31 2 24 150 30 172 2 7 85 22 120 2 1 173 20 179 2 14 166 26 234
32 2 1 178 20 202 2 2 66 30 69 2 3 12 11 14 3 2 207 4 197 14 195 3 5 11 18 10 27 10 3 6 9 11 10 22 9 2 1 176 20 145 2 15 16 28 22 2 7 145 14 175 2 6 35 8 28 3 16 21 20 28 24 23 3 6 16 8 15 9 14 2 10 144 30 180 2 1 25 11 22 2 12 52 25 62 2 13 152 29 147 3 8 91 14 88 23 91 3 4 138 11 110 17 120 3 15 37 17 48 25 53 3 3 120 16 103 29 86 3 5 9 18 11 27 10 1 18 51 3 3 4 19 4 22 5 3 5 99 20 95 29 82 2 14 211 26 226 2 5 27 21 25 3 20 172 25 163 27 230 3 1 22 25 21 29 20 2 7 97 22 119 2 17 24 23 20 2 24 124 30 121 2 17 169 27 152
32 2 1 178 20 202 2 2 66 30 69 2 3 12 11 14 3 2 207 4 197 14 195 3 5 11 18 10 27 10 3 6 9 11 10 22 9 2 1 176 20 145 2 15 16 28 22 2 7 145 14 175 2 6 35 8 28 3 16 21 20 28 24 23 3 6 16 8 15 9 14 2 10 144 30 180 2 1 25 11 22 2 12 52 25 62 2 13 152 29 147 3 8 91 14 88 23 91 3 4 138 11 110 17 120 3 15 37 17 48 25 53 3 3 120 16 103 29 86 3 5 9 18 11 27 10 1 18 51 3 3 4 19 4 22 5 3 5 99 20 95 29 82 2 14 211 26 226 2 5 27 21 25 3 20 172 25 163 27 230 3 1 22 25 21 29 20 2 7 97 22 119 2 17 24 23 20 2 24 124 30 121 2 17 169 27 152
32 2 1 178 20 202 2 2 66 30 69 2 3 12 11 14 3 2 207 4 197 14 195 3 5 11 18 10 27 10 3 6 9 11 10 22 9 2 1 176 20 145 2 15 16 28 22 2 7 145 14 175 2 6 35 8 28 3 16 21 20 28 24 23 3 6 16 8 15 9 14 2 10 144 30 180 2 1 25 11 22 2 12 52 25 62 2 13 152 29 147 3 8 91 14 88 23 91 3 4 138 11 110 17 120 3 15 37 17 48 25 53 3 3 120 16 103 29 86 3 5 9 18 11 27 10 1 18 51 3 3 4 19 4 22 5 3 5 99 20 95 29 82 2 14 211 26 226 2 5 27 21 25 3 20 172 25 163 27 230 3 1 22 25 21 29 20 2 7 97 22 119 2 17 24 23 20 2 24 124 30 121 2 17 169 27 152
34 3 15 39 17 41 25 42 2 1 25 11 26 2 1 148 20 202 2 2 56 30 50 2 3 14 11 12 3 2 183 4 212 14 235 3 5 9 18 8 27 8 3 6 12 11 11 22 13 2 7 179 14 131 3 5 10 18 8 27 11 2 6 35 8 31 3 6 13 8 15 9 14 2 10 146 30 182 3 6 9 11 12 22 12 2 7 124 22 106 2 2 66 30 50 2 17 24 23 25 2 12 63 25 64 2 13 126 29 121 3 8 94 14 100 23 95 3 3 92 16 100 29 98 3 4 114 11 96 17 132 2 17 165 27 208 1 18 52 3 3 5 19 5 22 5 2 2 59 30 74 3 5 88 20 105 29 88 2 5 32 21 22 3 16 27 20 26 24 25 3 20 175 25 167 27 197 2 14 207 26 177 2 15 17 28 21 3 1 25 25 24 29 17 2 24 132 30 138
34 3 15 39 17 41 25 42 2 1 25 11 26 2 1 148 20 202 2 2 56 30 50 2 3 14 11 12 3 2 183 4 212 14 235 3 5 9 18 8 27 8 3 6 12 11 11 22 13 2 7 179 14 131 3 5 10 18 8 27 11 2 6 35 8 31 3 6 13 8 15 9 14 2 10 146 30 182 3 6 9 11 12 22 12 2 7 124 22 106 2 2 66 30 50 2 17 24 23 25 2 12 63 25 64 2 13 126 29 121 3 8 94 14 100 23 95 3 3 92 16 100 29 98 3 4 114 11 96 17 132 2 17 165 27 208 1 18 52 3 3 5 19 5 22 5 2 2 59 30 74 3 5 88 20 105 29 88 2 5 32 21 22 3 16 27 20 26 24 25 3 20 175 25 167 27 197 2 14 207 26 177 2 15 17 28 21 3 1 25 25 24 29 17 2 24 132 30 138
39 2 1 205 20 148 2 2 64 30 58 2 1 182 20 202 3 8 75 14 83 23 75 2 3 10 11 11 3 2 179 4 165 14 202 3 5 10 18 10 27 9 3 6 11 11 12 22 9 2 7 176 14 147 2 17 193 27 215 2 6 36 8 29 3 6 15 8 15 9 14 3 5 8 18 9 27 10 2 10 148 30 134 1 18 44 2 2 63 30 54 2 1 22 11 23 2 12 61 25 45 2 13 136 29 140 2 10 135 30 187 3 15 37 17 51 25 51 2 2 52 30 73 3 3 104 16 93 29 103 3 4 112 11 104 17 125 2 15 16 28 22 2 10 147 30 152 2 5 22 21 25 2 7 120 22 108 3 3 5 19 4 22 5 2 17 156 27 165 2 14 216 26 208 3 5 108 20 99 29 81 2 3 10 11 13 2 17 19 23 22 3 20 164 25 176 27 231 3 1 25 25 18 29 19 3 16 21 20 25 24 25 2 1 207 20 149 2 24 148 30 167
34 3 5 10 18 8 27 11 2 1 148 20 164 3 5 9 18 11 27 9 2 10 134 30 190 3 6 10 11 11 22 10 2 2 75 30 66 3 3 98 16 91 29 104 2 17 24 23 20 3 5 87 20 91 29 79 2 3 12 11 9 2 17 174 27 182 3 16 25 20 21 24 23 3 2 210 4 233 14 226 2 7 135 14 187 2 6 37 8 33 3 6 14 8 11 9 16 2 1 29 11 29 2 6 32 8 35 2 12 54 25 67 3 15 53 17 45 25 41 2 3 10 11 12 2 15 22 28 16 3 8 96 14 91 23 89 2 13 125 29 117 2 24 141 30 154 3 4 112 11 124 17 110 1 18 41 3 3 5 19 4 22 4 2 5 30 21 26 3 4 117 11 128 17 117 2 7 121 22 109 3 20 232 25 196 27 160 3 1 20 25 21 29 24 2 14 210 26 178
39 3 5 9 18 11 27 11 2 1 177 20 201 2 2 73 30 61 2 14 234 26 191 2 3 10 11 9 2 7 181 14 131 3 2 176 4 171 14 169 2 1 180 20 164 3 6 10 11 11 22 9 2 17 22 23 23 3 16 23 20 25 24 20 2 6 36 8 37 2 1 28 11 22 3 16 25 20 22 24 25 2 15 17 28 21 3 6 15 8 15 9 16 3 15 52 17 43 25 41 2 1 27 11 22 2 10 178 30 176 2 1 202 20 142 2 12 47 25 58 2 13 126 29 139 2 6 34 8 28 3 8 88 14 95 23 77 2 17 211 27 158 3 3 98 16 95 29 104 2 14 225 26 202 3 4 116 11 134 17 104 1 18 43 3 15 48 17 46 25 45 3 5 99 20 90 29 106 2 7 106 22 127 3 3 4 19 4 22 5 2 5 30 21 26 3 20 201 25 169 27 235 2 3 11 11 13 3 1 21 25 23 29 20 3 5 9 18 10 27 10 2 24 147 30 172
39 3 5 9 18 11 27 11 2 1 177 20 201 2 2 73 30 61 2 14 234 26 191 2 3 10 11 9 2 7 181 14 131 3 2 176 4 171 14 169 2 1 180 20 164 3 6 10 11 11 22 9 2 17 22 23 23 3 16 23 20 25 24 20 2 6 36 8 37 2 1 28 11 22 3 16 25 20 22 24 25 2 15 17 28 21 3 6 15 8 15 9 16 3 15 52 17 43 25 41 2 1 27 11 22 2 10 178 30 176 2 1 202 20 142 2 12 47 25 58 2 13 126 29 139 2 6 34 8 28 3 8 88 14 95 23 77 2 17 211 27 158 3 3 98 16 95 29 104 2 14 225 26 202 3 4 116 11 134 17 104 1 18 43 3 15 48 17 46 25 45 3 5 99 20 90 29 106 2 7 106 22 127 3 3 4 19 4 22 5 2 5 30 21 26 3 20 201 25 169 27 235 2 3 11 11 13 3 1 21 25 23 29 20 3 5 9 18 10 27 10 2 24 147 30 172
37 2 1 163 20 152 2 2 58 30 65 3 3 94 16 117 29 112 2 2 52 30 69 2 3 13 11 11 3 2 198 4 182 14 181 3 5 8 18 11 27 8 2 1 23 11 29 3 1 23 25 22 29 26 2 1 148 20 165 2 17 18 23 25 3 2 228 4 200 14 160 2 15 16 28 15 3 6 11 11 10 22 9 2 5 23 21 30 2 15 19 28 20 2 7 150 14 153 2 6 31 8 29 3 6 16 8 12 9 16 2 24 152 30 175 2 10 138 30 192 2 12 55 25 56 2 10 141 30 187 2 13 134 29 134 3 8 79 14 70 23 94 3 15 52 17 48 25 38 3 4 123 11 110 17 105 1 18 38 3 3 4 19 4 22 4 3 5 88 20 102 29 105 2 7 106 22 126 2 17 217 27 162 3 6 10 11 12 22 9 3 16 19 20 23 24 20 3 20 176 25 230 27 178 3 5 87 20 106 29 74 2 14 235 26 198
37 2 1 163 20 152 2 2 58 30 65 3 3 94 16 117 29 112 2 2 52 30 69 2 3 13 11 11 3 2 198 4 182 14 181 3 5 8 18 11 27 8 2 1 23 11 29 3 1 23 25 22 29 26 2 1 148 20 165 2 17 18 23 25 3 2 228 4 200 14 160 2 15 16 28 15 3 6 11 11 10 22 9 2 5 23 21 30 2 15 19 28 20 2 7 150 14 153 2 6 31 8 29 3 6 16 8 12 9 16 2 24 152 30 175 2 10 138 30 192 2 12 55 25 56 2 10 141 30 187 2 13 134 29 134 3 8 79 14 70 23 94 3 15 52 17 48 25 38 3 4 123 11 110 17 105 1 18 38 3 3 4 19 4 22 4 3 5 88 20 102 29 105 2 7 106 22 126 2 17 217 27 162 3 6 10 11 12 22 9 3 16 19 20 23 24 20 3 20 176 25 230 27 178 3 5 87 20 106 29 74 2 14 235 26 198
37 2 1 163 20 152 2 2 58 30 65 3 3 94 16 117 29 112 2 2 52 30 69 2 3 13 11 11 3 2 198 4 182 14 181 3 5 8 18 11 27 8 2 1 23 11 29 3 1 23 25 22 29 26 2 1 148 20 165 2 17 18 23 25 3 2 228 4 200 14 160 2 15 16 28 15 3 6 11 11 10 22 9 2 5 23 21 30 2 15 19 28 20 2 7 150 14 153 2 6 31 8 29 3 6 16 8 12 9 16 2 24 152 30 175 2 10 138 30 192 2 12 55 25 56 2 10 141 30 187 2 13 134 29 134 3 8 79 14 70 23 94 3 15 52 17 48 25 38 3 4 123 11 110 17 105 1 18 38 3 3 4 19 4 22 4 3 5 88 20 102 29 105 2 7 106 22 126 2 17 217 27 162 3 6 10 11 12 22 9 3 16 19 20 23 24 20 3 20 176 25 230 27 178 3 5 87 20 106 29 74 2 14 235 26 198
37 2 1 163 20 152 2 2 58 30 65 3 3 94 16 117 29 112 2 2 52 30 69 2 3 13 11 11 3 2 198 4 182 14 181 3 5 8 18 11 27 8 2 1 23 11 29 3 1 23 25 22 29 26 2 1 148 20 165 2 17 18 23 25 3 2 228 4 200 14 160 2 15 16 28 15 3 6 11 11 10 22 9 2 5 23 21 30 2 15 19 28 20 2 7 150 14 153 2 6 31 8 29 3 6 16 8 12 9 16 2 24 152 30 175 2 10 138 30 192 2 12 55 25 56 2 10 141 30 187 2 13 134 29 134 3 8 79 14 70 23 94 3 15 52 17 48 25 38 3 4 123 11 110 17 105 1 18 38 3 3 4 19 4 22 4 3 5 88 20 102 29 105 2 7 106 22 126 2 17 217 27 162 3 6 10 11 12 22 9 3 16 19 20 23 24 20 3 20 176 25 230 27 178 3 5 87 20 106 29 74 2 14 235 26 198
37 2 1 165 20 190 2 2 75 30 68 3 3 120 16 119 29 91 2 2 56 30 51 2 3 10 11 11 3 2 161 4 190 14 186 3 5 11 18 8 27 11 2 1 31 11 29 3 1 22 25 25 29 21 2 1 144 20 169 2 17 18 23 26 3 2 170 4 195 14 231 2 15 22 28 20 3 6 12 11 8 22 10 2 5 30 21 28 2 15 20 28 19 2 7 188 14 160 2 6 34 8 33 3 6 13 8 12 9 13 2 24 177 30 157 2 10 158 30 184 2 12 52 25 46 2 10 146 30 137 2 13 149 29 116 3 8 97 14 91 23 84 3 15 49 17 43 25 44 3 4 112 11 141 17 104 1 18 50 3 3 4 19 4 22 5 3 5 97 20 96 29 96 2 7 108 22 115 2 17 173 27 195 3 6 11 11 10 22 10 3 16 27 20 20 24 24 3 20 201 25 230 27 180 3 5 78 20 107 29 84 2 14 193 26 164
37 2 1 165 20 190 2 2 75 30 68 3 3 120 16 119 29 91 2 2 56 30 51 2 3 10 11 11 3 2 161 4 190 14 186 3 5 11 18 8 27 11 2 1 31 11 29 3 1 22 25 25 29 21 2 1 144 20 169 2 17 18 23 26 3 2 170 4 195 14 231 2 15 22 28 20 3 6 12 11 8 22 10 2 5 30 21 28 2 15 20 28 19 2 7 188 14 160 2 6 34 8 33 3 6 13 8 12 9 13 2 24 177 30 157 2 10 158 30 184 2 12 52 25 46 2 10 146 30 137 2 13 149 29 116 3 8 97 14 91 23 84 3 15 49 17 43 25 44 3 4 112 11 141 17 104 1 18 50 3 3 4 19 4 22 5 3 5 97 20 96 29 96 2 7 108 22 115 2 17 173 27 195 3 6 11 11 10 22 10 3 16 27 20 20 24 24 3 20 201 25 230 27 180 3 5 78 20 107 29 84 2 14 193 26 164
38 2 1 185 20 200 2 13 122 29 114 2 2 51 30 60 2 1 193 20 171 2 12 46 25 59 2 13 121 29 105 2 3 11 11 12 3 2 234 4 190 14 199 2 12 62 25 54 3 5 10 18 8 27 9 3 15 37 17 38 25 43 3 6 11 11 12 22 9 3 3 5 19 5 22 4 2 7 192 14 143 2 6 26 8 37 3 16 23 20 20 24 21 3 5 8 18 11 27 11 3 6 13 8 14 9 12 2 10 187 30 185 2 1 22 11 31 2 6 37 8 35 2 15 16 28 19 3 8 91 14 98 23 84 1 18 46 3 3 118 16 109 29 116 3 4 124 11 105 17 96 3 5 75 20 86 29 87 2 17 22 23 25 2 1 177 20 209 2 5 25 21 25 2 14 210 26 227 2 7 110 22 93 3 20 179 25 173 27 209 2 10 194 30 140 2 17 212 27 172 3 1 25 25 17 29 19 2 7 126 22 96 2 24 138 30 121
38 2 1 185 20 200 2 13 122 29 114 2 2 51 30 60 2 1 193 20 171 2 12 46 25 59 2 13 121 29 105 2 3 11 11 12 3 2 234 4 190 14 199 2 12 62 25 54 3 5 10 18 8 27 9 3 15 37 17 38 25 43 3 6 11 11 12 22 9 3 3 5 19 5 22 4 2 7 192 14 143 2 6 26 8 37 3 16 23 20 20 24 21 3 5 8 18 11 27 11 3 6 13 8 14 9 12 2 10 187 30 185 2 1 22 11 31 2 6 37 8 35 2 15 16 28 19 3 8 91 14 98 23 84 1 18 46 3 3 118 16 109 29 116 3 4 124 11 105 17 96 3 5 75 20 86 29 87 2 17 22 23 25 2 1 177 20 209 2 5 25 21 25 2 14 210 26 227 2 7 110 22 93 3 20 179 25 173 27 209 2 10 194 30 140 2 17 212 27 172 3 1 25 25 17 29 19 2 7 126 22 96 2 24 138 30 121
34 3 5 10 18 11 27 11 2 1 146 20 152 3 5 11 18 10 27 11 2 10 171 30 183 3 6 11 11 11 22 11 2 2 62 30 70 3 3 81 16 91 29 118 2 17 22 23 20 3 5 96 20 98 29 74 2 3 10 11 13 2 17 148 27 155 3 16 24 20 28 24 19 3 2 199 4 224 14 173 2 7 153 14 131 2 6 27 8 25 3 6 13 8 15 9 14 2 1 31 11 24 2 6 28 8 28 2 12 65 25 54 3 15 45 17 41 25 49 2 3 11 11 11 2 15 22 28 22 3 8 102 14 74 23 68 2 13 143 29 133 2 24 175 30 131 3 4 97 11 111 17 104 1 18 47 3 3 5 19 4 22 4 2 5 29 21 31 3 4 113 11 105 17 118 2 7 88 22 108 3 20 215 25 178 27 173 3 1 21 25 20 29 18 2 14 223 26 200
36 2 1 209 20 164 2 2 71 30 53 2 1 24 11 22 3 6 12 11 9 22 9 2 24 176 30 122 2 1 184 20 168 2 5 31 21 24 2 1 26 11 22 2 3 12 11 10 3 6 15 8 11 9 14 3 5 8 18 10 27 8 2 17 157 27 200 3 8 102 14 82 23 74 3 6 13 8 11 9 15 3 2 216 4 182 14 197 2 7 129 14 174 2 1 189 20 175 2 6 26 8 28 2 10 156 30 142 2 12 52 25 55 2 13 107 29 146 3 15 38 17 42 25 47 2 17 23 23 22 3 3 98 16 100 29 119 2 12 57 25 59 2 14 197 26 172 3 4 140 11 109 17 141 1 18 45 3 3 4 19 5 22 5 2 15 17 28 20 3 5 106 20 106 29 97 3 1 24 25 20 29 23 2 7 86 22 90 3 20 160 25 196 27 193 2 2 72 30 62 3 16 24 20 27 24 26
35 2 17 212 27 212 2 10 172 30 173 2 1 197 20 204 1 18 40 2 1 166 20 184 2 2 59 30 56 1 18 40 2 15 20 28 21 2 1 24 11 28 2 17 18 23 22 3 15 47 17 44 25 39 2 3 10 11 11 3 2 190 4 190 14 161 3 5 8 18 10 27 11 3 6 9 11 12 22 9 3 3 114 16 110 29 105 2 10 167 30 156 2 7 183 14 188 2 6 34 8 29 3 6 16 8 11 9 13 2 12 48 25 62 3 6 15 8 16 9 13 2 13 113 29 106 3 6 10 11 11 22 12 3 5 108 20 97 29 95 3 8 75 14 95 23 86 3 4 118 11 140 17 130 3 16 26 20 20 24 22 2 7 120 22 122 3 3 5 19 5 22 5 3 1 19 25 23 29 17 2 5 22 21 22 2 14 216 26 193 3 20 182 25 217 27 200 2 24 134 30 126
35 2 17 212 27 212 2 10 172 30 173 2 1 197 20 204 1 18 40 2 1 166 20 184 2 2 59 30 56 1 18 40 2 15 20 28 21 2 1 24 11 28 2 17 18 23 22 3 15 47 17 44 25 39 2 3 10 11 11 3 2 190 4 190 14 161 3 5 8 18 10 27 11 3 6 9 11 12 22 9 3 3 114 16 110 29 105 2 10 167 30 156 2 7 183 14 188 2 6 34 8 29 3 6 16 8 11 9 13 2 12 48 25 62 3 6 15 8 16 9 13 2 13 113 29 106 3 6 10 11 11 22 12 3 5 108 20 97 29 95 3 8 75 14 95 23 86 3 4 118 11 140 17 130 3 16 26 20 20 24 22 2 7 120 22 122 3 3 5 19 5 22 5 3 1 19 25 23 29 17 2 5 22 21 22 2 14 216 26 193 3 20 182 25 217 27 200 2 24 134 30 126
32 2 1 143 20 194 2 3 12 11 11 2 2 75 30 53 3 2 202 4 188 14 230 3 5 11 18 10 27 11 3 6 9 11 10 22 10 2 7 153 14 159 3 16 27 20 27 24 28 2 6 33 8 35 2 10 133 30 189 3 3 4 19 5 22 5 2 17 150 27 199 3 6 12 8 12 9 16 3 8 81 14 86 23 96 3 3 103 16 121 29 99 2 3 10 11 10 2 1 24 11 29 2 17 18 23 22 2 12 51 25 66 3 5 9 18 10 27 10 2 13 119 29 118 3 20 226 25 233 27 168 2 15 15 28 15 3 15 50 17 40 25 37 3 4 99 11 115 17 116 1 18 38 3 5 88 20 88 29 102 2 5 27 21 25 2 7 111 22 126 2 24 175 30 178 2 14 192 26 192 3 1 24 25 25 29 20
32 2 1 143 20 194 2 3 12 11 11 2 2 75 30 53 3 2 202 4 188 14 230 3 5 11 18 10 27 11 3 6 9 11 10 22 10 2 7 153 14 159 3 16 27 20 27 24 28 2 6 33 8 35 2 10 133 30 189 3 3 4 19 5 22 5 2 17 150 27 199 3 6 12 8 12 9 16 3 8 81 14 86 23 96 3 3 103 16 121 29 99 2 3 10 11 10 2 1 24 11 29 2 17 18 23 22 2 12 51 25 66 3 5 9 18 10 27 10 2 13 119 29 118 3 20 226 25 233 27 168 2 15 15 28 15 3 15 50 17 40 25 37 3 4 99 11 115 17 116 1 18 38 3 5 88 20 88 29 102 2 5 27 21 25 2 7 111 22 126 2 24 175 30 178 2 14 192 26 192 3 1 24 25 25 29 20
35 2 14 186 26 227 2 1 155 20 187 2 15 22 28 20 2 7 185 14 152 2 2 63 30 70 3 5 93 20 99 29 87 2 24 147 30 171 2 3 12 11 14 2 15 16 28 17 3 2 234 4 231 14 169 2 3 13 11 12 3 4 115 11 141 17 100 3 5 8 18 8 27 11 2 5 31 21 30 3 6 10 11 9 22 10 2 6 32 8 38 2 17 17 23 21 2 24 167 30 157 3 15 52 17 46 25 45 3 6 13 8 16 9 15 2 10 139 30 138 3 4 96 11 108 17 125 3 20 203 25 220 27 220 2 1 32 11 31 2 12 52 25 48 2 13 149 29 140 3 3 98 16 120 29 103 2 5 32 21 26 3 8 73 14 101 23 100 1 18 49 2 17 217 27 181 3 1 24 25 18 29 18 3 3 5 19 5 22 5 2 7 125 22 105 3 16 23 20 23 24 22
34 2 10 160 30 150 2 1 140 20 197 2 1 31 11 29 2 2 50 30 75 2 14 195 26 187 2 3 9 11 12 2 10 157 30 177 3 3 4 19 4 22 5 2 6 29 8 28 3 3 95 16 107 29 88 2 3 10 11 13 2 13 121 29 149 3 2 236 4 179 14 166 2 17 21 23 24 3 5 10 18 10 27 9 2 2 72 30 62 3 6 13 11 12 22 12 2 24 129 30 146 2 12 48 25 45 3 1 20 25 25 29 25 2 1 165 20 160 3 16 25 20 22 24 19 2 7 132 14 164 3 6 12 8 13 9 14 3 8 92 14 79 23 73 3 5 85 20 83 29 86 3 15 53 17 45 25 36 3 4 125 11 109 17 105 2 15 22 28 19 1 18 47 2 5 32 21 27 2 7 115 22 124 3 20 201 25 173 27 193 2 17 198 27 156
34 2 10 160 30 150 2 1 140 20 197 2 1 31 11 29 2 2 50 30 75 2 14 195 26 187 2 3 9 11 12 2 10 157 30 177 3 3 4 19 4 22 5 2 6 29 8 28 3 3 95 16 107 29 88 2 3 10 11 13 2 13 121 29 149 3 2 236 4 179 14 166 2 17 21 23 24 3 5 10 18 10 27 9 2 2 72 30 62 3 6 13 11 12 22 12 2 24 129 30 146 2 12 48 25 45 3 1 20 25 25 29 25 2 1 165 20 160 3 16 25 20 22 24 19 2 7 132 14 164 3 6 12 8 13 9 14 3 8 92 14 79 23 73 3 5 85 20 83 29 86 3 15 53 17 45 25 36 3 4 125 11 109 17 105 2 15 22 28 19 1 18 47 2 5 32 21 27 2 7 115 22 124 3 20 201 25 173 27 193 2 17 198 27 156
34 2 10 160 30 150 2 1 140 20 197 2 1 31 11 29 2 2 50 30 75 2 14 195 26 187 2 3 9 11 12 2 10 157 30 177 3 3 4 19 4 22 5 2 6 29 8 28 3 3 95 16 107 29 88 2 3 10 11 13 2 13 121 29 149 3 2 236 4 179 14 166 2 17 21 23 24 3 5 10 18 10 27 9 2 2 72 30 62 3 6 13 11 12 22 12 2 24 129 30 146 2 12 48 25 45 3 1 20 25 25 29 25 2 1 165 20 160 3 16 25 20 22 24 19 2 7 132 14 164 3 6 12 8 13 9 14 3 8 92 14 79 23 73 3 5 85 20 83 29 86 3 15 53 17 45 25 36 3 4 125 11 109 17 105 2 15 22 28 19 1 18 47 2 5 32 21 27 2 7 115 22 124 3 20 201 25 173 27 193 2 17 198 27 156
38 2 1 204 20 145 2 13 123 29 109 2 2 61 30 57 2 1 160 20 195 2 12 66 25 45 2 13 132 29 114 2 3 12 11 14 3 2 183 4 209 14 165 2 12 57 25 60 3 5 8 18 11 27 9 3 15 37 17 51 25 37 3 6 11 11 9 22 12 3 3 5 19 5 22 4 2 7 156 14 181 2 6 35 8 35 3 16 24 20 27 24 25 3 5 11 18 11 27 11 3 6 14 8 11 9 13 2 10 160 30 151 2 1 32 11 22 2 6 37 8 31 2 15 20 28 16 3 8 74 14 90 23 99 1 18 40 3 3 96 16 92 29 86 3 4 124 11 107 17 115 3 5 81 20 75 29 96 2 17 20 23 23 2 1 200 20 142 2 5 27 21 27 2 14 231 26 232 2 7 121 22 86 3 20 187 25 197 27 224 2 10 164 30 134 2 17 171 27 177 3 1 22 25 21 29 24 2 7 90 22 126 2 24 162 30 148
36 2 1 149 20 156 3 15 44 17 48 25 39 2 12 57 25 64 2 2 63 30 54 3 20 216 25 173 27 217 2 3 12 11 11 2 2 65 30 66 3 4 98 11 142 17 104 3 15 36 17 42 25 49 3 2 173 4 220 14 179 3 5 8 18 9 27 9 3 6 8 11 8 22 9 2 7 150 14 142 2 1 174 20 157 2 6 31 8 30 2 5 25 21 30 3 5 88 20 77 29 86 3 3 115 16 87 29 85 3 6 12 8 15 9 11 2 10 159 30 150 2 7 188 14 166 2 1 29 11 22 2 13 144 29 118 3 5 98 20 96 29 86 3 16 25 20 20 24 21 3 8 87 14 99 23 99 1 18 44 2 17 20 23 23 3 3 5 19 4 22 4 2 7 132 14 163 2 7 90 22 93 2 14 197 26 209 2 17 217 27 150 2 15 15 28 16 3 1 25 25 20 29 17 2 24 125 30 134
37 2 1 187 20 160 2 2 63 30 54 2 1 159 20 143 2 3 10 11 9 2 1 161 20 170 3 2 189 4 231 14 237 3 5 11 18 11 27 11 2 12 47 25 60 2 2 65 30 53 3 6 10 11 9 22 12 2 7 152 14 152 3 3 112 16 96 29 113 2 7 102 22 102 3 5 10 18 8 27 11 2 17 21 23 17 2 5 22 21 26 2 10 169 30 167 3 15 41 17 51 25 45 1 18 49 2 6 36 8 33 2 1 31 11 32 3 6 12 8 14 9 15 3 1 21 25 23 29 23 2 13 139 29 130 3 8 76 14 87 23 69 3 4 131 11 129 17 100 2 13 116 29 126 3 5 83 20 81 29 102 3 3 4 19 4 22 4 3 16 19 20 23 24 19 3 20 233 25 193 27 230 2 17 166 27 208 3 8 88 14 100 23 101 2 14 217 26 183 2 3 10 11 13 2 15 18 28 21 2 24 166 30 151
32 2 1 158 20 198 2 3 10 11 12 2 2 60 30 50 3 2 216 4 232 14 232 3 5 10 18 10 27 9 3 6 12 11 9 22 12 2 7 164 14 157 3 16 19 20 25 24 28 2 6 33 8 34 2 10 196 30 187 3 3 4 19 4 22 5 2 17 158 27 190 3 6 12 8 14 9 13 3 8 86 14 89 23 83 3 3 118 16 112 29 84 2 3 12 11 11 2 1 25 11 30 2 17 25 23 25 2 12 45 25 48 3 5 11 18 8 27 11 2 13 116 29 142 3 20 173 25 236 27 209 2 15 16 28 21 3 15 51 17 40 25 49 3 4 129 11 110 17 119 1 18 41 3 5 75 20 73 29 92 2 5 27 21 31 2 7 122 22 85 2 24 135 30 175 2 14 173 26 181 3 1 20 25 18 29 18
33 2 1 193 20 164 2 2 69 30 58 3 1 23 25 25 29 19 2 3 13 11 12 3 2 193 4 228 14 171 2 3 11 11 11 3 5 10 18 10 27 11 2 15 18 28 20 2 17 22 23 22 3 5 8 18 11 27 11 3 6 12 11 10 22 10 2 7 168 14 154 3 16 24 20 26 24 21 2 6 29 8 36 3 6 11 8 16 9 16 2 10 183 30 173 2 1 23 11 26 2 12 54 25 57 3 20 187 25 174 27 237 2 13 126 29 122 3 15 43 17 52 25 46 3 8 92 14 100 23 94 3 3 109 16 98 29 112 3 4 115 11 140 17 137 1 18 45 3 3 4 19 4 22 5 3 5 89 20 79 29 79 2 17 145 27 177 2 5 31 21 27 2 24 170 30 164 2 7 113 22 86 2 1 170 20 180 2 14 180 26 188
36 3 15 52 17 42 25 51 2 1 208 20 144 3 3 4 19 5 22 4 3 15 52 17 48 25 37 3 6 14 8 11 9 16 2 2 64 30 69 3 5 9 18 11 27 11 2 3 13 11 10 2 17 24 23 19 2 2 60 30 52 3 2 196 4 223 14 218 3 3 5 19 4 22 4 2 15 16 28 21 2 7 142 14 175 3 6 11 11 12 22 11 2 6 34 8 32 2 10 157 30 172 2 1 28 11 29 2 12 52 25 57 2 13 135 29 146 2 17 25 23 24 2 17 213 27 153 3 3 108 16 99 29 98 3 1 26 25 22 29 24 3 8 95 14 95 23 98 3 4 116 11 102 17 102 2 15 15 28 18 1 18 41 3 5 99 20 88 29 82 2 5 25 21 30 2 6 26 8 33 2 7 104 22 119 3 16 22 20 24 24 27 3 20 169 25 196 27 225 2 14 195 26 203 2 24 142 30 165
36 3 15 52 17 42 25 51 2 1 208 20 144 3 3 4 19 5 22 4 3 15 52 17 48 25 37 3 6 14 8 11 9 16 2 2 64 30 69 3 5 9 18 11 27 11 2 3 13 11 10 2 17 24 23 19 2 2 60 30 52 3 2 196 4 223 14 218 3 3 5 19 4 22 4 2 15 16 28 21 2 7 142 14 175 3 6 11 11 12 22 11 2 6 34 8 32 2 10 157 30 172 2 1 28 11 29 2 12 52 25 57 2 13 135 29 146 2 17 25 23 24 2 17 213 27 153 3 3 108 16 99 29 98 3 1 26 25 22 29 24 3 8 95 14 95 23 98 3 4 116 11 102 17 102 2 15 15 28 18 1 18 41 3 5 99 20 88 29 82 2 5 25 21 30 2 6 26 8 33 2 7 104 22 119 3 16 22 20 24 24 27 3 20 169 25 196 27 225 2 14 195 26 203 2 24 142 30 165
36 3 15 52 17 42 25 51 2 1 208 20 144 3 3 4 19 5 22 4 3 15 52 17 48 25 37 3 6 14 8 11 9 16 2 2 64 30 69 3 5 9 18 11 27 11 2 3 13 11 10 2 17 24 23 19 2 2 60 30 52 3 2 196 4 223 14 218 3 3 5 19 4 22 4 2 15 16 28 21 2 7 142 14 175 3 6 11 11 12 22 11 2 6 34 8 32 2 10 157 30 172 2 1 28 11 29 2 12 52 25 57 2 13 135 29 146 2 17 25 23 24 2 17 213 27 153 3 3 108 16 99 29 98 3 1 26 25 22 29 24 3 8 95 14 95 23 98 3 4 116 11 102 17 102 2 15 15 28 18 1 18 41 3 5 99 20 88 29 82 2 5 25 21 30 2 6 26 8 33 2 7 104 22 119 3 16 22 20 24 24 27 3 20 169 25 196 27 225 2 14 195 26 203 2 24 142 30 165
33 2 1 143 20 144 2 2 55 30 72 3 1 21 25 24 29 23 2 3 13 11 11 3 2 185 4 162 14 200 2 3 9 11 11 3 5 10 18 10 27 8 2 15 21 28 18 2 17 21 23 20 3 5 10 18 9 27 9 3 6 12 11 12 22 12 2 7 182 14 137 3 16 26 20 23 24 27 2 6 36 8 27 3 6 15 8 11 9 14 2 10 167 30 191 2 1 28 11 25 2 12 46 25 58 3 20 211 25 182 27 211 2 13 131 29 129 3 15 49 17 38 25 50 3 8 101 14 75 23 92 3 3 101 16 102 29 94 3 4 138 11 134 17 122 1 18 44 3 3 4 19 4 22 4 3 5 85 20 78 29 98 2 17 188 27 185 2 5 23 21 25 2 24 153 30 176 2 7 97 22 120 2 1 161 20 178 2 14 218 26 227
33 2 1 143 20 144 2 2 55 30 72 3 1 21 25 24 29 23 2 3 13 11 11 3 2 185 4 162 14 200 2 3 9 11 11 3 5 10 18 10 27 8 2 15 21 28 18 2 17 21 23 20 3 5 10 18 9 27 9 3 6 12 11 12 22 12 2 7 182 14 137 3 16 26 20 23 24 27 2 6 36 8 27 3 6 15 8 11 9 14 2 10 167 30 191 2 1 28 11 25 2 12 46 25 58 3 20 211 25 182 27 211 2 13 131 29 129 3 15 49 17 38 25 50 3 8 101 14 75 23 92 3 3 101 16 102 29 94 3 4 138 11 134 17 122 1 18 44 3 3 4 19 4 22 4 3 5 85 20 78 29 98 2 17 188 27 185 2 5 23 21 25 2 24 153 30 176 2 7 97 22 120 2 1 161 20 178 2 14 218 26 227
35 2 17 152 27 168 2 10 133 30 141 2 1 156 20 206 1 18 53 2 1 188 20 166 2 2 59 30 64 1 18 49 2 15 17 28 21 2 1 27 11 27 2 17 18 23 20 3 15 40 17 47 25 52 2 3 11 11 10 3 2 171 4 225 14 163 3 5 8 18 10 27 8 3 6 12 11 13 22 9 3 3 83 16 94 29 107 2 10 158 30 150 2 7 143 14 163 2 6 30 8 36 3 6 15 8 14 9 14 2 12 50 25 63 3 6 12 8 13 9 13 2 13 135 29 131 3 6 13 11 10 22 12 3 5 107 20 82 29 98 3 8 93 14 77 23 89 3 4 99 11 102 17 130 3 16 23 20 23 24 22 2 7 89 22 89 3 3 5 19 4 22 5 3 1 18 25 25 29 18 2 5 28 21 26 2 14 166 26 218 3 20 220 25 207 27 236 2 24 159 30 149
36 2 1 188 20 158 3 15 36 17 38 25 46 2 12 57 25 59 2 2 67 30 50 3 20 184 25 203 27 231 2 3 13 11 12 2 2 58 30 53 3 4 140 11 141 17 143 3 15 46 17 51 25 52 3 2 194 4 204 14 218 3 5 8 18 11 27 8 3 6 10 11 9 22 13 2 7 141 14 189 2 1 191 20 186 2 6 29 8 32 2 5 25 21 26 3 5 79 20 105 29 98 3 3 110 16 115 29 106 3 6 11 8 13 9 14 2 10 179 30 196 2 7 139 14 182 2 1 29 11 28 2 13 117 29 123 3 5 104 20 73 29 99 3 16 27 20 23 24 21 3 8 73 14 100 23 69 1 18 50 2 17 25 23 19 3 3 5 19 5 22 4 2 7 165 14 154 2 7 112 22 107 2 14 162 26 196 2 17 198 27 206 2 15 22 28 22 3 1 26 25 18 29 18 2 24 166 30 162
39 2 1 170 20 179 2 1 30 11 28 2 1 178 20 148 3 2 163 4 212 14 226 2 17 172 27 160 2 2 74 30 54 2 3 12 11 9 3 5 85 20 77 29 81 3 5 9 18 11 27 10 3 6 11 11 12 22 10 2 7 104 22 92 3 6 11 11 10 22 12 3 20 227 25 200 27 203 2 7 163 14 133 2 6 25 8 31 3 6 12 8 12 9 12 3 2 174 4 198 14 165 2 10 143 30 159 3 2 231 4 215 14 172 2 13 138 29 114 2 12 46 25 62 2 17 18 23 21 3 8 69 14 86 23 72 3 15 48 17 52 25 40 2 17 18 23 18 3 3 116 16 111 29 120 3 4 108 11 121 17 111 1 18 48 3 2 214 4 233 14 169 3 3 5 19 4 22 5 2 5 27 21 29 2 15 17 28 19 3 15 44 17 39 25 51 3 16 19 20 20 24 26 2 1 22 11 26 2 24 151 30 162 3 1 25 25 23 29 17 3 3 97 16 94 29 117 2 14 226 26 225
35 2 14 200 26 233 2 1 182 20 205 2 15 20 28 17 2 7 152 14 186 2 2 52 30 61 3 5 81 20 109 29 89 2 24 126 30 171 2 3 13 11 10 2 15 15 28 20 3 2 225 4 226 14 201 2 3 11 11 12 3 4 99 11 113 17 103 3 5 9 18 8 27 8 2 5 23 21 29 3 6 10 11 11 22 8 2 6 37 8 26 2 17 19 23 22 2 24 149 30 179 3 15 45 17 50 25 38 3 6 15 8 15 9 12 2 10 187 30 151 3 4 124 11 102 17 97 3 20 233 25 163 27 209 2 1 22 11 31 2 12 64 25 54 2 13 117 29 133 3 3 84 16 110 29 93 2 5 22 21 26 3 8 99 14 84 23 94 1 18 38 2 17 181 27 200 3 1 21 25 21 29 25 3 3 4 19 5 22 4 2 7 108 22 123 3 16 20 20 23 24 26
35 2 14 200 26 233 2 1 182 20 205 2 15 20 28 17 2 7 152 14 186 2 2 52 30 61 3 5 81 20 109 29 89 2 24 126 30 171 2 3 13 11 10 2 15 15 28 20 3 2 225 4 226 14 201 2 3 11 11 12 3 4 99 11 113 17 103 3 5 9 18 8 27 8 2 5 23 21 29 3 6 10 11 11 22 8 2 6 37 8 26 2 17 19 23 22 2 24 149 30 179 3 15 45 17 50 25 38 3 6 15 8 15 9 12 2 10 187 30 151 3 4 124 11 102 17 97 3 20 233 25 163 27 209 2 1 22 11 31 2 12 64 25 54 2 13 117 29 133 3 3 84 16 110 29 93 2 5 22 21 26 3 8 99 14 84 23 94 1 18 38 2 17 181 27 200 3 1 21 25 21 29 25 3 3 4 19 5 22 4 2 7 108 22 123 3 16 20 20 23 24 26
38 2 1 166 20 206 2 13 107 29 140 2 2 55 30 73 2 1 172 20 159 2 12 64 25 49 2 13 102 29 139 2 3 11 11 10 3 2 225 4 215 14 199 2 12 57 25 62 3 5 8 18 11 27 10 3 15 48 17 45 25 53 3 6 9 11 12 22 10 3 3 4 19 4 22 4 2 7 183 14 169 2 6 35 8 35 3 16 27 20 24 24 21 3 5 10 18 10 27 11 3 6 14 8 16 9 11 2 10 142 30 153 2 1 31 11 26 2 6 28 8 27 2 15 15 28 17 3 8 73 14 101 23 68 1 18 41 3 3 110 16 108 29 102 3 4 129 11 140 17 133 3 5 81 20 82 29 98 2 17 21 23 22 2 1 195 20 174 2 5 25 21 23 2 14 195 26 192 2 7 99 22 119 3 20 191 25 208 27 165 2 10 188 30 139 2 17 159 27 207 3 1 19 25 23 29 23 2 7 118 22 107 2 24 161 30 123
39 2 1 200 20 140 2 2 73 30 52 2 1 168 20 201 3 8 72 14 72 23 73 2 3 12 11 10 3 2 236 4 238 14 211 3 5 10 18 8 27 10 3 6 12 11 9 22 12 2 7 172 14 186 2 17 170 27 168 2 6 31 8 33 3 6 12 8 12 9 14 3 5 9 18 8 27 9 2 10 160 30 192 1 18 39 2 2 72 30 73 2 1 25 11 32 2 12 50 25 54 2 13 113 29 105 2 10 165 30 166 3 15 47 17 47 25 48 2 2 61 30 63 3 3 84 16 102 29 120 3 4 139 11 130 17 109 2 15 16 28 19 2 10 179 30 153 2 5 24 21 31 2 7 126 22 104 3 3 5 19 4 22 4 2 17 156 27 216 2 14 182 26 219 3 5 93 20 73 29 97 2 3 10 11 13 2 17 26 23 19 3 20 181 25 184 27 220 3 1 21 25 26 29 23 3 16 22 20 21 24 20 2 1 207 20 193 2 24 131 30 142
37 2 1 179 20 145 2 2 66 30 52 2 1 192 20 160 2 3 12 11 11 2 1 173 20 170 3 2 208 4 175 14 235 3 5 11 18 9 27 8 2 12 53 25 50 2 2 56 30 68 3 6 12 11 10 22 11 2 7 146 14 132 3 3 106 16 106 29 90 2 7 87 22 93 3 5 10 18 11 27 8 2 17 17 23 20 2 5 25 21 22 2 10 168 30 152 3 15 40 17 39 25 50 1 18 55 2 6 32 8 36 2 1 24 11 28 3 6 14 8 13 9 14 3 1 24 25 26 29 18 2 13 119 29 112 3 8 75 14 101 23 93 3 4 109 11 105 17 103 2 13 153 29 129 3 5 90 20 75 29 87 3 3 4 19 4 22 5 3 16 21 20 23 24 28 3 20 237 25 234 27 236 2 17 174 27 191 3 8 87 14 94 23 82 2 14 184 26 217 2 3 10 11 12 2 15 20 28 17 2 24 167 30 159
36 2 1 187 20 198 2 2 72 30 74 2 1 31 11 23 3 6 9 11 12 22 10 2 24 138 30 167 2 1 203 20 178 2 5 27 21 25 2 1 26 11 24 2 3 12 11 12 3 6 15 8 15 9 11 3 5 9 18 11 27 10 2 17 201 27 150 3 8 72 14 98 23 90 3 6 15 8 15 9 16 3 2 202 4 225 14 237 2 7 133 14 184 2 1 144 20 202 2 6 30 8 35 2 10 192 30 134 2 12 46 25 63 2 13 121 29 128 3 15 50 17 44 25 41 2 17 21 23 25 3 3 94 16 99 29 108 2 12 64 25 59 2 14 172 26 219 3 4 131 11 102 17 101 1 18 50 3 3 4 19 5 22 4 2 15 15 28 18 3 5 103 20 76 29 91 3 1 20 25 22 29 18 2 7 100 22 102 3 20 169 25 236 27 186 2 2 69 30 64 3 16 22 20 23 24 23
38 2 1 30 11 27 2 1 157 20 173 2 17 22 23 20 3 5 75 20 96 29 101 2 2 74 30 54 2 3 11 11 11 3 2 229 4 193 14 181 3 5 9 18 8 27 10 3 6 10 11 12 22 12 2 13 148 29 114 1 18 49 2 7 133 14 161 2 6 26 8 33 3 3 4 19 4 22 5 2 1 26 11 28 3 4 140 11 127 17 101 2 2 62 30 55 3 6 13 8 15 9 16 1 18 46 3 15 52 17 45 25 49 2 15 17 28 16 3 15 42 17 38 25 53 2 10 156 30 156 2 12 57 25 54 3 8 84 14 70 23 80 3 3 5 19 4 22 4 2 5 27 21 29 2 15 17 28 19 3 3 111 16 90 29 100 2 7 120 22 113 2 5 30 21 21 3 1 22 25 20 29 21 3 16 20 20 23 24 23 3 20 198 25 226 27 237 2 24 158 30 156 2 2 53 30 61 2 14 207 26 193 2 17 200 27 196
38 2 1 30 11 27 2 1 157 20 173 2 17 22 23 20 3 5 75 20 96 29 101 2 2 74 30 54 2 3 11 11 11 3 2 229 4 193 14 181 3 5 9 18 8 27 10 3 6 10 11 12 22 12 2 13 148 29 114 1 18 49 2 7 133 14 161 2 6 26 8 33 3 3 4 19 4 22 5 2 1 26 11 28 3 4 140 11 127 17 101 2 2 62 30 55 3 6 13 8 15 9 16 1 18 46 3 15 52 17 45 25 49 2 15 17 28 16 3 15 42 17 38 25 53 2 10 156 30 156 2 12 57 25 54 3 8 84 14 70 23 80 3 3 5 19 4 22 4 2 5 27 21 29 2 15 17 28 19 3 3 111 16 90 29 100 2 7 120 22 113 2 5 30 21 21 3 1 22 25 20 29 21 3 16 20 20 23 24 23 3 20 198 25 226 27 237 2 24 158 30 156 2 2 53 30 61 2 14 207 26 193 2 17 200 27 196
36 2 1 155 20 150 3 15 36 17 41 25 43 2 12 56 25 54 2 2 53 30 52 3 20 175 25 215 27 228 2 3 14 11 12 2 2 66 30 72 3 4 129 11 130 17 97 3 15 48 17 53 25 48 3 2 168 4 211 14 168 3 5 10 18 10 27 9 3 6 9 11 8 22 10 2 7 171 14 133 2 1 159 20 142 2 6 28 8 37 2 5 28 21 26 3 5 99 20 77 29 99 3 3 97 16 111 29 102 3 6 13 8 14 9 16 2 10 165 30 170 2 7 135 14 191 2 1 26 11 29 2 13 151 29 140 3 5 77 20 88 29 99 3 16 26 20 27 24 24 3 8 95 14 99 23 102 1 18 50 2 17 22 23 23 3 3 5 19 4 22 4 2 7 162 14 138 2 7 98 22 88 2 14 220 26 166 2 17 178 27 203 2 15 21 28 21 3 1 24 25 19 29 25 2 24 148 30 153
DUE_DATES: 5122 5040 5040 5040 4931 4931 6519 5013 6099 6099 5995 5995 5995 5995 6041 6041 6351 6351 4855 5565 5550 5550 4749 4749 5480 5317 5317 5317 6211 5797 5923 4756 5075 5091 5091 5091 5080 5080 5331 6159 6441 5404 5404 6292 6672 5870 5726 5267 5267 5914
WEIGHTS: 2 3 3 2 2 1 3 2 3 1 1 2 3 2 3 1 1 1 2 1 1 2 2 3 2 3 3 3 2 3 1 2 2 1 3 1 1 1 1 1 1 1 1 3 2 2 2 1 1 2
