50 30
35 3 1 166 16 175 23 179 2 14 55 26 74 3 13 114 19 161 22 139 2 2 142 18 139 2 3 126 30 160 3 4 52 19 70 23 70 2 10 47 15 46 3 1 195 16 143 23 187 2 5 31 26 32 3 6 136 9 129 13 162 2 7 133 22 154 3 6 134 9 142 13 125 4 8 80 16 69 27 97 30 71 2 5 94 9 92 3 17 52 25 58 29 52 2 3 126 30 137 2 19 92 20 82 2 9 160 11 156 3 7 46 20 45 27 40 2 12 28 20 30 3 13 185 21 158 22 220 2 17 178 24 147 2 15 118 22 96 3 4 65 19 62 23 53 2 16 118 17 134 2 11 134 18 170 2 10 207 28 230 3 1 182 8 221 20 149 2 3 163 30 123 3 4 55 16 51 21 52 2 17 98 23 89 2 15 78 24 76 2 20 144 26 165 4 2 60 20 68 27 53 29 63 2 26 79 30 90
35 3 1 166 16 175 23 179 2 14 55 26 74 3 13 114 19 161 22 139 2 2 142 18 139 2 3 126 30 160 3 4 52 19 70 23 70 2 10 47 15 46 3 1 195 16 143 23 187 2 5 31 26 32 3 6 136 9 129 13 162 2 7 133 22 154 3 6 134 9 142 13 125 4 8 80 16 69 27 97 30 71 2 5 94 9 92 3 17 52 25 58 29 52 2 3 126 30 137 2 19 92 20 82 2 9 160 11 156 3 7 46 20 45 27 40 2 12 28 20 30 3 13 185 21 158 22 220 2 17 178 24 147 2 15 118 22 96 3 4 65 19 62 23 53 2 16 118 17 134 2 11 134 18 170 2 10 207 28 230 3 1 182 8 221 20 149 2 3 163 30 123 3 4 55 16 51 21 52 2 17 98 23 89 2 15 78 24 76 2 20 144 26 165 4 2 60 20 68 27 53 29 63 2 26 79 30 90
35 3 1 166 16 175 23 179 2 14 55 26 74 3 13 114 19 161 22 139 2 2 142 18 139 2 3 126 30 160 3 4 52 19 70 23 70 2 10 47 15 46 3 1 195 16 143 23 187 2 5 31 26 32 3 6 136 9 129 13 162 2 7 133 22 154 3 6 134 9 142 13 125 4 8 80 16 69 27 97 30 71 2 5 94 9 92 3 17 52 25 58 29 52 2 3 126 30 137 2 19 92 20 82 2 9 160 11 156 3 7 46 20 45 27 40 2 12 28 20 30 3 13 185 21 158 22 220 2 17 178 24 147 2 15 118 22 96 3 4 65 19 62 23 53 2 16 118 17 134 2 11 134 18 170 2 10 207 28 230 3 1 182 8 221 20 149 2 3 163 30 123 3 4 55 16 51 21 52 2 17 98 23 89 2 15 78 24 76 2 20 144 26 165 4 2 60 20 68 27 53 29 63 2 26 79 30 90
32 3 1 205 16 178 23 201 2 14 75 26 67 4 8 79 16 78 27 94 30 69 3 6 170 9 170 13 175 2 2 175 18 181 2 17 200 24 141 3 1 182 16 197 23 192 2 3 159 30 142 3 4 72 19 64 23 53 2 5 35 26 39 2 7 174 22 151 2 10 176 28 231 2 5 104 9 94 2 10 42 15 39 2 9 183 11 143 2 12 42 20 39 2 7 135 22 183 3 13 226 21 210 22 216 2 15 102 22 89 2 26 75 30 90 2 16 107 17 117 2 17 82 23 82 4 2 72 20 58 27 59 29 65 2 11 137 18 174 2 19 72 20 105 3 7 59 20 41 27 53 3 1 159 8 194 20 162 3 4 47 16 54 21 42 3 13 125 19 111 22 138 3 17 58 25 54 29 57 2 15 78 24 75 2 20 186 26 140
32 3 1 205 16 178 23 201 2 14 75 26 67 4 8 79 16 78 27 94 30 69 3 6 170 9 170 13 175 2 2 175 18 181 2 17 200 24 141 3 1 182 16 197 23 192 2 3 159 30 142 3 4 72 19 64 23 53 2 5 35 26 39 2 7 174 22 151 2 10 176 28 231 2 5 104 9 94 2 10 42 15 39 2 9 183 11 143 2 12 42 20 39 2 7 135 22 183 3 13 226 21 210 22 216 2 15 102 22 89 2 26 75 30 90 2 16 107 17 117 2 17 82 23 82 4 2 72 20 58 27 59 29 65 2 11 137 18 174 2 19 72 20 105 3 7 59 20 41 27 53 3 1 159 8 194 20 162 3 4 47 16 54 21 42 3 13 125 19 111 22 138 3 17 58 25 54 29 57 2 15 78 24 75 2 20 186 26 140
38 2 14 74 26 63 3 4 43 16 57 21 51 3 1 139 16 189 23 150 2 9 147 11 143 2 14 73 26 74 2 2 144 18 135 2 3 136 30 155 3 4 71 19 63 23 66 2 5 30 26 33 3 13 121 19 123 22 129 2 20 160 26 134 3 6 158 9 166 13 137 3 13 138 19 131 22 109 2 17 102 23 75 2 20 169 26 148 2 7 157 22 131 3 6 153 9 132 13 131 4 8 92 16 89 27 71 30 69 2 5 76 9 89 2 10 46 15 43 2 12 31 20 39 3 13 178 21 219 22 193 3 13 145 19 158 22 121 2 15 97 22 119 2 16 132 17 138 3 4 45 16 40 21 51 3 7 49 20 55 27 45 2 17 169 24 155 2 11 175 18 174 2 12 36 20 31 2 19 89 20 95 3 1 222 8 185 20 188 4 2 62 20 55 27 61 29 57 2 26 65 30 68 2 15 82 24 68 2 20 134 26 140 3 17 47 25 65 29 46 2 10 164 28 169
38 2 14 74 26 63 3 4 43 16 57 21 51 3 1 139 16 189 23 150 2 9 147 11 143 2 14 73 26 74 2 2 144 18 135 2 3 136 30 155 3 4 71 19 63 23 66 2 5 30 26 33 3 13 121 19 123 22 129 2 20 160 26 134 3 6 158 9 166 13 137 3 13 138 19 131 22 109 2 17 102 23 75 2 20 169 26 148 2 7 157 22 131 3 6 153 9 132 13 131 4 8 92 16 89 27 71 30 69 2 5 76 9 89 2 10 46 15 43 2 12 31 20 39 3 13 178 21 219 22 193 3 13 145 19 158 22 121 2 15 97 22 119 2 16 132 17 138 3 4 45 16 40 21 51 3 7 49 20 55 27 45 2 17 169 24 155 2 11 175 18 174 2 12 36 20 31 2 19 89 20 95 3 1 222 8 185 20 188 4 2 62 20 55 27 61 29 57 2 26 65 30 68 2 15 82 24 68 2 20 134 26 140 3 17 47 25 65 29 46 2 10 164 28 169
38 2 14 74 26 63 3 4 43 16 57 21 51 3 1 139 16 189 23 150 2 9 147 11 143 2 14 73 26 74 2 2 144 18 135 2 3 136 30 155 3 4 71 19 63 23 66 2 5 30 26 33 3 13 121 19 123 22 129 2 20 160 26 134 3 6 158 9 166 13 137 3 13 138 19 131 22 109 2 17 102 23 75 2 20 169 26 148 2 7 157 22 131 3 6 153 9 132 13 131 4 8 92 16 89 27 71 30 69 2 5 76 9 89 2 10 46 15 43 2 12 31 20 39 3 13 178 21 219 22 193 3 13 145 19 158 22 121 2 15 97 22 119 2 16 132 17 138 3 4 45 16 40 21 51 3 7 49 20 55 27 45 2 17 169 24 155 2 11 175 18 174 2 12 36 20 31 2 19 89 20 95 3 1 222 8 185 20 188 4 2 62 20 55 27 61 29 57 2 26 65 30 68 2 15 82 24 68 2 20 134 26 140 3 17 47 25 65 29 46 2 10 164 28 169
35 2 10 42 15 42 3 1 157 16 146 23 162 2 2 135 18 125 2 3 131 30 134 3 4 68 19 57 23 65 2 5 37 26 42 3 6 147 9 163 13 137 2 7 149 22 172 2 15 103 22 109 4 8 97 16 97 27 83 30 72 2 5 97 9 105 2 3 158 30 164 2 9 176 11 181 4 2 65 20 64 27 68 29 62 2 12 39 20 38 2 15 109 22 85 3 13 222 21 172 22 166 2 16 99 17 133 3 7 56 20 54 27 41 2 14 75 26 75 3 4 49 16 49 21 45 4 2 72 20 57 27 59 29 68 2 17 182 24 154 2 14 71 26 79 2 11 167 18 191 2 19 75 20 79 3 1 181 8 215 20 166 3 13 154 19 127 22 134 3 13 204 21 186 22 180 2 20 185 26 156 2 17 88 23 76 2 15 87 24 86 3 17 62 25 54 29 61 2 10 175 28 167 2 26 90 30 71
35 2 10 42 15 42 3 1 157 16 146 23 162 2 2 135 18 125 2 3 131 30 134 3 4 68 19 57 23 65 2 5 37 26 42 3 6 147 9 163 13 137 2 7 149 22 172 2 15 103 22 109 4 8 97 16 97 27 83 30 72 2 5 97 9 105 2 3 158 30 164 2 9 176 11 181 4 2 65 20 64 27 68 29 62 2 12 39 20 38 2 15 109 22 85 3 13 222 21 172 22 166 2 16 99 17 133 3 7 56 20 54 27 41 2 14 75 26 75 3 4 49 16 49 21 45 4 2 72 20 57 27 59 29 68 2 17 182 24 154 2 14 71 26 79 2 11 167 18 191 2 19 75 20 79 3 1 181 8 215 20 166 3 13 154 19 127 22 134 3 13 204 21 186 22 180 2 20 185 26 156 2 17 88 23 76 2 15 87 24 86 3 17 62 25 54 29 61 2 10 175 28 167 2 26 90 30 71
32 3 1 181 16 199 23 153 2 14 60 26 60 4 8 70 16 79 27 86 30 69 3 6 171 9 156 13 151 2 2 127 18 135 2 17 198 24 156 3 1 138 16 174 23 193 2 3 163 30 128 3 4 53 19 66 23 64 2 5 37 26 41 2 7 135 22 152 2 10 209 28 215 2 5 99 9 96 2 10 49 15 44 2 9 176 11 139 2 12 31 20 42 2 7 187 22 163 3 13 181 21 160 22 163 2 15 107 22 116 2 26 94 30 78 2 16 98 17 132 2 17 102 23 95 4 2 65 20 67 27 59 29 71 2 11 139 18 176 2 19 91 20 73 3 7 58 20 40 27 49 3 1 214 8 173 20 149 3 4 40 16 56 21 42 3 13 130 19 145 22 127 3 17 47 25 65 29 68 2 15 84 24 63 2 20 175 26 153
32 3 1 181 16 199 23 153 2 14 60 26 60 4 8 70 16 79 27 86 30 69 3 6 171 9 156 13 151 2 2 127 18 135 2 17 198 24 156 3 1 138 16 174 23 193 2 3 163 30 128 3 4 53 19 66 23 64 2 5 37 26 41 2 7 135 22 152 2 10 209 28 215 2 5 99 9 96 2 10 49 15 44 2 9 176 11 139 2 12 31 20 42 2 7 187 22 163 3 13 181 21 160 22 163 2 15 107 22 116 2 26 94 30 78 2 16 98 17 132 2 17 102 23 95 4 2 65 20 67 27 59 29 71 2 11 139 18 176 2 19 91 20 73 3 7 58 20 40 27 49 3 1 214 8 173 20 149 3 4 40 16 56 21 42 3 13 130 19 145 22 127 3 17 47 25 65 29 68 2 15 84 24 63 2 20 175 26 153
32 3 1 181 16 199 23 153 2 14 60 26 60 4 8 70 16 79 27 86 30 69 3 6 171 9 156 13 151 2 2 127 18 135 2 17 198 24 156 3 1 138 16 174 23 193 2 3 163 30 128 3 4 53 19 66 23 64 2 5 37 26 41 2 7 135 22 152 2 10 209 28 215 2 5 99 9 96 2 10 49 15 44 2 9 176 11 139 2 12 31 20 42 2 7 187 22 163 3 13 181 21 160 22 163 2 15 107 22 116 2 26 94 30 78 2 16 98 17 132 2 17 102 23 95 4 2 65 20 67 27 59 29 71 2 11 139 18 176 2 19 91 20 73 3 7 58 20 40 27 49 3 1 214 8 173 20 149 3 4 40 16 56 21 42 3 13 130 19 145 22 127 3 17 47 25 65 29 68 2 15 84 24 63 2 20 175 26 153
32 3 1 181 16 199 23 153 2 14 60 26 60 4 8 70 16 79 27 86 30 69 3 6 171 9 156 13 151 2 2 127 18 135 2 17 198 24 156 3 1 138 16 174 23 193 2 3 163 30 128 3 4 53 19 66 23 64 2 5 37 26 41 2 7 135 22 152 2 10 209 28 215 2 5 99 9 96 2 10 49 15 44 2 9 176 11 139 2 12 31 20 42 2 7 187 22 163 3 13 181 21 160 22 163 2 15 107 22 116 2 26 94 30 78 2 16 98 17 132 2 17 102 23 95 4 2 65 20 67 27 59 29 71 2 11 139 18 176 2 19 91 20 73 3 7 58 20 40 27 49 3 1 214 8 173 20 149 3 4 40 16 56 21 42 3 13 130 19 145 22 127 3 17 47 25 65 29 68 2 15 84 24 63 2 20 175 26 153
35 3 1 189 16 188 23 144 2 14 67 26 56 3 13 134 19 163 22 110 2 2 140 18 172 2 3 167 30 132 3 4 63 19 74 23 60 2 10 53 15 45 3 1 152 16 177 23 167 2 5 37 26 40 3 6 144 9 184 13 138 2 7 142 22 162 3 6 143 9 157 13 154 4 8 82 16 67 27 67 30 69 2 5 88 9 88 3 17 62 25 60 29 65 2 3 126 30 158 2 19 99 20 76 2 9 167 11 189 3 7 40 20 55 27 49 2 12 38 20 34 3 13 228 21 207 22 208 2 17 159 24 137 2 15 109 22 86 3 4 54 19 63 23 76 2 16 116 17 117 2 11 158 18 146 2 10 198 28 198 3 1 151 8 165 20 174 2 3 157 30 158 3 4 54 16 49 21 44 2 17 90 23 87 2 15 91 24 90 2 20 146 26 129 4 2 62 20 63 27 50 29 53 2 26 72 30 80
31 2 10 50 15 43 3 1 143 16 192 23 167 2 2 146 18 175 2 3 171 30 150 3 4 70 19 70 23 62 2 5 40 26 32 3 6 163 9 152 13 169 2 3 163 30 117 2 7 171 22 184 4 8 79 16 74 27 81 30 89 4 2 69 20 58 27 72 29 71 2 11 157 18 171 2 12 33 20 29 2 5 99 9 87 2 26 72 30 85 3 7 46 20 41 27 52 2 9 152 11 182 3 13 198 21 195 22 177 2 14 77 26 59 2 17 156 24 200 2 15 118 22 119 3 4 56 16 48 21 51 2 16 140 17 134 2 19 107 20 104 3 1 220 8 165 20 155 2 15 89 24 87 3 13 162 19 114 22 132 2 17 101 23 95 2 20 163 26 162 3 17 48 25 47 29 49 2 10 220 28 213
39 3 4 52 16 52 21 44 3 1 198 16 149 23 177 3 4 51 16 57 21 47 2 2 134 18 179 3 1 204 16 179 23 142 2 15 92 24 75 3 4 51 16 48 21 45 2 3 120 30 140 3 4 69 19 75 23 59 2 5 32 26 36 3 6 157 9 176 13 126 2 11 156 18 154 3 1 217 8 181 20 150 2 10 45 15 50 2 7 137 22 182 4 8 78 16 70 27 72 30 72 4 2 55 20 65 27 70 29 64 2 10 44 15 51 2 5 103 9 88 2 9 158 11 133 2 12 29 20 29 2 15 112 22 119 3 13 196 21 202 22 177 2 10 46 15 43 2 14 54 26 65 2 26 74 30 80 2 16 138 17 112 2 2 170 18 158 2 17 190 24 172 2 15 89 24 72 2 19 95 20 96 3 13 112 19 140 22 163 2 17 105 23 75 2 2 181 18 139 2 10 160 28 190 3 17 56 25 53 29 67 2 10 228 28 177 3 7 41 20 41 27 57 2 20 139 26 166
37 3 1 172 16 142 23 192 2 2 143 18 167 3 1 180 16 153 23 177 2 16 121 17 128 3 1 152 16 167 23 155 2 3 161 30 119 2 11 148 18 148 3 4 41 16 48 21 55 3 4 56 19 53 23 77 2 5 37 26 30 3 6 156 9 180 13 143 2 7 168 22 128 4 8 79 16 71 27 85 30 71 3 4 48 16 41 21 43 2 5 96 9 100 4 2 57 20 69 27 50 29 63 2 10 47 15 54 2 9 167 11 172 2 16 115 17 120 2 12 36 20 32 3 13 166 21 198 22 214 2 14 59 26 70 3 4 54 16 52 21 44 2 15 108 22 118 3 1 190 8 182 20 158 2 17 156 24 190 2 19 91 20 92 3 13 145 19 154 22 145 2 17 80 23 96 2 19 75 20 80 2 15 73 24 71 3 17 51 25 46 29 63 2 20 134 26 184 3 7 47 20 40 27 54 4 8 84 16 98 27 70 30 95 2 10 222 28 164 2 26 76 30 65
37 3 1 172 16 142 23 192 2 2 143 18 167 3 1 180 16 153 23 177 2 16 121 17 128 3 1 152 16 167 23 155 2 3 161 30 119 2 11 148 18 148 3 4 41 16 48 21 55 3 4 56 19 53 23 77 2 5 37 26 30 3 6 156 9 180 13 143 2 7 168 22 128 4 8 79 16 71 27 85 30 71 3 4 48 16 41 21 43 2 5 96 9 100 4 2 57 20 69 27 50 29 63 2 10 47 15 54 2 9 167 11 172 2 16 115 17 120 2 12 36 20 32 3 13 166 21 198 22 214 2 14 59 26 70 3 4 54 16 52 21 44 2 15 108 22 118 3 1 190 8 182 20 158 2 17 156 24 190 2 19 91 20 92 3 13 145 19 154 22 145 2 17 80 23 96 2 19 75 20 80 2 15 73 24 71 3 17 51 25 46 29 63 2 20 134 26 184 3 7 47 20 40 27 54 4 8 84 16 98 27 70 30 95 2 10 222 28 164 2 26 76 30 65
37 3 1 172 16 142 23 192 2 2 143 18 167 3 1 180 16 153 23 177 2 16 121 17 128 3 1 152 16 167 23 155 2 3 161 30 119 2 11 148 18 148 3 4 41 16 48 21 55 3 4 56 19 53 23 77 2 5 37 26 30 3 6 156 9 180 13 143 2 7 168 22 128 4 8 79 16 71 27 85 30 71 3 4 48 16 41 21 43 2 5 96 9 100 4 2 57 20 69 27 50 29 63 2 10 47 15 54 2 9 167 11 172 2 16 115 17 120 2 12 36 20 32 3 13 166 21 198 22 214 2 14 59 26 70 3 4 54 16 52 21 44 2 15 108 22 118 3 1 190 8 182 20 158 2 17 156 24 190 2 19 91 20 92 3 13 145 19 154 22 145 2 17 80 23 96 2 19 75 20 80 2 15 73 24 71 3 17 51 25 46 29 63 2 20 134 26 184 3 7 47 20 40 27 54 4 8 84 16 98 27 70 30 95 2 10 222 28 164 2 26 76 30 65
33 3 1 193 16 156 23 165 2 2 126 18 155 2 3 128 30 115 3 4 66 19 59 23 60 2 16 132 17 120 2 5 42 26 42 3 6 127 9 169 13 130 2 7 157 22 137 4 8 75 16 86 27 78 30 84 2 5 85 9 100 2 15 84 22 107 3 4 74 19 66 23 64 2 10 38 15 54 4 2 69 20 69 27 54 29 55 2 9 146 11 139 2 12 37 20 34 3 13 224 21 185 22 218 2 14 75 26 64 2 17 180 24 159 2 26 70 30 92 2 17 99 23 72 2 15 119 22 118 3 17 55 25 47 29 52 2 20 176 26 150 2 11 172 18 146 2 10 198 28 204 2 15 69 24 80 2 19 98 20 102 3 7 52 20 40 27 46 3 4 52 16 55 21 58 2 12 42 20 41 3 13 152 19 157 22 157 3 1 193 8 158 20 205
33 3 1 193 16 156 23 165 2 2 126 18 155 2 3 128 30 115 3 4 66 19 59 23 60 2 16 132 17 120 2 5 42 26 42 3 6 127 9 169 13 130 2 7 157 22 137 4 8 75 16 86 27 78 30 84 2 5 85 9 100 2 15 84 22 107 3 4 74 19 66 23 64 2 10 38 15 54 4 2 69 20 69 27 54 29 55 2 9 146 11 139 2 12 37 20 34 3 13 224 21 185 22 218 2 14 75 26 64 2 17 180 24 159 2 26 70 30 92 2 17 99 23 72 2 15 119 22 118 3 17 55 25 47 29 52 2 20 176 26 150 2 11 172 18 146 2 10 198 28 204 2 15 69 24 80 2 19 98 20 102 3 7 52 20 40 27 46 3 4 52 16 55 21 58 2 12 42 20 41 3 13 152 19 157 22 157 3 1 193 8 158 20 205
33 3 1 193 16 156 23 165 2 2 126 18 155 2 3 128 30 115 3 4 66 19 59 23 60 2 16 132 17 120 2 5 42 26 42 3 6 127 9 169 13 130 2 7 157 22 137 4 8 75 16 86 27 78 30 84 2 5 85 9 100 2 15 84 22 107 3 4 74 19 66 23 64 2 10 38 15 54 4 2 69 20 69 27 54 29 55 2 9 146 11 139 2 12 37 20 34 3 13 224 21 185 22 218 2 14 75 26 64 2 17 180 24 159 2 26 70 30 92 2 17 99 23 72 2 15 119 22 118 3 17 55 25 47 29 52 2 20 176 26 150 2 11 172 18 146 2 10 198 28 204 2 15 69 24 80 2 19 98 20 102 3 7 52 20 40 27 46 3 4 52 16 55 21 58 2 12 42 20 41 3 13 152 19 157 22 157 3 1 193 8 158 20 205
35 2 5 95 9 87 3 6 133 9 125 13 184 3 1 154 16 139 23 202 2 26 83 30 89 3 1 203 16 142 23 174 3 13 138 19 118 22 116 2 2 125 18 150 2 3 151 30 122 3 13 164 21 176 22 176 2 15 75 24 78 3 4 54 19 55 23 66 2 3 134 30 128 2 17 202 24 174 2 5 32 26 38 2 16 120 17 128 2 7 144 22 142 2 11 132 18 193 2 17 81 23 95 4 8 89 16 67 27 90 30 69 2 10 49 15 43 2 11 143 18 173 2 9 191 11 183 3 4 78 19 67 23 64 2 12 37 20 41 3 17 47 25 48 29 63 2 14 71 26 64 2 15 121 22 94 2 19 101 20 72 3 1 156 8 158 20 217 3 4 55 16 49 21 39 2 17 194 24 157 2 20 168 26 154 4 2 62 20 66 27 64 29 54 2 10 216 28 211 3 7 53 20 49 27 47
35 2 5 95 9 87 3 6 133 9 125 13 184 3 1 154 16 139 23 202 2 26 83 30 89 3 1 203 16 142 23 174 3 13 138 19 118 22 116 2 2 125 18 150 2 3 151 30 122 3 13 164 21 176 22 176 2 15 75 24 78 3 4 54 19 55 23 66 2 3 134 30 128 2 17 202 24 174 2 5 32 26 38 2 16 120 17 128 2 7 144 22 142 2 11 132 18 193 2 17 81 23 95 4 8 89 16 67 27 90 30 69 2 10 49 15 43 2 11 143 18 173 2 9 191 11 183 3 4 78 19 67 23 64 2 12 37 20 41 3 17 47 25 48 29 63 2 14 71 26 64 2 15 121 22 94 2 19 101 20 72 3 1 156 8 158 20 217 3 4 55 16 49 21 39 2 17 194 24 157 2 20 168 26 154 4 2 62 20 66 27 64 29 54 2 10 216 28 211 3 7 53 20 49 27 47
34 2 17 171 24 162 3 1 161 16 171 23 156 2 2 138 18 163 2 3 115 30 163 3 4 77 19 69 23 62 2 3 119 30 153 2 5 36 26 31 3 6 165 9 166 13 173 2 7 161 22 171 4 8 98 16 69 27 80 30 99 2 5 78 9 72 2 10 48 15 47 3 1 193 16 161 23 147 2 9 195 11 163 3 13 118 19 141 22 125 2 14 78 26 69 2 12 43 20 33 3 13 191 21 210 22 196 2 19 104 20 87 2 17 96 23 91 2 15 100 22 122 2 16 139 17 105 2 11 193 18 148 2 15 81 24 94 2 26 93 30 96 3 7 41 20 47 27 50 2 17 76 23 78 3 1 221 8 178 20 216 2 10 48 15 45 3 4 47 16 48 21 42 2 20 132 26 155 3 17 60 25 65 29 54 2 10 191 28 216 4 2 63 20 63 27 56 29 57
31 2 10 42 15 41 3 1 203 16 193 23 193 2 2 155 18 180 2 3 126 30 172 3 4 77 19 73 23 55 2 5 36 26 37 3 6 162 9 128 13 158 2 3 128 30 140 2 7 130 22 130 4 8 70 16 70 27 98 30 68 4 2 72 20 62 27 66 29 63 2 11 160 18 154 2 12 41 20 38 2 5 105 9 87 2 26 83 30 68 3 7 42 20 43 27 43 2 9 177 11 188 3 13 208 21 167 22 156 2 14 63 26 66 2 17 165 24 145 2 15 126 22 110 3 4 49 16 44 21 42 2 16 116 17 127 2 19 74 20 107 3 1 152 8 170 20 218 2 15 84 24 94 3 13 131 19 134 22 114 2 17 74 23 87 2 20 163 26 157 3 17 46 25 60 29 55 2 10 181 28 157
31 2 10 42 15 41 3 1 203 16 193 23 193 2 2 155 18 180 2 3 126 30 172 3 4 77 19 73 23 55 2 5 36 26 37 3 6 162 9 128 13 158 2 3 128 30 140 2 7 130 22 130 4 8 70 16 70 27 98 30 68 4 2 72 20 62 27 66 29 63 2 11 160 18 154 2 12 41 20 38 2 5 105 9 87 2 26 83 30 68 3 7 42 20 43 27 43 2 9 177 11 188 3 13 208 21 167 22 156 2 14 63 26 66 2 17 165 24 145 2 15 126 22 110 3 4 49 16 44 21 42 2 16 116 17 127 2 19 74 20 107 3 1 152 8 170 20 218 2 15 84 24 94 3 13 131 19 134 22 114 2 17 74 23 87 2 20 163 26 157 3 17 46 25 60 29 55 2 10 181 28 157
38 2 14 70 26 74 3 4 45 16 58 21 52 3 1 191 16 146 23 151 2 9 146 11 161 2 14 75 26 58 2 2 154 18 130 2 3 141 30 160 3 4 74 19 54 23 72 2 5 35 26 42 3 13 129 19 138 22 118 2 20 172 26 163 3 6 176 9 172 13 155 3 13 128 19 121 22 109 2 17 105 23 85 2 20 137 26 184 2 7 177 22 143 3 6 131 9 141 13 183 4 8 74 16 97 27 98 30 69 2 5 89 9 83 2 10 45 15 38 2 12 34 20 37 3 13 207 21 210 22 168 3 13 160 19 121 22 129 2 15 109 22 108 2 16 140 17 113 3 4 57 16 53 21 39 3 7 54 20 58 27 58 2 17 173 24 167 2 11 163 18 187 2 12 40 20 42 2 19 75 20 84 3 1 214 8 185 20 171 4 2 57 20 55 27 70 29 59 2 26 91 30 74 2 15 65 24 87 2 20 155 26 132 3 17 54 25 55 29 51 2 10 192 28 192
38 2 14 70 26 74 3 4 45 16 58 21 52 3 1 191 16 146 23 151 2 9 146 11 161 2 14 75 26 58 2 2 154 18 130 2 3 141 30 160 3 4 74 19 54 23 72 2 5 35 26 42 3 13 129 19 138 22 118 2 20 172 26 163 3 6 176 9 172 13 155 3 13 128 19 121 22 109 2 17 105 23 85 2 20 137 26 184 2 7 177 22 143 3 6 131 9 141 13 183 4 8 74 16 97 27 98 30 69 2 5 89 9 83 2 10 45 15 38 2 12 34 20 37 3 13 207 21 210 22 168 3 13 160 19 121 22 129 2 15 109 22 108 2 16 140 17 113 3 4 57 16 53 21 39 3 7 54 20 58 27 58 2 17 173 24 167 2 11 163 18 187 2 12 40 20 42 2 19 75 20 84 3 1 214 8 185 20 171 4 2 57 20 55 27 70 29 59 2 26 91 30 74 2 15 65 24 87 2 20 155 26 132 3 17 54 25 55 29 51 2 10 192 28 192
35 2 5 78 9 92 3 6 176 9 138 13 151 3 1 175 16 150 23 198 2 26 69 30 93 3 1 155 16 163 23 140 3 13 139 19 114 22 139 2 2 149 18 136 2 3 155 30 155 3 13 192 21 167 22 186 2 15 69 24 70 3 4 78 19 70 23 71 2 3 149 30 154 2 17 171 24 157 2 5 28 26 29 2 16 121 17 121 2 7 129 22 132 2 11 175 18 148 2 17 80 23 77 4 8 67 16 84 27 81 30 90 2 10 54 15 48 2 11 147 18 159 2 9 188 11 167 3 4 71 19 77 23 60 2 12 36 20 31 3 17 50 25 58 29 57 2 14 63 26 68 2 15 106 22 119 2 19 77 20 95 3 1 166 8 214 20 169 3 4 49 16 43 21 47 2 17 169 24 182 2 20 169 26 178 4 2 59 20 67 27 67 29 68 2 10 232 28 197 3 7 50 20 44 27 49
34 2 17 186 24 138 3 1 145 16 139 23 188 2 2 176 18 121 2 3 171 30 170 3 4 59 19 63 23 77 2 3 144 30 141 2 5 37 26 38 3 6 172 9 158 13 175 2 7 146 22 188 4 8 96 16 71 27 92 30 94 2 5 77 9 93 2 10 47 15 40 3 1 147 16 182 23 172 2 9 167 11 147 3 13 114 19 130 22 128 2 14 70 26 74 2 12 33 20 30 3 13 218 21 189 22 190 2 19 101 20 84 2 17 101 23 89 2 15 110 22 111 2 16 104 17 115 2 11 193 18 169 2 15 80 24 84 2 26 71 30 81 3 7 45 20 59 27 51 2 17 80 23 73 3 1 166 8 169 20 187 2 10 43 15 45 3 4 47 16 44 21 42 2 20 138 26 180 3 17 60 25 66 29 59 2 10 173 28 190 4 2 50 20 53 27 56 29 70
35 3 1 177 16 168 23 205 2 2 177 18 164 3 1 178 16 157 23 164 2 3 155 30 157 3 4 63 19 54 23 66 2 10 167 28 221 2 5 35 26 38 3 6 124 9 171 13 147 3 1 165 16 204 23 206 2 7 130 22 133 4 8 75 16 81 27 91 30 93 2 11 183 18 147 2 5 74 9 88 3 4 54 19 63 23 65 2 14 63 26 68 2 10 50 15 53 2 9 173 11 160 2 12 35 20 40 3 13 155 21 191 22 168 2 15 116 22 100 3 4 53 16 57 21 54 2 16 131 17 109 2 17 142 24 148 2 19 80 20 102 2 20 141 26 192 3 7 45 20 55 27 41 2 15 67 24 77 3 1 150 8 162 20 149 3 4 50 16 53 21 48 3 13 126 19 125 22 157 2 17 92 23 88 4 2 60 20 59 27 56 29 64 2 20 138 26 154 3 17 57 25 46 29 51 2 26 73 30 83
32 3 1 175 16 181 23 185 2 2 127 18 180 2 10 39 15 41 2 3 164 30 167 3 4 57 19 73 23 64 2 5 29 26 41 3 6 182 9 177 13 159 2 7 154 22 141 3 1 147 16 172 23 186 3 7 43 20 47 27 59 4 8 73 16 87 27 95 30 78 2 5 90 9 75 2 9 165 11 153 2 12 42 20 40 3 13 221 21 158 22 175 2 16 118 17 144 2 14 57 26 76 3 13 135 19 118 22 131 2 17 74 23 92 2 15 89 22 110 2 17 187 24 199 2 26 70 30 69 2 11 185 18 153 2 20 185 26 173 2 19 85 20 107 3 1 193 8 206 20 209 4 2 52 20 48 27 71 29 72 3 4 41 16 47 21 50 2 15 84 24 91 3 17 56 25 46 29 65 3 4 78 19 61 23 72 2 10 219 28 160
34 3 1 153 16 169 23 193 2 2 155 18 132 3 7 45 20 55 27 48 2 3 151 30 150 3 4 60 19 62 23 61 2 5 37 26 42 3 6 139 9 178 13 186 3 13 159 21 184 22 163 2 7 138 22 167 4 8 81 16 72 27 78 30 79 2 5 97 9 98 2 10 209 28 160 4 8 87 16 84 27 89 30 96 2 11 169 18 164 2 19 74 20 91 2 15 93 24 90 2 10 49 15 37 2 17 100 23 91 2 9 169 11 154 2 26 65 30 80 2 5 80 9 82 2 12 42 20 30 2 14 77 26 75 2 15 100 22 109 2 5 105 9 88 2 16 113 17 121 2 2 164 18 172 2 17 200 24 164 3 1 216 8 159 20 215 3 4 53 16 48 21 45 3 13 132 19 116 22 126 3 17 61 25 68 29 51 4 2 59 20 61 27 67 29 64 2 20 147 26 150
31 2 10 50 15 55 3 1 200 16 203 23 164 2 2 150 18 121 2 3 118 30 136 3 4 69 19 60 23 62 2 5 35 26 37 3 6 161 9 129 13 151 2 3 148 30 117 2 7 185 22 163 4 8 80 16 94 27 91 30 74 4 2 67 20 64 27 66 29 64 2 11 168 18 142 2 12 29 20 38 2 5 86 9 74 2 26 96 30 76 3 7 58 20 59 27 45 2 9 172 11 163 3 13 197 21 176 22 204 2 14 63 26 58 2 17 168 24 175 2 15 121 22 95 3 4 47 16 40 21 51 2 16 98 17 118 2 19 79 20 75 3 1 220 8 209 20 165 2 15 73 24 92 3 13 153 19 126 22 151 2 17 72 23 82 2 20 161 26 145 3 17 46 25 56 29 67 2 10 190 28 223
35 3 1 138 16 162 23 186 2 2 124 18 170 3 1 158 16 190 23 156 2 3 144 30 155 3 4 59 19 68 23 55 2 10 172 28 214 2 5 37 26 42 3 6 165 9 184 13 144 3 1 147 16 147 23 179 2 7 164 22 185 4 8 97 16 79 27 70 30 93 2 11 134 18 166 2 5 86 9 79 3 4 58 19 75 23 64 2 14 79 26 59 2 10 43 15 52 2 9 160 11 141 2 12 38 20 38 3 13 153 21 185 22 165 2 15 100 22 116 3 4 39 16 43 21 57 2 16 105 17 100 2 17 170 24 191 2 19 96 20 74 2 20 150 26 145 3 7 47 20 46 27 52 2 15 86 24 78 3 1 217 8 215 20 211 3 4 40 16 57 21 44 3 13 123 19 151 22 132 2 17 103 23 92 4 2 69 20 69 27 58 29 51 2 20 163 26 182 3 17 60 25 48 29 46 2 26 88 30 72
35 3 1 160 16 155 23 169 2 14 56 26 76 3 13 154 19 111 22 154 2 2 122 18 123 2 3 126 30 137 3 4 64 19 60 23 70 2 10 51 15 37 3 1 194 16 183 23 147 2 5 37 26 41 3 6 142 9 163 13 132 2 7 181 22 133 3 6 151 9 160 13 126 4 8 93 16 92 27 72 30 88 2 5 77 9 85 3 17 57 25 55 29 54 2 3 129 30 132 2 19 80 20 82 2 9 143 11 139 3 7 59 20 40 27 43 2 12 31 20 29 3 13 223 21 166 22 192 2 17 194 24 198 2 15 117 22 112 3 4 63 19 55 23 72 2 16 119 17 110 2 11 167 18 175 2 10 187 28 193 3 1 222 8 158 20 163 2 3 168 30 159 3 4 44 16 56 21 48 2 17 85 23 80 2 15 73 24 70 2 20 158 26 166 4 2 61 20 71 27 49 29 52 2 26 76 30 83
35 3 1 160 16 155 23 169 2 14 56 26 76 3 13 154 19 111 22 154 2 2 122 18 123 2 3 126 30 137 3 4 64 19 60 23 70 2 10 51 15 37 3 1 194 16 183 23 147 2 5 37 26 41 3 6 142 9 163 13 132 2 7 181 22 133 3 6 151 9 160 13 126 4 8 93 16 92 27 72 30 88 2 5 77 9 85 3 17 57 25 55 29 54 2 3 129 30 132 2 19 80 20 82 2 9 143 11 139 3 7 59 20 40 27 43 2 12 31 20 29 3 13 223 21 166 22 192 2 17 194 24 198 2 15 117 22 112 3 4 63 19 55 23 72 2 16 119 17 110 2 11 167 18 175 2 10 187 28 193 3 1 222 8 158 20 163 2 3 168 30 159 3 4 44 16 56 21 48 2 17 85 23 80 2 15 73 24 70 2 20 158 26 166 4 2 61 20 71 27 49 29 52 2 26 76 30 83
32 3 1 188 16 194 23 197 2 14 79 26 78 4 8 76 16 76 27 83 30 83 3 6 179 9 147 13 158 2 2 160 18 134 2 17 201 24 155 3 1 182 16 177 23 204 2 3 152 30 144 3 4 62 19 59 23 72 2 5 38 26 39 2 7 162 22 166 2 10 222 28 199 2 5 80 9 81 2 10 54 15 48 2 9 157 11 167 2 12 34 20 29 2 7 184 22 161 3 13 168 21 229 22 194 2 15 110 22 118 2 26 69 30 77 2 16 113 17 106 2 17 88 23 91 4 2 51 20 55 27 53 29 68 2 11 193 18 186 2 19 88 20 99 3 7 43 20 55 27 53 3 1 167 8 190 20 201 3 4 53 16 48 21 39 3 13 149 19 147 22 118 3 17 53 25 55 29 56 2 15 83 24 82 2 20 154 26 188
34 2 5 87 9 103 3 6 147 9 178 13 129 3 4 40 16 44 21 41 3 1 187 16 184 23 184 2 2 179 18 161 2 10 52 15 47 2 3 147 30 131 3 4 55 19 77 23 72 2 15 126 22 102 2 5 36 26 37 2 7 135 22 157 4 8 72 16 69 27 93 30 87 2 9 167 11 138 2 2 169 18 170 2 12 38 20 34 3 13 154 21 203 22 167 2 12 29 20 38 2 14 69 26 62 3 4 62 19 73 23 58 2 19 103 20 81 2 11 173 18 147 4 2 52 20 61 27 71 29 49 2 16 124 17 114 3 7 44 20 51 27 48 2 17 150 24 161 2 5 35 26 41 3 1 162 8 157 20 176 2 10 182 28 188 3 13 110 19 145 22 152 2 17 100 23 92 2 15 86 24 88 3 17 65 25 59 29 54 2 20 142 26 177 2 26 72 30 65
35 2 10 47 15 53 3 1 138 16 178 23 166 2 2 175 18 173 2 3 153 30 143 3 4 71 19 65 23 66 2 5 37 26 34 3 6 154 9 168 13 185 2 7 185 22 181 2 15 107 22 90 4 8 74 16 85 27 73 30 95 2 5 85 9 80 2 3 168 30 139 2 9 142 11 186 4 2 57 20 49 27 67 29 60 2 12 31 20 38 2 15 113 22 93 3 13 220 21 172 22 224 2 16 123 17 137 3 7 58 20 50 27 41 2 14 60 26 52 3 4 45 16 50 21 53 4 2 70 20 64 27 51 29 51 2 17 143 24 187 2 14 53 26 77 2 11 193 18 131 2 19 85 20 107 3 1 201 8 212 20 219 3 13 124 19 119 22 140 3 13 154 21 213 22 198 2 20 141 26 156 2 17 106 23 83 2 15 74 24 70 3 17 57 25 57 29 63 2 10 228 28 169 2 26 71 30 84
32 3 1 178 16 203 23 169 2 14 75 26 70 4 8 87 16 74 27 83 30 95 3 6 144 9 138 13 163 2 2 171 18 141 2 17 183 24 179 3 1 180 16 185 23 146 2 3 168 30 155 3 4 66 19 73 23 72 2 5 32 26 33 2 7 159 22 175 2 10 201 28 170 2 5 107 9 90 2 10 55 15 41 2 9 148 11 147 2 12 39 20 37 2 7 165 22 182 3 13 181 21 198 22 227 2 15 90 22 104 2 26 66 30 74 2 16 109 17 130 2 17 90 23 82 4 2 53 20 70 27 57 29 71 2 11 132 18 175 2 19 86 20 92 3 7 45 20 58 27 56 3 1 163 8 152 20 153 3 4 54 16 39 21 42 3 13 163 19 113 22 147 3 17 47 25 51 29 65 2 15 79 24 90 2 20 162 26 183
39 3 4 51 16 44 21 49 3 1 153 16 166 23 206 3 4 45 16 50 21 56 2 2 160 18 160 3 1 156 16 179 23 170 2 15 71 24 81 3 4 50 16 49 21 49 2 3 165 30 135 3 4 60 19 66 23 71 2 5 38 26 38 3 6 169 9 145 13 160 2 11 138 18 161 3 1 160 8 186 20 202 2 10 50 15 41 2 7 133 22 129 4 8 76 16 91 27 81 30 99 4 2 54 20 72 27 49 29 63 2 10 50 15 43 2 5 79 9 82 2 9 155 11 186 2 12 31 20 39 2 15 93 22 126 3 13 201 21 193 22 198 2 10 51 15 42 2 14 64 26 72 2 26 66 30 79 2 16 99 17 102 2 2 143 18 124 2 17 137 24 153 2 15 64 24 80 2 19 76 20 85 3 13 114 19 146 22 158 2 17 84 23 72 2 2 123 18 124 2 10 169 28 205 3 17 46 25 60 29 61 2 10 179 28 169 3 7 54 20 45 27 59 2 20 142 26 146
33 3 1 149 16 181 23 184 2 2 124 18 173 2 3 134 30 118 3 4 61 19 67 23 78 2 16 118 17 123 2 5 30 26 30 3 6 147 9 136 13 147 2 7 161 22 174 4 8 76 16 69 27 95 30 90 2 5 102 9 103 2 15 104 22 93 3 4 73 19 54 23 64 2 10 52 15 41 4 2 64 20 70 27 66 29 59 2 9 170 11 158 2 12 40 20 41 3 13 182 21 167 22 211 2 14 72 26 78 2 17 175 24 135 2 26 78 30 69 2 17 89 23 75 2 15 110 22 93 3 17 64 25 62 29 51 2 20 154 26 133 2 11 136 18 144 2 10 193 28 192 2 15 91 24 92 2 19 91 20 81 3 7 47 20 54 27 44 3 4 47 16 51 21 55 2 12 40 20 33 3 13 117 19 115 22 150 3 1 206 8 154 20 196
33 3 1 186 16 175 23 151 2 2 131 18 157 2 3 144 30 153 3 4 77 19 67 23 59 2 16 107 17 130 2 5 38 26 35 3 6 170 9 178 13 142 2 7 142 22 187 4 8 86 16 74 27 69 30 67 2 5 103 9 107 2 15 123 22 106 3 4 73 19 64 23 78 2 10 53 15 37 4 2 64 20 65 27 49 29 67 2 9 168 11 132 2 12 29 20 35 3 13 202 21 191 22 201 2 14 58 26 59 2 17 161 24 170 2 26 94 30 69 2 17 102 23 75 2 15 122 22 124 3 17 48 25 66 29 57 2 20 158 26 158 2 11 140 18 136 2 10 210 28 168 2 15 72 24 90 2 19 107 20 107 3 7 43 20 46 27 59 3 4 46 16 50 21 53 2 12 31 20 33 3 13 153 19 128 22 131 3 1 214 8 209 20 190
34 2 19 92 20 89 3 1 179 16 198 23 180 2 2 145 18 153 2 3 146 30 127 2 12 28 20 40 3 4 73 19 78 23 68 2 20 177 26 140 2 5 32 26 37 4 2 56 20 57 27 67 29 57 2 5 33 26 39 3 6 159 9 136 13 158 2 7 156 22 156 2 20 131 26 129 4 8 98 16 96 27 94 30 96 3 1 168 16 185 23 139 2 15 81 24 93 2 17 93 23 74 3 17 68 25 61 29 46 2 15 91 24 92 2 11 193 18 141 2 16 105 17 108 2 5 72 9 93 2 10 38 15 45 2 9 186 11 133 2 15 103 22 109 3 13 171 21 201 22 160 2 14 74 26 70 2 17 143 24 192 3 1 158 8 212 20 198 3 4 49 16 40 21 52 3 13 159 19 115 22 154 2 10 210 28 163 3 7 57 20 46 27 46 2 26 83 30 69
31 2 10 51 15 46 3 1 170 16 201 23 162 2 2 182 18 173 2 3 129 30 127 3 4 71 19 65 23 71 2 5 42 26 28 3 6 184 9 161 13 138 2 3 150 30 151 2 7 137 22 164 4 8 86 16 87 27 87 30 75 4 2 68 20 53 27 63 29 50 2 11 164 18 194 2 12 43 20 29 2 5 91 9 75 2 26 82 30 64 3 7 47 20 49 27 56 2 9 192 11 163 3 13 228 21 216 22 195 2 14 74 26 71 2 17 190 24 156 2 15 88 22 85 3 4 43 16 44 21 46 2 16 141 17 115 2 19 89 20 104 3 1 159 8 212 20 151 2 15 74 24 64 3 13 133 19 153 22 146 2 17 105 23 80 2 20 139 26 133 3 17 53 25 50 29 59 2 10 187 28 217
33 2 19 95 20 96 3 1 199 16 147 23 182 3 7 51 20 43 27 46 2 17 193 24 165 2 2 161 18 161 2 3 145 30 169 3 7 54 20 51 27 42 3 4 79 19 53 23 66 2 5 29 26 32 2 26 65 30 93 3 6 178 9 127 13 135 2 7 184 22 132 4 8 86 16 92 27 75 30 91 2 5 76 9 76 2 10 52 15 45 2 9 184 11 178 2 12 34 20 31 3 13 175 21 171 22 205 2 14 78 26 72 3 13 129 19 133 22 160 2 16 131 17 129 2 15 104 22 96 4 2 50 20 69 27 64 29 71 3 4 53 19 68 23 61 2 11 156 18 177 3 1 166 8 180 20 209 2 15 65 24 88 2 17 95 23 92 3 17 57 25 49 29 64 2 14 67 26 76 3 4 39 16 45 21 55 2 10 219 28 212 2 20 133 26 134
35 3 1 179 16 146 23 175 2 2 147 18 166 3 1 196 16 187 23 143 2 3 117 30 160 3 4 66 19 67 23 62 2 10 207 28 176 2 5 30 26 39 3 6 170 9 173 13 159 3 1 148 16 145 23 191 2 7 146 22 162 4 8 76 16 95 27 76 30 86 2 11 177 18 166 2 5 90 9 96 3 4 65 19 72 23 65 2 14 54 26 72 2 10 41 15 42 2 9 162 11 188 2 12 40 20 31 3 13 211 21 160 22 212 2 15 110 22 93 3 4 44 16 51 21 43 2 16 124 17 137 2 17 135 24 167 2 19 101 20 101 2 20 153 26 179 3 7 51 20 55 27 44 2 15 88 24 92 3 1 168 8 175 20 152 3 4 46 16 47 21 46 3 13 145 19 158 22 144 2 17 75 23 78 4 2 50 20 52 27 52 29 64 2 20 188 26 158 3 17 65 25 59 29 50 2 26 91 30 84
DUE_DATES: 6146 6146 6146 5876 5876 6397 6397 6397 6107 6107 5705 5705 5705 5705 6211 5658 6684 6281 6281 6281 5528 5528 5528 6274 6274 6007 5370 5370 6619 6619 6287 5910 6078 5708 5885 5409 6141 6146 6146 5935 5621 6213 5786 6413 5425 5599 5850 5505 5571 6218
WEIGHTS: 3 1 2 3 1 3 2 3 2 3 1 1 3 2 1 3 2 3 2 2 2 3 2 2 3 2 1 3 2 3 3 2 3 1 1 3 2 3 1 2 2 3 2 1 2 2 2 3 3 3
