50 30
35 2 1 96 21 81 2 2 174 29 145 2 3 108 7 104 2 4 19 29 16 3 5 155 19 178 26 148 2 6 61 27 76 2 2 175 29 159 2 6 99 28 105 2 4 14 29 17 2 4 67 7 80 3 8 147 9 174 17 178 2 4 66 7 81 2 9 63 27 61 3 10 9 28 10 30 8 2 11 21 22 22 3 16 29 20 40 23 35 3 6 150 12 150 30 182 2 13 61 15 56 3 3 45 15 31 25 31 3 14 201 28 169 30 171 3 5 134 6 147 27 187 2 15 6 22 7 3 5 153 6 133 27 152 2 16 146 28 127 3 2 28 6 28 26 30 2 6 78 17 91 3 4 83 13 90 18 83 2 16 174 19 186 3 6 12 12 17 20 14 2 4 53 21 52 2 1 151 22 133 3 4 159 24 185 30 181 3 6 163 12 194 30 144 2 22 53 29 69 3 20 65 25 76 30 73
40 3 4 80 13 92 18 71 3 6 17 12 17 20 13 3 4 86 13 90 18 77 2 9 49 27 46 3 2 25 6 24 26 32 3 4 69 13 83 18 83 2 1 87 21 74 3 6 17 12 18 20 16 2 2 179 29 194 3 6 181 12 193 30 172 3 5 181 6 163 27 153 2 3 117 7 109 2 4 15 29 14 3 3 45 15 39 25 31 2 2 188 29 172 3 20 63 25 86 30 83 3 5 186 19 191 26 185 2 6 67 27 75 3 5 169 6 130 27 141 2 4 72 7 74 2 4 69 21 64 3 8 176 9 165 17 169 3 10 7 28 7 30 8 3 8 160 9 160 17 137 2 22 54 29 59 2 11 22 22 28 2 13 55 15 64 3 8 150 9 172 17 140 3 14 160 28 186 30 206 2 1 98 21 89 2 1 174 22 185 2 15 6 22 5 3 4 88 13 90 18 70 2 16 142 28 126 2 6 83 17 89 2 16 161 19 169 3 16 29 20 41 23 39 3 4 164 24 175 30 167 3 14 196 28 153 30 140 2 6 92 28 101
36 2 1 96 21 84 2 2 167 29 145 2 3 141 7 131 3 6 15 12 16 20 16 2 4 19 29 19 3 5 190 19 156 26 151 2 4 16 29 15 2 6 53 27 58 2 4 67 7 80 3 8 131 9 153 17 153 2 9 49 27 63 2 1 85 21 94 3 10 9 28 9 30 7 2 11 23 22 29 3 6 188 12 145 30 187 2 13 51 15 64 2 3 131 7 132 3 14 156 28 144 30 155 3 20 78 25 71 30 67 3 6 147 12 206 30 154 2 22 58 29 73 2 4 87 7 86 2 15 6 22 5 3 2 33 6 25 26 29 2 16 123 28 145 2 15 5 22 5 3 3 35 15 34 25 44 3 16 40 20 39 23 31 2 6 99 17 75 3 4 82 13 89 18 81 2 16 168 19 162 2 4 65 21 50 3 5 168 6 134 27 186 2 1 172 22 142 3 4 191 24 179 30 176 2 6 107 28 86
36 2 1 96 21 84 2 2 167 29 145 2 3 141 7 131 3 6 15 12 16 20 16 2 4 19 29 19 3 5 190 19 156 26 151 2 4 16 29 15 2 6 53 27 58 2 4 67 7 80 3 8 131 9 153 17 153 2 9 49 27 63 2 1 85 21 94 3 10 9 28 9 30 7 2 11 23 22 29 3 6 188 12 145 30 187 2 13 51 15 64 2 3 131 7 132 3 14 156 28 144 30 155 3 20 78 25 71 30 67 3 6 147 12 206 30 154 2 22 58 29 73 2 4 87 7 86 2 15 6 22 5 3 2 33 6 25 26 29 2 16 123 28 145 2 15 5 22 5 3 3 35 15 34 25 44 3 16 40 20 39 23 31 2 6 99 17 75 3 4 82 13 89 18 81 2 16 168 19 162 2 4 65 21 50 3 5 168 6 134 27 186 2 1 172 22 142 3 4 191 24 179 30 176 2 6 107 28 86
36 2 1 96 21 84 2 2 167 29 145 2 3 141 7 131 3 6 15 12 16 20 16 2 4 19 29 19 3 5 190 19 156 26 151 2 4 16 29 15 2 6 53 27 58 2 4 67 7 80 3 8 131 9 153 17 153 2 9 49 27 63 2 1 85 21 94 3 10 9 28 9 30 7 2 11 23 22 29 3 6 188 12 145 30 187 2 13 51 15 64 2 3 131 7 132 3 14 156 28 144 30 155 3 20 78 25 71 30 67 3 6 147 12 206 30 154 2 22 58 29 73 2 4 87 7 86 2 15 6 22 5 3 2 33 6 25 26 29 2 16 123 28 145 2 15 5 22 5 3 3 35 15 34 25 44 3 16 40 20 39 23 31 2 6 99 17 75 3 4 82 13 89 18 81 2 16 168 19 162 2 4 65 21 50 3 5 168 6 134 27 186 2 1 172 22 142 3 4 191 24 179 30 176 2 6 107 28 86
35 3 20 61 25 77 30 88 2 1 78 21 99 2 4 15 29 15 3 20 90 25 65 30 74 3 4 162 24 214 30 208 2 2 191 29 164 2 3 97 7 132 3 5 195 19 150 26 187 3 4 72 13 89 18 80 2 6 72 27 60 2 4 92 7 82 2 1 168 22 156 2 1 90 21 91 3 8 138 9 147 17 172 2 16 133 19 192 2 4 17 29 16 3 6 191 12 139 30 168 2 9 49 27 59 3 10 7 28 10 30 8 2 11 29 22 21 2 1 189 22 141 3 3 39 15 32 25 32 2 13 58 15 68 3 14 155 28 198 30 205 2 15 6 22 4 3 2 22 6 25 26 32 2 16 123 28 109 3 5 137 6 128 27 135 2 13 70 15 70 2 6 80 17 91 3 6 14 12 17 20 16 2 4 57 21 62 3 16 30 20 39 23 38 2 6 94 28 95 2 22 64 29 60
35 3 20 61 25 77 30 88 2 1 78 21 99 2 4 15 29 15 3 20 90 25 65 30 74 3 4 162 24 214 30 208 2 2 191 29 164 2 3 97 7 132 3 5 195 19 150 26 187 3 4 72 13 89 18 80 2 6 72 27 60 2 4 92 7 82 2 1 168 22 156 2 1 90 21 91 3 8 138 9 147 17 172 2 16 133 19 192 2 4 17 29 16 3 6 191 12 139 30 168 2 9 49 27 59 3 10 7 28 10 30 8 2 11 29 22 21 2 1 189 22 141 3 3 39 15 32 25 32 2 13 58 15 68 3 14 155 28 198 30 205 2 15 6 22 4 3 2 22 6 25 26 32 2 16 123 28 109 3 5 137 6 128 27 135 2 13 70 15 70 2 6 80 17 91 3 6 14 12 17 20 16 2 4 57 21 62 3 16 30 20 39 23 38 2 6 94 28 95 2 22 64 29 60
36 2 1 73 21 84 2 16 170 19 178 2 2 141 29 160 2 16 155 19 173 2 3 142 7 121 2 4 18 29 17 2 3 98 7 96 3 5 160 19 178 26 170 2 2 176 29 168 3 8 150 9 136 17 145 3 4 228 24 183 30 164 2 6 83 28 92 2 6 74 27 74 2 4 84 7 93 3 14 192 28 193 30 152 2 9 50 27 61 2 22 64 29 65 3 6 154 12 144 30 158 3 6 18 12 13 20 13 3 2 29 6 27 26 26 2 3 102 7 105 3 10 10 28 8 30 7 2 11 28 22 29 2 13 51 15 66 2 15 6 22 6 3 14 142 28 177 30 180 2 6 75 17 72 2 16 132 28 106 3 4 90 13 84 18 67 3 20 78 25 78 30 84 3 5 166 19 189 26 159 3 16 28 20 34 23 37 2 4 70 21 51 2 1 134 22 130 3 3 38 15 38 25 45 3 5 185 6 141 27 158
36 2 1 73 21 84 2 16 170 19 178 2 2 141 29 160 2 16 155 19 173 2 3 142 7 121 2 4 18 29 17 2 3 98 7 96 3 5 160 19 178 26 170 2 2 176 29 168 3 8 150 9 136 17 145 3 4 228 24 183 30 164 2 6 83 28 92 2 6 74 27 74 2 4 84 7 93 3 14 192 28 193 30 152 2 9 50 27 61 2 22 64 29 65 3 6 154 12 144 30 158 3 6 18 12 13 20 13 3 2 29 6 27 26 26 2 3 102 7 105 3 10 10 28 8 30 7 2 11 28 22 29 2 13 51 15 66 2 15 6 22 6 3 14 142 28 177 30 180 2 6 75 17 72 2 16 132 28 106 3 4 90 13 84 18 67 3 20 78 25 78 30 84 3 5 166 19 189 26 159 3 16 28 20 34 23 37 2 4 70 21 51 2 1 134 22 130 3 3 38 15 38 25 45 3 5 185 6 141 27 158
36 2 1 73 21 84 2 16 170 19 178 2 2 141 29 160 2 16 155 19 173 2 3 142 7 121 2 4 18 29 17 2 3 98 7 96 3 5 160 19 178 26 170 2 2 176 29 168 3 8 150 9 136 17 145 3 4 228 24 183 30 164 2 6 83 28 92 2 6 74 27 74 2 4 84 7 93 3 14 192 28 193 30 152 2 9 50 27 61 2 22 64 29 65 3 6 154 12 144 30 158 3 6 18 12 13 20 13 3 2 29 6 27 26 26 2 3 102 7 105 3 10 10 28 8 30 7 2 11 28 22 29 2 13 51 15 66 2 15 6 22 6 3 14 142 28 177 30 180 2 6 75 17 72 2 16 132 28 106 3 4 90 13 84 18 67 3 20 78 25 78 30 84 3 5 166 19 189 26 159 3 16 28 20 34 23 37 2 4 70 21 51 2 1 134 22 130 3 3 38 15 38 25 45 3 5 185 6 141 27 158
36 2 1 81 21 99 2 2 181 29 166 2 3 132 7 125 2 2 172 29 136 3 5 177 19 190 26 202 2 4 18 29 14 2 6 69 27 61 2 4 89 7 86 3 8 147 9 127 17 151 2 3 102 7 127 2 9 63 27 53 2 4 14 29 14 3 10 10 28 7 30 9 3 16 41 20 37 23 36 3 4 188 24 229 30 221 2 11 21 22 25 3 4 98 13 82 18 72 3 6 178 12 200 30 158 2 13 65 15 61 3 14 182 28 145 30 197 2 15 6 22 6 2 16 119 28 121 2 9 46 27 49 3 6 14 12 17 20 14 2 6 85 17 89 2 1 78 21 77 2 16 163 19 184 2 4 72 21 53 3 4 85 13 81 18 88 2 1 158 22 172 3 20 79 25 77 30 80 3 3 36 15 38 25 31 3 2 25 6 29 26 29 3 5 172 6 159 27 175 2 22 58 29 66 2 6 106 28 74
36 2 1 81 21 99 2 2 181 29 166 2 3 132 7 125 2 2 172 29 136 3 5 177 19 190 26 202 2 4 18 29 14 2 6 69 27 61 2 4 89 7 86 3 8 147 9 127 17 151 2 3 102 7 127 2 9 63 27 53 2 4 14 29 14 3 10 10 28 7 30 9 3 16 41 20 37 23 36 3 4 188 24 229 30 221 2 11 21 22 25 3 4 98 13 82 18 72 3 6 178 12 200 30 158 2 13 65 15 61 3 14 182 28 145 30 197 2 15 6 22 6 2 16 119 28 121 2 9 46 27 49 3 6 14 12 17 20 14 2 6 85 17 89 2 1 78 21 77 2 16 163 19 184 2 4 72 21 53 3 4 85 13 81 18 88 2 1 158 22 172 3 20 79 25 77 30 80 3 3 36 15 38 25 31 3 2 25 6 29 26 29 3 5 172 6 159 27 175 2 22 58 29 66 2 6 106 28 74
35 2 1 105 21 89 2 2 180 29 184 3 14 162 28 183 30 196 2 2 157 29 159 3 2 28 6 22 26 30 2 3 123 7 113 2 13 69 15 59 2 4 19 29 18 3 6 188 12 180 30 167 3 5 142 19 139 26 139 2 6 53 27 69 2 4 70 7 87 3 8 128 9 145 17 127 3 10 10 28 7 30 10 2 9 49 27 55 2 11 25 22 23 3 6 180 12 148 30 181 2 15 6 22 7 3 16 30 20 33 23 39 2 16 133 28 133 3 16 32 20 39 23 39 2 22 64 29 55 2 6 69 17 67 3 4 94 13 80 18 70 2 16 167 19 193 3 6 16 12 16 20 13 2 4 67 21 73 3 3 43 15 38 25 38 2 1 161 22 156 3 4 159 24 192 30 202 3 5 142 6 147 27 142 3 3 39 15 45 25 32 2 6 85 28 104 3 14 205 28 158 30 151 3 20 76 25 91 30 62
39 3 4 216 24 204 30 157 2 1 73 21 85 3 4 188 24 163 30 179 2 2 165 29 138 3 4 219 24 162 30 188 2 3 101 7 112 2 4 17 29 17 2 1 137 22 145 3 5 189 19 177 26 184 2 6 62 27 69 3 6 163 12 151 30 196 2 4 75 7 92 2 3 97 7 109 3 8 151 9 157 17 156 2 4 55 21 71 3 2 25 6 25 26 30 2 9 45 27 49 2 6 89 17 91 2 3 98 7 118 3 10 9 28 8 30 7 2 16 180 19 132 3 4 193 24 217 30 190 2 11 27 22 22 2 1 96 21 83 2 13 51 15 53 3 5 183 6 191 27 129 3 10 9 28 7 30 7 3 4 96 13 95 18 70 3 3 43 15 31 25 41 2 16 167 19 141 2 15 5 22 5 3 14 149 28 169 30 148 3 6 16 12 16 20 17 2 16 114 28 136 3 16 31 20 28 23 40 3 20 78 25 62 30 81 3 14 141 28 192 30 179 2 6 104 28 98 2 22 72 29 54
36 3 4 190 24 228 30 220 2 1 90 21 104 2 2 153 29 167 2 3 95 7 141 2 4 15 29 19 3 20 65 25 67 30 81 3 5 182 19 155 26 140 2 16 102 28 120 3 10 8 28 10 30 10 3 4 158 24 166 30 199 2 6 64 27 51 2 4 88 7 62 2 1 101 21 73 3 4 97 13 89 18 77 2 3 122 7 120 2 22 62 29 65 3 8 146 9 167 17 168 2 1 148 22 128 3 4 98 13 79 18 93 2 9 54 27 50 2 11 24 22 24 3 6 171 12 171 30 171 2 13 52 15 52 2 3 112 7 135 3 14 190 28 177 30 145 2 15 5 22 5 2 13 69 15 63 2 6 70 17 95 2 16 131 19 172 3 5 154 6 166 27 146 3 6 15 12 17 20 17 2 4 52 21 68 2 6 83 28 96 3 16 32 20 38 23 34 3 3 35 15 33 25 36 3 2 29 6 23 26 33
36 3 4 190 24 228 30 220 2 1 90 21 104 2 2 153 29 167 2 3 95 7 141 2 4 15 29 19 3 20 65 25 67 30 81 3 5 182 19 155 26 140 2 16 102 28 120 3 10 8 28 10 30 10 3 4 158 24 166 30 199 2 6 64 27 51 2 4 88 7 62 2 1 101 21 73 3 4 97 13 89 18 77 2 3 122 7 120 2 22 62 29 65 3 8 146 9 167 17 168 2 1 148 22 128 3 4 98 13 79 18 93 2 9 54 27 50 2 11 24 22 24 3 6 171 12 171 30 171 2 13 52 15 52 2 3 112 7 135 3 14 190 28 177 30 145 2 15 5 22 5 2 13 69 15 63 2 6 70 17 95 2 16 131 19 172 3 5 154 6 166 27 146 3 6 15 12 17 20 17 2 4 52 21 68 2 6 83 28 96 3 16 32 20 38 23 34 3 3 35 15 33 25 36 3 2 29 6 23 26 33
36 2 1 82 21 89 2 2 170 29 174 2 3 104 7 129 2 2 132 29 143 3 5 143 19 174 26 153 2 4 18 29 15 2 6 63 27 53 2 4 78 7 73 3 8 134 9 172 17 159 2 3 115 7 101 2 9 62 27 52 2 4 18 29 18 3 10 8 28 9 30 9 3 16 32 20 41 23 31 3 4 212 24 218 30 199 2 11 20 22 20 3 4 69 13 99 18 100 3 6 184 12 158 30 205 2 13 68 15 51 3 14 191 28 194 30 164 2 15 4 22 5 2 16 116 28 126 2 9 57 27 55 3 6 17 12 17 20 14 2 6 98 17 67 2 1 85 21 103 2 16 183 19 164 2 4 62 21 61 3 4 89 13 95 18 84 2 1 174 22 184 3 20 85 25 64 30 82 3 3 40 15 34 25 39 3 2 24 6 24 26 30 3 5 189 6 186 27 142 2 22 61 29 54 2 6 102 28 111
36 2 1 82 21 89 2 2 170 29 174 2 3 104 7 129 2 2 132 29 143 3 5 143 19 174 26 153 2 4 18 29 15 2 6 63 27 53 2 4 78 7 73 3 8 134 9 172 17 159 2 3 115 7 101 2 9 62 27 52 2 4 18 29 18 3 10 8 28 9 30 9 3 16 32 20 41 23 31 3 4 212 24 218 30 199 2 11 20 22 20 3 4 69 13 99 18 100 3 6 184 12 158 30 205 2 13 68 15 51 3 14 191 28 194 30 164 2 15 4 22 5 2 16 116 28 126 2 9 57 27 55 3 6 17 12 17 20 14 2 6 98 17 67 2 1 85 21 103 2 16 183 19 164 2 4 62 21 61 3 4 89 13 95 18 84 2 1 174 22 184 3 20 85 25 64 30 82 3 3 40 15 34 25 39 3 2 24 6 24 26 30 3 5 189 6 186 27 142 2 22 61 29 54 2 6 102 28 111
35 3 20 87 25 77 30 61 2 1 95 21 99 2 4 14 29 17 3 20 75 25 66 30 71 3 4 170 24 209 30 194 2 2 155 29 186 2 3 117 7 134 3 5 155 19 172 26 199 3 4 99 13 87 18 89 2 6 70 27 68 2 4 62 7 79 2 1 186 22 178 2 1 91 21 102 3 8 124 9 145 17 167 2 16 158 19 161 2 4 15 29 14 3 6 161 12 143 30 139 2 9 63 27 60 3 10 8 28 10 30 8 2 11 24 22 27 2 1 181 22 137 3 3 35 15 30 25 41 2 13 65 15 66 3 14 151 28 168 30 150 2 15 6 22 5 3 2 26 6 22 26 27 2 16 139 28 145 3 5 160 6 137 27 141 2 13 52 15 53 2 6 83 17 76 3 6 14 12 13 20 14 2 4 65 21 66 3 16 33 20 31 23 37 2 6 98 28 96 2 22 61 29 52
36 2 1 94 21 74 2 16 168 19 159 2 2 178 29 183 2 16 184 19 157 2 3 140 7 109 2 4 13 29 16 2 3 100 7 120 3 5 159 19 196 26 192 2 2 186 29 179 3 8 169 9 181 17 137 3 4 175 24 189 30 232 2 6 102 28 103 2 6 61 27 62 2 4 66 7 70 3 14 178 28 189 30 198 2 9 55 27 47 2 22 70 29 52 3 6 198 12 151 30 152 3 6 17 12 14 20 16 3 2 24 6 32 26 29 2 3 118 7 135 3 10 7 28 8 30 7 2 11 27 22 29 2 13 59 15 52 2 15 6 22 5 3 14 155 28 179 30 180 2 6 90 17 89 2 16 130 28 124 3 4 69 13 67 18 78 3 20 66 25 83 30 80 3 5 154 19 190 26 155 3 16 32 20 32 23 31 2 4 73 21 73 2 1 129 22 150 3 3 43 15 38 25 43 3 5 147 6 153 27 162
36 2 1 94 21 74 2 16 168 19 159 2 2 178 29 183 2 16 184 19 157 2 3 140 7 109 2 4 13 29 16 2 3 100 7 120 3 5 159 19 196 26 192 2 2 186 29 179 3 8 169 9 181 17 137 3 4 175 24 189 30 232 2 6 102 28 103 2 6 61 27 62 2 4 66 7 70 3 14 178 28 189 30 198 2 9 55 27 47 2 22 70 29 52 3 6 198 12 151 30 152 3 6 17 12 14 20 16 3 2 24 6 32 26 29 2 3 118 7 135 3 10 7 28 8 30 7 2 11 27 22 29 2 13 59 15 52 2 15 6 22 5 3 14 155 28 179 30 180 2 6 90 17 89 2 16 130 28 124 3 4 69 13 67 18 78 3 20 66 25 83 30 80 3 5 154 19 190 26 155 3 16 32 20 32 23 31 2 4 73 21 73 2 1 129 22 150 3 3 43 15 38 25 43 3 5 147 6 153 27 162
36 2 1 80 21 90 2 16 176 19 170 2 2 147 29 192 2 16 135 19 168 2 3 102 7 108 2 4 17 29 13 2 3 114 7 110 3 5 177 19 184 26 162 2 2 155 29 194 3 8 154 9 170 17 152 3 4 215 24 180 30 185 2 6 109 28 108 2 6 52 27 61 2 4 71 7 67 3 14 153 28 206 30 157 2 9 65 27 65 2 22 57 29 60 3 6 148 12 162 30 151 3 6 15 12 17 20 13 3 2 31 6 30 26 29 2 3 109 7 102 3 10 8 28 7 30 7 2 11 23 22 23 2 13 48 15 48 2 15 6 22 6 3 14 148 28 178 30 162 2 6 93 17 83 2 16 119 28 135 3 4 79 13 80 18 79 3 20 75 25 72 30 89 3 5 170 19 204 26 155 3 16 30 20 31 23 30 2 4 59 21 61 2 1 129 22 150 3 3 32 15 33 25 44 3 5 158 6 142 27 187
36 2 1 80 21 90 2 16 176 19 170 2 2 147 29 192 2 16 135 19 168 2 3 102 7 108 2 4 17 29 13 2 3 114 7 110 3 5 177 19 184 26 162 2 2 155 29 194 3 8 154 9 170 17 152 3 4 215 24 180 30 185 2 6 109 28 108 2 6 52 27 61 2 4 71 7 67 3 14 153 28 206 30 157 2 9 65 27 65 2 22 57 29 60 3 6 148 12 162 30 151 3 6 15 12 17 20 13 3 2 31 6 30 26 29 2 3 109 7 102 3 10 8 28 7 30 7 2 11 23 22 23 2 13 48 15 48 2 15 6 22 6 3 14 148 28 178 30 162 2 6 93 17 83 2 16 119 28 135 3 4 79 13 80 18 79 3 20 75 25 72 30 89 3 5 170 19 204 26 155 3 16 30 20 31 23 30 2 4 59 21 61 2 1 129 22 150 3 3 32 15 33 25 44 3 5 158 6 142 27 187
39 3 4 203 24 168 30 202 2 1 96 21 88 3 4 198 24 160 30 181 2 2 133 29 175 3 4 220 24 166 30 201 2 3 112 7 136 2 4 19 29 18 2 1 133 22 157 3 5 153 19 196 26 205 2 6 57 27 75 3 6 164 12 189 30 159 2 4 77 7 84 2 3 103 7 104 3 8 125 9 169 17 148 2 4 52 21 66 3 2 32 6 33 26 32 2 9 56 27 47 2 6 92 17 82 2 3 104 7 126 3 10 8 28 8 30 7 2 16 184 19 163 3 4 192 24 186 30 175 2 11 27 22 23 2 1 85 21 102 2 13 54 15 64 3 5 177 6 134 27 186 3 10 10 28 8 30 10 3 4 100 13 83 18 75 3 3 42 15 32 25 39 2 16 134 19 130 2 15 5 22 6 3 14 145 28 179 30 200 3 6 17 12 14 20 15 2 16 121 28 143 3 16 32 20 31 23 31 3 20 85 25 67 30 64 3 14 200 28 177 30 149 2 6 111 28 77 2 22 55 29 76
36 3 4 225 24 184 30 195 2 1 72 21 92 2 2 142 29 155 2 3 115 7 116 2 4 19 29 18 3 20 65 25 72 30 89 3 5 172 19 191 26 140 2 16 113 28 115 3 10 8 28 8 30 7 3 4 157 24 220 30 185 2 6 75 27 51 2 4 85 7 89 2 1 94 21 93 3 4 83 13 72 18 94 2 3 140 7 121 2 22 75 29 68 3 8 123 9 142 17 144 2 1 154 22 135 3 4 86 13 89 18 80 2 9 51 27 48 2 11 25 22 26 3 6 170 12 183 30 201 2 13 65 15 64 2 3 114 7 101 3 14 171 28 190 30 169 2 15 6 22 5 2 13 63 15 63 2 6 76 17 82 2 16 172 19 139 3 5 164 6 143 27 139 3 6 14 12 12 20 18 2 4 60 21 63 2 6 97 28 78 3 16 37 20 33 23 35 3 3 31 15 38 25 39 3 2 30 6 30 26 23
36 3 4 225 24 184 30 195 2 1 72 21 92 2 2 142 29 155 2 3 115 7 116 2 4 19 29 18 3 20 65 25 72 30 89 3 5 172 19 191 26 140 2 16 113 28 115 3 10 8 28 8 30 7 3 4 157 24 220 30 185 2 6 75 27 51 2 4 85 7 89 2 1 94 21 93 3 4 83 13 72 18 94 2 3 140 7 121 2 22 75 29 68 3 8 123 9 142 17 144 2 1 154 22 135 3 4 86 13 89 18 80 2 9 51 27 48 2 11 25 22 26 3 6 170 12 183 30 201 2 13 65 15 64 2 3 114 7 101 3 14 171 28 190 30 169 2 15 6 22 5 2 13 63 15 63 2 6 76 17 82 2 16 172 19 139 3 5 164 6 143 27 139 3 6 14 12 12 20 18 2 4 60 21 63 2 6 97 28 78 3 16 37 20 33 23 35 3 3 31 15 38 25 39 3 2 30 6 30 26 23
36 3 4 227 24 179 30 228 2 1 94 21 83 2 2 192 29 193 2 3 108 7 136 2 4 16 29 17 3 20 65 25 64 30 63 3 5 147 19 147 26 178 2 16 129 28 121 3 10 9 28 9 30 10 3 4 185 24 228 30 192 2 6 67 27 53 2 4 72 7 73 2 1 99 21 83 3 4 70 13 95 18 89 2 3 129 7 127 2 22 76 29 54 3 8 178 9 122 17 123 2 1 168 22 185 3 4 98 13 70 18 93 2 9 67 27 63 2 11 23 22 29 3 6 153 12 179 30 182 2 13 60 15 59 2 3 111 7 121 3 14 180 28 192 30 154 2 15 6 22 5 2 13 58 15 63 2 6 80 17 86 2 16 174 19 164 3 5 188 6 187 27 151 3 6 17 12 14 20 18 2 4 69 21 69 2 6 82 28 104 3 16 39 20 36 23 35 3 3 30 15 44 25 44 3 2 24 6 22 26 32
36 3 4 227 24 179 30 228 2 1 94 21 83 2 2 192 29 193 2 3 108 7 136 2 4 16 29 17 3 20 65 25 64 30 63 3 5 147 19 147 26 178 2 16 129 28 121 3 10 9 28 9 30 10 3 4 185 24 228 30 192 2 6 67 27 53 2 4 72 7 73 2 1 99 21 83 3 4 70 13 95 18 89 2 3 129 7 127 2 22 76 29 54 3 8 178 9 122 17 123 2 1 168 22 185 3 4 98 13 70 18 93 2 9 67 27 63 2 11 23 22 29 3 6 153 12 179 30 182 2 13 60 15 59 2 3 111 7 121 3 14 180 28 192 30 154 2 15 6 22 5 2 13 58 15 63 2 6 80 17 86 2 16 174 19 164 3 5 188 6 187 27 151 3 6 17 12 14 20 18 2 4 69 21 69 2 6 82 28 104 3 16 39 20 36 23 35 3 3 30 15 44 25 44 3 2 24 6 22 26 32
35 2 3 116 7 142 2 15 5 22 6 2 1 106 21 77 3 5 131 6 140 27 133 2 2 131 29 189 3 5 149 6 158 27 160 2 4 17 29 14 3 5 195 19 163 26 191 2 11 21 22 20 2 6 53 27 72 2 4 78 7 85 3 16 28 20 41 23 30 3 8 164 9 164 17 176 2 4 73 21 65 2 11 20 22 29 2 6 68 17 82 2 3 137 7 122 2 9 49 27 45 3 10 10 28 8 30 10 2 1 87 21 77 3 6 199 12 203 30 162 2 13 53 15 66 2 6 82 28 108 3 14 162 28 169 30 196 2 16 139 28 123 2 3 99 7 124 2 22 69 29 53 2 16 131 19 136 3 20 74 25 78 30 90 2 1 183 22 148 3 4 85 13 94 18 82 3 6 18 12 13 20 16 3 3 35 15 33 25 40 3 2 24 6 26 26 32 3 4 225 24 224 30 170
35 2 3 116 7 142 2 15 5 22 6 2 1 106 21 77 3 5 131 6 140 27 133 2 2 131 29 189 3 5 149 6 158 27 160 2 4 17 29 14 3 5 195 19 163 26 191 2 11 21 22 20 2 6 53 27 72 2 4 78 7 85 3 16 28 20 41 23 30 3 8 164 9 164 17 176 2 4 73 21 65 2 11 20 22 29 2 6 68 17 82 2 3 137 7 122 2 9 49 27 45 3 10 10 28 8 30 10 2 1 87 21 77 3 6 199 12 203 30 162 2 13 53 15 66 2 6 82 28 108 3 14 162 28 169 30 196 2 16 139 28 123 2 3 99 7 124 2 22 69 29 53 2 16 131 19 136 3 20 74 25 78 30 90 2 1 183 22 148 3 4 85 13 94 18 82 3 6 18 12 13 20 16 3 3 35 15 33 25 40 3 2 24 6 26 26 32 3 4 225 24 224 30 170
34 2 1 104 21 82 3 8 167 9 169 17 129 2 2 194 29 184 3 4 216 24 202 30 166 2 6 99 17 80 2 3 101 7 113 2 4 16 29 20 2 4 52 21 69 3 5 160 19 142 26 172 2 9 62 27 64 3 5 137 6 163 27 148 2 9 46 27 49 2 6 57 27 76 2 1 147 22 172 3 8 163 9 125 17 146 2 4 81 7 77 3 10 8 28 8 30 9 2 11 26 22 22 3 6 168 12 196 30 155 2 13 57 15 67 3 14 161 28 199 30 175 2 15 6 22 6 3 6 13 12 13 20 15 2 16 135 28 101 3 4 93 13 69 18 79 2 16 163 19 173 3 2 24 6 31 26 23 2 4 71 21 60 3 16 30 20 38 23 33 3 3 35 15 43 25 35 2 6 78 28 104 2 9 59 27 49 2 22 72 29 54 3 20 68 25 87 30 82
35 2 1 78 21 78 2 4 82 7 69 2 2 134 29 166 2 3 119 7 114 2 2 164 29 174 2 4 18 29 16 3 5 140 19 140 26 170 2 6 56 27 58 3 20 88 25 66 30 70 2 4 68 7 77 3 8 143 9 171 17 141 3 6 169 12 151 30 179 2 3 131 7 102 2 9 65 27 46 3 10 7 28 8 30 8 3 14 202 28 197 30 203 2 4 70 21 73 2 11 29 22 26 3 6 15 12 13 20 16 3 3 43 15 45 25 32 2 16 140 19 138 2 13 50 15 49 2 15 5 22 5 3 14 198 28 177 30 201 2 16 128 28 125 2 6 89 17 81 3 14 173 28 170 30 205 3 4 78 13 97 18 81 2 1 150 22 188 3 16 36 20 31 23 40 3 2 33 6 29 26 28 3 4 230 24 195 30 220 2 22 71 29 66 3 5 141 6 138 27 167 2 6 101 28 107
35 2 1 78 21 78 2 4 82 7 69 2 2 134 29 166 2 3 119 7 114 2 2 164 29 174 2 4 18 29 16 3 5 140 19 140 26 170 2 6 56 27 58 3 20 88 25 66 30 70 2 4 68 7 77 3 8 143 9 171 17 141 3 6 169 12 151 30 179 2 3 131 7 102 2 9 65 27 46 3 10 7 28 8 30 8 3 14 202 28 197 30 203 2 4 70 21 73 2 11 29 22 26 3 6 15 12 13 20 16 3 3 43 15 45 25 32 2 16 140 19 138 2 13 50 15 49 2 15 5 22 5 3 14 198 28 177 30 201 2 16 128 28 125 2 6 89 17 81 3 14 173 28 170 30 205 3 4 78 13 97 18 81 2 1 150 22 188 3 16 36 20 31 23 40 3 2 33 6 29 26 28 3 4 230 24 195 30 220 2 22 71 29 66 3 5 141 6 138 27 167 2 6 101 28 107
35 2 1 78 21 78 2 4 82 7 92 2 2 188 29 168 2 3 95 7 123 2 2 143 29 149 2 4 17 29 17 3 5 180 19 158 26 170 2 6 52 27 71 3 20 66 25 88 30 62 2 4 88 7 77 3 8 160 9 170 17 136 3 6 169 12 193 30 204 2 3 124 7 127 2 9 57 27 61 3 10 7 28 8 30 9 3 14 208 28 187 30 156 2 4 71 21 63 2 11 26 22 23 3 6 12 12 18 20 13 3 3 44 15 42 25 38 2 16 133 19 162 2 13 51 15 47 2 15 7 22 6 3 14 164 28 161 30 187 2 16 105 28 145 2 6 71 17 76 3 14 204 28 151 30 143 3 4 73 13 69 18 76 2 1 132 22 146 3 16 31 20 28 23 37 3 2 28 6 31 26 24 3 4 194 24 231 30 209 2 22 71 29 69 3 5 165 6 150 27 151 2 6 95 28 81
35 2 1 74 21 99 2 4 87 7 75 2 1 78 21 101 2 2 187 29 155 2 1 71 21 105 2 3 132 7 141 2 4 16 29 18 3 4 88 13 67 18 87 2 4 74 7 80 3 5 185 19 166 26 167 2 6 74 27 69 3 8 124 9 149 17 133 2 9 65 27 53 3 10 7 28 7 30 9 3 5 187 6 156 27 157 2 11 21 22 26 3 6 15 12 15 20 18 3 6 190 12 143 30 192 2 13 56 15 49 3 14 192 28 209 30 185 3 16 33 20 37 23 40 2 15 5 22 5 2 16 140 28 101 3 20 63 25 86 30 74 2 6 93 28 76 2 6 96 17 82 3 4 168 24 227 30 226 2 11 28 22 20 2 1 150 22 176 2 16 153 19 162 2 22 71 29 67 3 3 31 15 38 25 31 2 1 88 21 103 2 4 51 21 68 3 2 33 6 29 26 27
35 2 1 74 21 99 2 4 87 7 75 2 1 78 21 101 2 2 187 29 155 2 1 71 21 105 2 3 132 7 141 2 4 16 29 18 3 4 88 13 67 18 87 2 4 74 7 80 3 5 185 19 166 26 167 2 6 74 27 69 3 8 124 9 149 17 133 2 9 65 27 53 3 10 7 28 7 30 9 3 5 187 6 156 27 157 2 11 21 22 26 3 6 15 12 15 20 18 3 6 190 12 143 30 192 2 13 56 15 49 3 14 192 28 209 30 185 3 16 33 20 37 23 40 2 15 5 22 5 2 16 140 28 101 3 20 63 25 86 30 74 2 6 93 28 76 2 6 96 17 82 3 4 168 24 227 30 226 2 11 28 22 20 2 1 150 22 176 2 16 153 19 162 2 22 71 29 67 3 3 31 15 38 25 31 2 1 88 21 103 2 4 51 21 68 3 2 33 6 29 26 27
36 3 16 39 20 29 23 41 3 20 64 25 68 30 78 2 1 81 21 96 3 16 34 20 34 23 39 2 2 160 29 135 3 16 41 20 41 23 33 2 3 95 7 127 2 4 59 21 50 3 3 42 15 37 25 35 2 4 15 29 16 3 2 32 6 31 26 25 2 22 76 29 62 3 6 14 12 13 20 17 3 4 162 24 168 30 196 3 16 38 20 32 23 30 3 5 158 19 172 26 156 2 6 63 27 56 3 3 42 15 45 25 42 3 5 128 6 159 27 168 2 4 90 7 65 3 8 133 9 169 17 150 2 9 63 27 66 3 10 8 28 9 30 10 2 13 63 15 67 2 6 109 28 76 2 11 23 22 20 3 14 150 28 181 30 168 3 6 168 12 164 30 199 2 6 76 17 94 2 3 133 7 123 2 15 4 22 6 3 4 84 13 96 18 94 2 16 144 28 121 2 11 26 22 26 2 16 154 19 133 2 1 131 22 185
35 3 4 200 24 221 30 201 2 4 55 21 67 3 14 206 28 193 30 168 2 1 98 21 97 2 2 167 29 131 3 14 193 28 205 30 152 2 9 48 27 62 2 3 123 7 106 2 15 6 22 6 2 3 120 7 123 2 16 101 28 117 2 4 13 29 14 2 9 60 27 56 3 5 145 19 146 26 191 3 2 31 6 26 26 27 3 5 142 6 179 27 165 2 6 62 27 64 2 16 146 19 142 3 5 160 6 169 27 175 2 4 92 7 67 3 8 153 9 126 17 178 3 20 74 25 70 30 80 3 10 7 28 9 30 7 2 22 57 29 70 2 11 26 22 23 3 6 190 12 161 30 179 2 1 162 22 188 3 16 40 20 37 23 37 2 13 56 15 61 2 6 68 17 77 3 5 192 19 178 26 150 3 3 42 15 38 25 44 3 4 97 13 79 18 93 3 6 17 12 18 20 16 2 6 80 28 77
35 2 1 74 21 91 2 2 163 29 161 3 14 164 28 160 30 203 2 2 189 29 133 3 2 26 6 32 26 30 2 3 106 7 129 2 13 54 15 69 2 4 20 29 14 3 6 157 12 161 30 200 3 5 141 19 170 26 188 2 6 59 27 56 2 4 91 7 62 3 8 148 9 171 17 153 3 10 9 28 7 30 9 2 9 48 27 45 2 11 22 22 23 3 6 142 12 175 30 207 2 15 6 22 6 3 16 38 20 33 23 29 2 16 139 28 99 3 16 36 20 28 23 38 2 22 55 29 60 2 6 73 17 91 3 4 81 13 80 18 75 2 16 138 19 177 3 6 15 12 17 20 15 2 4 71 21 51 3 3 31 15 32 25 30 2 1 185 22 179 3 4 164 24 155 30 173 3 5 149 6 164 27 169 3 3 43 15 31 25 41 2 6 84 28 97 3 14 207 28 145 30 169 3 20 71 25 85 30 83
35 2 1 78 21 92 2 4 84 7 76 2 1 95 21 93 2 2 191 29 189 2 1 83 21 85 2 3 108 7 96 2 4 19 29 14 3 4 67 13 89 18 69 2 4 66 7 77 3 5 189 19 199 26 194 2 6 65 27 62 3 8 128 9 177 17 145 2 9 54 27 59 3 10 10 28 8 30 7 3 5 173 6 131 27 147 2 11 21 22 27 3 6 17 12 19 20 17 3 6 150 12 189 30 139 2 13 56 15 49 3 14 150 28 194 30 161 3 16 38 20 31 23 28 2 15 5 22 6 2 16 143 28 126 3 20 83 25 67 30 76 2 6 79 28 92 2 6 83 17 89 3 4 171 24 177 30 159 2 11 20 22 29 2 1 134 22 178 2 16 140 19 192 2 22 67 29 55 3 3 30 15 43 25 36 2 1 78 21 105 2 4 66 21 61 3 2 27 6 30 26 23
39 3 4 196 24 161 30 220 2 1 94 21 78 3 4 205 24 157 30 166 2 2 191 29 137 3 4 196 24 216 30 219 2 3 119 7 136 2 4 17 29 16 2 1 135 22 168 3 5 143 19 204 26 199 2 6 68 27 68 3 6 155 12 160 30 176 2 4 93 7 88 2 3 138 7 111 3 8 158 9 174 17 173 2 4 56 21 69 3 2 26 6 24 26 23 2 9 61 27 59 2 6 72 17 69 2 3 135 7 126 3 10 9 28 7 30 8 2 16 146 19 190 3 4 176 24 176 30 220 2 11 24 22 28 2 1 82 21 73 2 13 47 15 60 3 5 137 6 168 27 168 3 10 9 28 7 30 10 3 4 73 13 83 18 76 3 3 35 15 38 25 33 2 16 165 19 138 2 15 4 22 6 3 14 196 28 206 30 159 3 6 14 12 15 20 13 2 16 138 28 104 3 16 35 20 28 23 37 3 20 73 25 90 30 66 3 14 198 28 174 30 143 2 6 92 28 76 2 22 71 29 75
39 3 4 196 24 161 30 220 2 1 94 21 78 3 4 205 24 157 30 166 2 2 191 29 137 3 4 196 24 216 30 219 2 3 119 7 136 2 4 17 29 16 2 1 135 22 168 3 5 143 19 204 26 199 2 6 68 27 68 3 6 155 12 160 30 176 2 4 93 7 88 2 3 138 7 111 3 8 158 9 174 17 173 2 4 56 21 69 3 2 26 6 24 26 23 2 9 61 27 59 2 6 72 17 69 2 3 135 7 126 3 10 9 28 7 30 8 2 16 146 19 190 3 4 176 24 176 30 220 2 11 24 22 28 2 1 82 21 73 2 13 47 15 60 3 5 137 6 168 27 168 3 10 9 28 7 30 10 3 4 73 13 83 18 76 3 3 35 15 38 25 33 2 16 165 19 138 2 15 4 22 6 3 14 196 28 206 30 159 3 6 14 12 15 20 13 2 16 138 28 104 3 16 35 20 28 23 37 3 20 73 25 90 30 66 3 14 198 28 174 30 143 2 6 92 28 76 2 22 71 29 75
36 2 1 99 21 91 3 4 171 24 223 30 204 2 2 137 29 144 2 3 113 7 116 3 3 39 15 36 25 41 2 4 19 29 14 3 5 199 19 141 26 186 2 3 127 7 112 3 6 141 12 205 30 177 2 6 65 27 73 3 3 43 15 40 25 31 2 4 66 7 77 3 8 152 9 149 17 122 2 9 60 27 45 3 10 9 28 7 30 10 2 13 65 15 67 2 4 14 29 17 2 11 27 22 29 3 14 180 28 147 30 203 2 15 6 22 6 3 4 91 13 69 18 73 2 16 128 28 102 3 2 28 6 26 26 33 3 5 135 6 142 27 141 2 16 138 28 142 2 6 85 17 72 2 22 65 29 54 2 6 76 28 94 3 8 126 9 140 17 172 2 16 132 19 176 3 6 17 12 15 20 13 3 16 30 20 39 23 38 2 4 70 21 73 3 16 29 20 29 23 33 2 1 149 22 156 3 20 89 25 84 30 75
34 2 1 83 21 85 3 8 157 9 148 17 138 2 2 154 29 165 3 4 209 24 176 30 210 2 6 93 17 87 2 3 120 7 111 2 4 20 29 15 2 4 55 21 74 3 5 179 19 166 26 174 2 9 58 27 57 3 5 147 6 191 27 169 2 9 52 27 65 2 6 53 27 56 2 1 150 22 128 3 8 123 9 152 17 172 2 4 85 7 77 3 10 8 28 8 30 9 2 11 26 22 27 3 6 146 12 150 30 160 2 13 60 15 66 3 14 176 28 209 30 195 2 15 5 22 5 3 6 14 12 17 20 15 2 16 133 28 101 3 4 96 13 74 18 75 2 16 145 19 181 3 2 25 6 26 26 28 2 4 63 21 72 3 16 39 20 39 23 35 3 3 44 15 31 25 31 2 6 82 28 76 2 9 45 27 61 2 22 70 29 53 3 20 89 25 67 30 69
35 2 1 83 21 97 2 2 148 29 159 2 3 137 7 135 2 4 14 29 17 3 5 148 19 142 26 200 2 6 58 27 57 2 2 131 29 133 2 6 84 28 105 2 4 17 29 18 2 4 76 7 92 3 8 170 9 138 17 146 2 4 73 7 65 2 9 61 27 56 3 10 9 28 9 30 10 2 11 27 22 25 3 16 35 20 31 23 34 3 6 181 12 191 30 157 2 13 64 15 57 3 3 35 15 37 25 38 3 14 166 28 167 30 206 3 5 151 6 144 27 151 2 15 5 22 4 3 5 182 6 155 27 186 2 16 123 28 131 3 2 27 6 27 26 28 2 6 71 17 73 3 4 82 13 89 18 67 2 16 174 19 153 3 6 16 12 17 20 18 2 4 53 21 61 2 1 187 22 132 3 4 184 24 175 30 229 3 6 175 12 171 30 185 2 22 63 29 55 3 20 65 25 69 30 71
36 2 1 101 21 97 3 4 211 24 196 30 164 2 2 144 29 192 2 3 129 7 128 3 3 37 15 35 25 43 2 4 17 29 14 3 5 147 19 140 26 137 2 3 98 7 139 3 6 205 12 150 30 190 2 6 76 27 52 3 3 40 15 32 25 44 2 4 93 7 67 3 8 156 9 133 17 170 2 9 46 27 52 3 10 10 28 8 30 8 2 13 62 15 48 2 4 19 29 19 2 11 24 22 22 3 14 183 28 182 30 169 2 15 6 22 5 3 4 71 13 84 18 85 2 16 104 28 144 3 2 23 6 29 26 25 3 5 186 6 146 27 170 2 16 133 28 110 2 6 98 17 84 2 22 67 29 55 2 6 82 28 93 3 8 124 9 133 17 175 2 16 191 19 147 3 6 16 12 16 20 14 3 16 39 20 41 23 35 2 4 57 21 54 3 16 36 20 41 23 34 2 1 163 22 168 3 20 79 25 64 30 79
36 2 1 101 21 97 3 4 211 24 196 30 164 2 2 144 29 192 2 3 129 7 128 3 3 37 15 35 25 43 2 4 17 29 14 3 5 147 19 140 26 137 2 3 98 7 139 3 6 205 12 150 30 190 2 6 76 27 52 3 3 40 15 32 25 44 2 4 93 7 67 3 8 156 9 133 17 170 2 9 46 27 52 3 10 10 28 8 30 8 2 13 62 15 48 2 4 19 29 19 2 11 24 22 22 3 14 183 28 182 30 169 2 15 6 22 5 3 4 71 13 84 18 85 2 16 104 28 144 3 2 23 6 29 26 25 3 5 186 6 146 27 170 2 16 133 28 110 2 6 98 17 84 2 22 67 29 55 2 6 82 28 93 3 8 124 9 133 17 175 2 16 191 19 147 3 6 16 12 16 20 14 3 16 39 20 41 23 35 2 4 57 21 54 3 16 36 20 41 23 34 2 1 163 22 168 3 20 79 25 64 30 79
36 3 16 34 20 40 23 34 3 20 87 25 63 30 75 2 1 94 21 82 3 16 33 20 40 23 30 2 2 168 29 139 3 16 37 20 29 23 40 2 3 135 7 96 2 4 71 21 65 3 3 30 15 37 25 44 2 4 19 29 16 3 2 30 6 24 26 32 2 22 69 29 55 3 6 15 12 16 20 13 3 4 182 24 220 30 181 3 16 30 20 35 23 41 3 5 160 19 160 26 193 2 6 58 27 73 3 3 41 15 43 25 33 3 5 138 6 129 27 180 2 4 76 7 84 3 8 168 9 125 17 148 2 9 49 27 51 3 10 7 28 9 30 8 2 13 68 15 66 2 6 75 28 109 2 11 22 22 21 3 14 173 28 148 30 188 3 6 178 12 173 30 182 2 6 99 17 93 2 3 107 7 96 2 15 6 22 5 3 4 79 13 79 18 100 2 16 124 28 145 2 11 20 22 27 2 16 170 19 132 2 1 144 22 128
39 2 4 20 29 17 3 20 88 25 73 30 70 2 4 15 29 20 2 1 100 21 104 2 2 141 29 155 2 16 131 28 100 2 4 14 29 15 2 3 132 7 135 3 6 189 12 176 30 140 3 4 177 24 216 30 185 2 16 188 19 145 2 4 18 29 19 2 4 92 7 90 3 5 181 19 166 26 151 2 4 77 7 78 2 6 59 27 63 3 8 125 9 147 17 156 3 3 30 15 41 25 36 2 9 52 27 45 3 4 212 24 176 30 218 3 2 28 6 24 26 33 3 10 9 28 8 30 8 3 8 134 9 177 17 166 2 11 23 22 26 2 15 6 22 6 2 13 67 15 64 2 4 14 29 17 2 4 57 21 60 3 14 142 28 175 30 195 2 6 83 17 89 3 4 84 13 96 18 96 2 13 51 15 55 3 6 14 12 19 20 18 2 22 72 29 70 2 16 139 28 130 2 1 135 22 130 3 16 38 20 29 23 32 3 5 132 6 134 27 161 2 6 89 28 104
35 2 1 77 21 84 2 2 148 29 155 3 14 155 28 148 30 180 2 2 160 29 186 3 2 31 6 24 26 24 2 3 108 7 95 2 13 58 15 48 2 4 14 29 14 3 6 139 12 187 30 191 3 5 199 19 138 26 144 2 6 63 27 69 2 4 87 7 78 3 8 156 9 174 17 142 3 10 10 28 8 30 7 2 9 63 27 48 2 11 21 22 27 3 6 167 12 204 30 201 2 15 5 22 5 3 16 31 20 34 23 36 2 16 113 28 108 3 16 41 20 31 23 41 2 22 64 29 67 2 6 73 17 80 3 4 89 13 87 18 89 2 16 168 19 158 3 6 18 12 16 20 19 2 4 68 21 61 3 3 32 15 38 25 36 2 1 188 22 140 3 4 209 24 200 30 192 3 5 138 6 160 27 188 3 3 37 15 35 25 31 2 6 99 28 101 3 14 186 28 200 30 190 3 20 73 25 87 30 73
DUE_DATES: 5604 6779 5486 5486 5486 5388 5388 6098 6098 6098 5687 5687 5628 6648 5705 5705 5656 5656 5361 6313 6313 6124 6124 6752 5719 5719 5970 5970 5575 5575 5241 5914 5914 5835 5404 5404 5088 5854 5580 5242 6841 6841 5417 5178 5617 5508 5508 5088 5816 5670
WEIGHTS: 2 2 2 3 2 2 1 3 2 1 2 1 1 3 3 1 1 1 2 3 1 3 2 3 1 3 3 2 1 1 1 2 2 1 3 1 1 3 3 2 3 1 1 3 2 3 1 3 3 1
