50 30
35 2 12 106 22 143 1 1 13 3 2 147 4 163 11 198 3 12 123 14 112 28 119 2 10 62 25 49 2 18 29 19 25 3 3 148 8 166 9 191 3 10 30 13 28 21 27 2 4 146 20 151 3 18 116 20 106 22 95 2 5 61 9 73 2 16 25 27 25 3 6 42 13 43 16 50 3 18 93 20 95 22 112 2 5 18 7 15 3 6 62 13 47 16 56 2 3 54 8 40 2 9 37 10 34 1 1 15 3 14 2 22 1 26 1 1 1 15 2 1 106 24 90 2 11 224 23 167 2 17 119 23 118 1 13 82 3 4 222 23 152 29 173 2 11 187 23 199 2 5 156 16 190 2 17 42 21 41 2 1 72 14 83 3 7 165 15 176 16 168 3 1 212 27 232 30 180 2 6 133 18 135 3 9 23 19 23 21 21 3 2 197 11 161 20 195
35 2 12 106 22 143 1 1 13 3 2 147 4 163 11 198 3 12 123 14 112 28 119 2 10 62 25 49 2 18 29 19 25 3 3 148 8 166 9 191 3 10 30 13 28 21 27 2 4 146 20 151 3 18 116 20 106 22 95 2 5 61 9 73 2 16 25 27 25 3 6 42 13 43 16 50 3 18 93 20 95 22 112 2 5 18 7 15 3 6 62 13 47 16 56 2 3 54 8 40 2 9 37 10 34 1 1 15 3 14 2 22 1 26 1 1 1 15 2 1 106 24 90 2 11 224 23 167 2 17 119 23 118 1 13 82 3 4 222 23 152 29 173 2 11 187 23 199 2 5 156 16 190 2 17 42 21 41 2 1 72 14 83 3 7 165 15 176 16 168 3 1 212 27 232 30 180 2 6 133 18 135 3 9 23 19 23 21 21 3 2 197 11 161 20 195
35 1 1 15 3 2 163 4 181 11 168 2 11 152 23 194 3 3 185 8 148 9 193 2 11 202 23 159 2 17 47 21 49 2 4 135 20 173 2 5 65 9 63 3 7 166 15 213 16 200 3 3 152 8 195 9 147 3 4 159 23 160 29 221 3 6 48 13 59 16 59 3 2 204 4 198 11 182 2 5 19 7 19 2 1 84 24 100 2 3 54 8 55 3 1 168 27 173 30 162 2 1 79 14 98 3 9 26 19 21 21 25 3 2 187 11 152 20 213 2 9 36 10 34 3 10 25 13 25 21 24 2 12 119 22 119 1 13 75 2 16 30 27 21 3 4 185 23 187 29 153 2 10 69 25 61 2 5 212 16 213 2 18 25 19 35 2 6 137 18 185 2 17 117 23 108 3 18 80 20 82 22 98 3 14 1 22 2 26 1 1 1 18 3 12 141 14 104 28 98
36 3 2 178 4 201 11 150 1 1 13 3 3 217 8 150 9 158 1 1 19 2 4 175 20 186 3 12 121 14 117 28 127 2 5 83 9 76 3 6 60 13 42 16 58 2 5 21 7 20 2 4 193 20 138 2 3 53 8 41 3 12 110 14 139 28 111 2 17 41 21 37 3 9 24 19 25 21 19 3 2 209 11 175 20 144 2 9 37 10 36 2 1 113 24 115 3 10 31 13 28 21 32 3 2 163 11 196 20 208 2 11 154 23 150 2 12 140 22 131 2 11 196 23 208 1 13 61 2 1 68 14 76 2 18 30 19 24 3 7 186 15 184 16 178 2 5 215 16 194 3 10 24 13 24 21 32 2 16 21 27 23 2 6 168 18 160 2 10 69 25 63 3 18 84 20 99 22 78 2 17 132 23 121 3 14 1 22 2 26 2 3 1 185 27 171 30 206 3 4 221 23 187 29 182
37 1 1 14 3 2 164 4 139 11 137 3 1 218 27 199 30 210 3 3 196 8 174 9 208 2 4 160 20 180 3 2 160 4 144 11 188 1 13 56 2 5 79 9 71 2 12 139 22 124 3 6 58 13 59 16 54 2 18 25 19 34 3 3 172 8 165 9 193 2 5 20 7 19 2 3 39 8 48 3 10 28 13 29 21 29 2 9 38 10 31 2 11 215 23 222 1 1 16 2 1 90 14 97 2 18 26 19 31 2 16 26 27 28 3 7 174 15 164 16 161 2 5 219 16 206 2 17 43 21 44 3 12 104 14 113 28 113 2 6 157 18 135 2 10 49 25 60 2 6 128 18 158 3 2 204 11 163 20 203 2 5 61 9 60 3 9 26 19 21 21 24 2 17 91 23 106 3 18 97 20 109 22 87 2 1 107 24 111 3 14 2 22 2 26 2 2 3 45 8 51 3 4 217 23 188 29 211
35 3 3 206 8 192 9 220 1 1 13 3 3 202 8 147 9 190 2 12 149 22 122 3 2 144 4 171 11 170 1 1 17 1 13 75 3 7 152 15 193 16 216 2 4 185 20 146 2 12 138 22 133 3 10 27 13 23 21 33 2 5 60 9 66 3 6 61 13 49 16 42 2 5 20 7 20 2 3 56 8 57 2 9 28 10 29 2 11 177 23 182 3 12 139 14 106 28 100 3 9 22 19 24 21 23 3 14 2 22 2 26 1 2 1 86 14 100 2 5 56 9 59 2 17 130 23 104 3 2 145 11 171 20 182 2 17 40 21 40 2 5 200 16 191 2 6 142 18 176 2 18 28 19 34 2 5 181 16 155 3 18 103 20 113 22 95 2 10 55 25 59 3 4 223 23 219 29 224 2 1 85 24 79 3 1 223 27 173 30 195 2 16 31 27 22
35 3 3 206 8 192 9 220 1 1 13 3 3 202 8 147 9 190 2 12 149 22 122 3 2 144 4 171 11 170 1 1 17 1 13 75 3 7 152 15 193 16 216 2 4 185 20 146 2 12 138 22 133 3 10 27 13 23 21 33 2 5 60 9 66 3 6 61 13 49 16 42 2 5 20 7 20 2 3 56 8 57 2 9 28 10 29 2 11 177 23 182 3 12 139 14 106 28 100 3 9 22 19 24 21 23 3 14 2 22 2 26 1 2 1 86 14 100 2 5 56 9 59 2 17 130 23 104 3 2 145 11 171 20 182 2 17 40 21 40 2 5 200 16 191 2 6 142 18 176 2 18 28 19 34 2 5 181 16 155 3 18 103 20 113 22 95 2 10 55 25 59 3 4 223 23 219 29 224 2 1 85 24 79 3 1 223 27 173 30 195 2 16 31 27 22
34 1 1 15 3 2 154 4 137 11 142 3 3 155 8 163 9 152 2 5 18 7 21 2 4 190 20 179 2 5 81 9 68 3 6 48 13 54 16 61 2 3 57 8 50 2 9 39 10 36 3 10 23 13 24 21 32 2 11 172 23 194 2 12 143 22 115 3 2 198 4 161 11 146 2 1 85 24 84 1 13 75 2 1 93 14 97 3 7 171 15 170 16 169 2 5 70 9 76 3 12 123 14 114 28 123 2 5 204 16 201 2 17 42 21 51 2 6 128 18 155 2 18 30 19 25 3 2 207 11 189 20 160 3 9 26 19 19 21 24 2 10 65 25 62 3 18 92 20 80 22 115 3 3 192 8 192 9 173 2 17 90 23 122 3 14 2 22 2 26 1 3 12 96 14 130 28 99 2 16 23 27 23 3 1 179 27 167 30 164 3 4 156 23 202 29 199
34 1 1 15 3 2 154 4 137 11 142 3 3 155 8 163 9 152 2 5 18 7 21 2 4 190 20 179 2 5 81 9 68 3 6 48 13 54 16 61 2 3 57 8 50 2 9 39 10 36 3 10 23 13 24 21 32 2 11 172 23 194 2 12 143 22 115 3 2 198 4 161 11 146 2 1 85 24 84 1 13 75 2 1 93 14 97 3 7 171 15 170 16 169 2 5 70 9 76 3 12 123 14 114 28 123 2 5 204 16 201 2 17 42 21 51 2 6 128 18 155 2 18 30 19 25 3 2 207 11 189 20 160 3 9 26 19 19 21 24 2 10 65 25 62 3 18 92 20 80 22 115 3 3 192 8 192 9 173 2 17 90 23 122 3 14 2 22 2 26 1 3 12 96 14 130 28 99 2 16 23 27 23 3 1 179 27 167 30 164 3 4 156 23 202 29 199
37 1 1 16 3 2 194 4 192 11 149 3 3 175 8 179 9 219 2 4 186 20 197 1 13 68 2 5 63 9 76 2 9 31 10 38 3 6 62 13 59 16 51 2 17 50 21 48 2 5 16 7 16 2 3 40 8 55 2 16 30 27 26 3 4 198 23 183 29 181 3 10 31 13 25 21 30 2 11 160 23 156 2 12 136 22 134 3 2 181 4 159 11 184 2 17 128 23 120 2 16 24 27 29 2 1 79 14 85 2 10 49 25 59 2 5 20 7 16 3 1 208 27 206 30 221 2 10 62 25 60 3 7 213 15 221 16 170 1 1 16 2 5 192 16 160 2 6 145 18 178 2 18 25 19 26 3 18 116 20 107 22 98 2 10 59 25 50 2 1 100 24 96 3 2 188 11 209 20 179 3 9 23 19 20 21 21 3 14 1 22 1 26 1 2 12 142 22 132 3 12 105 14 99 28 132
37 1 1 16 3 2 194 4 192 11 149 3 3 175 8 179 9 219 2 4 186 20 197 1 13 68 2 5 63 9 76 2 9 31 10 38 3 6 62 13 59 16 51 2 17 50 21 48 2 5 16 7 16 2 3 40 8 55 2 16 30 27 26 3 4 198 23 183 29 181 3 10 31 13 25 21 30 2 11 160 23 156 2 12 136 22 134 3 2 181 4 159 11 184 2 17 128 23 120 2 16 24 27 29 2 1 79 14 85 2 10 49 25 59 2 5 20 7 16 3 1 208 27 206 30 221 2 10 62 25 60 3 7 213 15 221 16 170 1 1 16 2 5 192 16 160 2 6 145 18 178 2 18 25 19 26 3 18 116 20 107 22 98 2 10 59 25 50 2 1 100 24 96 3 2 188 11 209 20 179 3 9 23 19 20 21 21 3 14 1 22 1 26 1 2 12 142 22 132 3 12 105 14 99 28 132
33 3 10 30 13 30 21 23 1 1 19 3 2 146 4 179 11 163 3 3 197 8 209 9 183 3 12 136 14 119 28 111 3 2 169 4 147 11 142 2 4 158 20 172 3 9 27 19 20 21 27 2 11 192 23 223 2 10 64 25 60 2 5 70 9 70 2 11 216 23 168 2 5 16 7 19 2 17 43 21 45 3 6 47 13 48 16 47 3 18 102 20 111 22 106 2 3 40 8 41 2 9 38 10 33 3 10 28 13 33 21 24 2 12 108 22 130 1 13 69 2 1 91 14 76 2 18 31 19 32 3 7 203 15 159 16 219 2 5 200 16 186 2 6 145 18 169 3 4 161 23 159 29 181 3 2 157 11 211 20 158 2 17 131 23 90 3 1 220 27 228 30 222 3 14 1 22 1 26 1 2 1 106 24 88 2 16 22 27 23
33 3 10 30 13 30 21 23 1 1 19 3 2 146 4 179 11 163 3 3 197 8 209 9 183 3 12 136 14 119 28 111 3 2 169 4 147 11 142 2 4 158 20 172 3 9 27 19 20 21 27 2 11 192 23 223 2 10 64 25 60 2 5 70 9 70 2 11 216 23 168 2 5 16 7 19 2 17 43 21 45 3 6 47 13 48 16 47 3 18 102 20 111 22 106 2 3 40 8 41 2 9 38 10 33 3 10 28 13 33 21 24 2 12 108 22 130 1 13 69 2 1 91 14 76 2 18 31 19 32 3 7 203 15 159 16 219 2 5 200 16 186 2 6 145 18 169 3 4 161 23 159 29 181 3 2 157 11 211 20 158 2 17 131 23 90 3 1 220 27 228 30 222 3 14 1 22 1 26 1 2 1 106 24 88 2 16 22 27 23
36 2 18 31 19 35 1 1 18 2 1 70 14 77 3 2 204 4 166 11 187 3 3 209 8 195 9 165 2 4 164 20 143 2 5 64 9 68 2 6 135 18 162 2 17 105 23 120 3 6 58 13 56 16 47 3 2 174 4 200 11 175 2 5 22 7 15 3 9 22 19 23 21 25 2 3 56 8 56 3 14 2 22 2 26 2 3 2 190 4 182 11 161 2 9 35 10 33 2 18 24 19 26 3 10 28 13 28 21 31 2 11 218 23 180 2 1 90 24 113 2 12 106 22 121 2 1 98 24 83 1 13 80 3 7 172 15 172 16 189 3 12 121 14 100 28 97 3 4 167 23 225 29 174 3 18 105 20 92 22 83 2 10 57 25 70 3 10 26 13 30 21 28 2 5 207 16 158 2 17 38 21 46 3 2 147 11 211 20 157 3 14 1 22 2 26 1 2 16 29 27 25 3 1 168 27 172 30 191
36 2 18 31 19 35 1 1 18 2 1 70 14 77 3 2 204 4 166 11 187 3 3 209 8 195 9 165 2 4 164 20 143 2 5 64 9 68 2 6 135 18 162 2 17 105 23 120 3 6 58 13 56 16 47 3 2 174 4 200 11 175 2 5 22 7 15 3 9 22 19 23 21 25 2 3 56 8 56 3 14 2 22 2 26 2 3 2 190 4 182 11 161 2 9 35 10 33 2 18 24 19 26 3 10 28 13 28 21 31 2 11 218 23 180 2 1 90 24 113 2 12 106 22 121 2 1 98 24 83 1 13 80 3 7 172 15 172 16 189 3 12 121 14 100 28 97 3 4 167 23 225 29 174 3 18 105 20 92 22 83 2 10 57 25 70 3 10 26 13 30 21 28 2 5 207 16 158 2 17 38 21 46 3 2 147 11 211 20 157 3 14 1 22 2 26 1 2 16 29 27 25 3 1 168 27 172 30 191
37 1 1 17 3 2 177 4 151 11 159 3 1 211 27 196 30 176 3 3 196 8 164 9 220 2 4 174 20 200 3 2 174 4 167 11 187 1 13 75 2 5 57 9 75 2 12 142 22 139 3 6 57 13 43 16 58 2 18 34 19 24 3 3 179 8 204 9 161 2 5 17 7 18 2 3 43 8 40 3 10 32 13 28 21 28 2 9 36 10 38 2 11 151 23 177 1 1 19 2 1 84 14 75 2 18 35 19 26 2 16 26 27 21 3 7 174 15 202 16 163 2 5 184 16 177 2 17 48 21 38 3 12 108 14 121 28 114 2 6 138 18 126 2 10 62 25 57 2 6 147 18 175 3 2 200 11 182 20 166 2 5 73 9 72 3 9 18 19 26 21 19 2 17 123 23 134 3 18 92 20 113 22 109 2 1 117 24 112 3 14 1 22 2 26 2 2 3 48 8 53 3 4 221 23 156 29 165
35 1 1 16 3 2 154 4 161 11 161 3 3 210 8 169 9 174 2 10 54 25 57 3 14 2 22 2 26 1 1 1 15 2 4 155 20 137 3 18 94 20 99 22 103 2 5 71 9 73 2 5 167 16 219 3 6 52 13 54 16 45 2 5 21 7 22 3 4 163 23 213 29 223 2 3 54 8 41 3 2 139 4 185 11 191 2 9 38 10 28 3 10 26 13 29 21 27 2 12 146 22 130 2 1 81 24 118 3 7 187 15 184 16 194 2 9 29 10 28 2 11 202 23 190 1 13 82 2 1 76 14 80 2 1 108 24 80 2 17 49 21 37 2 16 22 27 27 3 12 130 14 115 28 106 3 1 180 27 198 30 215 2 6 149 18 162 3 2 165 11 196 20 150 2 10 49 25 47 2 18 30 19 30 3 9 27 19 22 21 20 2 17 100 23 129
37 1 1 14 3 2 157 4 185 11 201 3 3 219 8 188 9 219 2 4 150 20 184 1 13 68 2 5 78 9 62 2 9 40 10 39 3 6 60 13 48 16 44 2 17 49 21 36 2 5 20 7 16 2 3 39 8 58 2 16 27 27 26 3 4 224 23 179 29 226 3 10 25 13 24 21 28 2 11 216 23 214 2 12 116 22 154 3 2 159 4 153 11 187 2 17 113 23 116 2 16 24 27 29 2 1 91 14 75 2 10 67 25 53 2 5 19 7 17 3 1 196 27 189 30 177 2 10 48 25 59 3 7 154 15 194 16 223 1 1 12 2 5 192 16 175 2 6 146 18 186 2 18 35 19 31 3 18 109 20 100 22 113 2 10 65 25 66 2 1 86 24 94 3 2 167 11 162 20 208 3 9 21 19 19 21 22 3 14 2 22 1 26 1 2 12 137 22 130 3 12 117 14 99 28 117
36 2 18 24 19 33 1 1 17 2 1 98 14 68 3 2 149 4 192 11 169 3 3 171 8 215 9 184 2 4 193 20 178 2 5 57 9 60 2 6 165 18 179 2 17 95 23 114 3 6 60 13 45 16 63 3 2 137 4 169 11 142 2 5 18 7 21 3 9 25 19 26 21 26 2 3 56 8 39 3 14 2 22 2 26 2 3 2 178 4 155 11 174 2 9 38 10 28 2 18 32 19 31 3 10 24 13 27 21 25 2 11 184 23 179 2 1 89 24 100 2 12 116 22 138 2 1 82 24 88 1 13 75 3 7 191 15 180 16 170 3 12 139 14 133 28 133 3 4 172 23 189 29 181 3 18 116 20 106 22 101 2 10 67 25 62 3 10 33 13 28 21 29 2 5 208 16 223 2 17 41 21 34 3 2 168 11 191 20 157 3 14 1 22 1 26 1 2 16 26 27 21 3 1 184 27 208 30 200
37 1 1 14 3 2 138 4 160 11 146 3 3 210 8 178 9 191 2 4 195 20 150 1 13 56 2 5 78 9 81 2 9 35 10 40 3 6 61 13 58 16 48 2 17 38 21 41 2 5 16 7 18 2 3 42 8 48 2 16 29 27 31 3 4 187 23 198 29 176 3 10 32 13 29 21 25 2 11 203 23 220 2 12 150 22 152 3 2 145 4 171 11 156 2 17 93 23 131 2 16 23 27 22 2 1 78 14 81 2 10 47 25 54 2 5 17 7 15 3 1 203 27 225 30 231 2 10 67 25 56 3 7 194 15 154 16 222 1 1 18 2 5 153 16 215 2 6 132 18 189 2 18 35 19 27 3 18 99 20 82 22 115 2 10 70 25 62 2 1 79 24 80 3 2 194 11 194 20 188 3 9 20 19 27 21 25 3 14 1 22 2 26 1 2 12 143 22 127 3 12 108 14 106 28 138
37 1 1 14 3 2 138 4 160 11 146 3 3 210 8 178 9 191 2 4 195 20 150 1 13 56 2 5 78 9 81 2 9 35 10 40 3 6 61 13 58 16 48 2 17 38 21 41 2 5 16 7 18 2 3 42 8 48 2 16 29 27 31 3 4 187 23 198 29 176 3 10 32 13 29 21 25 2 11 203 23 220 2 12 150 22 152 3 2 145 4 171 11 156 2 17 93 23 131 2 16 23 27 22 2 1 78 14 81 2 10 47 25 54 2 5 17 7 15 3 1 203 27 225 30 231 2 10 67 25 56 3 7 194 15 154 16 222 1 1 18 2 5 153 16 215 2 6 132 18 189 2 18 35 19 27 3 18 99 20 82 22 115 2 10 70 25 62 2 1 79 24 80 3 2 194 11 194 20 188 3 9 20 19 27 21 25 3 14 1 22 2 26 1 2 12 143 22 127 3 12 108 14 106 28 138
38 1 1 16 3 2 146 4 196 11 162 1 1 15 3 3 209 8 198 9 185 2 4 141 20 146 3 3 158 8 219 9 171 3 12 100 14 135 28 139 3 9 21 19 20 21 21 2 3 54 8 55 3 3 220 8 188 9 162 2 5 83 9 66 2 9 34 10 32 2 5 83 9 61 3 6 56 13 60 16 59 2 6 152 18 139 2 5 15 7 18 3 10 31 13 22 21 27 2 3 51 8 40 2 11 185 23 171 3 3 163 8 169 9 168 2 12 142 22 120 1 13 79 2 1 81 14 92 3 7 187 15 169 16 189 2 5 73 9 73 2 5 183 16 177 2 4 146 20 179 2 17 49 21 48 2 18 25 19 29 2 10 68 25 51 3 2 194 11 157 20 186 2 16 21 27 29 3 18 84 20 94 22 85 3 4 186 23 212 29 161 2 17 108 23 91 2 1 113 24 98 3 14 1 22 1 26 2 3 1 185 27 160 30 160
35 3 3 158 8 182 9 202 1 1 17 3 3 174 8 152 9 150 2 12 149 22 107 3 2 186 4 157 11 141 1 1 14 1 13 76 3 7 214 15 160 16 207 2 4 139 20 175 2 12 132 22 151 3 10 32 13 28 21 30 2 5 57 9 59 3 6 50 13 50 16 52 2 5 22 7 16 2 3 44 8 43 2 9 33 10 28 2 11 211 23 186 3 12 131 14 123 28 97 3 9 20 19 22 21 26 3 14 2 22 1 26 1 2 1 93 14 80 2 5 76 9 72 2 17 116 23 117 3 2 148 11 205 20 169 2 17 41 21 39 2 5 185 16 170 2 6 172 18 186 2 18 30 19 31 2 5 192 16 217 3 18 78 20 99 22 99 2 10 60 25 55 3 4 156 23 195 29 181 2 1 116 24 118 3 1 203 27 190 30 174 2 16 28 27 28
34 1 1 17 2 3 55 8 41 3 2 165 4 179 11 204 3 3 204 8 209 9 173 3 7 183 15 159 16 167 2 4 141 20 146 2 5 22 7 15 3 2 150 4 203 11 174 1 13 83 3 9 23 19 26 21 26 2 5 79 9 69 3 6 60 13 61 16 49 2 9 38 10 28 3 10 28 13 23 21 26 2 5 21 7 16 2 11 171 23 212 2 12 127 22 149 2 1 89 14 77 2 5 174 16 192 2 6 137 18 161 2 17 47 21 42 3 18 78 20 91 22 102 2 18 32 19 29 2 17 96 23 109 3 1 211 27 173 30 183 3 2 187 11 165 20 155 2 10 60 25 52 1 13 76 3 14 1 22 2 26 1 2 1 83 24 99 2 6 132 18 171 3 4 212 23 173 29 212 2 16 28 27 27 3 12 138 14 140 28 118
34 1 1 17 2 3 55 8 41 3 2 165 4 179 11 204 3 3 204 8 209 9 173 3 7 183 15 159 16 167 2 4 141 20 146 2 5 22 7 15 3 2 150 4 203 11 174 1 13 83 3 9 23 19 26 21 26 2 5 79 9 69 3 6 60 13 61 16 49 2 9 38 10 28 3 10 28 13 23 21 26 2 5 21 7 16 2 11 171 23 212 2 12 127 22 149 2 1 89 14 77 2 5 174 16 192 2 6 137 18 161 2 17 47 21 42 3 18 78 20 91 22 102 2 18 32 19 29 2 17 96 23 109 3 1 211 27 173 30 183 3 2 187 11 165 20 155 2 10 60 25 52 1 13 76 3 14 1 22 2 26 1 2 1 83 24 99 2 6 132 18 171 3 4 212 23 173 29 212 2 16 28 27 27 3 12 138 14 140 28 118
37 1 1 18 3 2 189 4 142 11 160 3 1 172 27 185 30 167 3 3 195 8 150 9 199 2 4 200 20 146 3 2 142 4 185 11 166 1 13 56 2 5 68 9 56 2 12 124 22 118 3 6 57 13 42 16 59 2 18 28 19 32 3 3 200 8 209 9 150 2 5 21 7 15 2 3 55 8 39 3 10 30 13 27 21 28 2 9 37 10 41 2 11 172 23 163 1 1 13 2 1 90 14 77 2 18 32 19 35 2 16 20 27 26 3 7 171 15 165 16 219 2 5 186 16 161 2 17 40 21 41 3 12 137 14 106 28 98 2 6 150 18 144 2 10 54 25 53 2 6 146 18 169 3 2 149 11 188 20 194 2 5 77 9 69 3 9 27 19 20 21 23 2 17 119 23 115 3 18 110 20 83 22 78 2 1 80 24 97 3 14 1 22 2 26 2 2 3 58 8 56 3 4 184 23 191 29 198
37 1 1 18 3 2 189 4 142 11 160 3 1 172 27 185 30 167 3 3 195 8 150 9 199 2 4 200 20 146 3 2 142 4 185 11 166 1 13 56 2 5 68 9 56 2 12 124 22 118 3 6 57 13 42 16 59 2 18 28 19 32 3 3 200 8 209 9 150 2 5 21 7 15 2 3 55 8 39 3 10 30 13 27 21 28 2 9 37 10 41 2 11 172 23 163 1 1 13 2 1 90 14 77 2 18 32 19 35 2 16 20 27 26 3 7 171 15 165 16 219 2 5 186 16 161 2 17 40 21 41 3 12 137 14 106 28 98 2 6 150 18 144 2 10 54 25 53 2 6 146 18 169 3 2 149 11 188 20 194 2 5 77 9 69 3 9 27 19 20 21 23 2 17 119 23 115 3 18 110 20 83 22 78 2 1 80 24 97 3 14 1 22 2 26 2 2 3 58 8 56 3 4 184 23 191 29 198
34 1 1 18 3 2 202 4 181 11 163 3 3 165 8 207 9 189 2 5 19 7 17 2 4 194 20 152 2 5 75 9 65 3 6 60 13 58 16 60 2 3 52 8 47 2 9 38 10 40 3 10 23 13 23 21 24 2 11 157 23 219 2 12 116 22 109 3 2 200 4 162 11 191 2 1 102 24 91 1 13 69 2 1 72 14 96 3 7 195 15 160 16 213 2 5 81 9 63 3 12 104 14 133 28 133 2 5 149 16 204 2 17 49 21 51 2 6 135 18 143 2 18 28 19 27 3 2 147 11 155 20 175 3 9 24 19 22 21 23 2 10 70 25 60 3 18 83 20 78 22 78 3 3 198 8 150 9 162 2 17 90 23 114 3 14 1 22 1 26 2 3 12 127 14 101 28 120 2 16 30 27 21 3 1 200 27 187 30 216 3 4 206 23 161 29 211
34 1 1 18 3 2 202 4 181 11 163 3 3 165 8 207 9 189 2 5 19 7 17 2 4 194 20 152 2 5 75 9 65 3 6 60 13 58 16 60 2 3 52 8 47 2 9 38 10 40 3 10 23 13 23 21 24 2 11 157 23 219 2 12 116 22 109 3 2 200 4 162 11 191 2 1 102 24 91 1 13 69 2 1 72 14 96 3 7 195 15 160 16 213 2 5 81 9 63 3 12 104 14 133 28 133 2 5 149 16 204 2 17 49 21 51 2 6 135 18 143 2 18 28 19 27 3 2 147 11 155 20 175 3 9 24 19 22 21 23 2 10 70 25 60 3 18 83 20 78 22 78 3 3 198 8 150 9 162 2 17 90 23 114 3 14 1 22 1 26 2 3 12 127 14 101 28 120 2 16 30 27 21 3 1 200 27 187 30 216 3 4 206 23 161 29 211
36 2 18 30 19 32 1 1 18 2 1 70 14 94 3 2 165 4 176 11 143 3 3 166 8 153 9 182 2 4 177 20 187 2 5 63 9 56 2 6 157 18 186 2 17 122 23 111 3 6 42 13 61 16 49 3 2 155 4 147 11 201 2 5 15 7 19 3 9 21 19 19 21 20 2 3 55 8 56 3 14 1 22 2 26 2 3 2 171 4 193 11 175 2 9 34 10 31 2 18 33 19 33 3 10 24 13 23 21 22 2 11 198 23 172 2 1 114 24 95 2 12 144 22 148 2 1 100 24 118 1 13 65 3 7 189 15 156 16 185 3 12 96 14 105 28 139 3 4 213 23 223 29 216 3 18 97 20 94 22 101 2 10 69 25 59 3 10 23 13 29 21 32 2 5 150 16 209 2 17 40 21 43 3 2 186 11 206 20 190 3 14 2 22 1 26 2 2 16 25 27 26 3 1 213 27 200 30 224
36 2 18 30 19 32 1 1 18 2 1 70 14 94 3 2 165 4 176 11 143 3 3 166 8 153 9 182 2 4 177 20 187 2 5 63 9 56 2 6 157 18 186 2 17 122 23 111 3 6 42 13 61 16 49 3 2 155 4 147 11 201 2 5 15 7 19 3 9 21 19 19 21 20 2 3 55 8 56 3 14 1 22 2 26 2 3 2 171 4 193 11 175 2 9 34 10 31 2 18 33 19 33 3 10 24 13 23 21 22 2 11 198 23 172 2 1 114 24 95 2 12 144 22 148 2 1 100 24 118 1 13 65 3 7 189 15 156 16 185 3 12 96 14 105 28 139 3 4 213 23 223 29 216 3 18 97 20 94 22 101 2 10 69 25 59 3 10 23 13 29 21 32 2 5 150 16 209 2 17 40 21 43 3 2 186 11 206 20 190 3 14 2 22 1 26 2 2 16 25 27 26 3 1 213 27 200 30 224
37 1 1 18 3 2 199 4 150 11 201 3 3 213 8 149 9 162 3 18 109 20 86 22 108 2 4 142 20 139 1 1 14 2 10 59 25 67 2 5 69 9 65 3 6 49 13 57 16 59 2 4 175 20 143 2 5 18 7 17 2 3 40 8 46 2 4 157 20 170 2 9 37 10 29 2 3 55 8 56 3 10 24 13 28 21 24 2 5 15 7 17 2 11 209 23 222 2 12 144 22 113 2 11 212 23 217 2 6 130 18 152 3 12 116 14 97 28 97 3 4 159 23 183 29 214 1 13 63 2 1 80 14 94 3 7 208 15 187 16 195 2 5 161 16 216 2 17 48 21 42 2 18 30 19 34 3 2 160 11 181 20 189 3 9 20 19 25 21 22 2 18 33 19 29 3 14 1 22 1 26 2 2 17 110 23 117 2 16 24 27 26 2 1 80 24 109 3 1 221 27 219 30 177
33 1 1 15 3 2 145 4 166 11 194 3 3 174 8 184 9 174 3 14 1 22 1 26 1 3 10 29 13 26 21 25 2 4 163 20 150 2 5 78 9 69 3 6 50 13 56 16 57 2 12 112 22 121 2 6 168 18 156 2 5 20 7 18 2 3 47 8 47 2 11 195 23 203 2 9 33 10 34 1 13 77 2 1 83 14 88 2 17 46 21 35 3 7 166 15 177 16 222 2 6 134 18 138 2 5 210 16 173 2 18 27 19 30 3 2 192 11 176 20 156 3 9 26 19 25 21 25 3 18 82 20 92 22 99 2 17 109 23 107 2 1 100 24 107 2 10 51 25 63 2 16 28 27 29 3 12 135 14 131 28 130 2 16 26 27 22 3 4 207 23 216 29 184 3 6 45 13 52 16 46 3 1 202 27 160 30 189
33 1 1 15 3 2 145 4 166 11 194 3 3 174 8 184 9 174 3 14 1 22 1 26 1 3 10 29 13 26 21 25 2 4 163 20 150 2 5 78 9 69 3 6 50 13 56 16 57 2 12 112 22 121 2 6 168 18 156 2 5 20 7 18 2 3 47 8 47 2 11 195 23 203 2 9 33 10 34 1 13 77 2 1 83 14 88 2 17 46 21 35 3 7 166 15 177 16 222 2 6 134 18 138 2 5 210 16 173 2 18 27 19 30 3 2 192 11 176 20 156 3 9 26 19 25 21 25 3 18 82 20 92 22 99 2 17 109 23 107 2 1 100 24 107 2 10 51 25 63 2 16 28 27 29 3 12 135 14 131 28 130 2 16 26 27 22 3 4 207 23 216 29 184 3 6 45 13 52 16 46 3 1 202 27 160 30 189
40 1 1 13 3 2 173 4 156 11 154 3 3 156 8 156 9 205 2 4 144 20 194 2 9 33 10 33 2 4 185 20 144 2 11 211 23 199 2 5 83 9 80 1 13 57 2 5 74 9 72 3 10 32 13 32 21 22 3 6 44 13 45 16 45 2 5 16 7 20 2 5 61 9 79 2 17 118 23 97 3 14 2 22 2 26 2 3 3 215 8 192 9 171 2 3 40 8 52 2 4 136 20 181 2 12 113 22 146 1 13 57 2 1 89 14 69 3 1 161 27 156 30 175 3 10 23 13 25 21 30 3 4 211 23 189 29 203 3 7 188 15 179 16 163 2 17 46 21 42 2 5 164 16 215 2 6 176 18 162 2 18 25 19 33 3 2 207 11 195 20 181 3 9 25 19 19 21 27 2 12 145 22 105 3 18 114 20 109 22 112 2 5 19 7 22 2 1 88 24 93 2 17 40 21 48 2 10 52 25 47 3 12 99 14 129 28 136 2 16 23 27 27
33 3 10 28 13 23 21 24 1 1 16 3 2 189 4 199 11 201 3 3 219 8 181 9 185 3 12 130 14 111 28 130 3 2 187 4 150 11 182 2 4 148 20 181 3 9 21 19 19 21 22 2 11 173 23 181 2 10 59 25 62 2 5 56 9 59 2 11 167 23 156 2 5 19 7 17 2 17 35 21 46 3 6 48 13 61 16 45 3 18 97 20 96 22 109 2 3 56 8 44 2 9 30 10 34 3 10 24 13 29 21 28 2 12 152 22 143 1 13 57 2 1 68 14 68 2 18 24 19 34 3 7 196 15 191 16 168 2 5 190 16 196 2 6 152 18 178 3 4 196 23 153 29 156 3 2 179 11 201 20 205 2 17 129 23 104 3 1 226 27 208 30 211 3 14 1 22 2 26 2 2 1 112 24 113 2 16 20 27 23
34 1 1 15 3 2 195 4 182 11 156 3 3 198 8 169 9 174 2 5 16 7 18 2 4 156 20 182 2 5 78 9 60 3 6 43 13 46 16 62 2 3 47 8 46 2 9 30 10 32 3 10 30 13 33 21 28 2 11 163 23 160 2 12 118 22 120 3 2 157 4 157 11 144 2 1 107 24 102 1 13 67 2 1 76 14 87 3 7 192 15 176 16 201 2 5 63 9 68 3 12 132 14 121 28 108 2 5 159 16 200 2 17 38 21 50 2 6 147 18 176 2 18 26 19 26 3 2 207 11 176 20 164 3 9 22 19 18 21 25 2 10 62 25 50 3 18 83 20 112 22 90 3 3 197 8 155 9 214 2 17 111 23 93 3 14 1 22 1 26 1 3 12 116 14 129 28 139 2 16 26 27 26 3 1 195 27 217 30 187 3 4 221 23 191 29 183
37 1 1 15 3 2 162 4 147 11 158 3 1 179 27 207 30 186 3 3 193 8 157 9 215 2 4 147 20 147 3 2 167 4 141 11 185 1 13 65 2 5 63 9 83 2 12 111 22 144 3 6 46 13 59 16 60 2 18 25 19 33 3 3 191 8 217 9 175 2 5 18 7 22 2 3 50 8 57 3 10 30 13 32 21 26 2 9 32 10 38 2 11 213 23 151 1 1 14 2 1 85 14 100 2 18 28 19 31 2 16 26 27 29 3 7 174 15 190 16 213 2 5 181 16 213 2 17 41 21 45 3 12 133 14 116 28 100 2 6 135 18 158 2 10 70 25 52 2 6 173 18 142 3 2 171 11 180 20 204 2 5 78 9 56 3 9 20 19 19 21 18 2 17 91 23 98 3 18 112 20 88 22 105 2 1 117 24 83 3 14 1 22 2 26 1 2 3 55 8 41 3 4 220 23 186 29 180
37 1 1 15 3 2 162 4 147 11 158 3 1 179 27 207 30 186 3 3 193 8 157 9 215 2 4 147 20 147 3 2 167 4 141 11 185 1 13 65 2 5 63 9 83 2 12 111 22 144 3 6 46 13 59 16 60 2 18 25 19 33 3 3 191 8 217 9 175 2 5 18 7 22 2 3 50 8 57 3 10 30 13 32 21 26 2 9 32 10 38 2 11 213 23 151 1 1 14 2 1 85 14 100 2 18 28 19 31 2 16 26 27 29 3 7 174 15 190 16 213 2 5 181 16 213 2 17 41 21 45 3 12 133 14 116 28 100 2 6 135 18 158 2 10 70 25 52 2 6 173 18 142 3 2 171 11 180 20 204 2 5 78 9 56 3 9 20 19 19 21 18 2 17 91 23 98 3 18 112 20 88 22 105 2 1 117 24 83 3 14 1 22 2 26 1 2 3 55 8 41 3 4 220 23 186 29 180
35 1 1 14 3 2 190 4 168 11 164 3 3 215 8 195 9 194 2 10 65 25 50 3 14 2 22 2 26 2 1 1 13 2 4 192 20 195 3 18 114 20 96 22 94 2 5 61 9 75 2 5 197 16 175 3 6 43 13 44 16 61 2 5 19 7 16 3 4 220 23 213 29 199 2 3 57 8 54 3 2 172 4 190 11 198 2 9 38 10 41 3 10 25 13 33 21 23 2 12 153 22 146 2 1 83 24 83 3 7 180 15 195 16 224 2 9 34 10 32 2 11 155 23 199 1 13 68 2 1 76 14 101 2 1 81 24 80 2 17 45 21 35 2 16 27 27 22 3 12 98 14 141 28 114 3 1 176 27 192 30 227 2 6 157 18 155 3 2 179 11 212 20 145 2 10 67 25 52 2 18 24 19 29 3 9 19 19 27 21 20 2 17 89 23 122
35 1 1 14 3 2 190 4 168 11 164 3 3 215 8 195 9 194 2 10 65 25 50 3 14 2 22 2 26 2 1 1 13 2 4 192 20 195 3 18 114 20 96 22 94 2 5 61 9 75 2 5 197 16 175 3 6 43 13 44 16 61 2 5 19 7 16 3 4 220 23 213 29 199 2 3 57 8 54 3 2 172 4 190 11 198 2 9 38 10 41 3 10 25 13 33 21 23 2 12 153 22 146 2 1 83 24 83 3 7 180 15 195 16 224 2 9 34 10 32 2 11 155 23 199 1 13 68 2 1 76 14 101 2 1 81 24 80 2 17 45 21 35 2 16 27 27 22 3 12 98 14 141 28 114 3 1 176 27 192 30 227 2 6 157 18 155 3 2 179 11 212 20 145 2 10 67 25 52 2 18 24 19 29 3 9 19 19 27 21 20 2 17 89 23 122
35 3 3 206 8 202 9 193 1 1 18 3 3 178 8 214 9 183 2 12 143 22 128 3 2 183 4 202 11 181 1 1 15 1 13 78 3 7 173 15 221 16 213 2 4 147 20 184 2 12 154 22 116 3 10 26 13 30 21 25 2 5 73 9 65 3 6 47 13 49 16 44 2 5 21 7 17 2 3 58 8 42 2 9 28 10 36 2 11 166 23 170 3 12 134 14 101 28 103 3 9 27 19 18 21 27 3 14 2 22 2 26 2 2 1 82 14 88 2 5 59 9 83 2 17 116 23 95 3 2 207 11 174 20 159 2 17 36 21 47 2 5 191 16 159 2 6 185 18 136 2 18 32 19 35 2 5 214 16 201 3 18 106 20 79 22 111 2 10 67 25 50 3 4 226 23 205 29 173 2 1 101 24 95 3 1 180 27 220 30 159 2 16 24 27 29
35 3 3 206 8 202 9 193 1 1 18 3 3 178 8 214 9 183 2 12 143 22 128 3 2 183 4 202 11 181 1 1 15 1 13 78 3 7 173 15 221 16 213 2 4 147 20 184 2 12 154 22 116 3 10 26 13 30 21 25 2 5 73 9 65 3 6 47 13 49 16 44 2 5 21 7 17 2 3 58 8 42 2 9 28 10 36 2 11 166 23 170 3 12 134 14 101 28 103 3 9 27 19 18 21 27 3 14 2 22 2 26 2 2 1 82 14 88 2 5 59 9 83 2 17 116 23 95 3 2 207 11 174 20 159 2 17 36 21 47 2 5 191 16 159 2 6 185 18 136 2 18 32 19 35 2 5 214 16 201 3 18 106 20 79 22 111 2 10 67 25 50 3 4 226 23 205 29 173 2 1 101 24 95 3 1 180 27 220 30 159 2 16 24 27 29
37 1 1 12 3 2 148 4 183 11 203 3 3 192 8 192 9 164 3 18 100 20 97 22 110 2 4 138 20 192 1 1 13 2 10 51 25 66 2 5 63 9 70 3 6 47 13 42 16 52 2 4 152 20 167 2 5 20 7 22 2 3 55 8 53 2 4 149 20 176 2 9 28 10 40 2 3 54 8 42 3 10 31 13 30 21 29 2 5 20 7 21 2 11 168 23 191 2 12 142 22 131 2 11 212 23 224 2 6 153 18 142 3 12 102 14 142 28 119 3 4 197 23 166 29 163 1 13 82 2 1 83 14 93 3 7 220 15 180 16 190 2 5 191 16 204 2 17 38 21 39 2 18 33 19 25 3 2 205 11 147 20 203 3 9 26 19 19 21 24 2 18 26 19 33 3 14 1 22 2 26 1 2 17 102 23 133 2 16 25 27 23 2 1 111 24 118 3 1 176 27 202 30 164
36 1 1 16 2 17 94 23 93 3 2 175 4 164 11 202 2 1 109 24 104 2 5 82 9 79 3 2 166 4 182 11 177 3 7 196 15 203 16 216 3 3 212 8 168 9 178 2 4 187 20 183 3 6 53 13 50 16 62 3 12 133 14 103 28 123 2 5 22 7 22 2 12 107 22 133 2 4 166 20 140 3 18 102 20 86 22 85 2 6 159 18 130 2 3 51 8 58 3 3 161 8 200 9 176 2 9 35 10 38 3 10 28 13 26 21 24 2 10 64 25 48 2 17 44 21 49 3 18 90 20 116 22 80 2 11 224 23 160 2 3 53 8 39 1 13 83 2 17 51 21 39 2 1 84 14 72 2 16 24 27 28 3 1 233 27 165 30 200 2 5 215 16 200 3 14 1 22 2 26 1 2 18 28 19 25 3 2 149 11 202 20 180 3 9 23 19 20 21 19 3 4 182 23 186 29 160
37 1 1 13 3 2 167 4 168 11 153 3 1 198 27 166 30 192 3 3 176 8 204 9 173 2 4 152 20 164 3 2 168 4 148 11 162 1 13 58 2 5 70 9 81 2 12 148 22 112 3 6 50 13 53 16 48 2 18 28 19 35 3 3 210 8 206 9 175 2 5 18 7 20 2 3 44 8 49 3 10 24 13 26 21 28 2 9 29 10 41 2 11 201 23 223 1 1 15 2 1 76 14 71 2 18 27 19 30 2 16 23 27 28 3 7 181 15 168 16 154 2 5 153 16 216 2 17 38 21 44 3 12 134 14 109 28 136 2 6 134 18 180 2 10 67 25 52 2 6 163 18 132 3 2 186 11 155 20 206 2 5 59 9 61 3 9 21 19 25 21 24 2 17 90 23 128 3 18 97 20 81 22 112 2 1 79 24 109 3 14 2 22 2 26 2 2 3 54 8 44 3 4 160 23 195 29 217
32 3 3 200 8 179 9 212 1 1 16 3 7 222 15 187 16 191 3 2 174 4 203 11 200 3 10 32 13 31 21 24 2 4 198 20 175 2 5 71 9 81 2 18 35 19 35 3 6 52 13 54 16 55 1 1 15 2 9 32 10 32 2 5 18 7 22 2 3 55 8 41 2 11 164 23 181 2 12 147 22 146 2 11 209 23 185 1 13 69 3 2 153 11 175 20 174 2 1 79 14 83 2 5 197 16 150 2 17 46 21 47 2 6 147 18 135 3 14 2 22 2 26 2 3 9 25 19 25 21 24 3 18 91 20 107 22 98 2 17 127 23 97 2 1 109 24 100 2 10 66 25 70 2 16 20 27 22 3 12 128 14 101 28 103 3 4 164 23 190 29 200 3 1 207 27 207 30 217
32 3 3 200 8 179 9 212 1 1 16 3 7 222 15 187 16 191 3 2 174 4 203 11 200 3 10 32 13 31 21 24 2 4 198 20 175 2 5 71 9 81 2 18 35 19 35 3 6 52 13 54 16 55 1 1 15 2 9 32 10 32 2 5 18 7 22 2 3 55 8 41 2 11 164 23 181 2 12 147 22 146 2 11 209 23 185 1 13 69 3 2 153 11 175 20 174 2 1 79 14 83 2 5 197 16 150 2 17 46 21 47 2 6 147 18 135 3 14 2 22 2 26 2 3 9 25 19 25 21 24 3 18 91 20 107 22 98 2 17 127 23 97 2 1 109 24 100 2 10 66 25 70 2 16 20 27 22 3 12 128 14 101 28 103 3 4 164 23 190 29 200 3 1 207 27 207 30 217
36 1 1 13 2 17 122 23 134 3 2 169 4 165 11 139 2 1 115 24 111 2 5 61 9 71 3 2 156 4 184 11 198 3 7 210 15 171 16 167 3 3 180 8 190 9 190 2 4 174 20 135 3 6 46 13 54 16 45 3 12 97 14 114 28 140 2 5 19 7 18 2 12 115 22 112 2 4 187 20 185 3 18 97 20 101 22 103 2 6 153 18 138 2 3 45 8 50 3 3 211 8 158 9 154 2 9 33 10 36 3 10 29 13 23 21 24 2 10 62 25 63 2 17 38 21 40 3 18 109 20 97 22 81 2 11 204 23 214 2 3 51 8 55 1 13 79 2 17 46 21 39 2 1 99 14 70 2 16 23 27 24 3 1 196 27 220 30 178 2 5 178 16 194 3 14 2 22 1 26 2 2 18 29 19 27 3 2 161 11 203 20 205 3 9 22 19 24 21 19 3 4 200 23 160 29 188
35 2 12 136 22 122 1 1 12 3 2 180 4 154 11 170 3 12 97 14 109 28 118 2 10 66 25 64 2 18 26 19 28 3 3 214 8 208 9 174 3 10 26 13 29 21 28 2 4 162 20 147 3 18 112 20 81 22 107 2 5 63 9 78 2 16 26 27 24 3 6 52 13 50 16 53 3 18 94 20 93 22 114 2 5 18 7 19 3 6 50 13 60 16 54 2 3 55 8 40 2 9 39 10 29 1 1 13 3 14 2 22 2 26 2 1 1 18 2 1 90 24 106 2 11 215 23 217 2 17 91 23 93 1 13 66 3 4 212 23 189 29 158 2 11 194 23 206 2 5 185 16 167 2 17 43 21 46 2 1 91 14 92 3 7 165 15 200 16 162 3 1 185 27 219 30 191 2 6 188 18 160 3 9 27 19 21 21 20 3 2 159 11 209 20 144
DUE_DATES: 5851 5851 6557 6629 6537 6383 6383 6156 6156 6301 6301 6038 6038 6148 6148 6538 5958 6321 6238 6250 6250 6839 6358 6050 6050 6327 6327 6221 6221 6336 6336 6461 5698 5698 6941 6040 6205 6486 6486 6111 6111 6478 6478 6532 6650 6419 5799 5799 6619 5988
WEIGHTS: 2 2 1 3 3 2 1 3 1 1 1 2 2 2 2 1 2 3 3 3 1 2 3 2 3 2 1 3 2 2 2 3 2 1 1 3 1 1 3 2 2 3 2 1 1 2 3 3 3 3
