50 30
38 2 1 39 23 42 2 2 143 10 134 2 1 56 23 43 2 11 173 12 161 3 3 39 20 46 27 43 3 4 135 20 134 23 119 2 5 113 19 86 2 11 206 12 176 3 5 57 6 65 16 45 3 19 109 20 91 25 121 3 1 74 7 68 18 78 2 1 99 9 118 2 12 175 22 158 3 21 139 24 140 28 140 1 8 104 2 12 135 22 151 2 10 53 13 55 2 9 85 11 96 3 4 153 20 115 23 135 3 4 89 13 83 20 85 3 10 62 14 75 21 61 2 12 132 22 142 2 15 120 26 135 3 1 129 19 136 23 170 2 11 192 12 167 3 9 93 16 99 28 95 4 16 46 17 47 20 36 21 38 3 6 184 18 151 29 209 3 6 115 11 122 20 96 3 10 65 14 72 21 65 2 18 91 21 120 2 5 127 23 134 2 6 121 28 128 3 7 47 22 39 26 52 2 5 138 23 130 3 2 220 19 191 27 224 3 11 70 24 84 29 74 3 9 38 28 42 30 46
41 2 1 48 23 57 3 1 63 7 78 18 59 2 1 50 23 55 2 2 158 10 125 3 7 47 22 48 26 41 3 3 37 20 34 27 40 3 11 91 24 85 29 91 3 3 38 20 40 27 34 3 21 157 24 141 28 166 3 4 113 20 122 23 150 3 21 166 24 146 28 156 3 9 81 16 109 28 112 2 5 86 19 107 3 5 49 6 50 16 50 2 2 133 10 172 3 1 167 19 161 23 123 3 7 38 22 48 26 53 3 6 109 11 115 20 132 1 8 93 2 1 136 9 126 2 5 82 19 102 2 10 46 13 42 2 9 105 11 83 3 7 37 22 38 26 49 2 11 213 12 224 3 4 130 20 122 23 135 2 12 146 22 168 3 4 80 13 106 20 112 3 3 41 20 44 27 40 3 2 181 19 189 27 213 3 10 70 14 73 21 85 2 15 131 26 101 2 1 136 9 141 4 16 50 17 39 20 43 21 52 2 18 113 21 90 2 10 52 13 39 3 6 181 18 217 29 223 2 5 155 23 150 3 19 111 20 89 25 123 2 6 98 28 125 3 9 47 28 43 30 37
41 2 1 48 23 57 3 1 63 7 78 18 59 2 1 50 23 55 2 2 158 10 125 3 7 47 22 48 26 41 3 3 37 20 34 27 40 3 11 91 24 85 29 91 3 3 38 20 40 27 34 3 21 157 24 141 28 166 3 4 113 20 122 23 150 3 21 166 24 146 28 156 3 9 81 16 109 28 112 2 5 86 19 107 3 5 49 6 50 16 50 2 2 133 10 172 3 1 167 19 161 23 123 3 7 38 22 48 26 53 3 6 109 11 115 20 132 1 8 93 2 1 136 9 126 2 5 82 19 102 2 10 46 13 42 2 9 105 11 83 3 7 37 22 38 26 49 2 11 213 12 224 3 4 130 20 122 23 135 2 12 146 22 168 3 4 80 13 106 20 112 3 3 41 20 44 27 40 3 2 181 19 189 27 213 3 10 70 14 73 21 85 2 15 131 26 101 2 1 136 9 141 4 16 50 17 39 20 43 21 52 2 18 113 21 90 2 10 52 13 39 3 6 181 18 217 29 223 2 5 155 23 150 3 19 111 20 89 25 123 2 6 98 28 125 3 9 47 28 43 30 37
38 2 1 44 23 53 2 2 163 10 167 2 1 39 23 45 2 11 195 12 167 3 3 32 20 45 27 32 3 4 153 20 122 23 148 2 5 112 19 91 2 11 190 12 221 3 5 54 6 56 16 62 3 19 113 20 109 25 132 3 1 68 7 60 18 64 2 1 133 9 124 2 12 164 22 171 3 21 126 24 156 28 162 1 8 114 2 12 186 22 134 2 10 41 13 47 2 9 85 11 81 3 4 131 20 130 23 153 3 4 88 13 106 20 95 3 10 69 14 83 21 74 2 12 134 22 134 2 15 121 26 131 3 1 170 19 172 23 170 2 11 160 12 153 3 9 91 16 95 28 111 4 16 43 17 43 20 43 21 43 3 6 189 18 215 29 156 3 6 141 11 111 20 109 3 10 57 14 79 21 58 2 18 87 21 112 2 5 170 23 119 2 6 132 28 107 3 7 40 22 40 26 42 2 5 155 23 140 3 2 187 19 185 27 154 3 11 77 24 73 29 97 3 9 48 28 48 30 43
38 2 10 55 13 39 2 12 182 22 163 2 1 57 23 47 2 2 173 10 153 2 1 53 23 49 2 6 98 28 140 3 3 34 20 33 27 45 3 4 115 20 126 23 108 2 5 106 19 110 2 12 145 22 160 3 5 62 6 50 16 57 3 1 79 7 87 18 61 1 8 88 2 1 139 9 137 3 1 63 7 70 18 75 2 9 77 11 86 3 6 176 18 154 29 221 2 11 153 12 211 2 15 105 26 120 3 11 100 24 100 29 76 2 1 58 23 40 3 4 96 13 100 20 105 3 10 82 14 63 21 64 2 12 128 22 186 3 9 98 16 97 28 108 4 16 40 17 53 20 39 21 46 3 5 58 6 60 16 63 3 21 132 24 142 28 114 3 1 178 19 158 23 139 3 6 117 11 131 20 112 2 18 88 21 95 3 2 198 19 209 27 172 3 4 107 13 94 20 101 2 5 126 23 147 3 7 52 22 52 26 48 3 19 111 20 99 25 110 2 15 114 26 107 3 9 40 28 44 30 36
35 3 6 104 11 107 20 127 3 9 47 28 35 30 45 3 6 129 11 109 20 122 2 5 89 19 112 2 11 217 12 177 2 1 49 23 48 2 2 136 10 125 3 3 41 20 42 27 40 3 6 188 18 185 29 188 2 15 134 26 102 3 4 147 20 109 23 119 3 5 53 6 50 16 46 2 12 148 22 177 2 11 177 12 164 3 1 75 7 75 18 66 1 8 119 3 6 200 18 165 29 180 2 1 117 9 121 2 10 41 13 44 2 9 100 11 87 2 5 169 23 172 3 9 109 16 103 28 107 3 19 112 20 94 25 116 2 2 139 10 120 3 1 160 19 157 23 180 3 21 121 24 163 28 122 3 4 81 13 80 20 90 3 10 76 14 66 21 61 3 21 123 24 131 28 145 2 18 97 21 87 4 16 51 17 50 20 41 21 38 3 7 38 22 53 26 53 2 6 109 28 104 3 2 210 19 175 27 163 3 11 77 24 85 29 80
35 2 1 40 23 39 2 2 125 10 126 2 1 52 23 54 3 3 43 20 35 27 38 3 4 153 20 142 23 141 2 5 93 19 108 3 11 83 24 90 29 103 3 5 46 6 58 16 66 3 1 84 7 73 18 64 1 8 101 2 1 100 9 120 2 10 42 13 42 2 9 92 11 94 3 19 121 20 103 25 116 2 11 158 12 177 2 5 173 23 136 3 4 97 13 112 20 83 2 12 163 22 172 3 1 77 7 87 18 81 3 2 210 19 195 27 204 3 10 60 14 63 21 65 2 15 125 26 130 3 9 111 16 100 28 82 4 16 51 17 50 20 53 21 36 3 6 183 18 223 29 199 3 1 149 19 160 23 154 3 4 113 20 145 23 110 3 6 112 11 104 20 98 2 18 113 21 119 3 21 159 24 168 28 118 2 11 204 12 158 3 7 52 22 39 26 53 4 16 49 17 43 20 39 21 42 2 6 106 28 100 3 9 48 28 46 30 47
35 2 1 40 23 39 2 2 125 10 126 2 1 52 23 54 3 3 43 20 35 27 38 3 4 153 20 142 23 141 2 5 93 19 108 3 11 83 24 90 29 103 3 5 46 6 58 16 66 3 1 84 7 73 18 64 1 8 101 2 1 100 9 120 2 10 42 13 42 2 9 92 11 94 3 19 121 20 103 25 116 2 11 158 12 177 2 5 173 23 136 3 4 97 13 112 20 83 2 12 163 22 172 3 1 77 7 87 18 81 3 2 210 19 195 27 204 3 10 60 14 63 21 65 2 15 125 26 130 3 9 111 16 100 28 82 4 16 51 17 50 20 53 21 36 3 6 183 18 223 29 199 3 1 149 19 160 23 154 3 4 113 20 145 23 110 3 6 112 11 104 20 98 2 18 113 21 119 3 21 159 24 168 28 118 2 11 204 12 158 3 7 52 22 39 26 53 4 16 49 17 43 20 39 21 42 2 6 106 28 100 3 9 48 28 46 30 47
36 2 1 48 23 46 2 2 169 10 143 3 3 33 20 46 27 38 3 4 116 20 120 23 134 2 5 114 19 78 3 5 55 6 45 16 58 3 1 61 7 72 18 81 1 8 96 3 7 49 22 37 26 39 3 3 33 20 46 27 36 3 9 98 16 103 28 105 3 7 54 22 47 26 44 2 1 99 9 97 3 2 206 19 180 27 213 2 10 38 13 51 3 1 87 7 80 18 86 2 9 93 11 86 1 8 118 2 11 219 12 179 3 4 81 13 114 20 107 3 10 58 14 76 21 65 3 4 130 20 134 23 129 2 12 149 22 173 2 5 150 23 157 2 2 128 10 125 2 15 124 26 120 4 16 38 17 52 20 53 21 46 3 6 167 18 207 29 157 3 1 144 19 142 23 139 3 6 134 11 111 20 115 2 18 117 21 98 3 11 79 24 75 29 84 3 21 115 24 122 28 139 2 6 113 28 101 3 19 118 20 109 25 95 3 9 46 28 45 30 50
36 2 1 48 23 46 2 2 169 10 143 3 3 33 20 46 27 38 3 4 116 20 120 23 134 2 5 114 19 78 3 5 55 6 45 16 58 3 1 61 7 72 18 81 1 8 96 3 7 49 22 37 26 39 3 3 33 20 46 27 36 3 9 98 16 103 28 105 3 7 54 22 47 26 44 2 1 99 9 97 3 2 206 19 180 27 213 2 10 38 13 51 3 1 87 7 80 18 86 2 9 93 11 86 1 8 118 2 11 219 12 179 3 4 81 13 114 20 107 3 10 58 14 76 21 65 3 4 130 20 134 23 129 2 12 149 22 173 2 5 150 23 157 2 2 128 10 125 2 15 124 26 120 4 16 38 17 52 20 53 21 46 3 6 167 18 207 29 157 3 1 144 19 142 23 139 3 6 134 11 111 20 115 2 18 117 21 98 3 11 79 24 75 29 84 3 21 115 24 122 28 139 2 6 113 28 101 3 19 118 20 109 25 95 3 9 46 28 45 30 50
36 4 16 39 17 36 20 51 21 41 2 1 43 23 44 2 2 128 10 141 3 3 39 20 44 27 39 3 4 105 20 138 23 129 2 1 53 23 39 2 5 95 19 84 3 5 56 6 59 16 48 3 1 74 7 75 18 61 2 5 94 19 112 1 8 125 2 1 126 9 143 3 10 75 14 78 21 65 2 5 95 19 109 2 10 52 13 54 2 15 122 26 111 2 9 99 11 74 2 11 183 12 175 3 19 123 20 100 25 109 3 4 102 13 109 20 99 3 9 116 16 110 28 101 2 6 139 28 126 3 3 34 20 36 27 32 3 6 217 18 163 29 199 3 1 122 19 125 23 154 3 21 154 24 144 28 127 3 6 141 11 98 20 104 3 7 53 22 46 26 39 2 18 123 21 111 2 11 161 12 161 3 2 200 19 194 27 156 3 11 72 24 95 29 75 2 12 162 22 156 3 11 91 24 69 29 78 2 5 143 23 151 3 9 46 28 40 30 46
36 4 16 39 17 36 20 51 21 41 2 1 43 23 44 2 2 128 10 141 3 3 39 20 44 27 39 3 4 105 20 138 23 129 2 1 53 23 39 2 5 95 19 84 3 5 56 6 59 16 48 3 1 74 7 75 18 61 2 5 94 19 112 1 8 125 2 1 126 9 143 3 10 75 14 78 21 65 2 5 95 19 109 2 10 52 13 54 2 15 122 26 111 2 9 99 11 74 2 11 183 12 175 3 19 123 20 100 25 109 3 4 102 13 109 20 99 3 9 116 16 110 28 101 2 6 139 28 126 3 3 34 20 36 27 32 3 6 217 18 163 29 199 3 1 122 19 125 23 154 3 21 154 24 144 28 127 3 6 141 11 98 20 104 3 7 53 22 46 26 39 2 18 123 21 111 2 11 161 12 161 3 2 200 19 194 27 156 3 11 72 24 95 29 75 2 12 162 22 156 3 11 91 24 69 29 78 2 5 143 23 151 3 9 46 28 40 30 46
37 2 18 87 21 96 2 1 46 23 49 3 5 50 6 48 16 54 2 2 159 10 155 3 19 109 20 114 25 94 3 3 38 20 45 27 43 2 9 80 11 90 3 4 125 20 116 23 126 2 5 89 19 81 3 1 83 7 69 18 79 3 21 149 24 160 28 146 1 8 123 2 18 95 21 93 2 1 108 9 104 2 5 84 19 99 2 10 45 13 47 3 4 128 20 109 23 105 2 15 113 26 134 3 7 45 22 40 26 37 2 11 215 12 197 3 11 79 24 71 29 87 3 3 41 20 41 27 47 3 4 81 13 80 20 78 3 10 62 14 65 21 75 3 2 195 19 190 27 216 3 4 125 20 145 23 108 3 6 208 18 156 29 168 2 1 128 9 113 2 5 160 23 153 3 7 39 22 50 26 41 3 9 93 16 87 28 110 4 16 44 17 47 20 53 21 39 3 9 40 28 47 30 47 3 1 149 19 123 23 159 3 6 97 11 122 20 96 2 12 186 22 182 2 6 117 28 105
37 2 18 87 21 96 2 1 46 23 49 3 5 50 6 48 16 54 2 2 159 10 155 3 19 109 20 114 25 94 3 3 38 20 45 27 43 2 9 80 11 90 3 4 125 20 116 23 126 2 5 89 19 81 3 1 83 7 69 18 79 3 21 149 24 160 28 146 1 8 123 2 18 95 21 93 2 1 108 9 104 2 5 84 19 99 2 10 45 13 47 3 4 128 20 109 23 105 2 15 113 26 134 3 7 45 22 40 26 37 2 11 215 12 197 3 11 79 24 71 29 87 3 3 41 20 41 27 47 3 4 81 13 80 20 78 3 10 62 14 65 21 75 3 2 195 19 190 27 216 3 4 125 20 145 23 108 3 6 208 18 156 29 168 2 1 128 9 113 2 5 160 23 153 3 7 39 22 50 26 41 3 9 93 16 87 28 110 4 16 44 17 47 20 53 21 39 3 9 40 28 47 30 47 3 1 149 19 123 23 159 3 6 97 11 122 20 96 2 12 186 22 182 2 6 117 28 105
37 2 1 51 23 45 2 9 81 11 86 2 2 162 10 122 3 19 124 20 115 25 111 3 3 37 20 36 27 46 3 4 134 20 146 23 105 2 5 113 19 95 2 9 77 11 90 3 5 61 6 65 16 51 2 5 89 19 92 3 1 61 7 60 18 65 2 5 100 19 89 4 16 36 17 52 20 40 21 46 3 2 167 19 191 27 204 3 6 151 18 204 29 158 3 7 51 22 37 26 46 2 10 43 13 53 1 8 95 3 7 53 22 37 26 48 2 1 97 9 108 2 11 181 12 216 3 4 85 13 84 20 88 3 9 43 28 34 30 44 3 10 71 14 61 21 62 2 15 135 26 96 2 12 183 22 153 3 1 85 7 72 18 85 3 9 83 16 104 28 118 3 4 127 20 150 23 113 3 1 124 19 122 23 139 3 6 106 11 131 20 124 2 6 101 28 111 4 16 42 17 39 20 43 21 41 2 18 106 21 97 2 5 147 23 162 3 21 128 24 131 28 121 3 11 93 24 76 29 83
37 2 1 51 23 45 2 9 81 11 86 2 2 162 10 122 3 19 124 20 115 25 111 3 3 37 20 36 27 46 3 4 134 20 146 23 105 2 5 113 19 95 2 9 77 11 90 3 5 61 6 65 16 51 2 5 89 19 92 3 1 61 7 60 18 65 2 5 100 19 89 4 16 36 17 52 20 40 21 46 3 2 167 19 191 27 204 3 6 151 18 204 29 158 3 7 51 22 37 26 46 2 10 43 13 53 1 8 95 3 7 53 22 37 26 48 2 1 97 9 108 2 11 181 12 216 3 4 85 13 84 20 88 3 9 43 28 34 30 44 3 10 71 14 61 21 62 2 15 135 26 96 2 12 183 22 153 3 1 85 7 72 18 85 3 9 83 16 104 28 118 3 4 127 20 150 23 113 3 1 124 19 122 23 139 3 6 106 11 131 20 124 2 6 101 28 111 4 16 42 17 39 20 43 21 41 2 18 106 21 97 2 5 147 23 162 3 21 128 24 131 28 121 3 11 93 24 76 29 83
39 2 1 48 23 44 2 6 98 28 138 2 1 48 23 54 2 2 133 10 171 3 3 36 20 46 27 41 3 4 146 20 150 23 123 2 1 46 23 53 2 5 100 19 78 2 15 102 26 116 3 7 48 22 48 26 45 3 11 85 24 83 29 103 2 6 100 28 114 3 5 52 6 51 16 54 3 1 86 7 71 18 81 1 8 125 2 5 167 23 123 2 2 170 10 129 2 1 115 9 140 2 10 39 13 38 2 15 138 26 131 3 6 176 18 164 29 211 2 9 84 11 96 3 9 105 16 118 28 94 3 2 219 19 210 27 176 2 11 166 12 179 3 7 45 22 46 26 50 4 16 43 17 45 20 50 21 38 3 4 77 13 88 20 113 3 9 83 16 110 28 104 3 10 72 14 61 21 75 2 6 122 28 109 3 1 160 19 170 23 123 2 18 115 21 107 3 6 131 11 132 20 105 3 7 54 22 42 26 50 2 12 155 22 166 3 19 128 20 114 25 96 3 21 158 24 121 28 144 3 9 42 28 50 30 35
39 2 1 48 23 44 2 6 98 28 138 2 1 48 23 54 2 2 133 10 171 3 3 36 20 46 27 41 3 4 146 20 150 23 123 2 1 46 23 53 2 5 100 19 78 2 15 102 26 116 3 7 48 22 48 26 45 3 11 85 24 83 29 103 2 6 100 28 114 3 5 52 6 51 16 54 3 1 86 7 71 18 81 1 8 125 2 5 167 23 123 2 2 170 10 129 2 1 115 9 140 2 10 39 13 38 2 15 138 26 131 3 6 176 18 164 29 211 2 9 84 11 96 3 9 105 16 118 28 94 3 2 219 19 210 27 176 2 11 166 12 179 3 7 45 22 46 26 50 4 16 43 17 45 20 50 21 38 3 4 77 13 88 20 113 3 9 83 16 110 28 104 3 10 72 14 61 21 75 2 6 122 28 109 3 1 160 19 170 23 123 2 18 115 21 107 3 6 131 11 132 20 105 3 7 54 22 42 26 50 2 12 155 22 166 3 19 128 20 114 25 96 3 21 158 24 121 28 144 3 9 42 28 50 30 35
39 2 1 48 23 44 2 6 98 28 138 2 1 48 23 54 2 2 133 10 171 3 3 36 20 46 27 41 3 4 146 20 150 23 123 2 1 46 23 53 2 5 100 19 78 2 15 102 26 116 3 7 48 22 48 26 45 3 11 85 24 83 29 103 2 6 100 28 114 3 5 52 6 51 16 54 3 1 86 7 71 18 81 1 8 125 2 5 167 23 123 2 2 170 10 129 2 1 115 9 140 2 10 39 13 38 2 15 138 26 131 3 6 176 18 164 29 211 2 9 84 11 96 3 9 105 16 118 28 94 3 2 219 19 210 27 176 2 11 166 12 179 3 7 45 22 46 26 50 4 16 43 17 45 20 50 21 38 3 4 77 13 88 20 113 3 9 83 16 110 28 104 3 10 72 14 61 21 75 2 6 122 28 109 3 1 160 19 170 23 123 2 18 115 21 107 3 6 131 11 132 20 105 3 7 54 22 42 26 50 2 12 155 22 166 3 19 128 20 114 25 96 3 21 158 24 121 28 144 3 9 42 28 50 30 35
39 2 1 48 23 44 2 6 98 28 138 2 1 48 23 54 2 2 133 10 171 3 3 36 20 46 27 41 3 4 146 20 150 23 123 2 1 46 23 53 2 5 100 19 78 2 15 102 26 116 3 7 48 22 48 26 45 3 11 85 24 83 29 103 2 6 100 28 114 3 5 52 6 51 16 54 3 1 86 7 71 18 81 1 8 125 2 5 167 23 123 2 2 170 10 129 2 1 115 9 140 2 10 39 13 38 2 15 138 26 131 3 6 176 18 164 29 211 2 9 84 11 96 3 9 105 16 118 28 94 3 2 219 19 210 27 176 2 11 166 12 179 3 7 45 22 46 26 50 4 16 43 17 45 20 50 21 38 3 4 77 13 88 20 113 3 9 83 16 110 28 104 3 10 72 14 61 21 75 2 6 122 28 109 3 1 160 19 170 23 123 2 18 115 21 107 3 6 131 11 132 20 105 3 7 54 22 42 26 50 2 12 155 22 166 3 19 128 20 114 25 96 3 21 158 24 121 28 144 3 9 42 28 50 30 35
39 2 1 48 23 44 2 6 98 28 138 2 1 48 23 54 2 2 133 10 171 3 3 36 20 46 27 41 3 4 146 20 150 23 123 2 1 46 23 53 2 5 100 19 78 2 15 102 26 116 3 7 48 22 48 26 45 3 11 85 24 83 29 103 2 6 100 28 114 3 5 52 6 51 16 54 3 1 86 7 71 18 81 1 8 125 2 5 167 23 123 2 2 170 10 129 2 1 115 9 140 2 10 39 13 38 2 15 138 26 131 3 6 176 18 164 29 211 2 9 84 11 96 3 9 105 16 118 28 94 3 2 219 19 210 27 176 2 11 166 12 179 3 7 45 22 46 26 50 4 16 43 17 45 20 50 21 38 3 4 77 13 88 20 113 3 9 83 16 110 28 104 3 10 72 14 61 21 75 2 6 122 28 109 3 1 160 19 170 23 123 2 18 115 21 107 3 6 131 11 132 20 105 3 7 54 22 42 26 50 2 12 155 22 166 3 19 128 20 114 25 96 3 21 158 24 121 28 144 3 9 42 28 50 30 35
36 2 1 46 23 41 2 2 174 10 150 3 3 36 20 32 27 37 3 4 110 20 131 23 143 2 5 108 19 107 3 5 65 6 52 16 48 3 1 77 7 63 18 69 1 8 116 3 7 39 22 49 26 45 3 3 34 20 34 27 41 3 9 92 16 100 28 92 3 7 52 22 50 26 51 2 1 138 9 132 3 2 167 19 193 27 171 2 10 54 13 40 3 1 84 7 86 18 75 2 9 103 11 109 1 8 130 2 11 152 12 160 3 4 109 13 104 20 106 3 10 85 14 85 21 82 3 4 104 20 118 23 110 2 12 125 22 141 2 5 131 23 132 2 2 169 10 173 2 15 136 26 127 4 16 37 17 52 20 49 21 39 3 6 198 18 206 29 185 3 1 124 19 140 23 136 3 6 126 11 103 20 101 2 18 119 21 117 3 11 81 24 73 29 73 3 21 135 24 158 28 160 2 6 134 28 146 3 19 133 20 101 25 89 3 9 48 28 47 30 36
36 2 1 46 23 41 2 2 174 10 150 3 3 36 20 32 27 37 3 4 110 20 131 23 143 2 5 108 19 107 3 5 65 6 52 16 48 3 1 77 7 63 18 69 1 8 116 3 7 39 22 49 26 45 3 3 34 20 34 27 41 3 9 92 16 100 28 92 3 7 52 22 50 26 51 2 1 138 9 132 3 2 167 19 193 27 171 2 10 54 13 40 3 1 84 7 86 18 75 2 9 103 11 109 1 8 130 2 11 152 12 160 3 4 109 13 104 20 106 3 10 85 14 85 21 82 3 4 104 20 118 23 110 2 12 125 22 141 2 5 131 23 132 2 2 169 10 173 2 15 136 26 127 4 16 37 17 52 20 49 21 39 3 6 198 18 206 29 185 3 1 124 19 140 23 136 3 6 126 11 103 20 101 2 18 119 21 117 3 11 81 24 73 29 73 3 21 135 24 158 28 160 2 6 134 28 146 3 19 133 20 101 25 89 3 9 48 28 47 30 36
38 2 1 43 23 56 3 19 123 20 102 25 105 2 1 50 23 55 3 6 112 11 117 20 140 2 1 56 23 56 3 9 48 28 34 30 36 2 2 148 10 129 3 3 33 20 35 27 47 3 4 116 20 144 23 111 3 6 126 11 123 20 106 2 5 97 19 114 2 15 110 26 118 2 1 45 23 41 2 10 39 13 54 2 11 220 12 207 4 16 52 17 53 20 50 21 51 3 11 84 24 83 29 104 2 5 152 23 142 3 6 119 11 103 20 135 3 5 57 6 63 16 51 3 1 139 19 156 23 151 3 1 85 7 62 18 63 2 9 95 11 76 1 8 126 3 6 130 11 135 20 110 2 6 120 28 127 2 1 128 9 105 3 4 107 13 105 20 104 3 10 65 14 82 21 72 3 21 156 24 125 28 120 2 6 131 28 100 3 9 80 16 91 28 117 3 6 208 18 153 29 187 2 18 105 21 101 2 12 167 22 172 3 2 173 19 208 27 187 2 12 162 22 147 3 7 43 22 40 26 39
38 2 1 43 23 56 3 19 123 20 102 25 105 2 1 50 23 55 3 6 112 11 117 20 140 2 1 56 23 56 3 9 48 28 34 30 36 2 2 148 10 129 3 3 33 20 35 27 47 3 4 116 20 144 23 111 3 6 126 11 123 20 106 2 5 97 19 114 2 15 110 26 118 2 1 45 23 41 2 10 39 13 54 2 11 220 12 207 4 16 52 17 53 20 50 21 51 3 11 84 24 83 29 104 2 5 152 23 142 3 6 119 11 103 20 135 3 5 57 6 63 16 51 3 1 139 19 156 23 151 3 1 85 7 62 18 63 2 9 95 11 76 1 8 126 3 6 130 11 135 20 110 2 6 120 28 127 2 1 128 9 105 3 4 107 13 105 20 104 3 10 65 14 82 21 72 3 21 156 24 125 28 120 2 6 131 28 100 3 9 80 16 91 28 117 3 6 208 18 153 29 187 2 18 105 21 101 2 12 167 22 172 3 2 173 19 208 27 187 2 12 162 22 147 3 7 43 22 40 26 39
35 3 6 136 11 132 20 138 3 9 37 28 50 30 35 3 6 139 11 117 20 114 2 5 113 19 82 2 11 167 12 204 2 1 46 23 51 2 2 127 10 152 3 3 44 20 35 27 41 3 6 174 18 210 29 200 2 15 130 26 132 3 4 116 20 149 23 113 3 5 54 6 57 16 45 2 12 161 22 173 2 11 175 12 174 3 1 84 7 84 18 70 1 8 99 3 6 164 18 186 29 152 2 1 143 9 135 2 10 55 13 41 2 9 84 11 77 2 5 160 23 147 3 9 102 16 86 28 115 3 19 123 20 90 25 91 2 2 121 10 160 3 1 125 19 146 23 149 3 21 139 24 166 28 153 3 4 101 13 111 20 84 3 10 84 14 80 21 58 3 21 166 24 114 28 145 2 18 93 21 110 4 16 45 17 44 20 47 21 53 3 7 46 22 51 26 53 2 6 121 28 122 3 2 215 19 161 27 196 3 11 86 24 81 29 83
38 2 1 52 23 51 3 19 132 20 96 25 123 2 1 57 23 43 3 6 120 11 101 20 132 2 1 48 23 56 3 9 46 28 45 30 49 2 2 154 10 139 3 3 32 20 40 27 35 3 4 155 20 131 23 116 3 6 131 11 118 20 121 2 5 92 19 103 2 15 133 26 105 2 1 40 23 39 2 10 46 13 53 2 11 215 12 197 4 16 52 17 43 20 45 21 44 3 11 102 24 95 29 85 2 5 175 23 167 3 6 102 11 104 20 99 3 5 64 6 55 16 54 3 1 141 19 134 23 139 3 1 62 7 59 18 77 2 9 75 11 84 1 8 99 3 6 103 11 100 20 101 2 6 120 28 124 2 1 143 9 120 3 4 114 13 79 20 88 3 10 76 14 73 21 66 3 21 153 24 134 28 124 2 6 125 28 135 3 9 94 16 115 28 88 3 6 163 18 207 29 181 2 18 118 21 91 2 12 147 22 134 3 2 220 19 155 27 174 2 12 137 22 161 3 7 38 22 44 26 42
33 2 5 129 23 131 2 1 47 23 46 1 8 120 2 2 132 10 174 2 5 88 19 101 2 15 117 26 95 3 9 83 16 111 28 117 3 6 109 11 107 20 104 3 21 114 24 144 28 126 3 3 41 20 37 27 40 1 8 97 2 9 102 11 76 3 6 211 18 163 29 152 2 18 112 21 111 3 2 188 19 183 27 158 3 4 130 20 127 23 121 3 6 138 11 122 20 134 3 5 53 6 49 16 46 3 1 61 7 85 18 78 2 1 118 9 97 2 10 49 13 42 2 11 185 12 169 3 4 103 13 106 20 84 3 10 67 14 62 21 83 4 16 43 17 40 20 36 21 53 3 9 50 28 35 30 36 3 1 177 19 150 23 146 3 7 47 22 43 26 49 2 12 183 22 169 2 10 49 13 40 3 19 90 20 121 25 103 2 6 102 28 100 3 11 100 24 90 29 78
33 2 5 129 23 131 2 1 47 23 46 1 8 120 2 2 132 10 174 2 5 88 19 101 2 15 117 26 95 3 9 83 16 111 28 117 3 6 109 11 107 20 104 3 21 114 24 144 28 126 3 3 41 20 37 27 40 1 8 97 2 9 102 11 76 3 6 211 18 163 29 152 2 18 112 21 111 3 2 188 19 183 27 158 3 4 130 20 127 23 121 3 6 138 11 122 20 134 3 5 53 6 49 16 46 3 1 61 7 85 18 78 2 1 118 9 97 2 10 49 13 42 2 11 185 12 169 3 4 103 13 106 20 84 3 10 67 14 62 21 83 4 16 43 17 40 20 36 21 53 3 9 50 28 35 30 36 3 1 177 19 150 23 146 3 7 47 22 43 26 49 2 12 183 22 169 2 10 49 13 40 3 19 90 20 121 25 103 2 6 102 28 100 3 11 100 24 90 29 78
38 2 1 42 23 50 3 19 101 20 125 25 115 2 1 46 23 54 3 6 110 11 125 20 124 2 1 46 23 51 3 9 50 28 37 30 47 2 2 136 10 121 3 3 32 20 32 27 43 3 4 124 20 128 23 117 3 6 128 11 133 20 111 2 5 89 19 113 2 15 99 26 132 2 1 42 23 49 2 10 40 13 45 2 11 158 12 213 4 16 42 17 43 20 50 21 50 3 11 82 24 70 29 87 2 5 121 23 118 3 6 128 11 107 20 107 3 5 59 6 63 16 51 3 1 147 19 135 23 126 3 1 77 7 72 18 68 2 9 100 11 76 1 8 93 3 6 121 11 122 20 117 2 6 135 28 126 2 1 116 9 114 3 4 108 13 96 20 106 3 10 78 14 79 21 73 3 21 121 24 129 28 117 2 6 137 28 144 3 9 80 16 95 28 117 3 6 217 18 225 29 187 2 18 95 21 86 2 12 180 22 159 3 2 185 19 217 27 213 2 12 173 22 165 3 7 48 22 39 26 51
38 2 1 42 23 50 3 19 101 20 125 25 115 2 1 46 23 54 3 6 110 11 125 20 124 2 1 46 23 51 3 9 50 28 37 30 47 2 2 136 10 121 3 3 32 20 32 27 43 3 4 124 20 128 23 117 3 6 128 11 133 20 111 2 5 89 19 113 2 15 99 26 132 2 1 42 23 49 2 10 40 13 45 2 11 158 12 213 4 16 42 17 43 20 50 21 50 3 11 82 24 70 29 87 2 5 121 23 118 3 6 128 11 107 20 107 3 5 59 6 63 16 51 3 1 147 19 135 23 126 3 1 77 7 72 18 68 2 9 100 11 76 1 8 93 3 6 121 11 122 20 117 2 6 135 28 126 2 1 116 9 114 3 4 108 13 96 20 106 3 10 78 14 79 21 73 3 21 121 24 129 28 117 2 6 137 28 144 3 9 80 16 95 28 117 3 6 217 18 225 29 187 2 18 95 21 86 2 12 180 22 159 3 2 185 19 217 27 213 2 12 173 22 165 3 7 48 22 39 26 51
37 2 18 82 21 84 2 1 41 23 42 3 5 47 6 59 16 58 2 2 147 10 154 3 19 98 20 100 25 91 3 3 46 20 33 27 46 2 9 81 11 111 3 4 114 20 152 23 113 2 5 102 19 104 3 1 70 7 81 18 63 3 21 168 24 125 28 131 1 8 111 2 18 116 21 103 2 1 108 9 118 2 5 111 19 96 2 10 49 13 49 3 4 135 20 106 23 123 2 15 94 26 127 3 7 45 22 51 26 39 2 11 151 12 195 3 11 71 24 70 29 88 3 3 47 20 44 27 38 3 4 113 13 95 20 103 3 10 76 14 58 21 80 3 2 180 19 216 27 209 3 4 122 20 104 23 149 3 6 224 18 191 29 204 2 1 105 9 97 2 5 132 23 139 3 7 45 22 49 26 38 3 9 92 16 86 28 100 4 16 45 17 45 20 40 21 39 3 9 34 28 41 30 47 3 1 127 19 144 23 162 3 6 111 11 97 20 102 2 12 171 22 166 2 6 130 28 98
37 2 18 82 21 84 2 1 41 23 42 3 5 47 6 59 16 58 2 2 147 10 154 3 19 98 20 100 25 91 3 3 46 20 33 27 46 2 9 81 11 111 3 4 114 20 152 23 113 2 5 102 19 104 3 1 70 7 81 18 63 3 21 168 24 125 28 131 1 8 111 2 18 116 21 103 2 1 108 9 118 2 5 111 19 96 2 10 49 13 49 3 4 135 20 106 23 123 2 15 94 26 127 3 7 45 22 51 26 39 2 11 151 12 195 3 11 71 24 70 29 88 3 3 47 20 44 27 38 3 4 113 13 95 20 103 3 10 76 14 58 21 80 3 2 180 19 216 27 209 3 4 122 20 104 23 149 3 6 224 18 191 29 204 2 1 105 9 97 2 5 132 23 139 3 7 45 22 49 26 38 3 9 92 16 86 28 100 4 16 45 17 45 20 40 21 39 3 9 34 28 41 30 47 3 1 127 19 144 23 162 3 6 111 11 97 20 102 2 12 171 22 166 2 6 130 28 98
37 2 1 44 23 54 2 9 84 11 91 2 2 162 10 139 3 19 129 20 123 25 125 3 3 37 20 42 27 45 3 4 105 20 135 23 134 2 5 105 19 110 2 9 107 11 91 3 5 66 6 63 16 49 2 5 112 19 98 3 1 68 7 65 18 59 2 5 106 19 107 4 16 43 17 44 20 43 21 45 3 2 180 19 159 27 191 3 6 224 18 167 29 215 3 7 54 22 41 26 50 2 10 49 13 38 1 8 124 3 7 46 22 42 26 42 2 1 98 9 124 2 11 181 12 166 3 4 105 13 80 20 112 3 9 37 28 38 30 49 3 10 82 14 65 21 57 2 15 109 26 115 2 12 184 22 158 3 1 66 7 69 18 87 3 9 85 16 103 28 100 3 4 133 20 148 23 107 3 1 126 19 139 23 166 3 6 107 11 109 20 128 2 6 106 28 108 4 16 52 17 42 20 47 21 42 2 18 110 21 115 2 5 133 23 167 3 21 150 24 163 28 122 3 11 101 24 90 29 71
37 2 1 42 23 49 2 2 137 10 124 2 1 55 23 53 3 3 45 20 41 27 44 3 4 106 20 128 23 105 2 15 124 26 110 2 5 103 19 107 3 5 66 6 59 16 61 3 9 45 28 49 30 47 3 1 60 7 59 18 84 2 15 113 26 96 1 8 110 2 1 138 9 116 2 6 110 28 126 3 11 94 24 98 29 85 3 6 112 11 104 20 101 3 1 72 7 61 18 62 2 10 55 13 50 2 5 80 19 102 3 19 106 20 119 25 129 2 9 77 11 99 2 11 157 12 174 3 4 97 13 113 20 91 3 10 61 14 75 21 58 3 6 107 11 126 20 112 4 16 47 17 43 20 53 21 45 3 9 84 16 93 28 86 3 7 37 22 44 26 51 2 18 87 21 116 3 6 195 18 196 29 177 3 1 151 19 128 23 156 1 8 103 2 12 174 22 156 3 7 45 22 50 26 47 3 2 212 19 210 27 222 2 5 143 23 149 3 21 127 24 147 28 139
33 2 5 117 23 148 2 1 46 23 43 1 8 99 2 2 140 10 148 2 5 100 19 113 2 15 138 26 102 3 9 98 16 94 28 82 3 6 112 11 122 20 128 3 21 162 24 126 28 131 3 3 32 20 32 27 36 1 8 126 2 9 96 11 94 3 6 216 18 165 29 216 2 18 111 21 105 3 2 180 19 161 27 160 3 4 131 20 114 23 110 3 6 141 11 117 20 122 3 5 58 6 52 16 66 3 1 85 7 87 18 81 2 1 141 9 109 2 10 56 13 51 2 11 192 12 207 3 4 83 13 78 20 92 3 10 75 14 84 21 84 4 16 50 17 44 20 43 21 41 3 9 40 28 44 30 38 3 1 131 19 175 23 136 3 7 45 22 47 26 37 2 12 168 22 146 2 10 51 13 40 3 19 103 20 95 25 94 2 6 124 28 143 3 11 99 24 77 29 82
33 2 5 117 23 148 2 1 46 23 43 1 8 99 2 2 140 10 148 2 5 100 19 113 2 15 138 26 102 3 9 98 16 94 28 82 3 6 112 11 122 20 128 3 21 162 24 126 28 131 3 3 32 20 32 27 36 1 8 126 2 9 96 11 94 3 6 216 18 165 29 216 2 18 111 21 105 3 2 180 19 161 27 160 3 4 131 20 114 23 110 3 6 141 11 117 20 122 3 5 58 6 52 16 66 3 1 85 7 87 18 81 2 1 141 9 109 2 10 56 13 51 2 11 192 12 207 3 4 83 13 78 20 92 3 10 75 14 84 21 84 4 16 50 17 44 20 43 21 41 3 9 40 28 44 30 38 3 1 131 19 175 23 136 3 7 45 22 47 26 37 2 12 168 22 146 2 10 51 13 40 3 19 103 20 95 25 94 2 6 124 28 143 3 11 99 24 77 29 82
35 3 6 135 11 141 20 128 3 9 50 28 50 30 42 3 6 137 11 103 20 140 2 5 88 19 102 2 11 178 12 152 2 1 40 23 49 2 2 138 10 122 3 3 40 20 35 27 46 3 6 156 18 157 29 184 2 15 102 26 104 3 4 141 20 117 23 145 3 5 53 6 49 16 54 2 12 136 22 164 2 11 200 12 217 3 1 69 7 62 18 61 1 8 97 3 6 177 18 172 29 215 2 1 129 9 98 2 10 44 13 41 2 9 92 11 80 2 5 120 23 173 3 9 82 16 93 28 92 3 19 131 20 120 25 105 2 2 137 10 135 3 1 143 19 166 23 148 3 21 137 24 138 28 142 3 4 85 13 93 20 85 3 10 81 14 60 21 66 3 21 158 24 149 28 122 2 18 86 21 110 4 16 43 17 45 20 45 21 46 3 7 55 22 46 26 42 2 6 143 28 130 3 2 227 19 182 27 167 3 11 69 24 72 29 82
34 3 6 133 11 113 20 122 3 1 145 19 162 23 131 2 1 54 23 53 3 11 86 24 94 29 77 3 6 119 11 119 20 113 3 4 79 13 102 20 98 3 21 135 24 167 28 162 2 2 162 10 136 3 19 92 20 92 25 115 3 3 37 20 47 27 45 3 10 73 14 58 21 64 3 4 141 20 149 23 128 3 19 111 20 115 25 129 3 6 173 18 164 29 197 2 5 86 19 86 3 5 67 6 53 16 45 2 6 109 28 129 3 1 80 7 62 18 60 1 8 123 3 9 116 16 112 28 104 2 12 139 22 175 3 1 143 19 150 23 132 3 2 188 19 206 27 176 2 1 143 9 104 3 4 144 20 134 23 116 2 11 159 12 155 2 15 133 26 102 2 10 57 13 50 2 9 96 11 78 4 16 45 17 41 20 41 21 37 3 9 44 28 34 30 51 2 18 110 21 96 2 5 147 23 129 3 7 50 22 40 26 54
34 3 6 133 11 113 20 122 3 1 145 19 162 23 131 2 1 54 23 53 3 11 86 24 94 29 77 3 6 119 11 119 20 113 3 4 79 13 102 20 98 3 21 135 24 167 28 162 2 2 162 10 136 3 19 92 20 92 25 115 3 3 37 20 47 27 45 3 10 73 14 58 21 64 3 4 141 20 149 23 128 3 19 111 20 115 25 129 3 6 173 18 164 29 197 2 5 86 19 86 3 5 67 6 53 16 45 2 6 109 28 129 3 1 80 7 62 18 60 1 8 123 3 9 116 16 112 28 104 2 12 139 22 175 3 1 143 19 150 23 132 3 2 188 19 206 27 176 2 1 143 9 104 3 4 144 20 134 23 116 2 11 159 12 155 2 15 133 26 102 2 10 57 13 50 2 9 96 11 78 4 16 45 17 41 20 41 21 37 3 9 44 28 34 30 51 2 18 110 21 96 2 5 147 23 129 3 7 50 22 40 26 54
34 2 1 46 23 44 2 2 165 10 149 3 3 34 20 38 27 41 2 12 186 22 135 3 11 79 24 102 29 90 3 4 124 20 142 23 112 2 9 108 11 101 3 9 37 28 50 30 40 3 4 88 13 99 20 93 2 5 83 19 90 3 7 46 22 47 26 48 3 9 116 16 84 28 103 4 16 53 17 49 20 51 21 36 3 19 128 20 106 25 121 3 6 210 18 184 29 203 2 5 90 19 113 3 5 44 6 50 16 64 3 10 74 14 72 21 64 3 6 218 18 193 29 213 3 6 119 11 105 20 105 3 10 77 14 82 21 81 2 10 51 13 51 3 1 65 7 81 18 77 1 8 107 3 2 155 19 187 27 203 2 1 118 9 116 3 21 154 24 169 28 165 2 11 212 12 177 2 6 146 28 142 2 15 135 26 118 3 10 79 14 80 21 81 3 1 149 19 127 23 146 2 18 111 21 122 2 5 129 23 122
37 2 5 86 19 99 3 6 134 11 120 20 123 2 1 54 23 48 2 2 172 10 167 3 9 36 28 45 30 35 3 6 114 11 137 20 103 3 3 34 20 32 27 35 3 4 113 20 132 23 106 3 5 50 6 57 16 53 3 1 79 7 67 18 71 2 9 86 11 83 3 3 33 20 34 27 34 1 8 124 2 1 98 9 127 2 10 51 13 44 3 2 218 19 159 27 202 3 5 65 6 46 16 54 2 11 225 12 208 3 4 90 13 109 20 84 3 1 144 19 157 23 148 3 10 60 14 69 21 78 2 15 110 26 133 2 5 138 23 126 3 9 100 16 82 28 108 3 19 133 20 121 25 119 1 8 111 3 11 71 24 101 29 102 4 16 53 17 46 20 49 21 49 3 7 54 22 45 26 40 2 11 206 12 180 3 6 180 18 181 29 225 2 1 136 9 128 2 6 104 28 131 2 18 114 21 103 2 10 40 13 51 3 21 123 24 139 28 129 2 12 163 22 155
37 2 1 47 23 40 2 2 133 10 124 2 1 51 23 42 3 3 36 20 32 27 41 3 4 125 20 145 23 149 2 15 126 26 137 2 5 86 19 92 3 5 63 6 46 16 60 3 9 38 28 48 30 37 3 1 64 7 76 18 83 2 15 103 26 121 1 8 106 2 1 115 9 121 2 6 136 28 118 3 11 86 24 97 29 96 3 6 95 11 116 20 127 3 1 67 7 77 18 66 2 10 51 13 46 2 5 115 19 112 3 19 99 20 130 25 118 2 9 80 11 102 2 11 223 12 177 3 4 83 13 79 20 77 3 10 83 14 79 21 77 3 6 97 11 137 20 129 4 16 49 17 44 20 42 21 43 3 9 86 16 111 28 118 3 7 45 22 40 26 46 2 18 114 21 105 3 6 177 18 201 29 151 3 1 169 19 146 23 181 1 8 115 2 12 150 22 154 3 7 37 22 40 26 48 3 2 193 19 201 27 158 2 5 169 23 126 3 21 134 24 135 28 148
36 4 16 42 17 48 20 36 21 52 2 1 50 23 42 2 2 127 10 156 3 3 32 20 42 27 43 3 4 125 20 130 23 125 2 1 55 23 39 2 5 97 19 116 3 5 61 6 48 16 45 3 1 62 7 65 18 69 2 5 91 19 85 1 8 131 2 1 117 9 114 3 10 84 14 85 21 82 2 5 83 19 95 2 10 52 13 39 2 15 131 26 115 2 9 100 11 89 2 11 178 12 187 3 19 129 20 99 25 129 3 4 96 13 80 20 93 3 9 111 16 110 28 88 2 6 122 28 131 3 3 32 20 34 27 36 3 6 158 18 224 29 219 3 1 155 19 128 23 173 3 21 116 24 162 28 115 3 6 116 11 100 20 125 3 7 40 22 37 26 47 2 18 120 21 114 2 11 193 12 174 3 2 198 19 154 27 181 3 11 78 24 86 29 70 2 12 131 22 141 3 11 70 24 80 29 91 2 5 170 23 120 3 9 39 28 45 30 47
33 2 5 163 23 140 2 1 39 23 55 1 8 110 2 2 147 10 150 2 5 99 19 78 2 15 111 26 116 3 9 105 16 95 28 105 3 6 95 11 135 20 142 3 21 163 24 120 28 120 3 3 40 20 38 27 46 1 8 110 2 9 76 11 102 3 6 224 18 175 29 192 2 18 99 21 104 3 2 203 19 172 27 219 3 4 126 20 136 23 136 3 6 133 11 111 20 106 3 5 47 6 61 16 52 3 1 70 7 61 18 67 2 1 134 9 131 2 10 42 13 41 2 11 195 12 204 3 4 112 13 113 20 77 3 10 60 14 80 21 71 4 16 50 17 52 20 47 21 47 3 9 46 28 49 30 48 3 1 125 19 167 23 121 3 7 54 22 45 26 48 2 12 144 22 149 2 10 56 13 41 3 19 115 20 117 25 112 2 6 103 28 110 3 11 88 24 78 29 89
35 3 6 139 11 102 20 142 3 9 45 28 49 30 35 3 6 131 11 102 20 99 2 5 109 19 98 2 11 169 12 159 2 1 42 23 48 2 2 167 10 122 3 3 41 20 33 27 33 3 6 190 18 171 29 176 2 15 105 26 138 3 4 135 20 105 23 149 3 5 47 6 54 16 55 2 12 184 22 184 2 11 198 12 181 3 1 62 7 68 18 70 1 8 102 3 6 203 18 157 29 164 2 1 119 9 135 2 10 43 13 39 2 9 76 11 82 2 5 148 23 131 3 9 80 16 101 28 83 3 19 90 20 113 25 111 2 2 119 10 172 3 1 179 19 150 23 172 3 21 138 24 165 28 147 3 4 110 13 94 20 88 3 10 58 14 73 21 59 3 21 146 24 135 28 162 2 18 103 21 106 4 16 47 17 39 20 36 21 47 3 7 46 22 38 26 51 2 6 144 28 105 3 2 226 19 206 27 171 3 11 96 24 76 29 79
35 3 6 139 11 102 20 142 3 9 45 28 49 30 35 3 6 131 11 102 20 99 2 5 109 19 98 2 11 169 12 159 2 1 42 23 48 2 2 167 10 122 3 3 41 20 33 27 33 3 6 190 18 171 29 176 2 15 105 26 138 3 4 135 20 105 23 149 3 5 47 6 54 16 55 2 12 184 22 184 2 11 198 12 181 3 1 62 7 68 18 70 1 8 102 3 6 203 18 157 29 164 2 1 119 9 135 2 10 43 13 39 2 9 76 11 82 2 5 148 23 131 3 9 80 16 101 28 83 3 19 90 20 113 25 111 2 2 119 10 172 3 1 179 19 150 23 172 3 21 138 24 165 28 147 3 4 110 13 94 20 88 3 10 58 14 73 21 59 3 21 146 24 135 28 162 2 18 103 21 106 4 16 47 17 39 20 36 21 47 3 7 46 22 38 26 51 2 6 144 28 105 3 2 226 19 206 27 171 3 11 96 24 76 29 79
36 4 16 43 17 40 20 51 21 53 2 1 44 23 50 2 2 173 10 124 3 3 32 20 35 27 32 3 4 131 20 131 23 125 2 1 55 23 54 2 5 104 19 98 3 5 63 6 47 16 61 3 1 69 7 70 18 78 2 5 92 19 81 1 8 105 2 1 100 9 105 3 10 59 14 73 21 84 2 5 106 19 82 2 10 48 13 53 2 15 99 26 118 2 9 106 11 92 2 11 155 12 183 3 19 114 20 113 25 134 3 4 110 13 82 20 105 3 9 97 16 81 28 82 2 6 104 28 131 3 3 47 20 45 27 41 3 6 194 18 201 29 181 3 1 144 19 147 23 140 3 21 140 24 113 28 153 3 6 126 11 119 20 106 3 7 52 22 52 26 42 2 18 96 21 115 2 11 183 12 217 3 2 191 19 168 27 202 3 11 85 24 77 29 89 2 12 159 22 177 3 11 99 24 104 29 94 2 5 140 23 119 3 9 39 28 49 30 43
37 2 5 81 19 111 3 6 114 11 97 20 106 2 1 45 23 57 2 2 166 10 120 3 9 51 28 40 30 49 3 6 123 11 99 20 131 3 3 36 20 46 27 45 3 4 134 20 129 23 107 3 5 53 6 52 16 64 3 1 84 7 80 18 76 2 9 109 11 108 3 3 43 20 47 27 44 1 8 109 2 1 119 9 117 2 10 42 13 56 3 2 211 19 161 27 178 3 5 53 6 64 16 49 2 11 165 12 171 3 4 90 13 95 20 106 3 1 136 19 148 23 150 3 10 67 14 70 21 78 2 15 133 26 129 2 5 131 23 127 3 9 88 16 96 28 106 3 19 99 20 127 25 96 1 8 130 3 11 82 24 72 29 101 4 16 49 17 40 20 51 21 48 3 7 38 22 50 26 44 2 11 155 12 152 3 6 181 18 205 29 173 2 1 118 9 102 2 6 100 28 137 2 18 101 21 85 2 10 56 13 40 3 21 158 24 137 28 122 2 12 131 22 180
41 2 1 44 23 51 3 1 78 7 62 18 63 2 1 57 23 55 2 2 167 10 168 3 7 40 22 46 26 50 3 3 38 20 37 27 32 3 11 104 24 93 29 71 3 3 33 20 42 27 34 3 21 140 24 124 28 126 3 4 146 20 108 23 106 3 21 148 24 141 28 164 3 9 87 16 94 28 116 2 5 99 19 83 3 5 46 6 56 16 54 2 2 133 10 121 3 1 157 19 160 23 140 3 7 39 22 53 26 42 3 6 139 11 101 20 99 1 8 116 2 1 109 9 128 2 5 111 19 90 2 10 40 13 42 2 9 97 11 93 3 7 38 22 46 26 41 2 11 153 12 167 3 4 117 20 150 23 109 2 12 162 22 173 3 4 77 13 109 20 106 3 3 41 20 46 27 36 3 2 159 19 172 27 220 3 10 73 14 61 21 74 2 15 116 26 93 2 1 108 9 126 4 16 43 17 39 20 44 21 36 2 18 120 21 122 2 10 40 13 50 3 6 168 18 163 29 159 2 5 173 23 138 3 19 92 20 126 25 115 2 6 119 28 121 3 9 51 28 44 30 38
DUE_DATES: 6479 6499 6499 6680 6126 6079 5726 5726 5732 5732 5796 5796 5918 5918 5689 5689 6259 6259 6259 6259 6259 5886 5886 6248 6248 6203 6142 5254 5254 6139 6139 5873 5873 5916 5835 5400 5400 6041 5720 5720 5785 6107 5940 5775 5401 6137 6137 5782 5920 6263
WEIGHTS: 2 3 2 1 2 1 1 2 1 1 3 3 3 2 3 3 2 1 2 1 2 2 3 2 2 1 2 3 2 1 3 1 3 3 3 2 3 2 1 3 2 1 3 2 3 2 1 2 1 1
