50 30
37 2 6 178 17 146 3 1 38 4 44 12 36 2 5 173 9 146 2 2 11 3 11 3 3 80 5 90 25 68 3 3 92 4 103 19 96 3 5 140 6 160 16 168 3 3 83 5 83 25 94 2 8 118 30 124 2 7 163 11 136 2 3 86 9 89 3 2 78 10 102 21 99 2 9 6 11 7 2 13 95 23 96 3 2 171 9 181 28 166 2 17 70 27 60 3 1 28 16 35 18 29 3 1 92 12 100 16 75 2 9 40 13 35 1 14 159 2 7 177 11 188 3 2 10 11 10 22 10 2 8 125 30 141 2 13 88 26 115 3 3 97 4 97 19 83 3 5 13 15 11 29 13 2 3 34 29 29 3 1 88 12 91 16 69 2 6 13 18 13 3 12 183 18 132 20 170 3 2 7 11 8 22 10 3 16 16 25 13 27 13 2 2 104 19 138 2 2 16 3 13 3 16 153 28 193 30 214 3 10 215 21 219 29 169 2 18 123 24 90
31 2 7 137 11 139 2 6 13 18 9 2 13 90 26 116 3 1 44 4 41 12 48 2 2 13 3 11 3 3 80 5 71 25 79 2 2 102 19 127 2 5 130 9 171 2 17 75 27 71 3 5 184 6 154 16 157 3 2 192 9 148 28 191 3 3 97 4 91 19 89 3 1 81 12 80 16 83 2 8 151 30 137 3 12 128 18 141 20 177 2 3 70 9 92 3 2 78 10 98 21 76 2 18 95 24 120 2 9 8 11 8 2 9 33 13 31 1 14 140 3 16 211 28 196 30 184 3 5 13 15 13 29 10 3 1 33 16 39 18 38 2 7 160 11 153 2 13 131 23 108 2 6 121 17 120 3 10 219 21 155 29 213 3 2 10 11 8 22 10 3 16 17 25 14 27 14 2 3 36 29 31
36 3 1 69 12 92 16 94 3 1 38 4 41 12 51 2 2 14 3 11 3 1 88 12 96 16 98 2 8 153 30 125 3 2 7 11 9 22 8 3 3 86 5 85 25 73 3 12 168 18 156 20 182 2 3 25 29 30 3 5 11 15 11 29 9 3 3 98 4 96 19 88 3 5 13 15 12 29 13 2 5 171 9 134 3 5 189 6 153 16 186 2 7 140 11 171 2 3 68 9 93 2 13 130 23 127 3 2 105 10 102 21 97 2 13 125 26 94 2 13 122 23 121 2 9 6 11 6 2 9 36 13 28 2 6 14 18 13 3 2 78 10 76 21 77 3 10 231 21 202 29 204 1 14 160 2 6 152 17 146 3 1 33 16 33 18 28 2 8 144 30 138 2 2 104 19 125 2 18 113 24 100 3 16 178 28 212 30 195 3 10 221 21 224 29 169 2 17 78 27 77 3 16 17 25 13 27 14 3 2 172 9 179 28 175
36 3 1 69 12 92 16 94 3 1 38 4 41 12 51 2 2 14 3 11 3 1 88 12 96 16 98 2 8 153 30 125 3 2 7 11 9 22 8 3 3 86 5 85 25 73 3 12 168 18 156 20 182 2 3 25 29 30 3 5 11 15 11 29 9 3 3 98 4 96 19 88 3 5 13 15 12 29 13 2 5 171 9 134 3 5 189 6 153 16 186 2 7 140 11 171 2 3 68 9 93 2 13 130 23 127 3 2 105 10 102 21 97 2 13 125 26 94 2 13 122 23 121 2 9 6 11 6 2 9 36 13 28 2 6 14 18 13 3 2 78 10 76 21 77 3 10 231 21 202 29 204 1 14 160 2 6 152 17 146 3 1 33 16 33 18 28 2 8 144 30 138 2 2 104 19 125 2 18 113 24 100 3 16 178 28 212 30 195 3 10 221 21 224 29 169 2 17 78 27 77 3 16 17 25 13 27 14 3 2 172 9 179 28 175
31 2 7 129 11 165 2 6 9 18 12 2 13 93 26 116 3 1 38 4 42 12 44 2 2 11 3 11 3 3 68 5 97 25 69 2 2 132 19 102 2 5 169 9 162 2 17 69 27 74 3 5 132 6 135 16 179 3 2 171 9 152 28 193 3 3 80 4 70 19 88 3 1 77 12 84 16 79 2 8 155 30 138 3 12 166 18 171 20 171 2 3 95 9 79 3 2 93 10 96 21 73 2 18 91 24 95 2 9 6 11 6 2 9 39 13 32 1 14 162 3 16 218 28 170 30 154 3 5 13 15 11 29 13 3 1 34 16 38 18 33 2 7 170 11 165 2 13 118 23 120 2 6 176 17 164 3 10 214 21 203 29 156 3 2 8 11 10 22 8 3 16 17 25 13 27 16 2 3 26 29 32
40 3 2 148 9 153 28 197 3 1 39 4 42 12 49 3 2 155 9 203 28 150 3 12 160 18 181 20 175 3 2 193 9 165 28 157 3 5 12 15 10 29 12 2 2 14 3 16 3 3 92 5 71 25 72 3 3 83 4 97 19 77 2 5 120 9 125 3 1 47 4 47 12 44 3 5 156 6 154 16 145 2 7 162 11 156 2 2 11 3 12 2 8 110 30 126 2 3 89 9 69 3 2 99 10 80 21 84 2 9 7 11 6 3 12 140 18 138 20 188 3 1 71 12 90 16 78 2 9 37 13 36 2 13 126 23 124 2 5 124 9 120 1 14 154 3 1 32 16 29 18 35 2 7 129 11 173 2 6 142 17 144 3 1 45 4 44 12 46 2 6 14 18 12 2 2 106 19 127 2 8 110 30 145 3 10 186 21 183 29 193 3 2 8 11 9 22 8 2 18 129 24 124 3 16 16 25 12 27 13 3 1 92 12 85 16 74 2 13 110 26 97 2 3 24 29 26 3 16 214 28 212 30 221 2 17 59 27 81
37 3 1 37 4 39 12 36 2 9 28 13 38 3 5 12 15 14 29 12 2 2 13 3 15 2 6 161 17 165 2 3 37 29 31 3 5 11 15 9 29 10 3 3 71 5 79 25 72 2 13 95 23 96 3 3 93 5 83 25 73 3 3 87 4 71 19 90 3 1 95 12 96 16 80 2 5 122 9 145 3 5 137 6 171 16 162 3 10 208 21 181 29 226 3 1 67 12 76 16 75 2 7 155 11 153 2 8 125 30 162 2 3 70 9 83 1 14 162 2 5 148 9 158 3 2 91 10 101 21 104 2 9 7 11 6 3 5 11 15 11 29 10 2 6 14 18 9 2 9 30 13 32 3 1 27 16 32 18 35 3 16 14 25 16 27 12 3 2 10 11 10 22 9 3 1 81 12 93 16 82 2 13 89 26 87 2 2 108 19 113 3 16 194 28 161 30 157 3 12 169 18 169 20 141 2 18 129 24 98 2 17 69 27 78 3 2 185 9 141 28 145
37 3 1 37 4 39 12 36 2 9 28 13 38 3 5 12 15 14 29 12 2 2 13 3 15 2 6 161 17 165 2 3 37 29 31 3 5 11 15 9 29 10 3 3 71 5 79 25 72 2 13 95 23 96 3 3 93 5 83 25 73 3 3 87 4 71 19 90 3 1 95 12 96 16 80 2 5 122 9 145 3 5 137 6 171 16 162 3 10 208 21 181 29 226 3 1 67 12 76 16 75 2 7 155 11 153 2 8 125 30 162 2 3 70 9 83 1 14 162 2 5 148 9 158 3 2 91 10 101 21 104 2 9 7 11 6 3 5 11 15 11 29 10 2 6 14 18 9 2 9 30 13 32 3 1 27 16 32 18 35 3 16 14 25 16 27 12 3 2 10 11 10 22 9 3 1 81 12 93 16 82 2 13 89 26 87 2 2 108 19 113 3 16 194 28 161 30 157 3 12 169 18 169 20 141 2 18 129 24 98 2 17 69 27 78 3 2 185 9 141 28 145
37 3 1 45 4 49 12 45 2 9 36 13 29 3 5 11 15 10 29 9 2 2 14 3 14 2 6 162 17 135 2 3 35 29 30 3 5 11 15 10 29 9 3 3 74 5 83 25 97 2 13 95 23 97 3 3 79 5 88 25 92 3 3 95 4 85 19 82 3 1 74 12 97 16 91 2 5 136 9 148 3 5 136 6 176 16 164 3 10 221 21 207 29 192 3 1 88 12 92 16 96 2 7 138 11 158 2 8 109 30 126 2 3 85 9 86 1 14 180 2 5 166 9 164 3 2 91 10 91 21 103 2 9 7 11 8 3 5 12 15 9 29 11 2 6 13 18 9 2 9 40 13 33 3 1 27 16 33 18 33 3 16 14 25 16 27 13 3 2 8 11 8 22 9 3 1 94 12 87 16 73 2 13 113 26 110 2 2 102 19 126 3 16 205 28 219 30 208 3 12 175 18 148 20 181 2 18 124 24 118 2 17 69 27 80 3 2 191 9 173 28 155
37 3 1 45 4 49 12 45 2 9 36 13 29 3 5 11 15 10 29 9 2 2 14 3 14 2 6 162 17 135 2 3 35 29 30 3 5 11 15 10 29 9 3 3 74 5 83 25 97 2 13 95 23 97 3 3 79 5 88 25 92 3 3 95 4 85 19 82 3 1 74 12 97 16 91 2 5 136 9 148 3 5 136 6 176 16 164 3 10 221 21 207 29 192 3 1 88 12 92 16 96 2 7 138 11 158 2 8 109 30 126 2 3 85 9 86 1 14 180 2 5 166 9 164 3 2 91 10 91 21 103 2 9 7 11 8 3 5 12 15 9 29 11 2 6 13 18 9 2 9 40 13 33 3 1 27 16 33 18 33 3 16 14 25 16 27 13 3 2 8 11 8 22 9 3 1 94 12 87 16 73 2 13 113 26 110 2 2 102 19 126 3 16 205 28 219 30 208 3 12 175 18 148 20 181 2 18 124 24 118 2 17 69 27 80 3 2 191 9 173 28 155
34 3 1 40 4 47 12 48 2 2 15 3 13 3 3 70 5 96 25 83 3 3 72 4 98 19 104 2 13 105 23 116 2 5 153 9 127 3 1 37 4 50 12 37 2 18 125 24 130 3 5 11 15 13 29 12 2 7 187 11 126 3 5 165 6 176 16 159 2 8 160 30 150 2 9 7 11 7 3 1 39 16 33 18 29 2 3 83 9 98 3 2 81 10 88 21 94 3 16 13 25 17 27 15 3 1 71 12 82 16 70 3 16 152 28 204 30 221 2 9 33 13 39 1 14 181 2 6 157 17 129 2 6 11 18 14 2 2 123 19 117 3 1 26 16 38 18 30 3 12 189 18 134 20 164 3 10 161 21 215 29 191 2 13 102 23 96 3 2 9 11 9 22 10 2 13 118 26 93 2 17 63 27 59 2 18 112 24 116 2 3 34 29 35 3 2 144 9 187 28 147
34 3 1 40 4 47 12 48 2 2 15 3 13 3 3 70 5 96 25 83 3 3 72 4 98 19 104 2 13 105 23 116 2 5 153 9 127 3 1 37 4 50 12 37 2 18 125 24 130 3 5 11 15 13 29 12 2 7 187 11 126 3 5 165 6 176 16 159 2 8 160 30 150 2 9 7 11 7 3 1 39 16 33 18 29 2 3 83 9 98 3 2 81 10 88 21 94 3 16 13 25 17 27 15 3 1 71 12 82 16 70 3 16 152 28 204 30 221 2 9 33 13 39 1 14 181 2 6 157 17 129 2 6 11 18 14 2 2 123 19 117 3 1 26 16 38 18 30 3 12 189 18 134 20 164 3 10 161 21 215 29 191 2 13 102 23 96 3 2 9 11 9 22 10 2 13 118 26 93 2 17 63 27 59 2 18 112 24 116 2 3 34 29 35 3 2 144 9 187 28 147
35 2 2 100 19 126 3 1 40 4 43 12 41 2 2 98 19 123 2 2 13 3 14 3 3 83 5 77 25 76 3 3 80 4 86 19 83 2 5 142 9 166 3 1 90 12 86 16 72 2 6 13 18 11 3 5 170 6 175 16 154 2 3 71 9 84 2 8 141 30 116 2 6 10 18 10 2 7 155 11 137 3 2 94 10 90 21 76 2 9 5 11 6 3 10 205 21 191 29 171 2 9 31 13 36 1 14 191 3 5 188 6 163 16 151 3 5 12 15 11 29 12 3 2 7 11 8 22 9 2 2 12 3 12 2 13 116 26 93 3 1 32 16 32 18 38 3 12 133 18 137 20 169 2 6 143 17 163 2 13 97 23 98 2 18 107 24 123 2 3 32 29 34 3 16 12 25 14 27 12 2 8 120 30 127 3 16 168 28 218 30 165 2 17 79 27 62 3 2 204 9 186 28 170
34 3 1 36 4 50 12 47 2 2 15 3 11 3 3 84 5 77 25 69 3 3 91 4 83 19 80 2 13 95 23 91 2 5 164 9 127 3 1 42 4 40 12 47 2 18 127 24 100 3 5 11 15 10 29 12 2 7 173 11 181 3 5 146 6 148 16 170 2 8 142 30 148 2 9 5 11 8 3 1 36 16 34 18 30 2 3 91 9 86 3 2 95 10 98 21 71 3 16 17 25 14 27 17 3 1 95 12 73 16 89 3 16 201 28 193 30 176 2 9 37 13 39 1 14 198 2 6 128 17 176 2 6 9 18 12 2 2 101 19 111 3 1 31 16 27 18 28 3 12 187 18 153 20 145 3 10 202 21 201 29 214 2 13 113 23 126 3 2 10 11 7 22 8 2 13 111 26 111 2 17 78 27 56 2 18 132 24 94 2 3 25 29 33 3 2 177 9 138 28 147
34 3 1 36 4 50 12 47 2 2 15 3 11 3 3 84 5 77 25 69 3 3 91 4 83 19 80 2 13 95 23 91 2 5 164 9 127 3 1 42 4 40 12 47 2 18 127 24 100 3 5 11 15 10 29 12 2 7 173 11 181 3 5 146 6 148 16 170 2 8 142 30 148 2 9 5 11 8 3 1 36 16 34 18 30 2 3 91 9 86 3 2 95 10 98 21 71 3 16 17 25 14 27 17 3 1 95 12 73 16 89 3 16 201 28 193 30 176 2 9 37 13 39 1 14 198 2 6 128 17 176 2 6 9 18 12 2 2 101 19 111 3 1 31 16 27 18 28 3 12 187 18 153 20 145 3 10 202 21 201 29 214 2 13 113 23 126 3 2 10 11 7 22 8 2 13 111 26 111 2 17 78 27 56 2 18 132 24 94 2 3 25 29 33 3 2 177 9 138 28 147
36 3 1 79 12 80 16 82 3 1 40 4 51 12 45 2 2 15 3 14 3 1 99 12 88 16 87 2 8 117 30 119 3 2 9 11 7 22 8 3 3 66 5 67 25 93 3 12 178 18 170 20 144 2 3 31 29 36 3 5 11 15 12 29 14 3 3 94 4 72 19 73 3 5 9 15 12 29 11 2 5 158 9 152 3 5 132 6 156 16 174 2 7 138 11 172 2 3 85 9 94 2 13 89 23 96 3 2 97 10 93 21 75 2 13 103 26 99 2 13 129 23 108 2 9 6 11 6 2 9 35 13 34 2 6 13 18 14 3 2 93 10 102 21 104 3 10 200 21 185 29 167 1 14 135 2 6 139 17 173 3 1 34 16 36 18 39 2 8 130 30 118 2 2 116 19 119 2 18 121 24 101 3 16 190 28 218 30 157 3 10 167 21 185 29 197 2 17 58 27 79 3 16 14 25 16 27 15 3 2 164 9 150 28 193
31 2 7 163 11 165 2 6 12 18 10 2 13 110 26 102 3 1 40 4 44 12 36 2 2 12 3 15 3 3 87 5 65 25 72 2 2 98 19 114 2 5 156 9 143 2 17 69 27 79 3 5 163 6 180 16 162 3 2 196 9 156 28 167 3 3 104 4 95 19 72 3 1 71 12 83 16 78 2 8 125 30 116 3 12 171 18 168 20 162 2 3 97 9 71 3 2 100 10 86 21 96 2 18 97 24 106 2 9 6 11 7 2 9 33 13 38 1 14 170 3 16 208 28 215 30 159 3 5 14 15 11 29 13 3 1 39 16 31 18 33 2 7 175 11 142 2 13 103 23 109 2 6 156 17 120 3 10 177 21 213 29 215 3 2 9 11 10 22 10 3 16 16 25 13 27 17 2 3 32 29 32
31 2 7 163 11 165 2 6 12 18 10 2 13 110 26 102 3 1 40 4 44 12 36 2 2 12 3 15 3 3 87 5 65 25 72 2 2 98 19 114 2 5 156 9 143 2 17 69 27 79 3 5 163 6 180 16 162 3 2 196 9 156 28 167 3 3 104 4 95 19 72 3 1 71 12 83 16 78 2 8 125 30 116 3 12 171 18 168 20 162 2 3 97 9 71 3 2 100 10 86 21 96 2 18 97 24 106 2 9 6 11 7 2 9 33 13 38 1 14 170 3 16 208 28 215 30 159 3 5 14 15 11 29 13 3 1 39 16 31 18 33 2 7 175 11 142 2 13 103 23 109 2 6 156 17 120 3 10 177 21 213 29 215 3 2 9 11 10 22 10 3 16 16 25 13 27 17 2 3 32 29 32
35 2 2 107 19 107 3 1 46 4 41 12 46 2 2 112 19 133 2 2 16 3 11 3 3 73 5 66 25 74 3 3 86 4 82 19 104 2 5 135 9 170 3 1 90 12 98 16 88 2 6 13 18 9 3 5 174 6 187 16 189 2 3 86 9 94 2 8 119 30 155 2 6 10 18 11 2 7 131 11 132 3 2 70 10 75 21 90 2 9 8 11 7 3 10 163 21 201 29 184 2 9 36 13 31 1 14 141 3 5 157 6 152 16 166 3 5 14 15 12 29 13 3 2 8 11 10 22 10 2 2 15 3 13 2 13 122 26 125 3 1 32 16 36 18 27 3 12 148 18 151 20 171 2 6 140 17 144 2 13 111 23 90 2 18 104 24 106 2 3 29 29 26 3 16 15 25 13 27 17 2 8 121 30 142 3 16 210 28 166 30 180 2 17 54 27 58 3 2 144 9 184 28 191
35 2 2 107 19 107 3 1 46 4 41 12 46 2 2 112 19 133 2 2 16 3 11 3 3 73 5 66 25 74 3 3 86 4 82 19 104 2 5 135 9 170 3 1 90 12 98 16 88 2 6 13 18 9 3 5 174 6 187 16 189 2 3 86 9 94 2 8 119 30 155 2 6 10 18 11 2 7 131 11 132 3 2 70 10 75 21 90 2 9 8 11 7 3 10 163 21 201 29 184 2 9 36 13 31 1 14 141 3 5 157 6 152 16 166 3 5 14 15 12 29 13 3 2 8 11 10 22 10 2 2 15 3 13 2 13 122 26 125 3 1 32 16 36 18 27 3 12 148 18 151 20 171 2 6 140 17 144 2 13 111 23 90 2 18 104 24 106 2 3 29 29 26 3 16 15 25 13 27 17 2 8 121 30 142 3 16 210 28 166 30 180 2 17 54 27 58 3 2 144 9 184 28 191
37 2 2 15 3 15 3 1 34 16 38 18 38 3 1 39 4 41 12 38 3 16 205 28 223 30 194 3 12 168 18 156 20 142 3 3 84 5 70 25 95 3 3 89 4 71 19 97 2 5 134 9 166 3 5 146 6 183 16 141 2 7 146 11 153 2 8 125 30 148 3 5 153 6 139 16 148 2 3 68 9 92 3 2 81 10 88 21 91 2 9 7 11 5 2 13 119 26 87 2 7 183 11 183 3 1 92 12 91 16 84 2 13 121 26 109 2 18 124 24 118 3 3 84 4 91 19 70 2 9 32 13 30 2 9 7 11 6 2 13 113 23 114 1 14 199 2 17 78 27 73 3 5 14 15 13 29 10 2 6 161 17 145 3 5 9 15 12 29 12 3 10 219 21 169 29 220 2 6 10 18 9 2 2 122 19 114 2 3 76 9 84 3 2 7 11 8 22 10 3 16 13 25 12 27 16 3 2 148 9 144 28 144 2 3 28 29 28
35 3 1 45 4 45 12 39 2 2 13 3 15 3 3 74 5 85 25 66 3 3 88 4 84 19 82 2 5 149 9 172 3 1 50 4 47 12 43 3 5 189 6 190 16 151 2 7 171 11 174 2 8 124 30 126 2 9 35 13 29 3 16 14 25 15 27 15 2 3 79 9 80 3 1 37 16 36 18 36 3 12 164 18 187 20 148 3 1 80 12 97 16 76 2 2 12 3 11 1 14 137 3 2 87 10 102 21 97 2 9 6 11 7 2 18 128 24 90 2 17 80 27 67 3 3 75 4 104 19 93 3 5 9 15 13 29 12 2 6 121 17 136 2 13 96 23 128 2 3 29 29 29 3 2 7 11 10 22 7 2 13 114 26 120 3 2 192 9 165 28 176 2 5 179 9 142 2 6 14 18 9 3 10 191 21 181 29 229 2 2 100 19 129 3 5 11 15 11 29 10 3 16 194 28 163 30 176
36 3 1 79 12 88 16 76 3 1 38 4 43 12 45 2 2 15 3 11 3 1 74 12 86 16 92 2 8 123 30 110 3 2 9 11 8 22 10 3 3 95 5 83 25 87 3 12 136 18 170 20 170 2 3 28 29 35 3 5 12 15 11 29 12 3 3 85 4 79 19 104 3 5 13 15 13 29 12 2 5 170 9 159 3 5 159 6 188 16 182 2 7 147 11 168 2 3 68 9 83 2 13 128 23 117 3 2 96 10 87 21 78 2 13 91 26 107 2 13 123 23 118 2 9 7 11 7 2 9 29 13 27 2 6 11 18 10 3 2 102 10 105 21 87 3 10 227 21 168 29 212 1 14 142 2 6 128 17 166 3 1 37 16 35 18 27 2 8 124 30 149 2 2 93 19 118 2 18 98 24 128 3 16 194 28 215 30 192 3 10 219 21 166 29 189 2 17 62 27 70 3 16 17 25 12 27 12 3 2 160 9 206 28 146
33 3 1 46 4 47 12 52 2 2 16 3 15 3 3 76 5 74 25 95 3 3 93 4 99 19 98 2 3 70 9 82 2 5 178 9 120 1 14 185 3 5 148 6 166 16 146 3 1 96 12 99 16 78 2 7 184 11 128 2 8 126 30 123 3 5 162 6 140 16 177 3 2 79 10 91 21 98 2 9 31 13 30 2 9 5 11 6 2 13 107 26 115 3 5 11 15 13 29 14 3 12 155 18 142 20 166 2 3 28 29 35 2 5 147 9 179 3 16 157 28 195 30 217 3 1 27 16 39 18 29 1 14 170 3 2 7 11 9 22 9 2 6 129 17 132 2 6 12 18 14 2 2 121 19 112 3 10 180 21 171 29 185 2 13 102 23 120 2 18 128 24 112 3 16 14 25 14 27 13 2 17 56 27 75 3 2 163 9 189 28 183
36 3 1 87 12 69 16 68 3 1 40 4 39 12 41 2 2 16 3 16 3 1 84 12 76 16 94 2 8 137 30 154 3 2 8 11 7 22 7 3 3 67 5 76 25 83 3 12 176 18 151 20 154 2 3 27 29 28 3 5 11 15 11 29 10 3 3 93 4 71 19 70 3 5 12 15 11 29 9 2 5 174 9 149 3 5 183 6 142 16 132 2 7 136 11 187 2 3 67 9 72 2 13 103 23 90 3 2 102 10 79 21 103 2 13 88 26 117 2 13 98 23 88 2 9 5 11 7 2 9 35 13 38 2 6 10 18 11 3 2 98 10 93 21 82 3 10 160 21 155 29 187 1 14 190 2 6 175 17 152 3 1 29 16 31 18 38 2 8 154 30 121 2 2 122 19 118 2 18 130 24 89 3 16 158 28 177 30 221 3 10 186 21 192 29 228 2 17 57 27 78 3 16 17 25 16 27 15 3 2 145 9 200 28 166
36 3 1 87 12 69 16 68 3 1 40 4 39 12 41 2 2 16 3 16 3 1 84 12 76 16 94 2 8 137 30 154 3 2 8 11 7 22 7 3 3 67 5 76 25 83 3 12 176 18 151 20 154 2 3 27 29 28 3 5 11 15 11 29 10 3 3 93 4 71 19 70 3 5 12 15 11 29 9 2 5 174 9 149 3 5 183 6 142 16 132 2 7 136 11 187 2 3 67 9 72 2 13 103 23 90 3 2 102 10 79 21 103 2 13 88 26 117 2 13 98 23 88 2 9 5 11 7 2 9 35 13 38 2 6 10 18 11 3 2 98 10 93 21 82 3 10 160 21 155 29 187 1 14 190 2 6 175 17 152 3 1 29 16 31 18 38 2 8 154 30 121 2 2 122 19 118 2 18 130 24 89 3 16 158 28 177 30 221 3 10 186 21 192 29 228 2 17 57 27 78 3 16 17 25 16 27 15 3 2 145 9 200 28 166
37 2 2 14 3 12 3 1 30 16 30 18 34 3 1 38 4 51 12 48 3 16 220 28 181 30 227 3 12 176 18 148 20 152 3 3 80 5 76 25 70 3 3 91 4 72 19 80 2 5 160 9 126 3 5 133 6 182 16 159 2 7 157 11 142 2 8 158 30 163 3 5 175 6 175 16 174 2 3 92 9 81 3 2 76 10 81 21 96 2 9 6 11 7 2 13 115 26 102 2 7 176 11 155 3 1 87 12 92 16 79 2 13 97 26 108 2 18 102 24 93 3 3 100 4 72 19 84 2 9 39 13 29 2 9 7 11 6 2 13 107 23 98 1 14 159 2 17 64 27 67 3 5 10 15 11 29 10 2 6 168 17 167 3 5 9 15 12 29 13 3 10 230 21 208 29 212 2 6 9 18 12 2 2 101 19 104 2 3 95 9 98 3 2 9 11 7 22 7 3 16 15 25 13 27 13 3 2 155 9 196 28 157 2 3 29 29 28
33 3 1 51 4 47 12 39 2 2 13 3 16 3 3 91 5 88 25 79 3 3 71 4 77 19 78 2 17 57 27 72 2 5 159 9 122 3 5 160 6 161 16 164 2 7 171 11 150 2 8 132 30 138 2 3 68 9 97 3 3 78 4 71 19 97 3 2 85 10 101 21 71 2 9 7 11 6 3 1 93 12 100 16 72 2 9 40 13 34 1 14 172 3 5 10 15 11 29 12 3 1 32 16 30 18 37 2 6 120 17 157 2 6 13 18 11 2 2 103 19 123 3 12 155 18 128 20 169 3 10 163 21 204 29 192 3 2 9 11 9 22 9 2 13 105 23 110 3 16 218 28 176 30 224 2 18 124 24 121 3 10 216 21 208 29 161 3 16 14 25 17 27 15 2 13 95 26 107 3 2 150 9 160 28 192 2 13 129 26 113 2 3 28 29 33
36 3 1 85 12 71 16 95 3 1 37 4 47 12 42 2 2 16 3 12 3 1 76 12 83 16 91 2 8 161 30 131 3 2 9 11 7 22 9 3 3 96 5 92 25 77 3 12 146 18 183 20 130 2 3 27 29 28 3 5 13 15 12 29 10 3 3 91 4 101 19 91 3 5 11 15 14 29 13 2 5 149 9 134 3 5 172 6 177 16 151 2 7 174 11 127 2 3 95 9 89 2 13 101 23 120 3 2 97 10 90 21 89 2 13 105 26 120 2 13 131 23 114 2 9 6 11 5 2 9 37 13 28 2 6 13 18 12 3 2 104 10 93 21 80 3 10 189 21 230 29 170 1 14 149 2 6 151 17 130 3 1 39 16 31 18 36 2 8 132 30 162 2 2 132 19 135 2 18 107 24 98 3 16 225 28 216 30 163 3 10 216 21 198 29 179 2 17 78 27 60 3 16 15 25 15 27 16 3 2 170 9 181 28 177
36 3 1 95 12 73 16 75 3 1 44 4 40 12 40 2 2 16 3 13 3 1 94 12 69 16 75 2 8 162 30 113 3 2 10 11 8 22 10 3 3 84 5 66 25 77 3 12 190 18 144 20 166 2 3 26 29 29 3 5 12 15 10 29 12 3 3 103 4 102 19 105 3 5 9 15 10 29 14 2 5 155 9 167 3 5 157 6 142 16 173 2 7 130 11 183 2 3 73 9 99 2 13 108 23 112 3 2 70 10 87 21 94 2 13 93 26 102 2 13 102 23 99 2 9 8 11 7 2 9 31 13 37 2 6 13 18 13 3 2 77 10 75 21 101 3 10 157 21 208 29 225 1 14 169 2 6 146 17 125 3 1 37 16 30 18 29 2 8 138 30 131 2 2 123 19 126 2 18 133 24 94 3 16 153 28 197 30 172 3 10 154 21 194 29 231 2 17 76 27 71 3 16 13 25 12 27 13 3 2 156 9 199 28 174
38 2 5 158 9 156 3 1 35 4 51 12 35 2 18 130 24 102 2 2 15 3 14 2 18 115 24 132 3 3 97 5 67 25 87 2 18 117 24 111 3 3 103 4 101 19 104 3 5 160 6 147 16 141 2 7 162 11 150 2 13 96 26 94 2 18 101 24 105 2 8 130 30 153 2 18 116 24 123 2 6 179 17 133 2 3 91 9 97 3 2 90 10 75 21 92 2 9 7 11 6 3 1 78 12 69 16 86 3 10 199 21 185 29 191 2 2 12 3 12 2 17 58 27 61 2 9 39 13 34 1 14 163 3 1 99 12 68 16 75 2 2 138 19 128 3 5 10 15 9 29 10 3 1 27 16 33 18 35 3 2 7 11 9 22 7 2 6 10 18 9 3 12 161 18 149 20 165 2 13 119 23 124 3 16 12 25 12 27 13 2 17 58 27 67 3 16 210 28 222 30 172 3 2 159 9 187 28 153 2 2 111 19 138 2 3 33 29 34
37 2 6 142 17 149 3 1 45 4 47 12 40 2 5 174 9 157 2 2 15 3 13 3 3 78 5 68 25 83 3 3 102 4 71 19 95 3 5 186 6 147 16 184 3 3 68 5 74 25 83 2 8 119 30 143 2 7 137 11 187 2 3 74 9 78 3 2 100 10 78 21 94 2 9 7 11 7 2 13 116 23 91 3 2 159 9 148 28 162 2 17 79 27 56 3 1 33 16 28 18 39 3 1 84 12 97 16 70 2 9 32 13 29 1 14 195 2 7 180 11 184 3 2 9 11 9 22 10 2 8 163 30 129 2 13 106 26 122 3 3 88 4 98 19 94 3 5 11 15 10 29 9 2 3 29 29 36 3 1 86 12 71 16 92 2 6 13 18 10 3 12 189 18 176 20 146 3 2 10 11 8 22 9 3 16 15 25 12 27 17 2 2 110 19 94 2 2 16 3 12 3 16 182 28 192 30 177 3 10 171 21 159 29 191 2 18 112 24 126
37 2 6 146 17 120 3 1 49 4 45 12 42 2 5 146 9 162 2 2 15 3 12 3 3 92 5 73 25 91 3 3 75 4 99 19 82 3 5 185 6 157 16 140 3 3 86 5 74 25 87 2 8 124 30 125 2 7 157 11 167 2 3 87 9 85 3 2 72 10 98 21 98 2 9 6 11 7 2 13 123 23 108 3 2 183 9 181 28 196 2 17 59 27 78 3 1 36 16 29 18 27 3 1 89 12 67 16 92 2 9 27 13 37 1 14 140 2 7 177 11 141 3 2 9 11 9 22 7 2 8 154 30 143 2 13 127 26 124 3 3 98 4 83 19 103 3 5 14 15 12 29 10 2 3 32 29 25 3 1 95 12 96 16 78 2 6 12 18 13 3 12 139 18 139 20 174 3 2 9 11 10 22 8 3 16 17 25 17 27 15 2 2 117 19 98 2 2 14 3 14 3 16 157 28 216 30 171 3 10 180 21 162 29 228 2 18 96 24 98
37 2 6 146 17 120 3 1 49 4 45 12 42 2 5 146 9 162 2 2 15 3 12 3 3 92 5 73 25 91 3 3 75 4 99 19 82 3 5 185 6 157 16 140 3 3 86 5 74 25 87 2 8 124 30 125 2 7 157 11 167 2 3 87 9 85 3 2 72 10 98 21 98 2 9 6 11 7 2 13 123 23 108 3 2 183 9 181 28 196 2 17 59 27 78 3 1 36 16 29 18 27 3 1 89 12 67 16 92 2 9 27 13 37 1 14 140 2 7 177 11 141 3 2 9 11 9 22 7 2 8 154 30 143 2 13 127 26 124 3 3 98 4 83 19 103 3 5 14 15 12 29 10 2 3 32 29 25 3 1 95 12 96 16 78 2 6 12 18 13 3 12 139 18 139 20 174 3 2 9 11 10 22 8 3 16 17 25 17 27 15 2 2 117 19 98 2 2 14 3 14 3 16 157 28 216 30 171 3 10 180 21 162 29 228 2 18 96 24 98
37 3 1 35 4 41 12 46 2 9 30 13 32 3 5 11 15 12 29 12 2 2 13 3 12 2 6 161 17 167 2 3 32 29 29 3 5 13 15 13 29 13 3 3 89 5 94 25 94 2 13 129 23 98 3 3 87 5 96 25 67 3 3 73 4 77 19 87 3 1 84 12 84 16 79 2 5 122 9 150 3 5 132 6 147 16 151 3 10 228 21 179 29 209 3 1 74 12 89 16 82 2 7 150 11 146 2 8 130 30 132 2 3 93 9 96 1 14 153 2 5 125 9 155 3 2 101 10 88 21 101 2 9 6 11 7 3 5 10 15 10 29 10 2 6 11 18 10 2 9 30 13 32 3 1 30 16 35 18 38 3 16 12 25 17 27 16 3 2 10 11 9 22 10 3 1 92 12 79 16 80 2 13 122 26 99 2 2 114 19 100 3 16 189 28 188 30 212 3 12 189 18 151 20 172 2 18 133 24 118 2 17 71 27 58 3 2 187 9 195 28 204
35 3 1 47 4 50 12 48 2 2 14 3 16 3 3 94 5 72 25 82 3 3 86 4 105 19 70 2 5 169 9 138 3 1 46 4 39 12 46 3 5 140 6 160 16 163 2 7 129 11 146 2 8 144 30 157 2 9 30 13 38 3 16 12 25 17 27 15 2 3 94 9 96 3 1 31 16 34 18 35 3 12 148 18 184 20 160 3 1 100 12 100 16 83 2 2 14 3 15 1 14 147 3 2 102 10 90 21 99 2 9 6 11 7 2 18 105 24 124 2 17 74 27 78 3 3 101 4 98 19 84 3 5 10 15 10 29 10 2 6 133 17 137 2 13 114 23 128 2 3 35 29 33 3 2 7 11 9 22 10 2 13 107 26 112 3 2 159 9 162 28 149 2 5 125 9 131 2 6 11 18 11 3 10 172 21 226 29 228 2 2 92 19 114 3 5 10 15 14 29 13 3 16 210 28 195 30 200
35 3 1 47 4 50 12 48 2 2 14 3 16 3 3 94 5 72 25 82 3 3 86 4 105 19 70 2 5 169 9 138 3 1 46 4 39 12 46 3 5 140 6 160 16 163 2 7 129 11 146 2 8 144 30 157 2 9 30 13 38 3 16 12 25 17 27 15 2 3 94 9 96 3 1 31 16 34 18 35 3 12 148 18 184 20 160 3 1 100 12 100 16 83 2 2 14 3 15 1 14 147 3 2 102 10 90 21 99 2 9 6 11 7 2 18 105 24 124 2 17 74 27 78 3 3 101 4 98 19 84 3 5 10 15 10 29 10 2 6 133 17 137 2 13 114 23 128 2 3 35 29 33 3 2 7 11 9 22 10 2 13 107 26 112 3 2 159 9 162 28 149 2 5 125 9 131 2 6 11 18 11 3 10 172 21 226 29 228 2 2 92 19 114 3 5 10 15 14 29 13 3 16 210 28 195 30 200
37 2 2 132 19 113 3 1 51 4 48 12 45 2 2 96 19 132 2 2 12 3 16 3 5 163 6 153 16 184 3 16 172 28 203 30 228 2 6 13 18 13 2 2 16 3 13 2 8 155 30 162 3 3 78 5 86 25 86 3 3 85 4 100 19 102 2 5 132 9 127 2 7 183 11 145 2 3 67 9 92 3 2 77 10 101 21 93 2 9 7 11 6 3 1 80 12 91 16 85 2 9 29 13 30 3 5 163 6 174 16 155 1 14 173 2 13 93 23 102 3 3 87 4 71 19 70 3 1 30 16 35 18 27 2 13 123 26 97 2 2 129 19 109 3 10 173 21 215 29 201 3 5 11 15 14 29 14 2 17 73 27 58 3 16 17 25 17 27 14 2 3 33 29 34 1 14 142 2 6 130 17 163 3 12 128 18 166 20 165 2 18 107 24 95 3 1 41 4 50 12 49 3 2 10 11 8 22 9 3 2 158 9 184 28 204
37 2 2 132 19 113 3 1 51 4 48 12 45 2 2 96 19 132 2 2 12 3 16 3 5 163 6 153 16 184 3 16 172 28 203 30 228 2 6 13 18 13 2 2 16 3 13 2 8 155 30 162 3 3 78 5 86 25 86 3 3 85 4 100 19 102 2 5 132 9 127 2 7 183 11 145 2 3 67 9 92 3 2 77 10 101 21 93 2 9 7 11 6 3 1 80 12 91 16 85 2 9 29 13 30 3 5 163 6 174 16 155 1 14 173 2 13 93 23 102 3 3 87 4 71 19 70 3 1 30 16 35 18 27 2 13 123 26 97 2 2 129 19 109 3 10 173 21 215 29 201 3 5 11 15 14 29 14 2 17 73 27 58 3 16 17 25 17 27 14 2 3 33 29 34 1 14 142 2 6 130 17 163 3 12 128 18 166 20 165 2 18 107 24 95 3 1 41 4 50 12 49 3 2 10 11 8 22 9 3 2 158 9 184 28 204
35 3 1 51 4 45 12 46 3 1 93 12 71 16 69 2 8 163 30 130 2 2 13 3 15 3 3 93 5 94 25 92 2 2 105 19 137 3 3 79 4 71 19 81 2 5 135 9 169 2 8 145 30 161 3 2 180 9 189 28 185 3 5 180 6 168 16 154 2 8 113 30 154 2 7 131 11 148 3 2 102 10 77 21 71 2 3 89 9 99 3 1 30 16 38 18 37 2 9 5 11 8 2 18 98 24 114 2 13 111 23 125 2 9 34 13 28 3 16 190 28 208 30 179 3 12 162 18 130 20 164 2 13 87 26 113 1 14 138 3 5 10 15 12 29 11 2 6 145 17 141 2 13 103 26 119 2 6 10 18 12 2 2 103 19 138 3 10 172 21 206 29 226 3 2 8 11 8 22 9 3 16 13 25 15 27 13 2 17 77 27 62 3 2 151 9 177 28 169 2 3 30 29 27
37 3 1 43 4 44 12 38 2 9 31 13 30 3 5 14 15 12 29 9 2 2 12 3 11 2 6 164 17 178 2 3 35 29 26 3 5 14 15 14 29 12 3 3 85 5 68 25 82 2 13 115 23 98 3 3 84 5 68 25 75 3 3 82 4 91 19 93 3 1 77 12 84 16 97 2 5 170 9 133 3 5 129 6 182 16 141 3 10 178 21 164 29 157 3 1 70 12 74 16 78 2 7 159 11 174 2 8 148 30 158 2 3 68 9 87 1 14 192 2 5 174 9 165 3 2 87 10 104 21 98 2 9 6 11 6 3 5 11 15 11 29 10 2 6 14 18 13 2 9 30 13 39 3 1 36 16 27 18 35 3 16 17 25 15 27 14 3 2 9 11 9 22 10 3 1 85 12 87 16 84 2 13 94 26 107 2 2 102 19 128 3 16 203 28 170 30 167 3 12 136 18 137 20 165 2 18 93 24 120 2 17 62 27 80 3 2 163 9 158 28 194
37 3 1 43 4 44 12 38 2 9 31 13 30 3 5 14 15 12 29 9 2 2 12 3 11 2 6 164 17 178 2 3 35 29 26 3 5 14 15 14 29 12 3 3 85 5 68 25 82 2 13 115 23 98 3 3 84 5 68 25 75 3 3 82 4 91 19 93 3 1 77 12 84 16 97 2 5 170 9 133 3 5 129 6 182 16 141 3 10 178 21 164 29 157 3 1 70 12 74 16 78 2 7 159 11 174 2 8 148 30 158 2 3 68 9 87 1 14 192 2 5 174 9 165 3 2 87 10 104 21 98 2 9 6 11 6 3 5 11 15 11 29 10 2 6 14 18 13 2 9 30 13 39 3 1 36 16 27 18 35 3 16 17 25 15 27 14 3 2 9 11 9 22 10 3 1 85 12 87 16 84 2 13 94 26 107 2 2 102 19 128 3 16 203 28 170 30 167 3 12 136 18 137 20 165 2 18 93 24 120 2 17 62 27 80 3 2 163 9 158 28 194
35 3 1 38 4 44 12 44 3 3 77 4 80 19 88 2 2 13 3 13 3 2 162 9 182 28 183 3 3 68 5 97 25 86 2 5 148 9 129 3 5 150 6 158 16 141 2 3 33 29 32 2 7 137 11 143 2 9 37 13 32 2 8 116 30 138 2 3 97 9 72 3 2 92 10 100 21 88 2 9 6 11 7 3 1 85 12 80 16 81 2 8 115 30 114 1 14 145 3 5 146 6 165 16 163 2 2 135 19 132 2 9 6 11 6 3 5 11 15 10 29 11 3 1 27 16 32 18 29 2 6 157 17 126 3 12 133 18 186 20 132 2 6 13 18 13 3 16 13 25 13 27 12 3 10 212 21 224 29 156 3 2 7 11 8 22 8 2 17 66 27 61 2 13 120 23 106 3 1 80 12 85 16 79 2 18 128 24 120 2 13 113 26 123 3 3 81 4 98 19 83 3 16 155 28 186 30 183
36 3 1 40 4 48 12 46 2 6 171 17 177 3 1 37 16 37 18 35 2 3 30 29 34 2 9 36 13 34 3 5 173 6 155 16 153 2 6 11 18 10 2 2 12 3 13 3 1 72 12 92 16 78 3 3 71 5 79 25 73 3 1 37 16 31 18 38 2 2 99 19 137 2 9 5 11 7 3 2 86 10 85 21 81 3 3 105 4 91 19 101 3 16 171 28 165 30 159 2 5 124 9 148 2 7 132 11 180 2 8 153 30 161 2 3 86 9 87 2 6 12 18 13 1 14 137 3 3 94 5 89 25 67 3 5 11 15 12 29 13 3 12 146 18 165 20 144 3 10 191 21 192 29 156 2 6 12 18 13 2 17 54 27 57 2 7 136 11 182 3 2 7 11 8 22 7 2 18 120 24 114 2 13 91 23 100 3 16 15 25 14 27 15 2 3 82 9 67 2 13 129 26 111 3 2 174 9 167 28 190
36 3 1 40 4 48 12 46 2 6 171 17 177 3 1 37 16 37 18 35 2 3 30 29 34 2 9 36 13 34 3 5 173 6 155 16 153 2 6 11 18 10 2 2 12 3 13 3 1 72 12 92 16 78 3 3 71 5 79 25 73 3 1 37 16 31 18 38 2 2 99 19 137 2 9 5 11 7 3 2 86 10 85 21 81 3 3 105 4 91 19 101 3 16 171 28 165 30 159 2 5 124 9 148 2 7 132 11 180 2 8 153 30 161 2 3 86 9 87 2 6 12 18 13 1 14 137 3 3 94 5 89 25 67 3 5 11 15 12 29 13 3 12 146 18 165 20 144 3 10 191 21 192 29 156 2 6 12 18 13 2 17 54 27 57 2 7 136 11 182 3 2 7 11 8 22 7 2 18 120 24 114 2 13 91 23 100 3 16 15 25 14 27 15 2 3 82 9 67 2 13 129 26 111 3 2 174 9 167 28 190
33 3 1 41 4 37 12 48 2 2 14 3 14 3 3 80 5 94 25 78 3 3 98 4 85 19 104 2 17 76 27 67 2 5 152 9 175 3 5 178 6 193 16 184 2 7 179 11 155 2 8 142 30 121 2 3 84 9 93 3 3 94 4 76 19 99 3 2 85 10 77 21 84 2 9 7 11 6 3 1 91 12 73 16 87 2 9 40 13 31 1 14 156 3 5 10 15 11 29 10 3 1 26 16 33 18 31 2 6 129 17 173 2 6 11 18 10 2 2 119 19 114 3 12 149 18 142 20 178 3 10 227 21 185 29 172 3 2 10 11 9 22 8 2 13 99 23 129 3 16 200 28 207 30 182 2 18 108 24 112 3 10 156 21 161 29 186 3 16 15 25 17 27 15 2 13 98 26 103 3 2 182 9 144 28 148 2 13 124 26 112 2 3 30 29 30
36 3 1 40 4 41 12 39 2 6 168 17 139 3 1 34 16 39 18 38 2 3 32 29 28 2 9 33 13 29 3 5 159 6 157 16 162 2 6 10 18 13 2 2 15 3 11 3 1 92 12 78 16 98 3 3 73 5 71 25 77 3 1 38 16 30 18 27 2 2 122 19 106 2 9 5 11 6 3 2 82 10 98 21 89 3 3 79 4 104 19 104 3 16 216 28 180 30 221 2 5 145 9 134 2 7 178 11 153 2 8 123 30 112 2 3 68 9 99 2 6 11 18 9 1 14 190 3 3 81 5 86 25 71 3 5 10 15 13 29 11 3 12 190 18 148 20 128 3 10 177 21 165 29 157 2 6 13 18 13 2 17 71 27 57 2 7 126 11 136 3 2 9 11 10 22 8 2 18 108 24 109 2 13 92 23 90 3 16 12 25 12 27 15 2 3 73 9 92 2 13 108 26 126 3 2 188 9 171 28 203
38 2 5 172 9 143 3 1 41 4 51 12 50 2 18 119 24 114 2 2 12 3 11 2 18 124 24 106 3 3 77 5 73 25 95 2 18 109 24 126 3 3 95 4 88 19 90 3 5 189 6 178 16 189 2 7 169 11 186 2 13 125 26 118 2 18 127 24 123 2 8 127 30 146 2 18 105 24 130 2 6 130 17 151 2 3 66 9 88 3 2 96 10 85 21 87 2 9 5 11 7 3 1 77 12 90 16 93 3 10 196 21 168 29 194 2 2 13 3 16 2 17 69 27 61 2 9 31 13 36 1 14 175 3 1 98 12 82 16 81 2 2 108 19 125 3 5 11 15 11 29 12 3 1 29 16 37 18 34 3 2 10 11 9 22 8 2 6 10 18 14 3 12 135 18 155 20 151 2 13 94 23 111 3 16 16 25 15 27 14 2 17 56 27 75 3 16 170 28 224 30 185 3 2 170 9 166 28 206 2 2 102 19 96 2 3 34 29 25
35 3 1 52 4 45 12 52 3 1 77 12 86 16 89 2 8 123 30 118 2 2 15 3 11 3 3 84 5 67 25 68 2 2 95 19 108 3 3 78 4 77 19 82 2 5 144 9 164 2 8 143 30 139 3 2 202 9 161 28 157 3 5 159 6 139 16 133 2 8 139 30 144 2 7 130 11 166 3 2 90 10 86 21 74 2 3 86 9 92 3 1 29 16 29 18 34 2 9 7 11 8 2 18 123 24 103 2 13 114 23 123 2 9 36 13 33 3 16 161 28 170 30 221 3 12 159 18 140 20 147 2 13 118 26 96 1 14 193 3 5 10 15 11 29 13 2 6 149 17 177 2 13 99 26 129 2 6 10 18 11 2 2 117 19 127 3 10 177 21 231 29 157 3 2 8 11 10 22 7 3 16 13 25 16 27 17 2 17 68 27 55 3 2 205 9 144 28 193 2 3 32 29 34
36 3 1 92 12 75 16 88 3 1 38 4 52 12 52 2 2 16 3 16 3 1 97 12 89 16 83 2 8 130 30 132 3 2 10 11 9 22 9 3 3 83 5 71 25 80 3 12 128 18 173 20 153 2 3 26 29 33 3 5 9 15 13 29 10 3 3 84 4 78 19 103 3 5 10 15 13 29 13 2 5 125 9 122 3 5 157 6 132 16 184 2 7 159 11 183 2 3 67 9 77 2 13 94 23 110 3 2 93 10 82 21 93 2 13 88 26 127 2 13 99 23 113 2 9 5 11 5 2 9 27 13 40 2 6 12 18 10 3 2 87 10 78 21 72 3 10 230 21 171 29 184 1 14 150 2 6 168 17 135 3 1 26 16 38 18 38 2 8 158 30 132 2 2 111 19 103 2 18 118 24 105 3 16 162 28 209 30 210 3 10 166 21 168 29 158 2 17 69 27 60 3 16 14 25 17 27 16 3 2 182 9 198 28 141
DUE_DATES: 5989 5117 6242 6242 5228 6804 5612 5612 5869 5869 5511 5511 5655 5530 5530 5915 5205 5205 5584 5584 6104 5497 6052 5796 5985 5985 6086 5611 6148 6016 6311 6018 5915 5915 5783 5504 5504 6203 6203 6125 5759 5759 5626 5531 5531 5659 5536 6356 6112 5885
WEIGHTS: 1 1 1 2 1 3 2 1 3 2 2 3 3 1 2 2 2 3 2 3 1 1 3 3 3 3 3 1 3 2 3 2 2 3 2 1 2 3 2 3 1 2 2 2 1 1 3 2 2 2
