50 30
37 3 1 118 10 135 22 111 2 2 18 7 16 3 19 84 26 77 29 58 2 15 38 30 43 3 1 123 10 127 22 105 3 4 109 22 152 25 104 1 3 3 3 1 132 10 136 22 108 2 7 195 30 153 1 5 41 3 6 150 21 185 30 178 3 7 92 10 85 24 87 2 23 62 29 62 3 7 70 12 76 30 93 3 8 3 10 2 18 2 3 11 17 21 17 30 18 3 9 147 10 171 29 133 3 4 186 29 139 30 131 3 11 18 21 19 30 17 3 2 144 9 194 10 143 3 13 82 14 99 16 104 3 9 144 10 170 29 174 2 16 139 17 118 3 3 70 11 78 14 66 3 4 165 14 161 27 135 3 6 111 10 116 18 105 2 12 132 28 135 3 12 68 13 73 15 84 3 15 47 16 56 23 46 2 20 6 24 6 3 4 194 29 140 30 166 3 11 32 22 33 27 37 3 19 61 26 71 29 67 2 25 151 30 167 3 4 122 22 114 25 132 3 17 167 23 193 26 154 3 13 10 16 11 28 10
37 3 1 118 10 135 22 111 2 2 18 7 16 3 19 84 26 77 29 58 2 15 38 30 43 3 1 123 10 127 22 105 3 4 109 22 152 25 104 1 3 3 3 1 132 10 136 22 108 2 7 195 30 153 1 5 41 3 6 150 21 185 30 178 3 7 92 10 85 24 87 2 23 62 29 62 3 7 70 12 76 30 93 3 8 3 10 2 18 2 3 11 17 21 17 30 18 3 9 147 10 171 29 133 3 4 186 29 139 30 131 3 11 18 21 19 30 17 3 2 144 9 194 10 143 3 13 82 14 99 16 104 3 9 144 10 170 29 174 2 16 139 17 118 3 3 70 11 78 14 66 3 4 165 14 161 27 135 3 6 111 10 116 18 105 2 12 132 28 135 3 12 68 13 73 15 84 3 15 47 16 56 23 46 2 20 6 24 6 3 4 194 29 140 30 166 3 11 32 22 33 27 37 3 19 61 26 71 29 67 2 25 151 30 167 3 4 122 22 114 25 132 3 17 167 23 193 26 154 3 13 10 16 11 28 10
37 3 1 118 10 135 22 111 2 2 18 7 16 3 19 84 26 77 29 58 2 15 38 30 43 3 1 123 10 127 22 105 3 4 109 22 152 25 104 1 3 3 3 1 132 10 136 22 108 2 7 195 30 153 1 5 41 3 6 150 21 185 30 178 3 7 92 10 85 24 87 2 23 62 29 62 3 7 70 12 76 30 93 3 8 3 10 2 18 2 3 11 17 21 17 30 18 3 9 147 10 171 29 133 3 4 186 29 139 30 131 3 11 18 21 19 30 17 3 2 144 9 194 10 143 3 13 82 14 99 16 104 3 9 144 10 170 29 174 2 16 139 17 118 3 3 70 11 78 14 66 3 4 165 14 161 27 135 3 6 111 10 116 18 105 2 12 132 28 135 3 12 68 13 73 15 84 3 15 47 16 56 23 46 2 20 6 24 6 3 4 194 29 140 30 166 3 11 32 22 33 27 37 3 19 61 26 71 29 67 2 25 151 30 167 3 4 122 22 114 25 132 3 17 167 23 193 26 154 3 13 10 16 11 28 10
37 3 1 118 10 135 22 111 2 2 18 7 16 3 19 84 26 77 29 58 2 15 38 30 43 3 1 123 10 127 22 105 3 4 109 22 152 25 104 1 3 3 3 1 132 10 136 22 108 2 7 195 30 153 1 5 41 3 6 150 21 185 30 178 3 7 92 10 85 24 87 2 23 62 29 62 3 7 70 12 76 30 93 3 8 3 10 2 18 2 3 11 17 21 17 30 18 3 9 147 10 171 29 133 3 4 186 29 139 30 131 3 11 18 21 19 30 17 3 2 144 9 194 10 143 3 13 82 14 99 16 104 3 9 144 10 170 29 174 2 16 139 17 118 3 3 70 11 78 14 66 3 4 165 14 161 27 135 3 6 111 10 116 18 105 2 12 132 28 135 3 12 68 13 73 15 84 3 15 47 16 56 23 46 2 20 6 24 6 3 4 194 29 140 30 166 3 11 32 22 33 27 37 3 19 61 26 71 29 67 2 25 151 30 167 3 4 122 22 114 25 132 3 17 167 23 193 26 154 3 13 10 16 11 28 10
37 3 1 118 10 135 22 111 2 2 18 7 16 3 19 84 26 77 29 58 2 15 38 30 43 3 1 123 10 127 22 105 3 4 109 22 152 25 104 1 3 3 3 1 132 10 136 22 108 2 7 195 30 153 1 5 41 3 6 150 21 185 30 178 3 7 92 10 85 24 87 2 23 62 29 62 3 7 70 12 76 30 93 3 8 3 10 2 18 2 3 11 17 21 17 30 18 3 9 147 10 171 29 133 3 4 186 29 139 30 131 3 11 18 21 19 30 17 3 2 144 9 194 10 143 3 13 82 14 99 16 104 3 9 144 10 170 29 174 2 16 139 17 118 3 3 70 11 78 14 66 3 4 165 14 161 27 135 3 6 111 10 116 18 105 2 12 132 28 135 3 12 68 13 73 15 84 3 15 47 16 56 23 46 2 20 6 24 6 3 4 194 29 140 30 166 3 11 32 22 33 27 37 3 19 61 26 71 29 67 2 25 151 30 167 3 4 122 22 114 25 132 3 17 167 23 193 26 154 3 13 10 16 11 28 10
33 3 1 95 10 114 22 114 2 2 18 7 14 3 6 177 21 186 30 128 1 3 2 2 2 17 7 17 3 4 116 22 150 25 138 3 17 195 23 178 26 197 1 5 34 3 7 64 12 80 30 87 3 8 3 10 3 18 2 3 15 45 16 41 23 58 3 6 140 10 138 18 117 3 9 153 10 155 29 146 3 7 71 12 70 30 87 3 2 183 9 138 10 187 3 3 79 11 77 14 57 3 19 82 26 84 29 69 2 12 155 28 167 3 1 118 10 113 22 124 3 12 94 13 67 15 90 2 7 172 30 208 3 7 108 10 98 24 80 3 13 75 14 78 16 89 3 11 36 22 39 27 35 2 20 7 24 6 2 15 37 30 42 3 11 21 21 22 30 19 2 16 166 17 141 2 23 56 29 69 3 13 10 16 14 28 12 2 25 156 30 188 3 4 165 29 162 30 166 3 4 132 14 120 27 151
33 3 1 95 10 114 22 114 2 2 18 7 14 3 6 177 21 186 30 128 1 3 2 2 2 17 7 17 3 4 116 22 150 25 138 3 17 195 23 178 26 197 1 5 34 3 7 64 12 80 30 87 3 8 3 10 3 18 2 3 15 45 16 41 23 58 3 6 140 10 138 18 117 3 9 153 10 155 29 146 3 7 71 12 70 30 87 3 2 183 9 138 10 187 3 3 79 11 77 14 57 3 19 82 26 84 29 69 2 12 155 28 167 3 1 118 10 113 22 124 3 12 94 13 67 15 90 2 7 172 30 208 3 7 108 10 98 24 80 3 13 75 14 78 16 89 3 11 36 22 39 27 35 2 20 7 24 6 2 15 37 30 42 3 11 21 21 22 30 19 2 16 166 17 141 2 23 56 29 69 3 13 10 16 14 28 12 2 25 156 30 188 3 4 165 29 162 30 166 3 4 132 14 120 27 151
37 3 1 106 10 115 22 121 2 2 15 7 18 3 19 86 26 57 29 67 2 15 38 30 34 3 1 124 10 119 22 97 3 4 101 22 118 25 150 1 3 2 3 1 101 10 98 22 121 2 7 208 30 180 1 5 43 3 6 170 21 124 30 147 3 7 86 10 81 24 111 2 23 73 29 61 3 7 82 12 78 30 68 3 8 2 10 3 18 2 3 11 22 21 25 30 20 3 9 157 10 129 29 154 3 4 145 29 142 30 178 3 11 19 21 18 30 19 3 2 190 9 153 10 180 3 13 92 14 77 16 87 3 9 139 10 119 29 171 2 16 154 17 132 3 3 81 11 76 14 70 3 4 113 14 155 27 151 3 6 116 10 122 18 115 2 12 136 28 136 3 12 89 13 69 15 76 3 15 57 16 54 23 49 2 20 7 24 5 3 4 159 29 146 30 143 3 11 30 22 37 27 28 3 19 83 26 72 29 73 2 25 143 30 175 3 4 120 22 145 25 133 3 17 183 23 199 26 157 3 13 11 16 12 28 10
37 3 1 106 10 115 22 121 2 2 15 7 18 3 19 86 26 57 29 67 2 15 38 30 34 3 1 124 10 119 22 97 3 4 101 22 118 25 150 1 3 2 3 1 101 10 98 22 121 2 7 208 30 180 1 5 43 3 6 170 21 124 30 147 3 7 86 10 81 24 111 2 23 73 29 61 3 7 82 12 78 30 68 3 8 2 10 3 18 2 3 11 22 21 25 30 20 3 9 157 10 129 29 154 3 4 145 29 142 30 178 3 11 19 21 18 30 19 3 2 190 9 153 10 180 3 13 92 14 77 16 87 3 9 139 10 119 29 171 2 16 154 17 132 3 3 81 11 76 14 70 3 4 113 14 155 27 151 3 6 116 10 122 18 115 2 12 136 28 136 3 12 89 13 69 15 76 3 15 57 16 54 23 49 2 20 7 24 5 3 4 159 29 146 30 143 3 11 30 22 37 27 28 3 19 83 26 72 29 73 2 25 143 30 175 3 4 120 22 145 25 133 3 17 183 23 199 26 157 3 13 11 16 12 28 10
41 3 7 73 12 66 30 72 3 1 120 10 131 22 120 3 7 90 12 75 30 77 3 6 132 21 185 30 180 2 2 20 7 15 3 1 101 10 107 22 136 3 3 58 11 55 14 58 3 11 18 21 24 30 22 2 16 126 17 132 3 11 23 21 18 30 22 1 3 3 3 1 131 10 117 22 122 3 4 134 22 102 25 141 1 5 43 3 8 3 10 3 18 3 3 11 18 21 22 30 21 3 9 174 10 122 29 123 3 2 143 9 174 10 150 3 4 147 22 113 25 103 3 12 67 13 75 15 78 3 1 110 10 99 22 95 2 12 133 28 167 2 15 37 30 39 3 4 156 29 174 30 171 3 13 110 14 82 16 75 3 15 41 16 55 23 43 3 6 122 10 124 18 110 3 19 70 26 81 29 84 2 12 161 28 168 2 20 5 24 7 2 23 68 29 65 3 4 133 29 133 30 155 3 11 34 22 29 27 29 2 20 8 24 7 3 7 92 10 94 24 120 2 25 156 30 176 2 7 160 30 193 2 23 75 29 79 3 4 149 14 153 27 144 3 17 205 23 151 26 206 3 13 13 16 9 28 13
34 3 13 11 16 12 28 13 3 8 3 10 2 18 3 3 13 14 16 11 28 11 3 1 132 10 130 22 94 2 2 16 7 19 3 8 3 10 2 18 2 1 3 2 3 4 122 22 137 25 150 1 5 40 3 6 138 21 166 30 156 3 7 92 12 85 30 80 3 1 118 10 122 22 95 3 11 23 21 20 30 24 3 7 88 10 93 24 107 2 12 132 28 147 3 9 134 10 169 29 148 3 2 153 9 136 10 169 3 3 74 11 77 14 72 3 12 68 13 80 15 95 3 13 89 14 92 16 80 2 15 45 30 33 3 15 45 16 49 23 53 3 4 118 14 128 27 131 2 16 152 17 153 3 4 173 29 186 30 195 2 7 171 30 166 3 6 133 10 128 18 102 3 19 69 26 60 29 73 2 23 76 29 61 2 20 6 24 8 3 11 40 22 28 27 34 3 17 197 23 199 26 154 3 13 103 14 93 16 82 2 25 191 30 186
34 2 25 183 30 151 3 1 119 10 104 22 103 2 2 16 7 14 1 3 3 3 12 74 13 71 15 97 3 15 41 16 42 23 55 3 4 130 22 145 25 110 1 5 32 3 4 149 14 154 27 166 1 5 31 2 12 153 28 189 3 6 145 21 179 30 180 3 7 93 12 70 30 87 3 8 3 10 2 18 3 2 25 183 30 135 3 9 165 10 131 29 176 3 2 181 9 194 10 133 2 16 136 17 139 3 19 64 26 69 29 58 3 3 80 11 63 14 71 3 13 75 14 98 16 103 2 15 36 30 30 3 6 97 10 115 18 139 2 20 6 24 7 3 11 17 21 24 30 25 3 7 88 10 84 24 109 3 11 33 22 40 27 28 2 23 66 29 79 3 7 115 10 105 24 105 3 13 10 16 12 28 13 3 17 206 23 203 26 183 3 7 85 12 82 30 75 3 4 149 29 183 30 191 2 7 147 30 157
34 2 25 183 30 151 3 1 119 10 104 22 103 2 2 16 7 14 1 3 3 3 12 74 13 71 15 97 3 15 41 16 42 23 55 3 4 130 22 145 25 110 1 5 32 3 4 149 14 154 27 166 1 5 31 2 12 153 28 189 3 6 145 21 179 30 180 3 7 93 12 70 30 87 3 8 3 10 2 18 3 2 25 183 30 135 3 9 165 10 131 29 176 3 2 181 9 194 10 133 2 16 136 17 139 3 19 64 26 69 29 58 3 3 80 11 63 14 71 3 13 75 14 98 16 103 2 15 36 30 30 3 6 97 10 115 18 139 2 20 6 24 7 3 11 17 21 24 30 25 3 7 88 10 84 24 109 3 11 33 22 40 27 28 2 23 66 29 79 3 7 115 10 105 24 105 3 13 10 16 12 28 13 3 17 206 23 203 26 183 3 7 85 12 82 30 75 3 4 149 29 183 30 191 2 7 147 30 157
34 3 13 11 16 12 28 11 3 8 3 10 2 18 3 3 13 13 16 9 28 10 3 1 130 10 112 22 94 2 2 16 7 18 3 8 2 10 3 18 2 1 3 3 3 4 130 22 146 25 127 1 5 43 3 6 137 21 175 30 145 3 7 64 12 93 30 70 3 1 108 10 128 22 109 3 11 21 21 23 30 24 3 7 119 10 109 24 95 2 12 135 28 177 3 9 160 10 166 29 122 3 2 191 9 172 10 182 3 3 67 11 60 14 66 3 12 99 13 69 15 76 3 13 93 14 82 16 104 2 15 34 30 33 3 15 49 16 42 23 42 3 4 134 14 147 27 153 2 16 149 17 121 3 4 143 29 135 30 154 2 7 188 30 185 3 6 98 10 112 18 127 3 19 80 26 58 29 68 2 23 61 29 60 2 20 5 24 7 3 11 31 22 39 27 37 3 17 139 23 163 26 182 3 13 86 14 107 16 83 2 25 170 30 173
34 3 13 11 16 12 28 11 3 8 3 10 2 18 3 3 13 13 16 9 28 10 3 1 130 10 112 22 94 2 2 16 7 18 3 8 2 10 3 18 2 1 3 3 3 4 130 22 146 25 127 1 5 43 3 6 137 21 175 30 145 3 7 64 12 93 30 70 3 1 108 10 128 22 109 3 11 21 21 23 30 24 3 7 119 10 109 24 95 2 12 135 28 177 3 9 160 10 166 29 122 3 2 191 9 172 10 182 3 3 67 11 60 14 66 3 12 99 13 69 15 76 3 13 93 14 82 16 104 2 15 34 30 33 3 15 49 16 42 23 42 3 4 134 14 147 27 153 2 16 149 17 121 3 4 143 29 135 30 154 2 7 188 30 185 3 6 98 10 112 18 127 3 19 80 26 58 29 68 2 23 61 29 60 2 20 5 24 7 3 11 31 22 39 27 37 3 17 139 23 163 26 182 3 13 86 14 107 16 83 2 25 170 30 173
34 2 25 133 30 176 3 1 99 10 114 22 135 2 2 15 7 19 1 3 2 3 12 98 13 98 15 84 3 15 47 16 45 23 54 3 4 125 22 147 25 143 1 5 31 3 4 117 14 157 27 131 1 5 43 2 12 171 28 140 3 6 138 21 184 30 137 3 7 69 12 69 30 74 3 8 2 10 3 18 3 2 25 151 30 163 3 9 137 10 177 29 131 3 2 156 9 149 10 133 2 16 133 17 172 3 19 67 26 72 29 84 3 3 73 11 57 14 62 3 13 99 14 94 16 100 2 15 33 30 31 3 6 136 10 97 18 97 2 20 8 24 7 3 11 22 21 17 30 18 3 7 118 10 101 24 92 3 11 38 22 36 27 34 2 23 56 29 71 3 7 116 10 83 24 82 3 13 12 16 9 28 10 3 17 145 23 159 26 163 3 7 89 12 88 30 91 3 4 130 29 160 30 160 2 7 212 30 191
34 2 25 133 30 176 3 1 99 10 114 22 135 2 2 15 7 19 1 3 2 3 12 98 13 98 15 84 3 15 47 16 45 23 54 3 4 125 22 147 25 143 1 5 31 3 4 117 14 157 27 131 1 5 43 2 12 171 28 140 3 6 138 21 184 30 137 3 7 69 12 69 30 74 3 8 2 10 3 18 3 2 25 151 30 163 3 9 137 10 177 29 131 3 2 156 9 149 10 133 2 16 133 17 172 3 19 67 26 72 29 84 3 3 73 11 57 14 62 3 13 99 14 94 16 100 2 15 33 30 31 3 6 136 10 97 18 97 2 20 8 24 7 3 11 22 21 17 30 18 3 7 118 10 101 24 92 3 11 38 22 36 27 34 2 23 56 29 71 3 7 116 10 83 24 82 3 13 12 16 9 28 10 3 17 145 23 159 26 163 3 7 89 12 88 30 91 3 4 130 29 160 30 160 2 7 212 30 191
38 3 1 118 10 122 22 106 2 2 14 7 15 1 3 3 3 4 120 22 147 25 136 1 5 41 3 4 109 22 118 25 112 3 6 151 21 155 30 166 3 7 68 12 83 30 88 3 8 2 10 2 18 3 3 9 168 10 133 29 167 3 6 136 21 162 30 140 3 11 36 22 33 27 27 3 2 135 9 151 10 147 1 3 2 3 3 72 11 59 14 66 2 12 165 28 191 3 12 76 13 76 15 70 3 13 98 14 95 16 104 2 15 45 30 39 3 19 74 26 77 29 77 3 17 147 23 190 26 179 3 15 56 16 51 23 56 2 16 150 17 149 1 5 31 3 6 100 10 110 18 139 3 4 135 14 128 27 126 3 7 95 10 82 24 95 3 8 2 10 2 18 2 2 20 5 24 7 3 2 179 9 167 10 157 3 11 17 21 24 30 21 3 8 3 10 2 18 3 2 23 61 29 66 3 7 111 10 116 24 87 2 25 187 30 156 3 13 11 16 11 28 10 3 4 172 29 162 30 190 2 7 175 30 173
38 3 1 118 10 122 22 106 2 2 14 7 15 1 3 3 3 4 120 22 147 25 136 1 5 41 3 4 109 22 118 25 112 3 6 151 21 155 30 166 3 7 68 12 83 30 88 3 8 2 10 2 18 3 3 9 168 10 133 29 167 3 6 136 21 162 30 140 3 11 36 22 33 27 27 3 2 135 9 151 10 147 1 3 2 3 3 72 11 59 14 66 2 12 165 28 191 3 12 76 13 76 15 70 3 13 98 14 95 16 104 2 15 45 30 39 3 19 74 26 77 29 77 3 17 147 23 190 26 179 3 15 56 16 51 23 56 2 16 150 17 149 1 5 31 3 6 100 10 110 18 139 3 4 135 14 128 27 126 3 7 95 10 82 24 95 3 8 2 10 2 18 2 2 20 5 24 7 3 2 179 9 167 10 157 3 11 17 21 24 30 21 3 8 3 10 2 18 3 2 23 61 29 66 3 7 111 10 116 24 87 2 25 187 30 156 3 13 11 16 11 28 10 3 4 172 29 162 30 190 2 7 175 30 173
38 3 1 92 10 104 22 130 2 2 16 7 18 1 3 3 3 4 124 22 128 25 148 1 5 42 3 4 128 22 105 25 141 3 6 187 21 179 30 164 3 7 90 12 81 30 84 3 8 2 10 3 18 2 3 9 130 10 166 29 176 3 6 129 21 168 30 180 3 11 27 22 39 27 31 3 2 144 9 180 10 177 1 3 3 3 3 79 11 64 14 60 2 12 183 28 156 3 12 83 13 95 15 80 3 13 91 14 78 16 111 2 15 31 30 39 3 19 64 26 60 29 63 3 17 203 23 174 26 180 3 15 49 16 53 23 56 2 16 161 17 168 1 5 31 3 6 99 10 107 18 133 3 4 112 14 131 27 114 3 7 103 10 88 24 88 3 8 2 10 2 18 2 2 20 5 24 6 3 2 178 9 182 10 195 3 11 23 21 24 30 24 3 8 3 10 2 18 2 2 23 59 29 55 3 7 113 10 108 24 83 2 25 182 30 174 3 13 11 16 10 28 13 3 4 145 29 137 30 169 2 7 175 30 167
38 3 1 92 10 104 22 130 2 2 16 7 18 1 3 3 3 4 124 22 128 25 148 1 5 42 3 4 128 22 105 25 141 3 6 187 21 179 30 164 3 7 90 12 81 30 84 3 8 2 10 3 18 2 3 9 130 10 166 29 176 3 6 129 21 168 30 180 3 11 27 22 39 27 31 3 2 144 9 180 10 177 1 3 3 3 3 79 11 64 14 60 2 12 183 28 156 3 12 83 13 95 15 80 3 13 91 14 78 16 111 2 15 31 30 39 3 19 64 26 60 29 63 3 17 203 23 174 26 180 3 15 49 16 53 23 56 2 16 161 17 168 1 5 31 3 6 99 10 107 18 133 3 4 112 14 131 27 114 3 7 103 10 88 24 88 3 8 2 10 2 18 2 2 20 5 24 6 3 2 178 9 182 10 195 3 11 23 21 24 30 24 3 8 3 10 2 18 2 2 23 59 29 55 3 7 113 10 108 24 83 2 25 182 30 174 3 13 11 16 10 28 13 3 4 145 29 137 30 169 2 7 175 30 167
37 3 13 98 14 98 16 112 2 12 153 28 180 3 1 117 10 128 22 130 3 13 97 14 96 16 112 2 2 17 7 17 1 3 3 3 11 17 21 20 30 21 2 20 8 24 6 2 7 203 30 210 3 9 170 10 132 29 127 3 11 19 21 23 30 23 3 4 123 22 119 25 116 3 8 2 10 2 18 2 3 13 86 14 84 16 78 1 5 43 1 3 2 3 6 173 21 166 30 182 3 7 65 12 77 30 70 3 6 139 10 97 18 132 3 2 176 9 160 10 177 3 3 64 11 79 14 65 3 7 106 10 102 24 97 3 13 11 16 12 28 11 3 12 86 13 76 15 92 3 4 147 29 137 30 138 2 16 149 17 136 3 4 132 22 119 25 116 2 15 37 30 41 3 15 57 16 44 23 50 2 16 153 17 164 3 11 27 22 30 27 36 3 19 61 26 59 29 60 2 23 79 29 76 2 25 156 30 153 3 17 207 23 187 26 196 3 13 84 14 86 16 79 3 4 119 14 165 27 154
37 3 13 98 14 98 16 112 2 12 153 28 180 3 1 117 10 128 22 130 3 13 97 14 96 16 112 2 2 17 7 17 1 3 3 3 11 17 21 20 30 21 2 20 8 24 6 2 7 203 30 210 3 9 170 10 132 29 127 3 11 19 21 23 30 23 3 4 123 22 119 25 116 3 8 2 10 2 18 2 3 13 86 14 84 16 78 1 5 43 1 3 2 3 6 173 21 166 30 182 3 7 65 12 77 30 70 3 6 139 10 97 18 132 3 2 176 9 160 10 177 3 3 64 11 79 14 65 3 7 106 10 102 24 97 3 13 11 16 12 28 11 3 12 86 13 76 15 92 3 4 147 29 137 30 138 2 16 149 17 136 3 4 132 22 119 25 116 2 15 37 30 41 3 15 57 16 44 23 50 2 16 153 17 164 3 11 27 22 30 27 36 3 19 61 26 59 29 60 2 23 79 29 76 2 25 156 30 153 3 17 207 23 187 26 196 3 13 84 14 86 16 79 3 4 119 14 165 27 154
37 3 13 98 14 98 16 112 2 12 153 28 180 3 1 117 10 128 22 130 3 13 97 14 96 16 112 2 2 17 7 17 1 3 3 3 11 17 21 20 30 21 2 20 8 24 6 2 7 203 30 210 3 9 170 10 132 29 127 3 11 19 21 23 30 23 3 4 123 22 119 25 116 3 8 2 10 2 18 2 3 13 86 14 84 16 78 1 5 43 1 3 2 3 6 173 21 166 30 182 3 7 65 12 77 30 70 3 6 139 10 97 18 132 3 2 176 9 160 10 177 3 3 64 11 79 14 65 3 7 106 10 102 24 97 3 13 11 16 12 28 11 3 12 86 13 76 15 92 3 4 147 29 137 30 138 2 16 149 17 136 3 4 132 22 119 25 116 2 15 37 30 41 3 15 57 16 44 23 50 2 16 153 17 164 3 11 27 22 30 27 36 3 19 61 26 59 29 60 2 23 79 29 76 2 25 156 30 153 3 17 207 23 187 26 196 3 13 84 14 86 16 79 3 4 119 14 165 27 154
37 3 13 98 14 98 16 112 2 12 153 28 180 3 1 117 10 128 22 130 3 13 97 14 96 16 112 2 2 17 7 17 1 3 3 3 11 17 21 20 30 21 2 20 8 24 6 2 7 203 30 210 3 9 170 10 132 29 127 3 11 19 21 23 30 23 3 4 123 22 119 25 116 3 8 2 10 2 18 2 3 13 86 14 84 16 78 1 5 43 1 3 2 3 6 173 21 166 30 182 3 7 65 12 77 30 70 3 6 139 10 97 18 132 3 2 176 9 160 10 177 3 3 64 11 79 14 65 3 7 106 10 102 24 97 3 13 11 16 12 28 11 3 12 86 13 76 15 92 3 4 147 29 137 30 138 2 16 149 17 136 3 4 132 22 119 25 116 2 15 37 30 41 3 15 57 16 44 23 50 2 16 153 17 164 3 11 27 22 30 27 36 3 19 61 26 59 29 60 2 23 79 29 76 2 25 156 30 153 3 17 207 23 187 26 196 3 13 84 14 86 16 79 3 4 119 14 165 27 154
31 3 11 21 21 23 30 20 2 20 7 24 8 3 1 132 10 123 22 91 2 2 16 7 18 1 5 41 1 3 3 3 11 23 21 21 30 17 2 7 151 30 195 3 4 138 22 133 25 139 3 13 13 16 14 28 10 3 2 193 9 192 10 182 3 6 185 21 146 30 149 3 7 95 12 79 30 85 3 12 83 13 98 15 97 3 19 70 26 86 29 77 3 8 2 10 3 18 3 3 11 38 22 27 27 30 3 4 186 29 162 30 190 3 9 165 10 133 29 157 3 13 109 14 98 16 91 3 4 131 14 164 27 121 3 3 78 11 65 14 64 3 17 140 23 179 26 175 2 12 139 28 136 2 15 37 30 31 3 7 102 10 120 24 95 3 15 57 16 57 23 58 2 16 145 17 155 2 25 143 30 172 3 6 97 10 139 18 97 2 23 73 29 75
31 3 11 22 21 24 30 24 2 20 7 24 6 3 1 120 10 112 22 134 2 2 15 7 15 1 5 29 1 3 2 3 11 18 21 23 30 19 2 7 144 30 189 3 4 117 22 145 25 151 3 13 13 16 13 28 11 3 2 192 9 134 10 142 3 6 181 21 175 30 125 3 7 81 12 82 30 78 3 12 78 13 97 15 96 3 19 79 26 86 29 64 3 8 2 10 3 18 3 3 11 37 22 32 27 30 3 4 169 29 161 30 134 3 9 154 10 174 29 160 3 13 89 14 102 16 96 3 4 143 14 152 27 148 3 3 67 11 78 14 63 3 17 171 23 189 26 145 2 12 181 28 155 2 15 32 30 45 3 7 97 10 109 24 105 3 15 55 16 56 23 40 2 16 140 17 122 2 25 161 30 140 3 6 131 10 120 18 128 2 23 69 29 58
38 3 1 115 10 126 22 96 2 2 14 7 19 1 3 2 3 4 114 22 120 25 127 1 5 39 3 4 124 22 134 25 133 3 6 185 21 134 30 162 3 7 65 12 90 30 71 3 8 2 10 3 18 3 3 9 143 10 133 29 132 3 6 128 21 145 30 163 3 11 34 22 34 27 40 3 2 189 9 154 10 135 1 3 3 3 3 76 11 76 14 71 2 12 178 28 135 3 12 83 13 80 15 89 3 13 85 14 109 16 78 2 15 36 30 44 3 19 69 26 61 29 85 3 17 149 23 189 26 142 3 15 51 16 49 23 41 2 16 170 17 132 1 5 34 3 6 129 10 125 18 103 3 4 165 14 131 27 139 3 7 101 10 116 24 114 3 8 3 10 2 18 3 2 20 8 24 6 3 2 183 9 172 10 133 3 11 23 21 18 30 23 3 8 2 10 2 18 2 2 23 68 29 75 3 7 119 10 97 24 106 2 25 172 30 198 3 13 12 16 14 28 10 3 4 186 29 174 30 181 2 7 172 30 188
37 3 1 92 10 120 22 105 3 13 105 14 77 16 106 3 1 93 10 136 22 115 2 2 18 7 14 1 3 2 3 4 150 22 128 25 122 3 2 151 9 169 10 176 3 4 105 22 135 25 103 2 12 171 28 193 3 2 156 9 192 10 146 3 12 82 13 90 15 76 1 5 38 3 11 36 22 33 27 34 3 6 158 21 147 30 147 1 5 29 3 7 91 12 65 30 85 3 13 14 16 13 28 11 2 23 60 29 80 3 8 3 10 2 18 2 2 2 14 7 17 2 7 193 30 192 3 4 177 29 131 30 135 2 20 5 24 7 3 9 172 10 177 29 164 3 11 17 21 21 30 23 2 15 44 30 38 3 4 151 14 142 27 116 3 3 81 11 70 14 76 2 2 19 7 14 3 15 43 16 42 23 42 2 16 153 17 142 3 6 107 10 96 18 112 3 6 167 21 130 30 153 3 19 61 26 62 29 62 3 7 117 10 103 24 94 2 25 174 30 166 3 17 146 23 139 26 201
37 3 1 92 10 120 22 105 3 13 105 14 77 16 106 3 1 93 10 136 22 115 2 2 18 7 14 1 3 2 3 4 150 22 128 25 122 3 2 151 9 169 10 176 3 4 105 22 135 25 103 2 12 171 28 193 3 2 156 9 192 10 146 3 12 82 13 90 15 76 1 5 38 3 11 36 22 33 27 34 3 6 158 21 147 30 147 1 5 29 3 7 91 12 65 30 85 3 13 14 16 13 28 11 2 23 60 29 80 3 8 3 10 2 18 2 2 2 14 7 17 2 7 193 30 192 3 4 177 29 131 30 135 2 20 5 24 7 3 9 172 10 177 29 164 3 11 17 21 21 30 23 2 15 44 30 38 3 4 151 14 142 27 116 3 3 81 11 70 14 76 2 2 19 7 14 3 15 43 16 42 23 42 2 16 153 17 142 3 6 107 10 96 18 112 3 6 167 21 130 30 153 3 19 61 26 62 29 62 3 7 117 10 103 24 94 2 25 174 30 166 3 17 146 23 139 26 201
32 3 1 100 10 119 22 116 2 2 14 7 16 3 7 72 12 73 30 83 3 6 130 10 125 18 121 1 3 2 2 23 58 29 72 3 4 128 22 132 25 138 1 5 43 3 6 179 21 137 30 186 3 4 148 14 167 27 146 3 8 2 10 3 18 2 3 9 168 10 146 29 178 3 2 136 9 145 10 191 2 12 193 28 137 3 3 61 11 74 14 61 2 16 155 17 140 3 12 88 13 83 15 85 3 13 96 14 93 16 95 2 15 33 30 30 3 7 85 12 71 30 91 3 15 43 16 55 23 45 3 19 83 26 75 29 73 1 3 3 2 20 5 24 8 3 7 82 10 89 24 120 2 25 170 30 182 3 11 19 21 24 30 19 3 17 181 23 155 26 152 3 11 34 22 36 27 40 3 13 11 16 11 28 11 3 4 162 29 150 30 183 2 7 188 30 156
35 3 1 134 10 128 22 129 2 2 17 7 14 3 1 91 10 96 22 93 1 3 2 3 4 142 22 132 25 106 1 5 38 3 7 92 12 88 30 95 1 3 2 3 6 154 21 178 30 180 3 7 91 10 109 24 108 3 8 2 10 3 18 3 3 9 171 10 121 29 160 3 2 170 9 183 10 147 3 4 136 22 121 25 110 2 23 76 29 61 3 4 148 29 189 30 138 3 3 64 11 67 14 72 3 4 171 29 133 30 134 2 12 157 28 134 3 12 91 13 81 15 86 2 20 5 24 5 3 19 64 26 71 29 62 3 13 108 14 101 16 101 2 15 38 30 35 3 15 48 16 39 23 52 2 16 154 17 140 3 6 109 10 120 18 124 3 17 143 23 188 26 149 3 11 17 21 20 30 21 3 11 32 22 35 27 30 2 25 174 30 146 1 5 33 3 4 146 14 129 27 143 3 13 12 16 10 28 14 2 7 183 30 175
35 3 1 134 10 128 22 129 2 2 17 7 14 3 1 91 10 96 22 93 1 3 2 3 4 142 22 132 25 106 1 5 38 3 7 92 12 88 30 95 1 3 2 3 6 154 21 178 30 180 3 7 91 10 109 24 108 3 8 2 10 3 18 3 3 9 171 10 121 29 160 3 2 170 9 183 10 147 3 4 136 22 121 25 110 2 23 76 29 61 3 4 148 29 189 30 138 3 3 64 11 67 14 72 3 4 171 29 133 30 134 2 12 157 28 134 3 12 91 13 81 15 86 2 20 5 24 5 3 19 64 26 71 29 62 3 13 108 14 101 16 101 2 15 38 30 35 3 15 48 16 39 23 52 2 16 154 17 140 3 6 109 10 120 18 124 3 17 143 23 188 26 149 3 11 17 21 20 30 21 3 11 32 22 35 27 30 2 25 174 30 146 1 5 33 3 4 146 14 129 27 143 3 13 12 16 10 28 14 2 7 183 30 175
35 3 1 134 10 128 22 129 2 2 17 7 14 3 1 91 10 96 22 93 1 3 2 3 4 142 22 132 25 106 1 5 38 3 7 92 12 88 30 95 1 3 2 3 6 154 21 178 30 180 3 7 91 10 109 24 108 3 8 2 10 3 18 3 3 9 171 10 121 29 160 3 2 170 9 183 10 147 3 4 136 22 121 25 110 2 23 76 29 61 3 4 148 29 189 30 138 3 3 64 11 67 14 72 3 4 171 29 133 30 134 2 12 157 28 134 3 12 91 13 81 15 86 2 20 5 24 5 3 19 64 26 71 29 62 3 13 108 14 101 16 101 2 15 38 30 35 3 15 48 16 39 23 52 2 16 154 17 140 3 6 109 10 120 18 124 3 17 143 23 188 26 149 3 11 17 21 20 30 21 3 11 32 22 35 27 30 2 25 174 30 146 1 5 33 3 4 146 14 129 27 143 3 13 12 16 10 28 14 2 7 183 30 175
31 3 11 18 21 24 30 21 2 20 7 24 7 3 1 133 10 97 22 114 2 2 13 7 16 1 5 32 1 3 3 3 11 24 21 22 30 18 2 7 167 30 208 3 4 150 22 145 25 110 3 13 13 16 10 28 13 3 2 175 9 184 10 154 3 6 183 21 169 30 166 3 7 67 12 82 30 64 3 12 89 13 68 15 89 3 19 64 26 67 29 78 3 8 2 10 2 18 3 3 11 38 22 32 27 27 3 4 157 29 177 30 145 3 9 120 10 138 29 162 3 13 92 14 85 16 100 3 4 127 14 120 27 161 3 3 56 11 72 14 71 3 17 156 23 143 26 171 2 12 181 28 189 2 15 35 30 36 3 7 97 10 102 24 119 3 15 44 16 56 23 56 2 16 143 17 133 2 25 181 30 144 3 6 120 10 110 18 97 2 23 75 29 64
37 3 1 105 10 99 22 129 2 2 18 7 16 3 19 84 26 58 29 80 2 15 31 30 30 3 1 109 10 106 22 121 3 4 118 22 151 25 104 1 3 3 3 1 129 10 125 22 106 2 7 176 30 157 1 5 43 3 6 161 21 161 30 147 3 7 103 10 107 24 91 2 23 81 29 57 3 7 73 12 87 30 66 3 8 3 10 3 18 2 3 11 20 21 20 30 22 3 9 126 10 138 29 166 3 4 140 29 130 30 139 3 11 17 21 16 30 23 3 2 178 9 162 10 157 3 13 109 14 78 16 87 3 9 154 10 130 29 173 2 16 147 17 139 3 3 80 11 70 14 62 3 4 165 14 143 27 158 3 6 108 10 100 18 117 2 12 182 28 172 3 12 92 13 74 15 88 3 15 53 16 54 23 50 2 20 6 24 6 3 4 152 29 137 30 135 3 11 30 22 35 27 32 3 19 79 26 79 29 81 2 25 191 30 186 3 4 133 22 136 25 114 3 17 195 23 163 26 142 3 13 11 16 11 28 11
37 3 1 105 10 99 22 129 2 2 18 7 16 3 19 84 26 58 29 80 2 15 31 30 30 3 1 109 10 106 22 121 3 4 118 22 151 25 104 1 3 3 3 1 129 10 125 22 106 2 7 176 30 157 1 5 43 3 6 161 21 161 30 147 3 7 103 10 107 24 91 2 23 81 29 57 3 7 73 12 87 30 66 3 8 3 10 3 18 2 3 11 20 21 20 30 22 3 9 126 10 138 29 166 3 4 140 29 130 30 139 3 11 17 21 16 30 23 3 2 178 9 162 10 157 3 13 109 14 78 16 87 3 9 154 10 130 29 173 2 16 147 17 139 3 3 80 11 70 14 62 3 4 165 14 143 27 158 3 6 108 10 100 18 117 2 12 182 28 172 3 12 92 13 74 15 88 3 15 53 16 54 23 50 2 20 6 24 6 3 4 152 29 137 30 135 3 11 30 22 35 27 32 3 19 79 26 79 29 81 2 25 191 30 186 3 4 133 22 136 25 114 3 17 195 23 163 26 142 3 13 11 16 11 28 11
32 1 3 2 3 1 136 10 107 22 93 2 2 19 7 17 3 4 138 22 116 25 124 3 6 132 10 110 18 132 1 5 37 3 6 156 21 127 30 157 3 7 93 12 64 30 95 3 8 2 10 2 18 3 2 25 182 30 154 3 9 172 10 147 29 166 3 12 72 13 91 15 91 3 3 72 11 73 14 61 3 2 190 9 161 10 178 2 12 144 28 163 2 23 73 29 75 3 19 80 26 59 29 59 3 13 77 14 83 16 103 2 15 43 30 35 3 11 19 21 22 30 21 3 15 50 16 46 23 55 3 7 81 12 68 30 83 2 16 115 17 171 2 20 7 24 7 3 11 35 22 27 27 27 3 7 99 10 93 24 93 3 17 138 23 155 26 207 3 4 144 14 114 27 127 3 17 157 23 160 26 187 3 13 10 16 13 28 12 3 4 169 29 160 30 167 2 7 150 30 160
32 1 3 2 3 1 136 10 107 22 93 2 2 19 7 17 3 4 138 22 116 25 124 3 6 132 10 110 18 132 1 5 37 3 6 156 21 127 30 157 3 7 93 12 64 30 95 3 8 2 10 2 18 3 2 25 182 30 154 3 9 172 10 147 29 166 3 12 72 13 91 15 91 3 3 72 11 73 14 61 3 2 190 9 161 10 178 2 12 144 28 163 2 23 73 29 75 3 19 80 26 59 29 59 3 13 77 14 83 16 103 2 15 43 30 35 3 11 19 21 22 30 21 3 15 50 16 46 23 55 3 7 81 12 68 30 83 2 16 115 17 171 2 20 7 24 7 3 11 35 22 27 27 27 3 7 99 10 93 24 93 3 17 138 23 155 26 207 3 4 144 14 114 27 127 3 17 157 23 160 26 187 3 13 10 16 13 28 12 3 4 169 29 160 30 167 2 7 150 30 160
32 1 3 2 3 1 136 10 107 22 93 2 2 19 7 17 3 4 138 22 116 25 124 3 6 132 10 110 18 132 1 5 37 3 6 156 21 127 30 157 3 7 93 12 64 30 95 3 8 2 10 2 18 3 2 25 182 30 154 3 9 172 10 147 29 166 3 12 72 13 91 15 91 3 3 72 11 73 14 61 3 2 190 9 161 10 178 2 12 144 28 163 2 23 73 29 75 3 19 80 26 59 29 59 3 13 77 14 83 16 103 2 15 43 30 35 3 11 19 21 22 30 21 3 15 50 16 46 23 55 3 7 81 12 68 30 83 2 16 115 17 171 2 20 7 24 7 3 11 35 22 27 27 27 3 7 99 10 93 24 93 3 17 138 23 155 26 207 3 4 144 14 114 27 127 3 17 157 23 160 26 187 3 13 10 16 13 28 12 3 4 169 29 160 30 167 2 7 150 30 160
38 3 6 177 21 142 30 145 2 23 76 29 63 3 1 131 10 102 22 112 2 2 20 7 14 1 3 2 3 4 132 22 128 25 135 3 6 102 10 124 18 130 1 5 42 3 4 113 14 138 27 150 3 7 81 12 66 30 78 2 2 16 7 14 3 8 2 10 2 18 2 3 17 166 23 170 26 177 2 23 71 29 64 2 16 145 17 134 3 4 113 14 130 27 150 2 15 38 30 40 2 16 153 17 117 3 9 164 10 143 29 135 3 13 85 14 79 16 81 3 2 164 9 181 10 156 3 3 59 11 74 14 64 3 6 155 21 147 30 172 3 19 78 26 70 29 60 2 12 141 28 131 3 4 122 14 144 27 142 3 12 77 13 75 15 76 3 4 189 29 171 30 134 2 7 168 30 183 3 13 11 16 12 28 11 3 6 132 10 107 18 109 3 11 21 21 19 30 23 3 6 112 10 136 18 128 3 15 58 16 44 23 44 2 20 7 24 6 3 11 34 22 27 27 35 2 25 182 30 147 3 7 112 10 84 24 115
37 3 1 113 10 107 22 97 2 2 17 7 19 3 19 80 26 68 29 85 2 15 41 30 43 3 1 126 10 107 22 123 3 4 146 22 141 25 108 1 3 3 3 1 107 10 105 22 107 2 7 212 30 199 1 5 32 3 6 179 21 144 30 177 3 7 97 10 82 24 108 2 23 62 29 58 3 7 68 12 69 30 95 3 8 3 10 2 18 3 3 11 17 21 19 30 22 3 9 132 10 139 29 141 3 4 174 29 167 30 192 3 11 21 21 22 30 21 3 2 161 9 184 10 173 3 13 86 14 92 16 98 3 9 164 10 129 29 164 2 16 143 17 134 3 3 64 11 79 14 55 3 4 148 14 126 27 133 3 6 116 10 123 18 129 2 12 165 28 184 3 12 81 13 84 15 95 3 15 53 16 50 23 49 2 20 5 24 5 3 4 182 29 148 30 159 3 11 37 22 36 27 29 3 19 67 26 74 29 57 2 25 153 30 198 3 4 131 22 108 25 108 3 17 203 23 159 26 176 3 13 13 16 10 28 11
31 3 11 20 21 18 30 22 2 20 7 24 6 3 1 117 10 116 22 113 2 2 19 7 16 1 5 41 1 3 3 3 11 17 21 18 30 23 2 7 210 30 171 3 4 146 22 118 25 119 3 13 11 16 12 28 10 3 2 160 9 149 10 136 3 6 132 21 183 30 137 3 7 75 12 75 30 73 3 12 87 13 93 15 75 3 19 66 26 63 29 64 3 8 2 10 3 18 2 3 11 31 22 31 27 37 3 4 136 29 155 30 157 3 9 138 10 175 29 142 3 13 108 14 76 16 79 3 4 134 14 118 27 121 3 3 75 11 75 14 69 3 17 154 23 199 26 204 2 12 136 28 159 2 15 36 30 40 3 7 114 10 99 24 99 3 15 40 16 45 23 54 2 16 133 17 151 2 25 172 30 180 3 6 113 10 135 18 128 2 23 67 29 73
37 3 1 117 10 125 22 107 3 13 84 14 77 16 108 3 1 114 10 112 22 119 2 2 15 7 17 1 3 3 3 4 131 22 150 25 133 3 2 154 9 182 10 194 3 4 145 22 123 25 129 2 12 194 28 148 3 2 137 9 144 10 189 3 12 94 13 83 15 78 1 5 41 3 11 33 22 39 27 31 3 6 162 21 160 30 171 1 5 37 3 7 73 12 70 30 82 3 13 11 16 13 28 10 2 23 69 29 63 3 8 3 10 3 18 3 2 2 17 7 13 2 7 162 30 196 3 4 173 29 194 30 169 2 20 6 24 7 3 9 176 10 155 29 143 3 11 17 21 17 30 24 2 15 45 30 33 3 4 130 14 139 27 124 3 3 76 11 60 14 59 2 2 15 7 15 3 15 43 16 52 23 57 2 16 150 17 157 3 6 125 10 125 18 107 3 6 125 21 131 30 152 3 19 66 26 85 29 61 3 7 89 10 81 24 104 2 25 152 30 151 3 17 203 23 195 26 206
37 3 1 105 10 103 22 125 1 3 2 2 15 32 30 42 1 3 3 3 7 104 10 107 24 85 3 9 137 10 143 29 137 3 7 98 10 103 24 105 2 7 198 30 170 3 4 169 29 193 30 143 3 9 164 10 168 29 137 2 2 18 7 17 3 4 106 22 141 25 112 1 5 33 3 6 156 21 167 30 158 2 12 158 28 153 3 13 81 14 94 16 107 3 7 86 12 68 30 91 2 12 177 28 152 3 11 22 21 21 30 22 3 8 3 10 3 18 3 2 7 182 30 146 3 12 83 13 75 15 77 3 19 72 26 82 29 69 3 3 75 11 72 14 81 3 4 139 14 154 27 121 2 16 164 17 139 3 2 172 9 142 10 170 3 11 32 22 36 27 33 3 15 55 16 44 23 42 3 6 113 10 131 18 117 2 20 6 24 6 2 16 168 17 163 2 25 148 30 135 2 7 184 30 189 2 23 60 29 81 3 17 202 23 180 26 169 3 13 12 16 10 28 11
37 3 13 83 14 85 16 81 2 12 153 28 164 3 1 102 10 96 22 104 3 13 84 14 77 16 85 2 2 19 7 15 1 3 3 3 11 24 21 18 30 24 2 20 7 24 7 2 7 194 30 215 3 9 151 10 127 29 154 3 11 25 21 16 30 18 3 4 148 22 130 25 107 3 8 3 10 2 18 2 3 13 103 14 101 16 100 1 5 31 1 3 2 3 6 161 21 124 30 133 3 7 79 12 71 30 70 3 6 99 10 132 18 114 3 2 147 9 163 10 181 3 3 64 11 79 14 55 3 7 96 10 105 24 114 3 13 9 16 14 28 11 3 12 80 13 70 15 98 3 4 187 29 176 30 145 2 16 168 17 136 3 4 102 22 106 25 106 2 15 34 30 37 3 15 46 16 49 23 54 2 16 138 17 146 3 11 37 22 36 27 36 3 19 80 26 83 29 77 2 23 56 29 57 2 25 133 30 147 3 17 203 23 182 26 169 3 13 106 14 81 16 111 3 4 121 14 120 27 135
32 1 3 2 3 1 132 10 117 22 110 2 2 16 7 16 3 4 138 22 107 25 103 3 6 95 10 118 18 110 1 5 39 3 6 171 21 132 30 169 3 7 87 12 82 30 81 3 8 3 10 3 18 2 2 25 196 30 143 3 9 147 10 170 29 171 3 12 87 13 69 15 96 3 3 61 11 58 14 57 3 2 164 9 196 10 146 2 12 165 28 174 2 23 58 29 72 3 19 64 26 70 29 69 3 13 82 14 106 16 110 2 15 32 30 32 3 11 18 21 20 30 20 3 15 46 16 41 23 42 3 7 91 12 80 30 81 2 16 166 17 125 2 20 7 24 8 3 11 38 22 28 27 27 3 7 90 10 102 24 106 3 17 155 23 185 26 148 3 4 128 14 163 27 154 3 17 207 23 162 26 182 3 13 10 16 13 28 13 3 4 147 29 137 30 163 2 7 203 30 214
35 3 1 134 10 134 22 134 2 7 196 30 175 3 15 41 16 47 23 42 2 2 15 7 14 1 3 2 3 4 132 22 139 25 133 3 1 110 10 98 22 123 3 6 181 21 175 30 162 1 3 3 1 5 36 3 7 80 12 89 30 92 3 8 3 10 2 18 3 3 11 35 22 35 27 33 1 3 2 3 9 155 10 139 29 130 3 4 145 29 193 30 166 3 13 10 16 13 28 10 3 6 124 10 122 18 99 3 2 154 9 189 10 168 3 3 77 11 78 14 61 3 19 80 26 78 29 60 2 12 191 28 166 3 12 88 13 70 15 89 2 23 82 29 60 3 8 2 10 3 18 3 2 15 37 30 36 2 16 129 17 153 3 11 23 21 23 30 22 2 15 41 30 41 3 13 104 14 90 16 91 3 4 117 14 159 27 160 3 7 102 10 97 24 102 3 17 179 23 181 26 163 2 20 6 24 8 2 25 157 30 169
35 3 1 110 10 108 22 101 2 2 18 7 19 1 3 2 3 4 105 22 138 25 113 1 5 30 2 20 8 24 6 3 6 180 21 127 30 166 3 7 94 12 77 30 77 3 8 3 10 2 18 2 3 9 133 10 174 29 134 3 2 144 9 150 10 170 3 3 55 11 81 14 70 2 12 172 28 182 3 12 71 13 99 15 98 3 13 89 14 87 16 90 3 17 160 23 197 26 140 3 3 55 11 59 14 61 3 11 20 21 24 30 20 3 9 124 10 175 29 156 2 16 171 17 161 3 11 19 21 25 30 17 3 11 33 22 37 27 28 2 15 34 30 35 3 15 41 16 48 23 54 3 3 68 11 54 14 63 3 6 140 10 118 18 104 3 11 17 21 24 30 18 3 19 72 26 61 29 83 3 7 82 10 115 24 111 2 23 70 29 75 2 7 192 30 172 3 4 173 29 173 30 167 2 25 171 30 146 3 4 119 14 129 27 128 3 13 10 16 10 28 11
38 3 4 175 29 156 30 166 2 20 6 24 8 3 4 169 29 153 30 150 3 1 112 10 99 22 130 3 4 152 29 170 30 193 2 2 15 7 15 1 3 2 3 13 107 14 79 16 109 3 4 105 22 107 25 110 1 5 40 2 20 6 24 6 3 6 135 21 161 30 160 2 7 183 30 172 3 13 94 14 82 16 84 3 7 85 12 71 30 72 3 4 164 29 189 30 145 3 8 3 10 3 18 2 3 9 153 10 161 29 134 3 2 140 9 134 10 182 3 11 24 21 24 30 18 3 3 71 11 63 14 76 2 12 153 28 131 3 12 81 13 74 15 95 3 6 109 10 130 18 124 2 23 57 29 62 3 17 158 23 174 26 148 2 15 34 30 38 3 11 27 22 38 27 29 2 16 171 17 155 3 15 50 16 48 23 54 3 1 99 10 102 22 123 3 19 72 26 80 29 58 2 25 186 30 155 3 4 142 14 113 27 115 3 11 24 21 22 30 23 3 7 105 10 120 24 82 2 20 6 24 6 3 13 11 16 12 28 11
DUE_DATES: 5678 5678 5678 5678 5678 4936 4936 5654 5654 6056 4899 5174 5174 4821 4821 5054 5054 5455 5455 5545 5545 5541 5541 5541 5541 4633 4545 5516 5526 5526 4707 5170 5170 5170 4535 5720 5720 4852 4852 4852 5864 5822 4491 5612 6022 5325 4958 4890 5008 5591
WEIGHTS: 2 1 1 1 2 3 2 3 3 3 3 3 1 2 1 3 3 3 3 2 2 3 2 3 2 2 2 2 3 3 2 2 3 1 3 2 3 2 1 1 3 3 1 2 3 1 2 3 3 1
