50 30
37 3 1 133 16 142 18 168 3 2 18 8 20 27 21 2 3 84 12 76 3 2 21 8 20 27 15 2 3 101 4 138 4 2 22 5 22 16 26 28 26 3 7 45 8 55 30 47 2 6 43 15 46 3 1 62 8 74 30 71 2 6 53 15 48 2 9 10 21 9 2 10 81 16 92 2 10 76 11 77 3 6 18 14 16 20 19 2 6 80 12 65 3 13 205 14 163 24 192 2 6 78 12 66 2 21 125 22 160 2 3 99 4 131 4 23 125 25 141 27 146 30 157 3 1 152 16 156 25 206 2 10 100 16 84 2 13 43 22 46 3 1 73 8 56 30 61 3 20 180 25 184 29 206 3 8 47 14 56 16 53 3 1 144 16 119 18 132 2 7 112 17 104 3 5 8 28 8 30 10 3 8 7 13 8 15 9 2 15 105 16 109 3 13 70 19 72 28 71 2 6 18 18 22 2 2 36 24 36 3 19 95 20 106 30 92 3 15 167 19 178 26 192 2 23 27 27 22
37 3 1 133 16 142 18 168 3 2 18 8 20 27 21 2 3 84 12 76 3 2 21 8 20 27 15 2 3 101 4 138 4 2 22 5 22 16 26 28 26 3 7 45 8 55 30 47 2 6 43 15 46 3 1 62 8 74 30 71 2 6 53 15 48 2 9 10 21 9 2 10 81 16 92 2 10 76 11 77 3 6 18 14 16 20 19 2 6 80 12 65 3 13 205 14 163 24 192 2 6 78 12 66 2 21 125 22 160 2 3 99 4 131 4 23 125 25 141 27 146 30 157 3 1 152 16 156 25 206 2 10 100 16 84 2 13 43 22 46 3 1 73 8 56 30 61 3 20 180 25 184 29 206 3 8 47 14 56 16 53 3 1 144 16 119 18 132 2 7 112 17 104 3 5 8 28 8 30 10 3 8 7 13 8 15 9 2 15 105 16 109 3 13 70 19 72 28 71 2 6 18 18 22 2 2 36 24 36 3 19 95 20 106 30 92 3 15 167 19 178 26 192 2 23 27 27 22
37 3 1 133 16 142 18 168 3 2 18 8 20 27 21 2 3 84 12 76 3 2 21 8 20 27 15 2 3 101 4 138 4 2 22 5 22 16 26 28 26 3 7 45 8 55 30 47 2 6 43 15 46 3 1 62 8 74 30 71 2 6 53 15 48 2 9 10 21 9 2 10 81 16 92 2 10 76 11 77 3 6 18 14 16 20 19 2 6 80 12 65 3 13 205 14 163 24 192 2 6 78 12 66 2 21 125 22 160 2 3 99 4 131 4 23 125 25 141 27 146 30 157 3 1 152 16 156 25 206 2 10 100 16 84 2 13 43 22 46 3 1 73 8 56 30 61 3 20 180 25 184 29 206 3 8 47 14 56 16 53 3 1 144 16 119 18 132 2 7 112 17 104 3 5 8 28 8 30 10 3 8 7 13 8 15 9 2 15 105 16 109 3 13 70 19 72 28 71 2 6 18 18 22 2 2 36 24 36 3 19 95 20 106 30 92 3 15 167 19 178 26 192 2 23 27 27 22
37 3 2 16 8 21 27 19 3 7 50 8 53 30 44 3 2 22 8 21 27 22 3 1 120 16 124 18 123 2 3 89 12 79 3 1 151 16 147 18 152 2 3 129 4 132 4 2 24 5 26 16 19 28 27 3 13 64 19 70 28 78 2 6 57 15 56 3 6 19 14 19 20 17 3 2 21 8 20 27 19 3 1 74 8 79 30 64 2 3 82 12 77 2 10 92 16 92 2 9 7 21 9 2 10 72 11 72 2 6 84 12 62 3 13 191 14 223 24 195 3 8 61 14 52 16 58 3 13 73 19 63 28 74 3 1 218 16 197 25 216 2 21 114 22 132 3 8 8 13 8 15 8 3 19 98 20 109 30 84 3 7 41 8 54 30 41 2 15 116 16 89 2 7 100 17 96 2 6 20 18 23 2 13 50 22 43 4 23 157 25 164 27 144 30 134 3 15 178 19 163 26 186 3 6 20 14 18 20 19 2 2 32 24 39 3 20 228 25 224 29 226 2 23 25 27 28 3 5 7 28 10 30 8
37 3 2 16 8 21 27 19 3 7 50 8 53 30 44 3 2 22 8 21 27 22 3 1 120 16 124 18 123 2 3 89 12 79 3 1 151 16 147 18 152 2 3 129 4 132 4 2 24 5 26 16 19 28 27 3 13 64 19 70 28 78 2 6 57 15 56 3 6 19 14 19 20 17 3 2 21 8 20 27 19 3 1 74 8 79 30 64 2 3 82 12 77 2 10 92 16 92 2 9 7 21 9 2 10 72 11 72 2 6 84 12 62 3 13 191 14 223 24 195 3 8 61 14 52 16 58 3 13 73 19 63 28 74 3 1 218 16 197 25 216 2 21 114 22 132 3 8 8 13 8 15 8 3 19 98 20 109 30 84 3 7 41 8 54 30 41 2 15 116 16 89 2 7 100 17 96 2 6 20 18 23 2 13 50 22 43 4 23 157 25 164 27 144 30 134 3 15 178 19 163 26 186 3 6 20 14 18 20 19 2 2 32 24 39 3 20 228 25 224 29 226 2 23 25 27 28 3 5 7 28 10 30 8
33 3 1 165 16 160 18 174 3 2 20 8 20 27 18 3 6 20 14 21 20 22 2 3 75 12 73 2 3 129 4 137 2 3 101 12 76 4 2 26 5 23 16 23 28 25 2 6 47 15 51 2 3 115 4 128 3 7 41 8 59 30 40 3 1 63 8 77 30 60 2 9 7 21 9 2 10 92 16 69 3 13 172 14 221 24 192 2 10 78 11 71 2 13 40 22 44 2 6 63 12 86 3 8 7 13 9 15 8 4 23 153 25 114 27 116 30 166 3 8 50 14 59 16 57 2 15 119 16 83 2 7 109 17 108 2 6 22 18 19 3 19 118 20 101 30 90 2 21 148 22 160 2 2 33 24 30 2 23 23 27 25 3 20 230 25 218 29 225 3 13 64 19 62 28 54 2 21 150 22 151 3 1 171 16 207 25 187 3 15 161 19 200 26 158 3 5 9 28 10 30 7
33 3 1 165 16 160 18 174 3 2 20 8 20 27 18 3 6 20 14 21 20 22 2 3 75 12 73 2 3 129 4 137 2 3 101 12 76 4 2 26 5 23 16 23 28 25 2 6 47 15 51 2 3 115 4 128 3 7 41 8 59 30 40 3 1 63 8 77 30 60 2 9 7 21 9 2 10 92 16 69 3 13 172 14 221 24 192 2 10 78 11 71 2 13 40 22 44 2 6 63 12 86 3 8 7 13 9 15 8 4 23 153 25 114 27 116 30 166 3 8 50 14 59 16 57 2 15 119 16 83 2 7 109 17 108 2 6 22 18 19 3 19 118 20 101 30 90 2 21 148 22 160 2 2 33 24 30 2 23 23 27 25 3 20 230 25 218 29 225 3 13 64 19 62 28 54 2 21 150 22 151 3 1 171 16 207 25 187 3 15 161 19 200 26 158 3 5 9 28 10 30 7
33 3 1 157 16 163 18 164 3 2 22 8 19 27 18 3 6 17 14 21 20 20 2 3 76 12 102 2 3 99 4 111 2 3 75 12 79 4 2 26 5 19 16 24 28 20 2 6 55 15 56 2 3 136 4 132 3 7 43 8 59 30 53 3 1 67 8 57 30 69 2 9 8 21 9 2 10 77 16 99 3 13 161 14 215 24 200 2 10 64 11 65 2 13 49 22 55 2 6 77 12 69 3 8 10 13 8 15 9 4 23 152 25 123 27 157 30 164 3 8 51 14 62 16 58 2 15 87 16 103 2 7 92 17 121 2 6 21 18 19 3 19 123 20 104 30 121 2 21 121 22 144 2 2 33 24 32 2 23 21 27 23 3 20 189 25 209 29 223 3 13 59 19 65 28 79 2 21 116 22 142 3 1 159 16 161 25 178 3 15 153 19 216 26 186 3 5 7 28 10 30 8
33 3 1 157 16 163 18 164 3 2 22 8 19 27 18 3 6 17 14 21 20 20 2 3 76 12 102 2 3 99 4 111 2 3 75 12 79 4 2 26 5 19 16 24 28 20 2 6 55 15 56 2 3 136 4 132 3 7 43 8 59 30 53 3 1 67 8 57 30 69 2 9 8 21 9 2 10 77 16 99 3 13 161 14 215 24 200 2 10 64 11 65 2 13 49 22 55 2 6 77 12 69 3 8 10 13 8 15 9 4 23 152 25 123 27 157 30 164 3 8 51 14 62 16 58 2 15 87 16 103 2 7 92 17 121 2 6 21 18 19 3 19 123 20 104 30 121 2 21 121 22 144 2 2 33 24 32 2 23 21 27 23 3 20 189 25 209 29 223 3 13 59 19 65 28 79 2 21 116 22 142 3 1 159 16 161 25 178 3 15 153 19 216 26 186 3 5 7 28 10 30 8
36 3 8 9 13 8 15 7 3 1 164 16 119 18 176 3 2 15 8 20 27 20 2 3 103 12 74 2 9 10 21 10 2 3 131 4 100 2 23 22 27 26 3 2 16 8 20 27 16 4 23 118 25 152 27 118 30 125 4 2 25 5 22 16 19 28 24 2 6 43 15 50 2 3 120 4 107 3 7 47 8 56 30 59 3 1 78 8 66 30 66 2 3 105 4 127 2 10 76 16 73 2 3 80 12 86 2 7 126 17 126 2 6 45 15 45 2 10 74 11 60 2 3 84 12 80 2 21 133 22 134 2 6 75 12 66 3 19 98 20 89 30 112 3 5 7 28 7 30 8 3 6 19 14 20 20 18 3 13 222 14 165 24 158 3 1 177 16 222 25 157 2 13 53 22 52 3 8 50 14 63 16 55 2 15 93 16 90 2 2 31 24 32 2 6 19 18 23 3 20 183 25 167 29 233 3 15 210 19 148 26 210 3 13 77 19 67 28 81
36 3 1 170 16 145 18 123 3 2 22 8 20 27 22 2 23 23 27 29 2 10 83 16 99 2 23 22 27 29 4 23 166 25 130 27 141 30 129 2 3 76 12 87 2 3 122 4 107 4 2 26 5 23 16 27 28 25 2 6 75 12 74 3 13 205 14 180 24 226 2 6 54 15 43 2 6 86 12 88 3 7 57 8 52 30 40 2 3 97 12 96 3 1 59 8 68 30 66 2 9 8 21 10 2 10 62 11 55 3 8 56 14 53 16 51 3 15 195 19 219 26 168 3 8 8 13 7 15 7 2 15 93 16 85 2 7 121 17 88 2 10 63 11 54 2 6 26 18 27 2 3 70 12 76 2 2 34 24 31 3 19 96 20 123 30 120 3 6 22 14 17 20 22 3 13 62 19 57 28 74 2 21 146 22 125 2 13 55 22 44 4 23 136 25 146 27 137 30 134 3 1 224 16 152 25 189 3 20 182 25 214 29 158 3 5 9 28 7 30 7
36 3 1 170 16 145 18 123 3 2 22 8 20 27 22 2 23 23 27 29 2 10 83 16 99 2 23 22 27 29 4 23 166 25 130 27 141 30 129 2 3 76 12 87 2 3 122 4 107 4 2 26 5 23 16 27 28 25 2 6 75 12 74 3 13 205 14 180 24 226 2 6 54 15 43 2 6 86 12 88 3 7 57 8 52 30 40 2 3 97 12 96 3 1 59 8 68 30 66 2 9 8 21 10 2 10 62 11 55 3 8 56 14 53 16 51 3 15 195 19 219 26 168 3 8 8 13 7 15 7 2 15 93 16 85 2 7 121 17 88 2 10 63 11 54 2 6 26 18 27 2 3 70 12 76 2 2 34 24 31 3 19 96 20 123 30 120 3 6 22 14 17 20 22 3 13 62 19 57 28 74 2 21 146 22 125 2 13 55 22 44 4 23 136 25 146 27 137 30 134 3 1 224 16 152 25 189 3 20 182 25 214 29 158 3 5 9 28 7 30 7
40 3 1 139 16 122 18 145 3 2 15 8 17 27 19 3 1 169 16 178 18 131 2 3 78 12 79 3 7 54 8 58 30 51 2 3 76 12 82 2 10 102 16 81 3 2 20 8 17 27 18 2 3 137 4 119 4 2 20 5 27 16 19 28 19 2 6 51 15 50 3 1 171 16 175 18 156 3 1 71 8 56 30 78 2 9 7 21 10 3 2 19 8 19 27 21 2 10 61 11 54 3 1 154 16 123 18 154 3 8 53 14 59 16 58 2 6 64 12 67 3 13 161 14 224 24 195 3 8 9 13 9 15 10 2 15 115 16 85 2 7 112 17 114 2 6 21 18 23 3 7 54 8 52 30 44 3 1 158 16 200 25 170 3 19 124 20 98 30 122 3 6 18 14 22 20 19 3 5 10 28 9 30 8 2 21 155 22 121 2 13 47 22 53 3 15 149 19 173 26 188 3 5 9 28 8 30 10 2 23 20 27 22 3 2 20 8 22 27 15 4 23 142 25 129 27 165 30 128 2 2 30 24 26 3 13 61 19 80 28 56 3 1 191 16 212 25 192 3 20 233 25 176 29 216
32 4 2 23 5 26 16 21 28 25 2 10 88 16 97 3 1 143 16 121 18 132 3 1 199 16 208 25 225 3 8 7 13 9 15 10 2 10 88 16 101 3 15 180 19 153 26 193 3 2 21 8 18 27 21 2 3 69 12 77 2 3 113 4 134 2 6 53 15 52 2 7 104 17 93 3 7 49 8 49 30 48 3 20 219 25 198 29 220 3 1 78 8 76 30 56 2 9 8 21 8 2 10 62 11 52 2 15 91 16 109 2 6 69 12 87 3 13 232 14 218 24 155 3 8 58 14 51 16 54 2 6 20 18 22 3 19 106 20 115 30 107 3 13 54 19 69 28 73 3 2 21 8 17 27 17 3 6 15 14 16 20 16 2 21 125 22 150 2 13 56 22 48 4 23 168 25 158 27 119 30 132 2 2 31 24 32 2 23 29 27 28 3 5 8 28 7 30 9
38 3 1 148 16 176 18 162 3 2 19 8 17 27 19 2 3 104 12 78 3 1 145 16 164 18 149 2 3 139 4 137 4 2 24 5 25 16 27 28 24 2 6 41 15 57 2 13 57 22 43 2 3 69 12 90 3 13 80 19 76 28 69 3 7 41 8 42 30 45 3 1 58 8 57 30 59 3 1 143 16 170 18 177 2 2 33 24 35 2 9 8 21 8 2 23 24 27 21 2 10 73 16 101 3 15 159 19 169 26 209 2 21 110 22 144 2 13 53 22 50 2 10 75 11 66 2 6 79 12 75 3 5 8 28 10 30 9 3 13 196 14 203 24 204 3 8 52 14 47 16 46 2 3 134 4 113 3 8 9 13 7 15 10 2 15 105 16 98 2 7 115 17 120 3 6 19 14 16 20 18 4 2 27 5 24 16 19 28 23 2 6 19 18 21 3 1 72 8 62 30 68 3 19 113 20 107 30 103 4 23 123 25 122 27 167 30 156 3 20 183 25 171 29 181 2 13 40 22 53 3 1 164 16 175 25 224
36 2 6 21 18 26 3 19 109 20 108 30 108 3 1 139 16 133 18 157 3 19 121 20 83 30 84 3 2 22 8 22 27 19 2 3 86 12 73 2 6 27 18 20 2 3 129 4 134 4 2 28 5 20 16 22 28 27 2 6 87 12 71 2 6 20 18 26 2 6 48 15 55 3 8 47 14 48 16 54 3 7 54 8 43 30 41 2 10 78 11 70 3 1 54 8 61 30 60 2 9 8 21 8 2 10 87 16 86 3 13 230 14 173 24 170 3 8 8 13 9 15 10 2 15 94 16 102 3 13 203 14 159 24 162 2 7 89 17 114 3 6 15 14 21 20 17 3 20 181 25 196 29 232 2 23 21 27 28 2 21 144 22 146 3 15 197 19 221 26 221 2 10 72 11 74 2 13 58 22 57 4 23 137 25 142 27 162 30 158 2 2 31 24 38 3 1 209 16 201 25 178 2 3 89 12 94 3 13 63 19 63 28 71 3 5 8 28 8 30 10
36 2 6 21 18 26 3 19 109 20 108 30 108 3 1 139 16 133 18 157 3 19 121 20 83 30 84 3 2 22 8 22 27 19 2 3 86 12 73 2 6 27 18 20 2 3 129 4 134 4 2 28 5 20 16 22 28 27 2 6 87 12 71 2 6 20 18 26 2 6 48 15 55 3 8 47 14 48 16 54 3 7 54 8 43 30 41 2 10 78 11 70 3 1 54 8 61 30 60 2 9 8 21 8 2 10 87 16 86 3 13 230 14 173 24 170 3 8 8 13 9 15 10 2 15 94 16 102 3 13 203 14 159 24 162 2 7 89 17 114 3 6 15 14 21 20 17 3 20 181 25 196 29 232 2 23 21 27 28 2 21 144 22 146 3 15 197 19 221 26 221 2 10 72 11 74 2 13 58 22 57 4 23 137 25 142 27 162 30 158 2 2 31 24 38 3 1 209 16 201 25 178 2 3 89 12 94 3 13 63 19 63 28 71 3 5 8 28 8 30 10
36 2 6 21 18 26 3 19 109 20 108 30 108 3 1 139 16 133 18 157 3 19 121 20 83 30 84 3 2 22 8 22 27 19 2 3 86 12 73 2 6 27 18 20 2 3 129 4 134 4 2 28 5 20 16 22 28 27 2 6 87 12 71 2 6 20 18 26 2 6 48 15 55 3 8 47 14 48 16 54 3 7 54 8 43 30 41 2 10 78 11 70 3 1 54 8 61 30 60 2 9 8 21 8 2 10 87 16 86 3 13 230 14 173 24 170 3 8 8 13 9 15 10 2 15 94 16 102 3 13 203 14 159 24 162 2 7 89 17 114 3 6 15 14 21 20 17 3 20 181 25 196 29 232 2 23 21 27 28 2 21 144 22 146 3 15 197 19 221 26 221 2 10 72 11 74 2 13 58 22 57 4 23 137 25 142 27 162 30 158 2 2 31 24 38 3 1 209 16 201 25 178 2 3 89 12 94 3 13 63 19 63 28 71 3 5 8 28 8 30 10
36 3 13 188 14 165 24 172 3 1 135 16 129 18 165 3 13 79 19 54 28 69 3 2 19 8 17 27 18 2 6 41 15 48 2 3 74 12 89 2 9 9 21 9 2 3 122 4 105 3 20 190 25 208 29 193 2 2 28 24 38 3 13 167 14 163 24 162 4 2 22 5 24 16 22 28 24 3 7 45 8 41 30 45 2 9 9 21 10 2 15 110 16 94 3 1 61 8 68 30 66 3 15 213 19 189 26 183 2 3 98 12 101 3 8 47 14 63 16 51 2 10 101 16 102 2 10 67 11 73 2 6 78 12 80 3 8 10 13 7 15 9 2 7 112 17 95 3 8 9 13 8 15 8 2 6 24 18 19 3 1 176 16 226 25 154 3 15 170 19 205 26 159 3 19 102 20 89 30 111 3 6 19 14 17 20 20 3 7 46 8 40 30 45 2 21 141 22 117 3 5 7 28 7 30 10 2 13 55 22 49 4 23 135 25 136 27 158 30 148 2 23 28 27 27
37 2 21 111 22 148 3 1 120 16 158 18 146 3 2 16 8 17 27 17 2 3 82 12 90 3 2 20 8 22 27 15 2 3 127 4 133 4 2 23 5 21 16 21 28 26 3 1 156 16 133 18 125 2 6 51 15 46 3 7 52 8 46 30 54 3 20 198 25 183 29 171 4 23 162 25 144 27 149 30 156 3 7 58 8 57 30 52 3 1 56 8 71 30 67 4 23 168 25 139 27 118 30 159 2 9 7 21 9 3 13 199 14 181 24 163 3 2 15 8 17 27 18 2 10 79 16 96 2 10 77 11 65 3 19 113 20 106 30 102 3 15 207 19 202 26 181 2 6 91 12 66 2 13 52 22 45 2 10 72 11 65 3 8 60 14 50 16 55 3 6 15 14 18 20 19 3 8 9 13 9 15 7 2 15 121 16 106 2 7 111 17 116 2 6 26 18 24 3 13 57 19 77 28 57 2 2 34 24 33 4 2 21 5 23 16 24 28 24 3 1 171 16 184 25 178 3 5 8 28 8 30 10 2 23 21 27 25
37 2 21 111 22 148 3 1 120 16 158 18 146 3 2 16 8 17 27 17 2 3 82 12 90 3 2 20 8 22 27 15 2 3 127 4 133 4 2 23 5 21 16 21 28 26 3 1 156 16 133 18 125 2 6 51 15 46 3 7 52 8 46 30 54 3 20 198 25 183 29 171 4 23 162 25 144 27 149 30 156 3 7 58 8 57 30 52 3 1 56 8 71 30 67 4 23 168 25 139 27 118 30 159 2 9 7 21 9 3 13 199 14 181 24 163 3 2 15 8 17 27 18 2 10 79 16 96 2 10 77 11 65 3 19 113 20 106 30 102 3 15 207 19 202 26 181 2 6 91 12 66 2 13 52 22 45 2 10 72 11 65 3 8 60 14 50 16 55 3 6 15 14 18 20 19 3 8 9 13 9 15 7 2 15 121 16 106 2 7 111 17 116 2 6 26 18 24 3 13 57 19 77 28 57 2 2 34 24 33 4 2 21 5 23 16 24 28 24 3 1 171 16 184 25 178 3 5 8 28 8 30 10 2 23 21 27 25
37 2 21 111 22 148 3 1 120 16 158 18 146 3 2 16 8 17 27 17 2 3 82 12 90 3 2 20 8 22 27 15 2 3 127 4 133 4 2 23 5 21 16 21 28 26 3 1 156 16 133 18 125 2 6 51 15 46 3 7 52 8 46 30 54 3 20 198 25 183 29 171 4 23 162 25 144 27 149 30 156 3 7 58 8 57 30 52 3 1 56 8 71 30 67 4 23 168 25 139 27 118 30 159 2 9 7 21 9 3 13 199 14 181 24 163 3 2 15 8 17 27 18 2 10 79 16 96 2 10 77 11 65 3 19 113 20 106 30 102 3 15 207 19 202 26 181 2 6 91 12 66 2 13 52 22 45 2 10 72 11 65 3 8 60 14 50 16 55 3 6 15 14 18 20 19 3 8 9 13 9 15 7 2 15 121 16 106 2 7 111 17 116 2 6 26 18 24 3 13 57 19 77 28 57 2 2 34 24 33 4 2 21 5 23 16 24 28 24 3 1 171 16 184 25 178 3 5 8 28 8 30 10 2 23 21 27 25
36 3 8 7 13 7 15 7 3 1 177 16 134 18 139 3 2 16 8 20 27 18 2 3 103 12 85 2 9 9 21 9 2 3 139 4 99 2 23 21 27 20 3 2 22 8 17 27 20 4 23 131 25 162 27 152 30 163 4 2 25 5 25 16 19 28 23 2 6 41 15 44 2 3 119 4 116 3 7 46 8 42 30 56 3 1 78 8 64 30 58 2 3 137 4 117 2 10 70 16 95 2 3 87 12 90 2 7 93 17 102 2 6 39 15 48 2 10 63 11 67 2 3 87 12 94 2 21 135 22 118 2 6 68 12 75 3 19 122 20 104 30 83 3 5 10 28 7 30 10 3 6 20 14 17 20 20 3 13 207 14 221 24 230 3 1 219 16 203 25 174 2 13 45 22 42 3 8 44 14 51 16 61 2 15 86 16 114 2 2 30 24 27 2 6 20 18 23 3 20 163 25 186 29 187 3 15 217 19 193 26 152 3 13 73 19 81 28 59
36 3 8 7 13 7 15 7 3 1 177 16 134 18 139 3 2 16 8 20 27 18 2 3 103 12 85 2 9 9 21 9 2 3 139 4 99 2 23 21 27 20 3 2 22 8 17 27 20 4 23 131 25 162 27 152 30 163 4 2 25 5 25 16 19 28 23 2 6 41 15 44 2 3 119 4 116 3 7 46 8 42 30 56 3 1 78 8 64 30 58 2 3 137 4 117 2 10 70 16 95 2 3 87 12 90 2 7 93 17 102 2 6 39 15 48 2 10 63 11 67 2 3 87 12 94 2 21 135 22 118 2 6 68 12 75 3 19 122 20 104 30 83 3 5 10 28 7 30 10 3 6 20 14 17 20 20 3 13 207 14 221 24 230 3 1 219 16 203 25 174 2 13 45 22 42 3 8 44 14 51 16 61 2 15 86 16 114 2 2 30 24 27 2 6 20 18 23 3 20 163 25 186 29 187 3 15 217 19 193 26 152 3 13 73 19 81 28 59
33 3 1 162 16 163 18 172 3 2 17 8 21 27 20 3 6 17 14 19 20 19 2 3 90 12 78 2 3 110 4 112 2 3 73 12 70 4 2 26 5 20 16 20 28 21 2 6 39 15 53 2 3 134 4 121 3 7 46 8 49 30 48 3 1 74 8 59 30 66 2 9 9 21 9 2 10 80 16 94 3 13 164 14 206 24 198 2 10 61 11 71 2 13 45 22 53 2 6 79 12 61 3 8 8 13 10 15 9 4 23 140 25 115 27 167 30 131 3 8 52 14 43 16 52 2 15 113 16 112 2 7 119 17 91 2 6 24 18 21 3 19 85 20 95 30 110 2 21 108 22 133 2 2 28 24 30 2 23 26 27 21 3 20 188 25 225 29 201 3 13 65 19 61 28 69 2 21 134 22 134 3 1 202 16 217 25 194 3 15 177 19 160 26 149 3 5 7 28 8 30 7
33 3 1 162 16 163 18 172 3 2 17 8 21 27 20 3 6 17 14 19 20 19 2 3 90 12 78 2 3 110 4 112 2 3 73 12 70 4 2 26 5 20 16 20 28 21 2 6 39 15 53 2 3 134 4 121 3 7 46 8 49 30 48 3 1 74 8 59 30 66 2 9 9 21 9 2 10 80 16 94 3 13 164 14 206 24 198 2 10 61 11 71 2 13 45 22 53 2 6 79 12 61 3 8 8 13 10 15 9 4 23 140 25 115 27 167 30 131 3 8 52 14 43 16 52 2 15 113 16 112 2 7 119 17 91 2 6 24 18 21 3 19 85 20 95 30 110 2 21 108 22 133 2 2 28 24 30 2 23 26 27 21 3 20 188 25 225 29 201 3 13 65 19 61 28 69 2 21 134 22 134 3 1 202 16 217 25 194 3 15 177 19 160 26 149 3 5 7 28 8 30 7
33 3 1 162 16 163 18 172 3 2 17 8 21 27 20 3 6 17 14 19 20 19 2 3 90 12 78 2 3 110 4 112 2 3 73 12 70 4 2 26 5 20 16 20 28 21 2 6 39 15 53 2 3 134 4 121 3 7 46 8 49 30 48 3 1 74 8 59 30 66 2 9 9 21 9 2 10 80 16 94 3 13 164 14 206 24 198 2 10 61 11 71 2 13 45 22 53 2 6 79 12 61 3 8 8 13 10 15 9 4 23 140 25 115 27 167 30 131 3 8 52 14 43 16 52 2 15 113 16 112 2 7 119 17 91 2 6 24 18 21 3 19 85 20 95 30 110 2 21 108 22 133 2 2 28 24 30 2 23 26 27 21 3 20 188 25 225 29 201 3 13 65 19 61 28 69 2 21 134 22 134 3 1 202 16 217 25 194 3 15 177 19 160 26 149 3 5 7 28 8 30 7
34 3 1 175 16 166 18 149 3 2 18 8 20 27 21 2 10 73 11 57 2 3 95 12 98 2 10 78 11 62 2 3 123 4 129 4 2 27 5 28 16 25 28 22 2 6 54 15 52 3 1 126 16 161 18 132 2 7 102 17 120 3 7 52 8 46 30 46 3 1 57 8 60 30 77 2 6 21 18 19 2 15 121 16 88 3 15 186 19 189 26 183 2 3 100 12 91 3 6 19 14 21 20 20 3 13 78 19 69 28 73 2 9 10 21 10 3 5 9 28 8 30 9 2 10 97 16 70 3 8 59 14 55 16 58 2 9 8 21 8 2 6 65 12 77 3 13 198 14 215 24 190 3 8 7 13 9 15 9 3 19 114 20 108 30 102 4 23 165 25 133 27 135 30 150 2 21 138 22 145 2 13 45 22 56 2 2 38 24 33 2 23 20 27 24 3 20 230 25 190 29 165 3 1 220 16 220 25 162
33 3 1 169 16 119 18 166 3 2 17 8 19 27 18 3 6 20 14 17 20 19 2 3 73 12 97 2 3 96 4 114 2 3 95 12 88 4 2 20 5 23 16 25 28 25 2 6 39 15 39 2 3 115 4 116 3 7 53 8 53 30 44 3 1 61 8 77 30 57 2 9 10 21 7 2 10 102 16 86 3 13 227 14 216 24 162 2 10 55 11 60 2 13 39 22 56 2 6 66 12 84 3 8 7 13 7 15 7 4 23 168 25 157 27 164 30 162 3 8 61 14 48 16 58 2 15 112 16 99 2 7 126 17 126 2 6 26 18 25 3 19 85 20 110 30 99 2 21 128 22 158 2 2 35 24 31 2 23 24 27 21 3 20 198 25 181 29 160 3 13 80 19 63 28 69 2 21 131 22 136 3 1 201 16 217 25 223 3 15 157 19 169 26 204 3 5 10 28 7 30 8
40 3 1 176 16 165 18 119 3 2 16 8 20 27 17 3 1 125 16 132 18 142 2 3 70 12 103 3 7 49 8 58 30 50 2 3 90 12 82 2 10 93 16 93 3 2 20 8 21 27 18 2 3 131 4 138 4 2 25 5 27 16 24 28 26 2 6 46 15 48 3 1 177 16 139 18 168 3 1 57 8 56 30 57 2 9 8 21 9 3 2 19 8 19 27 22 2 10 78 11 69 3 1 163 16 121 18 166 3 8 52 14 50 16 64 2 6 65 12 73 3 13 226 14 202 24 230 3 8 10 13 9 15 7 2 15 114 16 105 2 7 91 17 89 2 6 18 18 20 3 7 56 8 44 30 54 3 1 221 16 160 25 198 3 19 92 20 114 30 103 3 6 17 14 22 20 18 3 5 7 28 9 30 8 2 21 116 22 123 2 13 47 22 40 3 15 153 19 193 26 185 3 5 10 28 9 30 7 2 23 29 27 23 3 2 19 8 22 27 22 4 23 129 25 140 27 141 30 158 2 2 29 24 31 3 13 62 19 76 28 59 3 1 224 16 219 25 223 3 20 186 25 157 29 189
37 2 21 115 22 137 3 1 134 16 127 18 151 3 2 19 8 16 27 18 2 3 75 12 83 3 2 15 8 20 27 22 2 3 124 4 118 4 2 19 5 26 16 24 28 24 3 1 147 16 151 18 166 2 6 39 15 45 3 7 40 8 52 30 45 3 20 164 25 218 29 233 4 23 167 25 168 27 168 30 160 3 7 50 8 54 30 49 3 1 69 8 64 30 78 4 23 158 25 137 27 166 30 147 2 9 10 21 7 3 13 223 14 225 24 201 3 2 17 8 17 27 17 2 10 97 16 89 2 10 59 11 75 3 19 85 20 85 30 104 3 15 177 19 202 26 158 2 6 63 12 89 2 13 47 22 48 2 10 67 11 56 3 8 46 14 45 16 61 3 6 17 14 21 20 21 3 8 8 13 9 15 7 2 15 91 16 112 2 7 104 17 106 2 6 21 18 22 3 13 60 19 77 28 77 2 2 39 24 27 4 2 20 5 20 16 27 28 22 3 1 204 16 197 25 157 3 5 9 28 7 30 7 2 23 29 27 23
37 2 21 115 22 137 3 1 134 16 127 18 151 3 2 19 8 16 27 18 2 3 75 12 83 3 2 15 8 20 27 22 2 3 124 4 118 4 2 19 5 26 16 24 28 24 3 1 147 16 151 18 166 2 6 39 15 45 3 7 40 8 52 30 45 3 20 164 25 218 29 233 4 23 167 25 168 27 168 30 160 3 7 50 8 54 30 49 3 1 69 8 64 30 78 4 23 158 25 137 27 166 30 147 2 9 10 21 7 3 13 223 14 225 24 201 3 2 17 8 17 27 17 2 10 97 16 89 2 10 59 11 75 3 19 85 20 85 30 104 3 15 177 19 202 26 158 2 6 63 12 89 2 13 47 22 48 2 10 67 11 56 3 8 46 14 45 16 61 3 6 17 14 21 20 21 3 8 8 13 9 15 7 2 15 91 16 112 2 7 104 17 106 2 6 21 18 22 3 13 60 19 77 28 77 2 2 39 24 27 4 2 20 5 20 16 27 28 22 3 1 204 16 197 25 157 3 5 9 28 7 30 7 2 23 29 27 23
36 3 8 9 13 9 15 8 3 1 151 16 160 18 134 3 2 16 8 19 27 16 2 3 81 12 98 2 9 7 21 7 2 3 121 4 117 2 23 25 27 29 3 2 20 8 20 27 19 4 23 115 25 138 27 143 30 126 4 2 28 5 25 16 28 28 27 2 6 48 15 44 2 3 111 4 135 3 7 56 8 59 30 53 3 1 55 8 56 30 68 2 3 123 4 121 2 10 69 16 86 2 3 80 12 86 2 7 89 17 88 2 6 49 15 57 2 10 58 11 54 2 3 93 12 99 2 21 118 22 129 2 6 69 12 66 3 19 86 20 90 30 91 3 5 8 28 9 30 10 3 6 15 14 18 20 21 3 13 168 14 186 24 164 3 1 208 16 177 25 211 2 13 58 22 49 3 8 64 14 54 16 50 2 15 120 16 112 2 2 36 24 36 2 6 25 18 21 3 20 234 25 177 29 200 3 15 191 19 153 26 173 3 13 68 19 56 28 73
36 3 1 149 16 163 18 170 3 2 15 8 20 27 18 2 23 22 27 24 2 10 98 16 87 2 23 29 27 23 4 23 119 25 132 27 129 30 138 2 3 70 12 77 2 3 93 4 120 4 2 19 5 23 16 28 28 26 2 6 75 12 64 3 13 189 14 223 24 190 2 6 43 15 45 2 6 75 12 70 3 7 41 8 47 30 45 2 3 84 12 83 3 1 66 8 73 30 58 2 9 10 21 9 2 10 55 11 68 3 8 64 14 52 16 55 3 15 148 19 182 26 184 3 8 8 13 9 15 9 2 15 101 16 115 2 7 91 17 112 2 10 66 11 57 2 6 26 18 27 2 3 102 12 103 2 2 28 24 27 3 19 112 20 100 30 85 3 6 20 14 18 20 19 3 13 65 19 73 28 56 2 21 112 22 125 2 13 56 22 53 4 23 112 25 121 27 146 30 168 3 1 156 16 177 25 168 3 20 235 25 187 29 235 3 5 8 28 10 30 9
34 3 1 145 16 130 18 128 4 2 28 5 26 16 27 28 27 3 1 163 16 140 18 143 3 2 16 8 20 27 15 3 13 63 19 75 28 70 2 10 71 11 67 2 3 102 12 70 3 15 200 19 206 26 185 2 3 105 4 129 2 6 44 15 53 2 15 113 16 92 2 23 24 27 26 3 7 59 8 45 30 54 3 13 197 14 227 24 227 2 21 143 22 142 4 23 113 25 146 27 123 30 165 3 1 58 8 59 30 79 2 9 10 21 9 2 10 104 16 78 3 8 64 14 57 16 48 2 9 9 21 7 3 8 9 13 10 15 10 2 21 114 22 119 3 5 9 28 10 30 9 2 6 65 12 86 3 5 9 28 10 30 9 2 7 122 17 115 3 6 18 14 17 20 19 2 6 18 18 21 3 19 83 20 109 30 86 2 13 49 22 47 3 20 231 25 212 29 166 2 2 39 24 28 3 1 210 16 179 25 156
34 3 1 145 16 130 18 128 4 2 28 5 26 16 27 28 27 3 1 163 16 140 18 143 3 2 16 8 20 27 15 3 13 63 19 75 28 70 2 10 71 11 67 2 3 102 12 70 3 15 200 19 206 26 185 2 3 105 4 129 2 6 44 15 53 2 15 113 16 92 2 23 24 27 26 3 7 59 8 45 30 54 3 13 197 14 227 24 227 2 21 143 22 142 4 23 113 25 146 27 123 30 165 3 1 58 8 59 30 79 2 9 10 21 9 2 10 104 16 78 3 8 64 14 57 16 48 2 9 9 21 7 3 8 9 13 10 15 10 2 21 114 22 119 3 5 9 28 10 30 9 2 6 65 12 86 3 5 9 28 10 30 9 2 7 122 17 115 3 6 18 14 17 20 19 2 6 18 18 21 3 19 83 20 109 30 86 2 13 49 22 47 3 20 231 25 212 29 166 2 2 39 24 28 3 1 210 16 179 25 156
36 2 6 26 18 23 3 19 113 20 113 30 123 3 1 173 16 174 18 134 3 19 87 20 124 30 85 3 2 20 8 21 27 22 2 3 73 12 101 2 6 20 18 21 2 3 132 4 109 4 2 20 5 20 16 19 28 24 2 6 82 12 90 2 6 23 18 22 2 6 52 15 52 3 8 43 14 56 16 53 3 7 57 8 44 30 49 2 10 77 11 63 3 1 54 8 73 30 53 2 9 7 21 7 2 10 87 16 95 3 13 210 14 190 24 196 3 8 9 13 9 15 9 2 15 93 16 112 3 13 221 14 214 24 161 2 7 101 17 120 3 6 20 14 17 20 20 3 20 202 25 171 29 190 2 23 25 27 22 2 21 142 22 128 3 15 167 19 177 26 222 2 10 56 11 58 2 13 42 22 40 4 23 137 25 156 27 124 30 156 2 2 37 24 36 3 1 172 16 195 25 208 2 3 87 12 99 3 13 55 19 79 28 76 3 5 10 28 8 30 10
33 3 1 160 16 119 18 178 3 2 22 8 17 27 16 3 6 18 14 15 20 17 2 3 86 12 95 2 3 103 4 101 2 3 99 12 94 4 2 22 5 25 16 25 28 21 2 6 45 15 50 2 3 108 4 96 3 7 55 8 45 30 42 3 1 65 8 62 30 64 2 9 8 21 7 2 10 96 16 98 3 13 216 14 204 24 195 2 10 61 11 59 2 13 55 22 50 2 6 67 12 77 3 8 9 13 7 15 7 4 23 165 25 119 27 123 30 151 3 8 45 14 59 16 51 2 15 91 16 120 2 7 87 17 117 2 6 20 18 20 3 19 123 20 106 30 100 2 21 140 22 127 2 2 28 24 39 2 23 21 27 28 3 20 182 25 204 29 174 3 13 63 19 57 28 63 2 21 124 22 124 3 1 166 16 210 25 203 3 15 161 19 162 26 191 3 5 7 28 8 30 10
33 3 1 160 16 119 18 178 3 2 22 8 17 27 16 3 6 18 14 15 20 17 2 3 86 12 95 2 3 103 4 101 2 3 99 12 94 4 2 22 5 25 16 25 28 21 2 6 45 15 50 2 3 108 4 96 3 7 55 8 45 30 42 3 1 65 8 62 30 64 2 9 8 21 7 2 10 96 16 98 3 13 216 14 204 24 195 2 10 61 11 59 2 13 55 22 50 2 6 67 12 77 3 8 9 13 7 15 7 4 23 165 25 119 27 123 30 151 3 8 45 14 59 16 51 2 15 91 16 120 2 7 87 17 117 2 6 20 18 20 3 19 123 20 106 30 100 2 21 140 22 127 2 2 28 24 39 2 23 21 27 28 3 20 182 25 204 29 174 3 13 63 19 57 28 63 2 21 124 22 124 3 1 166 16 210 25 203 3 15 161 19 162 26 191 3 5 7 28 8 30 10
36 3 1 169 16 147 18 155 3 2 16 8 20 27 20 2 3 88 12 84 2 3 120 4 97 3 5 8 28 9 30 10 4 2 19 5 26 16 25 28 24 2 6 50 15 39 3 7 45 8 51 30 52 3 5 10 28 9 30 8 2 9 9 21 7 2 13 42 22 51 3 5 7 28 10 30 7 3 1 60 8 63 30 56 3 13 73 19 58 28 61 3 2 20 8 17 27 17 2 10 95 16 78 2 6 75 12 78 2 10 65 11 55 3 13 216 14 178 24 228 2 10 64 11 53 3 6 19 14 22 20 21 3 8 56 14 54 16 44 3 8 9 13 10 15 7 2 6 20 18 19 3 13 161 14 229 24 232 3 1 209 16 199 25 182 4 23 127 25 129 27 163 30 117 2 23 28 27 26 2 15 89 16 120 2 7 99 17 103 3 1 67 8 58 30 74 3 19 119 20 88 30 113 2 21 154 22 121 2 2 32 24 39 3 15 170 19 153 26 204 3 20 207 25 210 29 202
35 3 15 219 19 159 26 221 3 1 168 16 175 18 159 3 19 91 20 110 30 103 3 2 18 8 19 27 15 2 6 42 15 52 2 3 79 12 71 2 3 114 4 96 4 2 23 5 21 16 28 28 27 3 7 53 8 49 30 51 2 7 114 17 98 3 1 76 8 75 30 62 2 3 111 4 98 2 9 10 21 10 3 15 212 19 206 26 168 2 10 97 16 76 2 10 56 11 63 2 7 108 17 120 2 6 62 12 90 2 6 57 15 50 3 13 214 14 199 24 217 3 8 52 14 49 16 48 3 8 10 13 7 15 10 2 15 93 16 94 2 23 21 27 22 3 5 8 28 8 30 7 2 6 24 18 22 3 6 18 14 17 20 21 3 1 190 16 219 25 185 2 21 139 22 136 2 2 39 24 36 3 20 222 25 193 29 208 2 6 25 18 19 2 13 54 22 51 4 23 113 25 160 27 161 30 119 3 13 71 19 69 28 55
38 2 15 91 16 89 3 20 234 25 215 29 189 2 15 96 16 109 4 23 124 25 119 27 143 30 118 2 10 55 11 67 2 6 89 12 63 3 1 160 16 153 18 172 4 23 121 25 138 27 116 30 136 3 2 18 8 21 27 15 2 3 102 12 75 2 3 107 4 131 2 10 64 11 67 4 2 27 5 28 16 27 28 23 2 6 42 15 40 3 7 47 8 43 30 54 3 1 78 8 58 30 62 3 6 21 14 15 20 19 3 1 71 8 58 30 62 2 9 7 21 10 2 10 75 16 80 3 13 207 14 189 24 203 4 2 21 5 19 16 20 28 25 3 8 59 14 52 16 54 2 7 105 17 89 3 15 209 19 181 26 221 2 9 9 21 9 3 8 10 13 7 15 9 3 15 179 19 222 26 202 2 6 27 18 20 3 19 106 20 109 30 115 2 21 136 22 117 2 13 52 22 57 2 2 27 24 31 2 6 75 12 61 3 1 171 16 209 25 189 3 13 75 19 67 28 63 2 23 21 27 26 3 5 7 28 10 30 10
37 3 1 126 16 124 18 172 3 2 19 8 20 27 19 3 1 139 16 132 18 166 3 8 47 14 51 16 63 2 3 82 12 94 3 2 22 8 22 27 21 2 3 125 4 120 4 2 19 5 27 16 26 28 23 2 6 42 15 44 2 10 61 11 61 3 13 60 19 78 28 67 2 23 26 27 20 2 6 21 18 23 3 7 54 8 43 30 59 3 1 183 16 157 25 213 3 1 78 8 59 30 70 4 2 22 5 20 16 24 28 25 2 10 75 16 99 3 1 174 16 131 18 171 2 9 10 21 8 2 7 113 17 96 3 7 48 8 44 30 47 2 6 82 12 70 3 13 225 14 218 24 167 3 8 7 13 8 15 10 2 15 98 16 99 3 5 8 28 7 30 8 3 19 89 20 92 30 112 3 6 17 14 19 20 15 2 6 77 12 82 2 21 148 22 137 2 13 39 22 56 4 23 116 25 139 27 119 30 132 2 2 29 24 33 3 20 197 25 181 29 229 3 5 7 28 9 30 8 3 15 213 19 161 26 154
38 2 15 98 16 113 3 20 195 25 222 29 234 2 15 102 16 85 4 23 125 25 124 27 134 30 128 2 10 74 11 77 2 6 87 12 61 3 1 156 16 153 18 174 4 23 118 25 158 27 168 30 151 3 2 21 8 15 27 15 2 3 94 12 79 2 3 107 4 131 2 10 55 11 53 4 2 20 5 23 16 22 28 23 2 6 54 15 41 3 7 46 8 59 30 52 3 1 79 8 71 30 53 3 6 17 14 21 20 18 3 1 76 8 56 30 76 2 9 9 21 9 2 10 71 16 83 3 13 228 14 228 24 182 4 2 19 5 24 16 19 28 22 3 8 58 14 55 16 48 2 7 99 17 107 3 15 202 19 214 26 197 2 9 7 21 8 3 8 10 13 10 15 9 3 15 220 19 186 26 149 2 6 22 18 24 3 19 94 20 95 30 100 2 21 143 22 145 2 13 43 22 39 2 2 30 24 35 2 6 77 12 91 3 1 170 16 187 25 162 3 13 69 19 64 28 64 2 23 22 27 23 3 5 10 28 10 30 8
36 3 8 7 13 8 15 8 3 1 120 16 154 18 152 3 2 17 8 18 27 18 2 3 86 12 92 2 9 8 21 9 2 3 134 4 118 2 23 28 27 25 3 2 19 8 22 27 20 4 23 118 25 122 27 133 30 137 4 2 19 5 21 16 27 28 26 2 6 51 15 51 2 3 119 4 92 3 7 53 8 51 30 44 3 1 68 8 57 30 65 2 3 100 4 131 2 10 96 16 95 2 3 91 12 89 2 7 106 17 94 2 6 40 15 45 2 10 60 11 56 2 3 100 12 99 2 21 132 22 152 2 6 61 12 73 3 19 107 20 83 30 85 3 5 7 28 7 30 9 3 6 15 14 20 20 19 3 13 180 14 175 24 227 3 1 157 16 208 25 162 2 13 57 22 58 3 8 57 14 46 16 63 2 15 83 16 87 2 2 36 24 36 2 6 22 18 21 3 20 222 25 158 29 170 3 15 191 19 222 26 217 3 13 54 19 57 28 72
34 3 8 46 14 55 16 52 3 6 22 14 16 20 16 3 1 137 16 151 18 142 3 2 18 8 20 27 15 2 21 122 22 146 2 3 89 12 94 2 21 160 22 115 2 3 100 4 126 4 2 23 5 28 16 27 28 28 3 13 56 19 68 28 57 3 5 9 28 8 30 8 2 10 83 16 87 2 6 57 15 49 2 6 22 18 23 3 1 144 16 124 18 142 3 7 42 8 52 30 55 3 1 77 8 56 30 57 2 9 8 21 7 2 10 66 11 75 2 15 119 16 103 3 13 208 14 173 24 204 2 3 106 4 96 2 7 108 17 127 2 13 50 22 49 3 8 8 13 10 15 9 2 6 68 12 90 3 20 169 25 194 29 183 3 8 7 13 7 15 10 3 19 100 20 116 30 109 4 23 126 25 142 27 123 30 126 2 2 30 24 37 3 1 176 16 186 25 169 3 15 177 19 193 26 213 2 23 24 27 26
37 3 2 17 8 19 27 19 3 7 40 8 42 30 53 3 2 18 8 17 27 16 3 1 139 16 168 18 149 2 3 85 12 97 3 1 149 16 125 18 163 2 3 123 4 108 4 2 25 5 22 16 23 28 25 3 13 67 19 60 28 54 2 6 43 15 52 3 6 17 14 18 20 15 3 2 22 8 19 27 17 3 1 68 8 55 30 70 2 3 94 12 72 2 10 72 16 80 2 9 9 21 7 2 10 78 11 61 2 6 82 12 81 3 13 172 14 202 24 228 3 8 44 14 53 16 64 3 13 74 19 80 28 58 3 1 177 16 204 25 195 2 21 131 22 153 3 8 9 13 10 15 10 3 19 123 20 89 30 121 3 7 58 8 56 30 49 2 15 84 16 85 2 7 114 17 106 2 6 26 18 26 2 13 57 22 52 4 23 155 25 114 27 168 30 124 3 15 207 19 190 26 216 3 6 21 14 20 20 17 2 2 30 24 31 3 20 228 25 163 29 209 2 23 22 27 22 3 5 9 28 7 30 7
37 3 2 17 8 19 27 19 3 7 40 8 42 30 53 3 2 18 8 17 27 16 3 1 139 16 168 18 149 2 3 85 12 97 3 1 149 16 125 18 163 2 3 123 4 108 4 2 25 5 22 16 23 28 25 3 13 67 19 60 28 54 2 6 43 15 52 3 6 17 14 18 20 15 3 2 22 8 19 27 17 3 1 68 8 55 30 70 2 3 94 12 72 2 10 72 16 80 2 9 9 21 7 2 10 78 11 61 2 6 82 12 81 3 13 172 14 202 24 228 3 8 44 14 53 16 64 3 13 74 19 80 28 58 3 1 177 16 204 25 195 2 21 131 22 153 3 8 9 13 10 15 10 3 19 123 20 89 30 121 3 7 58 8 56 30 49 2 15 84 16 85 2 7 114 17 106 2 6 26 18 26 2 13 57 22 52 4 23 155 25 114 27 168 30 124 3 15 207 19 190 26 216 3 6 21 14 20 20 17 2 2 30 24 31 3 20 228 25 163 29 209 2 23 22 27 22 3 5 9 28 7 30 7
37 3 2 17 8 19 27 19 3 7 40 8 42 30 53 3 2 18 8 17 27 16 3 1 139 16 168 18 149 2 3 85 12 97 3 1 149 16 125 18 163 2 3 123 4 108 4 2 25 5 22 16 23 28 25 3 13 67 19 60 28 54 2 6 43 15 52 3 6 17 14 18 20 15 3 2 22 8 19 27 17 3 1 68 8 55 30 70 2 3 94 12 72 2 10 72 16 80 2 9 9 21 7 2 10 78 11 61 2 6 82 12 81 3 13 172 14 202 24 228 3 8 44 14 53 16 64 3 13 74 19 80 28 58 3 1 177 16 204 25 195 2 21 131 22 153 3 8 9 13 10 15 10 3 19 123 20 89 30 121 3 7 58 8 56 30 49 2 15 84 16 85 2 7 114 17 106 2 6 26 18 26 2 13 57 22 52 4 23 155 25 114 27 168 30 124 3 15 207 19 190 26 216 3 6 21 14 20 20 17 2 2 30 24 31 3 20 228 25 163 29 209 2 23 22 27 22 3 5 9 28 7 30 7
34 3 8 58 14 55 16 47 3 6 15 14 22 20 21 3 1 121 16 131 18 150 3 2 22 8 19 27 20 2 21 128 22 134 2 3 92 12 71 2 21 133 22 118 2 3 107 4 98 4 2 28 5 27 16 24 28 24 3 13 63 19 75 28 71 3 5 9 28 10 30 9 2 10 102 16 82 2 6 50 15 48 2 6 23 18 18 3 1 170 16 168 18 135 3 7 48 8 40 30 49 3 1 79 8 78 30 78 2 9 7 21 7 2 10 58 11 57 2 15 87 16 92 3 13 155 14 228 24 168 2 3 103 4 116 2 7 87 17 123 2 13 50 22 45 3 8 10 13 8 15 9 2 6 64 12 64 3 20 175 25 207 29 230 3 8 8 13 9 15 9 3 19 108 20 93 30 119 4 23 168 25 122 27 134 30 121 2 2 37 24 36 3 1 210 16 206 25 194 3 15 193 19 203 26 191 2 23 25 27 25
DUE_DATES: 4828 4828 4828 4725 4725 4639 4639 4552 4552 4702 4757 4757 5365 4203 5177 4881 4881 4881 4777 4767 4767 4767 4767 4767 4475 4475 4475 4632 4598 5399 4781 4781 4682 4678 4513 4513 4870 4464 4464 4581 4841 5069 4730 5128 4691 4600 4696 4696 4696 4592
WEIGHTS: 3 1 2 2 3 1 3 2 2 3 3 1 2 1 3 1 2 2 3 3 3 2 2 2 1 2 3 2 2 3 1 3 3 2 1 1 1 1 2 1 1 1 1 3 1 3 1 2 1 3
