50 30
34 3 1 205 6 153 7 201 3 2 3 21 2 28 3 3 9 82 18 96 28 101 3 3 123 6 104 20 96 2 4 116 30 112 3 4 30 5 36 24 31 3 2 3 21 2 28 3 3 6 92 8 87 20 76 3 6 115 25 134 27 150 3 4 35 5 31 24 29 3 3 181 13 200 28 165 4 7 139 19 146 20 138 30 127 3 9 81 18 83 28 86 2 8 97 12 94 3 4 8 24 7 28 9 2 10 83 15 83 3 8 115 11 96 27 83 3 2 198 5 207 12 152 3 8 140 9 130 29 117 2 17 47 23 48 2 10 56 14 54 3 15 4 21 3 22 3 2 16 86 29 71 3 18 105 19 120 25 108 3 5 206 12 207 30 190 3 13 59 17 51 18 49 3 15 4 21 4 22 4 3 5 1 19 1 21 1 3 6 83 7 78 21 69 2 19 136 22 184 3 12 69 16 77 27 87 3 9 102 23 132 26 123 3 14 24 24 26 26 27 3 18 141 19 139 26 115
35 3 6 69 7 73 21 89 3 8 117 11 97 27 111 3 1 156 6 184 7 193 2 10 92 15 76 3 2 162 5 162 12 218 2 10 94 15 84 3 2 2 21 2 28 3 3 3 111 6 123 20 119 2 4 107 30 108 3 8 110 9 96 29 97 3 4 28 5 28 24 33 3 6 132 25 133 27 133 4 7 167 19 121 20 148 30 151 3 14 28 24 31 26 25 3 18 136 19 121 26 137 2 8 86 12 97 3 6 161 25 126 27 159 3 9 78 18 97 28 96 3 18 145 19 129 25 111 2 16 78 29 76 3 9 98 18 84 28 104 3 3 184 13 186 28 208 2 10 51 14 59 3 15 4 21 4 22 3 2 17 66 23 65 3 3 182 13 173 28 168 3 4 6 24 7 28 7 3 2 2 21 3 28 2 3 9 126 23 116 26 122 3 6 97 8 82 20 105 3 13 56 17 47 18 55 3 5 1 19 1 21 1 2 19 181 22 195 3 12 100 16 68 27 80 3 5 186 12 181 30 222
35 3 6 69 7 73 21 89 3 8 117 11 97 27 111 3 1 156 6 184 7 193 2 10 92 15 76 3 2 162 5 162 12 218 2 10 94 15 84 3 2 2 21 2 28 3 3 3 111 6 123 20 119 2 4 107 30 108 3 8 110 9 96 29 97 3 4 28 5 28 24 33 3 6 132 25 133 27 133 4 7 167 19 121 20 148 30 151 3 14 28 24 31 26 25 3 18 136 19 121 26 137 2 8 86 12 97 3 6 161 25 126 27 159 3 9 78 18 97 28 96 3 18 145 19 129 25 111 2 16 78 29 76 3 9 98 18 84 28 104 3 3 184 13 186 28 208 2 10 51 14 59 3 15 4 21 4 22 3 2 17 66 23 65 3 3 182 13 173 28 168 3 4 6 24 7 28 7 3 2 2 21 3 28 2 3 9 126 23 116 26 122 3 6 97 8 82 20 105 3 13 56 17 47 18 55 3 5 1 19 1 21 1 2 19 181 22 195 3 12 100 16 68 27 80 3 5 186 12 181 30 222
36 3 1 151 6 190 7 160 3 2 2 21 2 28 3 3 1 159 6 148 7 171 3 3 95 6 86 20 93 2 4 104 30 98 3 5 189 12 157 30 192 4 7 173 19 169 20 162 30 122 3 4 26 5 34 24 33 3 6 160 25 163 27 162 2 8 93 12 110 2 4 111 30 134 3 9 100 18 77 28 104 3 6 143 25 143 27 120 2 10 68 15 75 3 4 8 24 6 28 8 3 8 86 11 112 27 107 3 5 205 12 176 30 210 3 2 205 5 218 12 215 2 16 77 29 72 3 3 177 13 174 28 215 3 18 118 19 108 26 118 3 9 112 23 107 26 121 3 15 4 21 4 22 3 2 10 57 14 48 2 17 51 23 63 3 13 54 17 43 18 43 2 8 103 12 96 3 5 1 19 1 21 1 3 6 73 8 93 20 71 3 6 84 7 86 21 89 3 14 27 24 34 26 31 2 19 171 22 179 3 9 147 23 135 26 112 3 8 123 9 106 29 94 3 12 88 16 100 27 67 3 18 105 19 135 25 138
37 3 1 167 6 181 7 207 3 2 175 5 160 12 197 3 1 201 6 198 7 190 2 19 147 22 150 3 2 3 21 3 28 3 3 1 178 6 143 7 167 3 3 118 6 110 20 108 3 3 184 13 170 28 160 3 14 27 24 23 26 26 3 2 2 21 3 28 3 2 4 115 30 109 3 15 4 21 3 22 3 3 12 99 16 78 27 70 3 4 26 5 26 24 34 3 6 93 8 85 20 100 3 6 127 25 142 27 142 4 7 151 19 161 20 148 30 152 3 8 98 9 120 29 122 3 2 3 21 2 28 2 3 4 9 24 7 28 6 2 17 54 23 66 2 10 68 14 53 3 8 132 9 140 29 130 2 8 115 12 94 3 15 4 21 3 22 3 3 5 1 19 1 21 1 3 9 106 18 89 28 107 3 9 114 23 130 26 149 2 10 85 15 93 3 8 89 11 92 27 102 2 16 82 29 96 3 12 89 16 75 27 84 3 13 52 17 57 18 56 3 6 87 7 86 21 74 3 5 173 12 200 30 197 3 18 102 19 123 25 101 3 18 155 19 137 26 132
37 3 1 167 6 181 7 207 3 2 175 5 160 12 197 3 1 201 6 198 7 190 2 19 147 22 150 3 2 3 21 3 28 3 3 1 178 6 143 7 167 3 3 118 6 110 20 108 3 3 184 13 170 28 160 3 14 27 24 23 26 26 3 2 2 21 3 28 3 2 4 115 30 109 3 15 4 21 3 22 3 3 12 99 16 78 27 70 3 4 26 5 26 24 34 3 6 93 8 85 20 100 3 6 127 25 142 27 142 4 7 151 19 161 20 148 30 152 3 8 98 9 120 29 122 3 2 3 21 2 28 2 3 4 9 24 7 28 6 2 17 54 23 66 2 10 68 14 53 3 8 132 9 140 29 130 2 8 115 12 94 3 15 4 21 3 22 3 3 5 1 19 1 21 1 3 9 106 18 89 28 107 3 9 114 23 130 26 149 2 10 85 15 93 3 8 89 11 92 27 102 2 16 82 29 96 3 12 89 16 75 27 84 3 13 52 17 57 18 56 3 6 87 7 86 21 74 3 5 173 12 200 30 197 3 18 102 19 123 25 101 3 18 155 19 137 26 132
37 3 1 167 6 181 7 207 3 2 175 5 160 12 197 3 1 201 6 198 7 190 2 19 147 22 150 3 2 3 21 3 28 3 3 1 178 6 143 7 167 3 3 118 6 110 20 108 3 3 184 13 170 28 160 3 14 27 24 23 26 26 3 2 2 21 3 28 3 2 4 115 30 109 3 15 4 21 3 22 3 3 12 99 16 78 27 70 3 4 26 5 26 24 34 3 6 93 8 85 20 100 3 6 127 25 142 27 142 4 7 151 19 161 20 148 30 152 3 8 98 9 120 29 122 3 2 3 21 2 28 2 3 4 9 24 7 28 6 2 17 54 23 66 2 10 68 14 53 3 8 132 9 140 29 130 2 8 115 12 94 3 15 4 21 3 22 3 3 5 1 19 1 21 1 3 9 106 18 89 28 107 3 9 114 23 130 26 149 2 10 85 15 93 3 8 89 11 92 27 102 2 16 82 29 96 3 12 89 16 75 27 84 3 13 52 17 57 18 56 3 6 87 7 86 21 74 3 5 173 12 200 30 197 3 18 102 19 123 25 101 3 18 155 19 137 26 132
37 3 1 167 6 181 7 207 3 2 175 5 160 12 197 3 1 201 6 198 7 190 2 19 147 22 150 3 2 3 21 3 28 3 3 1 178 6 143 7 167 3 3 118 6 110 20 108 3 3 184 13 170 28 160 3 14 27 24 23 26 26 3 2 2 21 3 28 3 2 4 115 30 109 3 15 4 21 3 22 3 3 12 99 16 78 27 70 3 4 26 5 26 24 34 3 6 93 8 85 20 100 3 6 127 25 142 27 142 4 7 151 19 161 20 148 30 152 3 8 98 9 120 29 122 3 2 3 21 2 28 2 3 4 9 24 7 28 6 2 17 54 23 66 2 10 68 14 53 3 8 132 9 140 29 130 2 8 115 12 94 3 15 4 21 3 22 3 3 5 1 19 1 21 1 3 9 106 18 89 28 107 3 9 114 23 130 26 149 2 10 85 15 93 3 8 89 11 92 27 102 2 16 82 29 96 3 12 89 16 75 27 84 3 13 52 17 57 18 56 3 6 87 7 86 21 74 3 5 173 12 200 30 197 3 18 102 19 123 25 101 3 18 155 19 137 26 132
37 3 1 167 6 181 7 207 3 2 175 5 160 12 197 3 1 201 6 198 7 190 2 19 147 22 150 3 2 3 21 3 28 3 3 1 178 6 143 7 167 3 3 118 6 110 20 108 3 3 184 13 170 28 160 3 14 27 24 23 26 26 3 2 2 21 3 28 3 2 4 115 30 109 3 15 4 21 3 22 3 3 12 99 16 78 27 70 3 4 26 5 26 24 34 3 6 93 8 85 20 100 3 6 127 25 142 27 142 4 7 151 19 161 20 148 30 152 3 8 98 9 120 29 122 3 2 3 21 2 28 2 3 4 9 24 7 28 6 2 17 54 23 66 2 10 68 14 53 3 8 132 9 140 29 130 2 8 115 12 94 3 15 4 21 3 22 3 3 5 1 19 1 21 1 3 9 106 18 89 28 107 3 9 114 23 130 26 149 2 10 85 15 93 3 8 89 11 92 27 102 2 16 82 29 96 3 12 89 16 75 27 84 3 13 52 17 57 18 56 3 6 87 7 86 21 74 3 5 173 12 200 30 197 3 18 102 19 123 25 101 3 18 155 19 137 26 132
37 3 1 185 6 212 7 142 3 2 185 5 183 12 155 3 1 200 6 179 7 178 2 19 142 22 136 3 2 3 21 2 28 2 3 1 184 6 141 7 176 3 3 126 6 104 20 90 3 3 163 13 163 28 177 3 14 31 24 25 26 24 3 2 3 21 2 28 3 2 4 120 30 137 3 15 4 21 3 22 3 3 12 90 16 70 27 70 3 4 35 5 28 24 33 3 6 77 8 75 20 73 3 6 140 25 115 27 147 4 7 134 19 153 20 140 30 118 3 8 140 9 132 29 118 3 2 3 21 2 28 3 3 4 8 24 6 28 7 2 17 66 23 56 2 10 63 14 57 3 8 118 9 107 29 128 2 8 88 12 111 3 15 3 21 3 22 3 3 5 1 19 1 21 1 3 9 82 18 84 28 83 3 9 105 23 124 26 114 2 10 79 15 72 3 8 110 11 107 27 97 2 16 82 29 76 3 12 86 16 75 27 99 3 13 42 17 47 18 41 3 6 71 7 70 21 88 3 5 188 12 228 30 157 3 18 141 19 111 25 113 3 18 154 19 134 26 140
34 3 1 155 6 201 7 201 3 2 2 21 2 28 3 3 9 106 18 92 28 102 3 3 124 6 90 20 107 2 4 141 30 97 3 4 29 5 35 24 31 3 2 2 21 3 28 2 3 6 97 8 74 20 78 3 6 121 25 145 27 151 3 4 26 5 31 24 36 3 3 171 13 205 28 220 4 7 143 19 168 20 140 30 135 3 9 84 18 98 28 80 2 8 121 12 91 3 4 7 24 8 28 8 2 10 81 15 70 3 8 114 11 107 27 95 3 2 178 5 187 12 186 3 8 110 9 118 29 110 2 17 49 23 45 2 10 49 14 60 3 15 3 21 3 22 3 2 16 77 29 71 3 18 113 19 133 25 143 3 5 220 12 162 30 175 3 13 45 17 45 18 53 3 15 3 21 4 22 3 3 5 1 19 1 21 1 3 6 71 7 80 21 67 2 19 155 22 165 3 12 94 16 83 27 71 3 9 132 23 109 26 141 3 14 32 24 31 26 26 3 18 150 19 136 26 110
34 3 1 155 6 201 7 201 3 2 2 21 2 28 3 3 9 106 18 92 28 102 3 3 124 6 90 20 107 2 4 141 30 97 3 4 29 5 35 24 31 3 2 2 21 3 28 2 3 6 97 8 74 20 78 3 6 121 25 145 27 151 3 4 26 5 31 24 36 3 3 171 13 205 28 220 4 7 143 19 168 20 140 30 135 3 9 84 18 98 28 80 2 8 121 12 91 3 4 7 24 8 28 8 2 10 81 15 70 3 8 114 11 107 27 95 3 2 178 5 187 12 186 3 8 110 9 118 29 110 2 17 49 23 45 2 10 49 14 60 3 15 3 21 3 22 3 2 16 77 29 71 3 18 113 19 133 25 143 3 5 220 12 162 30 175 3 13 45 17 45 18 53 3 15 3 21 4 22 3 3 5 1 19 1 21 1 3 6 71 7 80 21 67 2 19 155 22 165 3 12 94 16 83 27 71 3 9 132 23 109 26 141 3 14 32 24 31 26 26 3 18 150 19 136 26 110
34 3 1 155 6 201 7 201 3 2 2 21 2 28 3 3 9 106 18 92 28 102 3 3 124 6 90 20 107 2 4 141 30 97 3 4 29 5 35 24 31 3 2 2 21 3 28 2 3 6 97 8 74 20 78 3 6 121 25 145 27 151 3 4 26 5 31 24 36 3 3 171 13 205 28 220 4 7 143 19 168 20 140 30 135 3 9 84 18 98 28 80 2 8 121 12 91 3 4 7 24 8 28 8 2 10 81 15 70 3 8 114 11 107 27 95 3 2 178 5 187 12 186 3 8 110 9 118 29 110 2 17 49 23 45 2 10 49 14 60 3 15 3 21 3 22 3 2 16 77 29 71 3 18 113 19 133 25 143 3 5 220 12 162 30 175 3 13 45 17 45 18 53 3 15 3 21 4 22 3 3 5 1 19 1 21 1 3 6 71 7 80 21 67 2 19 155 22 165 3 12 94 16 83 27 71 3 9 132 23 109 26 141 3 14 32 24 31 26 26 3 18 150 19 136 26 110
37 3 1 185 6 182 7 180 3 2 208 5 179 12 182 3 1 194 6 191 7 155 2 19 161 22 196 3 2 3 21 2 28 2 3 1 174 6 209 7 180 3 3 111 6 125 20 105 3 3 193 13 180 28 170 3 14 28 24 26 26 27 3 2 2 21 2 28 3 2 4 125 30 99 3 15 4 21 4 22 3 3 12 82 16 83 27 79 3 4 31 5 36 24 29 3 6 101 8 83 20 71 3 6 129 25 113 27 149 4 7 174 19 160 20 132 30 143 3 8 130 9 126 29 118 3 2 3 21 2 28 2 3 4 8 24 8 28 6 2 17 66 23 54 2 10 49 14 57 3 8 107 9 112 29 103 2 8 101 12 102 3 15 4 21 3 22 3 3 5 1 19 1 21 1 3 9 107 18 82 28 82 3 9 130 23 111 26 108 2 10 78 15 80 3 8 123 11 102 27 104 2 16 98 29 101 3 12 86 16 87 27 68 3 13 46 17 45 18 46 3 6 62 7 82 21 62 3 5 189 12 162 30 199 3 18 125 19 123 25 141 3 18 110 19 123 26 128
35 3 1 196 6 156 7 164 3 2 2 21 2 28 2 3 3 90 6 97 20 102 2 4 104 30 113 3 1 191 6 159 7 193 3 6 157 25 129 27 113 3 8 128 9 130 29 126 3 4 26 5 34 24 32 3 14 25 24 32 26 25 4 7 134 19 116 20 136 30 168 3 3 124 6 114 20 102 2 8 115 12 93 3 9 94 18 82 28 80 3 5 1 19 1 21 1 2 16 92 29 71 3 3 221 13 155 28 204 2 10 71 15 90 3 3 113 6 96 20 104 3 8 118 11 119 27 114 2 10 67 14 53 3 6 87 8 96 20 77 3 8 111 11 106 27 121 3 2 152 5 200 12 157 3 5 1 19 1 21 1 3 15 3 21 4 22 4 2 17 47 23 49 3 18 127 19 106 26 108 3 9 144 23 128 26 152 3 13 53 17 60 18 57 3 18 106 19 114 25 116 3 6 76 7 93 21 71 2 19 157 22 152 3 12 88 16 79 27 87 3 4 9 24 8 28 8 3 5 191 12 161 30 218
38 3 1 181 6 163 7 145 3 2 2 21 2 28 3 3 3 100 6 112 20 106 3 2 2 21 2 28 2 2 4 130 30 141 3 2 2 21 2 28 2 3 4 34 5 37 24 28 3 6 155 25 124 27 125 3 9 97 18 106 28 95 4 7 170 19 142 20 156 30 147 3 9 131 23 144 26 105 2 8 102 12 116 2 10 80 15 80 3 5 164 12 163 30 220 2 4 135 30 123 3 8 115 11 90 27 82 3 14 24 24 32 26 32 2 10 61 14 48 3 2 169 5 172 12 202 2 10 80 15 94 3 3 209 13 168 28 224 3 15 4 21 3 22 3 2 16 93 29 94 2 4 111 30 112 2 17 61 23 57 3 18 129 19 118 26 126 3 5 1 19 1 21 1 3 13 46 17 61 18 51 3 18 132 19 130 25 138 3 2 3 21 2 28 2 2 19 138 22 185 3 8 91 11 122 27 120 3 6 95 8 104 20 87 2 10 78 15 101 3 6 79 7 77 21 83 3 4 6 24 7 28 6 3 12 85 16 96 27 67 3 8 139 9 107 29 113
38 3 1 181 6 163 7 145 3 2 2 21 2 28 3 3 3 100 6 112 20 106 3 2 2 21 2 28 2 2 4 130 30 141 3 2 2 21 2 28 2 3 4 34 5 37 24 28 3 6 155 25 124 27 125 3 9 97 18 106 28 95 4 7 170 19 142 20 156 30 147 3 9 131 23 144 26 105 2 8 102 12 116 2 10 80 15 80 3 5 164 12 163 30 220 2 4 135 30 123 3 8 115 11 90 27 82 3 14 24 24 32 26 32 2 10 61 14 48 3 2 169 5 172 12 202 2 10 80 15 94 3 3 209 13 168 28 224 3 15 4 21 3 22 3 2 16 93 29 94 2 4 111 30 112 2 17 61 23 57 3 18 129 19 118 26 126 3 5 1 19 1 21 1 3 13 46 17 61 18 51 3 18 132 19 130 25 138 3 2 3 21 2 28 2 2 19 138 22 185 3 8 91 11 122 27 120 3 6 95 8 104 20 87 2 10 78 15 101 3 6 79 7 77 21 83 3 4 6 24 7 28 6 3 12 85 16 96 27 67 3 8 139 9 107 29 113
38 3 1 181 6 163 7 145 3 2 2 21 2 28 3 3 3 100 6 112 20 106 3 2 2 21 2 28 2 2 4 130 30 141 3 2 2 21 2 28 2 3 4 34 5 37 24 28 3 6 155 25 124 27 125 3 9 97 18 106 28 95 4 7 170 19 142 20 156 30 147 3 9 131 23 144 26 105 2 8 102 12 116 2 10 80 15 80 3 5 164 12 163 30 220 2 4 135 30 123 3 8 115 11 90 27 82 3 14 24 24 32 26 32 2 10 61 14 48 3 2 169 5 172 12 202 2 10 80 15 94 3 3 209 13 168 28 224 3 15 4 21 3 22 3 2 16 93 29 94 2 4 111 30 112 2 17 61 23 57 3 18 129 19 118 26 126 3 5 1 19 1 21 1 3 13 46 17 61 18 51 3 18 132 19 130 25 138 3 2 3 21 2 28 2 2 19 138 22 185 3 8 91 11 122 27 120 3 6 95 8 104 20 87 2 10 78 15 101 3 6 79 7 77 21 83 3 4 6 24 7 28 6 3 12 85 16 96 27 67 3 8 139 9 107 29 113
38 3 1 181 6 163 7 145 3 2 2 21 2 28 3 3 3 100 6 112 20 106 3 2 2 21 2 28 2 2 4 130 30 141 3 2 2 21 2 28 2 3 4 34 5 37 24 28 3 6 155 25 124 27 125 3 9 97 18 106 28 95 4 7 170 19 142 20 156 30 147 3 9 131 23 144 26 105 2 8 102 12 116 2 10 80 15 80 3 5 164 12 163 30 220 2 4 135 30 123 3 8 115 11 90 27 82 3 14 24 24 32 26 32 2 10 61 14 48 3 2 169 5 172 12 202 2 10 80 15 94 3 3 209 13 168 28 224 3 15 4 21 3 22 3 2 16 93 29 94 2 4 111 30 112 2 17 61 23 57 3 18 129 19 118 26 126 3 5 1 19 1 21 1 3 13 46 17 61 18 51 3 18 132 19 130 25 138 3 2 3 21 2 28 2 2 19 138 22 185 3 8 91 11 122 27 120 3 6 95 8 104 20 87 2 10 78 15 101 3 6 79 7 77 21 83 3 4 6 24 7 28 6 3 12 85 16 96 27 67 3 8 139 9 107 29 113
37 3 1 176 6 211 7 145 3 2 200 5 206 12 153 3 1 208 6 209 7 202 2 19 138 22 147 3 2 3 21 3 28 3 3 1 144 6 201 7 184 3 3 94 6 101 20 91 3 3 221 13 188 28 198 3 14 34 24 25 26 25 3 2 3 21 2 28 2 2 4 104 30 134 3 15 4 21 4 22 4 3 12 75 16 82 27 90 3 4 26 5 27 24 34 3 6 90 8 85 20 75 3 6 155 25 121 27 139 4 7 135 19 157 20 128 30 126 3 8 113 9 99 29 114 3 2 2 21 2 28 3 3 4 7 24 6 28 9 2 17 66 23 59 2 10 56 14 47 3 8 121 9 140 29 115 2 8 103 12 123 3 15 4 21 4 22 3 3 5 1 19 1 21 1 3 9 80 18 77 28 106 3 9 145 23 143 26 105 2 10 82 15 86 3 8 95 11 122 27 112 2 16 82 29 79 3 12 75 16 99 27 71 3 13 46 17 55 18 43 3 6 72 7 78 21 85 3 5 199 12 220 30 154 3 18 100 19 135 25 146 3 18 121 19 104 26 151
37 3 1 176 6 211 7 145 3 2 200 5 206 12 153 3 1 208 6 209 7 202 2 19 138 22 147 3 2 3 21 3 28 3 3 1 144 6 201 7 184 3 3 94 6 101 20 91 3 3 221 13 188 28 198 3 14 34 24 25 26 25 3 2 3 21 2 28 2 2 4 104 30 134 3 15 4 21 4 22 4 3 12 75 16 82 27 90 3 4 26 5 27 24 34 3 6 90 8 85 20 75 3 6 155 25 121 27 139 4 7 135 19 157 20 128 30 126 3 8 113 9 99 29 114 3 2 2 21 2 28 3 3 4 7 24 6 28 9 2 17 66 23 59 2 10 56 14 47 3 8 121 9 140 29 115 2 8 103 12 123 3 15 4 21 4 22 3 3 5 1 19 1 21 1 3 9 80 18 77 28 106 3 9 145 23 143 26 105 2 10 82 15 86 3 8 95 11 122 27 112 2 16 82 29 79 3 12 75 16 99 27 71 3 13 46 17 55 18 43 3 6 72 7 78 21 85 3 5 199 12 220 30 154 3 18 100 19 135 25 146 3 18 121 19 104 26 151
35 3 1 171 6 182 7 168 3 9 89 18 105 28 90 3 1 172 6 203 7 152 3 2 2 21 3 28 2 3 14 26 24 23 26 32 3 3 122 6 109 20 119 3 5 1 19 1 21 1 3 12 69 16 85 27 78 3 3 124 6 107 20 116 3 15 3 21 4 22 3 2 4 129 30 123 3 5 1 19 1 21 1 3 4 30 5 31 24 35 2 16 91 29 101 2 10 92 15 79 3 4 33 5 31 24 26 3 6 130 25 114 27 159 4 7 167 19 163 20 139 30 136 3 2 184 5 210 12 190 3 4 36 5 35 24 35 2 8 118 12 95 3 13 47 17 43 18 42 3 9 130 23 136 26 118 3 8 103 11 111 27 100 3 6 96 8 103 20 73 3 3 202 13 172 28 190 2 10 51 14 63 2 17 65 23 63 3 4 7 24 8 28 6 3 6 91 7 81 21 84 2 19 139 22 179 3 18 135 19 118 25 118 3 18 112 19 154 26 128 3 8 133 9 126 29 117 3 5 222 12 226 30 189
35 3 1 171 6 182 7 168 3 9 89 18 105 28 90 3 1 172 6 203 7 152 3 2 2 21 3 28 2 3 14 26 24 23 26 32 3 3 122 6 109 20 119 3 5 1 19 1 21 1 3 12 69 16 85 27 78 3 3 124 6 107 20 116 3 15 3 21 4 22 3 2 4 129 30 123 3 5 1 19 1 21 1 3 4 30 5 31 24 35 2 16 91 29 101 2 10 92 15 79 3 4 33 5 31 24 26 3 6 130 25 114 27 159 4 7 167 19 163 20 139 30 136 3 2 184 5 210 12 190 3 4 36 5 35 24 35 2 8 118 12 95 3 13 47 17 43 18 42 3 9 130 23 136 26 118 3 8 103 11 111 27 100 3 6 96 8 103 20 73 3 3 202 13 172 28 190 2 10 51 14 63 2 17 65 23 63 3 4 7 24 8 28 6 3 6 91 7 81 21 84 2 19 139 22 179 3 18 135 19 118 25 118 3 18 112 19 154 26 128 3 8 133 9 126 29 117 3 5 222 12 226 30 189
35 3 1 190 6 180 7 150 3 4 36 5 31 24 29 3 2 2 21 3 28 2 3 3 111 6 109 20 106 2 4 118 30 106 3 6 132 25 145 27 131 4 7 119 19 140 20 138 30 175 3 12 96 16 97 27 70 3 1 191 6 210 7 168 3 13 53 17 52 18 47 3 12 84 16 71 27 84 2 8 90 12 91 2 16 87 29 92 2 8 122 12 90 3 9 76 18 104 28 75 3 6 152 25 148 27 149 2 10 98 15 92 3 2 185 5 166 12 206 3 3 157 13 224 28 159 2 10 55 14 53 3 8 92 11 95 27 110 2 10 98 15 82 2 19 146 22 137 3 5 1 19 1 21 1 3 15 3 21 3 22 3 3 8 120 9 103 29 138 3 6 68 7 79 21 73 2 17 53 23 58 3 6 92 8 74 20 85 3 14 24 24 28 26 23 3 9 109 23 124 26 130 3 18 108 19 130 26 132 3 4 7 24 7 28 7 3 18 144 19 105 25 115 3 5 210 12 218 30 163
39 3 5 1 19 1 21 1 3 8 100 9 113 29 138 3 5 1 19 1 21 1 3 1 182 6 193 7 197 3 2 2 21 3 28 2 3 8 133 9 127 29 130 3 6 65 7 70 21 90 3 18 118 19 107 25 100 3 3 120 6 96 20 104 2 19 141 22 178 3 4 9 24 8 28 8 3 3 105 6 102 20 126 2 4 100 30 100 3 4 7 24 9 28 8 3 4 33 5 30 24 28 3 6 142 25 160 27 133 3 6 86 7 81 21 81 4 7 153 19 145 20 137 30 140 3 3 153 13 207 28 154 2 8 121 12 98 3 4 28 5 29 24 35 3 9 96 18 75 28 103 2 10 71 15 85 3 2 2 21 3 28 3 3 15 3 21 3 22 3 3 12 87 16 87 27 84 3 14 34 24 34 26 30 3 8 109 11 86 27 113 3 2 171 5 166 12 214 2 10 87 15 84 2 10 67 14 56 2 16 103 29 70 2 17 53 23 53 3 1 183 6 209 7 142 3 13 42 17 46 18 54 3 18 116 19 136 26 112 3 6 87 8 86 20 84 3 9 128 23 148 26 136 3 5 183 12 180 30 178
39 3 5 1 19 1 21 1 3 8 100 9 113 29 138 3 5 1 19 1 21 1 3 1 182 6 193 7 197 3 2 2 21 3 28 2 3 8 133 9 127 29 130 3 6 65 7 70 21 90 3 18 118 19 107 25 100 3 3 120 6 96 20 104 2 19 141 22 178 3 4 9 24 8 28 8 3 3 105 6 102 20 126 2 4 100 30 100 3 4 7 24 9 28 8 3 4 33 5 30 24 28 3 6 142 25 160 27 133 3 6 86 7 81 21 81 4 7 153 19 145 20 137 30 140 3 3 153 13 207 28 154 2 8 121 12 98 3 4 28 5 29 24 35 3 9 96 18 75 28 103 2 10 71 15 85 3 2 2 21 3 28 3 3 15 3 21 3 22 3 3 12 87 16 87 27 84 3 14 34 24 34 26 30 3 8 109 11 86 27 113 3 2 171 5 166 12 214 2 10 87 15 84 2 10 67 14 56 2 16 103 29 70 2 17 53 23 53 3 1 183 6 209 7 142 3 13 42 17 46 18 54 3 18 116 19 136 26 112 3 6 87 8 86 20 84 3 9 128 23 148 26 136 3 5 183 12 180 30 178
39 3 5 1 19 1 21 1 3 8 100 9 113 29 138 3 5 1 19 1 21 1 3 1 182 6 193 7 197 3 2 2 21 3 28 2 3 8 133 9 127 29 130 3 6 65 7 70 21 90 3 18 118 19 107 25 100 3 3 120 6 96 20 104 2 19 141 22 178 3 4 9 24 8 28 8 3 3 105 6 102 20 126 2 4 100 30 100 3 4 7 24 9 28 8 3 4 33 5 30 24 28 3 6 142 25 160 27 133 3 6 86 7 81 21 81 4 7 153 19 145 20 137 30 140 3 3 153 13 207 28 154 2 8 121 12 98 3 4 28 5 29 24 35 3 9 96 18 75 28 103 2 10 71 15 85 3 2 2 21 3 28 3 3 15 3 21 3 22 3 3 12 87 16 87 27 84 3 14 34 24 34 26 30 3 8 109 11 86 27 113 3 2 171 5 166 12 214 2 10 87 15 84 2 10 67 14 56 2 16 103 29 70 2 17 53 23 53 3 1 183 6 209 7 142 3 13 42 17 46 18 54 3 18 116 19 136 26 112 3 6 87 8 86 20 84 3 9 128 23 148 26 136 3 5 183 12 180 30 178
36 3 5 1 19 1 21 1 3 1 153 6 197 7 142 3 2 3 21 3 28 2 3 2 203 5 199 12 157 3 3 112 6 97 20 96 3 4 7 24 9 28 7 3 6 131 25 146 27 159 2 4 100 30 117 2 17 54 23 66 3 4 6 24 9 28 7 3 3 199 13 222 28 208 3 4 32 5 26 24 26 2 10 59 14 62 3 14 24 24 28 26 33 3 6 113 25 117 27 144 3 8 133 9 113 29 140 2 4 141 30 111 4 7 144 19 173 20 139 30 142 3 9 105 23 112 26 147 2 4 128 30 141 2 8 93 12 108 3 9 89 18 73 28 84 2 10 93 15 77 3 8 103 11 115 27 89 3 15 3 21 3 22 4 3 14 25 24 31 26 32 2 16 94 29 82 2 19 188 22 136 3 13 58 17 46 18 49 3 6 82 8 106 20 87 3 5 189 12 210 30 210 3 6 78 7 68 21 86 2 16 101 29 92 3 12 97 16 82 27 99 3 18 121 19 111 25 124 3 18 155 19 137 26 136
36 3 5 1 19 1 21 1 3 1 153 6 197 7 142 3 2 3 21 3 28 2 3 2 203 5 199 12 157 3 3 112 6 97 20 96 3 4 7 24 9 28 7 3 6 131 25 146 27 159 2 4 100 30 117 2 17 54 23 66 3 4 6 24 9 28 7 3 3 199 13 222 28 208 3 4 32 5 26 24 26 2 10 59 14 62 3 14 24 24 28 26 33 3 6 113 25 117 27 144 3 8 133 9 113 29 140 2 4 141 30 111 4 7 144 19 173 20 139 30 142 3 9 105 23 112 26 147 2 4 128 30 141 2 8 93 12 108 3 9 89 18 73 28 84 2 10 93 15 77 3 8 103 11 115 27 89 3 15 3 21 3 22 4 3 14 25 24 31 26 32 2 16 94 29 82 2 19 188 22 136 3 13 58 17 46 18 49 3 6 82 8 106 20 87 3 5 189 12 210 30 210 3 6 78 7 68 21 86 2 16 101 29 92 3 12 97 16 82 27 99 3 18 121 19 111 25 124 3 18 155 19 137 26 136
38 3 1 161 6 181 7 148 3 6 130 25 165 27 153 3 18 139 19 141 26 117 3 3 110 6 100 20 111 3 9 123 23 123 26 137 3 6 64 7 93 21 88 3 14 34 24 24 26 25 3 2 2 21 2 28 3 2 4 139 30 135 3 18 104 19 147 26 120 3 4 31 5 30 24 26 4 7 155 19 118 20 157 30 147 3 2 3 21 3 28 3 2 8 121 12 113 3 6 127 25 160 27 164 3 18 110 19 113 25 132 3 9 103 18 83 28 85 2 10 84 15 68 3 8 117 11 92 27 117 3 3 99 6 95 20 94 3 2 181 5 187 12 210 3 3 160 13 210 28 182 2 10 65 14 56 3 15 3 21 4 22 4 3 14 29 24 23 26 31 2 16 87 29 69 2 17 59 23 62 3 3 212 13 173 28 155 3 13 53 17 58 18 59 3 5 1 19 1 21 1 3 12 89 16 89 27 68 3 8 105 11 89 27 109 3 6 85 8 99 20 79 2 19 148 22 152 3 4 8 24 8 28 8 3 6 151 25 129 27 133 3 8 140 9 134 29 108 3 5 169 12 157 30 179
39 3 5 1 19 1 21 1 3 8 103 9 138 29 128 3 5 1 19 1 21 1 3 1 203 6 163 7 151 3 2 2 21 2 28 2 3 8 108 9 101 29 109 3 6 77 7 70 21 66 3 18 98 19 114 25 125 3 3 116 6 109 20 123 2 19 189 22 173 3 4 8 24 7 28 9 3 3 117 6 93 20 110 2 4 125 30 103 3 4 7 24 6 28 7 3 4 25 5 31 24 31 3 6 165 25 133 27 152 3 6 70 7 90 21 83 4 7 133 19 161 20 145 30 120 3 3 151 13 188 28 154 2 8 99 12 88 3 4 27 5 27 24 30 3 9 81 18 91 28 99 2 10 99 15 86 3 2 3 21 3 28 2 3 15 4 21 3 22 4 3 12 98 16 90 27 85 3 14 23 24 25 26 25 3 8 112 11 110 27 104 3 2 178 5 174 12 172 2 10 87 15 69 2 10 49 14 46 2 16 81 29 101 2 17 59 23 67 3 1 175 6 202 7 172 3 13 60 17 58 18 54 3 18 143 19 145 26 125 3 6 79 8 100 20 102 3 9 135 23 140 26 101 3 5 206 12 172 30 189
39 3 5 1 19 1 21 1 3 8 103 9 138 29 128 3 5 1 19 1 21 1 3 1 203 6 163 7 151 3 2 2 21 2 28 2 3 8 108 9 101 29 109 3 6 77 7 70 21 66 3 18 98 19 114 25 125 3 3 116 6 109 20 123 2 19 189 22 173 3 4 8 24 7 28 9 3 3 117 6 93 20 110 2 4 125 30 103 3 4 7 24 6 28 7 3 4 25 5 31 24 31 3 6 165 25 133 27 152 3 6 70 7 90 21 83 4 7 133 19 161 20 145 30 120 3 3 151 13 188 28 154 2 8 99 12 88 3 4 27 5 27 24 30 3 9 81 18 91 28 99 2 10 99 15 86 3 2 3 21 3 28 2 3 15 4 21 3 22 4 3 12 98 16 90 27 85 3 14 23 24 25 26 25 3 8 112 11 110 27 104 3 2 178 5 174 12 172 2 10 87 15 69 2 10 49 14 46 2 16 81 29 101 2 17 59 23 67 3 1 175 6 202 7 172 3 13 60 17 58 18 54 3 18 143 19 145 26 125 3 6 79 8 100 20 102 3 9 135 23 140 26 101 3 5 206 12 172 30 189
36 3 1 156 6 152 7 148 3 2 3 21 2 28 3 3 1 171 6 184 7 167 3 3 123 6 110 20 91 2 4 106 30 108 3 5 201 12 226 30 188 4 7 119 19 170 20 153 30 174 3 4 31 5 31 24 28 3 6 139 25 162 27 118 2 8 109 12 125 2 4 114 30 134 3 9 84 18 78 28 90 3 6 142 25 153 27 117 2 10 68 15 101 3 4 9 24 9 28 7 3 8 120 11 122 27 103 3 5 203 12 180 30 195 3 2 203 5 192 12 184 2 16 69 29 94 3 3 186 13 163 28 226 3 18 125 19 155 26 138 3 9 146 23 132 26 147 3 15 4 21 4 22 4 2 10 68 14 62 2 17 46 23 47 3 13 60 17 46 18 44 2 8 91 12 90 3 5 1 19 1 21 1 3 6 73 8 104 20 87 3 6 75 7 73 21 79 3 14 31 24 27 26 28 2 19 180 22 195 3 9 122 23 121 26 145 3 8 125 9 106 29 104 3 12 71 16 69 27 85 3 18 134 19 132 25 103
41 3 4 8 24 6 28 7 3 1 210 6 167 7 159 3 4 7 24 8 28 7 3 2 3 21 2 28 2 3 3 95 6 106 20 90 3 4 7 24 6 28 7 3 9 113 23 106 26 104 3 12 71 16 81 27 91 2 4 99 30 139 3 2 2 21 2 28 2 3 4 30 5 27 24 31 3 6 92 8 78 20 97 3 6 128 25 124 27 165 2 16 84 29 82 3 4 9 24 8 28 7 4 7 130 19 122 20 171 30 155 3 6 97 8 102 20 87 2 8 87 12 106 3 9 94 18 99 28 75 3 2 178 5 167 12 149 3 3 215 13 182 28 223 3 15 3 21 4 22 3 2 10 99 15 79 3 8 109 11 102 27 118 2 10 65 14 69 3 3 106 6 116 20 118 2 17 56 23 50 2 19 178 22 135 2 16 97 29 87 3 13 52 17 52 18 48 2 4 109 30 100 3 5 1 19 1 21 1 3 15 3 21 4 22 4 3 6 72 7 69 21 62 3 6 71 8 78 20 73 3 5 187 12 161 30 170 2 10 89 15 70 3 14 32 24 32 26 29 3 18 127 19 102 25 137 3 18 135 19 114 26 155 3 8 98 9 112 29 116
41 3 4 8 24 6 28 7 3 1 210 6 167 7 159 3 4 7 24 8 28 7 3 2 3 21 2 28 2 3 3 95 6 106 20 90 3 4 7 24 6 28 7 3 9 113 23 106 26 104 3 12 71 16 81 27 91 2 4 99 30 139 3 2 2 21 2 28 2 3 4 30 5 27 24 31 3 6 92 8 78 20 97 3 6 128 25 124 27 165 2 16 84 29 82 3 4 9 24 8 28 7 4 7 130 19 122 20 171 30 155 3 6 97 8 102 20 87 2 8 87 12 106 3 9 94 18 99 28 75 3 2 178 5 167 12 149 3 3 215 13 182 28 223 3 15 3 21 4 22 3 2 10 99 15 79 3 8 109 11 102 27 118 2 10 65 14 69 3 3 106 6 116 20 118 2 17 56 23 50 2 19 178 22 135 2 16 97 29 87 3 13 52 17 52 18 48 2 4 109 30 100 3 5 1 19 1 21 1 3 15 3 21 4 22 4 3 6 72 7 69 21 62 3 6 71 8 78 20 73 3 5 187 12 161 30 170 2 10 89 15 70 3 14 32 24 32 26 29 3 18 127 19 102 25 137 3 18 135 19 114 26 155 3 8 98 9 112 29 116
35 3 1 176 6 193 7 184 3 9 76 18 96 28 74 3 1 168 6 148 7 158 3 2 2 21 3 28 2 3 14 34 24 25 26 29 3 3 87 6 118 20 115 3 5 1 19 1 21 1 3 12 77 16 92 27 76 3 3 109 6 96 20 109 3 15 3 21 3 22 3 2 4 143 30 123 3 5 1 19 1 21 1 3 4 33 5 25 24 31 2 16 103 29 77 2 10 71 15 100 3 4 25 5 29 24 29 3 6 166 25 146 27 165 4 7 122 19 148 20 138 30 168 3 2 185 5 206 12 181 3 4 34 5 31 24 27 2 8 106 12 119 3 13 58 17 53 18 62 3 9 130 23 102 26 145 3 8 97 11 122 27 96 3 6 79 8 76 20 96 3 3 174 13 202 28 220 2 10 50 14 66 2 17 50 23 51 3 4 9 24 8 28 8 3 6 87 7 82 21 63 2 19 171 22 153 3 18 144 19 103 25 138 3 18 110 19 148 26 131 3 8 122 9 94 29 98 3 5 170 12 199 30 196
35 3 1 194 6 206 7 170 3 2 2 21 2 28 3 3 3 105 6 102 20 101 2 4 110 30 105 3 1 202 6 184 7 158 3 6 147 25 137 27 149 3 8 116 9 114 29 133 3 4 27 5 36 24 32 3 14 30 24 30 26 24 4 7 136 19 133 20 162 30 118 3 3 110 6 89 20 99 2 8 99 12 93 3 9 80 18 106 28 105 3 5 1 19 1 21 1 2 16 96 29 89 3 3 161 13 195 28 203 2 10 82 15 94 3 3 87 6 94 20 122 3 8 119 11 118 27 110 2 10 57 14 53 3 6 75 8 80 20 77 3 8 102 11 116 27 85 3 2 178 5 163 12 166 3 5 1 19 1 21 1 3 15 4 21 4 22 3 2 17 46 23 66 3 18 149 19 137 26 118 3 9 126 23 124 26 118 3 13 49 17 61 18 56 3 18 145 19 115 25 147 3 6 72 7 93 21 92 2 19 174 22 177 3 12 89 16 74 27 71 3 4 7 24 6 28 6 3 5 193 12 158 30 180
38 3 1 165 6 199 7 211 3 2 2 21 2 28 2 3 2 213 5 201 12 164 3 3 123 6 99 20 126 2 4 143 30 142 3 4 36 5 31 24 28 3 6 116 25 130 27 157 3 6 85 7 87 21 84 2 10 74 15 80 3 2 3 21 2 28 3 4 7 133 19 148 20 128 30 138 3 6 166 25 166 27 165 2 8 93 12 121 3 14 28 24 25 26 29 3 9 93 18 95 28 96 3 8 91 11 84 27 120 3 3 188 13 213 28 191 2 4 110 30 101 3 12 69 16 88 27 93 3 18 103 19 111 25 146 2 17 48 23 60 2 19 161 22 168 2 17 59 23 59 2 10 65 14 55 3 15 4 21 3 22 4 3 6 74 8 89 20 92 2 19 171 22 192 2 16 100 29 89 3 5 178 12 210 30 209 3 13 56 17 49 18 42 3 4 7 24 8 28 6 3 4 34 5 35 24 36 3 9 122 23 104 26 125 3 5 1 19 1 21 1 2 10 58 14 54 3 18 136 19 147 26 151 3 2 2 21 3 28 2 3 8 102 9 136 29 99
38 3 1 165 6 199 7 211 3 2 2 21 2 28 2 3 2 213 5 201 12 164 3 3 123 6 99 20 126 2 4 143 30 142 3 4 36 5 31 24 28 3 6 116 25 130 27 157 3 6 85 7 87 21 84 2 10 74 15 80 3 2 3 21 2 28 3 4 7 133 19 148 20 128 30 138 3 6 166 25 166 27 165 2 8 93 12 121 3 14 28 24 25 26 29 3 9 93 18 95 28 96 3 8 91 11 84 27 120 3 3 188 13 213 28 191 2 4 110 30 101 3 12 69 16 88 27 93 3 18 103 19 111 25 146 2 17 48 23 60 2 19 161 22 168 2 17 59 23 59 2 10 65 14 55 3 15 4 21 3 22 4 3 6 74 8 89 20 92 2 19 171 22 192 2 16 100 29 89 3 5 178 12 210 30 209 3 13 56 17 49 18 42 3 4 7 24 8 28 6 3 4 34 5 35 24 36 3 9 122 23 104 26 125 3 5 1 19 1 21 1 2 10 58 14 54 3 18 136 19 147 26 151 3 2 2 21 3 28 2 3 8 102 9 136 29 99
34 3 1 174 6 157 7 199 3 2 2 21 3 28 3 3 6 88 7 92 21 83 3 3 98 6 118 20 92 2 4 103 30 114 3 4 35 5 27 24 33 3 6 161 25 119 27 144 4 7 172 19 155 20 170 30 173 3 4 6 24 6 28 8 2 16 100 29 80 3 14 24 24 32 26 25 2 8 125 12 92 2 10 82 15 97 3 12 72 16 80 27 85 3 6 96 8 85 20 101 3 12 99 16 78 27 89 3 9 80 18 86 28 94 2 17 58 23 55 3 2 3 21 3 28 2 3 8 95 11 83 27 95 3 18 129 19 143 25 136 3 2 204 5 172 12 221 3 9 106 23 133 26 115 3 13 47 17 47 18 41 3 5 179 12 185 30 178 3 3 194 13 189 28 223 3 15 3 21 3 22 3 4 7 117 19 137 20 157 30 132 2 10 59 14 59 3 5 1 19 1 21 1 2 19 144 22 171 3 18 151 19 123 26 107 3 8 121 11 118 27 120 3 8 131 9 121 29 94
36 3 1 158 6 168 7 183 3 2 3 21 2 28 2 3 1 194 6 209 7 161 3 3 126 6 98 20 111 2 4 132 30 99 3 5 188 12 204 30 218 4 7 137 19 128 20 129 30 129 3 4 27 5 29 24 36 3 6 131 25 167 27 126 2 8 124 12 120 2 4 121 30 133 3 9 82 18 106 28 82 3 6 165 25 132 27 147 2 10 80 15 84 3 4 6 24 8 28 8 3 8 96 11 109 27 112 3 5 203 12 159 30 207 3 2 156 5 172 12 209 2 16 96 29 95 3 3 154 13 153 28 165 3 18 140 19 134 26 150 3 9 116 23 140 26 125 3 15 3 21 4 22 3 2 10 48 14 67 2 17 63 23 66 3 13 47 17 43 18 52 2 8 88 12 111 3 5 1 19 1 21 1 3 6 96 8 105 20 78 3 6 84 7 79 21 78 3 14 32 24 23 26 30 2 19 161 22 138 3 9 151 23 129 26 111 3 8 136 9 101 29 107 3 12 100 16 75 27 97 3 18 143 19 126 25 119
38 3 6 102 8 75 20 94 3 1 144 6 189 7 149 3 6 72 8 103 20 94 3 2 3 21 3 28 2 3 3 111 6 112 20 117 2 4 121 30 127 3 4 25 5 30 24 29 3 6 73 8 75 20 89 3 5 191 12 199 30 216 4 7 171 19 159 20 131 30 119 3 6 148 25 162 27 121 3 4 33 5 33 24 33 2 19 163 22 151 3 6 93 8 95 20 72 2 8 124 12 114 3 9 84 18 90 28 102 2 10 92 15 91 3 8 82 11 83 27 102 3 2 151 5 177 12 151 3 3 176 13 190 28 166 2 10 63 14 52 3 15 3 21 4 22 4 3 6 65 7 72 21 63 3 13 52 17 43 18 61 2 19 194 22 152 2 16 85 29 96 2 17 64 23 61 3 12 79 16 92 27 85 3 5 1 19 1 21 1 3 8 85 11 101 27 104 3 18 140 19 118 26 105 3 8 136 9 137 29 135 3 4 7 24 7 28 7 2 4 96 30 135 3 9 118 23 120 26 137 3 3 174 13 180 28 186 3 14 31 24 34 26 27 3 18 133 19 137 25 106
38 3 6 102 8 75 20 94 3 1 144 6 189 7 149 3 6 72 8 103 20 94 3 2 3 21 3 28 2 3 3 111 6 112 20 117 2 4 121 30 127 3 4 25 5 30 24 29 3 6 73 8 75 20 89 3 5 191 12 199 30 216 4 7 171 19 159 20 131 30 119 3 6 148 25 162 27 121 3 4 33 5 33 24 33 2 19 163 22 151 3 6 93 8 95 20 72 2 8 124 12 114 3 9 84 18 90 28 102 2 10 92 15 91 3 8 82 11 83 27 102 3 2 151 5 177 12 151 3 3 176 13 190 28 166 2 10 63 14 52 3 15 3 21 4 22 4 3 6 65 7 72 21 63 3 13 52 17 43 18 61 2 19 194 22 152 2 16 85 29 96 2 17 64 23 61 3 12 79 16 92 27 85 3 5 1 19 1 21 1 3 8 85 11 101 27 104 3 18 140 19 118 26 105 3 8 136 9 137 29 135 3 4 7 24 7 28 7 2 4 96 30 135 3 9 118 23 120 26 137 3 3 174 13 180 28 186 3 14 31 24 34 26 27 3 18 133 19 137 25 106
34 3 1 152 6 211 7 150 3 2 2 21 2 28 2 3 9 77 18 93 28 92 3 3 117 6 117 20 119 2 4 97 30 139 3 4 27 5 31 24 29 3 2 2 21 2 28 3 3 6 76 8 82 20 82 3 6 124 25 116 27 113 3 4 35 5 25 24 30 3 3 162 13 225 28 196 4 7 150 19 172 20 137 30 164 3 9 91 18 84 28 79 2 8 104 12 124 3 4 8 24 6 28 6 2 10 98 15 85 3 8 110 11 102 27 116 3 2 197 5 202 12 155 3 8 137 9 97 29 104 2 17 58 23 46 2 10 65 14 64 3 15 3 21 3 22 3 2 16 88 29 103 3 18 124 19 132 25 104 3 5 211 12 200 30 198 3 13 57 17 62 18 52 3 15 4 21 3 22 4 3 5 1 19 1 21 1 3 6 93 7 71 21 89 2 19 170 22 192 3 12 86 16 79 27 71 3 9 103 23 151 26 130 3 14 32 24 34 26 25 3 18 109 19 123 26 121
35 3 6 67 7 85 21 63 3 8 88 11 92 27 120 3 1 198 6 189 7 153 2 10 96 15 92 3 2 189 5 201 12 201 2 10 71 15 93 3 2 3 21 3 28 3 3 3 91 6 124 20 111 2 4 126 30 116 3 8 104 9 135 29 105 3 4 29 5 26 24 25 3 6 156 25 144 27 132 4 7 167 19 136 20 161 30 132 3 14 23 24 30 26 31 3 18 131 19 105 26 112 2 8 111 12 109 3 6 128 25 120 27 146 3 9 73 18 98 28 100 3 18 120 19 114 25 115 2 16 101 29 93 3 9 84 18 106 28 75 3 3 209 13 168 28 223 2 10 57 14 51 3 15 3 21 3 22 3 2 17 56 23 56 3 3 195 13 195 28 205 3 4 7 24 6 28 7 3 2 3 21 2 28 3 3 9 111 23 113 26 140 3 6 97 8 92 20 102 3 13 47 17 44 18 60 3 5 1 19 1 21 1 2 19 135 22 155 3 12 91 16 85 27 74 3 5 206 12 178 30 212
38 3 1 184 6 212 7 179 3 2 3 21 3 28 2 3 2 160 5 148 12 219 3 3 120 6 127 20 99 2 4 108 30 112 3 4 27 5 26 24 29 3 6 157 25 117 27 161 3 6 68 7 90 21 82 2 10 92 15 93 3 2 3 21 2 28 3 4 7 134 19 170 20 149 30 173 3 6 114 25 116 27 132 2 8 106 12 114 3 14 31 24 30 26 24 3 9 100 18 107 28 87 3 8 83 11 102 27 98 3 3 194 13 180 28 199 2 4 101 30 108 3 12 76 16 80 27 74 3 18 127 19 117 25 120 2 17 53 23 66 2 19 137 22 197 2 17 63 23 48 2 10 63 14 50 3 15 3 21 4 22 3 3 6 100 8 77 20 96 2 19 155 22 147 2 16 84 29 93 3 5 200 12 188 30 176 3 13 53 17 56 18 58 3 4 8 24 6 28 8 3 4 35 5 26 24 33 3 9 127 23 145 26 146 3 5 1 19 1 21 1 2 10 53 14 66 3 18 116 19 147 26 115 3 2 2 21 3 28 2 3 8 107 9 124 29 118
38 3 1 143 6 157 7 145 3 2 2 21 2 28 3 3 3 90 6 115 20 111 3 2 3 21 2 28 2 2 4 102 30 112 3 2 3 21 3 28 3 3 4 34 5 29 24 25 3 6 137 25 129 27 167 3 9 99 18 87 28 92 4 7 122 19 134 20 151 30 155 3 9 128 23 138 26 107 2 8 126 12 110 2 10 80 15 82 3 5 164 12 218 30 206 2 4 139 30 116 3 8 82 11 85 27 93 3 14 23 24 28 26 32 2 10 64 14 62 3 2 178 5 149 12 169 2 10 77 15 84 3 3 223 13 209 28 201 3 15 3 21 3 22 4 2 16 90 29 72 2 4 125 30 138 2 17 48 23 54 3 18 118 19 118 26 137 3 5 1 19 1 21 1 3 13 43 17 60 18 44 3 18 119 19 133 25 107 3 2 2 21 3 28 3 2 19 184 22 157 3 8 99 11 99 27 90 3 6 106 8 71 20 71 2 10 78 15 81 3 6 66 7 76 21 84 3 4 9 24 8 28 9 3 12 92 16 88 27 84 3 8 99 9 103 29 134
36 3 5 1 19 1 21 1 3 1 168 6 163 7 177 3 2 3 21 2 28 2 3 2 148 5 171 12 203 3 3 102 6 110 20 104 3 4 7 24 9 28 8 3 6 145 25 167 27 156 2 4 106 30 111 2 17 47 23 49 3 4 8 24 9 28 7 3 3 193 13 189 28 215 3 4 35 5 35 24 25 2 10 46 14 64 3 14 33 24 27 26 29 3 6 128 25 164 27 160 3 8 111 9 120 29 119 2 4 105 30 121 4 7 119 19 147 20 168 30 135 3 9 108 23 109 26 132 2 4 137 30 120 2 8 111 12 114 3 9 93 18 76 28 98 2 10 84 15 94 3 8 113 11 102 27 110 3 15 4 21 4 22 3 3 14 26 24 29 26 29 2 16 83 29 73 2 19 165 22 177 3 13 60 17 50 18 54 3 6 72 8 75 20 98 3 5 225 12 193 30 202 3 6 89 7 79 21 63 2 16 96 29 80 3 12 75 16 99 27 69 3 18 111 19 145 25 135 3 18 150 19 138 26 152
36 3 5 1 19 1 21 1 3 1 168 6 163 7 177 3 2 3 21 2 28 2 3 2 148 5 171 12 203 3 3 102 6 110 20 104 3 4 7 24 9 28 8 3 6 145 25 167 27 156 2 4 106 30 111 2 17 47 23 49 3 4 8 24 9 28 7 3 3 193 13 189 28 215 3 4 35 5 35 24 25 2 10 46 14 64 3 14 33 24 27 26 29 3 6 128 25 164 27 160 3 8 111 9 120 29 119 2 4 105 30 121 4 7 119 19 147 20 168 30 135 3 9 108 23 109 26 132 2 4 137 30 120 2 8 111 12 114 3 9 93 18 76 28 98 2 10 84 15 94 3 8 113 11 102 27 110 3 15 4 21 4 22 3 3 14 26 24 29 26 29 2 16 83 29 73 2 19 165 22 177 3 13 60 17 50 18 54 3 6 72 8 75 20 98 3 5 225 12 193 30 202 3 6 89 7 79 21 63 2 16 96 29 80 3 12 75 16 99 27 69 3 18 111 19 145 25 135 3 18 150 19 138 26 152
36 3 1 202 6 210 7 200 3 2 2 21 2 28 2 2 19 193 22 165 3 2 2 21 3 28 2 3 3 87 6 113 20 87 3 5 185 12 193 30 218 2 4 109 30 115 3 4 33 5 35 24 33 3 13 58 17 45 18 53 3 18 131 19 106 25 117 3 1 160 6 206 7 153 3 3 155 13 155 28 161 3 6 139 25 112 27 164 3 15 3 21 4 22 3 2 19 154 22 174 3 18 149 19 128 26 116 4 7 134 19 168 20 139 30 159 3 2 3 21 2 28 2 2 8 95 12 107 3 9 109 23 134 26 102 2 16 73 29 90 3 8 128 9 125 29 118 3 9 94 18 104 28 96 2 10 100 15 76 3 15 3 21 4 22 3 3 8 95 11 123 27 114 3 2 217 5 194 12 217 3 5 1 19 1 21 1 2 10 64 14 46 2 17 54 23 53 3 6 84 8 90 20 104 3 6 88 7 93 21 78 3 14 31 24 28 26 28 3 12 68 16 98 27 72 3 5 1 19 1 21 1 3 4 8 24 8 28 6
DUE_DATES: 4721 5438 5438 5894 5538 5538 5538 5538 5538 5367 4783 4783 4783 5507 5340 5521 5521 5521 5521 5519 5519 5307 5307 5488 5546 5546 5546 5503 5503 5937 5564 5564 6044 5448 5448 5202 5398 5689 5689 5207 6038 5971 5971 4870 5446 5538 5359 5482 5482 5230
WEIGHTS: 2 2 1 3 2 3 3 1 1 3 1 3 2 1 3 1 3 1 3 3 3 1 1 3 1 1 3 1 1 1 1 1 3 1 1 1 2 2 2 3 3 3 1 1 2 2 1 1 2 3
