50 30
36 2 1 182 6 203 3 1 69 6 96 26 86 2 15 173 18 165 2 1 163 6 195 2 2 86 12 63 2 6 196 11 163 2 7 70 8 66 3 3 120 15 98 16 81 2 2 64 12 82 3 5 81 25 75 29 77 2 4 100 26 98 3 1 73 6 79 26 79 2 4 80 12 85 3 5 206 14 175 22 196 3 5 63 25 60 29 81 2 7 59 13 74 2 8 126 30 129 3 3 206 9 202 14 209 3 1 157 10 158 30 168 3 5 42 26 50 28 36 2 16 154 19 169 3 16 153 19 145 30 145 2 8 113 14 124 2 2 82 12 65 3 5 76 15 54 19 60 3 3 139 25 161 30 165 3 14 92 15 98 17 95 3 18 194 20 154 27 190 3 3 95 8 97 20 111 3 21 149 22 117 27 130 2 1 160 6 194 2 2 78 22 77 3 7 188 16 221 23 218 2 24 221 25 186 3 5 83 28 58 29 64 2 26 133 27 147
36 2 1 182 6 203 3 1 69 6 96 26 86 2 15 173 18 165 2 1 163 6 195 2 2 86 12 63 2 6 196 11 163 2 7 70 8 66 3 3 120 15 98 16 81 2 2 64 12 82 3 5 81 25 75 29 77 2 4 100 26 98 3 1 73 6 79 26 79 2 4 80 12 85 3 5 206 14 175 22 196 3 5 63 25 60 29 81 2 7 59 13 74 2 8 126 30 129 3 3 206 9 202 14 209 3 1 157 10 158 30 168 3 5 42 26 50 28 36 2 16 154 19 169 3 16 153 19 145 30 145 2 8 113 14 124 2 2 82 12 65 3 5 76 15 54 19 60 3 3 139 25 161 30 165 3 14 92 15 98 17 95 3 18 194 20 154 27 190 3 3 95 8 97 20 111 3 21 149 22 117 27 130 2 1 160 6 194 2 2 78 22 77 3 7 188 16 221 23 218 2 24 221 25 186 3 5 83 28 58 29 64 2 26 133 27 147
36 2 1 182 6 203 3 1 69 6 96 26 86 2 15 173 18 165 2 1 163 6 195 2 2 86 12 63 2 6 196 11 163 2 7 70 8 66 3 3 120 15 98 16 81 2 2 64 12 82 3 5 81 25 75 29 77 2 4 100 26 98 3 1 73 6 79 26 79 2 4 80 12 85 3 5 206 14 175 22 196 3 5 63 25 60 29 81 2 7 59 13 74 2 8 126 30 129 3 3 206 9 202 14 209 3 1 157 10 158 30 168 3 5 42 26 50 28 36 2 16 154 19 169 3 16 153 19 145 30 145 2 8 113 14 124 2 2 82 12 65 3 5 76 15 54 19 60 3 3 139 25 161 30 165 3 14 92 15 98 17 95 3 18 194 20 154 27 190 3 3 95 8 97 20 111 3 21 149 22 117 27 130 2 1 160 6 194 2 2 78 22 77 3 7 188 16 221 23 218 2 24 221 25 186 3 5 83 28 58 29 64 2 26 133 27 147
36 2 1 182 6 203 3 1 69 6 96 26 86 2 15 173 18 165 2 1 163 6 195 2 2 86 12 63 2 6 196 11 163 2 7 70 8 66 3 3 120 15 98 16 81 2 2 64 12 82 3 5 81 25 75 29 77 2 4 100 26 98 3 1 73 6 79 26 79 2 4 80 12 85 3 5 206 14 175 22 196 3 5 63 25 60 29 81 2 7 59 13 74 2 8 126 30 129 3 3 206 9 202 14 209 3 1 157 10 158 30 168 3 5 42 26 50 28 36 2 16 154 19 169 3 16 153 19 145 30 145 2 8 113 14 124 2 2 82 12 65 3 5 76 15 54 19 60 3 3 139 25 161 30 165 3 14 92 15 98 17 95 3 18 194 20 154 27 190 3 3 95 8 97 20 111 3 21 149 22 117 27 130 2 1 160 6 194 2 2 78 22 77 3 7 188 16 221 23 218 2 24 221 25 186 3 5 83 28 58 29 64 2 26 133 27 147
36 2 1 182 6 203 3 1 69 6 96 26 86 2 15 173 18 165 2 1 163 6 195 2 2 86 12 63 2 6 196 11 163 2 7 70 8 66 3 3 120 15 98 16 81 2 2 64 12 82 3 5 81 25 75 29 77 2 4 100 26 98 3 1 73 6 79 26 79 2 4 80 12 85 3 5 206 14 175 22 196 3 5 63 25 60 29 81 2 7 59 13 74 2 8 126 30 129 3 3 206 9 202 14 209 3 1 157 10 158 30 168 3 5 42 26 50 28 36 2 16 154 19 169 3 16 153 19 145 30 145 2 8 113 14 124 2 2 82 12 65 3 5 76 15 54 19 60 3 3 139 25 161 30 165 3 14 92 15 98 17 95 3 18 194 20 154 27 190 3 3 95 8 97 20 111 3 21 149 22 117 27 130 2 1 160 6 194 2 2 78 22 77 3 7 188 16 221 23 218 2 24 221 25 186 3 5 83 28 58 29 64 2 26 133 27 147
35 3 1 81 6 94 26 73 2 2 63 12 62 3 1 89 6 70 26 80 3 3 114 15 83 16 107 2 26 105 27 126 2 7 77 13 73 2 4 91 26 97 3 5 167 14 179 22 197 2 1 139 6 203 2 7 57 8 64 3 3 105 8 110 20 92 2 8 153 30 111 3 3 158 9 152 14 184 3 5 75 15 60 19 58 2 7 71 13 61 2 8 96 14 98 3 1 184 10 149 30 148 2 6 179 11 162 2 4 87 12 84 3 5 64 25 68 29 58 3 16 119 19 124 30 151 3 14 124 15 102 17 113 3 18 137 20 164 27 197 2 15 168 18 149 3 5 62 28 73 29 62 3 21 150 22 124 27 142 2 16 134 19 134 2 8 108 30 134 2 24 227 25 180 3 3 183 9 186 14 188 2 2 88 22 69 3 7 206 16 202 23 214 3 5 147 14 181 22 168 3 5 40 26 51 28 40 3 3 125 25 145 30 144
33 2 15 160 18 183 3 1 69 6 80 26 68 2 26 119 27 142 2 8 121 14 127 2 2 88 12 83 3 3 99 15 92 16 95 2 4 77 26 101 3 5 176 14 151 22 176 2 1 198 6 187 3 3 119 8 113 20 85 2 7 69 8 78 3 14 123 15 99 17 88 2 8 146 30 107 2 7 74 8 74 3 3 182 9 190 14 172 3 1 188 10 184 30 127 2 6 156 11 188 2 4 90 12 79 3 5 62 15 74 19 69 2 7 80 13 54 3 16 122 19 155 30 110 3 5 63 15 65 19 77 3 5 57 25 71 29 80 3 5 59 28 75 29 61 2 16 160 19 150 3 21 130 22 111 27 119 3 1 88 6 73 26 80 3 7 204 16 207 23 154 2 2 79 22 75 2 24 192 25 176 3 18 145 20 195 27 156 3 3 148 25 164 30 173 3 5 42 26 42 28 53
33 2 15 160 18 183 3 1 69 6 80 26 68 2 26 119 27 142 2 8 121 14 127 2 2 88 12 83 3 3 99 15 92 16 95 2 4 77 26 101 3 5 176 14 151 22 176 2 1 198 6 187 3 3 119 8 113 20 85 2 7 69 8 78 3 14 123 15 99 17 88 2 8 146 30 107 2 7 74 8 74 3 3 182 9 190 14 172 3 1 188 10 184 30 127 2 6 156 11 188 2 4 90 12 79 3 5 62 15 74 19 69 2 7 80 13 54 3 16 122 19 155 30 110 3 5 63 15 65 19 77 3 5 57 25 71 29 80 3 5 59 28 75 29 61 2 16 160 19 150 3 21 130 22 111 27 119 3 1 88 6 73 26 80 3 7 204 16 207 23 154 2 2 79 22 75 2 24 192 25 176 3 18 145 20 195 27 156 3 3 148 25 164 30 173 3 5 42 26 42 28 53
33 2 15 176 18 136 3 1 83 6 98 26 73 2 26 151 27 140 2 8 103 14 129 2 2 62 12 82 3 3 107 15 85 16 91 2 4 79 26 92 3 5 209 14 155 22 174 2 1 150 6 192 3 3 86 8 89 20 106 2 7 71 8 60 3 14 89 15 120 17 94 2 8 139 30 116 2 7 80 8 62 3 3 208 9 185 14 178 3 1 136 10 138 30 128 2 6 171 11 206 2 4 78 12 76 3 5 76 15 55 19 64 2 7 55 13 56 3 16 142 19 137 30 141 3 5 77 15 57 19 57 3 5 79 25 60 29 61 3 5 78 28 59 29 63 2 16 139 19 146 3 21 124 22 125 27 128 3 1 82 6 76 26 96 3 7 166 16 204 23 159 2 2 81 22 92 2 24 175 25 220 3 18 151 20 165 27 154 3 3 159 25 146 30 117 3 5 46 26 37 28 41
36 3 1 75 6 85 26 70 2 2 62 12 65 2 2 83 22 80 3 3 87 15 83 16 101 2 2 96 22 90 3 5 198 14 201 22 166 3 1 80 6 77 26 99 3 3 122 8 115 20 97 2 4 72 26 102 3 5 201 14 176 22 146 3 18 158 20 165 27 153 2 1 163 6 198 2 2 86 12 67 2 7 58 8 80 2 8 139 30 152 3 3 159 9 212 14 147 2 24 190 25 219 3 1 149 10 139 30 186 3 5 64 25 79 29 57 2 6 172 11 156 2 15 147 18 130 2 16 172 19 149 2 4 92 12 78 2 7 60 8 77 2 7 62 13 59 3 14 101 15 113 17 99 2 8 131 14 136 2 26 153 27 140 2 8 139 14 138 3 3 118 25 147 30 174 3 21 162 22 143 27 140 3 5 67 15 52 19 59 3 16 159 19 130 30 141 3 7 196 16 161 23 218 3 5 66 28 60 29 58 3 5 43 26 44 28 50
34 3 1 68 6 71 26 69 2 2 71 12 69 3 3 100 15 88 16 88 2 4 103 26 96 2 8 124 30 116 3 5 61 25 75 29 82 3 5 145 14 206 22 145 2 1 138 6 196 3 3 101 15 114 16 117 2 7 76 8 61 3 3 162 9 200 14 182 3 1 160 10 139 30 135 3 16 141 19 125 30 125 2 4 87 26 88 2 6 155 11 165 2 4 69 12 67 2 7 66 13 57 2 16 133 19 141 2 8 111 14 96 3 5 72 15 66 19 71 3 7 203 16 165 23 180 2 26 138 27 134 3 14 96 15 126 17 108 2 15 124 18 143 3 3 88 8 98 20 122 3 21 139 22 158 27 144 2 2 101 22 85 3 5 72 28 57 29 57 2 24 160 25 192 3 5 56 25 55 29 66 3 18 166 20 147 27 135 3 5 51 26 47 28 41 2 2 87 22 74 3 3 168 25 165 30 138
34 3 1 68 6 71 26 69 2 2 71 12 69 3 3 100 15 88 16 88 2 4 103 26 96 2 8 124 30 116 3 5 61 25 75 29 82 3 5 145 14 206 22 145 2 1 138 6 196 3 3 101 15 114 16 117 2 7 76 8 61 3 3 162 9 200 14 182 3 1 160 10 139 30 135 3 16 141 19 125 30 125 2 4 87 26 88 2 6 155 11 165 2 4 69 12 67 2 7 66 13 57 2 16 133 19 141 2 8 111 14 96 3 5 72 15 66 19 71 3 7 203 16 165 23 180 2 26 138 27 134 3 14 96 15 126 17 108 2 15 124 18 143 3 3 88 8 98 20 122 3 21 139 22 158 27 144 2 2 101 22 85 3 5 72 28 57 29 57 2 24 160 25 192 3 5 56 25 55 29 66 3 18 166 20 147 27 135 3 5 51 26 47 28 41 2 2 87 22 74 3 3 168 25 165 30 138
34 3 1 68 6 71 26 69 2 2 71 12 69 3 3 100 15 88 16 88 2 4 103 26 96 2 8 124 30 116 3 5 61 25 75 29 82 3 5 145 14 206 22 145 2 1 138 6 196 3 3 101 15 114 16 117 2 7 76 8 61 3 3 162 9 200 14 182 3 1 160 10 139 30 135 3 16 141 19 125 30 125 2 4 87 26 88 2 6 155 11 165 2 4 69 12 67 2 7 66 13 57 2 16 133 19 141 2 8 111 14 96 3 5 72 15 66 19 71 3 7 203 16 165 23 180 2 26 138 27 134 3 14 96 15 126 17 108 2 15 124 18 143 3 3 88 8 98 20 122 3 21 139 22 158 27 144 2 2 101 22 85 3 5 72 28 57 29 57 2 24 160 25 192 3 5 56 25 55 29 66 3 18 166 20 147 27 135 3 5 51 26 47 28 41 2 2 87 22 74 3 3 168 25 165 30 138
34 3 1 68 6 71 26 69 2 2 71 12 69 3 3 100 15 88 16 88 2 4 103 26 96 2 8 124 30 116 3 5 61 25 75 29 82 3 5 145 14 206 22 145 2 1 138 6 196 3 3 101 15 114 16 117 2 7 76 8 61 3 3 162 9 200 14 182 3 1 160 10 139 30 135 3 16 141 19 125 30 125 2 4 87 26 88 2 6 155 11 165 2 4 69 12 67 2 7 66 13 57 2 16 133 19 141 2 8 111 14 96 3 5 72 15 66 19 71 3 7 203 16 165 23 180 2 26 138 27 134 3 14 96 15 126 17 108 2 15 124 18 143 3 3 88 8 98 20 122 3 21 139 22 158 27 144 2 2 101 22 85 3 5 72 28 57 29 57 2 24 160 25 192 3 5 56 25 55 29 66 3 18 166 20 147 27 135 3 5 51 26 47 28 41 2 2 87 22 74 3 3 168 25 165 30 138
34 3 1 75 6 96 26 76 3 7 154 16 178 23 218 2 2 70 12 77 3 5 37 26 38 28 43 3 1 85 6 72 26 85 3 3 119 15 93 16 94 2 4 81 26 73 3 5 141 14 198 22 190 2 1 184 6 196 2 7 80 8 80 2 8 110 30 153 3 1 84 6 88 26 98 3 3 191 9 212 14 180 3 3 117 15 110 16 91 3 1 171 10 151 30 149 2 6 165 11 202 2 4 79 12 65 2 7 57 13 60 2 8 138 14 121 3 5 70 15 58 19 53 3 16 111 19 160 30 137 2 15 135 18 152 3 14 89 15 109 17 104 2 16 122 19 178 3 5 63 25 76 29 70 3 3 104 8 97 20 105 3 18 170 20 143 27 173 3 21 166 22 156 27 147 2 2 89 22 69 2 24 181 25 173 3 5 77 28 71 29 77 2 26 124 27 106 3 16 108 19 112 30 116 3 3 156 25 163 30 154
35 3 1 90 6 67 26 72 2 2 82 12 61 3 1 77 6 99 26 67 3 3 84 15 115 16 118 2 26 113 27 136 2 7 68 13 71 2 4 92 26 106 3 5 199 14 188 22 164 2 1 192 6 205 2 7 66 8 69 3 3 122 8 94 20 104 2 8 140 30 131 3 3 165 9 173 14 163 3 5 70 15 61 19 59 2 7 81 13 80 2 8 128 14 123 3 1 168 10 145 30 174 2 6 185 11 209 2 4 64 12 85 3 5 59 25 65 29 80 3 16 118 19 141 30 158 3 14 94 15 89 17 105 3 18 168 20 192 27 169 2 15 172 18 127 3 5 71 28 60 29 57 3 21 152 22 157 27 141 2 16 146 19 133 2 8 124 30 159 2 24 182 25 170 3 3 210 9 200 14 206 2 2 95 22 75 3 7 208 16 167 23 215 3 5 190 14 146 22 169 3 5 38 26 38 28 51 3 3 119 25 157 30 128
35 3 1 90 6 67 26 72 2 2 82 12 61 3 1 77 6 99 26 67 3 3 84 15 115 16 118 2 26 113 27 136 2 7 68 13 71 2 4 92 26 106 3 5 199 14 188 22 164 2 1 192 6 205 2 7 66 8 69 3 3 122 8 94 20 104 2 8 140 30 131 3 3 165 9 173 14 163 3 5 70 15 61 19 59 2 7 81 13 80 2 8 128 14 123 3 1 168 10 145 30 174 2 6 185 11 209 2 4 64 12 85 3 5 59 25 65 29 80 3 16 118 19 141 30 158 3 14 94 15 89 17 105 3 18 168 20 192 27 169 2 15 172 18 127 3 5 71 28 60 29 57 3 21 152 22 157 27 141 2 16 146 19 133 2 8 124 30 159 2 24 182 25 170 3 3 210 9 200 14 206 2 2 95 22 75 3 7 208 16 167 23 215 3 5 190 14 146 22 169 3 5 38 26 38 28 51 3 3 119 25 157 30 128
35 3 1 90 6 67 26 72 2 2 82 12 61 3 1 77 6 99 26 67 3 3 84 15 115 16 118 2 26 113 27 136 2 7 68 13 71 2 4 92 26 106 3 5 199 14 188 22 164 2 1 192 6 205 2 7 66 8 69 3 3 122 8 94 20 104 2 8 140 30 131 3 3 165 9 173 14 163 3 5 70 15 61 19 59 2 7 81 13 80 2 8 128 14 123 3 1 168 10 145 30 174 2 6 185 11 209 2 4 64 12 85 3 5 59 25 65 29 80 3 16 118 19 141 30 158 3 14 94 15 89 17 105 3 18 168 20 192 27 169 2 15 172 18 127 3 5 71 28 60 29 57 3 21 152 22 157 27 141 2 16 146 19 133 2 8 124 30 159 2 24 182 25 170 3 3 210 9 200 14 206 2 2 95 22 75 3 7 208 16 167 23 215 3 5 190 14 146 22 169 3 5 38 26 38 28 51 3 3 119 25 157 30 128
34 3 1 98 6 67 26 99 2 2 71 12 80 3 3 90 15 90 16 90 2 4 80 26 82 3 5 47 26 37 28 36 3 5 168 14 150 22 190 2 4 75 12 82 2 1 148 6 187 2 7 64 8 67 2 2 89 12 63 3 5 63 28 73 29 77 2 1 160 6 179 2 8 115 30 113 3 3 210 9 204 14 174 3 1 133 10 179 30 179 2 6 210 11 158 2 16 136 19 177 2 7 62 13 63 2 8 97 14 104 3 5 73 15 55 19 75 2 4 92 26 104 3 7 155 16 218 23 175 3 16 137 19 125 30 141 3 21 149 22 146 27 139 3 14 128 15 121 17 106 3 5 80 28 75 29 76 2 15 181 18 136 3 5 65 25 74 29 79 3 3 111 8 92 20 111 2 2 97 22 70 3 3 126 25 166 30 163 2 24 172 25 218 2 26 109 27 136 3 18 145 20 181 27 199
33 3 1 88 6 71 26 85 2 2 75 12 89 3 3 102 15 82 16 102 2 15 145 18 180 2 4 84 26 106 3 5 180 14 157 22 204 2 24 200 25 196 2 1 156 6 202 3 3 106 15 91 16 116 2 7 63 8 60 2 8 155 30 149 2 24 223 25 170 2 8 131 14 131 3 3 178 9 195 14 173 3 1 177 10 179 30 146 2 6 184 11 171 3 5 69 25 65 29 72 3 3 116 25 132 30 147 2 4 76 12 77 2 7 75 13 55 3 5 70 15 54 19 67 3 16 131 19 110 30 155 2 16 164 19 141 3 14 106 15 99 17 126 3 3 85 8 110 20 97 3 21 154 22 157 27 113 2 2 97 22 85 3 7 193 16 156 23 198 2 26 145 27 129 2 4 87 12 93 3 18 159 20 144 27 189 3 5 47 26 53 28 53 3 5 74 28 59 29 67
33 3 1 88 6 71 26 85 2 2 75 12 89 3 3 102 15 82 16 102 2 15 145 18 180 2 4 84 26 106 3 5 180 14 157 22 204 2 24 200 25 196 2 1 156 6 202 3 3 106 15 91 16 116 2 7 63 8 60 2 8 155 30 149 2 24 223 25 170 2 8 131 14 131 3 3 178 9 195 14 173 3 1 177 10 179 30 146 2 6 184 11 171 3 5 69 25 65 29 72 3 3 116 25 132 30 147 2 4 76 12 77 2 7 75 13 55 3 5 70 15 54 19 67 3 16 131 19 110 30 155 2 16 164 19 141 3 14 106 15 99 17 126 3 3 85 8 110 20 97 3 21 154 22 157 27 113 2 2 97 22 85 3 7 193 16 156 23 198 2 26 145 27 129 2 4 87 12 93 3 18 159 20 144 27 189 3 5 47 26 53 28 53 3 5 74 28 59 29 67
36 2 7 72 8 61 3 1 99 6 80 26 88 3 1 164 10 136 30 169 3 5 67 15 52 19 56 3 3 150 9 147 14 171 2 2 82 12 82 3 3 96 15 90 16 83 3 7 197 16 193 23 161 3 5 59 15 52 19 57 2 4 104 26 79 3 5 172 14 199 22 140 3 1 76 6 73 26 74 2 1 138 6 146 2 8 144 30 121 2 6 212 11 189 2 4 92 12 70 2 2 92 22 94 3 5 76 25 64 29 57 3 3 106 8 114 20 90 3 3 145 9 171 14 176 3 5 51 26 47 28 41 3 14 106 15 91 17 120 2 7 68 13 55 2 8 133 14 101 3 5 70 15 76 19 65 3 16 127 19 129 30 112 2 15 171 18 177 2 16 131 19 133 3 21 130 22 142 27 122 3 5 187 14 149 22 199 2 24 214 25 185 2 26 149 27 137 3 18 185 20 189 27 145 2 15 160 18 178 3 5 76 28 62 29 67 3 3 150 25 136 30 159
36 2 7 72 8 61 3 1 99 6 80 26 88 3 1 164 10 136 30 169 3 5 67 15 52 19 56 3 3 150 9 147 14 171 2 2 82 12 82 3 3 96 15 90 16 83 3 7 197 16 193 23 161 3 5 59 15 52 19 57 2 4 104 26 79 3 5 172 14 199 22 140 3 1 76 6 73 26 74 2 1 138 6 146 2 8 144 30 121 2 6 212 11 189 2 4 92 12 70 2 2 92 22 94 3 5 76 25 64 29 57 3 3 106 8 114 20 90 3 3 145 9 171 14 176 3 5 51 26 47 28 41 3 14 106 15 91 17 120 2 7 68 13 55 2 8 133 14 101 3 5 70 15 76 19 65 3 16 127 19 129 30 112 2 15 171 18 177 2 16 131 19 133 3 21 130 22 142 27 122 3 5 187 14 149 22 199 2 24 214 25 185 2 26 149 27 137 3 18 185 20 189 27 145 2 15 160 18 178 3 5 76 28 62 29 67 3 3 150 25 136 30 159
33 3 1 92 6 81 26 67 2 2 85 12 64 3 3 81 15 120 16 113 2 15 176 18 175 2 4 74 26 72 3 5 175 14 194 22 167 2 24 188 25 166 2 1 168 6 185 3 3 114 15 101 16 105 2 7 60 8 70 2 8 113 30 119 2 24 166 25 209 2 8 140 14 98 3 3 161 9 149 14 196 3 1 155 10 145 30 145 2 6 181 11 190 3 5 62 25 60 29 79 3 3 162 25 149 30 155 2 4 73 12 77 2 7 72 13 55 3 5 58 15 68 19 77 3 16 132 19 113 30 119 2 16 140 19 150 3 14 95 15 90 17 110 3 3 120 8 92 20 116 3 21 122 22 120 27 152 2 2 84 22 68 3 7 217 16 163 23 179 2 26 114 27 114 2 4 80 12 93 3 18 178 20 179 27 161 3 5 42 26 36 28 38 3 5 80 28 75 29 58
36 3 1 96 6 84 26 84 2 2 68 12 71 2 2 76 22 100 3 3 105 15 108 16 90 2 2 76 22 75 3 5 179 14 173 22 205 3 1 84 6 96 26 74 3 3 117 8 83 20 86 2 4 74 26 83 3 5 201 14 208 22 150 3 18 156 20 142 27 181 2 1 160 6 193 2 2 83 12 85 2 7 79 8 67 2 8 158 30 143 3 3 168 9 149 14 149 2 24 228 25 230 3 1 185 10 159 30 160 3 5 81 25 77 29 68 2 6 171 11 175 2 15 154 18 159 2 16 148 19 129 2 4 69 12 83 2 7 74 8 80 2 7 61 13 68 3 14 124 15 115 17 123 2 8 104 14 97 2 26 130 27 139 2 8 139 14 138 3 3 149 25 121 30 151 3 21 141 22 145 27 120 3 5 69 15 68 19 55 3 16 149 19 110 30 158 3 7 180 16 179 23 171 3 5 74 28 76 29 75 3 5 47 26 36 28 43
35 3 1 97 6 84 26 90 2 2 69 12 81 3 1 79 6 85 26 90 3 3 115 15 120 16 100 2 26 109 27 136 2 7 65 13 56 2 4 100 26 100 3 5 153 14 204 22 185 2 1 163 6 162 2 7 62 8 84 3 3 103 8 100 20 118 2 8 156 30 124 3 3 191 9 187 14 170 3 5 64 15 65 19 66 2 7 58 13 79 2 8 105 14 107 3 1 160 10 144 30 182 2 6 181 11 151 2 4 78 12 93 3 5 60 25 80 29 55 3 16 141 19 157 30 117 3 14 128 15 105 17 112 3 18 194 20 168 27 141 2 15 172 18 159 3 5 67 28 75 29 79 3 21 123 22 148 27 113 2 16 141 19 126 2 8 129 30 149 2 24 228 25 198 3 3 191 9 162 14 160 2 2 77 22 91 3 7 150 16 191 23 174 3 5 198 14 182 22 184 3 5 49 26 41 28 51 3 3 152 25 169 30 128
35 3 1 97 6 84 26 90 2 2 69 12 81 3 1 79 6 85 26 90 3 3 115 15 120 16 100 2 26 109 27 136 2 7 65 13 56 2 4 100 26 100 3 5 153 14 204 22 185 2 1 163 6 162 2 7 62 8 84 3 3 103 8 100 20 118 2 8 156 30 124 3 3 191 9 187 14 170 3 5 64 15 65 19 66 2 7 58 13 79 2 8 105 14 107 3 1 160 10 144 30 182 2 6 181 11 151 2 4 78 12 93 3 5 60 25 80 29 55 3 16 141 19 157 30 117 3 14 128 15 105 17 112 3 18 194 20 168 27 141 2 15 172 18 159 3 5 67 28 75 29 79 3 21 123 22 148 27 113 2 16 141 19 126 2 8 129 30 149 2 24 228 25 198 3 3 191 9 162 14 160 2 2 77 22 91 3 7 150 16 191 23 174 3 5 198 14 182 22 184 3 5 49 26 41 28 51 3 3 152 25 169 30 128
36 3 1 73 6 74 26 73 2 2 86 12 83 2 2 69 22 99 3 3 94 15 107 16 96 2 2 92 22 93 3 5 152 14 188 22 203 3 1 91 6 87 26 67 3 3 86 8 92 20 89 2 4 98 26 82 3 5 163 14 178 22 146 3 18 146 20 174 27 175 2 1 168 6 205 2 2 89 12 83 2 7 59 8 80 2 8 151 30 115 3 3 157 9 206 14 147 2 24 178 25 187 3 1 128 10 133 30 187 3 5 75 25 64 29 60 2 6 163 11 198 2 15 175 18 124 2 16 144 19 135 2 4 64 12 81 2 7 69 8 78 2 7 67 13 73 3 14 115 15 109 17 90 2 8 119 14 102 2 26 117 27 115 2 8 95 14 99 3 3 122 25 138 30 135 3 21 145 22 149 27 132 3 5 68 15 57 19 63 3 16 116 19 110 30 141 3 7 178 16 170 23 213 3 5 79 28 58 29 75 3 5 49 26 50 28 38
36 3 1 73 6 74 26 73 2 2 86 12 83 2 2 69 22 99 3 3 94 15 107 16 96 2 2 92 22 93 3 5 152 14 188 22 203 3 1 91 6 87 26 67 3 3 86 8 92 20 89 2 4 98 26 82 3 5 163 14 178 22 146 3 18 146 20 174 27 175 2 1 168 6 205 2 2 89 12 83 2 7 59 8 80 2 8 151 30 115 3 3 157 9 206 14 147 2 24 178 25 187 3 1 128 10 133 30 187 3 5 75 25 64 29 60 2 6 163 11 198 2 15 175 18 124 2 16 144 19 135 2 4 64 12 81 2 7 69 8 78 2 7 67 13 73 3 14 115 15 109 17 90 2 8 119 14 102 2 26 117 27 115 2 8 95 14 99 3 3 122 25 138 30 135 3 21 145 22 149 27 132 3 5 68 15 57 19 63 3 16 116 19 110 30 141 3 7 178 16 170 23 213 3 5 79 28 58 29 75 3 5 49 26 50 28 38
37 3 3 150 25 146 30 134 3 1 98 6 88 26 94 3 3 167 25 167 30 161 2 2 82 12 76 3 3 119 15 119 16 81 2 4 101 26 89 2 2 81 22 93 3 5 148 14 193 22 144 2 1 183 6 147 3 1 75 6 79 26 83 2 7 71 8 70 3 7 174 16 186 23 220 3 5 83 28 64 29 61 2 8 110 30 137 3 3 143 9 204 14 192 2 7 83 8 64 3 1 178 10 130 30 129 2 24 174 25 201 2 6 179 11 195 3 18 142 20 152 27 144 2 4 66 12 78 2 4 84 26 107 2 7 61 13 68 2 8 122 14 104 3 5 58 15 77 19 61 3 16 140 19 147 30 153 2 26 108 27 131 3 14 87 15 119 17 127 2 15 128 18 142 3 16 116 19 133 30 137 2 16 168 19 161 3 3 112 8 120 20 100 2 26 116 27 114 3 21 141 22 121 27 142 3 5 40 26 48 28 38 3 5 83 28 83 29 58 3 5 80 25 58 29 76
34 3 1 76 6 77 26 74 2 2 77 12 83 2 4 87 12 64 3 3 87 15 107 16 92 2 4 74 26 91 2 2 81 12 64 3 5 178 14 155 22 206 3 3 102 8 93 20 106 3 5 80 25 79 29 56 2 1 172 6 191 3 3 164 9 164 14 161 3 3 103 8 88 20 86 2 7 67 8 65 2 8 157 30 143 3 5 50 26 51 28 46 2 4 91 26 86 3 1 134 10 142 30 152 2 7 79 13 63 3 3 119 25 139 30 120 3 16 124 19 107 30 114 2 6 175 11 209 3 5 64 28 56 29 82 3 1 171 10 160 30 133 2 8 119 14 102 3 5 64 15 68 19 75 3 14 93 15 112 17 108 2 15 182 18 140 3 21 157 22 139 27 153 2 16 138 19 163 2 24 175 25 185 2 2 69 22 100 3 7 148 16 162 23 199 2 26 121 27 132 3 18 185 20 177 27 187
34 3 1 76 6 77 26 74 2 2 77 12 83 2 4 87 12 64 3 3 87 15 107 16 92 2 4 74 26 91 2 2 81 12 64 3 5 178 14 155 22 206 3 3 102 8 93 20 106 3 5 80 25 79 29 56 2 1 172 6 191 3 3 164 9 164 14 161 3 3 103 8 88 20 86 2 7 67 8 65 2 8 157 30 143 3 5 50 26 51 28 46 2 4 91 26 86 3 1 134 10 142 30 152 2 7 79 13 63 3 3 119 25 139 30 120 3 16 124 19 107 30 114 2 6 175 11 209 3 5 64 28 56 29 82 3 1 171 10 160 30 133 2 8 119 14 102 3 5 64 15 68 19 75 3 14 93 15 112 17 108 2 15 182 18 140 3 21 157 22 139 27 153 2 16 138 19 163 2 24 175 25 185 2 2 69 22 100 3 7 148 16 162 23 199 2 26 121 27 132 3 18 185 20 177 27 187
37 3 3 125 25 154 30 146 3 1 76 6 89 26 85 3 3 121 25 121 30 162 2 2 65 12 66 3 3 98 15 102 16 98 2 4 88 26 101 2 2 95 22 77 3 5 201 14 185 22 159 2 1 195 6 145 3 1 84 6 83 26 78 2 7 75 8 74 3 7 182 16 166 23 215 3 5 69 28 77 29 69 2 8 142 30 110 3 3 207 9 155 14 185 2 7 85 8 78 3 1 171 10 159 30 138 2 24 209 25 170 2 6 158 11 176 3 18 159 20 156 27 190 2 4 78 12 78 2 4 80 26 85 2 7 68 13 71 2 8 137 14 102 3 5 54 15 64 19 68 3 16 159 19 133 30 132 2 26 127 27 136 3 14 110 15 88 17 95 2 15 127 18 125 3 16 116 19 135 30 135 2 16 152 19 150 3 3 104 8 113 20 115 2 26 149 27 119 3 21 149 22 120 27 141 3 5 42 26 43 28 53 3 5 70 28 82 29 74 3 5 63 25 67 29 58
36 3 1 89 6 80 26 78 2 2 81 12 80 3 3 103 15 83 16 102 2 4 87 26 95 3 3 91 15 109 16 116 3 5 185 14 202 22 170 3 18 143 20 145 27 140 3 1 90 6 69 26 95 2 1 156 6 200 2 7 56 8 67 2 8 157 30 138 3 3 193 9 153 14 186 2 2 80 12 78 3 1 147 10 148 30 180 2 6 168 11 156 2 4 65 12 89 2 7 71 13 62 2 8 131 14 114 3 5 73 15 54 19 67 3 3 101 15 101 16 89 3 16 110 19 119 30 130 3 14 111 15 100 17 117 2 15 133 18 178 2 2 71 12 69 2 16 120 19 128 3 3 95 8 93 20 89 3 21 116 22 162 27 124 3 5 37 26 39 28 41 3 3 135 25 120 30 124 2 2 95 22 87 3 5 79 28 66 29 63 2 7 70 8 79 3 7 165 16 203 23 206 2 24 176 25 188 3 5 74 25 55 29 60 2 26 134 27 140
37 3 3 167 25 139 30 135 3 1 89 6 93 26 89 3 3 129 25 157 30 167 2 2 76 12 79 3 3 114 15 108 16 95 2 4 85 26 106 2 2 98 22 76 3 5 198 14 199 22 206 2 1 143 6 188 3 1 90 6 92 26 97 2 7 75 8 64 3 7 149 16 210 23 155 3 5 67 28 80 29 73 2 8 126 30 109 3 3 194 9 149 14 203 2 7 84 8 66 3 1 151 10 151 30 156 2 24 222 25 204 2 6 192 11 223 3 18 161 20 173 27 165 2 4 87 12 80 2 4 104 26 102 2 7 63 13 60 2 8 110 14 115 3 5 63 15 69 19 57 3 16 127 19 114 30 137 2 26 109 27 125 3 14 88 15 129 17 102 2 15 165 18 181 3 16 136 19 133 30 123 2 16 137 19 132 3 3 123 8 89 20 101 2 26 104 27 143 3 21 113 22 166 27 139 3 5 37 26 45 28 39 3 5 80 28 65 29 58 3 5 70 25 73 29 64
36 3 1 98 6 88 26 79 2 2 64 12 79 3 3 85 15 84 16 99 2 4 103 26 88 3 3 99 15 113 16 99 3 5 154 14 153 22 146 3 18 165 20 185 27 142 3 1 85 6 75 26 86 2 1 138 6 161 2 7 69 8 69 2 8 109 30 120 3 3 192 9 168 14 194 2 2 64 12 65 3 1 157 10 159 30 158 2 6 154 11 210 2 4 71 12 66 2 7 70 13 57 2 8 122 14 130 3 5 63 15 55 19 61 3 3 115 15 114 16 112 3 16 123 19 153 30 155 3 14 127 15 125 17 94 2 15 148 18 170 2 2 76 12 75 2 16 152 19 162 3 3 86 8 114 20 122 3 21 161 22 126 27 123 3 5 36 26 38 28 43 3 3 160 25 153 30 130 2 2 91 22 70 3 5 66 28 62 29 74 2 7 64 8 60 3 7 157 16 155 23 207 2 24 191 25 232 3 5 74 25 64 29 58 2 26 146 27 144
34 3 1 70 6 92 26 97 2 2 76 12 69 3 3 110 15 100 16 96 2 4 74 26 80 3 5 49 26 50 28 39 3 5 166 14 151 22 174 2 4 68 12 67 2 1 149 6 189 2 7 59 8 78 2 2 72 12 89 3 5 61 28 65 29 60 2 1 179 6 196 2 8 126 30 147 3 3 153 9 144 14 193 3 1 148 10 126 30 173 2 6 197 11 180 2 16 148 19 174 2 7 63 13 75 2 8 111 14 140 3 5 75 15 64 19 59 2 4 102 26 77 3 7 165 16 201 23 196 3 16 140 19 133 30 148 3 21 121 22 140 27 143 3 14 91 15 100 17 113 3 5 63 28 74 29 74 2 15 158 18 153 3 5 77 25 75 29 76 3 3 106 8 108 20 106 2 2 71 22 94 3 3 175 25 167 30 168 2 24 177 25 188 2 26 110 27 151 3 18 159 20 172 27 181
34 3 1 70 6 92 26 97 2 2 76 12 69 3 3 110 15 100 16 96 2 4 74 26 80 3 5 49 26 50 28 39 3 5 166 14 151 22 174 2 4 68 12 67 2 1 149 6 189 2 7 59 8 78 2 2 72 12 89 3 5 61 28 65 29 60 2 1 179 6 196 2 8 126 30 147 3 3 153 9 144 14 193 3 1 148 10 126 30 173 2 6 197 11 180 2 16 148 19 174 2 7 63 13 75 2 8 111 14 140 3 5 75 15 64 19 59 2 4 102 26 77 3 7 165 16 201 23 196 3 16 140 19 133 30 148 3 21 121 22 140 27 143 3 14 91 15 100 17 113 3 5 63 28 74 29 74 2 15 158 18 153 3 5 77 25 75 29 76 3 3 106 8 108 20 106 2 2 71 22 94 3 3 175 25 167 30 168 2 24 177 25 188 2 26 110 27 151 3 18 159 20 172 27 181
35 2 4 65 12 92 3 1 85 6 96 26 89 3 5 57 15 65 19 70 2 2 72 12 85 3 3 107 15 92 16 119 3 3 127 25 141 30 124 3 5 61 15 58 19 54 3 1 157 10 184 30 180 2 4 101 26 76 3 5 154 14 179 22 198 2 1 161 6 188 3 3 87 8 107 20 112 3 18 170 20 189 27 149 2 7 75 8 75 2 8 133 30 153 2 16 174 19 142 3 3 150 9 206 14 187 2 6 189 11 170 3 5 78 28 67 29 75 2 16 174 19 128 2 15 158 18 135 2 7 65 13 65 3 5 50 26 44 28 45 3 14 99 15 90 17 101 3 5 46 26 41 28 39 2 8 99 14 106 3 14 95 15 101 17 102 3 16 155 19 135 30 159 3 21 137 22 136 27 152 2 26 143 27 138 3 16 117 19 137 30 126 3 5 75 25 56 29 65 2 24 209 25 180 2 2 68 22 96 3 7 156 16 209 23 159
35 2 4 65 12 92 3 1 85 6 96 26 89 3 5 57 15 65 19 70 2 2 72 12 85 3 3 107 15 92 16 119 3 3 127 25 141 30 124 3 5 61 15 58 19 54 3 1 157 10 184 30 180 2 4 101 26 76 3 5 154 14 179 22 198 2 1 161 6 188 3 3 87 8 107 20 112 3 18 170 20 189 27 149 2 7 75 8 75 2 8 133 30 153 2 16 174 19 142 3 3 150 9 206 14 187 2 6 189 11 170 3 5 78 28 67 29 75 2 16 174 19 128 2 15 158 18 135 2 7 65 13 65 3 5 50 26 44 28 45 3 14 99 15 90 17 101 3 5 46 26 41 28 39 2 8 99 14 106 3 14 95 15 101 17 102 3 16 155 19 135 30 159 3 21 137 22 136 27 152 2 26 143 27 138 3 16 117 19 137 30 126 3 5 75 25 56 29 65 2 24 209 25 180 2 2 68 22 96 3 7 156 16 209 23 159
35 2 4 65 12 92 3 1 85 6 96 26 89 3 5 57 15 65 19 70 2 2 72 12 85 3 3 107 15 92 16 119 3 3 127 25 141 30 124 3 5 61 15 58 19 54 3 1 157 10 184 30 180 2 4 101 26 76 3 5 154 14 179 22 198 2 1 161 6 188 3 3 87 8 107 20 112 3 18 170 20 189 27 149 2 7 75 8 75 2 8 133 30 153 2 16 174 19 142 3 3 150 9 206 14 187 2 6 189 11 170 3 5 78 28 67 29 75 2 16 174 19 128 2 15 158 18 135 2 7 65 13 65 3 5 50 26 44 28 45 3 14 99 15 90 17 101 3 5 46 26 41 28 39 2 8 99 14 106 3 14 95 15 101 17 102 3 16 155 19 135 30 159 3 21 137 22 136 27 152 2 26 143 27 138 3 16 117 19 137 30 126 3 5 75 25 56 29 65 2 24 209 25 180 2 2 68 22 96 3 7 156 16 209 23 159
36 3 1 84 6 87 26 79 2 2 70 12 77 3 3 109 15 99 16 81 2 4 82 26 75 3 3 118 15 86 16 104 3 5 182 14 180 22 156 3 18 139 20 145 27 171 3 1 77 6 90 26 91 2 1 182 6 202 2 7 76 8 73 2 8 148 30 127 3 3 203 9 202 14 212 2 2 83 12 76 3 1 180 10 183 30 145 2 6 185 11 185 2 4 77 12 66 2 7 56 13 54 2 8 119 14 137 3 5 66 15 77 19 75 3 3 107 15 112 16 118 3 16 126 19 123 30 143 3 14 108 15 94 17 126 2 15 171 18 161 2 2 66 12 62 2 16 173 19 162 3 3 104 8 86 20 96 3 21 141 22 131 27 160 3 5 42 26 51 28 52 3 3 174 25 121 30 165 2 2 74 22 96 3 5 72 28 77 29 74 2 7 79 8 72 3 7 205 16 198 23 156 2 24 197 25 159 3 5 60 25 59 29 58 2 26 118 27 138
34 3 1 71 6 67 26 81 2 2 83 12 82 2 4 77 12 65 3 3 99 15 104 16 96 2 4 102 26 96 2 2 77 12 69 3 5 157 14 147 22 174 3 3 123 8 107 20 112 3 5 67 25 76 29 64 2 1 186 6 146 3 3 182 9 193 14 156 3 3 109 8 97 20 87 2 7 66 8 62 2 8 158 30 156 3 5 40 26 49 28 46 2 4 73 26 107 3 1 187 10 133 30 144 2 7 63 13 66 3 3 164 25 172 30 138 3 16 112 19 149 30 121 2 6 180 11 220 3 5 63 28 73 29 65 3 1 177 10 186 30 165 2 8 103 14 122 3 5 61 15 59 19 62 3 14 126 15 114 17 111 2 15 157 18 172 3 21 114 22 147 27 127 2 16 140 19 132 2 24 162 25 219 2 2 97 22 81 3 7 180 16 165 23 171 2 26 122 27 122 3 18 164 20 145 27 140
33 3 1 93 6 83 26 80 2 2 64 12 66 3 3 86 15 86 16 85 2 15 179 18 172 2 4 82 26 73 3 5 186 14 202 22 186 2 24 199 25 199 2 1 169 6 170 3 3 116 15 92 16 106 2 7 63 8 77 2 8 114 30 126 2 24 226 25 162 2 8 126 14 95 3 3 176 9 148 14 151 3 1 163 10 126 30 128 2 6 198 11 165 3 5 57 25 64 29 71 3 3 160 25 127 30 174 2 4 73 12 79 2 7 55 13 59 3 5 66 15 71 19 57 3 16 143 19 131 30 128 2 16 152 19 125 3 14 123 15 106 17 130 3 3 108 8 112 20 108 3 21 128 22 152 27 147 2 2 77 22 77 3 7 212 16 203 23 187 2 26 145 27 110 2 4 85 12 68 3 18 172 20 134 27 170 3 5 53 26 51 28 41 3 5 83 28 78 29 76
34 2 1 169 6 186 3 1 75 6 91 26 95 2 2 73 12 77 3 5 162 14 169 22 185 3 3 111 15 113 16 102 2 4 96 26 75 2 15 184 18 151 2 7 77 8 74 2 8 130 30 139 3 3 172 9 210 14 198 3 1 181 10 180 30 156 2 6 162 11 153 3 5 198 14 158 22 197 2 16 162 19 122 2 4 71 12 88 3 5 75 15 68 19 63 2 7 67 13 70 2 8 94 14 96 3 16 141 19 147 30 118 2 24 212 25 180 3 1 176 10 183 30 137 3 14 99 15 104 17 125 3 21 117 22 153 27 120 3 3 113 8 109 20 96 3 5 67 25 75 29 58 2 6 183 11 153 3 7 166 16 210 23 215 3 3 91 8 84 20 91 2 2 99 22 71 2 26 129 27 143 3 18 147 20 177 27 140 3 3 140 25 141 30 163 3 5 52 26 49 28 45 3 5 77 28 65 29 63
34 3 1 74 6 77 26 80 3 7 217 16 217 23 151 2 2 83 12 87 3 5 53 26 43 28 50 3 1 75 6 90 26 67 3 3 116 15 106 16 111 2 4 95 26 83 3 5 192 14 154 22 162 2 1 159 6 189 2 7 58 8 77 2 8 139 30 116 3 1 94 6 75 26 66 3 3 183 9 180 14 166 3 3 112 15 117 16 115 3 1 183 10 162 30 154 2 6 150 11 179 2 4 70 12 82 2 7 63 13 68 2 8 118 14 114 3 5 53 15 59 19 76 3 16 144 19 155 30 133 2 15 158 18 148 3 14 110 15 128 17 130 2 16 150 19 161 3 5 59 25 62 29 65 3 3 108 8 100 20 105 3 18 155 20 137 27 165 3 21 159 22 137 27 147 2 2 82 22 74 2 24 226 25 165 3 5 57 28 70 29 81 2 26 103 27 136 3 16 129 19 125 30 119 3 3 148 25 174 30 157
35 3 1 94 6 78 26 67 2 2 81 12 87 3 1 79 6 73 26 72 3 3 111 15 114 16 91 2 26 103 27 132 2 7 57 13 78 2 4 98 26 104 3 5 182 14 159 22 194 2 1 178 6 173 2 7 65 8 67 3 3 83 8 93 20 101 2 8 130 30 127 3 3 166 9 211 14 188 3 5 70 15 58 19 73 2 7 77 13 75 2 8 100 14 136 3 1 143 10 176 30 182 2 6 186 11 156 2 4 79 12 79 3 5 74 25 62 29 70 3 16 144 19 132 30 107 3 14 127 15 107 17 110 3 18 195 20 166 27 151 2 15 143 18 131 3 5 57 28 59 29 58 3 21 162 22 150 27 149 2 16 177 19 136 2 8 155 30 150 2 24 181 25 167 3 3 146 9 184 14 176 2 2 90 22 94 3 7 157 16 204 23 156 3 5 184 14 168 22 199 3 5 53 26 37 28 38 3 3 126 25 125 30 149
36 2 1 139 6 198 3 1 96 6 70 26 72 2 15 132 18 183 2 1 192 6 163 2 2 62 12 85 2 6 188 11 218 2 7 71 8 65 3 3 86 15 96 16 91 2 2 86 12 62 3 5 58 25 68 29 81 2 4 89 26 103 3 1 80 6 75 26 84 2 4 67 12 87 3 5 208 14 194 22 144 3 5 79 25 67 29 80 2 7 66 13 72 2 8 129 30 132 3 3 151 9 174 14 149 3 1 179 10 141 30 138 3 5 51 26 52 28 40 2 16 132 19 130 3 16 143 19 136 30 141 2 8 96 14 141 2 2 85 12 83 3 5 74 15 71 19 69 3 3 121 25 131 30 171 3 14 114 15 122 17 103 3 18 133 20 170 27 143 3 3 89 8 97 20 85 3 21 140 22 112 27 164 2 1 168 6 151 2 2 99 22 84 3 7 187 16 153 23 161 2 24 159 25 190 3 5 71 28 80 29 60 2 26 138 27 129
34 3 1 96 6 91 26 78 2 2 73 12 62 3 3 104 15 115 16 82 2 4 104 26 73 3 5 47 26 53 28 49 3 5 154 14 171 22 169 2 4 92 12 69 2 1 140 6 145 2 7 61 8 75 2 2 66 12 67 3 5 61 28 62 29 62 2 1 170 6 193 2 8 147 30 149 3 3 154 9 203 14 157 3 1 146 10 137 30 149 2 6 204 11 170 2 16 143 19 137 2 7 70 13 71 2 8 133 14 101 3 5 72 15 77 19 67 2 4 102 26 95 3 7 208 16 216 23 171 3 16 126 19 118 30 150 3 21 112 22 141 27 123 3 14 128 15 125 17 102 3 5 57 28 58 29 82 2 15 164 18 134 3 5 65 25 67 29 80 3 3 99 8 83 20 101 2 2 71 22 91 3 3 161 25 122 30 117 2 24 174 25 200 2 26 150 27 148 3 18 162 20 197 27 195
33 3 1 76 6 92 26 74 2 2 61 12 66 3 3 100 15 92 16 92 2 15 128 18 142 2 4 99 26 87 3 5 173 14 169 22 166 2 24 212 25 187 2 1 197 6 161 3 3 103 15 97 16 109 2 7 65 8 59 2 8 155 30 133 2 24 222 25 159 2 8 139 14 110 3 3 201 9 162 14 186 3 1 183 10 174 30 183 2 6 184 11 213 3 5 74 25 75 29 55 3 3 125 25 162 30 134 2 4 89 12 64 2 7 80 13 59 3 5 66 15 55 19 73 3 16 120 19 148 30 133 2 16 149 19 127 3 14 128 15 114 17 88 3 3 112 8 114 20 111 3 21 155 22 144 27 136 2 2 76 22 77 3 7 171 16 198 23 211 2 26 132 27 136 2 4 72 12 85 3 18 134 20 175 27 152 3 5 48 26 52 28 40 3 5 72 28 81 29 59
DUE_DATES: 7191 7191 7191 7191 7191 6798 6278 6278 6120 6961 6203 6203 6203 6203 6511 7028 7028 7028 6564 6615 6615 6988 6988 6369 6955 6984 6984 6704 6704 7018 6475 6475 6988 6568 7152 6644 6570 6570 6709 6709 6709 6819 6552 6431 6909 6554 6901 6835 6500 6525
WEIGHTS: 2 3 3 3 1 2 1 2 1 2 3 1 3 1 3 1 3 2 1 3 3 3 1 1 1 1 2 3 1 3 3 1 3 3 1 2 2 2 3 1 2 2 2 3 1 3 3 1 1 2
