50 30
35 2 1 134 18 165 3 2 103 25 120 29 118 3 6 78 12 61 20 54 3 3 78 7 59 30 78 3 3 158 19 133 20 109 3 6 170 22 150 29 158 2 4 104 22 111 3 6 182 22 180 29 155 3 5 81 14 70 26 72 3 1 146 6 123 27 144 2 4 87 22 101 3 8 175 17 157 29 227 3 7 145 24 112 25 142 2 6 37 18 50 3 7 12 9 14 25 12 2 6 2 20 2 3 5 73 14 58 26 78 3 10 39 11 53 18 56 3 16 20 28 19 29 19 4 1 195 9 152 11 141 14 138 2 13 164 18 166 2 14 13 26 13 3 17 51 21 43 24 42 2 19 108 27 94 2 15 144 24 140 2 10 133 17 152 3 6 56 12 72 20 56 2 9 74 23 80 3 6 177 19 173 24 174 3 13 156 25 139 29 165 2 17 120 26 147 3 14 156 25 168 28 124 2 12 130 25 134 2 4 100 22 94 3 1 19 20 20 27 18
35 2 1 134 18 165 3 2 103 25 120 29 118 3 6 78 12 61 20 54 3 3 78 7 59 30 78 3 3 158 19 133 20 109 3 6 170 22 150 29 158 2 4 104 22 111 3 6 182 22 180 29 155 3 5 81 14 70 26 72 3 1 146 6 123 27 144 2 4 87 22 101 3 8 175 17 157 29 227 3 7 145 24 112 25 142 2 6 37 18 50 3 7 12 9 14 25 12 2 6 2 20 2 3 5 73 14 58 26 78 3 10 39 11 53 18 56 3 16 20 28 19 29 19 4 1 195 9 152 11 141 14 138 2 13 164 18 166 2 14 13 26 13 3 17 51 21 43 24 42 2 19 108 27 94 2 15 144 24 140 2 10 133 17 152 3 6 56 12 72 20 56 2 9 74 23 80 3 6 177 19 173 24 174 3 13 156 25 139 29 165 2 17 120 26 147 3 14 156 25 168 28 124 2 12 130 25 134 2 4 100 22 94 3 1 19 20 20 27 18
35 2 1 129 18 144 3 2 130 25 121 29 119 3 3 125 19 152 20 152 3 2 141 25 108 29 140 2 4 76 22 104 3 5 83 14 65 26 63 3 13 124 25 162 29 159 3 1 174 6 137 27 141 3 7 10 9 10 25 10 3 7 147 24 124 25 129 2 15 124 24 146 3 8 193 17 178 29 187 3 10 49 11 52 18 48 3 6 171 19 126 24 166 2 12 107 25 125 4 1 146 9 171 11 166 14 177 2 14 14 26 13 3 6 54 12 67 20 68 2 13 235 18 207 3 16 20 28 20 29 20 2 10 163 17 157 3 1 27 20 25 27 22 2 6 52 18 50 3 2 100 25 116 29 132 2 6 2 20 3 2 19 105 27 81 2 6 43 18 39 3 17 43 21 39 24 36 3 6 173 22 191 29 149 2 9 66 23 68 2 19 108 27 96 2 17 124 26 134 2 12 102 25 121 3 14 127 25 150 28 124 3 3 56 7 76 30 64
35 2 1 129 18 144 3 2 130 25 121 29 119 3 3 125 19 152 20 152 3 2 141 25 108 29 140 2 4 76 22 104 3 5 83 14 65 26 63 3 13 124 25 162 29 159 3 1 174 6 137 27 141 3 7 10 9 10 25 10 3 7 147 24 124 25 129 2 15 124 24 146 3 8 193 17 178 29 187 3 10 49 11 52 18 48 3 6 171 19 126 24 166 2 12 107 25 125 4 1 146 9 171 11 166 14 177 2 14 14 26 13 3 6 54 12 67 20 68 2 13 235 18 207 3 16 20 28 20 29 20 2 10 163 17 157 3 1 27 20 25 27 22 2 6 52 18 50 3 2 100 25 116 29 132 2 6 2 20 3 2 19 105 27 81 2 6 43 18 39 3 17 43 21 39 24 36 3 6 173 22 191 29 149 2 9 66 23 68 2 19 108 27 96 2 17 124 26 134 2 12 102 25 121 3 14 127 25 150 28 124 3 3 56 7 76 30 64
33 3 6 127 19 138 24 169 2 1 139 18 173 3 2 108 25 134 29 118 3 3 112 19 147 20 146 2 4 89 22 79 3 5 72 14 86 26 72 3 1 125 6 178 27 172 3 3 73 7 76 30 77 3 17 46 21 40 24 46 3 7 146 24 121 25 148 2 13 183 18 226 3 8 196 17 186 29 194 3 7 11 9 13 25 13 3 7 137 24 113 25 113 3 10 52 11 42 18 45 3 3 60 7 70 30 77 4 1 196 9 137 11 162 14 172 3 6 68 12 53 20 64 2 9 67 23 86 2 14 12 26 10 2 10 148 17 145 2 15 117 24 121 3 16 17 28 20 29 22 2 4 98 22 87 2 6 41 18 39 2 19 106 27 115 3 1 21 20 19 27 22 2 6 3 20 3 3 6 183 22 170 29 169 2 17 104 26 128 2 12 98 25 110 3 14 120 25 151 28 159 3 13 164 25 141 29 136
33 3 6 127 19 138 24 169 2 1 139 18 173 3 2 108 25 134 29 118 3 3 112 19 147 20 146 2 4 89 22 79 3 5 72 14 86 26 72 3 1 125 6 178 27 172 3 3 73 7 76 30 77 3 17 46 21 40 24 46 3 7 146 24 121 25 148 2 13 183 18 226 3 8 196 17 186 29 194 3 7 11 9 13 25 13 3 7 137 24 113 25 113 3 10 52 11 42 18 45 3 3 60 7 70 30 77 4 1 196 9 137 11 162 14 172 3 6 68 12 53 20 64 2 9 67 23 86 2 14 12 26 10 2 10 148 17 145 2 15 117 24 121 3 16 17 28 20 29 22 2 4 98 22 87 2 6 41 18 39 2 19 106 27 115 3 1 21 20 19 27 22 2 6 3 20 3 3 6 183 22 170 29 169 2 17 104 26 128 2 12 98 25 110 3 14 120 25 151 28 159 3 13 164 25 141 29 136
35 2 1 159 18 155 3 2 102 25 96 29 111 3 3 109 19 118 20 116 3 2 118 25 101 29 101 2 4 94 22 98 3 5 85 14 81 26 76 3 13 176 25 177 29 146 3 1 149 6 125 27 127 3 7 13 9 11 25 12 3 7 144 24 147 25 157 2 15 157 24 139 3 8 215 17 187 29 204 3 10 53 11 47 18 53 3 6 158 19 147 24 150 2 12 127 25 101 4 1 144 9 143 11 179 14 155 2 14 10 26 12 3 6 78 12 53 20 75 2 13 231 18 174 3 16 17 28 23 29 19 2 10 138 17 134 3 1 19 20 24 27 24 2 6 53 18 46 3 2 132 25 101 29 95 2 6 2 20 2 2 19 113 27 107 2 6 51 18 44 3 17 38 21 45 24 43 3 6 171 22 171 29 184 2 9 61 23 60 2 19 88 27 93 2 17 151 26 154 2 12 130 25 111 3 14 140 25 167 28 155 3 3 81 7 72 30 64
35 2 1 159 18 155 3 2 102 25 96 29 111 3 3 109 19 118 20 116 3 2 118 25 101 29 101 2 4 94 22 98 3 5 85 14 81 26 76 3 13 176 25 177 29 146 3 1 149 6 125 27 127 3 7 13 9 11 25 12 3 7 144 24 147 25 157 2 15 157 24 139 3 8 215 17 187 29 204 3 10 53 11 47 18 53 3 6 158 19 147 24 150 2 12 127 25 101 4 1 144 9 143 11 179 14 155 2 14 10 26 12 3 6 78 12 53 20 75 2 13 231 18 174 3 16 17 28 23 29 19 2 10 138 17 134 3 1 19 20 24 27 24 2 6 53 18 46 3 2 132 25 101 29 95 2 6 2 20 2 2 19 113 27 107 2 6 51 18 44 3 17 38 21 45 24 43 3 6 171 22 171 29 184 2 9 61 23 60 2 19 88 27 93 2 17 151 26 154 2 12 130 25 111 3 14 140 25 167 28 155 3 3 81 7 72 30 64
36 2 1 178 18 158 3 2 105 25 109 29 138 3 3 155 19 139 20 112 3 2 124 25 109 29 110 3 5 85 14 68 26 70 2 4 80 22 102 3 3 73 7 72 30 57 3 1 138 6 155 27 150 3 7 142 24 137 25 148 3 8 232 17 219 29 219 3 7 12 9 10 25 13 3 10 53 11 58 18 42 3 6 177 22 138 29 143 4 1 194 9 187 11 159 14 162 3 6 77 12 68 20 57 2 19 94 27 117 3 1 21 20 25 27 22 2 14 13 26 12 2 13 214 18 190 2 15 160 24 130 3 6 53 12 67 20 70 2 6 37 18 37 3 16 23 28 19 29 20 3 10 48 11 45 18 56 2 10 190 17 191 3 14 139 25 151 28 169 2 9 60 23 57 2 17 153 26 144 2 14 11 26 12 2 6 2 20 2 2 12 122 25 133 3 7 11 9 11 25 11 3 17 40 21 42 24 45 3 16 22 28 22 29 22 3 6 143 19 167 24 178 3 13 154 25 135 29 165
36 2 1 178 18 158 3 2 105 25 109 29 138 3 3 155 19 139 20 112 3 2 124 25 109 29 110 3 5 85 14 68 26 70 2 4 80 22 102 3 3 73 7 72 30 57 3 1 138 6 155 27 150 3 7 142 24 137 25 148 3 8 232 17 219 29 219 3 7 12 9 10 25 13 3 10 53 11 58 18 42 3 6 177 22 138 29 143 4 1 194 9 187 11 159 14 162 3 6 77 12 68 20 57 2 19 94 27 117 3 1 21 20 25 27 22 2 14 13 26 12 2 13 214 18 190 2 15 160 24 130 3 6 53 12 67 20 70 2 6 37 18 37 3 16 23 28 19 29 20 3 10 48 11 45 18 56 2 10 190 17 191 3 14 139 25 151 28 169 2 9 60 23 57 2 17 153 26 144 2 14 11 26 12 2 6 2 20 2 2 12 122 25 133 3 7 11 9 11 25 11 3 17 40 21 42 24 45 3 16 22 28 22 29 22 3 6 143 19 167 24 178 3 13 154 25 135 29 165
36 2 1 178 18 158 3 2 105 25 109 29 138 3 3 155 19 139 20 112 3 2 124 25 109 29 110 3 5 85 14 68 26 70 2 4 80 22 102 3 3 73 7 72 30 57 3 1 138 6 155 27 150 3 7 142 24 137 25 148 3 8 232 17 219 29 219 3 7 12 9 10 25 13 3 10 53 11 58 18 42 3 6 177 22 138 29 143 4 1 194 9 187 11 159 14 162 3 6 77 12 68 20 57 2 19 94 27 117 3 1 21 20 25 27 22 2 14 13 26 12 2 13 214 18 190 2 15 160 24 130 3 6 53 12 67 20 70 2 6 37 18 37 3 16 23 28 19 29 20 3 10 48 11 45 18 56 2 10 190 17 191 3 14 139 25 151 28 169 2 9 60 23 57 2 17 153 26 144 2 14 11 26 12 2 6 2 20 2 2 12 122 25 133 3 7 11 9 11 25 11 3 17 40 21 42 24 45 3 16 22 28 22 29 22 3 6 143 19 167 24 178 3 13 154 25 135 29 165
36 2 1 159 18 168 3 2 94 25 105 29 98 3 3 135 19 147 20 156 2 4 109 22 100 3 5 82 14 70 26 69 2 12 128 25 112 3 5 66 14 72 26 77 3 1 163 6 132 27 131 3 7 130 24 118 25 158 2 4 104 22 108 3 8 165 17 230 29 176 2 17 130 26 104 3 7 9 9 9 25 11 3 17 42 21 35 24 41 3 10 47 11 45 18 39 4 1 166 9 174 11 193 14 151 2 6 3 20 3 3 6 61 12 74 20 56 2 13 174 18 223 2 9 76 23 75 3 13 154 25 149 29 143 2 10 137 17 157 3 6 58 12 67 20 75 3 6 125 19 134 24 182 3 6 65 12 70 20 63 2 14 11 26 12 3 6 193 22 184 29 198 2 15 163 24 163 2 13 194 18 208 3 1 27 20 22 27 18 3 16 21 28 21 29 20 3 3 74 7 82 30 64 2 6 45 18 44 2 13 174 18 184 2 19 121 27 83 3 14 166 25 157 28 134
36 2 1 159 18 168 3 2 94 25 105 29 98 3 3 135 19 147 20 156 2 4 109 22 100 3 5 82 14 70 26 69 2 12 128 25 112 3 5 66 14 72 26 77 3 1 163 6 132 27 131 3 7 130 24 118 25 158 2 4 104 22 108 3 8 165 17 230 29 176 2 17 130 26 104 3 7 9 9 9 25 11 3 17 42 21 35 24 41 3 10 47 11 45 18 39 4 1 166 9 174 11 193 14 151 2 6 3 20 3 3 6 61 12 74 20 56 2 13 174 18 223 2 9 76 23 75 3 13 154 25 149 29 143 2 10 137 17 157 3 6 58 12 67 20 75 3 6 125 19 134 24 182 3 6 65 12 70 20 63 2 14 11 26 12 3 6 193 22 184 29 198 2 15 163 24 163 2 13 194 18 208 3 1 27 20 22 27 18 3 16 21 28 21 29 20 3 3 74 7 82 30 64 2 6 45 18 44 2 13 174 18 184 2 19 121 27 83 3 14 166 25 157 28 134
36 2 1 136 18 135 3 2 116 25 104 29 104 3 3 123 19 114 20 120 3 2 105 25 130 29 130 3 5 73 14 66 26 80 2 4 92 22 84 3 3 56 7 77 30 69 3 1 142 6 130 27 126 3 7 137 24 158 25 153 3 8 169 17 218 29 174 3 7 10 9 9 25 10 3 10 57 11 46 18 40 3 6 152 22 144 29 159 4 1 178 9 163 11 146 14 144 3 6 67 12 58 20 70 2 19 89 27 108 3 1 24 20 26 27 26 2 14 10 26 10 2 13 207 18 236 2 15 133 24 112 3 6 68 12 53 20 59 2 6 40 18 47 3 16 20 28 16 29 19 3 10 49 11 46 18 41 2 10 144 17 131 3 14 172 25 139 28 139 2 9 67 23 68 2 17 120 26 147 2 14 10 26 14 2 6 2 20 2 2 12 114 25 124 3 7 11 9 13 25 11 3 17 46 21 37 24 38 3 16 22 28 17 29 17 3 6 144 19 148 24 162 3 13 128 25 153 29 132
34 2 1 137 18 167 3 2 120 25 135 29 99 2 15 154 24 131 3 13 150 25 120 29 153 3 7 157 24 111 25 137 3 3 152 19 155 20 122 2 4 111 22 98 4 1 175 9 160 11 164 14 148 2 12 120 25 104 2 15 136 24 158 3 5 61 14 60 26 62 3 1 171 6 156 27 165 3 8 161 17 201 29 191 3 7 13 9 10 25 13 3 10 50 11 50 18 40 3 6 67 12 76 20 57 2 9 57 23 66 2 13 213 18 196 2 14 10 26 11 3 16 17 28 20 29 22 3 17 41 21 44 24 44 3 1 23 20 22 27 19 3 17 46 21 38 24 49 2 10 139 17 145 3 3 73 7 71 30 77 2 13 198 18 175 3 6 172 22 166 29 180 2 6 40 18 36 3 6 134 19 150 24 162 2 19 111 27 114 3 7 124 24 118 25 125 3 14 140 25 126 28 155 2 6 3 20 2 2 17 150 26 146
36 2 1 152 18 138 3 2 101 25 124 29 131 2 1 127 18 166 2 12 126 25 104 3 3 135 19 159 20 149 2 1 119 18 164 2 4 104 22 109 3 5 63 14 67 26 66 3 6 144 22 182 29 176 3 3 143 19 131 20 108 3 1 170 6 124 27 139 3 7 161 24 121 25 120 3 8 165 17 185 29 172 3 7 13 9 10 25 13 2 19 91 27 119 3 10 42 11 48 18 43 4 1 134 9 188 11 158 14 134 3 17 46 21 43 24 38 3 6 69 12 64 20 73 2 13 192 18 181 2 14 10 26 11 3 6 152 19 139 24 158 2 14 10 26 12 3 16 22 28 20 29 20 2 6 2 20 3 3 7 10 9 12 25 11 2 6 50 18 46 2 15 162 24 132 2 10 138 17 170 2 17 117 26 138 2 9 62 23 73 3 1 18 20 24 27 24 3 14 157 25 139 28 173 3 13 160 25 166 29 134 2 13 162 18 223 3 3 55 7 72 30 77
36 2 1 152 18 138 3 2 101 25 124 29 131 2 1 127 18 166 2 12 126 25 104 3 3 135 19 159 20 149 2 1 119 18 164 2 4 104 22 109 3 5 63 14 67 26 66 3 6 144 22 182 29 176 3 3 143 19 131 20 108 3 1 170 6 124 27 139 3 7 161 24 121 25 120 3 8 165 17 185 29 172 3 7 13 9 10 25 13 2 19 91 27 119 3 10 42 11 48 18 43 4 1 134 9 188 11 158 14 134 3 17 46 21 43 24 38 3 6 69 12 64 20 73 2 13 192 18 181 2 14 10 26 11 3 6 152 19 139 24 158 2 14 10 26 12 3 16 22 28 20 29 20 2 6 2 20 3 3 7 10 9 12 25 11 2 6 50 18 46 2 15 162 24 132 2 10 138 17 170 2 17 117 26 138 2 9 62 23 73 3 1 18 20 24 27 24 3 14 157 25 139 28 173 3 13 160 25 166 29 134 2 13 162 18 223 3 3 55 7 72 30 77
36 2 1 152 18 138 3 2 101 25 124 29 131 2 1 127 18 166 2 12 126 25 104 3 3 135 19 159 20 149 2 1 119 18 164 2 4 104 22 109 3 5 63 14 67 26 66 3 6 144 22 182 29 176 3 3 143 19 131 20 108 3 1 170 6 124 27 139 3 7 161 24 121 25 120 3 8 165 17 185 29 172 3 7 13 9 10 25 13 2 19 91 27 119 3 10 42 11 48 18 43 4 1 134 9 188 11 158 14 134 3 17 46 21 43 24 38 3 6 69 12 64 20 73 2 13 192 18 181 2 14 10 26 11 3 6 152 19 139 24 158 2 14 10 26 12 3 16 22 28 20 29 20 2 6 2 20 3 3 7 10 9 12 25 11 2 6 50 18 46 2 15 162 24 132 2 10 138 17 170 2 17 117 26 138 2 9 62 23 73 3 1 18 20 24 27 24 3 14 157 25 139 28 173 3 13 160 25 166 29 134 2 13 162 18 223 3 3 55 7 72 30 77
33 3 6 142 19 174 24 148 2 1 171 18 144 3 2 141 25 116 29 132 3 3 120 19 109 20 133 2 4 95 22 95 3 5 65 14 65 26 73 3 1 152 6 121 27 134 3 3 78 7 67 30 68 3 17 41 21 36 24 40 3 7 112 24 110 25 115 2 13 172 18 172 3 8 217 17 198 29 224 3 7 10 9 11 25 13 3 7 156 24 136 25 116 3 10 58 11 41 18 43 3 3 68 7 80 30 63 4 1 165 9 174 11 195 14 162 3 6 69 12 58 20 72 2 9 80 23 75 2 14 12 26 10 2 10 149 17 182 2 15 119 24 163 3 16 22 28 18 29 17 2 4 107 22 82 2 6 51 18 40 2 19 86 27 91 3 1 25 20 21 27 23 2 6 3 20 2 3 6 155 22 189 29 170 2 17 120 26 106 2 12 96 25 138 3 14 158 25 134 28 156 3 13 120 25 156 29 128
33 3 6 142 19 174 24 148 2 1 171 18 144 3 2 141 25 116 29 132 3 3 120 19 109 20 133 2 4 95 22 95 3 5 65 14 65 26 73 3 1 152 6 121 27 134 3 3 78 7 67 30 68 3 17 41 21 36 24 40 3 7 112 24 110 25 115 2 13 172 18 172 3 8 217 17 198 29 224 3 7 10 9 11 25 13 3 7 156 24 136 25 116 3 10 58 11 41 18 43 3 3 68 7 80 30 63 4 1 165 9 174 11 195 14 162 3 6 69 12 58 20 72 2 9 80 23 75 2 14 12 26 10 2 10 149 17 182 2 15 119 24 163 3 16 22 28 18 29 17 2 4 107 22 82 2 6 51 18 40 2 19 86 27 91 3 1 25 20 21 27 23 2 6 3 20 2 3 6 155 22 189 29 170 2 17 120 26 106 2 12 96 25 138 3 14 158 25 134 28 156 3 13 120 25 156 29 128
35 2 1 162 18 172 3 2 114 25 94 29 103 3 3 143 19 137 20 125 3 2 140 25 139 29 124 2 4 80 22 98 3 5 58 14 66 26 78 3 13 167 25 171 29 122 3 1 132 6 168 27 164 3 7 10 9 14 25 10 3 7 150 24 134 25 143 2 15 141 24 116 3 8 189 17 206 29 222 3 10 56 11 52 18 53 3 6 186 19 145 24 156 2 12 124 25 98 4 1 145 9 147 11 179 14 181 2 14 10 26 10 3 6 73 12 76 20 64 2 13 194 18 179 3 16 21 28 23 29 19 2 10 169 17 188 3 1 19 20 25 27 23 2 6 39 18 42 3 2 96 25 114 29 119 2 6 3 20 3 2 19 116 27 92 2 6 38 18 43 3 17 52 21 37 24 49 3 6 144 22 173 29 178 2 9 70 23 80 2 19 99 27 118 2 17 128 26 152 2 12 133 25 122 3 14 154 25 153 28 122 3 3 67 7 61 30 59
33 3 6 65 12 73 20 75 2 12 101 25 128 2 1 146 18 145 3 2 107 25 102 29 99 2 1 156 18 159 4 1 190 9 135 11 165 14 152 3 3 125 19 108 20 152 2 4 92 22 83 3 6 152 19 173 24 181 3 8 194 17 204 29 190 3 5 66 14 73 26 85 3 1 139 6 175 27 172 3 14 158 25 145 28 125 3 7 156 24 154 25 108 3 7 13 9 9 25 13 3 10 58 11 56 18 56 3 1 20 20 20 27 19 2 13 180 18 162 2 14 9 26 10 2 15 122 24 129 3 16 20 28 18 29 19 2 10 182 17 169 2 6 47 18 39 2 19 99 27 106 2 9 64 23 85 3 6 159 22 190 29 134 3 1 174 6 138 27 169 2 6 3 20 3 3 17 49 21 49 24 41 2 17 149 26 128 3 3 159 19 139 20 128 3 3 79 7 75 30 65 3 13 134 25 159 29 172
33 3 6 65 12 73 20 75 2 12 101 25 128 2 1 146 18 145 3 2 107 25 102 29 99 2 1 156 18 159 4 1 190 9 135 11 165 14 152 3 3 125 19 108 20 152 2 4 92 22 83 3 6 152 19 173 24 181 3 8 194 17 204 29 190 3 5 66 14 73 26 85 3 1 139 6 175 27 172 3 14 158 25 145 28 125 3 7 156 24 154 25 108 3 7 13 9 9 25 13 3 10 58 11 56 18 56 3 1 20 20 20 27 19 2 13 180 18 162 2 14 9 26 10 2 15 122 24 129 3 16 20 28 18 29 19 2 10 182 17 169 2 6 47 18 39 2 19 99 27 106 2 9 64 23 85 3 6 159 22 190 29 134 3 1 174 6 138 27 169 2 6 3 20 3 3 17 49 21 49 24 41 2 17 149 26 128 3 3 159 19 139 20 128 3 3 79 7 75 30 65 3 13 134 25 159 29 172
33 3 6 65 12 73 20 75 2 12 101 25 128 2 1 146 18 145 3 2 107 25 102 29 99 2 1 156 18 159 4 1 190 9 135 11 165 14 152 3 3 125 19 108 20 152 2 4 92 22 83 3 6 152 19 173 24 181 3 8 194 17 204 29 190 3 5 66 14 73 26 85 3 1 139 6 175 27 172 3 14 158 25 145 28 125 3 7 156 24 154 25 108 3 7 13 9 9 25 13 3 10 58 11 56 18 56 3 1 20 20 20 27 19 2 13 180 18 162 2 14 9 26 10 2 15 122 24 129 3 16 20 28 18 29 19 2 10 182 17 169 2 6 47 18 39 2 19 99 27 106 2 9 64 23 85 3 6 159 22 190 29 134 3 1 174 6 138 27 169 2 6 3 20 3 3 17 49 21 49 24 41 2 17 149 26 128 3 3 159 19 139 20 128 3 3 79 7 75 30 65 3 13 134 25 159 29 172
33 3 6 65 12 73 20 75 2 12 101 25 128 2 1 146 18 145 3 2 107 25 102 29 99 2 1 156 18 159 4 1 190 9 135 11 165 14 152 3 3 125 19 108 20 152 2 4 92 22 83 3 6 152 19 173 24 181 3 8 194 17 204 29 190 3 5 66 14 73 26 85 3 1 139 6 175 27 172 3 14 158 25 145 28 125 3 7 156 24 154 25 108 3 7 13 9 9 25 13 3 10 58 11 56 18 56 3 1 20 20 20 27 19 2 13 180 18 162 2 14 9 26 10 2 15 122 24 129 3 16 20 28 18 29 19 2 10 182 17 169 2 6 47 18 39 2 19 99 27 106 2 9 64 23 85 3 6 159 22 190 29 134 3 1 174 6 138 27 169 2 6 3 20 3 3 17 49 21 49 24 41 2 17 149 26 128 3 3 159 19 139 20 128 3 3 79 7 75 30 65 3 13 134 25 159 29 172
36 2 4 89 22 109 2 1 133 18 170 2 4 83 22 106 3 6 60 12 58 20 68 3 5 75 14 83 26 78 3 2 136 25 123 29 107 3 7 10 9 10 25 12 3 5 61 14 68 26 63 3 3 114 19 148 20 119 3 6 79 12 66 20 76 3 1 157 6 170 27 128 3 7 129 24 108 25 130 3 8 197 17 194 29 181 3 10 43 11 46 18 43 2 13 183 18 167 2 14 10 26 11 2 17 125 26 122 2 14 13 26 12 4 1 192 9 135 11 160 14 149 2 15 129 24 116 3 6 54 12 57 20 78 3 16 19 28 21 29 23 2 10 169 17 154 2 6 46 18 50 3 3 61 7 63 30 68 2 19 110 27 112 2 6 2 20 2 3 17 44 21 45 24 37 3 6 142 22 177 29 185 2 1 123 18 146 3 6 154 19 157 24 171 2 9 73 23 81 2 12 113 25 127 3 1 20 20 18 27 26 3 14 135 25 136 28 141 3 13 133 25 159 29 139
33 3 6 59 12 72 20 65 2 12 110 25 115 2 1 165 18 122 3 2 109 25 128 29 113 2 1 174 18 126 4 1 151 9 174 11 195 14 135 3 3 159 19 110 20 124 2 4 92 22 98 3 6 135 19 174 24 180 3 8 168 17 179 29 193 3 5 78 14 69 26 76 3 1 134 6 148 27 124 3 14 153 25 162 28 151 3 7 138 24 136 25 133 3 7 11 9 10 25 13 3 10 42 11 45 18 56 3 1 22 20 21 27 19 2 13 184 18 170 2 14 10 26 11 2 15 113 24 116 3 16 22 28 18 29 23 2 10 136 17 164 2 6 39 18 46 2 19 118 27 116 2 9 60 23 80 3 6 144 22 189 29 143 3 1 167 6 122 27 175 2 6 2 20 2 3 17 48 21 48 24 36 2 17 123 26 153 3 3 115 19 148 20 149 3 3 82 7 58 30 66 3 13 152 25 146 29 130
33 3 6 59 12 72 20 65 2 12 110 25 115 2 1 165 18 122 3 2 109 25 128 29 113 2 1 174 18 126 4 1 151 9 174 11 195 14 135 3 3 159 19 110 20 124 2 4 92 22 98 3 6 135 19 174 24 180 3 8 168 17 179 29 193 3 5 78 14 69 26 76 3 1 134 6 148 27 124 3 14 153 25 162 28 151 3 7 138 24 136 25 133 3 7 11 9 10 25 13 3 10 42 11 45 18 56 3 1 22 20 21 27 19 2 13 184 18 170 2 14 10 26 11 2 15 113 24 116 3 16 22 28 18 29 23 2 10 136 17 164 2 6 39 18 46 2 19 118 27 116 2 9 60 23 80 3 6 144 22 189 29 143 3 1 167 6 122 27 175 2 6 2 20 2 3 17 48 21 48 24 36 2 17 123 26 153 3 3 115 19 148 20 149 3 3 82 7 58 30 66 3 13 152 25 146 29 130
39 2 1 153 18 164 3 2 108 25 104 29 133 3 3 108 19 129 20 136 3 2 100 25 104 29 110 2 4 93 22 84 2 14 11 26 13 3 3 124 19 112 20 141 2 12 106 25 103 3 3 114 19 110 20 148 3 17 43 21 41 24 45 2 14 11 26 14 3 6 63 12 67 20 54 3 5 59 14 84 26 62 2 15 130 24 110 2 6 3 20 3 3 14 144 25 128 28 130 3 1 172 6 137 27 130 3 13 166 25 146 29 165 3 7 152 24 144 25 157 3 8 192 17 199 29 218 3 7 13 9 13 25 13 3 3 64 7 82 30 74 3 7 134 24 142 25 127 3 10 52 11 45 18 56 4 1 186 9 134 11 170 14 161 2 13 190 18 223 3 14 161 25 129 28 121 2 6 37 18 39 3 16 20 28 23 29 16 2 17 139 26 118 3 14 122 25 123 28 169 2 19 83 27 118 3 14 141 25 148 28 154 2 10 186 17 168 2 17 120 26 123 2 9 60 23 78 3 6 188 22 180 29 185 3 6 140 19 131 24 128 3 1 21 20 27 27 26
39 2 1 153 18 164 3 2 108 25 104 29 133 3 3 108 19 129 20 136 3 2 100 25 104 29 110 2 4 93 22 84 2 14 11 26 13 3 3 124 19 112 20 141 2 12 106 25 103 3 3 114 19 110 20 148 3 17 43 21 41 24 45 2 14 11 26 14 3 6 63 12 67 20 54 3 5 59 14 84 26 62 2 15 130 24 110 2 6 3 20 3 3 14 144 25 128 28 130 3 1 172 6 137 27 130 3 13 166 25 146 29 165 3 7 152 24 144 25 157 3 8 192 17 199 29 218 3 7 13 9 13 25 13 3 3 64 7 82 30 74 3 7 134 24 142 25 127 3 10 52 11 45 18 56 4 1 186 9 134 11 170 14 161 2 13 190 18 223 3 14 161 25 129 28 121 2 6 37 18 39 3 16 20 28 23 29 16 2 17 139 26 118 3 14 122 25 123 28 169 2 19 83 27 118 3 14 141 25 148 28 154 2 10 186 17 168 2 17 120 26 123 2 9 60 23 78 3 6 188 22 180 29 185 3 6 140 19 131 24 128 3 1 21 20 27 27 26
35 2 1 152 18 164 3 2 123 25 115 29 134 3 6 75 12 63 20 65 3 3 68 7 62 30 74 3 3 151 19 145 20 148 3 6 139 22 180 29 134 2 4 100 22 110 3 6 184 22 139 29 160 3 5 78 14 59 26 70 3 1 143 6 159 27 172 2 4 92 22 93 3 8 171 17 204 29 222 3 7 129 24 140 25 127 2 6 46 18 42 3 7 12 9 10 25 12 2 6 3 20 2 3 5 75 14 71 26 59 3 10 47 11 49 18 51 3 16 22 28 23 29 19 4 1 171 9 138 11 142 14 162 2 13 176 18 193 2 14 13 26 11 3 17 50 21 51 24 36 2 19 120 27 98 2 15 149 24 121 2 10 184 17 186 3 6 63 12 75 20 75 2 9 85 23 74 3 6 161 19 182 24 132 3 13 140 25 163 29 177 2 17 151 26 139 3 14 131 25 144 28 174 2 12 127 25 139 2 4 97 22 97 3 1 19 20 21 27 23
35 2 1 127 18 121 3 2 107 25 108 29 96 3 6 75 12 57 20 65 3 3 70 7 62 30 60 3 3 157 19 133 20 157 3 6 157 22 173 29 140 2 4 87 22 83 3 6 148 22 133 29 167 3 5 83 14 73 26 66 3 1 139 6 167 27 149 2 4 83 22 96 3 8 191 17 169 29 198 3 7 156 24 113 25 109 2 6 51 18 37 3 7 14 9 11 25 14 2 6 2 20 3 3 5 80 14 74 26 59 3 10 53 11 55 18 54 3 16 22 28 22 29 21 4 1 197 9 141 11 150 14 183 2 13 211 18 199 2 14 13 26 13 3 17 36 21 35 24 39 2 19 113 27 82 2 15 158 24 161 2 10 172 17 163 3 6 74 12 67 20 74 2 9 80 23 72 3 6 142 19 154 24 155 3 13 146 25 167 29 163 2 17 125 26 142 3 14 163 25 146 28 125 2 12 109 25 139 2 4 102 22 109 3 1 23 20 22 27 22
35 2 1 127 18 121 3 2 107 25 108 29 96 3 6 75 12 57 20 65 3 3 70 7 62 30 60 3 3 157 19 133 20 157 3 6 157 22 173 29 140 2 4 87 22 83 3 6 148 22 133 29 167 3 5 83 14 73 26 66 3 1 139 6 167 27 149 2 4 83 22 96 3 8 191 17 169 29 198 3 7 156 24 113 25 109 2 6 51 18 37 3 7 14 9 11 25 14 2 6 2 20 3 3 5 80 14 74 26 59 3 10 53 11 55 18 54 3 16 22 28 22 29 21 4 1 197 9 141 11 150 14 183 2 13 211 18 199 2 14 13 26 13 3 17 36 21 35 24 39 2 19 113 27 82 2 15 158 24 161 2 10 172 17 163 3 6 74 12 67 20 74 2 9 80 23 72 3 6 142 19 154 24 155 3 13 146 25 167 29 163 2 17 125 26 142 3 14 163 25 146 28 125 2 12 109 25 139 2 4 102 22 109 3 1 23 20 22 27 22
35 2 1 165 18 138 3 2 129 25 134 29 102 3 3 134 19 121 20 134 3 2 115 25 135 29 118 2 4 78 22 108 3 5 68 14 80 26 59 3 13 142 25 148 29 148 3 1 157 6 136 27 163 3 7 11 9 9 25 12 3 7 134 24 143 25 134 2 15 129 24 141 3 8 160 17 157 29 199 3 10 51 11 50 18 55 3 6 170 19 176 24 151 2 12 137 25 140 4 1 181 9 157 11 177 14 168 2 14 13 26 9 3 6 68 12 52 20 70 2 13 166 18 206 3 16 20 28 19 29 17 2 10 158 17 143 3 1 27 20 19 27 20 2 6 46 18 49 3 2 99 25 131 29 131 2 6 2 20 2 2 19 107 27 89 2 6 44 18 47 3 17 45 21 47 24 38 3 6 171 22 149 29 144 2 9 75 23 73 2 19 93 27 108 2 17 140 26 135 2 12 132 25 104 3 14 140 25 132 28 139 3 3 59 7 62 30 55
35 2 1 165 18 138 3 2 129 25 134 29 102 3 3 134 19 121 20 134 3 2 115 25 135 29 118 2 4 78 22 108 3 5 68 14 80 26 59 3 13 142 25 148 29 148 3 1 157 6 136 27 163 3 7 11 9 9 25 12 3 7 134 24 143 25 134 2 15 129 24 141 3 8 160 17 157 29 199 3 10 51 11 50 18 55 3 6 170 19 176 24 151 2 12 137 25 140 4 1 181 9 157 11 177 14 168 2 14 13 26 9 3 6 68 12 52 20 70 2 13 166 18 206 3 16 20 28 19 29 17 2 10 158 17 143 3 1 27 20 19 27 20 2 6 46 18 49 3 2 99 25 131 29 131 2 6 2 20 2 2 19 107 27 89 2 6 44 18 47 3 17 45 21 47 24 38 3 6 171 22 149 29 144 2 9 75 23 73 2 19 93 27 108 2 17 140 26 135 2 12 132 25 104 3 14 140 25 132 28 139 3 3 59 7 62 30 55
35 2 1 125 18 141 2 14 14 26 11 3 2 133 25 140 29 137 3 3 126 19 156 20 115 4 1 183 9 151 11 132 14 189 2 4 88 22 79 3 5 82 14 65 26 70 3 1 182 6 153 27 139 3 7 157 24 137 25 155 3 8 229 17 211 29 174 3 7 9 9 13 25 13 3 10 39 11 49 18 51 3 5 69 14 68 26 83 2 15 134 24 116 2 17 104 26 112 2 12 108 25 125 2 17 131 26 104 3 6 59 12 75 20 75 3 17 41 21 49 24 41 2 13 223 18 213 2 12 129 25 108 3 16 17 28 21 29 16 2 10 189 17 181 2 6 53 18 53 4 1 134 9 197 11 154 14 171 2 19 97 27 117 2 6 2 20 2 3 3 66 7 66 30 81 3 6 165 22 156 29 154 2 9 71 23 71 3 6 185 19 166 24 187 3 13 150 25 128 29 166 3 2 134 25 122 29 97 3 1 21 20 20 27 23 3 14 137 25 117 28 123
33 2 1 159 18 126 3 2 104 25 130 29 134 3 6 65 12 77 20 67 3 3 121 19 111 20 159 3 1 21 20 20 27 20 3 16 20 28 21 29 16 2 4 104 22 95 3 14 152 25 168 28 157 2 15 162 24 132 3 5 80 14 81 26 87 3 6 196 22 178 29 137 3 1 146 6 170 27 136 2 17 153 26 126 3 7 149 24 109 25 127 2 12 97 25 133 3 3 122 19 118 20 107 3 8 224 17 202 29 211 3 7 10 9 14 25 9 3 10 47 11 45 18 56 2 10 157 17 145 2 19 101 27 110 4 1 176 9 147 11 141 14 197 2 13 190 18 194 2 14 11 26 10 3 6 58 12 70 20 74 2 6 43 18 39 2 6 3 20 3 3 17 46 21 45 24 50 3 13 131 25 157 29 178 3 3 80 7 60 30 69 3 5 78 14 84 26 62 2 9 77 23 57 3 6 174 19 165 24 183
36 2 1 148 18 173 3 2 137 25 110 29 108 3 3 122 19 110 20 142 3 2 94 25 115 29 117 3 5 86 14 70 26 86 2 4 101 22 78 3 3 81 7 63 30 61 3 1 145 6 144 27 126 3 7 141 24 143 25 121 3 8 171 17 161 29 163 3 7 10 9 13 25 10 3 10 54 11 44 18 42 3 6 193 22 167 29 157 4 1 170 9 163 11 163 14 139 3 6 70 12 54 20 68 2 19 116 27 94 3 1 20 20 20 27 23 2 14 13 26 13 2 13 171 18 236 2 15 144 24 112 3 6 70 12 62 20 64 2 6 36 18 49 3 16 21 28 17 29 19 3 10 39 11 58 18 56 2 10 138 17 181 3 14 156 25 121 28 124 2 9 60 23 78 2 17 145 26 105 2 14 13 26 13 2 6 2 20 2 2 12 135 25 114 3 7 11 9 11 25 13 3 17 38 21 46 24 43 3 16 21 28 16 29 22 3 6 156 19 158 24 136 3 13 143 25 168 29 139
36 2 1 148 18 173 3 2 137 25 110 29 108 3 3 122 19 110 20 142 3 2 94 25 115 29 117 3 5 86 14 70 26 86 2 4 101 22 78 3 3 81 7 63 30 61 3 1 145 6 144 27 126 3 7 141 24 143 25 121 3 8 171 17 161 29 163 3 7 10 9 13 25 10 3 10 54 11 44 18 42 3 6 193 22 167 29 157 4 1 170 9 163 11 163 14 139 3 6 70 12 54 20 68 2 19 116 27 94 3 1 20 20 20 27 23 2 14 13 26 13 2 13 171 18 236 2 15 144 24 112 3 6 70 12 62 20 64 2 6 36 18 49 3 16 21 28 17 29 19 3 10 39 11 58 18 56 2 10 138 17 181 3 14 156 25 121 28 124 2 9 60 23 78 2 17 145 26 105 2 14 13 26 13 2 6 2 20 2 2 12 135 25 114 3 7 11 9 11 25 13 3 17 38 21 46 24 43 3 16 21 28 16 29 22 3 6 156 19 158 24 136 3 13 143 25 168 29 139
36 2 1 156 18 154 3 8 182 17 156 29 220 3 2 137 25 111 29 99 2 13 198 18 188 3 3 160 19 150 20 135 2 4 76 22 79 3 5 66 14 83 26 63 2 1 175 18 124 3 1 152 6 173 27 168 2 13 195 18 224 3 7 149 24 158 25 157 3 7 11 9 12 25 10 2 10 165 17 171 3 1 161 6 148 27 154 3 10 47 11 56 18 43 2 1 123 18 169 4 1 175 9 182 11 179 14 152 3 6 141 19 173 24 130 3 6 73 12 53 20 57 2 14 12 26 12 2 15 118 24 159 3 16 18 28 20 29 17 2 6 53 18 47 2 19 114 27 89 2 6 2 20 2 3 7 13 9 12 25 10 3 14 142 25 163 28 130 2 9 81 23 66 3 17 43 21 50 24 42 3 6 157 22 145 29 162 2 12 108 25 134 2 17 105 26 129 3 3 79 7 82 30 71 3 13 163 25 128 29 160 3 7 11 9 11 25 10 3 1 27 20 22 27 24
37 2 1 167 18 134 3 2 139 25 98 29 128 3 3 123 19 143 20 155 2 1 148 18 158 3 6 147 19 182 24 176 2 4 109 22 93 3 5 82 14 84 26 83 3 1 142 6 158 27 178 3 7 134 24 160 25 119 3 8 187 17 209 29 168 3 6 64 12 71 20 70 2 1 149 18 171 3 7 12 9 11 25 13 3 3 81 7 68 30 74 3 10 45 11 51 18 46 2 19 84 27 116 4 1 164 9 162 11 164 14 192 2 13 202 18 160 2 14 11 26 11 3 6 67 12 71 20 54 2 15 146 24 160 3 16 23 28 19 29 21 2 10 167 17 194 2 6 37 18 53 3 8 172 17 231 29 170 2 6 2 20 3 3 3 69 7 57 30 74 3 17 50 21 44 24 38 2 12 114 25 135 3 6 158 22 193 29 161 3 6 61 12 60 20 53 3 13 130 25 132 29 171 2 9 68 23 65 3 14 129 25 144 28 140 2 17 141 26 117 2 6 2 20 3 3 1 19 20 20 27 18
33 3 6 56 12 56 20 61 2 12 133 25 115 2 1 140 18 150 3 2 108 25 125 29 117 2 1 177 18 177 4 1 195 9 167 11 173 14 163 3 3 124 19 138 20 137 2 4 97 22 86 3 6 164 19 152 24 168 3 8 219 17 179 29 200 3 5 73 14 70 26 69 3 1 128 6 137 27 180 3 14 123 25 162 28 154 3 7 111 24 161 25 131 3 7 11 9 10 25 12 3 10 58 11 54 18 53 3 1 26 20 25 27 20 2 13 165 18 182 2 14 10 26 12 2 15 124 24 136 3 16 23 28 20 29 19 2 10 138 17 176 2 6 50 18 52 2 19 87 27 110 2 9 77 23 75 3 6 136 22 163 29 173 3 1 122 6 159 27 149 2 6 3 20 3 3 17 40 21 44 24 42 2 17 110 26 127 3 3 131 19 159 20 115 3 3 58 7 75 30 78 3 13 131 25 146 29 120
36 2 1 170 18 157 3 2 135 25 120 29 136 2 1 147 18 159 2 12 111 25 113 3 3 132 19 155 20 146 2 1 160 18 149 2 4 92 22 105 3 5 67 14 80 26 78 3 6 190 22 136 29 198 3 3 135 19 157 20 131 3 1 134 6 135 27 121 3 7 143 24 144 25 150 3 8 210 17 216 29 228 3 7 14 9 10 25 11 2 19 91 27 103 3 10 43 11 44 18 43 4 1 145 9 153 11 142 14 185 3 17 40 21 40 24 44 3 6 53 12 77 20 76 2 13 159 18 211 2 14 11 26 14 3 6 162 19 178 24 151 2 14 14 26 11 3 16 23 28 22 29 17 2 6 2 20 3 3 7 13 9 14 25 11 2 6 49 18 44 2 15 130 24 118 2 10 135 17 149 2 17 148 26 136 2 9 63 23 63 3 1 22 20 24 27 21 3 14 164 25 125 28 137 3 13 129 25 141 29 127 2 13 180 18 182 3 3 64 7 72 30 56
36 2 1 127 18 160 3 2 127 25 111 29 128 2 1 142 18 153 2 12 137 25 119 3 3 126 19 115 20 130 2 1 142 18 164 2 4 80 22 96 3 5 78 14 67 26 80 3 6 188 22 133 29 199 3 3 159 19 154 20 153 3 1 152 6 151 27 138 3 7 141 24 146 25 151 3 8 225 17 227 29 194 3 7 11 9 11 25 9 2 19 83 27 83 3 10 43 11 41 18 46 4 1 193 9 169 11 190 14 155 3 17 42 21 45 24 45 3 6 60 12 68 20 56 2 13 165 18 202 2 14 13 26 12 3 6 163 19 152 24 132 2 14 11 26 12 3 16 21 28 20 29 21 2 6 3 20 3 3 7 9 9 9 25 10 2 6 53 18 44 2 15 164 24 139 2 10 140 17 150 2 17 151 26 138 2 9 64 23 60 3 1 25 20 25 27 20 3 14 160 25 164 28 154 3 13 159 25 150 29 122 2 13 225 18 185 3 3 69 7 80 30 61
39 2 1 155 18 146 3 2 130 25 106 29 126 3 3 132 19 110 20 115 3 2 128 25 115 29 136 2 4 78 22 110 2 14 10 26 13 3 3 125 19 115 20 132 2 12 127 25 115 3 3 144 19 121 20 124 3 17 48 21 37 24 52 2 14 10 26 12 3 6 69 12 54 20 72 3 5 70 14 83 26 66 2 15 154 24 144 2 6 3 20 2 3 14 122 25 165 28 150 3 1 138 6 162 27 132 3 13 150 25 146 29 161 3 7 122 24 130 25 121 3 8 185 17 189 29 200 3 7 14 9 10 25 10 3 3 76 7 59 30 82 3 7 138 24 131 25 120 3 10 54 11 42 18 53 4 1 197 9 135 11 188 14 178 2 13 227 18 183 3 14 158 25 146 28 117 2 6 48 18 44 3 16 16 28 22 29 22 2 17 131 26 110 3 14 130 25 151 28 158 2 19 110 27 92 3 14 159 25 132 28 126 2 10 139 17 145 2 17 138 26 123 2 9 69 23 71 3 6 164 22 183 29 149 3 6 158 19 132 24 183 3 1 22 20 25 27 23
39 2 1 155 18 146 3 2 130 25 106 29 126 3 3 132 19 110 20 115 3 2 128 25 115 29 136 2 4 78 22 110 2 14 10 26 13 3 3 125 19 115 20 132 2 12 127 25 115 3 3 144 19 121 20 124 3 17 48 21 37 24 52 2 14 10 26 12 3 6 69 12 54 20 72 3 5 70 14 83 26 66 2 15 154 24 144 2 6 3 20 2 3 14 122 25 165 28 150 3 1 138 6 162 27 132 3 13 150 25 146 29 161 3 7 122 24 130 25 121 3 8 185 17 189 29 200 3 7 14 9 10 25 10 3 3 76 7 59 30 82 3 7 138 24 131 25 120 3 10 54 11 42 18 53 4 1 197 9 135 11 188 14 178 2 13 227 18 183 3 14 158 25 146 28 117 2 6 48 18 44 3 16 16 28 22 29 22 2 17 131 26 110 3 14 130 25 151 28 158 2 19 110 27 92 3 14 159 25 132 28 126 2 10 139 17 145 2 17 138 26 123 2 9 69 23 71 3 6 164 22 183 29 149 3 6 158 19 132 24 183 3 1 22 20 25 27 23
39 2 1 155 18 146 3 2 130 25 106 29 126 3 3 132 19 110 20 115 3 2 128 25 115 29 136 2 4 78 22 110 2 14 10 26 13 3 3 125 19 115 20 132 2 12 127 25 115 3 3 144 19 121 20 124 3 17 48 21 37 24 52 2 14 10 26 12 3 6 69 12 54 20 72 3 5 70 14 83 26 66 2 15 154 24 144 2 6 3 20 2 3 14 122 25 165 28 150 3 1 138 6 162 27 132 3 13 150 25 146 29 161 3 7 122 24 130 25 121 3 8 185 17 189 29 200 3 7 14 9 10 25 10 3 3 76 7 59 30 82 3 7 138 24 131 25 120 3 10 54 11 42 18 53 4 1 197 9 135 11 188 14 178 2 13 227 18 183 3 14 158 25 146 28 117 2 6 48 18 44 3 16 16 28 22 29 22 2 17 131 26 110 3 14 130 25 151 28 158 2 19 110 27 92 3 14 159 25 132 28 126 2 10 139 17 145 2 17 138 26 123 2 9 69 23 71 3 6 164 22 183 29 149 3 6 158 19 132 24 183 3 1 22 20 25 27 23
36 2 1 172 18 145 3 2 109 25 128 29 95 3 3 132 19 125 20 148 3 2 124 25 97 29 121 3 5 63 14 67 26 79 2 4 106 22 84 3 3 77 7 56 30 76 3 1 158 6 167 27 125 3 7 137 24 160 25 155 3 8 222 17 228 29 230 3 7 13 9 11 25 12 3 10 42 11 43 18 56 3 6 176 22 150 29 142 4 1 188 9 144 11 147 14 184 3 6 74 12 77 20 62 2 19 81 27 114 3 1 20 20 26 27 23 2 14 13 26 12 2 13 171 18 159 2 15 160 24 121 3 6 67 12 79 20 56 2 6 43 18 45 3 16 17 28 20 29 18 3 10 43 11 39 18 44 2 10 132 17 176 3 14 147 25 165 28 127 2 9 57 23 57 2 17 107 26 154 2 14 10 26 13 2 6 3 20 2 2 12 121 25 131 3 7 11 9 10 25 13 3 17 38 21 52 24 47 3 16 18 28 21 29 19 3 6 142 19 186 24 131 3 13 123 25 159 29 166
35 2 1 177 18 120 2 14 9 26 10 3 2 115 25 96 29 102 3 3 82 7 73 30 76 3 2 140 25 118 29 106 3 3 154 19 145 20 136 2 4 76 22 95 3 5 64 14 61 26 64 2 4 101 22 103 3 6 53 12 65 20 62 3 1 182 6 153 27 139 3 7 146 24 155 25 155 2 14 10 26 14 3 8 193 17 189 29 224 3 7 11 9 13 25 14 3 10 44 11 41 18 50 4 1 186 9 191 11 146 14 187 2 13 214 18 230 2 15 151 24 164 3 16 18 28 21 29 16 2 6 52 18 52 2 10 144 17 148 2 19 117 27 82 2 6 2 20 3 3 17 47 21 40 24 51 2 6 45 18 47 3 6 134 22 155 29 188 2 9 59 23 64 3 6 156 19 151 24 169 2 12 127 25 110 2 17 144 26 134 3 1 21 20 20 27 26 3 14 120 25 141 28 120 3 3 78 7 79 30 55 3 13 145 25 159 29 164
36 2 1 147 18 177 3 16 18 28 21 29 20 3 2 109 25 129 29 94 2 19 94 27 92 3 2 105 25 134 29 116 3 3 123 19 117 20 136 2 4 75 22 97 3 5 74 14 59 26 86 3 6 174 22 141 29 149 3 1 172 6 155 27 173 3 7 125 24 115 25 132 2 6 3 20 3 2 4 79 22 107 3 8 190 17 173 29 191 3 7 13 9 14 25 11 3 10 48 11 40 18 52 3 2 106 25 125 29 97 4 1 158 9 158 11 157 14 164 3 1 23 20 27 27 19 3 6 78 12 67 20 73 3 17 48 21 35 24 37 2 13 196 18 188 2 19 101 27 119 2 14 11 26 12 3 13 126 25 131 29 159 3 5 65 14 74 26 72 2 15 121 24 130 2 6 2 20 2 2 10 131 17 132 2 9 67 23 73 3 14 138 25 124 28 159 2 6 37 18 43 3 3 77 7 78 30 61 2 17 108 26 139 3 6 127 19 170 24 138 2 12 110 25 109
DUE_DATES: 6108 6108 6124 6124 5719 5719 6161 6161 5974 5974 5974 6544 6544 5564 6155 6333 6333 6333 5714 5714 6246 6078 6078 6078 6078 5960 5925 5925 7074 7074 6301 6122 6122 6107 6107 6383 5854 5652 5652 6503 6608 5993 6402 6491 7120 7120 7120 5751 5974 5942
WEIGHTS: 1 3 2 3 2 3 3 2 3 3 1 2 3 1 2 3 3 3 1 2 2 1 1 1 3 1 3 1 2 3 1 1 2 2 2 2 1 2 1 2 3 3 2 3 3 1 1 3 1 3
