50 30
37 2 11 125 29 123 3 5 18 18 21 27 22 2 1 152 22 166 2 11 122 29 111 3 6 85 20 82 27 78 2 2 148 25 143 2 24 19 30 15 2 16 40 23 50 3 3 78 4 67 17 70 3 4 121 8 98 22 98 3 5 141 11 126 18 139 3 5 158 7 178 15 168 3 6 89 20 81 27 82 2 8 53 30 49 3 5 39 9 45 16 42 3 7 121 10 137 26 119 3 4 27 12 24 16 24 3 5 23 18 18 27 25 3 1 21 13 19 22 22 3 7 115 10 138 26 119 3 6 51 14 49 17 58 3 8 57 20 57 27 69 2 4 34 15 38 3 9 196 16 215 20 159 3 8 74 12 71 17 71 3 15 37 18 44 27 34 3 14 228 21 173 30 218 3 8 66 12 72 17 52 3 12 89 26 129 28 130 2 24 19 30 15 2 25 119 28 150 2 1 198 19 145 2 4 43 15 39 3 21 136 22 104 28 98 3 5 2 26 2 30 2 2 20 92 25 98 3 22 10 25 9 29 8
37 2 11 125 29 123 3 5 18 18 21 27 22 2 1 152 22 166 2 11 122 29 111 3 6 85 20 82 27 78 2 2 148 25 143 2 24 19 30 15 2 16 40 23 50 3 3 78 4 67 17 70 3 4 121 8 98 22 98 3 5 141 11 126 18 139 3 5 158 7 178 15 168 3 6 89 20 81 27 82 2 8 53 30 49 3 5 39 9 45 16 42 3 7 121 10 137 26 119 3 4 27 12 24 16 24 3 5 23 18 18 27 25 3 1 21 13 19 22 22 3 7 115 10 138 26 119 3 6 51 14 49 17 58 3 8 57 20 57 27 69 2 4 34 15 38 3 9 196 16 215 20 159 3 8 74 12 71 17 71 3 15 37 18 44 27 34 3 14 228 21 173 30 218 3 8 66 12 72 17 52 3 12 89 26 129 28 130 2 24 19 30 15 2 25 119 28 150 2 1 198 19 145 2 4 43 15 39 3 21 136 22 104 28 98 3 5 2 26 2 30 2 2 20 92 25 98 3 22 10 25 9 29 8
36 2 1 168 22 128 2 2 175 25 136 3 3 74 4 73 17 87 2 1 127 22 129 3 4 125 8 129 22 133 3 5 159 11 132 18 122 3 6 73 20 76 27 84 3 5 162 7 130 15 171 2 20 136 25 134 3 5 26 18 20 27 25 2 8 58 30 52 2 2 184 25 146 3 5 36 9 32 16 41 3 15 38 18 44 27 50 3 7 123 10 138 26 127 2 11 146 29 116 3 5 34 9 38 16 39 3 4 20 12 22 16 23 3 1 22 13 21 22 17 3 6 47 14 57 17 42 3 12 92 26 131 28 118 3 22 9 25 10 29 7 2 4 37 15 32 3 9 177 16 209 20 212 3 8 59 12 63 17 57 2 24 14 30 19 2 1 141 19 139 3 7 113 10 136 26 135 2 25 151 28 115 3 5 173 7 182 15 166 3 8 60 20 71 27 50 3 21 117 22 116 28 141 3 14 194 21 183 30 183 2 16 52 23 53 2 25 143 28 171 3 5 1 26 2 30 2
36 2 1 168 22 128 2 2 175 25 136 3 3 74 4 73 17 87 2 1 127 22 129 3 4 125 8 129 22 133 3 5 159 11 132 18 122 3 6 73 20 76 27 84 3 5 162 7 130 15 171 2 20 136 25 134 3 5 26 18 20 27 25 2 8 58 30 52 2 2 184 25 146 3 5 36 9 32 16 41 3 15 38 18 44 27 50 3 7 123 10 138 26 127 2 11 146 29 116 3 5 34 9 38 16 39 3 4 20 12 22 16 23 3 1 22 13 21 22 17 3 6 47 14 57 17 42 3 12 92 26 131 28 118 3 22 9 25 10 29 7 2 4 37 15 32 3 9 177 16 209 20 212 3 8 59 12 63 17 57 2 24 14 30 19 2 1 141 19 139 3 7 113 10 136 26 135 2 25 151 28 115 3 5 173 7 182 15 166 3 8 60 20 71 27 50 3 21 117 22 116 28 141 3 14 194 21 183 30 183 2 16 52 23 53 2 25 143 28 171 3 5 1 26 2 30 2
36 2 1 168 22 128 2 2 175 25 136 3 3 74 4 73 17 87 2 1 127 22 129 3 4 125 8 129 22 133 3 5 159 11 132 18 122 3 6 73 20 76 27 84 3 5 162 7 130 15 171 2 20 136 25 134 3 5 26 18 20 27 25 2 8 58 30 52 2 2 184 25 146 3 5 36 9 32 16 41 3 15 38 18 44 27 50 3 7 123 10 138 26 127 2 11 146 29 116 3 5 34 9 38 16 39 3 4 20 12 22 16 23 3 1 22 13 21 22 17 3 6 47 14 57 17 42 3 12 92 26 131 28 118 3 22 9 25 10 29 7 2 4 37 15 32 3 9 177 16 209 20 212 3 8 59 12 63 17 57 2 24 14 30 19 2 1 141 19 139 3 7 113 10 136 26 135 2 25 151 28 115 3 5 173 7 182 15 166 3 8 60 20 71 27 50 3 21 117 22 116 28 141 3 14 194 21 183 30 183 2 16 52 23 53 2 25 143 28 171 3 5 1 26 2 30 2
38 2 16 40 23 53 2 1 156 22 170 2 2 160 25 153 2 1 138 22 124 3 6 86 20 66 27 78 3 3 81 4 71 17 69 3 4 128 8 121 22 131 3 5 161 11 144 18 147 3 8 54 12 56 17 68 3 5 182 7 174 15 168 2 8 46 30 47 2 1 183 22 132 3 5 43 9 34 16 42 3 7 120 10 137 26 97 2 11 134 29 125 3 4 26 12 26 16 26 2 20 120 25 115 3 1 15 13 16 22 20 3 15 34 18 49 27 45 3 6 56 14 44 17 53 2 11 147 29 124 3 21 109 22 101 28 115 2 4 33 15 36 2 1 158 22 154 3 9 169 16 169 20 165 3 15 44 18 45 27 46 2 1 193 19 174 2 25 141 28 133 3 8 57 20 62 27 68 3 6 92 20 78 27 92 3 14 186 21 209 30 159 2 24 18 30 17 3 15 41 18 41 27 36 3 12 133 26 103 28 99 3 5 21 18 24 27 23 3 22 10 25 10 29 10 3 3 64 4 66 17 88 3 5 2 26 2 30 2
36 2 24 13 30 19 2 1 181 22 157 2 24 15 30 16 2 2 156 25 154 2 24 17 30 18 3 3 86 4 72 17 84 3 4 129 8 111 22 124 3 5 25 18 17 27 25 3 5 123 11 132 18 142 3 1 20 13 16 22 18 3 21 113 22 97 28 128 3 5 167 11 152 18 136 3 6 90 20 64 27 69 3 5 142 7 181 15 159 3 22 7 25 10 29 8 2 20 94 25 132 2 1 183 19 182 2 8 53 30 61 2 4 44 15 30 3 8 52 12 73 17 61 3 5 1 26 2 30 1 2 11 153 29 128 3 15 35 18 47 27 34 3 5 42 9 46 16 39 2 24 19 30 17 3 7 106 10 139 26 129 3 4 22 12 27 16 22 2 1 195 19 153 3 6 41 14 42 17 46 3 9 169 16 180 20 212 3 12 111 26 112 28 118 2 16 40 23 44 3 9 203 16 156 20 199 3 8 48 20 49 27 70 3 14 186 21 172 30 159 2 25 164 28 148
32 2 1 179 22 154 3 5 2 26 2 30 2 2 2 169 25 176 2 25 140 28 144 3 3 92 4 76 17 63 2 2 184 25 154 3 4 134 8 105 22 97 3 5 129 11 130 18 160 3 5 35 9 34 16 32 3 6 91 20 71 27 78 3 21 104 22 124 28 132 3 5 39 9 32 16 39 3 5 150 7 157 15 175 2 8 58 30 46 3 7 141 10 119 26 128 2 11 152 29 128 2 1 149 19 138 3 4 26 12 22 16 19 3 12 121 26 115 28 115 3 1 17 13 17 22 21 3 6 40 14 44 17 53 2 16 57 23 54 2 24 17 30 20 2 4 44 15 36 3 15 40 18 51 27 37 3 9 197 16 187 20 189 3 8 68 12 51 17 72 3 8 57 20 72 27 69 3 14 209 21 168 30 224 2 20 125 25 107 3 22 8 25 8 29 9 3 5 19 18 21 27 21
36 2 1 172 22 172 2 2 154 25 144 3 3 92 4 78 17 78 2 1 162 22 166 3 4 103 8 109 22 107 3 5 160 11 118 18 153 3 6 66 20 91 27 84 3 5 143 7 130 15 160 2 20 93 25 137 3 5 24 18 18 27 24 2 8 49 30 48 2 2 135 25 178 3 5 39 9 47 16 37 3 15 39 18 42 27 46 3 7 141 10 110 26 140 2 11 155 29 115 3 5 37 9 37 16 32 3 4 26 12 26 16 23 3 1 20 13 20 22 18 3 6 50 14 42 17 55 3 12 124 26 119 28 115 3 22 9 25 7 29 7 2 4 35 15 38 3 9 150 16 178 20 213 3 8 58 12 60 17 58 2 24 20 30 17 2 1 184 19 171 3 7 109 10 135 26 104 2 25 125 28 168 3 5 145 7 173 15 162 3 8 64 20 67 27 59 3 21 143 22 120 28 101 3 14 179 21 201 30 202 2 16 40 23 40 2 25 121 28 117 3 5 1 26 1 30 1
36 2 1 172 22 172 2 2 154 25 144 3 3 92 4 78 17 78 2 1 162 22 166 3 4 103 8 109 22 107 3 5 160 11 118 18 153 3 6 66 20 91 27 84 3 5 143 7 130 15 160 2 20 93 25 137 3 5 24 18 18 27 24 2 8 49 30 48 2 2 135 25 178 3 5 39 9 47 16 37 3 15 39 18 42 27 46 3 7 141 10 110 26 140 2 11 155 29 115 3 5 37 9 37 16 32 3 4 26 12 26 16 23 3 1 20 13 20 22 18 3 6 50 14 42 17 55 3 12 124 26 119 28 115 3 22 9 25 7 29 7 2 4 35 15 38 3 9 150 16 178 20 213 3 8 58 12 60 17 58 2 24 20 30 17 2 1 184 19 171 3 7 109 10 135 26 104 2 25 125 28 168 3 5 145 7 173 15 162 3 8 64 20 67 27 59 3 21 143 22 120 28 101 3 14 179 21 201 30 202 2 16 40 23 40 2 25 121 28 117 3 5 1 26 1 30 1
38 3 22 7 25 9 29 10 2 1 170 22 169 2 2 172 25 174 2 1 184 22 132 3 3 87 4 80 17 77 3 22 9 25 7 29 9 3 12 118 26 102 28 124 2 2 147 25 191 3 4 121 8 126 22 115 3 5 140 11 119 18 152 3 6 79 20 64 27 70 2 2 149 25 128 3 5 126 7 125 15 138 2 8 46 30 51 2 2 139 25 164 3 5 37 9 39 16 35 3 1 16 13 16 22 22 3 8 57 20 69 27 57 3 14 167 21 224 30 159 3 7 107 10 111 26 140 2 11 153 29 116 2 25 159 28 161 3 4 20 12 19 16 23 3 6 44 14 40 17 47 2 24 19 30 15 3 5 156 11 166 18 133 2 4 30 15 38 2 2 178 25 191 2 16 59 23 57 2 1 145 19 185 3 5 25 18 20 27 24 3 9 213 16 153 20 192 3 8 56 12 68 17 73 3 15 48 18 45 27 42 3 5 2 26 2 30 1 3 21 117 22 106 28 128 3 8 68 20 53 27 49 2 20 108 25 92
36 3 4 27 12 22 16 24 2 1 155 22 182 3 4 26 12 19 16 20 2 2 186 25 143 3 3 90 4 91 17 82 3 4 119 8 132 22 103 3 5 128 11 150 18 150 3 6 71 20 76 27 85 3 4 24 12 22 16 22 3 5 149 7 146 15 137 2 8 48 30 49 2 16 54 23 47 2 24 17 30 17 2 2 186 25 136 3 5 34 9 32 16 39 3 12 90 26 132 28 116 3 7 105 10 111 26 113 2 11 134 29 148 3 21 99 22 143 28 138 3 1 21 13 21 22 17 3 6 48 14 46 17 55 2 1 149 19 174 3 5 146 7 160 15 146 3 14 211 21 187 30 198 2 4 37 15 37 3 9 184 16 199 20 164 3 8 60 20 62 27 55 3 8 57 12 61 17 66 3 5 23 18 21 27 20 3 22 7 25 8 29 7 3 15 43 18 36 27 39 2 25 147 28 133 3 14 198 21 202 30 203 3 5 1 26 2 30 1 3 6 45 14 43 17 56 2 20 125 25 112
36 3 4 27 12 22 16 24 2 1 155 22 182 3 4 26 12 19 16 20 2 2 186 25 143 3 3 90 4 91 17 82 3 4 119 8 132 22 103 3 5 128 11 150 18 150 3 6 71 20 76 27 85 3 4 24 12 22 16 22 3 5 149 7 146 15 137 2 8 48 30 49 2 16 54 23 47 2 24 17 30 17 2 2 186 25 136 3 5 34 9 32 16 39 3 12 90 26 132 28 116 3 7 105 10 111 26 113 2 11 134 29 148 3 21 99 22 143 28 138 3 1 21 13 21 22 17 3 6 48 14 46 17 55 2 1 149 19 174 3 5 146 7 160 15 146 3 14 211 21 187 30 198 2 4 37 15 37 3 9 184 16 199 20 164 3 8 60 20 62 27 55 3 8 57 12 61 17 66 3 5 23 18 21 27 20 3 22 7 25 8 29 7 3 15 43 18 36 27 39 2 25 147 28 133 3 14 198 21 202 30 203 3 5 1 26 2 30 1 3 6 45 14 43 17 56 2 20 125 25 112
38 2 16 46 23 50 2 1 167 22 150 2 2 176 25 176 2 1 151 22 168 3 6 71 20 95 27 80 3 3 74 4 82 17 71 3 4 94 8 134 22 116 3 5 170 11 132 18 161 3 8 58 12 64 17 57 3 5 156 7 132 15 128 2 8 50 30 46 2 1 183 22 176 3 5 32 9 45 16 47 3 7 122 10 100 26 115 2 11 114 29 124 3 4 18 12 20 16 21 2 20 107 25 130 3 1 18 13 21 22 19 3 15 42 18 39 27 42 3 6 40 14 52 17 51 2 11 129 29 145 3 21 138 22 103 28 123 2 4 37 15 36 2 1 132 22 173 3 9 206 16 210 20 172 3 15 43 18 50 27 38 2 1 148 19 186 2 25 156 28 139 3 8 63 20 49 27 48 3 6 87 20 88 27 84 3 14 227 21 172 30 158 2 24 19 30 17 3 15 40 18 44 27 43 3 12 120 26 107 28 95 3 5 18 18 19 27 19 3 22 8 25 7 29 9 3 3 67 4 79 17 72 3 5 1 26 2 30 2
36 3 4 20 12 22 16 23 2 1 165 22 165 3 4 24 12 24 16 24 2 2 185 25 178 3 3 91 4 79 17 67 3 4 100 8 96 22 92 3 5 120 11 168 18 167 3 6 72 20 70 27 87 3 4 27 12 27 16 20 3 5 175 7 173 15 176 2 8 49 30 55 2 16 58 23 59 2 24 20 30 15 2 2 149 25 132 3 5 47 9 37 16 36 3 12 102 26 122 28 126 3 7 97 10 116 26 104 2 11 118 29 145 3 21 129 22 130 28 129 3 1 20 13 22 22 22 3 6 46 14 53 17 39 2 1 180 19 177 3 5 157 7 177 15 177 3 14 158 21 236 30 214 2 4 41 15 33 3 9 159 16 159 20 195 3 8 50 20 64 27 54 3 8 65 12 59 17 75 3 5 20 18 22 27 18 3 22 7 25 7 29 8 3 15 38 18 47 27 49 2 25 159 28 123 3 14 209 21 193 30 177 3 5 2 26 2 30 2 3 6 47 14 50 17 56 2 20 124 25 100
37 2 11 139 29 153 3 5 18 18 25 27 20 2 1 180 22 156 2 11 111 29 111 3 6 75 20 91 27 66 2 2 185 25 151 2 24 18 30 14 2 16 54 23 55 3 3 68 4 68 17 91 3 4 119 8 91 22 117 3 5 146 11 126 18 172 3 5 129 7 133 15 145 3 6 87 20 88 27 81 2 8 53 30 46 3 5 39 9 35 16 37 3 7 142 10 98 26 111 3 4 23 12 26 16 20 3 5 23 18 18 27 23 3 1 19 13 21 22 21 3 7 130 10 97 26 107 3 6 42 14 46 17 56 3 8 65 20 61 27 64 2 4 40 15 38 3 9 148 16 188 20 180 3 8 73 12 75 17 64 3 15 46 18 45 27 39 3 14 193 21 202 30 193 3 8 74 12 65 17 58 3 12 91 26 102 28 96 2 24 16 30 20 2 25 163 28 119 2 1 196 19 144 2 4 41 15 42 3 21 130 22 102 28 107 3 5 1 26 1 30 1 2 20 100 25 114 3 22 10 25 8 29 9
37 2 11 139 29 153 3 5 18 18 25 27 20 2 1 180 22 156 2 11 111 29 111 3 6 75 20 91 27 66 2 2 185 25 151 2 24 18 30 14 2 16 54 23 55 3 3 68 4 68 17 91 3 4 119 8 91 22 117 3 5 146 11 126 18 172 3 5 129 7 133 15 145 3 6 87 20 88 27 81 2 8 53 30 46 3 5 39 9 35 16 37 3 7 142 10 98 26 111 3 4 23 12 26 16 20 3 5 23 18 18 27 23 3 1 19 13 21 22 21 3 7 130 10 97 26 107 3 6 42 14 46 17 56 3 8 65 20 61 27 64 2 4 40 15 38 3 9 148 16 188 20 180 3 8 73 12 75 17 64 3 15 46 18 45 27 39 3 14 193 21 202 30 193 3 8 74 12 65 17 58 3 12 91 26 102 28 96 2 24 16 30 20 2 25 163 28 119 2 1 196 19 144 2 4 41 15 42 3 21 130 22 102 28 107 3 5 1 26 1 30 1 2 20 100 25 114 3 22 10 25 8 29 9
36 3 6 93 20 67 27 85 3 12 89 26 116 28 96 3 5 117 11 140 18 168 2 1 127 22 181 3 12 102 26 97 28 130 3 5 24 18 20 27 25 3 12 123 26 131 28 93 3 8 71 12 74 17 67 3 14 233 21 197 30 227 2 2 171 25 185 3 15 36 18 46 27 43 2 16 53 23 43 3 3 66 4 76 17 87 3 4 116 8 118 22 124 2 4 43 15 39 3 5 150 7 124 15 158 3 8 65 20 55 27 59 2 8 57 30 48 2 1 154 19 161 3 4 25 12 24 16 21 3 5 154 11 139 18 160 3 5 42 9 40 16 42 3 3 73 4 75 17 72 3 7 107 10 100 26 99 3 22 8 25 9 29 8 2 11 143 29 126 3 1 19 13 15 22 18 2 20 95 25 122 3 4 21 12 20 16 25 2 24 13 30 14 3 6 52 14 49 17 46 3 9 172 16 187 20 169 3 5 1 26 2 30 2 3 5 138 7 153 15 164 3 21 136 22 98 28 137 2 25 135 28 167
36 3 6 93 20 67 27 85 3 12 89 26 116 28 96 3 5 117 11 140 18 168 2 1 127 22 181 3 12 102 26 97 28 130 3 5 24 18 20 27 25 3 12 123 26 131 28 93 3 8 71 12 74 17 67 3 14 233 21 197 30 227 2 2 171 25 185 3 15 36 18 46 27 43 2 16 53 23 43 3 3 66 4 76 17 87 3 4 116 8 118 22 124 2 4 43 15 39 3 5 150 7 124 15 158 3 8 65 20 55 27 59 2 8 57 30 48 2 1 154 19 161 3 4 25 12 24 16 21 3 5 154 11 139 18 160 3 5 42 9 40 16 42 3 3 73 4 75 17 72 3 7 107 10 100 26 99 3 22 8 25 9 29 8 2 11 143 29 126 3 1 19 13 15 22 18 2 20 95 25 122 3 4 21 12 20 16 25 2 24 13 30 14 3 6 52 14 49 17 46 3 9 172 16 187 20 169 3 5 1 26 2 30 2 3 5 138 7 153 15 164 3 21 136 22 98 28 137 2 25 135 28 167
33 3 5 131 7 138 15 124 2 1 174 22 140 3 14 227 21 205 30 225 3 5 151 7 134 15 141 2 2 141 25 146 3 3 77 4 65 17 87 2 1 143 22 146 3 5 128 11 118 18 161 3 4 26 12 19 16 26 3 4 91 8 98 22 118 3 6 85 20 93 27 95 3 6 49 14 51 17 48 3 6 84 20 85 27 83 2 8 50 30 61 3 5 37 9 42 16 36 3 7 131 10 129 26 110 3 12 120 26 114 28 121 2 20 94 25 95 2 11 141 29 144 3 1 21 13 16 22 17 3 5 21 18 26 27 19 3 9 151 16 189 20 210 3 5 1 26 2 30 1 3 15 46 18 36 27 43 3 21 139 22 123 28 142 2 4 32 15 40 2 16 58 23 41 3 8 65 12 72 17 56 3 22 9 25 9 29 7 2 1 134 19 161 3 8 65 20 68 27 67 2 24 19 30 18 2 25 115 28 148
33 3 5 131 7 138 15 124 2 1 174 22 140 3 14 227 21 205 30 225 3 5 151 7 134 15 141 2 2 141 25 146 3 3 77 4 65 17 87 2 1 143 22 146 3 5 128 11 118 18 161 3 4 26 12 19 16 26 3 4 91 8 98 22 118 3 6 85 20 93 27 95 3 6 49 14 51 17 48 3 6 84 20 85 27 83 2 8 50 30 61 3 5 37 9 42 16 36 3 7 131 10 129 26 110 3 12 120 26 114 28 121 2 20 94 25 95 2 11 141 29 144 3 1 21 13 16 22 17 3 5 21 18 26 27 19 3 9 151 16 189 20 210 3 5 1 26 2 30 1 3 15 46 18 36 27 43 3 21 139 22 123 28 142 2 4 32 15 40 2 16 58 23 41 3 8 65 12 72 17 56 3 22 9 25 9 29 7 2 1 134 19 161 3 8 65 20 68 27 67 2 24 19 30 18 2 25 115 28 148
33 3 5 131 7 138 15 124 2 1 174 22 140 3 14 227 21 205 30 225 3 5 151 7 134 15 141 2 2 141 25 146 3 3 77 4 65 17 87 2 1 143 22 146 3 5 128 11 118 18 161 3 4 26 12 19 16 26 3 4 91 8 98 22 118 3 6 85 20 93 27 95 3 6 49 14 51 17 48 3 6 84 20 85 27 83 2 8 50 30 61 3 5 37 9 42 16 36 3 7 131 10 129 26 110 3 12 120 26 114 28 121 2 20 94 25 95 2 11 141 29 144 3 1 21 13 16 22 17 3 5 21 18 26 27 19 3 9 151 16 189 20 210 3 5 1 26 2 30 1 3 15 46 18 36 27 43 3 21 139 22 123 28 142 2 4 32 15 40 2 16 58 23 41 3 8 65 12 72 17 56 3 22 9 25 9 29 7 2 1 134 19 161 3 8 65 20 68 27 67 2 24 19 30 18 2 25 115 28 148
36 3 4 24 12 24 16 19 2 1 150 22 182 3 4 22 12 25 16 23 2 2 171 25 132 3 3 87 4 64 17 74 3 4 91 8 104 22 105 3 5 120 11 160 18 170 3 6 92 20 95 27 69 3 4 23 12 24 16 27 3 5 149 7 166 15 131 2 8 49 30 44 2 16 54 23 53 2 24 19 30 18 2 2 162 25 190 3 5 46 9 32 16 36 3 12 96 26 108 28 129 3 7 140 10 137 26 125 2 11 151 29 119 3 21 104 22 122 28 116 3 1 15 13 20 22 22 3 6 39 14 51 17 52 2 1 133 19 184 3 5 136 7 166 15 170 3 14 207 21 178 30 172 2 4 40 15 38 3 9 176 16 149 20 181 3 8 72 20 70 27 50 3 8 69 12 60 17 51 3 5 21 18 22 27 20 3 22 7 25 9 29 10 3 15 42 18 41 27 46 2 25 155 28 115 3 14 209 21 228 30 203 3 5 2 26 2 30 1 3 6 40 14 42 17 46 2 20 121 25 132
36 2 1 178 22 159 2 4 40 15 43 3 5 24 18 24 27 19 2 2 174 25 131 3 3 65 4 92 17 88 2 2 168 25 175 2 24 15 30 13 3 1 18 13 21 22 18 3 5 171 11 116 18 130 3 4 20 12 22 16 26 3 4 95 8 100 22 131 2 4 32 15 45 3 6 82 20 87 27 84 3 4 27 12 18 16 18 3 5 126 7 129 15 150 2 8 60 30 50 3 5 41 9 41 16 44 2 20 94 25 92 3 9 214 16 147 20 205 3 7 106 10 143 26 126 3 22 7 25 9 29 8 3 5 159 11 129 18 136 3 15 46 18 47 27 46 2 11 127 29 117 3 6 39 14 54 17 40 3 8 57 12 63 17 58 2 1 138 19 186 3 5 2 26 1 30 2 3 8 58 20 53 27 57 2 24 19 30 15 3 21 135 22 124 28 121 2 2 160 25 172 3 14 168 21 211 30 225 2 16 41 23 57 2 25 144 28 164 3 12 90 26 110 28 101
33 3 4 24 12 25 16 21 2 1 160 22 146 2 2 176 25 137 3 5 19 18 22 27 24 3 15 35 18 37 27 47 3 3 76 4 68 17 86 3 4 113 8 113 22 122 3 8 62 20 64 27 53 3 4 125 8 98 22 91 3 5 166 11 122 18 118 3 6 64 20 85 27 79 3 5 135 7 135 15 154 2 25 155 28 162 2 8 63 30 58 3 5 33 9 42 16 41 2 25 161 28 117 2 16 44 23 42 2 1 195 19 193 3 7 124 10 122 26 101 2 11 143 29 139 3 5 1 26 2 30 2 2 1 175 19 134 2 24 13 30 17 3 1 22 13 21 22 17 3 6 41 14 50 17 53 2 20 126 25 122 3 9 213 16 207 20 148 3 8 60 12 64 17 58 2 4 41 15 33 3 22 8 25 10 29 10 3 12 96 26 117 28 134 3 14 169 21 218 30 234 3 21 134 22 138 28 102
36 2 1 128 22 157 2 2 160 25 147 3 3 74 4 93 17 70 2 1 141 22 173 3 4 117 8 123 22 133 3 5 165 11 131 18 129 3 6 81 20 88 27 83 3 5 153 7 127 15 176 2 20 131 25 110 3 5 20 18 23 27 18 2 8 61 30 51 2 2 144 25 147 3 5 45 9 33 16 42 3 15 49 18 51 27 51 3 7 143 10 96 26 107 2 11 117 29 147 3 5 35 9 37 16 33 3 4 20 12 20 16 19 3 1 19 13 18 22 16 3 6 45 14 44 17 42 3 12 127 26 121 28 89 3 22 7 25 10 29 8 2 4 32 15 31 3 9 159 16 181 20 198 3 8 66 12 74 17 57 2 24 17 30 18 2 1 186 19 138 3 7 139 10 100 26 128 2 25 123 28 136 3 5 164 7 165 15 143 3 8 59 20 52 27 49 3 21 128 22 107 28 142 3 14 187 21 206 30 192 2 16 42 23 55 2 25 117 28 128 3 5 2 26 2 30 1
38 2 16 49 23 45 2 1 151 22 137 2 2 138 25 192 2 1 133 22 169 3 6 92 20 65 27 69 3 3 84 4 64 17 66 3 4 115 8 122 22 128 3 5 173 11 148 18 121 3 8 51 12 69 17 54 3 5 151 7 156 15 185 2 8 58 30 58 2 1 184 22 127 3 5 36 9 44 16 43 3 7 130 10 115 26 96 2 11 108 29 131 3 4 24 12 21 16 25 2 20 106 25 109 3 1 21 13 18 22 17 3 15 50 18 40 27 39 3 6 55 14 56 17 50 2 11 147 29 139 3 21 135 22 136 28 122 2 4 34 15 35 2 1 160 22 157 3 9 166 16 200 20 202 3 15 39 18 37 27 36 2 1 138 19 157 2 25 139 28 168 3 8 54 20 58 27 54 3 6 89 20 84 27 78 3 14 218 21 163 30 215 2 24 14 30 14 3 15 50 18 49 27 35 3 12 118 26 120 28 115 3 5 18 18 24 27 24 3 22 8 25 10 29 8 3 3 93 4 94 17 71 3 5 2 26 1 30 2
36 3 8 64 12 57 17 58 3 5 123 11 117 18 136 2 1 139 22 165 3 8 56 12 70 17 52 2 24 15 30 19 2 2 166 25 154 3 3 91 4 67 17 72 3 6 56 14 56 17 49 3 4 110 8 111 22 129 2 24 17 30 14 3 6 94 20 71 27 95 3 12 101 26 96 28 99 3 5 160 7 130 15 142 3 5 41 9 35 16 45 3 4 93 8 113 22 100 2 8 49 30 58 3 7 127 10 118 26 97 2 25 153 28 162 3 5 1 26 1 30 2 2 11 149 29 160 3 4 22 12 26 16 20 3 1 17 13 16 22 15 3 5 23 18 23 27 22 2 4 30 15 33 3 9 186 16 210 20 178 3 5 178 7 144 15 161 2 1 191 19 147 3 15 43 18 51 27 40 3 8 69 20 51 27 66 2 16 44 23 42 2 25 169 28 114 3 14 232 21 199 30 220 3 1 16 13 18 22 19 3 21 113 22 119 28 96 2 20 133 25 110 3 22 8 25 10 29 9
37 2 11 112 29 126 3 5 22 18 21 27 20 2 1 135 22 152 2 11 142 29 150 3 6 95 20 72 27 84 2 2 171 25 173 2 24 18 30 14 2 16 41 23 52 3 3 87 4 77 17 75 3 4 97 8 95 22 108 3 5 125 11 130 18 131 3 5 124 7 132 15 145 3 6 85 20 77 27 66 2 8 55 30 53 3 5 44 9 39 16 36 3 7 139 10 143 26 114 3 4 26 12 23 16 24 3 5 23 18 19 27 24 3 1 16 13 15 22 18 3 7 139 10 133 26 127 3 6 54 14 56 17 42 3 8 68 20 69 27 56 2 4 41 15 44 3 9 207 16 146 20 171 3 8 55 12 53 17 55 3 15 37 18 41 27 45 3 14 158 21 163 30 221 3 8 53 12 53 17 70 3 12 99 26 102 28 103 2 24 16 30 19 2 25 127 28 119 2 1 191 19 200 2 4 43 15 40 3 21 114 22 102 28 118 3 5 2 26 2 30 1 2 20 126 25 111 3 22 9 25 9 29 10
37 2 11 112 29 126 3 5 22 18 21 27 20 2 1 135 22 152 2 11 142 29 150 3 6 95 20 72 27 84 2 2 171 25 173 2 24 18 30 14 2 16 41 23 52 3 3 87 4 77 17 75 3 4 97 8 95 22 108 3 5 125 11 130 18 131 3 5 124 7 132 15 145 3 6 85 20 77 27 66 2 8 55 30 53 3 5 44 9 39 16 36 3 7 139 10 143 26 114 3 4 26 12 23 16 24 3 5 23 18 19 27 24 3 1 16 13 15 22 18 3 7 139 10 133 26 127 3 6 54 14 56 17 42 3 8 68 20 69 27 56 2 4 41 15 44 3 9 207 16 146 20 171 3 8 55 12 53 17 55 3 15 37 18 41 27 45 3 14 158 21 163 30 221 3 8 53 12 53 17 70 3 12 99 26 102 28 103 2 24 16 30 19 2 25 127 28 119 2 1 191 19 200 2 4 43 15 40 3 21 114 22 102 28 118 3 5 2 26 2 30 1 2 20 126 25 111 3 22 9 25 9 29 10
34 2 1 165 22 162 2 2 142 25 169 3 3 89 4 93 17 78 3 9 200 16 188 20 182 3 4 103 8 113 22 96 2 4 39 15 37 3 5 146 11 169 18 170 2 1 168 22 149 3 6 89 20 70 27 92 3 5 174 7 147 15 140 2 8 43 30 43 3 5 35 9 34 16 44 3 7 123 10 134 26 138 2 8 62 30 60 2 11 152 29 122 3 4 26 12 24 16 26 3 5 2 26 2 30 1 3 1 20 13 16 22 16 2 16 44 23 42 2 4 36 15 45 3 14 207 21 165 30 185 3 6 48 14 57 17 39 2 20 127 25 126 3 8 68 12 62 17 69 2 25 124 28 122 3 15 39 18 37 27 46 3 5 168 7 170 15 177 2 1 144 19 174 3 21 124 22 110 28 135 3 8 63 20 66 27 51 2 24 19 30 18 3 5 18 18 17 27 24 3 12 120 26 116 28 101 3 22 8 25 10 29 8
34 2 1 165 22 162 2 2 142 25 169 3 3 89 4 93 17 78 3 9 200 16 188 20 182 3 4 103 8 113 22 96 2 4 39 15 37 3 5 146 11 169 18 170 2 1 168 22 149 3 6 89 20 70 27 92 3 5 174 7 147 15 140 2 8 43 30 43 3 5 35 9 34 16 44 3 7 123 10 134 26 138 2 8 62 30 60 2 11 152 29 122 3 4 26 12 24 16 26 3 5 2 26 2 30 1 3 1 20 13 16 22 16 2 16 44 23 42 2 4 36 15 45 3 14 207 21 165 30 185 3 6 48 14 57 17 39 2 20 127 25 126 3 8 68 12 62 17 69 2 25 124 28 122 3 15 39 18 37 27 46 3 5 168 7 170 15 177 2 1 144 19 174 3 21 124 22 110 28 135 3 8 63 20 66 27 51 2 24 19 30 18 3 5 18 18 17 27 24 3 12 120 26 116 28 101 3 22 8 25 10 29 8
34 2 1 165 22 162 2 2 142 25 169 3 3 89 4 93 17 78 3 9 200 16 188 20 182 3 4 103 8 113 22 96 2 4 39 15 37 3 5 146 11 169 18 170 2 1 168 22 149 3 6 89 20 70 27 92 3 5 174 7 147 15 140 2 8 43 30 43 3 5 35 9 34 16 44 3 7 123 10 134 26 138 2 8 62 30 60 2 11 152 29 122 3 4 26 12 24 16 26 3 5 2 26 2 30 1 3 1 20 13 16 22 16 2 16 44 23 42 2 4 36 15 45 3 14 207 21 165 30 185 3 6 48 14 57 17 39 2 20 127 25 126 3 8 68 12 62 17 69 2 25 124 28 122 3 15 39 18 37 27 46 3 5 168 7 170 15 177 2 1 144 19 174 3 21 124 22 110 28 135 3 8 63 20 66 27 51 2 24 19 30 18 3 5 18 18 17 27 24 3 12 120 26 116 28 101 3 22 8 25 10 29 8
34 2 1 165 22 162 2 2 142 25 169 3 3 89 4 93 17 78 3 9 200 16 188 20 182 3 4 103 8 113 22 96 2 4 39 15 37 3 5 146 11 169 18 170 2 1 168 22 149 3 6 89 20 70 27 92 3 5 174 7 147 15 140 2 8 43 30 43 3 5 35 9 34 16 44 3 7 123 10 134 26 138 2 8 62 30 60 2 11 152 29 122 3 4 26 12 24 16 26 3 5 2 26 2 30 1 3 1 20 13 16 22 16 2 16 44 23 42 2 4 36 15 45 3 14 207 21 165 30 185 3 6 48 14 57 17 39 2 20 127 25 126 3 8 68 12 62 17 69 2 25 124 28 122 3 15 39 18 37 27 46 3 5 168 7 170 15 177 2 1 144 19 174 3 21 124 22 110 28 135 3 8 63 20 66 27 51 2 24 19 30 18 3 5 18 18 17 27 24 3 12 120 26 116 28 101 3 22 8 25 10 29 8
38 2 1 185 22 132 3 5 130 11 170 18 127 2 24 16 30 19 2 1 158 22 138 2 2 183 25 145 3 4 18 12 25 16 27 3 3 77 4 90 17 65 3 4 113 8 113 22 131 3 5 21 18 22 27 19 3 5 36 9 35 16 32 2 2 158 25 147 3 6 79 20 90 27 87 3 5 134 11 173 18 148 3 5 153 7 159 15 132 2 8 55 30 54 3 8 71 12 59 17 64 3 3 85 4 76 17 67 3 7 117 10 133 26 98 2 11 134 29 119 3 3 92 4 68 17 80 3 1 18 13 22 22 21 3 14 227 21 205 30 226 3 15 51 18 40 27 51 3 6 40 14 54 17 55 2 4 40 15 34 3 9 147 16 157 20 153 3 7 130 10 121 26 127 2 1 164 19 175 3 5 1 26 1 30 1 2 11 156 29 111 2 20 101 25 131 3 21 102 22 132 28 107 3 22 10 25 9 29 7 2 25 163 28 147 3 5 1 26 1 30 1 3 8 56 20 68 27 53 2 16 56 23 56 3 12 127 26 131 28 122
36 3 6 80 20 95 27 74 3 12 110 26 122 28 112 3 5 171 11 151 18 136 2 1 144 22 171 3 12 98 26 112 28 117 3 5 26 18 25 27 22 3 12 122 26 130 28 90 3 8 54 12 56 17 68 3 14 220 21 164 30 230 2 2 154 25 154 3 15 49 18 42 27 36 2 16 43 23 45 3 3 93 4 68 17 72 3 4 104 8 115 22 97 2 4 40 15 35 3 5 154 7 137 15 181 3 8 59 20 64 27 57 2 8 51 30 51 2 1 172 19 163 3 4 24 12 22 16 21 3 5 164 11 120 18 134 3 5 40 9 45 16 40 3 3 67 4 69 17 93 3 7 102 10 121 26 106 3 22 7 25 10 29 8 2 11 130 29 136 3 1 21 13 17 22 15 2 20 132 25 121 3 4 27 12 27 16 23 2 24 16 30 19 3 6 41 14 58 17 48 3 9 164 16 194 20 147 3 5 2 26 2 30 1 3 5 143 7 137 15 139 3 21 109 22 98 28 120 2 25 127 28 171
31 3 14 198 21 176 30 193 2 1 171 22 158 2 2 179 25 129 3 22 8 25 9 29 8 3 3 78 4 75 17 65 3 4 130 8 106 22 118 3 5 121 11 137 18 122 3 1 15 13 21 22 16 3 6 84 20 88 27 72 3 5 124 7 135 15 176 2 1 152 19 168 2 8 58 30 53 2 1 174 19 176 3 5 32 9 45 16 39 2 20 123 25 111 3 5 1 26 2 30 2 3 7 137 10 128 26 123 2 16 42 23 53 3 8 71 20 52 27 60 2 11 155 29 160 3 4 18 12 22 16 22 3 6 49 14 48 17 55 2 4 37 15 34 3 9 162 16 180 20 145 3 5 18 18 25 27 24 3 12 104 26 100 28 116 3 8 52 12 72 17 60 2 24 17 30 15 3 15 40 18 46 27 46 3 21 132 22 125 28 142 2 25 130 28 167
33 3 4 22 12 25 16 19 2 1 126 22 171 2 2 141 25 164 3 5 21 18 24 27 20 3 15 36 18 38 27 51 3 3 70 4 76 17 73 3 4 110 8 113 22 92 3 8 68 20 63 27 61 3 4 101 8 120 22 124 3 5 154 11 117 18 151 3 6 94 20 69 27 68 3 5 180 7 185 15 124 2 25 127 28 166 2 8 45 30 45 3 5 45 9 46 16 33 2 25 168 28 153 2 16 44 23 40 2 1 134 19 152 3 7 104 10 121 26 117 2 11 108 29 123 3 5 1 26 1 30 2 2 1 167 19 145 2 24 19 30 16 3 1 16 13 16 22 21 3 6 58 14 54 17 50 2 20 119 25 137 3 9 159 16 204 20 171 3 8 68 12 54 17 58 2 4 35 15 31 3 22 9 25 10 29 8 3 12 110 26 124 28 117 3 14 207 21 170 30 196 3 21 142 22 134 28 121
34 3 4 26 12 18 16 21 3 6 45 14 49 17 55 3 4 25 12 18 16 27 2 1 140 22 132 3 1 21 13 15 22 18 2 2 159 25 179 3 3 91 4 78 17 78 2 4 44 15 35 3 4 93 8 127 22 122 3 5 137 11 132 18 140 3 6 69 20 92 27 76 3 5 172 7 137 15 179 2 8 62 30 62 3 14 174 21 224 30 231 3 5 34 9 40 16 37 3 12 118 26 114 28 95 3 7 114 10 128 26 102 3 21 124 22 109 28 120 2 11 108 29 131 3 9 202 16 205 20 207 3 8 51 12 68 17 65 3 15 47 18 37 27 51 3 5 2 26 2 30 2 2 1 141 19 143 3 6 83 20 88 27 83 2 16 58 23 44 2 25 140 28 147 2 1 164 22 175 3 8 56 20 71 27 65 2 24 19 30 17 2 20 127 25 121 3 5 23 18 21 27 25 3 3 80 4 78 17 65 3 22 10 25 10 29 9
36 3 8 63 12 57 17 67 3 5 146 11 129 18 140 2 1 164 22 128 3 8 75 12 53 17 63 2 24 14 30 16 2 2 148 25 160 3 3 89 4 67 17 65 3 6 56 14 48 17 41 3 4 128 8 109 22 90 2 24 20 30 16 3 6 95 20 81 27 78 3 12 111 26 128 28 108 3 5 149 7 129 15 135 3 5 47 9 47 16 42 3 4 116 8 93 22 107 2 8 63 30 45 3 7 133 10 120 26 123 2 25 138 28 129 3 5 2 26 1 30 2 2 11 130 29 122 3 4 25 12 20 16 20 3 1 20 13 18 22 17 3 5 20 18 24 27 19 2 4 44 15 32 3 9 179 16 179 20 173 3 5 155 7 127 15 156 2 1 168 19 181 3 15 35 18 40 27 47 3 8 55 20 50 27 59 2 16 48 23 53 2 25 161 28 165 3 14 161 21 172 30 158 3 1 21 13 17 22 16 3 21 102 22 130 28 133 2 20 136 25 99 3 22 10 25 9 29 8
36 3 8 63 12 57 17 67 3 5 146 11 129 18 140 2 1 164 22 128 3 8 75 12 53 17 63 2 24 14 30 16 2 2 148 25 160 3 3 89 4 67 17 65 3 6 56 14 48 17 41 3 4 128 8 109 22 90 2 24 20 30 16 3 6 95 20 81 27 78 3 12 111 26 128 28 108 3 5 149 7 129 15 135 3 5 47 9 47 16 42 3 4 116 8 93 22 107 2 8 63 30 45 3 7 133 10 120 26 123 2 25 138 28 129 3 5 2 26 1 30 2 2 11 130 29 122 3 4 25 12 20 16 20 3 1 20 13 18 22 17 3 5 20 18 24 27 19 2 4 44 15 32 3 9 179 16 179 20 173 3 5 155 7 127 15 156 2 1 168 19 181 3 15 35 18 40 27 47 3 8 55 20 50 27 59 2 16 48 23 53 2 25 161 28 165 3 14 161 21 172 30 158 3 1 21 13 17 22 16 3 21 102 22 130 28 133 2 20 136 25 99 3 22 10 25 9 29 8
36 3 4 25 12 24 16 22 2 1 176 22 176 3 4 21 12 19 16 26 2 2 136 25 171 3 3 89 4 70 17 70 3 4 105 8 100 22 110 3 5 122 11 116 18 121 3 6 69 20 89 27 82 3 4 24 12 23 16 23 3 5 157 7 140 15 133 2 8 54 30 49 2 16 43 23 44 2 24 16 30 14 2 2 138 25 188 3 5 45 9 47 16 35 3 12 104 26 105 28 129 3 7 107 10 116 26 125 2 11 122 29 149 3 21 136 22 133 28 133 3 1 20 13 18 22 18 3 6 40 14 50 17 58 2 1 141 19 151 3 5 157 7 160 15 135 3 14 213 21 170 30 227 2 4 43 15 44 3 9 188 16 211 20 207 3 8 64 20 61 27 64 3 8 62 12 72 17 54 3 5 20 18 25 27 17 3 22 8 25 8 29 7 3 15 45 18 42 27 45 2 25 141 28 114 3 14 211 21 195 30 196 3 5 2 26 1 30 2 3 6 44 14 58 17 46 2 20 108 25 98
36 3 4 25 12 24 16 22 2 1 176 22 176 3 4 21 12 19 16 26 2 2 136 25 171 3 3 89 4 70 17 70 3 4 105 8 100 22 110 3 5 122 11 116 18 121 3 6 69 20 89 27 82 3 4 24 12 23 16 23 3 5 157 7 140 15 133 2 8 54 30 49 2 16 43 23 44 2 24 16 30 14 2 2 138 25 188 3 5 45 9 47 16 35 3 12 104 26 105 28 129 3 7 107 10 116 26 125 2 11 122 29 149 3 21 136 22 133 28 133 3 1 20 13 18 22 18 3 6 40 14 50 17 58 2 1 141 19 151 3 5 157 7 160 15 135 3 14 213 21 170 30 227 2 4 43 15 44 3 9 188 16 211 20 207 3 8 64 20 61 27 64 3 8 62 12 72 17 54 3 5 20 18 25 27 17 3 22 8 25 8 29 7 3 15 45 18 42 27 45 2 25 141 28 114 3 14 211 21 195 30 196 3 5 2 26 1 30 2 3 6 44 14 58 17 46 2 20 108 25 98
32 2 1 170 22 156 3 5 1 26 2 30 1 2 2 171 25 158 2 25 140 28 131 3 3 87 4 89 17 74 2 2 177 25 169 3 4 116 8 115 22 128 3 5 137 11 145 18 163 3 5 32 9 35 16 46 3 6 78 20 76 27 88 3 21 142 22 108 28 116 3 5 45 9 32 16 33 3 5 182 7 130 15 165 2 8 62 30 59 3 7 127 10 142 26 106 2 11 109 29 122 2 1 151 19 192 3 4 21 12 23 16 19 3 12 92 26 120 28 127 3 1 22 13 17 22 18 3 6 47 14 47 17 41 2 16 56 23 59 2 24 14 30 20 2 4 31 15 37 3 15 44 18 48 27 41 3 9 170 16 166 20 185 3 8 58 12 74 17 61 3 8 50 20 68 27 56 3 14 165 21 225 30 172 2 20 127 25 117 3 22 9 25 9 29 8 3 5 18 18 19 27 26
37 2 11 112 29 154 3 5 22 18 24 27 18 2 1 156 22 152 2 11 113 29 135 3 6 84 20 77 27 92 2 2 148 25 162 2 24 20 30 20 2 16 53 23 51 3 3 80 4 94 17 75 3 4 107 8 106 22 114 3 5 147 11 127 18 142 3 5 134 7 157 15 179 3 6 75 20 87 27 85 2 8 53 30 43 3 5 44 9 45 16 44 3 7 107 10 102 26 123 3 4 27 12 19 16 24 3 5 21 18 25 27 19 3 1 17 13 21 22 20 3 7 126 10 140 26 140 3 6 50 14 55 17 42 3 8 58 20 56 27 71 2 4 38 15 33 3 9 156 16 169 20 203 3 8 59 12 57 17 58 3 15 38 18 35 27 49 3 14 199 21 157 30 160 3 8 55 12 66 17 54 3 12 104 26 108 28 90 2 24 16 30 17 2 25 162 28 161 2 1 196 19 160 2 4 38 15 35 3 21 106 22 130 28 143 3 5 1 26 2 30 2 2 20 101 25 117 3 22 8 25 10 29 7
36 2 1 180 22 179 2 4 31 15 34 3 5 25 18 24 27 25 2 2 133 25 167 3 3 74 4 63 17 92 2 2 148 25 146 2 24 16 30 19 3 1 21 13 21 22 20 3 5 120 11 129 18 152 3 4 20 12 26 16 21 3 4 121 8 132 22 109 2 4 31 15 36 3 6 88 20 82 27 73 3 4 25 12 26 16 24 3 5 151 7 149 15 175 2 8 58 30 59 3 5 38 9 45 16 39 2 20 119 25 99 3 9 213 16 172 20 148 3 7 142 10 139 26 107 3 22 9 25 9 29 8 3 5 163 11 168 18 124 3 15 36 18 47 27 43 2 11 134 29 138 3 6 49 14 55 17 46 3 8 53 12 56 17 55 2 1 137 19 142 3 5 1 26 1 30 1 3 8 62 20 62 27 55 2 24 18 30 19 3 21 137 22 100 28 98 2 2 147 25 144 3 14 211 21 230 30 195 2 16 58 23 44 2 25 126 28 118 3 12 120 26 123 28 115
36 2 24 15 30 16 2 1 171 22 174 2 24 20 30 17 2 2 153 25 167 2 24 17 30 17 3 3 91 4 86 17 81 3 4 90 8 119 22 102 3 5 18 18 25 27 23 3 5 160 11 130 18 118 3 1 18 13 16 22 17 3 21 96 22 143 28 106 3 5 118 11 119 18 138 3 6 73 20 88 27 74 3 5 126 7 138 15 158 3 22 9 25 9 29 9 2 20 129 25 131 2 1 179 19 162 2 8 44 30 48 2 4 38 15 42 3 8 54 12 69 17 60 3 5 1 26 2 30 1 2 11 146 29 152 3 15 42 18 36 27 45 3 5 43 9 40 16 33 2 24 16 30 13 3 7 135 10 98 26 135 3 4 22 12 21 16 23 2 1 147 19 153 3 6 51 14 46 17 49 3 9 152 16 151 20 170 3 12 132 26 98 28 93 2 16 48 23 57 3 9 191 16 209 20 189 3 8 72 20 65 27 49 3 14 174 21 208 30 177 2 25 116 28 166
36 2 24 15 30 13 2 1 166 22 135 2 24 14 30 14 2 2 178 25 147 2 24 18 30 15 3 3 66 4 68 17 86 3 4 125 8 129 22 98 3 5 26 18 24 27 25 3 5 141 11 135 18 154 3 1 20 13 19 22 17 3 21 109 22 107 28 143 3 5 146 11 124 18 156 3 6 65 20 68 27 85 3 5 178 7 163 15 162 3 22 8 25 8 29 10 2 20 94 25 108 2 1 165 19 192 2 8 52 30 46 2 4 42 15 35 3 8 67 12 66 17 62 3 5 2 26 2 30 2 2 11 147 29 137 3 15 37 18 43 27 51 3 5 36 9 45 16 33 2 24 14 30 18 3 7 141 10 137 26 108 3 4 25 12 25 16 19 2 1 140 19 149 3 6 48 14 40 17 49 3 9 192 16 208 20 213 3 12 90 26 104 28 132 2 16 56 23 52 3 9 159 16 173 20 200 3 8 52 20 57 27 59 3 14 223 21 180 30 163 2 25 125 28 138
36 2 24 15 30 13 2 1 166 22 135 2 24 14 30 14 2 2 178 25 147 2 24 18 30 15 3 3 66 4 68 17 86 3 4 125 8 129 22 98 3 5 26 18 24 27 25 3 5 141 11 135 18 154 3 1 20 13 19 22 17 3 21 109 22 107 28 143 3 5 146 11 124 18 156 3 6 65 20 68 27 85 3 5 178 7 163 15 162 3 22 8 25 8 29 10 2 20 94 25 108 2 1 165 19 192 2 8 52 30 46 2 4 42 15 35 3 8 67 12 66 17 62 3 5 2 26 2 30 2 2 11 147 29 137 3 15 37 18 43 27 51 3 5 36 9 45 16 33 2 24 14 30 18 3 7 141 10 137 26 108 3 4 25 12 25 16 19 2 1 140 19 149 3 6 48 14 40 17 49 3 9 192 16 208 20 213 3 12 90 26 104 28 132 2 16 56 23 52 3 9 159 16 173 20 200 3 8 52 20 57 27 59 3 14 223 21 180 30 163 2 25 125 28 138
36 3 6 83 20 73 27 72 3 12 131 26 133 28 126 3 5 168 11 132 18 165 2 1 180 22 135 3 12 91 26 128 28 127 3 5 21 18 18 27 21 3 12 130 26 106 28 111 3 8 50 12 52 17 64 3 14 163 21 207 30 169 2 2 172 25 147 3 15 50 18 42 27 37 2 16 47 23 49 3 3 87 4 86 17 74 3 4 132 8 113 22 104 2 4 42 15 30 3 5 150 7 139 15 125 3 8 60 20 72 27 52 2 8 47 30 53 2 1 194 19 184 3 4 20 12 21 16 20 3 5 164 11 155 18 132 3 5 43 9 44 16 38 3 3 65 4 82 17 70 3 7 114 10 104 26 107 3 22 7 25 8 29 9 2 11 129 29 161 3 1 16 13 22 22 18 2 20 115 25 94 3 4 21 12 18 16 25 2 24 15 30 18 3 6 45 14 39 17 50 3 9 181 16 183 20 179 3 5 2 26 2 30 1 3 5 181 7 143 15 151 3 21 118 22 130 28 105 2 25 170 28 168
DUE_DATES: 5467 5467 6070 6070 6070 6136 5684 5114 6029 6029 6453 5763 5763 6183 5827 5445 5445 5783 5783 5278 5278 5278 5753 5602 5465 5926 6178 5583 5416 5416 5457 5457 5457 5457 6260 5728 4971 5334 5318 5450 5450 5692 5692 5081 5473 5570 5560 5607 5607 5828
WEIGHTS: 1 3 3 1 1 3 3 1 2 2 2 3 2 3 1 3 1 1 2 2 1 3 1 3 2 2 2 2 3 3 2 1 2 3 2 3 1 1 2 2 1 3 1 2 2 3 2 3 1 3
