50 30
33 3 1 185 6 164 25 183 2 2 6 27 5 2 2 90 3 82 3 1 216 6 166 25 153 3 2 215 6 179 14 158 2 4 46 10 47 3 2 202 6 201 14 209 3 5 99 10 109 24 99 4 7 70 8 65 12 80 14 73 2 4 59 10 54 3 12 133 17 134 29 155 1 8 198 3 17 67 21 85 30 84 2 2 114 23 130 3 9 119 12 124 27 138 2 10 95 18 93 3 11 163 23 160 29 139 2 8 87 25 80 3 3 158 11 157 16 193 2 13 236 27 165 3 14 27 27 22 30 22 3 4 162 6 160 15 133 3 7 115 14 95 19 104 2 7 95 21 75 2 16 49 27 50 2 4 63 18 69 3 16 111 26 92 28 81 2 4 97 22 75 2 12 75 20 78 2 5 87 24 115 1 27 12 3 20 125 24 159 28 116 2 18 20 30 17
33 3 1 185 6 164 25 183 2 2 6 27 5 2 2 90 3 82 3 1 216 6 166 25 153 3 2 215 6 179 14 158 2 4 46 10 47 3 2 202 6 201 14 209 3 5 99 10 109 24 99 4 7 70 8 65 12 80 14 73 2 4 59 10 54 3 12 133 17 134 29 155 1 8 198 3 17 67 21 85 30 84 2 2 114 23 130 3 9 119 12 124 27 138 2 10 95 18 93 3 11 163 23 160 29 139 2 8 87 25 80 3 3 158 11 157 16 193 2 13 236 27 165 3 14 27 27 22 30 22 3 4 162 6 160 15 133 3 7 115 14 95 19 104 2 7 95 21 75 2 16 49 27 50 2 4 63 18 69 3 16 111 26 92 28 81 2 4 97 22 75 2 12 75 20 78 2 5 87 24 115 1 27 12 3 20 125 24 159 28 116 2 18 20 30 17
33 3 1 185 6 164 25 183 2 2 6 27 5 2 2 90 3 82 3 1 216 6 166 25 153 3 2 215 6 179 14 158 2 4 46 10 47 3 2 202 6 201 14 209 3 5 99 10 109 24 99 4 7 70 8 65 12 80 14 73 2 4 59 10 54 3 12 133 17 134 29 155 1 8 198 3 17 67 21 85 30 84 2 2 114 23 130 3 9 119 12 124 27 138 2 10 95 18 93 3 11 163 23 160 29 139 2 8 87 25 80 3 3 158 11 157 16 193 2 13 236 27 165 3 14 27 27 22 30 22 3 4 162 6 160 15 133 3 7 115 14 95 19 104 2 7 95 21 75 2 16 49 27 50 2 4 63 18 69 3 16 111 26 92 28 81 2 4 97 22 75 2 12 75 20 78 2 5 87 24 115 1 27 12 3 20 125 24 159 28 116 2 18 20 30 17
31 3 1 203 6 163 25 216 2 2 8 27 6 2 2 73 3 89 2 4 63 18 63 2 4 47 10 43 2 8 83 25 76 2 18 18 30 23 3 5 110 10 136 24 91 2 7 75 21 97 3 2 183 6 176 14 198 2 12 88 20 105 3 11 161 23 165 29 151 2 2 106 23 120 4 7 73 8 73 12 65 14 72 1 8 200 3 9 112 12 144 27 132 2 10 98 18 105 3 3 194 11 169 16 171 3 12 134 17 166 29 126 3 7 79 14 100 19 88 3 14 26 27 28 30 25 3 4 194 6 184 15 156 2 2 86 3 73 3 16 117 26 92 28 107 2 4 92 22 77 2 13 204 27 164 3 17 81 21 77 30 68 2 5 112 24 116 2 16 57 27 62 1 27 14 3 20 141 24 131 28 160
33 2 8 69 25 74 3 1 174 6 161 25 169 2 2 5 27 7 2 2 82 3 76 2 4 47 10 49 3 5 128 10 122 24 136 2 18 24 30 20 3 2 209 6 188 14 181 2 10 85 18 103 4 7 81 8 85 12 74 14 65 1 8 158 3 9 157 12 144 27 143 3 3 151 11 178 16 178 2 12 97 20 84 3 12 140 17 143 29 119 2 4 60 10 59 2 13 206 27 227 2 4 72 22 85 2 4 53 10 50 1 27 17 2 2 147 23 115 3 14 28 27 24 30 20 3 4 193 6 200 15 196 2 8 83 25 66 2 16 65 27 65 2 4 59 18 56 3 17 84 21 63 30 67 2 7 80 21 97 3 7 107 14 107 19 96 2 5 105 24 122 3 16 98 26 84 28 97 3 20 113 24 161 28 116 3 11 160 23 161 29 144
36 3 1 179 6 191 25 200 2 12 91 20 76 2 2 6 27 6 2 2 85 3 87 2 4 59 10 55 2 2 7 27 5 3 5 112 10 124 24 98 2 18 22 30 18 2 4 55 18 62 2 10 98 18 106 3 16 81 26 102 28 104 3 2 146 6 179 14 167 4 7 85 8 85 12 81 14 82 3 1 154 6 214 25 208 1 8 153 3 9 116 12 130 27 149 4 7 78 8 84 12 80 14 82 2 8 91 25 96 2 4 60 18 64 2 7 97 21 81 3 3 203 11 175 16 174 3 12 142 17 152 29 161 2 13 225 27 178 2 18 21 30 18 3 4 161 6 185 15 190 3 14 19 27 23 30 22 2 2 114 23 149 2 16 66 27 51 3 17 75 21 65 30 73 3 20 162 24 126 28 132 2 5 114 24 103 2 4 92 22 69 2 13 160 27 191 3 7 105 14 93 19 93 1 27 17 3 11 139 23 166 29 159
36 3 1 179 6 191 25 200 2 12 91 20 76 2 2 6 27 6 2 2 85 3 87 2 4 59 10 55 2 2 7 27 5 3 5 112 10 124 24 98 2 18 22 30 18 2 4 55 18 62 2 10 98 18 106 3 16 81 26 102 28 104 3 2 146 6 179 14 167 4 7 85 8 85 12 81 14 82 3 1 154 6 214 25 208 1 8 153 3 9 116 12 130 27 149 4 7 78 8 84 12 80 14 82 2 8 91 25 96 2 4 60 18 64 2 7 97 21 81 3 3 203 11 175 16 174 3 12 142 17 152 29 161 2 13 225 27 178 2 18 21 30 18 3 4 161 6 185 15 190 3 14 19 27 23 30 22 2 2 114 23 149 2 16 66 27 51 3 17 75 21 65 30 73 3 20 162 24 126 28 132 2 5 114 24 103 2 4 92 22 69 2 13 160 27 191 3 7 105 14 93 19 93 1 27 17 3 11 139 23 166 29 159
35 3 1 217 6 166 25 215 2 2 6 27 5 2 2 90 3 75 3 4 171 6 162 15 149 3 14 24 27 25 30 19 3 1 162 6 151 25 158 2 4 43 10 51 3 4 188 6 137 15 137 2 2 133 23 102 3 14 23 27 20 30 28 2 7 78 21 96 3 5 114 10 127 24 108 3 2 153 6 155 14 193 4 7 60 8 82 12 65 14 88 2 2 72 3 79 1 8 177 2 16 58 27 60 2 4 68 22 86 3 9 158 12 161 27 159 2 10 96 18 80 2 8 65 25 75 3 3 163 11 215 16 184 3 12 114 17 139 29 118 2 13 213 27 212 3 17 82 21 78 30 67 2 4 72 18 67 1 27 19 3 7 114 14 78 19 112 2 18 24 30 23 3 2 185 6 166 14 213 2 12 103 20 77 2 5 101 24 106 3 16 108 26 80 28 115 3 20 136 24 124 28 112 3 11 161 23 129 29 117
35 3 1 217 6 166 25 215 2 2 6 27 5 2 2 90 3 75 3 4 171 6 162 15 149 3 14 24 27 25 30 19 3 1 162 6 151 25 158 2 4 43 10 51 3 4 188 6 137 15 137 2 2 133 23 102 3 14 23 27 20 30 28 2 7 78 21 96 3 5 114 10 127 24 108 3 2 153 6 155 14 193 4 7 60 8 82 12 65 14 88 2 2 72 3 79 1 8 177 2 16 58 27 60 2 4 68 22 86 3 9 158 12 161 27 159 2 10 96 18 80 2 8 65 25 75 3 3 163 11 215 16 184 3 12 114 17 139 29 118 2 13 213 27 212 3 17 82 21 78 30 67 2 4 72 18 67 1 27 19 3 7 114 14 78 19 112 2 18 24 30 23 3 2 185 6 166 14 213 2 12 103 20 77 2 5 101 24 106 3 16 108 26 80 28 115 3 20 136 24 124 28 112 3 11 161 23 129 29 117
33 2 8 96 25 69 3 1 175 6 158 25 155 2 2 8 27 7 2 2 87 3 78 2 4 49 10 56 3 5 129 10 93 24 131 2 18 17 30 24 3 2 171 6 209 14 202 2 10 93 18 80 4 7 63 8 83 12 81 14 64 1 8 138 3 9 131 12 121 27 145 3 3 160 11 194 16 186 2 12 84 20 74 3 12 113 17 122 29 115 2 4 63 10 42 2 13 175 27 183 2 4 102 22 70 2 4 47 10 45 1 27 14 2 2 147 23 125 3 14 19 27 23 30 19 3 4 170 6 193 15 177 2 8 68 25 75 2 16 54 27 57 2 4 68 18 70 3 17 77 21 71 30 68 2 7 79 21 82 3 7 78 14 91 19 113 2 5 101 24 88 3 16 79 26 86 28 97 3 20 158 24 154 28 146 3 11 120 23 152 29 115
33 2 8 96 25 69 3 1 175 6 158 25 155 2 2 8 27 7 2 2 87 3 78 2 4 49 10 56 3 5 129 10 93 24 131 2 18 17 30 24 3 2 171 6 209 14 202 2 10 93 18 80 4 7 63 8 83 12 81 14 64 1 8 138 3 9 131 12 121 27 145 3 3 160 11 194 16 186 2 12 84 20 74 3 12 113 17 122 29 115 2 4 63 10 42 2 13 175 27 183 2 4 102 22 70 2 4 47 10 45 1 27 14 2 2 147 23 125 3 14 19 27 23 30 19 3 4 170 6 193 15 177 2 8 68 25 75 2 16 54 27 57 2 4 68 18 70 3 17 77 21 71 30 68 2 7 79 21 82 3 7 78 14 91 19 113 2 5 101 24 88 3 16 79 26 86 28 97 3 20 158 24 154 28 146 3 11 120 23 152 29 115
36 1 8 199 2 8 79 25 69 3 14 20 27 21 30 27 3 4 138 6 154 15 193 3 1 194 6 166 25 164 3 14 26 27 23 30 20 3 11 129 23 150 29 136 2 7 94 21 77 2 2 6 27 5 2 2 87 3 80 1 8 166 2 4 62 10 44 3 20 156 24 110 28 127 3 12 156 17 142 29 162 2 10 104 18 89 3 5 116 10 125 24 100 3 2 152 6 145 14 189 4 7 62 8 69 12 89 14 80 3 9 143 12 118 27 141 2 5 125 24 100 3 16 113 26 88 28 117 3 3 180 11 158 16 164 4 7 70 8 88 12 70 14 69 2 13 229 27 213 2 16 53 27 60 2 13 237 27 217 3 17 69 21 73 30 75 2 4 55 18 50 3 7 94 14 80 19 102 3 12 151 17 117 29 141 1 27 12 2 12 100 20 104 2 4 92 22 88 2 2 120 23 143 4 7 81 8 61 12 69 14 88 2 18 18 30 22
33 3 1 213 6 218 25 163 2 2 5 27 7 2 8 71 25 67 2 2 86 3 65 3 1 208 6 152 25 203 3 2 188 6 171 14 162 2 4 62 10 53 3 11 164 23 139 29 124 3 5 123 10 128 24 101 2 12 97 20 100 3 12 116 17 125 29 142 3 14 28 27 22 30 22 4 7 79 8 81 12 73 14 68 1 8 176 2 5 123 24 121 3 9 109 12 133 27 128 2 2 65 3 85 2 10 106 18 108 3 3 161 11 194 16 172 2 13 237 27 181 2 16 56 27 53 3 4 162 6 136 15 181 2 10 104 18 93 3 17 88 21 67 30 80 2 4 59 18 54 3 7 104 14 82 19 107 3 16 99 26 87 28 91 2 4 73 22 80 2 7 95 21 81 1 27 17 3 20 130 24 156 28 127 2 18 20 30 25 2 2 141 23 126
33 3 1 213 6 218 25 163 2 2 5 27 7 2 8 71 25 67 2 2 86 3 65 3 1 208 6 152 25 203 3 2 188 6 171 14 162 2 4 62 10 53 3 11 164 23 139 29 124 3 5 123 10 128 24 101 2 12 97 20 100 3 12 116 17 125 29 142 3 14 28 27 22 30 22 4 7 79 8 81 12 73 14 68 1 8 176 2 5 123 24 121 3 9 109 12 133 27 128 2 2 65 3 85 2 10 106 18 108 3 3 161 11 194 16 172 2 13 237 27 181 2 16 56 27 53 3 4 162 6 136 15 181 2 10 104 18 93 3 17 88 21 67 30 80 2 4 59 18 54 3 7 104 14 82 19 107 3 16 99 26 87 28 91 2 4 73 22 80 2 7 95 21 81 1 27 17 3 20 130 24 156 28 127 2 18 20 30 25 2 2 141 23 126
36 3 1 205 6 182 25 200 2 2 6 27 6 2 2 81 3 72 2 4 56 10 60 2 8 94 25 91 3 5 119 10 135 24 99 2 2 83 3 76 3 2 215 6 163 14 198 2 7 72 21 81 4 7 83 8 60 12 62 14 81 1 8 147 3 5 133 10 91 24 116 3 9 161 12 118 27 109 2 10 83 18 100 3 3 208 11 147 16 164 3 11 139 23 127 29 117 3 12 164 17 157 29 142 2 2 92 3 94 2 13 184 27 198 2 2 107 23 119 3 14 24 27 22 30 28 3 4 175 6 179 15 187 1 8 180 2 16 62 27 58 3 17 91 21 87 30 82 2 4 55 18 70 3 2 147 6 180 14 158 3 7 106 14 101 19 109 2 12 82 20 106 3 20 161 24 113 28 152 2 4 84 22 69 2 5 85 24 84 3 5 96 10 131 24 133 1 27 17 3 16 103 26 117 28 87 2 18 18 30 18
33 3 1 193 6 188 25 176 2 2 6 27 6 2 8 89 25 90 2 2 70 3 76 3 1 207 6 202 25 219 3 2 171 6 155 14 168 2 4 44 10 57 3 11 133 23 119 29 125 3 5 104 10 112 24 131 2 12 107 20 81 3 12 161 17 125 29 148 3 14 24 27 22 30 27 4 7 69 8 72 12 74 14 67 1 8 173 2 5 123 24 94 3 9 160 12 137 27 158 2 2 64 3 71 2 10 76 18 86 3 3 214 11 216 16 195 2 13 189 27 216 2 16 50 27 48 3 4 181 6 141 15 191 2 10 102 18 86 3 17 88 21 92 30 68 2 4 70 18 64 3 7 83 14 105 19 82 3 16 111 26 110 28 92 2 4 81 22 93 2 7 94 21 76 1 27 16 3 20 117 24 140 28 135 2 18 23 30 24 2 2 129 23 109
33 3 1 193 6 188 25 176 2 2 6 27 6 2 8 89 25 90 2 2 70 3 76 3 1 207 6 202 25 219 3 2 171 6 155 14 168 2 4 44 10 57 3 11 133 23 119 29 125 3 5 104 10 112 24 131 2 12 107 20 81 3 12 161 17 125 29 148 3 14 24 27 22 30 27 4 7 69 8 72 12 74 14 67 1 8 173 2 5 123 24 94 3 9 160 12 137 27 158 2 2 64 3 71 2 10 76 18 86 3 3 214 11 216 16 195 2 13 189 27 216 2 16 50 27 48 3 4 181 6 141 15 191 2 10 102 18 86 3 17 88 21 92 30 68 2 4 70 18 64 3 7 83 14 105 19 82 3 16 111 26 110 28 92 2 4 81 22 93 2 7 94 21 76 1 27 16 3 20 117 24 140 28 135 2 18 23 30 24 2 2 129 23 109
33 3 1 193 6 188 25 176 2 2 6 27 6 2 8 89 25 90 2 2 70 3 76 3 1 207 6 202 25 219 3 2 171 6 155 14 168 2 4 44 10 57 3 11 133 23 119 29 125 3 5 104 10 112 24 131 2 12 107 20 81 3 12 161 17 125 29 148 3 14 24 27 22 30 27 4 7 69 8 72 12 74 14 67 1 8 173 2 5 123 24 94 3 9 160 12 137 27 158 2 2 64 3 71 2 10 76 18 86 3 3 214 11 216 16 195 2 13 189 27 216 2 16 50 27 48 3 4 181 6 141 15 191 2 10 102 18 86 3 17 88 21 92 30 68 2 4 70 18 64 3 7 83 14 105 19 82 3 16 111 26 110 28 92 2 4 81 22 93 2 7 94 21 76 1 27 16 3 20 117 24 140 28 135 2 18 23 30 24 2 2 129 23 109
33 3 1 162 6 182 25 192 2 2 8 27 7 2 2 72 3 68 3 1 206 6 192 25 152 3 2 212 6 149 14 170 2 4 51 10 48 3 2 180 6 184 14 209 3 5 111 10 116 24 92 4 7 79 8 62 12 67 14 79 2 4 57 10 48 3 12 158 17 142 29 153 1 8 162 3 17 80 21 78 30 81 2 2 124 23 136 3 9 119 12 112 27 134 2 10 79 18 109 3 11 155 23 147 29 142 2 8 84 25 95 3 3 159 11 157 16 184 2 13 171 27 160 3 14 25 27 27 30 26 3 4 186 6 177 15 167 3 7 106 14 92 19 105 2 7 95 21 89 2 16 65 27 55 2 4 52 18 67 3 16 98 26 91 28 92 2 4 69 22 94 2 12 107 20 74 2 5 118 24 118 1 27 13 3 20 145 24 128 28 152 2 18 19 30 24
33 2 8 86 25 88 3 1 190 6 217 25 175 2 2 7 27 6 2 2 79 3 78 2 4 53 10 61 3 5 114 10 125 24 107 2 18 16 30 19 3 2 207 6 164 14 201 2 10 92 18 75 4 7 85 8 87 12 66 14 85 1 8 169 3 9 118 12 154 27 131 3 3 179 11 153 16 201 2 12 94 20 88 3 12 126 17 136 29 140 2 4 63 10 43 2 13 173 27 183 2 4 76 22 90 2 4 42 10 44 1 27 18 2 2 109 23 119 3 14 20 27 24 30 20 3 4 170 6 141 15 133 2 8 91 25 69 2 16 63 27 66 2 4 57 18 54 3 17 68 21 76 30 73 2 7 92 21 100 3 7 106 14 94 19 82 2 5 122 24 87 3 16 92 26 104 28 107 3 20 129 24 149 28 148 3 11 157 23 155 29 137
33 2 8 86 25 88 3 1 190 6 217 25 175 2 2 7 27 6 2 2 79 3 78 2 4 53 10 61 3 5 114 10 125 24 107 2 18 16 30 19 3 2 207 6 164 14 201 2 10 92 18 75 4 7 85 8 87 12 66 14 85 1 8 169 3 9 118 12 154 27 131 3 3 179 11 153 16 201 2 12 94 20 88 3 12 126 17 136 29 140 2 4 63 10 43 2 13 173 27 183 2 4 76 22 90 2 4 42 10 44 1 27 18 2 2 109 23 119 3 14 20 27 24 30 20 3 4 170 6 141 15 133 2 8 91 25 69 2 16 63 27 66 2 4 57 18 54 3 17 68 21 76 30 73 2 7 92 21 100 3 7 106 14 94 19 82 2 5 122 24 87 3 16 92 26 104 28 107 3 20 129 24 149 28 148 3 11 157 23 155 29 137
33 3 11 160 23 161 29 122 3 1 157 6 148 25 212 3 11 142 23 134 29 147 2 2 5 27 7 2 2 72 3 71 3 5 107 10 103 24 133 2 18 18 30 20 2 2 89 3 81 2 4 49 10 62 3 2 202 6 164 14 196 4 7 69 8 76 12 84 14 67 1 8 152 3 9 137 12 111 27 142 3 14 21 27 26 30 24 3 20 160 24 138 28 156 2 10 75 18 103 2 16 59 27 55 3 17 65 21 84 30 79 2 2 127 23 144 3 7 107 14 87 19 109 3 3 217 11 196 16 203 1 27 16 3 12 139 17 128 29 136 3 16 104 26 90 28 111 2 8 88 25 73 2 18 19 30 23 2 13 229 27 203 3 4 155 6 141 15 137 2 4 51 18 57 2 5 94 24 100 2 7 89 21 106 2 12 84 20 84 2 4 81 22 96
33 3 11 160 23 161 29 122 3 1 157 6 148 25 212 3 11 142 23 134 29 147 2 2 5 27 7 2 2 72 3 71 3 5 107 10 103 24 133 2 18 18 30 20 2 2 89 3 81 2 4 49 10 62 3 2 202 6 164 14 196 4 7 69 8 76 12 84 14 67 1 8 152 3 9 137 12 111 27 142 3 14 21 27 26 30 24 3 20 160 24 138 28 156 2 10 75 18 103 2 16 59 27 55 3 17 65 21 84 30 79 2 2 127 23 144 3 7 107 14 87 19 109 3 3 217 11 196 16 203 1 27 16 3 12 139 17 128 29 136 3 16 104 26 90 28 111 2 8 88 25 73 2 18 19 30 23 2 13 229 27 203 3 4 155 6 141 15 137 2 4 51 18 57 2 5 94 24 100 2 7 89 21 106 2 12 84 20 84 2 4 81 22 96
37 2 2 152 23 107 3 11 138 23 166 29 151 3 1 207 6 202 25 169 2 2 8 27 6 2 10 76 18 104 2 5 101 24 89 2 2 79 3 83 2 2 130 23 151 2 4 45 10 57 2 8 72 25 77 2 2 128 23 104 3 7 78 14 112 19 81 3 5 93 10 101 24 120 2 2 124 23 149 3 2 151 6 205 14 152 2 10 107 18 106 4 7 62 8 79 12 78 14 60 3 5 102 10 101 24 108 2 13 191 27 163 1 8 163 3 9 131 12 148 27 129 3 3 211 11 217 16 160 3 12 164 17 137 29 134 3 7 85 14 94 19 95 3 14 22 27 24 30 24 3 4 155 6 167 15 186 2 4 55 18 64 2 16 50 27 54 3 16 101 26 116 28 103 3 17 85 21 78 30 89 3 2 199 6 172 14 176 2 18 17 30 18 2 12 74 20 101 2 7 75 21 75 3 20 145 24 141 28 114 2 4 81 22 71 1 27 13
37 2 2 152 23 107 3 11 138 23 166 29 151 3 1 207 6 202 25 169 2 2 8 27 6 2 10 76 18 104 2 5 101 24 89 2 2 79 3 83 2 2 130 23 151 2 4 45 10 57 2 8 72 25 77 2 2 128 23 104 3 7 78 14 112 19 81 3 5 93 10 101 24 120 2 2 124 23 149 3 2 151 6 205 14 152 2 10 107 18 106 4 7 62 8 79 12 78 14 60 3 5 102 10 101 24 108 2 13 191 27 163 1 8 163 3 9 131 12 148 27 129 3 3 211 11 217 16 160 3 12 164 17 137 29 134 3 7 85 14 94 19 95 3 14 22 27 24 30 24 3 4 155 6 167 15 186 2 4 55 18 64 2 16 50 27 54 3 16 101 26 116 28 103 3 17 85 21 78 30 89 3 2 199 6 172 14 176 2 18 17 30 18 2 12 74 20 101 2 7 75 21 75 3 20 145 24 141 28 114 2 4 81 22 71 1 27 13
35 3 1 163 6 202 25 197 2 2 8 27 6 3 1 165 6 175 25 202 3 20 112 24 155 28 133 2 2 67 3 75 2 4 60 10 46 3 1 173 6 154 25 171 3 17 70 21 63 30 77 3 5 121 10 103 24 132 3 2 201 6 215 14 187 3 16 83 26 100 28 88 4 7 76 8 88 12 67 14 65 3 4 139 6 195 15 141 1 8 199 3 7 79 14 83 19 91 3 9 133 12 136 27 161 3 12 151 17 115 29 149 2 10 99 18 81 3 3 164 11 190 16 199 2 13 222 27 176 3 14 27 27 28 30 26 2 18 18 30 18 2 8 75 25 86 2 4 51 10 57 2 16 50 27 48 2 2 114 23 116 3 1 151 6 169 25 213 2 12 86 20 80 2 4 53 18 63 2 7 101 21 80 3 12 119 17 136 29 164 3 11 116 23 120 29 148 2 4 69 22 102 1 27 16 2 5 100 24 101
36 3 1 194 6 152 25 193 3 2 181 6 212 14 178 2 2 5 27 7 3 11 139 23 156 29 124 2 2 94 3 69 3 2 210 6 171 14 172 2 4 54 10 51 2 12 83 20 73 2 10 99 18 82 3 1 190 6 186 25 163 3 5 101 10 107 24 129 4 7 85 8 86 12 64 14 61 3 12 120 17 146 29 137 2 2 7 27 8 1 8 144 3 20 150 24 125 28 119 3 9 139 12 115 27 149 2 4 66 18 49 2 8 70 25 94 3 3 201 11 167 16 192 2 12 90 20 82 2 13 184 27 210 3 17 76 21 84 30 87 3 14 20 27 19 30 24 3 4 187 6 164 15 181 2 16 58 27 58 2 4 69 22 93 3 11 117 23 164 29 143 2 5 124 24 92 3 7 86 14 99 19 111 2 7 95 21 82 3 4 177 6 170 15 190 2 2 103 23 116 3 16 93 26 112 28 108 1 27 14 2 18 17 30 24
38 3 1 210 6 159 25 190 2 2 6 27 5 2 2 67 3 89 3 20 135 24 134 28 162 2 4 50 10 61 2 2 76 3 76 3 2 185 6 183 14 177 3 5 101 10 107 24 119 4 7 83 8 73 12 85 14 89 2 4 57 10 57 1 8 191 3 14 26 27 21 30 19 3 9 134 12 161 27 112 2 4 69 18 63 2 10 80 18 97 2 4 94 22 75 3 3 178 11 187 16 161 2 2 81 3 70 2 12 87 20 85 4 7 64 8 80 12 72 14 86 2 16 63 27 50 2 18 20 30 24 3 12 165 17 136 29 116 3 20 108 24 142 28 160 2 13 177 27 171 3 20 136 24 150 28 138 3 4 173 6 156 15 199 2 2 5 27 6 3 17 78 21 87 30 91 3 7 110 14 115 19 97 2 7 106 21 79 2 2 137 23 109 2 5 118 24 122 2 8 77 25 82 2 7 104 21 88 3 16 85 26 82 28 92 1 27 18 3 11 152 23 134 29 126
36 3 1 161 6 194 25 209 2 12 94 20 96 2 2 5 27 8 2 2 94 3 78 2 4 61 10 44 2 2 8 27 5 3 5 92 10 134 24 114 2 18 17 30 20 2 4 73 18 59 2 10 87 18 101 3 16 106 26 116 28 116 3 2 187 6 177 14 163 4 7 63 8 82 12 72 14 86 3 1 190 6 165 25 221 1 8 173 3 9 148 12 149 27 120 4 7 68 8 75 12 67 14 70 2 8 94 25 82 2 4 55 18 65 2 7 96 21 98 3 3 180 11 176 16 208 3 12 122 17 161 29 123 2 13 159 27 236 2 18 23 30 21 3 4 175 6 195 15 135 3 14 25 27 28 30 24 2 2 140 23 113 2 16 49 27 55 3 17 80 21 82 30 80 3 20 129 24 134 28 159 2 5 115 24 91 2 4 74 22 72 2 13 206 27 212 3 7 109 14 91 19 105 1 27 13 3 11 135 23 134 29 138
35 3 1 181 6 193 25 201 2 2 6 27 6 2 2 76 3 69 3 4 175 6 151 15 174 3 14 22 27 21 30 25 3 1 197 6 200 25 214 2 4 62 10 54 3 4 193 6 142 15 143 2 2 141 23 121 3 14 22 27 25 30 26 2 7 79 21 93 3 5 123 10 132 24 133 3 2 145 6 155 14 192 4 7 88 8 81 12 67 14 60 2 2 90 3 83 1 8 173 2 16 47 27 52 2 4 87 22 85 3 9 154 12 139 27 131 2 10 89 18 89 2 8 96 25 80 3 3 194 11 170 16 207 3 12 122 17 154 29 160 2 13 217 27 164 3 17 62 21 80 30 86 2 4 60 18 60 1 27 14 3 7 116 14 90 19 98 2 18 20 30 24 3 2 156 6 192 14 171 2 12 75 20 103 2 5 104 24 103 3 16 90 26 88 28 117 3 20 154 24 139 28 116 3 11 153 23 151 29 137
35 3 1 181 6 193 25 201 2 2 6 27 6 2 2 76 3 69 3 4 175 6 151 15 174 3 14 22 27 21 30 25 3 1 197 6 200 25 214 2 4 62 10 54 3 4 193 6 142 15 143 2 2 141 23 121 3 14 22 27 25 30 26 2 7 79 21 93 3 5 123 10 132 24 133 3 2 145 6 155 14 192 4 7 88 8 81 12 67 14 60 2 2 90 3 83 1 8 173 2 16 47 27 52 2 4 87 22 85 3 9 154 12 139 27 131 2 10 89 18 89 2 8 96 25 80 3 3 194 11 170 16 207 3 12 122 17 154 29 160 2 13 217 27 164 3 17 62 21 80 30 86 2 4 60 18 60 1 27 14 3 7 116 14 90 19 98 2 18 20 30 24 3 2 156 6 192 14 171 2 12 75 20 103 2 5 104 24 103 3 16 90 26 88 28 117 3 20 154 24 139 28 116 3 11 153 23 151 29 137
35 3 1 181 6 193 25 201 2 2 6 27 6 2 2 76 3 69 3 4 175 6 151 15 174 3 14 22 27 21 30 25 3 1 197 6 200 25 214 2 4 62 10 54 3 4 193 6 142 15 143 2 2 141 23 121 3 14 22 27 25 30 26 2 7 79 21 93 3 5 123 10 132 24 133 3 2 145 6 155 14 192 4 7 88 8 81 12 67 14 60 2 2 90 3 83 1 8 173 2 16 47 27 52 2 4 87 22 85 3 9 154 12 139 27 131 2 10 89 18 89 2 8 96 25 80 3 3 194 11 170 16 207 3 12 122 17 154 29 160 2 13 217 27 164 3 17 62 21 80 30 86 2 4 60 18 60 1 27 14 3 7 116 14 90 19 98 2 18 20 30 24 3 2 156 6 192 14 171 2 12 75 20 103 2 5 104 24 103 3 16 90 26 88 28 117 3 20 154 24 139 28 116 3 11 153 23 151 29 137
35 3 1 181 6 193 25 201 2 2 6 27 6 2 2 76 3 69 3 4 175 6 151 15 174 3 14 22 27 21 30 25 3 1 197 6 200 25 214 2 4 62 10 54 3 4 193 6 142 15 143 2 2 141 23 121 3 14 22 27 25 30 26 2 7 79 21 93 3 5 123 10 132 24 133 3 2 145 6 155 14 192 4 7 88 8 81 12 67 14 60 2 2 90 3 83 1 8 173 2 16 47 27 52 2 4 87 22 85 3 9 154 12 139 27 131 2 10 89 18 89 2 8 96 25 80 3 3 194 11 170 16 207 3 12 122 17 154 29 160 2 13 217 27 164 3 17 62 21 80 30 86 2 4 60 18 60 1 27 14 3 7 116 14 90 19 98 2 18 20 30 24 3 2 156 6 192 14 171 2 12 75 20 103 2 5 104 24 103 3 16 90 26 88 28 117 3 20 154 24 139 28 116 3 11 153 23 151 29 137
33 3 1 199 6 158 25 217 2 2 8 27 6 2 8 71 25 83 2 2 83 3 76 3 1 179 6 165 25 154 3 2 145 6 202 14 189 2 4 55 10 62 3 11 136 23 114 29 142 3 5 131 10 118 24 97 2 12 99 20 103 3 12 115 17 147 29 150 3 14 21 27 28 30 24 4 7 82 8 64 12 64 14 83 1 8 187 2 5 94 24 123 3 9 147 12 111 27 136 2 2 63 3 66 2 10 90 18 99 3 3 173 11 196 16 181 2 13 230 27 220 2 16 55 27 60 3 4 157 6 197 15 157 2 10 104 18 98 3 17 70 21 86 30 76 2 4 69 18 53 3 7 108 14 83 19 110 3 16 88 26 99 28 99 2 4 79 22 79 2 7 84 21 102 1 27 14 3 20 112 24 133 28 112 2 18 17 30 21 2 2 118 23 116
39 3 3 187 11 150 16 207 3 1 186 6 220 25 173 2 2 5 27 6 2 2 82 3 83 2 7 95 21 80 2 2 78 3 91 2 4 54 10 48 3 5 92 10 124 24 106 2 7 96 21 88 3 2 166 6 172 14 198 3 7 85 14 95 19 79 3 5 131 10 126 24 108 2 16 64 27 58 3 11 142 23 116 29 126 4 7 71 8 61 12 68 14 68 1 8 155 2 2 117 23 126 3 11 137 23 155 29 154 3 9 129 12 153 27 124 2 10 86 18 99 3 3 175 11 159 16 160 3 12 117 17 144 29 139 2 13 177 27 227 3 14 28 27 21 30 20 3 4 172 6 141 15 199 3 17 72 21 66 30 88 2 13 204 27 181 2 4 59 18 65 3 1 178 6 161 25 216 2 12 91 20 109 3 5 93 10 99 24 134 2 4 95 22 70 2 5 125 24 112 2 12 98 20 87 2 8 90 25 78 3 16 91 26 104 28 98 1 27 14 3 20 155 24 124 28 139 2 18 17 30 17
39 3 3 187 11 150 16 207 3 1 186 6 220 25 173 2 2 5 27 6 2 2 82 3 83 2 7 95 21 80 2 2 78 3 91 2 4 54 10 48 3 5 92 10 124 24 106 2 7 96 21 88 3 2 166 6 172 14 198 3 7 85 14 95 19 79 3 5 131 10 126 24 108 2 16 64 27 58 3 11 142 23 116 29 126 4 7 71 8 61 12 68 14 68 1 8 155 2 2 117 23 126 3 11 137 23 155 29 154 3 9 129 12 153 27 124 2 10 86 18 99 3 3 175 11 159 16 160 3 12 117 17 144 29 139 2 13 177 27 227 3 14 28 27 21 30 20 3 4 172 6 141 15 199 3 17 72 21 66 30 88 2 13 204 27 181 2 4 59 18 65 3 1 178 6 161 25 216 2 12 91 20 109 3 5 93 10 99 24 134 2 4 95 22 70 2 5 125 24 112 2 12 98 20 87 2 8 90 25 78 3 16 91 26 104 28 98 1 27 14 3 20 155 24 124 28 139 2 18 17 30 17
33 3 11 166 23 163 29 137 3 1 207 6 214 25 165 3 11 144 23 161 29 134 2 2 6 27 8 2 2 94 3 76 3 5 109 10 107 24 98 2 18 20 30 20 2 2 68 3 94 2 4 43 10 42 3 2 162 6 213 14 155 4 7 79 8 68 12 73 14 76 1 8 164 3 9 112 12 127 27 127 3 14 26 27 27 30 24 3 20 150 24 160 28 151 2 10 75 18 76 2 16 63 27 50 3 17 71 21 84 30 63 2 2 141 23 128 3 7 88 14 79 19 111 3 3 158 11 198 16 190 1 27 17 3 12 119 17 119 29 114 3 16 89 26 87 28 91 2 8 69 25 88 2 18 23 30 21 2 13 211 27 209 3 4 185 6 163 15 152 2 4 70 18 56 2 5 104 24 122 2 7 77 21 89 2 12 105 20 93 2 4 84 22 73
35 3 1 156 6 179 25 217 2 2 6 27 6 3 1 207 6 216 25 214 3 20 130 24 125 28 131 2 2 64 3 64 2 4 63 10 58 3 1 198 6 152 25 221 3 17 90 21 71 30 90 3 5 95 10 132 24 119 3 2 146 6 150 14 168 3 16 117 26 117 28 93 4 7 82 8 89 12 61 14 63 3 4 192 6 173 15 155 1 8 189 3 7 83 14 88 19 109 3 9 135 12 109 27 141 3 12 154 17 132 29 112 2 10 85 18 104 3 3 150 11 177 16 198 2 13 235 27 232 3 14 28 27 25 30 25 2 18 20 30 18 2 8 69 25 84 2 4 42 10 49 2 16 58 27 49 2 2 120 23 150 3 1 155 6 157 25 191 2 12 96 20 99 2 4 53 18 68 2 7 84 21 81 3 12 117 17 139 29 125 3 11 166 23 114 29 147 2 4 96 22 74 1 27 17 2 5 105 24 122
36 3 1 175 6 197 25 196 2 12 78 20 81 2 2 6 27 6 2 2 82 3 73 2 4 51 10 63 2 2 8 27 6 3 5 135 10 133 24 121 2 18 23 30 20 2 4 53 18 53 2 10 97 18 102 3 16 97 26 90 28 116 3 2 154 6 193 14 212 4 7 82 8 76 12 87 14 61 3 1 183 6 192 25 176 1 8 166 3 9 132 12 114 27 134 4 7 66 8 74 12 64 14 67 2 8 89 25 74 2 4 70 18 49 2 7 105 21 98 3 3 193 11 170 16 205 3 12 163 17 135 29 140 2 13 189 27 237 2 18 23 30 17 3 4 193 6 177 15 134 3 14 22 27 23 30 19 2 2 141 23 123 2 16 47 27 53 3 17 70 21 82 30 70 3 20 136 24 123 28 109 2 5 102 24 91 2 4 102 22 72 2 13 193 27 218 3 7 85 14 90 19 90 1 27 18 3 11 136 23 163 29 149
39 2 4 53 10 52 3 1 193 6 205 25 188 2 4 52 10 48 2 2 6 27 6 2 4 61 10 55 2 8 77 25 85 3 7 82 14 107 19 107 2 2 74 3 89 3 5 96 10 92 24 129 3 2 183 6 182 14 186 2 4 47 10 62 1 8 195 3 9 133 12 127 27 119 4 7 77 8 80 12 61 14 70 2 10 88 18 82 2 4 49 18 63 1 27 18 3 14 24 27 19 30 22 4 7 79 8 87 12 84 14 74 3 12 126 17 117 29 165 2 18 22 30 19 3 3 152 11 199 16 206 3 11 142 23 142 29 167 2 13 183 27 201 3 5 125 10 101 24 127 3 4 181 6 164 15 175 2 16 56 27 47 3 4 164 6 149 15 188 3 17 78 21 65 30 62 2 18 18 30 19 3 20 137 24 157 28 146 2 12 89 20 94 2 13 232 27 228 2 7 88 21 95 2 4 79 22 70 2 2 116 23 123 2 5 89 24 106 2 12 74 20 95 3 16 114 26 96 28 105
37 3 1 212 6 203 25 219 2 2 7 27 6 3 1 155 6 174 25 180 2 2 72 3 65 2 4 55 10 47 3 5 95 10 101 24 125 3 2 158 6 203 14 215 4 7 72 8 76 12 73 14 79 1 8 194 3 9 131 12 115 27 130 3 7 80 14 112 19 86 2 10 82 18 107 3 1 219 6 160 25 207 3 3 203 11 155 16 178 2 4 57 18 64 1 27 18 3 5 94 10 92 24 95 3 12 123 17 161 29 164 2 13 186 27 189 3 14 25 27 28 30 22 2 2 89 3 89 3 4 161 6 160 15 188 2 16 49 27 46 3 17 71 21 81 30 69 2 12 74 20 84 3 16 117 26 91 28 88 3 7 106 14 98 19 85 2 7 77 21 79 3 11 121 23 146 29 128 3 4 160 6 162 15 190 2 4 95 22 87 2 12 98 20 93 2 2 135 23 124 2 8 94 25 75 2 5 111 24 120 3 20 110 24 127 28 160 2 18 25 30 23
37 3 1 212 6 203 25 219 2 2 7 27 6 3 1 155 6 174 25 180 2 2 72 3 65 2 4 55 10 47 3 5 95 10 101 24 125 3 2 158 6 203 14 215 4 7 72 8 76 12 73 14 79 1 8 194 3 9 131 12 115 27 130 3 7 80 14 112 19 86 2 10 82 18 107 3 1 219 6 160 25 207 3 3 203 11 155 16 178 2 4 57 18 64 1 27 18 3 5 94 10 92 24 95 3 12 123 17 161 29 164 2 13 186 27 189 3 14 25 27 28 30 22 2 2 89 3 89 3 4 161 6 160 15 188 2 16 49 27 46 3 17 71 21 81 30 69 2 12 74 20 84 3 16 117 26 91 28 88 3 7 106 14 98 19 85 2 7 77 21 79 3 11 121 23 146 29 128 3 4 160 6 162 15 190 2 4 95 22 87 2 12 98 20 93 2 2 135 23 124 2 8 94 25 75 2 5 111 24 120 3 20 110 24 127 28 160 2 18 25 30 23
37 3 1 212 6 203 25 219 2 2 7 27 6 3 1 155 6 174 25 180 2 2 72 3 65 2 4 55 10 47 3 5 95 10 101 24 125 3 2 158 6 203 14 215 4 7 72 8 76 12 73 14 79 1 8 194 3 9 131 12 115 27 130 3 7 80 14 112 19 86 2 10 82 18 107 3 1 219 6 160 25 207 3 3 203 11 155 16 178 2 4 57 18 64 1 27 18 3 5 94 10 92 24 95 3 12 123 17 161 29 164 2 13 186 27 189 3 14 25 27 28 30 22 2 2 89 3 89 3 4 161 6 160 15 188 2 16 49 27 46 3 17 71 21 81 30 69 2 12 74 20 84 3 16 117 26 91 28 88 3 7 106 14 98 19 85 2 7 77 21 79 3 11 121 23 146 29 128 3 4 160 6 162 15 190 2 4 95 22 87 2 12 98 20 93 2 2 135 23 124 2 8 94 25 75 2 5 111 24 120 3 20 110 24 127 28 160 2 18 25 30 23
33 3 11 128 23 121 29 158 3 1 215 6 168 25 212 3 11 136 23 146 29 128 2 2 5 27 7 2 2 71 3 68 3 5 116 10 105 24 96 2 18 21 30 18 2 2 66 3 84 2 4 59 10 54 3 2 166 6 195 14 189 4 7 87 8 83 12 83 14 77 1 8 190 3 9 125 12 135 27 145 3 14 23 27 25 30 21 3 20 115 24 159 28 142 2 10 79 18 105 2 16 61 27 55 3 17 87 21 79 30 62 2 2 108 23 116 3 7 102 14 85 19 100 3 3 176 11 156 16 201 1 27 17 3 12 122 17 123 29 149 3 16 99 26 100 28 92 2 8 90 25 68 2 18 20 30 17 2 13 223 27 184 3 4 136 6 140 15 134 2 4 57 18 52 2 5 103 24 115 2 7 96 21 73 2 12 107 20 84 2 4 73 22 71
36 1 8 155 2 8 76 25 90 3 14 26 27 26 30 19 3 4 156 6 139 15 147 3 1 198 6 216 25 193 3 14 26 27 28 30 21 3 11 149 23 118 29 150 2 7 74 21 81 2 2 6 27 8 2 2 90 3 91 1 8 184 2 4 59 10 44 3 20 122 24 143 28 160 3 12 163 17 132 29 125 2 10 77 18 90 3 5 106 10 119 24 92 3 2 169 6 166 14 191 4 7 62 8 80 12 77 14 85 3 9 152 12 126 27 138 2 5 87 24 117 3 16 85 26 107 28 100 3 3 166 11 217 16 165 4 7 78 8 85 12 79 14 67 2 13 195 27 172 2 16 58 27 45 2 13 175 27 205 3 17 88 21 72 30 64 2 4 61 18 69 3 7 103 14 81 19 90 3 12 145 17 153 29 118 1 27 19 2 12 108 20 108 2 4 101 22 69 2 2 105 23 132 4 7 83 8 65 12 80 14 81 2 18 23 30 20
36 1 8 155 2 8 76 25 90 3 14 26 27 26 30 19 3 4 156 6 139 15 147 3 1 198 6 216 25 193 3 14 26 27 28 30 21 3 11 149 23 118 29 150 2 7 74 21 81 2 2 6 27 8 2 2 90 3 91 1 8 184 2 4 59 10 44 3 20 122 24 143 28 160 3 12 163 17 132 29 125 2 10 77 18 90 3 5 106 10 119 24 92 3 2 169 6 166 14 191 4 7 62 8 80 12 77 14 85 3 9 152 12 126 27 138 2 5 87 24 117 3 16 85 26 107 28 100 3 3 166 11 217 16 165 4 7 78 8 85 12 79 14 67 2 13 195 27 172 2 16 58 27 45 2 13 175 27 205 3 17 88 21 72 30 64 2 4 61 18 69 3 7 103 14 81 19 90 3 12 145 17 153 29 118 1 27 19 2 12 108 20 108 2 4 101 22 69 2 2 105 23 132 4 7 83 8 65 12 80 14 81 2 18 23 30 20
36 3 1 219 6 180 25 168 2 2 6 27 7 2 2 94 3 76 2 4 57 10 60 2 8 86 25 74 3 5 111 10 120 24 108 2 2 81 3 81 3 2 179 6 155 14 201 2 7 87 21 77 4 7 66 8 62 12 65 14 62 1 8 184 3 5 97 10 109 24 129 3 9 143 12 112 27 112 2 10 107 18 77 3 3 213 11 147 16 194 3 11 151 23 157 29 115 3 12 156 17 136 29 129 2 2 76 3 81 2 13 238 27 209 2 2 123 23 147 3 14 20 27 25 30 25 3 4 198 6 146 15 163 1 8 193 2 16 45 27 57 3 17 68 21 81 30 64 2 4 49 18 65 3 2 215 6 189 14 189 3 7 79 14 100 19 93 2 12 96 20 87 3 20 132 24 137 28 148 2 4 95 22 72 2 5 107 24 91 3 5 104 10 133 24 133 1 27 14 3 16 83 26 108 28 108 2 18 21 30 19
35 2 2 7 27 7 3 1 178 6 174 25 193 2 2 84 3 80 2 4 57 10 49 3 14 19 27 27 30 27 3 1 156 6 170 25 155 3 5 135 10 120 24 106 3 2 173 6 150 14 191 4 7 80 8 68 12 73 14 68 3 2 188 6 186 14 207 1 8 187 3 9 146 12 145 27 136 2 10 106 18 80 3 3 152 11 157 16 208 3 20 122 24 123 28 142 4 7 78 8 83 12 77 14 80 2 4 92 22 85 2 2 146 23 138 3 12 134 17 157 29 136 2 13 187 27 208 2 7 99 21 82 3 4 190 6 159 15 165 2 16 57 27 47 3 17 74 21 77 30 64 2 4 65 18 72 2 12 108 20 95 3 7 94 14 96 19 114 1 27 14 2 18 19 30 22 1 27 17 2 5 96 24 94 3 11 130 23 159 29 166 2 8 72 25 75 3 17 85 21 71 30 72 3 16 115 26 105 28 86
33 3 1 168 6 208 25 217 2 2 6 27 7 2 8 73 25 77 2 2 78 3 89 3 1 196 6 176 25 192 3 2 200 6 188 14 213 2 4 57 10 44 3 11 115 23 134 29 138 3 5 136 10 93 24 113 2 12 81 20 85 3 12 166 17 112 29 125 3 14 19 27 27 30 23 4 7 81 8 68 12 72 14 88 1 8 170 2 5 92 24 99 3 9 161 12 108 27 122 2 2 69 3 92 2 10 75 18 83 3 3 148 11 158 16 216 2 13 215 27 172 2 16 45 27 45 3 4 147 6 145 15 138 2 10 83 18 86 3 17 77 21 78 30 91 2 4 61 18 51 3 7 99 14 107 19 82 3 16 110 26 82 28 93 2 4 101 22 91 2 7 103 21 98 1 27 13 3 20 158 24 155 28 148 2 18 19 30 24 2 2 139 23 116
36 1 8 183 2 8 79 25 75 3 14 28 27 25 30 19 3 4 140 6 187 15 196 3 1 219 6 194 25 186 3 14 25 27 25 30 19 3 11 132 23 132 29 121 2 7 91 21 81 2 2 6 27 7 2 2 91 3 63 1 8 142 2 4 55 10 50 3 20 144 24 134 28 116 3 12 149 17 150 29 131 2 10 80 18 97 3 5 116 10 123 24 91 3 2 179 6 207 14 187 4 7 79 8 63 12 86 14 75 3 9 143 12 146 27 138 2 5 103 24 87 3 16 112 26 80 28 115 3 3 168 11 166 16 189 4 7 78 8 88 12 62 14 73 2 13 178 27 174 2 16 45 27 65 2 13 203 27 228 3 17 68 21 88 30 77 2 4 65 18 72 3 7 96 14 105 19 112 3 12 131 17 147 29 164 1 27 14 2 12 79 20 82 2 4 72 22 69 2 2 146 23 129 4 7 80 8 81 12 65 14 60 2 18 25 30 19
DUE_DATES: 6273 6273 6273 5796 5965 6586 6586 6619 6619 5665 5665 6845 6220 6220 6871 6242 6242 6242 6251 5826 5826 5997 5997 7020 7020 6793 6868 6793 6631 6753 6753 6753 6753 6193 7643 7643 5951 6936 6577 7103 7209 7209 7209 5881 6718 6718 6976 6567 6122 6742
WEIGHTS: 3 1 3 3 1 2 3 2 3 3 2 1 2 3 2 1 2 2 1 2 3 2 3 1 2 1 3 2 2 3 2 1 1 2 2 1 3 1 3 2 2 3 3 3 2 3 2 1 1 3
