50 30
34 2 1 140 18 156 3 12 183 14 157 26 216 2 1 162 18 154 2 2 147 16 158 2 3 181 19 185 2 4 184 12 185 3 4 142 8 142 30 151 3 19 173 20 187 22 177 3 17 74 20 68 24 77 3 19 27 21 35 26 31 4 2 108 6 108 12 101 13 141 2 5 51 21 48 3 12 207 14 175 26 213 2 6 80 24 76 2 7 13 23 12 2 8 14 30 11 2 9 40 25 33 3 1 114 10 99 15 97 2 23 151 30 151 2 11 179 15 178 2 8 14 30 13 3 5 74 15 69 20 70 3 7 110 15 106 16 132 2 17 35 24 42 2 20 83 24 66 2 17 30 24 36 2 3 158 21 176 2 18 102 19 104 2 25 105 30 89 3 17 58 19 63 28 70 3 4 139 19 124 22 137 3 15 56 16 54 23 65 2 14 199 27 215 2 7 120 29 109
34 2 1 140 18 156 3 12 183 14 157 26 216 2 1 162 18 154 2 2 147 16 158 2 3 181 19 185 2 4 184 12 185 3 4 142 8 142 30 151 3 19 173 20 187 22 177 3 17 74 20 68 24 77 3 19 27 21 35 26 31 4 2 108 6 108 12 101 13 141 2 5 51 21 48 3 12 207 14 175 26 213 2 6 80 24 76 2 7 13 23 12 2 8 14 30 11 2 9 40 25 33 3 1 114 10 99 15 97 2 23 151 30 151 2 11 179 15 178 2 8 14 30 13 3 5 74 15 69 20 70 3 7 110 15 106 16 132 2 17 35 24 42 2 20 83 24 66 2 17 30 24 36 2 3 158 21 176 2 18 102 19 104 2 25 105 30 89 3 17 58 19 63 28 70 3 4 139 19 124 22 137 3 15 56 16 54 23 65 2 14 199 27 215 2 7 120 29 109
35 3 12 178 14 156 26 203 2 1 186 18 189 2 2 117 16 151 2 3 169 19 170 3 4 134 8 117 30 142 2 5 52 21 56 3 12 197 14 168 26 170 2 6 83 24 71 2 7 16 23 16 2 8 12 30 14 3 19 142 20 133 22 187 2 9 42 25 45 2 3 178 19 176 3 1 116 10 95 15 121 2 11 208 15 216 3 4 161 19 137 22 147 3 15 53 16 58 23 54 2 4 155 12 186 2 2 155 16 138 4 2 131 6 135 12 136 13 135 3 17 74 20 59 24 82 2 17 35 24 31 2 7 132 29 137 3 17 81 20 62 24 61 3 5 70 15 70 20 59 3 7 124 15 138 16 108 2 11 228 15 161 2 20 85 24 80 2 18 148 19 109 2 3 164 21 225 2 25 109 30 122 3 19 33 21 29 26 25 2 14 160 27 222 2 23 174 30 180 3 17 66 19 61 28 67
35 3 12 178 14 156 26 203 2 1 186 18 189 2 2 117 16 151 2 3 169 19 170 3 4 134 8 117 30 142 2 5 52 21 56 3 12 197 14 168 26 170 2 6 83 24 71 2 7 16 23 16 2 8 12 30 14 3 19 142 20 133 22 187 2 9 42 25 45 2 3 178 19 176 3 1 116 10 95 15 121 2 11 208 15 216 3 4 161 19 137 22 147 3 15 53 16 58 23 54 2 4 155 12 186 2 2 155 16 138 4 2 131 6 135 12 136 13 135 3 17 74 20 59 24 82 2 17 35 24 31 2 7 132 29 137 3 17 81 20 62 24 61 3 5 70 15 70 20 59 3 7 124 15 138 16 108 2 11 228 15 161 2 20 85 24 80 2 18 148 19 109 2 3 164 21 225 2 25 109 30 122 3 19 33 21 29 26 25 2 14 160 27 222 2 23 174 30 180 3 17 66 19 61 28 67
35 3 12 178 14 156 26 203 2 1 186 18 189 2 2 117 16 151 2 3 169 19 170 3 4 134 8 117 30 142 2 5 52 21 56 3 12 197 14 168 26 170 2 6 83 24 71 2 7 16 23 16 2 8 12 30 14 3 19 142 20 133 22 187 2 9 42 25 45 2 3 178 19 176 3 1 116 10 95 15 121 2 11 208 15 216 3 4 161 19 137 22 147 3 15 53 16 58 23 54 2 4 155 12 186 2 2 155 16 138 4 2 131 6 135 12 136 13 135 3 17 74 20 59 24 82 2 17 35 24 31 2 7 132 29 137 3 17 81 20 62 24 61 3 5 70 15 70 20 59 3 7 124 15 138 16 108 2 11 228 15 161 2 20 85 24 80 2 18 148 19 109 2 3 164 21 225 2 25 109 30 122 3 19 33 21 29 26 25 2 14 160 27 222 2 23 174 30 180 3 17 66 19 61 28 67
31 3 7 120 15 130 16 126 2 1 159 18 143 2 2 154 16 108 2 3 165 19 192 3 4 128 8 145 30 157 3 15 61 16 49 23 52 2 5 47 21 54 3 4 141 19 167 22 126 3 17 69 20 80 24 73 2 6 79 24 64 2 7 16 23 12 4 2 136 6 134 12 141 13 132 2 8 14 30 12 2 9 43 25 36 3 1 113 10 113 15 82 2 11 220 15 226 3 19 157 20 130 22 153 2 4 210 12 184 3 12 193 14 148 26 159 3 5 52 15 67 20 66 2 18 145 19 136 2 17 29 24 31 2 3 170 21 230 3 19 26 21 28 26 26 2 7 138 29 137 2 20 69 24 93 2 25 121 30 105 2 17 41 24 32 2 14 206 27 206 2 23 139 30 190 3 17 82 19 71 28 82
31 3 7 120 15 130 16 126 2 1 159 18 143 2 2 154 16 108 2 3 165 19 192 3 4 128 8 145 30 157 3 15 61 16 49 23 52 2 5 47 21 54 3 4 141 19 167 22 126 3 17 69 20 80 24 73 2 6 79 24 64 2 7 16 23 12 4 2 136 6 134 12 141 13 132 2 8 14 30 12 2 9 43 25 36 3 1 113 10 113 15 82 2 11 220 15 226 3 19 157 20 130 22 153 2 4 210 12 184 3 12 193 14 148 26 159 3 5 52 15 67 20 66 2 18 145 19 136 2 17 29 24 31 2 3 170 21 230 3 19 26 21 28 26 26 2 7 138 29 137 2 20 69 24 93 2 25 121 30 105 2 17 41 24 32 2 14 206 27 206 2 23 139 30 190 3 17 82 19 71 28 82
37 2 11 172 15 173 2 1 174 18 196 2 2 115 16 122 2 3 198 19 152 3 19 132 20 173 22 140 3 4 158 19 133 22 159 2 7 14 23 16 2 23 189 30 147 3 4 131 8 141 30 141 2 3 172 19 163 2 18 137 19 112 2 23 168 30 155 2 5 39 21 55 2 7 132 29 131 2 7 17 23 16 2 6 70 24 88 2 8 14 30 14 2 9 39 25 44 2 8 10 30 11 2 14 193 27 213 2 6 83 24 67 3 1 95 10 83 15 115 2 18 122 19 106 2 4 165 12 214 3 12 178 14 195 26 147 3 19 24 21 27 26 28 4 2 106 6 104 12 140 13 139 3 5 67 15 66 20 57 3 7 119 15 119 16 136 2 1 179 18 152 2 17 40 24 30 2 20 73 24 85 3 17 81 20 60 24 74 3 17 65 19 80 28 81 2 3 215 21 227 2 25 118 30 95 3 15 48 16 55 23 51
37 2 11 172 15 173 2 1 174 18 196 2 2 115 16 122 2 3 198 19 152 3 19 132 20 173 22 140 3 4 158 19 133 22 159 2 7 14 23 16 2 23 189 30 147 3 4 131 8 141 30 141 2 3 172 19 163 2 18 137 19 112 2 23 168 30 155 2 5 39 21 55 2 7 132 29 131 2 7 17 23 16 2 6 70 24 88 2 8 14 30 14 2 9 39 25 44 2 8 10 30 11 2 14 193 27 213 2 6 83 24 67 3 1 95 10 83 15 115 2 18 122 19 106 2 4 165 12 214 3 12 178 14 195 26 147 3 19 24 21 27 26 28 4 2 106 6 104 12 140 13 139 3 5 67 15 66 20 57 3 7 119 15 119 16 136 2 1 179 18 152 2 17 40 24 30 2 20 73 24 85 3 17 81 20 60 24 74 3 17 65 19 80 28 81 2 3 215 21 227 2 25 118 30 95 3 15 48 16 55 23 51
37 2 11 172 15 173 2 1 174 18 196 2 2 115 16 122 2 3 198 19 152 3 19 132 20 173 22 140 3 4 158 19 133 22 159 2 7 14 23 16 2 23 189 30 147 3 4 131 8 141 30 141 2 3 172 19 163 2 18 137 19 112 2 23 168 30 155 2 5 39 21 55 2 7 132 29 131 2 7 17 23 16 2 6 70 24 88 2 8 14 30 14 2 9 39 25 44 2 8 10 30 11 2 14 193 27 213 2 6 83 24 67 3 1 95 10 83 15 115 2 18 122 19 106 2 4 165 12 214 3 12 178 14 195 26 147 3 19 24 21 27 26 28 4 2 106 6 104 12 140 13 139 3 5 67 15 66 20 57 3 7 119 15 119 16 136 2 1 179 18 152 2 17 40 24 30 2 20 73 24 85 3 17 81 20 60 24 74 3 17 65 19 80 28 81 2 3 215 21 227 2 25 118 30 95 3 15 48 16 55 23 51
34 2 1 183 18 179 3 17 60 20 76 24 76 4 2 135 6 107 12 148 13 102 2 1 149 18 162 3 4 123 19 157 22 156 3 17 70 20 59 24 71 2 2 113 16 147 2 3 143 19 193 3 4 145 8 105 30 139 2 3 185 19 134 2 5 47 21 55 2 7 12 23 14 2 4 191 12 201 2 6 65 24 72 2 8 13 30 12 2 9 39 25 43 3 1 89 10 110 15 100 3 19 31 21 33 26 29 2 11 165 15 202 3 12 174 14 180 26 149 3 19 154 20 174 22 144 3 17 59 19 56 28 60 3 5 58 15 56 20 65 3 15 62 16 48 23 55 3 7 126 15 115 16 100 2 17 31 24 39 3 5 71 15 66 20 67 2 25 92 30 103 2 7 133 29 117 2 18 130 19 134 2 20 80 24 66 2 3 228 21 233 2 14 189 27 215 2 23 198 30 189
37 3 4 115 8 107 30 122 2 1 138 18 141 2 2 126 16 126 2 20 92 24 65 2 4 181 12 157 2 1 149 18 133 2 3 158 19 167 2 5 55 21 55 2 11 185 15 156 2 6 76 24 73 2 1 190 18 177 2 14 213 27 194 3 4 130 8 142 30 151 2 7 12 23 12 2 8 12 30 11 2 9 41 25 35 3 1 82 10 82 15 99 4 2 117 6 133 12 110 13 143 3 12 149 14 197 26 196 2 1 135 18 155 3 5 75 15 62 20 73 3 7 134 15 105 16 106 2 17 32 24 36 3 7 102 15 139 16 137 2 18 130 19 106 3 19 35 21 35 26 32 3 4 115 19 143 22 157 2 3 189 21 226 2 25 101 30 88 4 2 124 6 103 12 143 13 106 2 7 111 29 106 3 17 70 20 82 24 75 2 14 200 27 211 3 17 60 19 77 28 61 3 19 182 20 194 22 184 3 15 46 16 55 23 51 2 23 163 30 192
36 2 1 186 18 195 3 15 49 16 58 23 62 2 1 171 18 159 2 2 154 16 111 3 4 121 8 114 30 133 2 2 149 16 134 3 19 154 20 165 22 175 2 3 170 19 165 2 1 146 18 157 2 5 40 21 48 3 19 29 21 28 26 30 2 6 87 24 67 2 7 13 23 17 2 5 51 21 41 2 8 10 30 12 2 9 33 25 40 3 1 121 10 108 15 94 2 11 170 15 216 2 4 207 12 209 4 2 148 6 146 12 107 13 134 2 6 64 24 70 3 12 195 14 164 26 174 3 5 58 15 58 20 52 2 14 171 27 159 3 7 116 15 119 16 95 2 17 42 24 37 2 18 125 19 141 2 9 42 25 45 3 4 121 19 127 22 147 2 25 98 30 122 2 7 128 29 102 2 20 76 24 81 2 3 176 21 164 2 23 199 30 142 3 17 57 20 71 24 71 3 17 66 19 66 28 56
36 2 1 186 18 195 3 15 49 16 58 23 62 2 1 171 18 159 2 2 154 16 111 3 4 121 8 114 30 133 2 2 149 16 134 3 19 154 20 165 22 175 2 3 170 19 165 2 1 146 18 157 2 5 40 21 48 3 19 29 21 28 26 30 2 6 87 24 67 2 7 13 23 17 2 5 51 21 41 2 8 10 30 12 2 9 33 25 40 3 1 121 10 108 15 94 2 11 170 15 216 2 4 207 12 209 4 2 148 6 146 12 107 13 134 2 6 64 24 70 3 12 195 14 164 26 174 3 5 58 15 58 20 52 2 14 171 27 159 3 7 116 15 119 16 95 2 17 42 24 37 2 18 125 19 141 2 9 42 25 45 3 4 121 19 127 22 147 2 25 98 30 122 2 7 128 29 102 2 20 76 24 81 2 3 176 21 164 2 23 199 30 142 3 17 57 20 71 24 71 3 17 66 19 66 28 56
42 2 1 139 18 150 2 2 119 16 157 2 3 194 19 139 2 2 113 16 135 3 4 134 8 123 30 145 2 5 45 21 47 2 6 82 24 76 2 7 14 23 17 2 8 12 30 10 2 11 192 15 185 2 9 42 25 44 2 8 14 30 14 3 1 103 10 113 15 105 2 5 38 21 45 2 4 216 12 159 4 2 108 6 149 12 137 13 120 3 12 161 14 183 26 184 2 2 125 16 126 3 5 51 15 67 20 54 2 5 42 21 44 2 20 66 24 91 2 3 232 21 162 3 7 142 15 104 16 98 2 8 13 30 13 2 17 42 24 39 2 9 31 25 31 2 18 134 19 100 3 4 115 19 152 22 158 3 15 57 16 48 23 56 4 2 138 6 130 12 105 13 132 3 19 192 20 184 22 141 3 17 58 20 68 24 76 2 25 93 30 117 3 4 128 8 132 30 155 3 19 34 21 33 26 24 2 23 167 30 199 2 3 142 19 188 2 14 188 27 159 3 7 111 15 122 16 118 3 17 77 19 64 28 63 2 1 161 18 170 2 7 130 29 136
42 2 1 139 18 150 2 2 119 16 157 2 3 194 19 139 2 2 113 16 135 3 4 134 8 123 30 145 2 5 45 21 47 2 6 82 24 76 2 7 14 23 17 2 8 12 30 10 2 11 192 15 185 2 9 42 25 44 2 8 14 30 14 3 1 103 10 113 15 105 2 5 38 21 45 2 4 216 12 159 4 2 108 6 149 12 137 13 120 3 12 161 14 183 26 184 2 2 125 16 126 3 5 51 15 67 20 54 2 5 42 21 44 2 20 66 24 91 2 3 232 21 162 3 7 142 15 104 16 98 2 8 13 30 13 2 17 42 24 39 2 9 31 25 31 2 18 134 19 100 3 4 115 19 152 22 158 3 15 57 16 48 23 56 4 2 138 6 130 12 105 13 132 3 19 192 20 184 22 141 3 17 58 20 68 24 76 2 25 93 30 117 3 4 128 8 132 30 155 3 19 34 21 33 26 24 2 23 167 30 199 2 3 142 19 188 2 14 188 27 159 3 7 111 15 122 16 118 3 17 77 19 64 28 63 2 1 161 18 170 2 7 130 29 136
37 3 4 155 8 147 30 105 2 1 182 18 154 2 2 106 16 158 2 20 72 24 82 2 4 161 12 179 2 1 180 18 152 2 3 196 19 145 2 5 50 21 44 2 11 176 15 181 2 6 76 24 62 2 1 193 18 184 2 14 226 27 186 3 4 108 8 109 30 125 2 7 13 23 13 2 8 12 30 12 2 9 31 25 43 3 1 116 10 89 15 100 4 2 144 6 137 12 119 13 126 3 12 175 14 207 26 150 2 1 182 18 172 3 5 73 15 65 20 52 3 7 110 15 100 16 116 2 17 38 24 39 3 7 98 15 140 16 98 2 18 127 19 122 3 19 35 21 35 26 34 3 4 115 19 119 22 131 2 3 185 21 214 2 25 100 30 103 4 2 119 6 127 12 124 13 130 2 7 123 29 131 3 17 76 20 78 24 79 2 14 159 27 198 3 17 64 19 57 28 62 3 19 151 20 146 22 137 3 15 51 16 51 23 56 2 23 184 30 190
37 2 1 156 18 187 2 2 120 16 107 2 3 188 19 166 3 4 139 8 131 30 146 2 5 51 21 43 2 2 155 16 138 2 6 78 24 77 2 5 38 21 49 2 7 16 23 15 2 8 12 30 12 3 17 63 20 57 24 78 2 9 45 25 42 3 1 97 10 116 15 82 3 15 66 16 64 23 53 2 3 196 19 161 2 11 231 15 168 2 4 185 12 161 4 2 123 6 141 12 112 13 106 3 12 178 14 205 26 191 2 3 136 19 163 2 20 69 24 82 2 7 132 29 130 3 5 57 15 65 20 70 3 4 156 8 142 30 116 3 7 138 15 120 16 129 2 17 40 24 33 3 4 138 8 113 30 156 2 18 143 19 111 3 4 161 19 149 22 133 2 3 165 21 206 2 8 13 30 10 3 19 139 20 174 22 177 2 25 116 30 103 2 23 201 30 194 2 14 182 27 212 3 19 30 21 25 26 34 3 17 61 19 58 28 82
36 2 1 194 18 148 2 2 150 16 154 2 6 59 24 60 3 4 125 19 160 22 154 2 3 160 19 159 2 1 165 18 190 3 4 145 8 114 30 107 2 5 53 21 47 2 25 82 30 120 2 3 203 21 176 2 7 16 23 16 2 8 10 30 11 3 4 167 19 114 22 165 2 9 40 25 38 2 18 108 19 121 3 1 115 10 96 15 91 2 25 105 30 109 2 23 153 30 177 2 25 116 30 110 2 7 100 29 109 2 11 211 15 231 2 18 149 19 110 3 12 192 14 155 26 191 2 4 169 12 200 4 2 130 6 100 12 110 13 113 3 5 51 15 72 20 55 3 19 34 21 32 26 32 3 7 97 15 103 16 114 2 17 31 24 36 3 17 81 19 59 28 55 2 20 93 24 86 4 2 104 6 111 12 130 13 129 3 19 192 20 159 22 181 3 17 62 20 57 24 63 2 14 227 27 159 3 15 45 16 66 23 63
36 2 1 194 18 148 2 2 150 16 154 2 6 59 24 60 3 4 125 19 160 22 154 2 3 160 19 159 2 1 165 18 190 3 4 145 8 114 30 107 2 5 53 21 47 2 25 82 30 120 2 3 203 21 176 2 7 16 23 16 2 8 10 30 11 3 4 167 19 114 22 165 2 9 40 25 38 2 18 108 19 121 3 1 115 10 96 15 91 2 25 105 30 109 2 23 153 30 177 2 25 116 30 110 2 7 100 29 109 2 11 211 15 231 2 18 149 19 110 3 12 192 14 155 26 191 2 4 169 12 200 4 2 130 6 100 12 110 13 113 3 5 51 15 72 20 55 3 19 34 21 32 26 32 3 7 97 15 103 16 114 2 17 31 24 36 3 17 81 19 59 28 55 2 20 93 24 86 4 2 104 6 111 12 130 13 129 3 19 192 20 159 22 181 3 17 62 20 57 24 63 2 14 227 27 159 3 15 45 16 66 23 63
37 2 1 146 18 159 2 2 115 16 139 2 3 192 19 196 3 4 129 8 122 30 154 2 5 43 21 49 2 2 154 16 117 2 6 75 24 70 2 5 56 21 43 2 7 14 23 12 2 8 12 30 10 3 17 59 20 58 24 59 2 9 43 25 39 3 1 110 10 120 15 82 3 15 57 16 57 23 61 2 3 190 19 167 2 11 214 15 229 2 4 188 12 189 4 2 109 6 129 12 134 13 102 3 12 184 14 192 26 155 2 3 181 19 188 2 20 64 24 93 2 7 139 29 136 3 5 60 15 54 20 53 3 4 144 8 153 30 148 3 7 142 15 122 16 115 2 17 40 24 40 3 4 129 8 148 30 118 2 18 127 19 127 3 4 146 19 148 22 129 2 3 217 21 172 2 8 12 30 14 3 19 167 20 163 22 167 2 25 98 30 111 2 23 194 30 142 2 14 232 27 162 3 19 30 21 34 26 31 3 17 76 19 55 28 63
36 3 15 56 16 47 23 48 2 1 148 18 138 2 7 122 29 136 2 2 122 16 143 2 6 66 24 84 2 23 187 30 184 2 3 172 19 143 2 20 65 24 64 3 4 112 8 115 30 117 3 4 113 19 164 22 161 2 5 56 21 50 2 17 42 24 41 3 7 95 15 139 16 138 3 17 56 20 73 24 78 2 5 55 21 57 3 12 206 14 153 26 151 2 4 195 12 198 2 7 121 29 107 2 7 16 23 16 3 17 65 19 61 28 82 3 4 117 8 115 30 153 2 11 229 15 156 2 8 14 30 11 2 9 38 25 43 2 20 91 24 74 3 1 118 10 117 15 107 2 17 35 24 30 3 5 66 15 71 20 61 3 19 25 21 35 26 35 4 2 123 6 101 12 109 13 143 3 5 57 15 57 20 53 2 18 131 19 106 2 3 210 21 188 3 19 132 20 185 22 164 2 25 100 30 96 2 14 179 27 164
36 3 15 56 16 47 23 48 2 1 148 18 138 2 7 122 29 136 2 2 122 16 143 2 6 66 24 84 2 23 187 30 184 2 3 172 19 143 2 20 65 24 64 3 4 112 8 115 30 117 3 4 113 19 164 22 161 2 5 56 21 50 2 17 42 24 41 3 7 95 15 139 16 138 3 17 56 20 73 24 78 2 5 55 21 57 3 12 206 14 153 26 151 2 4 195 12 198 2 7 121 29 107 2 7 16 23 16 3 17 65 19 61 28 82 3 4 117 8 115 30 153 2 11 229 15 156 2 8 14 30 11 2 9 38 25 43 2 20 91 24 74 3 1 118 10 117 15 107 2 17 35 24 30 3 5 66 15 71 20 61 3 19 25 21 35 26 35 4 2 123 6 101 12 109 13 143 3 5 57 15 57 20 53 2 18 131 19 106 2 3 210 21 188 3 19 132 20 185 22 164 2 25 100 30 96 2 14 179 27 164
36 3 15 56 16 47 23 48 2 1 148 18 138 2 7 122 29 136 2 2 122 16 143 2 6 66 24 84 2 23 187 30 184 2 3 172 19 143 2 20 65 24 64 3 4 112 8 115 30 117 3 4 113 19 164 22 161 2 5 56 21 50 2 17 42 24 41 3 7 95 15 139 16 138 3 17 56 20 73 24 78 2 5 55 21 57 3 12 206 14 153 26 151 2 4 195 12 198 2 7 121 29 107 2 7 16 23 16 3 17 65 19 61 28 82 3 4 117 8 115 30 153 2 11 229 15 156 2 8 14 30 11 2 9 38 25 43 2 20 91 24 74 3 1 118 10 117 15 107 2 17 35 24 30 3 5 66 15 71 20 61 3 19 25 21 35 26 35 4 2 123 6 101 12 109 13 143 3 5 57 15 57 20 53 2 18 131 19 106 2 3 210 21 188 3 19 132 20 185 22 164 2 25 100 30 96 2 14 179 27 164
36 2 1 194 18 147 2 2 119 16 154 2 6 77 24 67 3 4 126 19 159 22 135 2 3 161 19 176 2 1 149 18 192 3 4 109 8 121 30 124 2 5 47 21 38 2 25 99 30 119 2 3 217 21 189 2 7 15 23 13 2 8 14 30 15 3 4 152 19 166 22 160 2 9 43 25 33 2 18 120 19 146 3 1 89 10 108 15 99 2 25 84 30 106 2 23 158 30 168 2 25 98 30 100 2 7 123 29 130 2 11 218 15 185 2 18 112 19 142 3 12 171 14 176 26 205 2 4 163 12 166 4 2 133 6 129 12 129 13 110 3 5 68 15 55 20 75 3 19 29 21 30 26 35 3 7 140 15 108 16 106 2 17 36 24 42 3 17 79 19 82 28 67 2 20 77 24 88 4 2 104 6 110 12 116 13 113 3 19 161 20 194 22 134 3 17 66 20 69 24 62 2 14 222 27 194 3 15 58 16 49 23 64
35 3 12 212 14 192 26 156 2 1 179 18 148 2 2 147 16 124 2 3 136 19 167 3 4 143 8 138 30 156 2 5 49 21 56 3 12 177 14 214 26 166 2 6 87 24 83 2 7 14 23 12 2 8 11 30 15 3 19 150 20 163 22 133 2 9 40 25 37 2 3 183 19 135 3 1 104 10 102 15 92 2 11 181 15 156 3 4 148 19 154 22 149 3 15 55 16 60 23 64 2 4 158 12 199 2 2 112 16 120 4 2 149 6 137 12 146 13 124 3 17 75 20 72 24 68 2 17 42 24 41 2 7 140 29 137 3 17 57 20 83 24 71 3 5 64 15 55 20 56 3 7 115 15 127 16 106 2 11 171 15 156 2 20 91 24 81 2 18 123 19 106 2 3 185 21 215 2 25 92 30 114 3 19 26 21 26 26 34 2 14 182 27 180 2 23 143 30 158 3 17 57 19 58 28 73
35 3 12 212 14 192 26 156 2 1 179 18 148 2 2 147 16 124 2 3 136 19 167 3 4 143 8 138 30 156 2 5 49 21 56 3 12 177 14 214 26 166 2 6 87 24 83 2 7 14 23 12 2 8 11 30 15 3 19 150 20 163 22 133 2 9 40 25 37 2 3 183 19 135 3 1 104 10 102 15 92 2 11 181 15 156 3 4 148 19 154 22 149 3 15 55 16 60 23 64 2 4 158 12 199 2 2 112 16 120 4 2 149 6 137 12 146 13 124 3 17 75 20 72 24 68 2 17 42 24 41 2 7 140 29 137 3 17 57 20 83 24 71 3 5 64 15 55 20 56 3 7 115 15 127 16 106 2 11 171 15 156 2 20 91 24 81 2 18 123 19 106 2 3 185 21 215 2 25 92 30 114 3 19 26 21 26 26 34 2 14 182 27 180 2 23 143 30 158 3 17 57 19 58 28 73
35 3 12 212 14 192 26 156 2 1 179 18 148 2 2 147 16 124 2 3 136 19 167 3 4 143 8 138 30 156 2 5 49 21 56 3 12 177 14 214 26 166 2 6 87 24 83 2 7 14 23 12 2 8 11 30 15 3 19 150 20 163 22 133 2 9 40 25 37 2 3 183 19 135 3 1 104 10 102 15 92 2 11 181 15 156 3 4 148 19 154 22 149 3 15 55 16 60 23 64 2 4 158 12 199 2 2 112 16 120 4 2 149 6 137 12 146 13 124 3 17 75 20 72 24 68 2 17 42 24 41 2 7 140 29 137 3 17 57 20 83 24 71 3 5 64 15 55 20 56 3 7 115 15 127 16 106 2 11 171 15 156 2 20 91 24 81 2 18 123 19 106 2 3 185 21 215 2 25 92 30 114 3 19 26 21 26 26 34 2 14 182 27 180 2 23 143 30 158 3 17 57 19 58 28 73
33 4 2 140 6 120 12 144 13 108 2 1 192 18 166 2 2 135 16 117 2 3 148 19 197 3 4 113 8 148 30 110 2 5 48 21 54 2 6 69 24 72 3 15 52 16 48 23 58 2 7 15 23 13 2 7 136 29 116 2 8 12 30 13 2 18 108 19 143 2 9 32 25 45 2 11 158 15 174 3 1 103 10 88 15 89 2 20 75 24 90 2 4 221 12 196 2 20 89 24 76 2 17 34 24 34 2 25 85 30 93 3 7 124 15 116 16 136 2 8 11 30 12 3 12 193 14 205 26 174 2 18 149 19 118 3 17 58 19 76 28 67 3 5 69 15 56 20 63 3 4 142 19 113 22 136 2 3 166 21 177 3 19 186 20 175 22 157 3 17 64 20 81 24 58 3 19 35 21 32 26 29 2 14 159 27 223 2 23 177 30 164
38 2 1 143 18 141 2 2 137 16 137 2 3 187 19 191 3 4 132 8 105 30 140 2 5 46 21 54 2 11 225 15 189 3 4 123 8 152 30 123 3 17 77 20 67 24 78 2 5 41 21 45 2 6 75 24 62 2 17 43 24 30 2 11 195 15 232 2 7 17 23 14 2 8 12 30 12 3 5 59 15 54 20 55 2 9 44 25 44 3 1 117 10 106 15 112 2 8 14 30 13 2 4 218 12 163 2 6 65 24 66 4 2 125 6 135 12 116 13 138 3 12 160 14 172 26 185 2 3 172 21 199 2 2 150 16 140 3 7 141 15 128 16 139 2 18 113 19 137 3 4 121 19 164 22 161 2 20 69 24 80 3 19 190 20 190 22 194 2 5 56 21 52 2 25 105 30 90 2 7 134 29 105 3 19 28 21 24 26 31 3 15 48 16 50 23 65 2 14 224 27 198 3 17 70 19 81 28 69 2 3 180 21 175 2 23 195 30 153
34 2 1 142 18 194 3 17 75 20 82 24 62 4 2 115 6 114 12 107 13 138 2 1 141 18 167 3 4 133 19 128 22 163 3 17 58 20 67 24 77 2 2 152 16 107 2 3 168 19 196 3 4 126 8 131 30 147 2 3 165 19 141 2 5 43 21 49 2 7 15 23 12 2 4 209 12 165 2 6 68 24 71 2 8 12 30 11 2 9 34 25 39 3 1 92 10 95 15 93 3 19 28 21 30 26 26 2 11 199 15 183 3 12 174 14 193 26 217 3 19 178 20 190 22 170 3 17 67 19 81 28 79 3 5 59 15 62 20 66 3 15 46 16 64 23 49 3 7 99 15 117 16 97 2 17 40 24 31 3 5 74 15 52 20 57 2 25 112 30 97 2 7 113 29 96 2 18 114 19 118 2 20 85 24 86 2 3 223 21 230 2 14 190 27 171 2 23 186 30 187
34 2 1 142 18 194 3 17 75 20 82 24 62 4 2 115 6 114 12 107 13 138 2 1 141 18 167 3 4 133 19 128 22 163 3 17 58 20 67 24 77 2 2 152 16 107 2 3 168 19 196 3 4 126 8 131 30 147 2 3 165 19 141 2 5 43 21 49 2 7 15 23 12 2 4 209 12 165 2 6 68 24 71 2 8 12 30 11 2 9 34 25 39 3 1 92 10 95 15 93 3 19 28 21 30 26 26 2 11 199 15 183 3 12 174 14 193 26 217 3 19 178 20 190 22 170 3 17 67 19 81 28 79 3 5 59 15 62 20 66 3 15 46 16 64 23 49 3 7 99 15 117 16 97 2 17 40 24 31 3 5 74 15 52 20 57 2 25 112 30 97 2 7 113 29 96 2 18 114 19 118 2 20 85 24 86 2 3 223 21 230 2 14 190 27 171 2 23 186 30 187
38 2 1 137 18 160 2 2 107 16 110 2 3 176 19 153 3 4 129 8 146 30 106 2 5 45 21 49 2 11 204 15 178 3 4 121 8 137 30 111 3 17 82 20 77 24 59 2 5 55 21 47 2 6 79 24 82 2 17 41 24 34 2 11 197 15 181 2 7 17 23 16 2 8 15 30 10 3 5 67 15 69 20 76 2 9 46 25 33 3 1 103 10 109 15 102 2 8 13 30 13 2 4 209 12 159 2 6 84 24 84 4 2 109 6 110 12 135 13 100 3 12 201 14 211 26 166 2 3 218 21 206 2 2 127 16 112 3 7 123 15 116 16 110 2 18 104 19 131 3 4 126 19 143 22 117 2 20 82 24 72 3 19 156 20 169 22 134 2 5 55 21 55 2 25 99 30 120 2 7 129 29 106 3 19 26 21 25 26 26 3 15 47 16 51 23 47 2 14 229 27 189 3 17 65 19 80 28 74 2 3 201 21 224 2 23 136 30 190
36 2 1 177 18 196 3 15 66 16 64 23 48 2 1 165 18 151 2 2 124 16 159 3 4 141 8 110 30 151 2 2 141 16 154 3 19 190 20 173 22 134 2 3 136 19 152 2 1 182 18 164 2 5 49 21 55 3 19 28 21 31 26 28 2 6 66 24 68 2 7 16 23 17 2 5 47 21 53 2 8 14 30 12 2 9 33 25 42 3 1 115 10 109 15 96 2 11 211 15 175 2 4 211 12 179 4 2 115 6 109 12 114 13 117 2 6 74 24 79 3 12 203 14 166 26 202 3 5 52 15 71 20 61 2 14 185 27 163 3 7 108 15 98 16 141 2 17 35 24 34 2 18 135 19 107 2 9 41 25 42 3 4 150 19 144 22 123 2 25 105 30 101 2 7 96 29 142 2 20 93 24 83 2 3 202 21 223 2 23 173 30 143 3 17 67 20 63 24 67 3 17 76 19 68 28 55
36 3 15 56 16 45 23 60 2 1 160 18 146 2 7 141 29 139 2 2 135 16 123 2 6 81 24 77 2 23 189 30 195 2 3 182 19 159 2 20 93 24 70 3 4 128 8 148 30 147 3 4 137 19 143 22 123 2 5 41 21 41 2 17 35 24 40 3 7 121 15 117 16 122 3 17 71 20 69 24 58 2 5 46 21 53 3 12 183 14 159 26 182 2 4 181 12 158 2 7 110 29 134 2 7 17 23 12 3 17 67 19 67 28 63 3 4 129 8 136 30 154 2 11 168 15 180 2 8 12 30 13 2 9 44 25 45 2 20 71 24 73 3 1 99 10 84 15 118 2 17 43 24 41 3 5 72 15 61 20 69 3 19 28 21 28 26 34 4 2 145 6 141 12 120 13 111 3 5 67 15 74 20 75 2 18 138 19 111 2 3 214 21 223 3 19 159 20 154 22 144 2 25 120 30 109 2 14 224 27 192
36 3 15 56 16 45 23 60 2 1 160 18 146 2 7 141 29 139 2 2 135 16 123 2 6 81 24 77 2 23 189 30 195 2 3 182 19 159 2 20 93 24 70 3 4 128 8 148 30 147 3 4 137 19 143 22 123 2 5 41 21 41 2 17 35 24 40 3 7 121 15 117 16 122 3 17 71 20 69 24 58 2 5 46 21 53 3 12 183 14 159 26 182 2 4 181 12 158 2 7 110 29 134 2 7 17 23 12 3 17 67 19 67 28 63 3 4 129 8 136 30 154 2 11 168 15 180 2 8 12 30 13 2 9 44 25 45 2 20 71 24 73 3 1 99 10 84 15 118 2 17 43 24 41 3 5 72 15 61 20 69 3 19 28 21 28 26 34 4 2 145 6 141 12 120 13 111 3 5 67 15 74 20 75 2 18 138 19 111 2 3 214 21 223 3 19 159 20 154 22 144 2 25 120 30 109 2 14 224 27 192
34 2 1 147 18 193 3 12 199 14 148 26 186 2 1 186 18 177 2 2 158 16 118 2 3 137 19 191 2 4 190 12 176 3 4 138 8 135 30 117 3 19 170 20 148 22 178 3 17 79 20 61 24 80 3 19 32 21 35 26 34 4 2 130 6 146 12 127 13 127 2 5 39 21 57 3 12 157 14 159 26 169 2 6 65 24 87 2 7 16 23 14 2 8 13 30 11 2 9 39 25 38 3 1 96 10 90 15 117 2 23 174 30 150 2 11 192 15 190 2 8 10 30 14 3 5 59 15 59 20 62 3 7 139 15 134 16 124 2 17 32 24 30 2 20 67 24 76 2 17 42 24 33 2 3 159 21 179 2 18 140 19 135 2 25 92 30 94 3 17 58 19 63 28 63 3 4 139 19 124 22 117 3 15 60 16 66 23 46 2 14 235 27 192 2 7 118 29 128
36 2 1 193 18 161 2 2 131 16 158 2 6 88 24 83 3 4 136 19 163 22 122 2 3 162 19 162 2 1 136 18 189 3 4 111 8 118 30 114 2 5 50 21 50 2 25 105 30 102 2 3 161 21 231 2 7 12 23 13 2 8 14 30 10 3 4 155 19 124 22 124 2 9 41 25 41 2 18 133 19 127 3 1 81 10 112 15 96 2 25 83 30 83 2 23 188 30 185 2 25 110 30 96 2 7 120 29 108 2 11 159 15 179 2 18 140 19 103 3 12 164 14 166 26 198 2 4 206 12 200 4 2 147 6 132 12 138 13 145 3 5 69 15 51 20 62 3 19 27 21 34 26 35 3 7 109 15 117 16 123 2 17 34 24 33 3 17 62 19 77 28 65 2 20 85 24 83 4 2 109 6 142 12 123 13 118 3 19 170 20 143 22 166 3 17 82 20 75 24 84 2 14 181 27 160 3 15 48 16 55 23 66
32 2 1 169 18 160 2 8 11 30 14 3 19 31 21 32 26 32 3 7 100 15 117 16 110 2 3 177 19 144 3 5 75 15 76 20 76 2 2 122 16 119 2 3 232 21 169 2 6 83 24 64 3 17 73 20 60 24 60 3 4 106 8 136 30 109 2 5 49 21 52 4 2 141 6 122 12 123 13 127 2 7 14 23 17 2 9 35 25 35 3 1 111 10 105 15 108 2 11 169 15 211 3 12 183 14 200 26 196 2 14 183 27 163 3 19 171 20 181 22 142 3 4 124 19 134 22 116 2 4 172 12 152 2 17 36 24 32 3 17 70 19 60 28 69 3 17 60 20 76 24 74 3 15 47 16 53 23 56 2 18 104 19 138 2 20 89 24 72 2 25 118 30 110 3 4 125 8 135 30 153 2 7 101 29 135 2 23 146 30 150
32 2 1 169 18 160 2 8 11 30 14 3 19 31 21 32 26 32 3 7 100 15 117 16 110 2 3 177 19 144 3 5 75 15 76 20 76 2 2 122 16 119 2 3 232 21 169 2 6 83 24 64 3 17 73 20 60 24 60 3 4 106 8 136 30 109 2 5 49 21 52 4 2 141 6 122 12 123 13 127 2 7 14 23 17 2 9 35 25 35 3 1 111 10 105 15 108 2 11 169 15 211 3 12 183 14 200 26 196 2 14 183 27 163 3 19 171 20 181 22 142 3 4 124 19 134 22 116 2 4 172 12 152 2 17 36 24 32 3 17 70 19 60 28 69 3 17 60 20 76 24 74 3 15 47 16 53 23 56 2 18 104 19 138 2 20 89 24 72 2 25 118 30 110 3 4 125 8 135 30 153 2 7 101 29 135 2 23 146 30 150
36 3 15 64 16 50 23 56 2 1 144 18 167 2 7 130 29 142 2 2 158 16 113 2 6 75 24 73 2 23 139 30 140 2 3 164 19 175 2 20 65 24 90 3 4 142 8 139 30 127 3 4 136 19 158 22 142 2 5 42 21 39 2 17 38 24 37 3 7 124 15 112 16 111 3 17 60 20 59 24 57 2 5 45 21 53 3 12 195 14 174 26 165 2 4 182 12 227 2 7 141 29 115 2 7 17 23 15 3 17 79 19 61 28 74 3 4 109 8 130 30 139 2 11 174 15 173 2 8 11 30 10 2 9 38 25 41 2 20 75 24 67 3 1 107 10 95 15 92 2 17 32 24 39 3 5 51 15 75 20 56 3 19 29 21 27 26 26 4 2 121 6 129 12 137 13 146 3 5 54 15 54 20 57 2 18 105 19 136 2 3 163 21 215 3 19 179 20 157 22 148 2 25 114 30 90 2 14 231 27 205
33 2 3 187 19 137 2 20 74 24 80 3 19 28 21 33 26 25 2 1 182 18 141 2 2 131 16 109 3 12 159 14 165 26 208 4 2 135 6 107 12 100 13 141 2 2 118 16 109 3 4 152 8 129 30 153 2 5 53 21 55 2 6 72 24 83 2 8 12 30 13 2 7 12 23 17 2 4 158 12 164 2 9 32 25 35 3 1 82 10 82 15 86 2 11 211 15 231 3 5 51 15 66 20 58 2 7 97 29 121 3 7 121 15 106 16 137 3 17 75 19 57 28 63 2 17 32 24 37 2 25 117 30 121 2 6 62 24 60 3 17 71 20 78 24 57 2 18 135 19 116 3 4 157 19 163 22 122 2 3 226 21 174 3 19 146 20 168 22 134 2 4 200 12 158 3 15 61 16 58 23 56 2 14 229 27 175 2 23 196 30 175
31 3 7 135 15 97 16 118 2 1 145 18 183 2 2 134 16 107 2 3 157 19 181 3 4 155 8 120 30 131 3 15 67 16 49 23 44 2 5 55 21 43 3 4 148 19 120 22 135 3 17 82 20 65 24 82 2 6 75 24 76 2 7 16 23 13 4 2 114 6 143 12 101 13 115 2 8 15 30 10 2 9 44 25 33 3 1 118 10 94 15 85 2 11 187 15 171 3 19 166 20 140 22 147 2 4 195 12 221 3 12 188 14 178 26 159 3 5 59 15 61 20 59 2 18 134 19 115 2 17 37 24 42 2 3 176 21 169 3 19 29 21 28 26 26 2 7 111 29 125 2 20 94 24 91 2 25 103 30 89 2 17 34 24 36 2 14 181 27 165 2 23 184 30 191 3 17 61 19 77 28 69
37 2 11 181 15 211 2 1 153 18 193 2 2 118 16 120 2 3 185 19 198 3 19 143 20 133 22 163 3 4 114 19 156 22 154 2 7 15 23 14 2 23 184 30 164 3 4 131 8 155 30 107 2 3 195 19 135 2 18 119 19 142 2 23 185 30 184 2 5 53 21 53 2 7 138 29 126 2 7 15 23 14 2 6 60 24 67 2 8 13 30 10 2 9 43 25 45 2 8 12 30 14 2 14 197 27 171 2 6 66 24 60 3 1 117 10 116 15 98 2 18 126 19 119 2 4 198 12 211 3 12 193 14 186 26 194 3 19 29 21 25 26 28 4 2 118 6 138 12 120 13 117 3 5 61 15 62 20 60 3 7 131 15 111 16 119 2 1 168 18 172 2 17 31 24 35 2 20 84 24 79 3 17 69 20 79 24 73 3 17 58 19 78 28 63 2 3 215 21 220 2 25 98 30 104 3 15 67 16 51 23 46
36 2 1 154 18 197 3 12 206 14 156 26 173 2 2 146 16 113 2 9 46 25 42 2 3 198 19 152 2 9 37 25 45 3 4 138 8 125 30 153 2 5 51 21 55 3 7 130 15 112 16 121 2 6 71 24 74 3 7 130 15 123 16 109 2 7 15 23 13 3 17 60 19 74 28 77 2 8 12 30 11 3 1 96 10 119 15 84 2 1 169 18 184 2 7 107 29 114 2 11 156 15 183 2 4 167 12 203 4 2 132 6 126 12 136 13 137 3 5 72 15 59 20 64 2 17 41 24 36 2 18 113 19 125 3 19 30 21 28 26 27 4 2 120 6 138 12 128 13 136 3 4 150 19 161 22 143 2 20 75 24 78 2 3 167 21 166 3 19 164 20 144 22 162 2 14 228 27 187 3 4 116 8 149 30 132 3 15 47 16 53 23 54 3 5 71 15 73 20 60 3 17 78 20 67 24 79 2 25 95 30 97 2 23 153 30 144
36 2 1 181 18 142 3 12 182 14 163 26 185 2 2 153 16 154 2 9 35 25 46 2 3 181 19 171 2 9 33 25 46 3 4 155 8 122 30 146 2 5 48 21 39 3 7 131 15 109 16 133 2 6 67 24 86 3 7 119 15 119 16 123 2 7 13 23 12 3 17 70 19 58 28 81 2 8 11 30 12 3 1 120 10 83 15 108 2 1 193 18 195 2 7 130 29 122 2 11 167 15 176 2 4 166 12 211 4 2 106 6 117 12 104 13 139 3 5 57 15 61 20 52 2 17 31 24 28 2 18 129 19 147 3 19 35 21 27 26 31 4 2 140 6 107 12 127 13 129 3 4 120 19 121 22 144 2 20 88 24 89 2 3 172 21 159 3 19 182 20 149 22 155 2 14 215 27 199 3 4 114 8 121 30 106 3 15 54 16 49 23 46 3 5 63 15 64 20 67 3 17 82 20 76 24 57 2 25 102 30 96 2 23 184 30 185
34 2 25 113 30 112 2 1 196 18 182 2 2 124 16 150 2 3 175 19 157 3 5 57 15 54 20 74 2 25 90 30 111 3 4 149 8 107 30 125 2 5 45 21 48 2 6 80 24 87 2 7 111 29 135 3 7 96 15 129 16 133 2 7 13 23 13 2 8 12 30 10 2 9 35 25 32 3 1 121 10 110 15 118 3 15 65 16 61 23 66 2 3 209 21 230 2 11 187 15 226 3 19 192 20 191 22 169 2 4 195 12 211 4 2 113 6 139 12 112 13 144 3 12 181 14 173 26 178 2 14 177 27 201 2 6 78 24 67 2 17 37 24 41 2 6 85 24 64 3 4 155 19 119 22 151 2 18 133 19 130 3 17 71 20 67 24 77 3 17 81 19 68 28 61 2 20 66 24 67 3 19 33 21 25 26 35 2 17 34 24 30 2 23 172 30 154
37 2 1 172 18 133 2 2 135 16 133 2 3 166 19 134 3 4 136 8 138 30 130 2 5 53 21 44 2 2 107 16 121 2 6 73 24 78 2 5 38 21 54 2 7 13 23 15 2 8 14 30 14 3 17 84 20 61 24 59 2 9 41 25 36 3 1 107 10 115 15 83 3 15 61 16 62 23 57 2 3 138 19 195 2 11 182 15 214 2 4 152 12 162 4 2 140 6 117 12 127 13 101 3 12 161 14 202 26 218 2 3 191 19 184 2 20 89 24 85 2 7 115 29 130 3 5 62 15 56 20 71 3 4 145 8 140 30 136 3 7 104 15 137 16 140 2 17 35 24 39 3 4 144 8 110 30 118 2 18 110 19 111 3 4 118 19 164 22 136 2 3 172 21 227 2 8 11 30 12 3 19 137 20 154 22 183 2 25 120 30 111 2 23 179 30 145 2 14 165 27 176 3 19 26 21 33 26 33 3 17 59 19 69 28 58
36 2 1 191 18 156 3 4 125 19 143 22 161 2 3 204 21 187 3 4 151 19 166 22 168 2 2 144 16 157 3 19 34 21 30 26 35 3 15 57 16 58 23 60 2 3 162 19 186 3 4 143 8 145 30 155 2 3 190 19 142 2 5 51 21 38 2 6 76 24 68 2 7 14 23 14 2 18 128 19 136 2 14 162 27 219 2 1 186 18 140 2 8 13 30 14 3 17 58 20 67 24 80 2 9 38 25 38 3 1 91 10 93 15 85 2 11 213 15 192 2 3 191 19 166 2 4 202 12 221 3 12 196 14 213 26 149 4 2 126 6 112 12 117 13 147 3 4 126 8 106 30 112 3 5 76 15 58 20 55 2 2 118 16 151 3 7 133 15 106 16 105 2 17 38 24 34 2 20 73 24 93 3 19 139 20 180 22 134 2 25 95 30 118 3 17 58 19 58 28 66 2 7 133 29 121 2 23 179 30 174
34 2 1 143 18 149 3 17 67 20 78 24 74 4 2 132 6 105 12 105 13 128 2 1 153 18 166 3 4 166 19 121 22 149 3 17 82 20 57 24 75 2 2 139 16 141 2 3 140 19 186 3 4 108 8 108 30 138 2 3 197 19 133 2 5 54 21 42 2 7 15 23 13 2 4 216 12 222 2 6 63 24 80 2 8 12 30 10 2 9 34 25 44 3 1 106 10 114 15 99 3 19 34 21 25 26 33 2 11 194 15 159 3 12 168 14 186 26 147 3 19 163 20 171 22 180 3 17 59 19 79 28 66 3 5 72 15 55 20 63 3 15 58 16 49 23 53 3 7 99 15 134 16 131 2 17 32 24 37 3 5 67 15 55 20 53 2 25 111 30 116 2 7 139 29 114 2 18 142 19 145 2 20 70 24 75 2 3 235 21 169 2 14 213 27 197 2 23 156 30 159
DUE_DATES: 6274 6274 7131 7131 7131 5886 5886 6948 6948 6948 6495 7339 6659 6659 7537 7537 7413 7138 6963 6963 7177 6386 6386 6386 7004 6807 6807 6807 5996 7231 6451 6451 7035 6762 6567 6567 6300 6922 5848 5848 6413 6243 5624 7025 6728 6785 6341 6910 7363 6459
WEIGHTS: 2 1 3 3 1 1 3 2 3 1 3 1 2 1 3 2 3 3 2 1 3 1 3 2 2 3 1 2 3 2 2 1 2 3 1 1 1 2 1 1 2 2 2 1 3 3 2 3 3 2
