50 30
40 2 1 5 24 6 3 5 38 12 33 26 32 2 1 6 24 6 2 24 13 30 10 2 2 193 3 187 3 19 175 23 130 28 153 2 24 10 30 13 2 7 158 25 146 2 18 14 23 16 2 3 29 12 26 3 19 138 23 137 28 147 3 4 125 13 128 30 142 2 24 13 30 11 3 5 202 6 202 10 215 2 5 70 25 65 3 19 132 23 178 28 179 4 4 81 6 66 11 85 14 92 2 9 189 16 228 1 8 11 2 10 109 27 106 2 9 43 27 46 2 11 125 24 127 3 4 132 12 154 21 171 3 8 36 9 41 21 39 2 24 14 30 11 2 15 8 18 7 2 7 135 25 154 2 13 51 19 49 2 17 31 20 26 3 7 132 14 180 25 161 2 18 17 23 15 2 19 68 28 79 1 8 10 3 15 23 20 16 21 21 3 11 6 21 6 22 4 2 19 94 28 94 3 4 58 12 51 23 54 3 1 22 25 23 28 21 2 17 159 29 124 2 9 41 24 34
40 2 1 5 24 6 3 5 38 12 33 26 32 2 1 6 24 6 2 24 13 30 10 2 2 193 3 187 3 19 175 23 130 28 153 2 24 10 30 13 2 7 158 25 146 2 18 14 23 16 2 3 29 12 26 3 19 138 23 137 28 147 3 4 125 13 128 30 142 2 24 13 30 11 3 5 202 6 202 10 215 2 5 70 25 65 3 19 132 23 178 28 179 4 4 81 6 66 11 85 14 92 2 9 189 16 228 1 8 11 2 10 109 27 106 2 9 43 27 46 2 11 125 24 127 3 4 132 12 154 21 171 3 8 36 9 41 21 39 2 24 14 30 11 2 15 8 18 7 2 7 135 25 154 2 13 51 19 49 2 17 31 20 26 3 7 132 14 180 25 161 2 18 17 23 15 2 19 68 28 79 1 8 10 3 15 23 20 16 21 21 3 11 6 21 6 22 4 2 19 94 28 94 3 4 58 12 51 23 54 3 1 22 25 23 28 21 2 17 159 29 124 2 9 41 24 34
40 2 1 5 24 6 3 5 38 12 33 26 32 2 1 6 24 6 2 24 13 30 10 2 2 193 3 187 3 19 175 23 130 28 153 2 24 10 30 13 2 7 158 25 146 2 18 14 23 16 2 3 29 12 26 3 19 138 23 137 28 147 3 4 125 13 128 30 142 2 24 13 30 11 3 5 202 6 202 10 215 2 5 70 25 65 3 19 132 23 178 28 179 4 4 81 6 66 11 85 14 92 2 9 189 16 228 1 8 11 2 10 109 27 106 2 9 43 27 46 2 11 125 24 127 3 4 132 12 154 21 171 3 8 36 9 41 21 39 2 24 14 30 11 2 15 8 18 7 2 7 135 25 154 2 13 51 19 49 2 17 31 20 26 3 7 132 14 180 25 161 2 18 17 23 15 2 19 68 28 79 1 8 10 3 15 23 20 16 21 21 3 11 6 21 6 22 4 2 19 94 28 94 3 4 58 12 51 23 54 3 1 22 25 23 28 21 2 17 159 29 124 2 9 41 24 34
35 2 18 15 23 16 2 1 5 24 5 2 9 165 16 177 2 2 143 3 173 2 1 4 24 5 2 3 35 12 33 3 4 178 13 173 30 147 2 1 6 24 4 2 5 62 25 50 2 18 18 23 20 3 19 161 23 178 28 144 2 11 117 24 137 2 5 58 25 66 4 4 68 6 93 11 75 14 90 2 7 131 25 154 1 8 10 3 7 134 14 121 25 128 2 9 47 27 51 3 5 176 6 154 10 187 3 4 130 12 133 21 146 2 13 67 19 56 2 15 6 18 5 3 15 19 20 19 21 18 2 10 88 27 89 2 17 23 20 31 2 9 40 27 35 2 19 83 28 68 3 4 57 12 45 23 47 3 8 38 9 40 21 36 3 5 35 12 37 26 32 2 9 38 24 38 3 11 5 21 6 22 6 3 1 18 25 24 28 25 2 17 112 29 121 2 24 13 30 10
42 2 1 6 24 6 4 4 84 6 68 11 73 14 94 2 1 5 24 4 3 7 170 14 156 25 143 2 2 162 3 141 2 3 27 12 33 3 15 23 20 22 21 22 3 11 6 21 6 22 5 2 15 7 18 7 3 5 197 6 186 10 183 3 4 125 13 125 30 176 2 15 7 18 8 2 5 65 25 56 2 7 134 25 116 2 9 36 24 39 1 8 13 3 11 6 21 7 22 6 2 9 41 27 49 1 8 13 2 11 106 24 135 3 15 18 20 20 21 17 2 13 65 19 64 3 4 148 12 139 21 145 2 9 186 16 185 2 19 67 28 82 3 1 21 25 21 28 18 4 4 69 6 91 11 71 14 69 2 17 32 20 24 2 18 15 23 18 2 9 214 16 228 3 8 34 9 37 21 36 3 11 5 21 6 22 6 3 4 53 12 53 23 43 3 5 31 12 29 26 36 3 4 160 12 155 21 137 2 17 131 29 134 3 8 42 9 41 21 30 2 10 118 27 99 3 4 166 13 132 30 179 3 19 121 23 151 28 141 2 9 49 27 45 2 24 12 30 12
34 2 1 5 24 6 2 2 202 3 166 2 3 28 12 28 2 11 113 24 123 2 19 64 28 66 3 15 21 20 20 21 17 3 4 118 12 151 21 120 2 1 5 24 5 2 17 31 20 28 3 4 143 13 152 30 162 2 5 61 25 57 4 4 73 6 64 11 74 14 91 2 3 27 12 31 2 7 142 25 126 3 4 43 12 50 23 44 4 4 64 6 84 11 71 14 75 1 8 9 2 9 51 27 47 3 5 186 6 198 10 167 2 13 70 19 72 3 11 5 21 6 22 5 3 7 156 14 128 25 138 2 15 7 18 7 2 9 189 16 196 2 18 15 23 18 3 8 30 9 36 21 36 2 17 28 20 31 2 9 29 24 37 3 1 19 25 23 28 25 3 5 32 12 28 26 28 2 10 116 27 126 2 17 120 29 148 3 19 152 23 122 28 123 2 24 11 30 10
35 2 11 128 24 118 2 2 164 3 183 2 1 6 24 5 2 10 85 27 114 2 18 18 23 14 2 3 34 12 27 2 9 168 16 197 3 4 54 12 51 23 45 2 10 85 27 122 3 4 177 13 171 30 154 2 10 101 27 124 2 9 31 24 33 3 5 26 12 33 26 27 3 1 20 25 19 28 21 2 5 64 25 49 4 4 78 6 71 11 65 14 66 2 11 135 24 115 3 11 6 21 5 22 5 2 17 24 20 23 3 15 20 20 23 21 20 2 7 124 25 138 1 8 9 2 9 45 27 48 3 5 36 12 28 26 32 3 5 180 6 198 10 218 3 4 124 12 121 21 154 2 13 67 19 53 2 24 11 30 12 2 17 119 29 159 3 7 157 14 129 25 146 3 8 33 9 33 21 37 1 8 12 2 15 5 18 6 2 19 74 28 83 3 19 151 23 150 28 143
34 2 1 6 24 7 2 2 193 3 165 2 3 27 12 33 2 11 104 24 100 2 19 70 28 66 3 15 21 20 19 21 23 3 4 130 12 161 21 175 2 1 4 24 5 2 17 24 20 31 3 4 126 13 132 30 136 2 5 50 25 50 4 4 71 6 87 11 76 14 89 2 3 33 12 36 2 7 115 25 116 3 4 60 12 58 23 55 4 4 86 6 67 11 65 14 87 1 8 13 2 9 50 27 49 3 5 172 6 217 10 188 2 13 68 19 51 3 11 7 21 6 22 6 3 7 147 14 125 25 158 2 15 5 18 7 2 9 226 16 194 2 18 16 23 16 3 8 38 9 37 21 44 2 17 23 20 22 2 9 37 24 35 3 1 23 25 20 28 25 3 5 29 12 31 26 37 2 10 122 27 116 2 17 128 29 113 3 19 176 23 162 28 132 2 24 10 30 13
34 2 1 6 24 7 2 2 193 3 165 2 3 27 12 33 2 11 104 24 100 2 19 70 28 66 3 15 21 20 19 21 23 3 4 130 12 161 21 175 2 1 4 24 5 2 17 24 20 31 3 4 126 13 132 30 136 2 5 50 25 50 4 4 71 6 87 11 76 14 89 2 3 33 12 36 2 7 115 25 116 3 4 60 12 58 23 55 4 4 86 6 67 11 65 14 87 1 8 13 2 9 50 27 49 3 5 172 6 217 10 188 2 13 68 19 51 3 11 7 21 6 22 6 3 7 147 14 125 25 158 2 15 5 18 7 2 9 226 16 194 2 18 16 23 16 3 8 38 9 37 21 44 2 17 23 20 22 2 9 37 24 35 3 1 23 25 20 28 25 3 5 29 12 31 26 37 2 10 122 27 116 2 17 128 29 113 3 19 176 23 162 28 132 2 24 10 30 13
34 2 1 4 24 4 2 2 191 3 200 2 3 36 12 33 2 11 130 24 108 2 19 75 28 85 3 15 23 20 21 21 21 3 4 124 12 122 21 128 2 1 7 24 5 2 17 31 20 24 3 4 160 13 172 30 175 2 5 67 25 56 4 4 69 6 80 11 76 14 66 2 3 27 12 27 2 7 165 25 155 3 4 45 12 58 23 46 4 4 75 6 89 11 93 14 73 1 8 11 2 9 45 27 40 3 5 167 6 206 10 194 2 13 57 19 57 3 11 6 21 7 22 4 3 7 171 14 131 25 130 2 15 6 18 8 2 9 182 16 199 2 18 17 23 17 3 8 34 9 39 21 40 2 17 26 20 23 2 9 40 24 29 3 1 23 25 20 28 19 3 5 29 12 29 26 38 2 10 97 27 108 2 17 157 29 119 3 19 171 23 150 28 123 2 24 13 30 13
37 2 1 5 24 5 2 2 170 3 193 2 1 5 24 5 2 3 33 12 29 2 9 36 27 49 3 4 180 13 138 30 144 2 9 185 16 224 2 9 43 27 47 2 5 62 25 48 3 7 150 14 167 25 125 2 5 65 25 52 1 8 11 4 4 92 6 82 11 79 14 94 2 7 123 25 134 3 19 129 23 149 28 151 3 5 157 6 199 10 161 2 11 113 24 123 3 4 142 12 136 21 126 1 8 14 2 10 120 27 119 2 9 206 16 231 2 13 62 19 59 2 9 28 24 38 2 15 6 18 7 2 18 16 23 19 2 17 115 29 145 2 24 12 30 9 3 1 25 25 21 28 19 2 18 21 23 17 2 17 32 20 31 3 4 44 12 43 23 44 2 19 72 28 65 3 1 22 25 18 28 25 3 8 32 9 41 21 36 3 15 20 20 19 21 23 3 11 6 21 5 22 6 3 5 33 12 28 26 30
34 3 19 160 23 152 28 173 2 2 181 3 194 3 4 172 12 148 21 134 1 8 12 2 1 5 24 5 2 3 38 12 27 3 15 20 20 20 21 22 3 1 26 25 22 28 24 3 4 182 13 146 30 145 2 5 71 25 48 4 4 75 6 81 11 92 14 83 2 7 164 25 156 2 9 45 27 42 3 11 6 21 5 22 5 3 5 216 6 186 10 180 2 11 128 24 111 2 5 64 25 59 2 13 62 19 72 3 8 30 9 41 21 30 3 7 178 14 149 25 127 3 19 140 23 147 28 157 2 10 90 27 115 2 9 47 27 44 2 9 41 24 36 2 15 7 18 5 3 7 174 14 177 25 162 2 24 13 30 13 2 9 180 16 197 2 17 130 29 115 2 17 25 20 30 3 4 49 12 57 23 57 2 18 16 23 16 2 19 89 28 64 3 5 36 12 31 26 35
34 2 1 4 24 4 2 2 167 3 185 2 3 32 12 35 2 11 122 24 135 2 19 78 28 79 3 15 19 20 18 21 21 3 4 134 12 146 21 149 2 1 7 24 6 2 17 27 20 29 3 4 137 13 176 30 184 2 5 59 25 63 4 4 82 6 76 11 76 14 85 2 3 34 12 26 2 7 121 25 140 3 4 54 12 50 23 40 4 4 70 6 76 11 75 14 81 1 8 13 2 9 43 27 51 3 5 210 6 173 10 222 2 13 69 19 60 3 11 5 21 6 22 6 3 7 133 14 143 25 169 2 15 6 18 8 2 9 161 16 220 2 18 15 23 17 3 8 33 9 32 21 34 2 17 26 20 21 2 9 37 24 35 3 1 26 25 24 28 22 3 5 32 12 27 26 35 2 10 90 27 99 2 17 156 29 130 3 19 142 23 135 28 140 2 24 13 30 11
34 2 1 4 24 4 2 2 167 3 185 2 3 32 12 35 2 11 122 24 135 2 19 78 28 79 3 15 19 20 18 21 21 3 4 134 12 146 21 149 2 1 7 24 6 2 17 27 20 29 3 4 137 13 176 30 184 2 5 59 25 63 4 4 82 6 76 11 76 14 85 2 3 34 12 26 2 7 121 25 140 3 4 54 12 50 23 40 4 4 70 6 76 11 75 14 81 1 8 13 2 9 43 27 51 3 5 210 6 173 10 222 2 13 69 19 60 3 11 5 21 6 22 6 3 7 133 14 143 25 169 2 15 6 18 8 2 9 161 16 220 2 18 15 23 17 3 8 33 9 32 21 34 2 17 26 20 21 2 9 37 24 35 3 1 26 25 24 28 22 3 5 32 12 27 26 35 2 10 90 27 99 2 17 156 29 130 3 19 142 23 135 28 140 2 24 13 30 11
34 2 1 4 24 4 2 2 167 3 185 2 3 32 12 35 2 11 122 24 135 2 19 78 28 79 3 15 19 20 18 21 21 3 4 134 12 146 21 149 2 1 7 24 6 2 17 27 20 29 3 4 137 13 176 30 184 2 5 59 25 63 4 4 82 6 76 11 76 14 85 2 3 34 12 26 2 7 121 25 140 3 4 54 12 50 23 40 4 4 70 6 76 11 75 14 81 1 8 13 2 9 43 27 51 3 5 210 6 173 10 222 2 13 69 19 60 3 11 5 21 6 22 6 3 7 133 14 143 25 169 2 15 6 18 8 2 9 161 16 220 2 18 15 23 17 3 8 33 9 32 21 34 2 17 26 20 21 2 9 37 24 35 3 1 26 25 24 28 22 3 5 32 12 27 26 35 2 10 90 27 99 2 17 156 29 130 3 19 142 23 135 28 140 2 24 13 30 11
34 2 1 4 24 4 2 2 167 3 185 2 3 32 12 35 2 11 122 24 135 2 19 78 28 79 3 15 19 20 18 21 21 3 4 134 12 146 21 149 2 1 7 24 6 2 17 27 20 29 3 4 137 13 176 30 184 2 5 59 25 63 4 4 82 6 76 11 76 14 85 2 3 34 12 26 2 7 121 25 140 3 4 54 12 50 23 40 4 4 70 6 76 11 75 14 81 1 8 13 2 9 43 27 51 3 5 210 6 173 10 222 2 13 69 19 60 3 11 5 21 6 22 6 3 7 133 14 143 25 169 2 15 6 18 8 2 9 161 16 220 2 18 15 23 17 3 8 33 9 32 21 34 2 17 26 20 21 2 9 37 24 35 3 1 26 25 24 28 22 3 5 32 12 27 26 35 2 10 90 27 99 2 17 156 29 130 3 19 142 23 135 28 140 2 24 13 30 11
34 2 1 6 24 6 2 2 145 3 157 2 3 29 12 26 2 1 6 24 6 3 4 123 13 138 30 129 2 3 26 12 34 2 7 113 25 148 3 19 146 23 169 28 126 2 5 50 25 60 4 4 88 6 70 11 81 14 92 1 8 9 2 9 47 27 50 3 5 204 6 204 10 212 2 11 126 24 139 3 4 169 12 121 21 150 2 24 11 30 10 2 13 53 19 57 2 9 222 16 215 3 7 160 14 165 25 133 2 15 7 18 7 2 17 29 20 22 2 18 17 23 17 2 19 88 28 79 3 15 20 20 17 21 16 3 4 180 13 178 30 160 2 17 110 29 151 2 9 51 27 40 3 4 49 12 54 23 48 3 8 33 9 38 21 34 3 11 5 21 4 22 5 2 9 40 24 40 2 10 111 27 125 3 1 25 25 20 28 26 3 5 30 12 33 26 26
34 2 1 6 24 6 2 2 145 3 157 2 3 29 12 26 2 1 6 24 6 3 4 123 13 138 30 129 2 3 26 12 34 2 7 113 25 148 3 19 146 23 169 28 126 2 5 50 25 60 4 4 88 6 70 11 81 14 92 1 8 9 2 9 47 27 50 3 5 204 6 204 10 212 2 11 126 24 139 3 4 169 12 121 21 150 2 24 11 30 10 2 13 53 19 57 2 9 222 16 215 3 7 160 14 165 25 133 2 15 7 18 7 2 17 29 20 22 2 18 17 23 17 2 19 88 28 79 3 15 20 20 17 21 16 3 4 180 13 178 30 160 2 17 110 29 151 2 9 51 27 40 3 4 49 12 54 23 48 3 8 33 9 38 21 34 3 11 5 21 4 22 5 2 9 40 24 40 2 10 111 27 125 3 1 25 25 20 28 26 3 5 30 12 33 26 26
36 3 5 195 6 219 10 226 2 1 5 24 5 3 4 142 12 159 21 128 2 2 205 3 153 2 3 39 12 29 3 4 184 13 124 30 139 2 9 230 16 224 3 4 127 13 161 30 149 2 5 61 25 48 2 2 179 3 194 2 11 133 24 132 4 4 82 6 75 11 73 14 69 3 5 31 12 27 26 29 2 7 167 25 127 1 8 12 2 7 151 25 162 2 9 35 27 52 2 13 55 19 53 3 7 168 14 172 25 127 2 18 21 23 17 2 15 7 18 8 2 17 23 20 24 2 19 87 28 92 3 15 20 20 16 21 18 3 8 42 9 43 21 33 2 17 114 29 115 2 13 52 19 61 3 11 5 21 5 22 5 3 4 48 12 43 23 57 2 9 32 24 37 3 1 25 25 20 28 24 2 10 124 27 103 2 9 158 16 204 3 19 162 23 180 28 162 3 5 174 6 227 10 162 2 24 12 30 10
36 3 5 195 6 219 10 226 2 1 5 24 5 3 4 142 12 159 21 128 2 2 205 3 153 2 3 39 12 29 3 4 184 13 124 30 139 2 9 230 16 224 3 4 127 13 161 30 149 2 5 61 25 48 2 2 179 3 194 2 11 133 24 132 4 4 82 6 75 11 73 14 69 3 5 31 12 27 26 29 2 7 167 25 127 1 8 12 2 7 151 25 162 2 9 35 27 52 2 13 55 19 53 3 7 168 14 172 25 127 2 18 21 23 17 2 15 7 18 8 2 17 23 20 24 2 19 87 28 92 3 15 20 20 16 21 18 3 8 42 9 43 21 33 2 17 114 29 115 2 13 52 19 61 3 11 5 21 5 22 5 3 4 48 12 43 23 57 2 9 32 24 37 3 1 25 25 20 28 24 2 10 124 27 103 2 9 158 16 204 3 19 162 23 180 28 162 3 5 174 6 227 10 162 2 24 12 30 10
34 2 18 21 23 18 2 1 5 24 6 2 18 15 23 15 2 19 86 28 73 2 1 5 24 4 2 2 173 3 168 2 3 37 12 28 3 19 154 23 158 28 156 3 4 132 13 153 30 154 2 5 49 25 53 4 4 79 6 81 11 63 14 93 2 7 116 25 124 2 10 123 27 86 1 8 14 2 9 36 27 42 3 5 155 6 201 10 209 2 11 137 24 126 2 13 65 19 59 3 4 168 12 146 21 161 2 24 14 30 12 2 5 63 25 61 3 4 47 12 47 23 57 2 15 6 18 5 3 7 142 14 167 25 155 2 9 224 16 162 2 17 30 20 27 3 5 27 12 38 26 31 3 15 19 20 17 21 20 3 4 157 12 151 21 121 3 1 18 25 23 28 25 3 8 43 9 34 21 39 2 9 34 24 41 3 11 6 21 4 22 6 2 17 121 29 112
34 2 18 21 23 18 2 1 5 24 6 2 18 15 23 15 2 19 86 28 73 2 1 5 24 4 2 2 173 3 168 2 3 37 12 28 3 19 154 23 158 28 156 3 4 132 13 153 30 154 2 5 49 25 53 4 4 79 6 81 11 63 14 93 2 7 116 25 124 2 10 123 27 86 1 8 14 2 9 36 27 42 3 5 155 6 201 10 209 2 11 137 24 126 2 13 65 19 59 3 4 168 12 146 21 161 2 24 14 30 12 2 5 63 25 61 3 4 47 12 47 23 57 2 15 6 18 5 3 7 142 14 167 25 155 2 9 224 16 162 2 17 30 20 27 3 5 27 12 38 26 31 3 15 19 20 17 21 20 3 4 157 12 151 21 121 3 1 18 25 23 28 25 3 8 43 9 34 21 39 2 9 34 24 41 3 11 6 21 4 22 6 2 17 121 29 112
35 2 18 14 23 20 2 1 5 24 6 2 9 218 16 170 2 2 159 3 164 2 1 6 24 7 2 3 37 12 35 3 4 174 13 163 30 161 2 1 5 24 6 2 5 63 25 58 2 18 17 23 20 3 19 163 23 132 28 162 2 11 137 24 113 2 5 49 25 61 4 4 77 6 65 11 66 14 86 2 7 138 25 165 1 8 10 3 7 145 14 146 25 159 2 9 50 27 40 3 5 205 6 177 10 201 3 4 128 12 132 21 160 2 13 55 19 60 2 15 7 18 7 3 15 21 20 22 21 22 2 10 87 27 124 2 17 29 20 29 2 9 42 27 47 2 19 83 28 71 3 4 50 12 42 23 47 3 8 38 9 39 21 37 3 5 32 12 36 26 31 2 9 32 24 31 3 11 6 21 6 22 6 3 1 19 25 20 28 23 2 17 114 29 108 2 24 11 30 10
35 2 18 14 23 20 2 1 5 24 6 2 9 218 16 170 2 2 159 3 164 2 1 6 24 7 2 3 37 12 35 3 4 174 13 163 30 161 2 1 5 24 6 2 5 63 25 58 2 18 17 23 20 3 19 163 23 132 28 162 2 11 137 24 113 2 5 49 25 61 4 4 77 6 65 11 66 14 86 2 7 138 25 165 1 8 10 3 7 145 14 146 25 159 2 9 50 27 40 3 5 205 6 177 10 201 3 4 128 12 132 21 160 2 13 55 19 60 2 15 7 18 7 3 15 21 20 22 21 22 2 10 87 27 124 2 17 29 20 29 2 9 42 27 47 2 19 83 28 71 3 4 50 12 42 23 47 3 8 38 9 39 21 37 3 5 32 12 36 26 31 2 9 32 24 31 3 11 6 21 6 22 6 3 1 19 25 20 28 23 2 17 114 29 108 2 24 11 30 10
35 2 18 19 23 16 2 1 6 24 4 2 9 215 16 174 2 2 160 3 188 2 1 6 24 7 2 3 30 12 33 3 4 176 13 125 30 127 2 1 5 24 6 2 5 63 25 55 2 18 15 23 19 3 19 179 23 147 28 155 2 11 100 24 129 2 5 61 25 70 4 4 91 6 79 11 89 14 63 2 7 137 25 161 1 8 10 3 7 139 14 140 25 158 2 9 42 27 51 3 5 227 6 212 10 194 3 4 140 12 176 21 157 2 13 70 19 52 2 15 6 18 7 3 15 19 20 19 21 20 2 10 99 27 119 2 17 27 20 25 2 9 44 27 46 2 19 72 28 75 3 4 61 12 41 23 56 3 8 42 9 37 21 30 3 5 33 12 38 26 28 2 9 33 24 32 3 11 6 21 6 22 6 3 1 24 25 23 28 19 2 17 126 29 126 2 24 9 30 9
35 2 18 19 23 16 2 1 6 24 4 2 9 215 16 174 2 2 160 3 188 2 1 6 24 7 2 3 30 12 33 3 4 176 13 125 30 127 2 1 5 24 6 2 5 63 25 55 2 18 15 23 19 3 19 179 23 147 28 155 2 11 100 24 129 2 5 61 25 70 4 4 91 6 79 11 89 14 63 2 7 137 25 161 1 8 10 3 7 139 14 140 25 158 2 9 42 27 51 3 5 227 6 212 10 194 3 4 140 12 176 21 157 2 13 70 19 52 2 15 6 18 7 3 15 19 20 19 21 20 2 10 99 27 119 2 17 27 20 25 2 9 44 27 46 2 19 72 28 75 3 4 61 12 41 23 56 3 8 42 9 37 21 30 3 5 33 12 38 26 28 2 9 33 24 32 3 11 6 21 6 22 6 3 1 24 25 23 28 19 2 17 126 29 126 2 24 9 30 9
35 2 18 19 23 16 2 1 6 24 4 2 9 215 16 174 2 2 160 3 188 2 1 6 24 7 2 3 30 12 33 3 4 176 13 125 30 127 2 1 5 24 6 2 5 63 25 55 2 18 15 23 19 3 19 179 23 147 28 155 2 11 100 24 129 2 5 61 25 70 4 4 91 6 79 11 89 14 63 2 7 137 25 161 1 8 10 3 7 139 14 140 25 158 2 9 42 27 51 3 5 227 6 212 10 194 3 4 140 12 176 21 157 2 13 70 19 52 2 15 6 18 7 3 15 19 20 19 21 20 2 10 99 27 119 2 17 27 20 25 2 9 44 27 46 2 19 72 28 75 3 4 61 12 41 23 56 3 8 42 9 37 21 30 3 5 33 12 38 26 28 2 9 33 24 32 3 11 6 21 6 22 6 3 1 24 25 23 28 19 2 17 126 29 126 2 24 9 30 9
35 2 1 5 24 5 2 9 198 16 212 2 2 180 3 167 2 3 36 12 32 3 4 162 13 123 30 156 2 5 56 25 68 2 9 217 16 194 3 15 18 20 18 21 20 4 4 71 6 89 11 81 14 87 3 4 168 13 154 30 155 2 7 130 25 140 3 4 157 12 158 21 131 2 19 85 28 94 1 8 10 2 18 15 23 18 3 8 43 9 42 21 41 2 9 39 27 37 3 5 28 12 30 26 36 2 9 29 24 36 3 5 167 6 215 10 227 3 19 146 23 170 28 134 1 8 10 2 11 113 24 130 2 13 54 19 50 3 7 161 14 167 25 166 3 1 18 25 17 28 21 2 15 6 18 7 2 19 73 28 66 2 24 13 30 13 2 13 69 19 63 2 17 29 20 27 3 4 53 12 49 23 55 2 10 123 27 94 3 11 6 21 6 22 6 2 17 110 29 153
35 2 1 5 24 5 2 9 198 16 212 2 2 180 3 167 2 3 36 12 32 3 4 162 13 123 30 156 2 5 56 25 68 2 9 217 16 194 3 15 18 20 18 21 20 4 4 71 6 89 11 81 14 87 3 4 168 13 154 30 155 2 7 130 25 140 3 4 157 12 158 21 131 2 19 85 28 94 1 8 10 2 18 15 23 18 3 8 43 9 42 21 41 2 9 39 27 37 3 5 28 12 30 26 36 2 9 29 24 36 3 5 167 6 215 10 227 3 19 146 23 170 28 134 1 8 10 2 11 113 24 130 2 13 54 19 50 3 7 161 14 167 25 166 3 1 18 25 17 28 21 2 15 6 18 7 2 19 73 28 66 2 24 13 30 13 2 13 69 19 63 2 17 29 20 27 3 4 53 12 49 23 55 2 10 123 27 94 3 11 6 21 6 22 6 2 17 110 29 153
35 2 1 5 24 5 2 9 198 16 212 2 2 180 3 167 2 3 36 12 32 3 4 162 13 123 30 156 2 5 56 25 68 2 9 217 16 194 3 15 18 20 18 21 20 4 4 71 6 89 11 81 14 87 3 4 168 13 154 30 155 2 7 130 25 140 3 4 157 12 158 21 131 2 19 85 28 94 1 8 10 2 18 15 23 18 3 8 43 9 42 21 41 2 9 39 27 37 3 5 28 12 30 26 36 2 9 29 24 36 3 5 167 6 215 10 227 3 19 146 23 170 28 134 1 8 10 2 11 113 24 130 2 13 54 19 50 3 7 161 14 167 25 166 3 1 18 25 17 28 21 2 15 6 18 7 2 19 73 28 66 2 24 13 30 13 2 13 69 19 63 2 17 29 20 27 3 4 53 12 49 23 55 2 10 123 27 94 3 11 6 21 6 22 6 2 17 110 29 153
37 1 8 13 3 7 181 14 149 25 121 2 1 5 24 6 2 2 181 3 167 2 3 38 12 31 3 4 183 13 180 30 178 2 1 5 24 6 2 5 62 25 70 2 24 11 30 9 2 1 7 24 7 4 4 72 6 68 11 90 14 84 2 7 140 25 116 4 4 73 6 65 11 67 14 85 2 11 128 24 122 3 19 125 23 123 28 154 2 9 39 27 37 3 19 156 23 144 28 147 3 5 190 6 185 10 206 2 5 55 25 50 3 4 119 12 139 21 158 3 19 158 23 175 28 174 2 13 51 19 67 2 15 7 18 5 2 9 168 16 210 2 19 72 28 65 2 17 27 20 29 2 18 20 23 20 2 10 102 27 115 3 15 21 20 20 21 19 2 9 39 24 29 3 8 43 9 31 21 39 3 4 45 12 57 23 59 3 11 5 21 6 22 6 2 17 123 29 127 3 1 19 25 19 28 25 2 11 120 24 111 3 5 32 12 27 26 34
37 1 8 13 3 7 181 14 149 25 121 2 1 5 24 6 2 2 181 3 167 2 3 38 12 31 3 4 183 13 180 30 178 2 1 5 24 6 2 5 62 25 70 2 24 11 30 9 2 1 7 24 7 4 4 72 6 68 11 90 14 84 2 7 140 25 116 4 4 73 6 65 11 67 14 85 2 11 128 24 122 3 19 125 23 123 28 154 2 9 39 27 37 3 19 156 23 144 28 147 3 5 190 6 185 10 206 2 5 55 25 50 3 4 119 12 139 21 158 3 19 158 23 175 28 174 2 13 51 19 67 2 15 7 18 5 2 9 168 16 210 2 19 72 28 65 2 17 27 20 29 2 18 20 23 20 2 10 102 27 115 3 15 21 20 20 21 19 2 9 39 24 29 3 8 43 9 31 21 39 3 4 45 12 57 23 59 3 11 5 21 6 22 6 2 17 123 29 127 3 1 19 25 19 28 25 2 11 120 24 111 3 5 32 12 27 26 34
36 2 1 7 24 7 2 2 151 3 152 2 3 37 12 30 3 4 175 13 172 30 144 2 1 6 24 6 2 5 54 25 68 2 2 166 3 143 2 18 16 23 14 2 1 6 24 5 4 4 81 6 67 11 69 14 80 2 1 5 24 4 2 7 127 25 127 1 8 11 3 11 4 21 5 22 6 2 19 92 28 79 2 9 40 27 49 3 5 206 6 224 10 215 2 11 120 24 115 3 7 162 14 136 25 143 3 19 151 23 166 28 136 3 4 161 13 153 30 180 3 1 20 25 22 28 24 2 10 111 27 105 4 4 77 6 93 11 89 14 82 3 4 161 12 129 21 150 3 8 38 9 39 21 38 2 13 62 19 69 2 15 5 18 6 2 9 33 24 41 2 17 154 29 113 2 9 208 16 182 2 17 26 20 22 3 5 32 12 32 26 35 3 15 20 20 23 21 19 3 4 56 12 56 23 58 2 24 10 30 11
35 2 1 5 24 6 2 2 148 3 174 2 17 135 29 120 2 3 38 12 27 2 2 203 3 203 3 4 169 13 162 30 141 2 17 24 20 30 3 8 36 9 40 21 41 3 7 179 14 122 25 148 3 4 165 13 141 30 143 2 5 68 25 62 3 4 180 13 156 30 144 3 19 140 23 160 28 150 4 4 73 6 86 11 67 14 83 2 7 138 25 130 1 8 10 2 9 49 27 48 3 5 177 6 172 10 213 2 11 131 24 98 3 4 165 12 132 21 135 2 15 5 18 7 2 13 52 19 59 2 9 181 16 229 3 4 41 12 58 23 44 2 18 19 23 17 2 19 86 28 91 2 24 10 30 11 3 15 17 20 20 21 20 3 1 18 25 18 28 24 2 19 88 28 82 3 11 5 21 5 22 6 2 11 121 24 138 2 9 31 24 34 3 5 34 12 34 26 37 2 10 85 27 119
35 2 1 5 24 6 2 2 148 3 174 2 17 135 29 120 2 3 38 12 27 2 2 203 3 203 3 4 169 13 162 30 141 2 17 24 20 30 3 8 36 9 40 21 41 3 7 179 14 122 25 148 3 4 165 13 141 30 143 2 5 68 25 62 3 4 180 13 156 30 144 3 19 140 23 160 28 150 4 4 73 6 86 11 67 14 83 2 7 138 25 130 1 8 10 2 9 49 27 48 3 5 177 6 172 10 213 2 11 131 24 98 3 4 165 12 132 21 135 2 15 5 18 7 2 13 52 19 59 2 9 181 16 229 3 4 41 12 58 23 44 2 18 19 23 17 2 19 86 28 91 2 24 10 30 11 3 15 17 20 20 21 20 3 1 18 25 18 28 24 2 19 88 28 82 3 11 5 21 5 22 6 2 11 121 24 138 2 9 31 24 34 3 5 34 12 34 26 37 2 10 85 27 119
35 2 1 5 24 6 2 2 148 3 174 2 17 135 29 120 2 3 38 12 27 2 2 203 3 203 3 4 169 13 162 30 141 2 17 24 20 30 3 8 36 9 40 21 41 3 7 179 14 122 25 148 3 4 165 13 141 30 143 2 5 68 25 62 3 4 180 13 156 30 144 3 19 140 23 160 28 150 4 4 73 6 86 11 67 14 83 2 7 138 25 130 1 8 10 2 9 49 27 48 3 5 177 6 172 10 213 2 11 131 24 98 3 4 165 12 132 21 135 2 15 5 18 7 2 13 52 19 59 2 9 181 16 229 3 4 41 12 58 23 44 2 18 19 23 17 2 19 86 28 91 2 24 10 30 11 3 15 17 20 20 21 20 3 1 18 25 18 28 24 2 19 88 28 82 3 11 5 21 5 22 6 2 11 121 24 138 2 9 31 24 34 3 5 34 12 34 26 37 2 10 85 27 119
35 2 1 6 24 5 2 2 187 3 183 2 1 6 24 5 2 3 32 12 36 3 4 165 13 150 30 169 2 5 53 25 54 2 9 45 27 43 4 4 92 6 89 11 65 14 68 3 5 34 12 28 26 31 2 3 27 12 28 3 11 5 21 6 22 5 2 1 4 24 6 2 18 17 23 18 2 7 157 25 150 1 8 11 3 5 36 12 32 26 34 3 7 124 14 179 25 130 3 5 216 6 223 10 178 2 2 177 3 164 2 24 10 30 12 2 11 132 24 132 3 4 176 12 133 21 123 2 13 71 19 51 3 15 21 20 23 21 16 2 15 6 18 6 2 9 162 16 208 2 17 23 20 21 2 19 71 28 90 2 17 120 29 118 3 4 53 12 51 23 50 3 8 39 9 32 21 42 2 10 122 27 120 2 9 40 24 32 3 1 18 25 21 28 26 3 19 170 23 144 28 170
34 2 1 5 24 5 2 2 137 3 152 2 3 30 12 29 2 1 7 24 5 3 4 154 13 141 30 159 2 3 32 12 39 2 7 113 25 130 3 19 151 23 161 28 166 2 5 61 25 70 4 4 74 6 78 11 90 14 67 1 8 10 2 9 35 27 44 3 5 187 6 166 10 164 2 11 103 24 131 3 4 146 12 144 21 157 2 24 10 30 9 2 13 67 19 73 2 9 225 16 180 3 7 170 14 164 25 140 2 15 5 18 6 2 17 23 20 23 2 18 19 23 20 2 19 72 28 82 3 15 21 20 17 21 21 3 4 160 13 150 30 127 2 17 153 29 153 2 9 42 27 46 3 4 47 12 51 23 45 3 8 30 9 42 21 36 3 11 5 21 6 22 7 2 9 38 24 35 2 10 100 27 110 3 1 25 25 20 28 24 3 5 34 12 28 26 26
34 2 1 5 24 5 2 2 137 3 152 2 3 30 12 29 2 1 7 24 5 3 4 154 13 141 30 159 2 3 32 12 39 2 7 113 25 130 3 19 151 23 161 28 166 2 5 61 25 70 4 4 74 6 78 11 90 14 67 1 8 10 2 9 35 27 44 3 5 187 6 166 10 164 2 11 103 24 131 3 4 146 12 144 21 157 2 24 10 30 9 2 13 67 19 73 2 9 225 16 180 3 7 170 14 164 25 140 2 15 5 18 6 2 17 23 20 23 2 18 19 23 20 2 19 72 28 82 3 15 21 20 17 21 21 3 4 160 13 150 30 127 2 17 153 29 153 2 9 42 27 46 3 4 47 12 51 23 45 3 8 30 9 42 21 36 3 11 5 21 6 22 7 2 9 38 24 35 2 10 100 27 110 3 1 25 25 20 28 24 3 5 34 12 28 26 26
34 2 1 5 24 5 2 2 137 3 152 2 3 30 12 29 2 1 7 24 5 3 4 154 13 141 30 159 2 3 32 12 39 2 7 113 25 130 3 19 151 23 161 28 166 2 5 61 25 70 4 4 74 6 78 11 90 14 67 1 8 10 2 9 35 27 44 3 5 187 6 166 10 164 2 11 103 24 131 3 4 146 12 144 21 157 2 24 10 30 9 2 13 67 19 73 2 9 225 16 180 3 7 170 14 164 25 140 2 15 5 18 6 2 17 23 20 23 2 18 19 23 20 2 19 72 28 82 3 15 21 20 17 21 21 3 4 160 13 150 30 127 2 17 153 29 153 2 9 42 27 46 3 4 47 12 51 23 45 3 8 30 9 42 21 36 3 11 5 21 6 22 7 2 9 38 24 35 2 10 100 27 110 3 1 25 25 20 28 24 3 5 34 12 28 26 26
36 2 1 7 24 6 2 2 181 3 180 2 3 27 12 26 3 4 126 13 132 30 183 4 4 89 6 66 11 75 14 86 2 3 28 12 37 2 5 67 25 68 2 7 167 25 166 1 8 14 2 9 171 16 227 2 17 26 20 27 2 1 5 24 5 2 9 42 27 43 3 5 169 6 227 10 153 2 10 95 27 107 3 7 153 14 125 25 152 2 11 104 24 140 3 4 121 12 148 21 159 3 1 25 25 26 28 20 2 13 50 19 56 2 15 5 18 8 2 18 14 23 18 2 9 228 16 222 3 15 22 20 18 21 20 3 5 32 12 37 26 29 2 19 66 28 71 2 24 14 30 13 3 8 36 9 39 21 43 3 1 22 25 19 28 25 3 11 6 21 5 22 6 3 4 56 12 49 23 47 3 5 35 12 38 26 34 2 17 144 29 136 2 9 30 24 31 2 17 124 29 160 3 19 162 23 176 28 155
35 2 1 6 24 5 2 9 46 27 45 3 15 16 20 18 21 21 2 2 188 3 202 3 8 41 9 34 21 34 2 9 44 27 48 2 3 38 12 34 3 4 164 13 130 30 132 2 9 39 24 33 2 24 14 30 10 2 7 119 25 136 2 5 53 25 50 3 4 158 13 166 30 180 4 4 87 6 71 11 85 14 89 1 8 9 3 1 24 25 20 28 21 3 5 206 6 190 10 174 2 11 136 24 114 3 4 159 12 120 21 119 2 17 148 29 121 2 13 68 19 70 3 1 21 25 18 28 21 3 4 55 12 58 23 46 2 2 195 3 155 3 7 141 14 126 25 150 2 15 8 18 7 2 9 175 16 182 2 17 24 20 26 2 18 21 23 19 2 19 90 28 73 3 11 5 21 5 22 7 2 11 141 24 107 2 10 111 27 90 3 19 170 23 128 28 151 3 5 26 12 31 26 30
37 1 8 14 3 7 147 14 164 25 168 2 1 4 24 6 2 2 195 3 182 2 3 39 12 30 3 4 172 13 149 30 131 2 1 6 24 6 2 5 56 25 63 2 24 10 30 9 2 1 4 24 5 4 4 67 6 79 11 63 14 72 2 7 130 25 162 4 4 67 6 94 11 87 14 78 2 11 98 24 102 3 19 147 23 180 28 172 2 9 37 27 45 3 19 125 23 149 28 178 3 5 152 6 154 10 188 2 5 69 25 48 3 4 134 12 148 21 162 3 19 121 23 145 28 151 2 13 58 19 64 2 15 5 18 5 2 9 204 16 181 2 19 88 28 94 2 17 22 20 30 2 18 15 23 21 2 10 107 27 91 3 15 21 20 21 21 23 2 9 31 24 34 3 8 34 9 43 21 31 3 4 50 12 60 23 55 3 11 6 21 6 22 7 2 17 157 29 160 3 1 17 25 24 28 22 2 11 104 24 124 3 5 36 12 34 26 35
34 2 18 17 23 14 2 1 5 24 7 2 18 18 23 18 2 19 67 28 87 2 1 6 24 6 2 2 143 3 199 2 3 38 12 28 3 19 162 23 159 28 179 3 4 125 13 132 30 131 2 5 55 25 60 4 4 64 6 75 11 65 14 87 2 7 137 25 168 2 10 111 27 96 1 8 12 2 9 42 27 37 3 5 182 6 180 10 197 2 11 123 24 119 2 13 51 19 51 3 4 147 12 173 21 160 2 24 9 30 11 2 5 71 25 69 3 4 47 12 41 23 53 2 15 6 18 6 3 7 129 14 164 25 140 2 9 215 16 208 2 17 24 20 29 3 5 34 12 28 26 32 3 15 18 20 23 21 16 3 4 155 12 161 21 163 3 1 23 25 21 28 22 3 8 43 9 34 21 39 2 9 34 24 31 3 11 5 21 5 22 6 2 17 110 29 129
36 2 1 6 24 5 2 2 164 3 157 2 3 29 12 27 3 4 130 13 163 30 162 4 4 84 6 71 11 68 14 65 2 3 28 12 39 2 5 52 25 60 2 7 136 25 156 1 8 13 2 9 156 16 223 2 17 28 20 25 2 1 5 24 5 2 9 44 27 40 3 5 203 6 188 10 191 2 10 124 27 94 3 7 149 14 129 25 141 2 11 113 24 115 3 4 130 12 153 21 121 3 1 18 25 23 28 22 2 13 72 19 72 2 15 7 18 5 2 18 20 23 17 2 9 209 16 219 3 15 23 20 18 21 19 3 5 36 12 28 26 33 2 19 71 28 64 2 24 14 30 13 3 8 32 9 44 21 39 3 1 18 25 23 28 25 3 11 5 21 6 22 6 3 4 54 12 48 23 44 3 5 38 12 37 26 37 2 17 130 29 149 2 9 38 24 40 2 17 138 29 159 3 19 125 23 132 28 180
42 2 1 4 24 6 4 4 76 6 72 11 93 14 83 2 1 5 24 5 3 7 131 14 168 25 161 2 2 143 3 175 2 3 38 12 30 3 15 20 20 18 21 21 3 11 6 21 5 22 6 2 15 7 18 7 3 5 167 6 203 10 168 3 4 168 13 156 30 175 2 15 5 18 7 2 5 51 25 57 2 7 160 25 150 2 9 29 24 40 1 8 11 3 11 5 21 6 22 6 2 9 38 27 48 1 8 10 2 11 126 24 125 3 15 23 20 18 21 23 2 13 65 19 60 3 4 165 12 147 21 138 2 9 161 16 162 2 19 79 28 86 3 1 21 25 18 28 22 4 4 84 6 79 11 84 14 70 2 17 21 20 28 2 18 20 23 19 2 9 188 16 172 3 8 33 9 37 21 30 3 11 4 21 5 22 7 3 4 41 12 56 23 59 3 5 27 12 28 26 26 3 4 156 12 158 21 175 2 17 145 29 123 3 8 35 9 30 21 39 2 10 116 27 96 3 4 163 13 183 30 128 3 19 131 23 153 28 168 2 9 42 27 35 2 24 13 30 12
35 2 1 6 24 5 2 2 141 3 183 2 1 5 24 5 2 3 39 12 36 3 4 152 13 157 30 175 2 5 52 25 60 2 9 40 27 46 4 4 88 6 72 11 74 14 89 3 5 33 12 37 26 26 2 3 31 12 29 3 11 6 21 6 22 4 2 1 4 24 6 2 18 17 23 21 2 7 144 25 127 1 8 10 3 5 35 12 31 26 32 3 7 142 14 158 25 181 3 5 165 6 175 10 195 2 2 154 3 178 2 24 13 30 12 2 11 138 24 99 3 4 152 12 124 21 163 2 13 66 19 53 3 15 22 20 20 21 18 2 15 7 18 7 2 9 185 16 177 2 17 22 20 31 2 19 68 28 74 2 17 114 29 161 3 4 44 12 49 23 51 3 8 40 9 37 21 37 2 10 96 27 120 2 9 29 24 34 3 1 21 25 19 28 26 3 19 146 23 166 28 180
36 3 5 199 6 161 10 179 2 1 5 24 7 3 4 135 12 162 21 164 2 2 150 3 181 2 3 36 12 36 3 4 163 13 128 30 160 2 9 231 16 205 3 4 171 13 182 30 146 2 5 60 25 51 2 2 201 3 200 2 11 114 24 96 4 4 90 6 75 11 87 14 63 3 5 37 12 28 26 39 2 7 116 25 113 1 8 10 2 7 145 25 156 2 9 38 27 50 2 13 59 19 64 3 7 161 14 136 25 169 2 18 18 23 20 2 15 8 18 8 2 17 31 20 22 2 19 80 28 66 3 15 23 20 17 21 19 3 8 35 9 37 21 33 2 17 145 29 157 2 13 58 19 60 3 11 5 21 4 22 6 3 4 59 12 60 23 45 2 9 36 24 32 3 1 22 25 25 28 25 2 10 118 27 98 2 9 180 16 211 3 19 131 23 155 28 122 3 5 177 6 193 10 177 2 24 9 30 13
34 2 18 18 23 15 2 1 7 24 6 2 18 19 23 20 2 19 66 28 81 2 1 6 24 5 2 2 201 3 151 2 3 28 12 28 3 19 178 23 177 28 137 3 4 137 13 150 30 176 2 5 53 25 66 4 4 76 6 79 11 94 14 93 2 7 167 25 140 2 10 124 27 90 1 8 12 2 9 41 27 41 3 5 218 6 173 10 218 2 11 125 24 118 2 13 72 19 62 3 4 130 12 141 21 166 2 24 12 30 9 2 5 51 25 69 3 4 46 12 57 23 43 2 15 7 18 7 3 7 141 14 137 25 162 2 9 199 16 167 2 17 27 20 30 3 5 26 12 30 26 30 3 15 16 20 17 21 16 3 4 123 12 121 21 176 3 1 22 25 21 28 18 3 8 36 9 43 21 39 2 9 31 24 38 3 11 6 21 6 22 6 2 17 109 29 144
35 2 18 19 23 21 2 1 6 24 5 2 9 218 16 213 2 2 165 3 169 2 1 5 24 6 2 3 33 12 37 3 4 130 13 152 30 163 2 1 6 24 5 2 5 70 25 52 2 18 19 23 18 3 19 173 23 159 28 176 2 11 134 24 113 2 5 67 25 57 4 4 71 6 68 11 92 14 68 2 7 151 25 145 1 8 11 3 7 124 14 175 25 127 2 9 51 27 51 3 5 192 6 228 10 186 3 4 122 12 148 21 147 2 13 60 19 57 2 15 6 18 6 3 15 18 20 21 21 22 2 10 107 27 87 2 17 25 20 25 2 9 36 27 45 2 19 77 28 89 3 4 54 12 54 23 49 3 8 32 9 38 21 37 3 5 35 12 37 26 37 2 9 29 24 34 3 11 5 21 5 22 5 3 1 20 25 26 28 19 2 17 135 29 139 2 24 12 30 9
DUE_DATES: 5116 5116 5116 4018 5126 4086 4526 4126 4126 4217 4532 4776 4197 4197 4197 4197 4384 4384 5651 5651 4300 4300 4143 4143 4221 4221 4221 4883 4883 4883 4902 4902 4693 5169 5169 5169 4445 4294 4294 4294 4776 4808 4941 4342 4665 5124 4332 5556 4365 4243
WEIGHTS: 3 2 2 2 1 3 2 2 2 3 1 3 3 2 2 3 2 3 3 2 1 3 3 1 3 1 3 1 3 1 2 3 2 2 2 1 3 3 2 1 1 2 3 2 2 1 3 1 1 2
