50 30
34 3 2 116 3 133 21 131 3 1 175 5 173 27 204 3 2 212 12 199 28 210 2 4 116 19 150 4 5 34 10 41 14 36 24 40 1 27 74 2 6 17 8 19 3 5 99 7 110 12 109 2 8 72 27 83 3 11 2 13 1 17 1 2 4 166 19 147 3 5 148 9 132 10 173 1 27 70 2 10 110 14 107 2 10 137 11 179 2 4 154 19 121 2 8 98 12 82 3 14 103 16 111 28 122 4 8 132 18 131 19 97 24 128 2 11 81 15 93 2 16 90 27 94 3 13 179 14 199 17 187 3 18 179 19 179 29 163 2 8 87 12 96 3 7 160 8 157 20 185 2 26 158 28 185 3 8 113 9 159 22 121 3 11 46 21 55 26 43 3 14 61 18 49 25 51 3 12 118 23 154 30 117 3 24 143 26 195 28 144 2 29 28 30 26 3 6 122 14 105 30 99 2 15 150 28 188
35 2 4 161 19 163 3 1 215 5 178 27 199 3 2 202 12 206 28 215 3 2 133 3 91 21 90 4 5 43 10 32 14 38 24 31 3 11 2 13 2 17 1 3 5 176 9 156 10 139 1 27 67 2 10 157 11 181 3 1 189 5 159 27 210 2 6 21 8 22 3 5 141 7 108 12 112 2 15 148 28 147 2 8 63 27 82 2 10 147 14 107 4 8 91 18 129 19 118 24 126 3 18 194 19 137 29 163 4 5 39 10 32 14 30 24 41 2 8 89 12 69 3 2 124 3 122 21 106 3 14 121 16 112 28 136 3 18 158 19 192 29 155 2 11 69 15 96 3 14 65 18 48 25 67 2 29 28 30 27 3 6 104 14 124 30 95 2 16 94 27 83 3 24 170 26 195 28 183 3 13 183 14 175 17 176 3 7 215 8 212 20 155 3 11 43 21 39 26 56 3 1 150 5 171 27 216 2 26 163 28 194 3 8 126 9 120 22 115 3 12 110 23 160 30 145
38 3 1 200 5 191 27 183 3 11 1 13 1 17 2 3 1 170 5 156 27 205 3 2 160 12 205 28 203 3 2 90 3 108 21 114 2 10 137 11 151 3 11 55 21 55 26 53 2 4 140 19 161 2 11 93 15 91 3 13 145 14 160 17 158 4 5 42 10 40 14 36 24 33 3 1 155 5 214 27 163 2 15 212 28 173 2 8 81 27 57 2 6 18 8 23 3 5 117 7 128 12 137 2 10 145 14 145 2 6 20 8 19 3 5 181 9 176 10 182 2 8 80 12 94 4 8 97 18 117 19 106 24 106 3 13 193 14 193 17 214 3 14 102 16 132 28 116 2 15 214 28 155 2 16 76 27 79 2 8 91 12 81 3 18 178 19 185 29 170 3 7 178 8 210 20 195 3 8 155 9 153 22 115 3 12 147 23 116 30 125 2 29 33 30 24 3 13 193 14 176 17 205 3 24 146 26 146 28 139 3 14 56 18 46 25 59 2 15 146 28 209 2 26 160 28 220 1 27 79 3 6 125 14 136 30 120
37 3 1 195 5 156 27 208 3 2 194 12 213 28 173 2 10 190 11 203 2 29 25 30 33 3 2 99 3 96 21 106 4 5 41 10 42 14 34 24 36 2 4 136 19 162 2 6 21 8 22 3 5 183 9 156 10 188 3 1 148 5 198 27 157 3 14 113 16 97 28 119 3 12 158 23 110 30 138 3 5 115 7 119 12 139 3 8 125 9 124 22 135 3 11 2 13 1 17 2 3 2 129 3 96 21 97 2 8 66 27 69 3 13 156 14 184 17 204 2 10 117 14 124 3 2 185 12 206 28 213 2 8 72 12 77 3 7 211 8 207 20 154 3 5 132 9 192 10 187 2 11 65 15 85 2 16 69 27 87 3 14 98 16 123 28 119 3 14 66 18 52 25 58 3 7 220 8 189 20 173 3 18 192 19 139 29 137 4 8 104 18 110 19 101 24 129 2 15 199 28 209 3 11 42 21 53 26 44 3 24 200 26 192 28 155 2 26 204 28 164 1 27 77 2 10 178 11 166 3 6 104 14 123 30 112
37 3 1 195 5 156 27 208 3 2 194 12 213 28 173 2 10 190 11 203 2 29 25 30 33 3 2 99 3 96 21 106 4 5 41 10 42 14 34 24 36 2 4 136 19 162 2 6 21 8 22 3 5 183 9 156 10 188 3 1 148 5 198 27 157 3 14 113 16 97 28 119 3 12 158 23 110 30 138 3 5 115 7 119 12 139 3 8 125 9 124 22 135 3 11 2 13 1 17 2 3 2 129 3 96 21 97 2 8 66 27 69 3 13 156 14 184 17 204 2 10 117 14 124 3 2 185 12 206 28 213 2 8 72 12 77 3 7 211 8 207 20 154 3 5 132 9 192 10 187 2 11 65 15 85 2 16 69 27 87 3 14 98 16 123 28 119 3 14 66 18 52 25 58 3 7 220 8 189 20 173 3 18 192 19 139 29 137 4 8 104 18 110 19 101 24 129 2 15 199 28 209 3 11 42 21 53 26 44 3 24 200 26 192 28 155 2 26 204 28 164 1 27 77 2 10 178 11 166 3 6 104 14 123 30 112
37 3 1 150 5 182 27 178 3 2 174 12 183 28 162 2 10 143 11 137 2 29 30 30 25 3 2 120 3 108 21 121 4 5 40 10 29 14 34 24 30 2 4 149 19 164 2 6 21 8 17 3 5 142 9 177 10 148 3 1 175 5 197 27 147 3 14 107 16 102 28 122 3 12 144 23 117 30 160 3 5 120 7 126 12 116 3 8 128 9 113 22 154 3 11 2 13 2 17 2 3 2 117 3 125 21 91 2 8 65 27 70 3 13 174 14 184 17 150 2 10 126 14 146 3 2 202 12 177 28 218 2 8 75 12 81 3 7 154 8 179 20 218 3 5 176 9 144 10 177 2 11 80 15 78 2 16 92 27 72 3 14 116 16 108 28 119 3 14 53 18 52 25 49 3 7 170 8 188 20 169 3 18 163 19 180 29 172 4 8 108 18 107 19 90 24 129 2 15 213 28 156 3 11 51 21 41 26 48 3 24 163 26 184 28 150 2 26 192 28 204 1 27 68 2 10 202 11 155 3 6 117 14 117 30 132
38 3 1 150 5 187 27 185 3 2 171 12 183 28 197 4 5 39 10 39 14 40 24 42 3 2 117 3 110 21 95 4 5 33 10 38 14 31 24 35 4 8 114 18 131 19 94 24 102 3 2 91 3 129 21 117 3 14 49 18 56 25 65 2 4 155 19 159 4 5 34 10 33 14 32 24 33 2 6 20 8 18 2 15 159 28 183 3 5 102 7 103 12 114 2 16 80 27 88 2 8 77 27 77 3 24 188 26 166 28 167 3 5 172 9 188 10 192 2 10 107 14 141 2 8 74 27 56 3 6 103 14 106 30 104 3 2 208 12 199 28 174 2 10 173 11 146 2 8 89 12 100 2 10 121 14 126 3 11 1 13 2 17 1 3 14 132 16 125 28 98 2 8 68 12 82 2 11 67 15 78 3 13 214 14 185 17 181 3 24 145 26 165 28 191 3 18 177 19 148 29 142 3 7 212 8 213 20 183 3 11 40 21 47 26 54 3 8 158 9 127 22 150 1 27 67 3 12 146 23 153 30 124 2 26 204 28 212 2 29 25 30 32
38 3 1 150 5 187 27 185 3 2 171 12 183 28 197 4 5 39 10 39 14 40 24 42 3 2 117 3 110 21 95 4 5 33 10 38 14 31 24 35 4 8 114 18 131 19 94 24 102 3 2 91 3 129 21 117 3 14 49 18 56 25 65 2 4 155 19 159 4 5 34 10 33 14 32 24 33 2 6 20 8 18 2 15 159 28 183 3 5 102 7 103 12 114 2 16 80 27 88 2 8 77 27 77 3 24 188 26 166 28 167 3 5 172 9 188 10 192 2 10 107 14 141 2 8 74 27 56 3 6 103 14 106 30 104 3 2 208 12 199 28 174 2 10 173 11 146 2 8 89 12 100 2 10 121 14 126 3 11 1 13 2 17 1 3 14 132 16 125 28 98 2 8 68 12 82 2 11 67 15 78 3 13 214 14 185 17 181 3 24 145 26 165 28 191 3 18 177 19 148 29 142 3 7 212 8 213 20 183 3 11 40 21 47 26 54 3 8 158 9 127 22 150 1 27 67 3 12 146 23 153 30 124 2 26 204 28 212 2 29 25 30 32
38 3 1 150 5 187 27 185 3 2 171 12 183 28 197 4 5 39 10 39 14 40 24 42 3 2 117 3 110 21 95 4 5 33 10 38 14 31 24 35 4 8 114 18 131 19 94 24 102 3 2 91 3 129 21 117 3 14 49 18 56 25 65 2 4 155 19 159 4 5 34 10 33 14 32 24 33 2 6 20 8 18 2 15 159 28 183 3 5 102 7 103 12 114 2 16 80 27 88 2 8 77 27 77 3 24 188 26 166 28 167 3 5 172 9 188 10 192 2 10 107 14 141 2 8 74 27 56 3 6 103 14 106 30 104 3 2 208 12 199 28 174 2 10 173 11 146 2 8 89 12 100 2 10 121 14 126 3 11 1 13 2 17 1 3 14 132 16 125 28 98 2 8 68 12 82 2 11 67 15 78 3 13 214 14 185 17 181 3 24 145 26 165 28 191 3 18 177 19 148 29 142 3 7 212 8 213 20 183 3 11 40 21 47 26 54 3 8 158 9 127 22 150 1 27 67 3 12 146 23 153 30 124 2 26 204 28 212 2 29 25 30 32
38 3 1 150 5 187 27 185 3 2 171 12 183 28 197 4 5 39 10 39 14 40 24 42 3 2 117 3 110 21 95 4 5 33 10 38 14 31 24 35 4 8 114 18 131 19 94 24 102 3 2 91 3 129 21 117 3 14 49 18 56 25 65 2 4 155 19 159 4 5 34 10 33 14 32 24 33 2 6 20 8 18 2 15 159 28 183 3 5 102 7 103 12 114 2 16 80 27 88 2 8 77 27 77 3 24 188 26 166 28 167 3 5 172 9 188 10 192 2 10 107 14 141 2 8 74 27 56 3 6 103 14 106 30 104 3 2 208 12 199 28 174 2 10 173 11 146 2 8 89 12 100 2 10 121 14 126 3 11 1 13 2 17 1 3 14 132 16 125 28 98 2 8 68 12 82 2 11 67 15 78 3 13 214 14 185 17 181 3 24 145 26 165 28 191 3 18 177 19 148 29 142 3 7 212 8 213 20 183 3 11 40 21 47 26 54 3 8 158 9 127 22 150 1 27 67 3 12 146 23 153 30 124 2 26 204 28 212 2 29 25 30 32
39 3 1 197 5 217 27 160 3 2 189 12 178 28 219 3 2 118 3 124 21 92 2 4 165 19 156 3 2 119 3 113 21 110 4 5 36 10 33 14 34 24 41 2 6 22 8 23 2 4 144 19 118 3 5 119 7 137 12 126 2 8 60 27 68 3 5 190 9 189 10 142 2 8 73 27 77 3 13 149 14 175 17 158 3 18 147 19 200 29 147 2 8 62 27 63 2 10 114 14 144 3 24 181 26 159 28 189 2 10 141 11 170 2 15 197 28 145 2 8 84 12 93 2 26 177 28 180 3 11 1 13 2 17 2 3 13 189 14 213 17 189 3 14 126 16 105 28 103 2 11 90 15 86 2 16 74 27 70 3 13 159 14 162 17 184 4 8 103 18 91 19 126 24 98 3 7 206 8 182 20 149 3 1 145 5 187 27 201 3 11 45 21 44 26 50 4 8 123 18 91 19 109 24 90 3 8 145 9 136 22 148 2 29 31 30 31 3 13 200 14 149 17 187 3 12 144 23 136 30 141 1 27 83 3 6 113 14 119 30 100 3 14 63 18 61 25 61
39 3 1 197 5 217 27 160 3 2 189 12 178 28 219 3 2 118 3 124 21 92 2 4 165 19 156 3 2 119 3 113 21 110 4 5 36 10 33 14 34 24 41 2 6 22 8 23 2 4 144 19 118 3 5 119 7 137 12 126 2 8 60 27 68 3 5 190 9 189 10 142 2 8 73 27 77 3 13 149 14 175 17 158 3 18 147 19 200 29 147 2 8 62 27 63 2 10 114 14 144 3 24 181 26 159 28 189 2 10 141 11 170 2 15 197 28 145 2 8 84 12 93 2 26 177 28 180 3 11 1 13 2 17 2 3 13 189 14 213 17 189 3 14 126 16 105 28 103 2 11 90 15 86 2 16 74 27 70 3 13 159 14 162 17 184 4 8 103 18 91 19 126 24 98 3 7 206 8 182 20 149 3 1 145 5 187 27 201 3 11 45 21 44 26 50 4 8 123 18 91 19 109 24 90 3 8 145 9 136 22 148 2 29 31 30 31 3 13 200 14 149 17 187 3 12 144 23 136 30 141 1 27 83 3 6 113 14 119 30 100 3 14 63 18 61 25 61
36 3 1 198 5 181 27 188 3 2 172 12 193 28 190 2 10 203 11 160 3 2 130 3 101 21 105 2 10 105 14 135 2 4 157 19 118 3 6 113 14 115 30 106 3 7 169 8 198 20 184 4 5 32 10 32 14 32 24 32 2 6 17 8 17 3 5 142 7 132 12 113 2 8 78 27 74 3 5 167 9 184 10 134 2 26 156 28 198 2 8 85 12 79 3 11 2 13 2 17 2 3 6 141 14 121 30 97 3 14 128 16 125 28 99 2 11 70 15 73 2 8 82 12 94 2 16 93 27 92 3 13 150 14 151 17 196 3 1 206 5 151 27 163 3 18 177 19 190 29 199 4 8 92 18 105 19 105 24 115 3 11 52 21 57 26 48 3 8 166 9 124 22 121 3 12 152 23 158 30 141 3 24 139 26 176 28 146 3 12 149 23 153 30 143 3 14 57 18 62 25 48 2 10 133 14 114 1 27 78 3 5 127 7 123 12 118 2 15 198 28 149 2 29 26 30 32
36 3 1 198 5 181 27 188 3 2 172 12 193 28 190 2 10 203 11 160 3 2 130 3 101 21 105 2 10 105 14 135 2 4 157 19 118 3 6 113 14 115 30 106 3 7 169 8 198 20 184 4 5 32 10 32 14 32 24 32 2 6 17 8 17 3 5 142 7 132 12 113 2 8 78 27 74 3 5 167 9 184 10 134 2 26 156 28 198 2 8 85 12 79 3 11 2 13 2 17 2 3 6 141 14 121 30 97 3 14 128 16 125 28 99 2 11 70 15 73 2 8 82 12 94 2 16 93 27 92 3 13 150 14 151 17 196 3 1 206 5 151 27 163 3 18 177 19 190 29 199 4 8 92 18 105 19 105 24 115 3 11 52 21 57 26 48 3 8 166 9 124 22 121 3 12 152 23 158 30 141 3 24 139 26 176 28 146 3 12 149 23 153 30 143 3 14 57 18 62 25 48 2 10 133 14 114 1 27 78 3 5 127 7 123 12 118 2 15 198 28 149 2 29 26 30 32
34 3 2 101 3 90 21 102 3 1 215 5 151 27 215 3 2 206 12 218 28 216 2 4 114 19 149 4 5 40 10 38 14 33 24 40 1 27 92 2 6 19 8 17 3 5 104 7 125 12 107 2 8 70 27 70 3 11 1 13 1 17 1 2 4 164 19 157 3 5 130 9 177 10 153 1 27 98 2 10 107 14 108 2 10 152 11 148 2 4 161 19 141 2 8 99 12 71 3 14 113 16 134 28 120 4 8 103 18 112 19 120 24 96 2 11 95 15 85 2 16 89 27 94 3 13 156 14 198 17 191 3 18 190 19 150 29 190 2 8 87 12 75 3 7 207 8 161 20 159 2 26 169 28 160 3 8 164 9 163 22 164 3 11 47 21 51 26 53 3 14 59 18 61 25 57 3 12 125 23 153 30 148 3 24 158 26 160 28 174 2 29 32 30 31 3 6 99 14 113 30 111 2 15 145 28 178
34 3 2 101 3 90 21 102 3 1 215 5 151 27 215 3 2 206 12 218 28 216 2 4 114 19 149 4 5 40 10 38 14 33 24 40 1 27 92 2 6 19 8 17 3 5 104 7 125 12 107 2 8 70 27 70 3 11 1 13 1 17 1 2 4 164 19 157 3 5 130 9 177 10 153 1 27 98 2 10 107 14 108 2 10 152 11 148 2 4 161 19 141 2 8 99 12 71 3 14 113 16 134 28 120 4 8 103 18 112 19 120 24 96 2 11 95 15 85 2 16 89 27 94 3 13 156 14 198 17 191 3 18 190 19 150 29 190 2 8 87 12 75 3 7 207 8 161 20 159 2 26 169 28 160 3 8 164 9 163 22 164 3 11 47 21 51 26 53 3 14 59 18 61 25 57 3 12 125 23 153 30 148 3 24 158 26 160 28 174 2 29 32 30 31 3 6 99 14 113 30 111 2 15 145 28 178
32 3 1 166 5 193 27 158 3 2 224 12 183 28 194 3 2 104 3 122 21 93 2 4 142 19 153 3 18 182 19 202 29 174 2 10 119 14 136 2 16 82 27 90 4 5 29 10 39 14 29 24 41 2 6 17 8 24 3 24 139 26 145 28 178 3 14 67 18 45 25 59 3 5 123 7 145 12 144 3 6 97 14 131 30 104 2 8 74 27 68 3 5 181 9 188 10 137 4 8 98 18 101 19 106 24 117 2 6 20 8 19 3 13 169 14 195 17 212 3 11 50 21 43 26 41 2 10 139 11 151 2 8 84 12 96 3 11 2 13 2 17 2 3 14 124 16 131 28 113 1 27 93 2 11 83 15 83 3 7 165 8 167 20 212 4 5 39 10 33 14 35 24 38 3 8 120 9 149 22 135 3 12 132 23 153 30 112 2 29 26 30 30 2 26 173 28 222 2 15 174 28 193
35 1 27 93 3 5 104 7 146 12 113 3 1 176 5 189 27 215 3 2 208 12 172 28 150 3 7 220 8 155 20 211 3 2 103 3 102 21 109 1 27 71 3 11 2 13 2 17 1 2 4 121 19 165 4 5 33 10 34 14 33 24 39 3 2 109 3 106 21 118 2 6 18 8 20 2 8 85 27 64 2 11 81 15 91 3 5 140 9 129 10 187 2 10 129 14 113 3 12 123 23 142 30 110 3 1 210 5 209 27 208 2 29 25 30 26 3 2 203 12 150 28 196 2 10 173 11 176 2 8 89 12 86 4 8 125 18 117 19 116 24 92 3 14 99 16 139 28 106 3 18 196 19 167 29 183 3 14 66 18 67 25 61 2 16 88 27 92 3 13 161 14 155 17 202 3 8 119 9 156 22 116 3 11 1 13 2 17 2 3 11 55 21 43 26 55 3 24 134 26 189 28 189 2 26 155 28 188 2 15 156 28 184 3 6 126 14 124 30 124
35 1 27 93 3 5 104 7 146 12 113 3 1 176 5 189 27 215 3 2 208 12 172 28 150 3 7 220 8 155 20 211 3 2 103 3 102 21 109 1 27 71 3 11 2 13 2 17 1 2 4 121 19 165 4 5 33 10 34 14 33 24 39 3 2 109 3 106 21 118 2 6 18 8 20 2 8 85 27 64 2 11 81 15 91 3 5 140 9 129 10 187 2 10 129 14 113 3 12 123 23 142 30 110 3 1 210 5 209 27 208 2 29 25 30 26 3 2 203 12 150 28 196 2 10 173 11 176 2 8 89 12 86 4 8 125 18 117 19 116 24 92 3 14 99 16 139 28 106 3 18 196 19 167 29 183 3 14 66 18 67 25 61 2 16 88 27 92 3 13 161 14 155 17 202 3 8 119 9 156 22 116 3 11 1 13 2 17 2 3 11 55 21 43 26 55 3 24 134 26 189 28 189 2 26 155 28 188 2 15 156 28 184 3 6 126 14 124 30 124
35 1 27 95 3 5 117 7 107 12 110 3 1 158 5 157 27 203 3 2 190 12 181 28 193 3 7 220 8 207 20 181 3 2 109 3 133 21 134 1 27 75 3 11 1 13 1 17 1 2 4 145 19 146 4 5 43 10 31 14 31 24 42 3 2 130 3 101 21 92 2 6 24 8 18 2 8 71 27 78 2 11 72 15 66 3 5 150 9 145 10 145 2 10 120 14 126 3 12 107 23 123 30 137 3 1 193 5 205 27 193 2 29 24 30 25 3 2 161 12 182 28 166 2 10 136 11 192 2 8 72 12 92 4 8 101 18 105 19 97 24 119 3 14 126 16 110 28 107 3 18 140 19 156 29 178 3 14 61 18 52 25 66 2 16 94 27 90 3 13 164 14 195 17 153 3 8 125 9 150 22 145 3 11 2 13 1 17 1 3 11 56 21 53 26 55 3 24 146 26 137 28 187 2 26 185 28 187 2 15 149 28 156 3 6 137 14 112 30 116
35 1 27 95 3 5 117 7 107 12 110 3 1 158 5 157 27 203 3 2 190 12 181 28 193 3 7 220 8 207 20 181 3 2 109 3 133 21 134 1 27 75 3 11 1 13 1 17 1 2 4 145 19 146 4 5 43 10 31 14 31 24 42 3 2 130 3 101 21 92 2 6 24 8 18 2 8 71 27 78 2 11 72 15 66 3 5 150 9 145 10 145 2 10 120 14 126 3 12 107 23 123 30 137 3 1 193 5 205 27 193 2 29 24 30 25 3 2 161 12 182 28 166 2 10 136 11 192 2 8 72 12 92 4 8 101 18 105 19 97 24 119 3 14 126 16 110 28 107 3 18 140 19 156 29 178 3 14 61 18 52 25 66 2 16 94 27 90 3 13 164 14 195 17 153 3 8 125 9 150 22 145 3 11 2 13 1 17 1 3 11 56 21 53 26 55 3 24 146 26 137 28 187 2 26 185 28 187 2 15 149 28 156 3 6 137 14 112 30 116
35 3 1 167 5 215 27 174 2 16 83 27 73 3 2 206 12 208 28 202 3 5 125 7 130 12 115 4 8 103 18 125 19 92 24 118 3 11 1 13 1 17 2 4 8 107 18 122 19 120 24 90 3 2 107 3 92 21 125 3 7 188 8 165 20 203 2 4 120 19 129 3 5 121 7 110 12 108 3 14 128 16 94 28 122 3 13 145 14 157 17 157 3 5 105 7 129 12 119 4 5 43 10 33 14 38 24 39 2 6 19 8 19 2 10 120 14 122 2 8 67 27 72 3 5 189 9 175 10 185 2 10 199 11 142 2 15 210 28 191 2 8 85 12 80 3 12 119 23 107 30 153 3 8 136 9 126 22 120 2 11 91 15 88 3 18 192 19 167 29 202 3 24 173 26 200 28 137 3 11 48 21 51 26 49 3 24 182 26 146 28 188 3 14 64 18 60 25 63 2 10 143 14 123 2 26 165 28 219 1 27 86 2 29 33 30 24 3 6 129 14 105 30 109
35 3 1 167 5 215 27 174 2 16 83 27 73 3 2 206 12 208 28 202 3 5 125 7 130 12 115 4 8 103 18 125 19 92 24 118 3 11 1 13 1 17 2 4 8 107 18 122 19 120 24 90 3 2 107 3 92 21 125 3 7 188 8 165 20 203 2 4 120 19 129 3 5 121 7 110 12 108 3 14 128 16 94 28 122 3 13 145 14 157 17 157 3 5 105 7 129 12 119 4 5 43 10 33 14 38 24 39 2 6 19 8 19 2 10 120 14 122 2 8 67 27 72 3 5 189 9 175 10 185 2 10 199 11 142 2 15 210 28 191 2 8 85 12 80 3 12 119 23 107 30 153 3 8 136 9 126 22 120 2 11 91 15 88 3 18 192 19 167 29 202 3 24 173 26 200 28 137 3 11 48 21 51 26 49 3 24 182 26 146 28 188 3 14 64 18 60 25 63 2 10 143 14 123 2 26 165 28 219 1 27 86 2 29 33 30 24 3 6 129 14 105 30 109
35 3 1 167 5 215 27 174 2 16 83 27 73 3 2 206 12 208 28 202 3 5 125 7 130 12 115 4 8 103 18 125 19 92 24 118 3 11 1 13 1 17 2 4 8 107 18 122 19 120 24 90 3 2 107 3 92 21 125 3 7 188 8 165 20 203 2 4 120 19 129 3 5 121 7 110 12 108 3 14 128 16 94 28 122 3 13 145 14 157 17 157 3 5 105 7 129 12 119 4 5 43 10 33 14 38 24 39 2 6 19 8 19 2 10 120 14 122 2 8 67 27 72 3 5 189 9 175 10 185 2 10 199 11 142 2 15 210 28 191 2 8 85 12 80 3 12 119 23 107 30 153 3 8 136 9 126 22 120 2 11 91 15 88 3 18 192 19 167 29 202 3 24 173 26 200 28 137 3 11 48 21 51 26 49 3 24 182 26 146 28 188 3 14 64 18 60 25 63 2 10 143 14 123 2 26 165 28 219 1 27 86 2 29 33 30 24 3 6 129 14 105 30 109
33 3 1 172 5 161 27 178 3 2 175 12 182 28 177 3 2 90 3 134 21 105 2 4 163 19 147 4 5 28 10 31 14 39 24 36 2 6 19 8 23 3 5 123 7 141 12 106 2 10 169 11 202 2 8 58 27 65 3 5 138 9 151 10 152 2 10 125 14 136 3 13 154 14 157 17 194 2 8 79 12 84 3 24 148 26 197 28 150 3 2 203 12 219 28 205 3 11 1 13 1 17 1 3 14 125 16 106 28 109 2 29 26 30 22 3 11 54 21 44 26 42 3 7 203 8 194 20 203 2 11 70 15 83 2 16 72 27 77 3 18 158 19 142 29 148 3 24 162 26 199 28 185 4 8 127 18 91 19 96 24 107 3 8 154 9 149 22 114 3 12 123 23 151 30 132 3 14 52 18 65 25 47 3 2 183 12 167 28 188 1 27 79 2 26 195 28 199 3 6 108 14 119 30 117 2 15 208 28 165
32 3 1 210 5 184 27 210 3 2 193 12 177 28 156 3 14 55 18 54 25 56 3 2 100 3 96 21 115 2 4 151 19 134 3 18 147 19 176 29 174 4 5 29 10 34 14 42 24 36 2 8 68 27 73 1 27 82 2 4 168 19 139 4 8 108 18 104 19 107 24 126 2 6 17 8 16 3 5 133 7 139 12 141 3 5 174 9 142 10 168 2 10 104 14 143 3 12 111 23 146 30 139 2 11 95 15 68 2 10 190 11 184 3 5 133 9 169 10 179 3 6 99 14 96 30 113 2 8 75 12 98 3 11 1 13 2 17 2 3 14 124 16 105 28 128 3 7 179 8 221 20 221 2 16 80 27 85 3 13 190 14 188 17 149 3 11 57 21 47 26 47 3 8 141 9 124 22 150 2 29 23 30 32 3 24 153 26 142 28 181 2 26 193 28 211 2 15 171 28 187
32 3 1 210 5 184 27 210 3 2 193 12 177 28 156 3 14 55 18 54 25 56 3 2 100 3 96 21 115 2 4 151 19 134 3 18 147 19 176 29 174 4 5 29 10 34 14 42 24 36 2 8 68 27 73 1 27 82 2 4 168 19 139 4 8 108 18 104 19 107 24 126 2 6 17 8 16 3 5 133 7 139 12 141 3 5 174 9 142 10 168 2 10 104 14 143 3 12 111 23 146 30 139 2 11 95 15 68 2 10 190 11 184 3 5 133 9 169 10 179 3 6 99 14 96 30 113 2 8 75 12 98 3 11 1 13 2 17 2 3 14 124 16 105 28 128 3 7 179 8 221 20 221 2 16 80 27 85 3 13 190 14 188 17 149 3 11 57 21 47 26 47 3 8 141 9 124 22 150 2 29 23 30 32 3 24 153 26 142 28 181 2 26 193 28 211 2 15 171 28 187
32 3 1 210 5 184 27 210 3 2 193 12 177 28 156 3 14 55 18 54 25 56 3 2 100 3 96 21 115 2 4 151 19 134 3 18 147 19 176 29 174 4 5 29 10 34 14 42 24 36 2 8 68 27 73 1 27 82 2 4 168 19 139 4 8 108 18 104 19 107 24 126 2 6 17 8 16 3 5 133 7 139 12 141 3 5 174 9 142 10 168 2 10 104 14 143 3 12 111 23 146 30 139 2 11 95 15 68 2 10 190 11 184 3 5 133 9 169 10 179 3 6 99 14 96 30 113 2 8 75 12 98 3 11 1 13 2 17 2 3 14 124 16 105 28 128 3 7 179 8 221 20 221 2 16 80 27 85 3 13 190 14 188 17 149 3 11 57 21 47 26 47 3 8 141 9 124 22 150 2 29 23 30 32 3 24 153 26 142 28 181 2 26 193 28 211 2 15 171 28 187
32 3 1 189 5 200 27 210 3 2 212 12 166 28 189 3 14 61 18 51 25 66 3 2 117 3 101 21 90 2 4 136 19 170 3 18 140 19 201 29 171 4 5 33 10 35 14 36 24 41 2 8 84 27 59 1 27 92 2 4 135 19 115 4 8 103 18 92 19 108 24 111 2 6 22 8 21 3 5 108 7 134 12 109 3 5 153 9 182 10 137 2 10 123 14 138 3 12 140 23 108 30 127 2 11 82 15 83 2 10 159 11 159 3 5 166 9 134 10 137 3 6 127 14 140 30 126 2 8 75 12 84 3 11 2 13 2 17 2 3 14 106 16 118 28 132 3 7 181 8 218 20 196 2 16 69 27 74 3 13 200 14 150 17 154 3 11 53 21 51 26 38 3 8 143 9 157 22 118 2 29 28 30 25 3 24 195 26 173 28 181 2 26 183 28 185 2 15 153 28 188
32 3 1 153 5 205 27 209 3 2 201 12 151 28 196 3 14 58 18 65 25 60 3 2 97 3 119 21 112 2 4 166 19 128 3 18 198 19 137 29 144 4 5 32 10 33 14 37 24 41 2 8 58 27 59 1 27 99 2 4 165 19 150 4 8 126 18 121 19 124 24 133 2 6 17 8 19 3 5 109 7 122 12 139 3 5 164 9 146 10 142 2 10 121 14 115 3 12 130 23 151 30 110 2 11 83 15 77 2 10 176 11 182 3 5 185 9 183 10 179 3 6 133 14 110 30 121 2 8 70 12 77 3 11 2 13 2 17 1 3 14 107 16 128 28 123 3 7 216 8 181 20 197 2 16 73 27 91 3 13 177 14 181 17 162 3 11 41 21 56 26 54 3 8 157 9 157 22 146 2 29 25 30 22 3 24 171 26 159 28 143 2 26 206 28 189 2 15 177 28 194
32 3 1 153 5 205 27 209 3 2 201 12 151 28 196 3 14 58 18 65 25 60 3 2 97 3 119 21 112 2 4 166 19 128 3 18 198 19 137 29 144 4 5 32 10 33 14 37 24 41 2 8 58 27 59 1 27 99 2 4 165 19 150 4 8 126 18 121 19 124 24 133 2 6 17 8 19 3 5 109 7 122 12 139 3 5 164 9 146 10 142 2 10 121 14 115 3 12 130 23 151 30 110 2 11 83 15 77 2 10 176 11 182 3 5 185 9 183 10 179 3 6 133 14 110 30 121 2 8 70 12 77 3 11 2 13 2 17 1 3 14 107 16 128 28 123 3 7 216 8 181 20 197 2 16 73 27 91 3 13 177 14 181 17 162 3 11 41 21 56 26 54 3 8 157 9 157 22 146 2 29 25 30 22 3 24 171 26 159 28 143 2 26 206 28 189 2 15 177 28 194
32 3 1 153 5 205 27 209 3 2 201 12 151 28 196 3 14 58 18 65 25 60 3 2 97 3 119 21 112 2 4 166 19 128 3 18 198 19 137 29 144 4 5 32 10 33 14 37 24 41 2 8 58 27 59 1 27 99 2 4 165 19 150 4 8 126 18 121 19 124 24 133 2 6 17 8 19 3 5 109 7 122 12 139 3 5 164 9 146 10 142 2 10 121 14 115 3 12 130 23 151 30 110 2 11 83 15 77 2 10 176 11 182 3 5 185 9 183 10 179 3 6 133 14 110 30 121 2 8 70 12 77 3 11 2 13 2 17 1 3 14 107 16 128 28 123 3 7 216 8 181 20 197 2 16 73 27 91 3 13 177 14 181 17 162 3 11 41 21 56 26 54 3 8 157 9 157 22 146 2 29 25 30 22 3 24 171 26 159 28 143 2 26 206 28 189 2 15 177 28 194
32 3 1 153 5 205 27 209 3 2 201 12 151 28 196 3 14 58 18 65 25 60 3 2 97 3 119 21 112 2 4 166 19 128 3 18 198 19 137 29 144 4 5 32 10 33 14 37 24 41 2 8 58 27 59 1 27 99 2 4 165 19 150 4 8 126 18 121 19 124 24 133 2 6 17 8 19 3 5 109 7 122 12 139 3 5 164 9 146 10 142 2 10 121 14 115 3 12 130 23 151 30 110 2 11 83 15 77 2 10 176 11 182 3 5 185 9 183 10 179 3 6 133 14 110 30 121 2 8 70 12 77 3 11 2 13 2 17 1 3 14 107 16 128 28 123 3 7 216 8 181 20 197 2 16 73 27 91 3 13 177 14 181 17 162 3 11 41 21 56 26 54 3 8 157 9 157 22 146 2 29 25 30 22 3 24 171 26 159 28 143 2 26 206 28 189 2 15 177 28 194
38 3 1 150 5 168 27 199 3 11 2 13 2 17 1 3 1 167 5 211 27 182 3 2 169 12 212 28 153 3 2 95 3 90 21 115 2 10 180 11 187 3 11 51 21 48 26 45 2 4 162 19 165 2 11 86 15 89 3 13 200 14 212 17 165 4 5 36 10 39 14 33 24 29 3 1 195 5 199 27 179 2 15 150 28 207 2 8 81 27 75 2 6 19 8 20 3 5 130 7 123 12 120 2 10 139 14 107 2 6 21 8 24 3 5 188 9 169 10 190 2 8 95 12 78 4 8 104 18 91 19 104 24 114 3 13 206 14 159 17 197 3 14 98 16 106 28 128 2 15 199 28 191 2 16 84 27 88 2 8 85 12 83 3 18 143 19 173 29 144 3 7 208 8 158 20 196 3 8 147 9 168 22 129 3 12 137 23 123 30 130 2 29 28 30 31 3 13 175 14 202 17 184 3 24 167 26 173 28 179 3 14 66 18 52 25 61 2 15 153 28 196 2 26 160 28 207 1 27 95 3 6 116 14 105 30 132
31 3 1 151 5 208 27 186 3 2 188 12 191 28 187 3 2 121 3 132 21 103 2 4 128 19 139 4 5 34 10 29 14 36 24 36 2 6 18 8 18 3 5 135 7 119 12 143 3 13 172 14 188 17 184 2 6 20 8 21 2 10 151 14 145 2 8 77 27 57 3 5 191 9 128 10 177 3 14 52 18 62 25 49 2 10 188 11 145 3 24 176 26 197 28 199 3 14 94 16 108 28 114 2 8 79 12 84 3 6 112 14 128 30 98 3 11 1 13 1 17 1 2 29 32 30 28 2 11 71 15 73 3 12 128 23 118 30 108 2 16 79 27 73 3 18 154 19 136 29 190 2 26 182 28 187 4 8 122 18 117 19 102 24 117 3 7 201 8 200 20 166 3 11 56 21 48 26 53 3 8 154 9 117 22 114 1 27 97 2 15 188 28 161
35 3 8 125 9 144 22 160 2 10 172 11 163 3 8 122 9 151 22 141 3 1 164 5 165 27 192 3 2 204 12 223 28 158 3 11 1 13 2 17 1 2 11 93 15 69 3 6 128 14 127 30 141 3 2 129 3 133 21 131 2 15 204 28 169 2 8 71 12 68 2 4 139 19 151 4 5 29 10 39 14 29 24 35 2 6 19 8 20 3 14 67 18 60 25 67 2 26 219 28 204 3 5 112 7 134 12 108 2 15 191 28 174 2 8 62 27 71 3 5 192 9 133 10 179 2 15 180 28 151 2 10 120 14 126 3 14 137 16 102 28 101 2 16 74 27 79 3 13 211 14 170 17 168 3 18 148 19 191 29 184 3 7 194 8 154 20 212 2 29 26 30 32 4 8 100 18 128 19 110 24 116 2 8 95 12 87 3 11 53 21 47 26 43 3 13 183 14 183 17 179 3 24 153 26 184 28 168 3 12 131 23 116 30 146 1 27 72
35 3 8 126 9 130 22 136 2 10 187 11 187 3 8 157 9 155 22 150 3 1 210 5 192 27 179 3 2 208 12 199 28 200 3 11 2 13 1 17 1 2 11 66 15 74 3 6 124 14 104 30 118 3 2 108 3 105 21 118 2 15 178 28 145 2 8 78 12 68 2 4 125 19 114 4 5 43 10 42 14 42 24 41 2 6 22 8 22 3 14 46 18 50 25 47 2 26 171 28 211 3 5 144 7 100 12 103 2 15 170 28 209 2 8 81 27 71 3 5 163 9 148 10 167 2 15 148 28 155 2 10 135 14 138 3 14 110 16 138 28 134 2 16 91 27 83 3 13 162 14 156 17 155 3 18 146 19 172 29 192 3 7 149 8 194 20 217 2 29 25 30 32 4 8 89 18 131 19 125 24 106 2 8 67 12 95 3 11 49 21 39 26 38 3 13 177 14 146 17 193 3 24 170 26 134 28 149 3 12 146 23 154 30 127 1 27 99
35 3 8 126 9 130 22 136 2 10 187 11 187 3 8 157 9 155 22 150 3 1 210 5 192 27 179 3 2 208 12 199 28 200 3 11 2 13 1 17 1 2 11 66 15 74 3 6 124 14 104 30 118 3 2 108 3 105 21 118 2 15 178 28 145 2 8 78 12 68 2 4 125 19 114 4 5 43 10 42 14 42 24 41 2 6 22 8 22 3 14 46 18 50 25 47 2 26 171 28 211 3 5 144 7 100 12 103 2 15 170 28 209 2 8 81 27 71 3 5 163 9 148 10 167 2 15 148 28 155 2 10 135 14 138 3 14 110 16 138 28 134 2 16 91 27 83 3 13 162 14 156 17 155 3 18 146 19 172 29 192 3 7 149 8 194 20 217 2 29 25 30 32 4 8 89 18 131 19 125 24 106 2 8 67 12 95 3 11 49 21 39 26 38 3 13 177 14 146 17 193 3 24 170 26 134 28 149 3 12 146 23 154 30 127 1 27 99
34 3 2 135 3 110 21 105 3 1 162 5 172 27 172 3 2 200 12 161 28 152 2 4 127 19 140 4 5 29 10 31 14 39 24 39 1 27 74 2 6 19 8 17 3 5 118 7 135 12 107 2 8 75 27 76 3 11 2 13 2 17 2 2 4 125 19 157 3 5 167 9 180 10 184 1 27 74 2 10 152 14 133 2 10 161 11 140 2 4 131 19 115 2 8 85 12 70 3 14 95 16 125 28 138 4 8 107 18 111 19 121 24 99 2 11 83 15 83 2 16 74 27 95 3 13 190 14 208 17 148 3 18 157 19 146 29 156 2 8 77 12 94 3 7 211 8 186 20 166 2 26 195 28 168 3 8 124 9 139 22 136 3 11 56 21 48 26 55 3 14 61 18 53 25 61 3 12 141 23 144 30 126 3 24 186 26 145 28 157 2 29 26 30 22 3 6 112 14 109 30 121 2 15 191 28 192
31 3 1 204 5 204 27 201 3 2 197 12 181 28 208 3 2 118 3 123 21 102 2 4 126 19 133 4 5 34 10 35 14 37 24 35 2 6 20 8 22 3 5 119 7 132 12 142 3 13 168 14 145 17 191 2 6 20 8 23 2 10 114 14 110 2 8 78 27 68 3 5 177 9 174 10 186 3 14 57 18 53 25 49 2 10 140 11 185 3 24 159 26 197 28 158 3 14 116 16 136 28 96 2 8 91 12 91 3 6 131 14 102 30 106 3 11 2 13 2 17 2 2 29 22 30 23 2 11 97 15 74 3 12 146 23 156 30 155 2 16 93 27 86 3 18 137 19 147 29 191 2 26 198 28 190 4 8 114 18 132 19 123 24 102 3 7 214 8 167 20 162 3 11 53 21 40 26 53 3 8 131 9 136 22 151 1 27 67 2 15 202 28 188
37 3 1 214 5 189 27 200 3 2 206 12 177 28 167 2 10 172 11 202 2 29 33 30 24 3 2 106 3 105 21 130 4 5 39 10 36 14 37 24 37 2 4 137 19 131 2 6 21 8 23 3 5 172 9 164 10 175 3 1 159 5 171 27 204 3 14 106 16 136 28 111 3 12 128 23 140 30 129 3 5 115 7 124 12 100 3 8 126 9 160 22 163 3 11 1 13 1 17 1 3 2 102 3 111 21 120 2 8 63 27 74 3 13 154 14 165 17 177 2 10 152 14 110 3 2 179 12 183 28 170 2 8 94 12 85 3 7 181 8 182 20 200 3 5 191 9 182 10 188 2 11 82 15 88 2 16 93 27 91 3 14 134 16 95 28 108 3 14 57 18 52 25 46 3 7 176 8 151 20 215 3 18 147 19 193 29 172 4 8 110 18 125 19 113 24 91 2 15 157 28 180 3 11 45 21 43 26 51 3 24 198 26 177 28 155 2 26 166 28 204 1 27 78 2 10 148 11 160 3 6 99 14 125 30 141
37 3 1 214 5 189 27 200 3 2 206 12 177 28 167 2 10 172 11 202 2 29 33 30 24 3 2 106 3 105 21 130 4 5 39 10 36 14 37 24 37 2 4 137 19 131 2 6 21 8 23 3 5 172 9 164 10 175 3 1 159 5 171 27 204 3 14 106 16 136 28 111 3 12 128 23 140 30 129 3 5 115 7 124 12 100 3 8 126 9 160 22 163 3 11 1 13 1 17 1 3 2 102 3 111 21 120 2 8 63 27 74 3 13 154 14 165 17 177 2 10 152 14 110 3 2 179 12 183 28 170 2 8 94 12 85 3 7 181 8 182 20 200 3 5 191 9 182 10 188 2 11 82 15 88 2 16 93 27 91 3 14 134 16 95 28 108 3 14 57 18 52 25 46 3 7 176 8 151 20 215 3 18 147 19 193 29 172 4 8 110 18 125 19 113 24 91 2 15 157 28 180 3 11 45 21 43 26 51 3 24 198 26 177 28 155 2 26 166 28 204 1 27 78 2 10 148 11 160 3 6 99 14 125 30 141
34 3 2 91 3 116 21 105 3 1 213 5 162 27 195 3 2 159 12 213 28 193 2 4 160 19 163 4 5 42 10 32 14 32 24 33 1 27 73 2 6 23 8 23 3 5 134 7 103 12 118 2 8 80 27 76 3 11 1 13 2 17 2 2 4 116 19 160 3 5 160 9 153 10 140 1 27 95 2 10 113 14 124 2 10 136 11 187 2 4 142 19 155 2 8 97 12 85 3 14 134 16 120 28 114 4 8 110 18 100 19 105 24 134 2 11 89 15 82 2 16 66 27 95 3 13 153 14 160 17 196 3 18 171 19 174 29 161 2 8 89 12 74 3 7 198 8 165 20 210 2 26 202 28 189 3 8 161 9 137 22 148 3 11 54 21 46 26 57 3 14 50 18 56 25 60 3 12 118 23 131 30 128 3 24 168 26 141 28 184 2 29 29 30 24 3 6 135 14 108 30 120 2 15 179 28 159
34 3 2 91 3 116 21 105 3 1 213 5 162 27 195 3 2 159 12 213 28 193 2 4 160 19 163 4 5 42 10 32 14 32 24 33 1 27 73 2 6 23 8 23 3 5 134 7 103 12 118 2 8 80 27 76 3 11 1 13 2 17 2 2 4 116 19 160 3 5 160 9 153 10 140 1 27 95 2 10 113 14 124 2 10 136 11 187 2 4 142 19 155 2 8 97 12 85 3 14 134 16 120 28 114 4 8 110 18 100 19 105 24 134 2 11 89 15 82 2 16 66 27 95 3 13 153 14 160 17 196 3 18 171 19 174 29 161 2 8 89 12 74 3 7 198 8 165 20 210 2 26 202 28 189 3 8 161 9 137 22 148 3 11 54 21 46 26 57 3 14 50 18 56 25 60 3 12 118 23 131 30 128 3 24 168 26 141 28 184 2 29 29 30 24 3 6 135 14 108 30 120 2 15 179 28 159
35 1 27 74 3 5 138 7 106 12 119 3 1 151 5 187 27 179 3 2 172 12 192 28 184 3 7 173 8 208 20 166 3 2 132 3 100 21 116 1 27 74 3 11 2 13 1 17 1 2 4 152 19 166 4 5 40 10 41 14 36 24 38 3 2 96 3 114 21 103 2 6 21 8 18 2 8 70 27 69 2 11 66 15 66 3 5 163 9 145 10 134 2 10 135 14 121 3 12 109 23 116 30 131 3 1 195 5 174 27 184 2 29 24 30 25 3 2 170 12 202 28 188 2 10 156 11 166 2 8 93 12 91 4 8 118 18 105 19 104 24 107 3 14 121 16 138 28 126 3 18 147 19 187 29 142 3 14 54 18 56 25 57 2 16 87 27 77 3 13 178 14 196 17 153 3 8 128 9 145 22 154 3 11 1 13 1 17 2 3 11 41 21 41 26 40 3 24 181 26 152 28 166 2 26 183 28 163 2 15 200 28 171 3 6 116 14 110 30 136
35 1 27 74 3 5 138 7 106 12 119 3 1 151 5 187 27 179 3 2 172 12 192 28 184 3 7 173 8 208 20 166 3 2 132 3 100 21 116 1 27 74 3 11 2 13 1 17 1 2 4 152 19 166 4 5 40 10 41 14 36 24 38 3 2 96 3 114 21 103 2 6 21 8 18 2 8 70 27 69 2 11 66 15 66 3 5 163 9 145 10 134 2 10 135 14 121 3 12 109 23 116 30 131 3 1 195 5 174 27 184 2 29 24 30 25 3 2 170 12 202 28 188 2 10 156 11 166 2 8 93 12 91 4 8 118 18 105 19 104 24 107 3 14 121 16 138 28 126 3 18 147 19 187 29 142 3 14 54 18 56 25 57 2 16 87 27 77 3 13 178 14 196 17 153 3 8 128 9 145 22 154 3 11 1 13 1 17 2 3 11 41 21 41 26 40 3 24 181 26 152 28 166 2 26 183 28 163 2 15 200 28 171 3 6 116 14 110 30 136
35 1 27 74 3 5 138 7 106 12 119 3 1 151 5 187 27 179 3 2 172 12 192 28 184 3 7 173 8 208 20 166 3 2 132 3 100 21 116 1 27 74 3 11 2 13 1 17 1 2 4 152 19 166 4 5 40 10 41 14 36 24 38 3 2 96 3 114 21 103 2 6 21 8 18 2 8 70 27 69 2 11 66 15 66 3 5 163 9 145 10 134 2 10 135 14 121 3 12 109 23 116 30 131 3 1 195 5 174 27 184 2 29 24 30 25 3 2 170 12 202 28 188 2 10 156 11 166 2 8 93 12 91 4 8 118 18 105 19 104 24 107 3 14 121 16 138 28 126 3 18 147 19 187 29 142 3 14 54 18 56 25 57 2 16 87 27 77 3 13 178 14 196 17 153 3 8 128 9 145 22 154 3 11 1 13 1 17 2 3 11 41 21 41 26 40 3 24 181 26 152 28 166 2 26 183 28 163 2 15 200 28 171 3 6 116 14 110 30 136
33 3 1 186 5 210 27 163 3 2 203 12 219 28 196 3 2 135 3 130 21 103 2 4 152 19 167 4 5 33 10 32 14 31 24 30 2 6 18 8 18 3 5 99 7 136 12 132 2 10 195 11 180 2 8 80 27 81 3 5 169 9 160 10 157 2 10 150 14 122 3 13 154 14 187 17 186 2 8 78 12 73 3 24 163 26 149 28 140 3 2 187 12 169 28 182 3 11 1 13 2 17 1 3 14 101 16 114 28 109 2 29 24 30 24 3 11 51 21 43 26 50 3 7 202 8 187 20 159 2 11 94 15 76 2 16 81 27 84 3 18 199 19 198 29 145 3 24 167 26 191 28 179 4 8 131 18 110 19 103 24 109 3 8 161 9 128 22 118 3 12 129 23 148 30 139 3 14 59 18 64 25 46 3 2 191 12 203 28 158 1 27 88 2 26 185 28 168 3 6 100 14 121 30 98 2 15 185 28 198
35 1 27 94 3 5 130 7 105 12 139 3 1 197 5 212 27 164 3 2 205 12 172 28 196 3 7 168 8 192 20 154 3 2 92 3 126 21 120 1 27 84 3 11 2 13 1 17 2 2 4 119 19 160 4 5 40 10 29 14 28 24 41 3 2 116 3 131 21 94 2 6 17 8 17 2 8 69 27 73 2 11 94 15 82 3 5 160 9 141 10 139 2 10 151 14 136 3 12 136 23 110 30 151 3 1 204 5 179 27 176 2 29 23 30 22 3 2 206 12 182 28 186 2 10 151 11 193 2 8 99 12 73 4 8 96 18 104 19 130 24 105 3 14 134 16 108 28 95 3 18 175 19 167 29 150 3 14 60 18 67 25 57 2 16 69 27 72 3 13 194 14 186 17 188 3 8 122 9 151 22 139 3 11 2 13 2 17 1 3 11 41 21 46 26 53 3 24 181 26 135 28 153 2 26 182 28 173 2 15 204 28 211 3 6 103 14 99 30 111
34 3 2 118 3 108 21 125 3 1 181 5 163 27 170 3 2 194 12 222 28 189 2 4 130 19 119 4 5 37 10 41 14 39 24 34 1 27 99 2 6 19 8 16 3 5 111 7 113 12 113 2 8 72 27 57 3 11 2 13 2 17 1 2 4 168 19 118 3 5 188 9 189 10 153 1 27 74 2 10 130 14 134 2 10 185 11 196 2 4 129 19 120 2 8 95 12 99 3 14 126 16 120 28 109 4 8 101 18 100 19 114 24 124 2 11 89 15 68 2 16 93 27 65 3 13 154 14 152 17 165 3 18 183 19 143 29 145 2 8 85 12 96 3 7 194 8 150 20 211 2 26 168 28 175 3 8 144 9 145 22 113 3 11 44 21 48 26 56 3 14 51 18 57 25 67 3 12 136 23 132 30 119 3 24 188 26 184 28 175 2 29 23 30 23 3 6 132 14 124 30 125 2 15 202 28 178
DUE_DATES: 6375 6860 7772 7635 7635 7455 7101 7101 7101 7101 7720 7720 6988 6988 6496 6496 5882 6686 6686 6536 6536 6838 6838 6838 6585 6304 6304 6304 6195 6333 6333 6333 6333 7839 5761 7057 6931 6931 6357 5836 7608 7608 6501 6501 6527 6527 6527 6713 6676 6465
WEIGHTS: 2 3 1 1 2 3 1 3 1 3 2 2 3 3 3 2 3 3 2 3 3 3 3 3 2 1 3 2 1 3 3 2 3 3 1 3 3 1 3 1 1 2 2 2 3 3 1 2 2 2
