50 30
36 2 23 129 27 112 2 1 145 27 162 2 2 175 19 199 2 1 138 27 183 3 3 112 5 127 8 161 2 4 64 18 72 3 5 16 12 19 26 16 2 6 122 20 96 2 7 99 19 100 2 8 52 28 51 2 2 151 19 218 2 10 72 29 56 3 17 124 28 94 29 115 2 2 179 19 219 2 9 18 13 18 3 6 143 10 156 17 142 2 7 184 22 193 4 7 91 8 82 15 96 28 81 2 9 110 26 131 2 6 98 20 112 2 11 134 21 176 2 12 149 27 122 1 21 37 2 13 55 22 59 2 1 140 23 141 2 11 157 30 170 4 7 86 8 66 15 86 28 77 2 19 61 29 61 3 14 61 18 53 19 60 2 16 67 23 68 2 3 154 17 157 2 18 142 20 118 4 7 71 8 66 15 69 28 89 3 20 26 25 25 26 23 2 18 66 24 53 3 8 91 18 64 25 90
38 2 1 160 27 183 2 7 185 22 173 2 11 130 30 122 2 2 212 19 211 2 7 181 22 156 2 9 17 13 19 2 2 165 19 220 3 3 156 5 132 8 141 4 7 87 8 86 15 86 28 87 2 4 64 18 61 3 5 22 12 21 26 18 2 6 116 20 97 2 9 17 13 14 1 21 49 3 5 20 12 20 26 17 2 7 124 19 107 2 8 46 28 47 3 5 16 12 17 26 21 3 6 168 10 168 17 198 2 11 141 21 188 2 2 202 19 159 2 13 52 22 66 2 12 150 27 109 3 14 47 18 63 19 60 2 16 56 23 67 2 18 59 24 45 2 3 120 17 126 2 9 120 26 123 2 18 147 20 144 2 19 84 29 60 3 20 29 25 24 26 30 2 12 119 27 150 2 1 147 23 128 3 8 70 18 74 25 93 2 23 121 27 129 2 7 152 22 172 3 17 97 28 90 29 91 2 10 82 29 76
38 2 1 160 27 183 2 7 185 22 173 2 11 130 30 122 2 2 212 19 211 2 7 181 22 156 2 9 17 13 19 2 2 165 19 220 3 3 156 5 132 8 141 4 7 87 8 86 15 86 28 87 2 4 64 18 61 3 5 22 12 21 26 18 2 6 116 20 97 2 9 17 13 14 1 21 49 3 5 20 12 20 26 17 2 7 124 19 107 2 8 46 28 47 3 5 16 12 17 26 21 3 6 168 10 168 17 198 2 11 141 21 188 2 2 202 19 159 2 13 52 22 66 2 12 150 27 109 3 14 47 18 63 19 60 2 16 56 23 67 2 18 59 24 45 2 3 120 17 126 2 9 120 26 123 2 18 147 20 144 2 19 84 29 60 3 20 29 25 24 26 30 2 12 119 27 150 2 1 147 23 128 3 8 70 18 74 25 93 2 23 121 27 129 2 7 152 22 172 3 17 97 28 90 29 91 2 10 82 29 76
38 2 1 160 27 183 2 7 185 22 173 2 11 130 30 122 2 2 212 19 211 2 7 181 22 156 2 9 17 13 19 2 2 165 19 220 3 3 156 5 132 8 141 4 7 87 8 86 15 86 28 87 2 4 64 18 61 3 5 22 12 21 26 18 2 6 116 20 97 2 9 17 13 14 1 21 49 3 5 20 12 20 26 17 2 7 124 19 107 2 8 46 28 47 3 5 16 12 17 26 21 3 6 168 10 168 17 198 2 11 141 21 188 2 2 202 19 159 2 13 52 22 66 2 12 150 27 109 3 14 47 18 63 19 60 2 16 56 23 67 2 18 59 24 45 2 3 120 17 126 2 9 120 26 123 2 18 147 20 144 2 19 84 29 60 3 20 29 25 24 26 30 2 12 119 27 150 2 1 147 23 128 3 8 70 18 74 25 93 2 23 121 27 129 2 7 152 22 172 3 17 97 28 90 29 91 2 10 82 29 76
37 2 8 64 28 47 2 1 195 27 185 2 10 72 29 80 2 1 170 27 144 2 2 168 19 151 3 3 127 5 128 8 116 2 8 61 28 49 2 4 64 18 73 3 3 165 5 114 8 124 3 5 22 12 19 26 20 2 1 203 27 175 2 6 129 20 98 2 13 61 22 63 2 7 96 19 111 2 9 16 13 14 3 5 23 12 19 26 22 3 6 156 10 150 17 142 2 11 185 21 168 2 12 137 27 104 3 14 56 18 60 19 57 3 5 22 12 20 26 18 4 7 95 8 73 15 90 28 91 2 16 68 23 56 2 3 136 17 153 4 7 87 8 73 15 67 28 91 3 8 72 18 87 25 82 2 18 106 20 106 2 19 68 29 69 3 20 29 25 30 26 21 2 7 151 22 161 1 21 46 2 1 138 23 134 2 18 53 24 61 2 9 97 26 120 2 23 112 27 93 2 11 157 30 158 3 17 100 28 89 29 121
36 2 7 108 19 107 2 1 145 27 144 2 2 215 19 208 1 21 46 2 6 133 20 125 3 3 116 5 160 8 137 3 14 48 18 62 19 50 2 7 106 19 98 2 13 73 22 55 2 4 67 18 72 3 5 17 12 17 26 20 4 7 76 8 94 15 75 28 95 2 4 69 18 62 2 8 50 28 53 2 9 13 13 20 3 6 203 10 147 17 170 2 23 123 27 93 2 11 164 21 173 2 12 116 27 140 2 16 63 23 50 2 11 178 21 163 2 3 160 17 120 2 18 109 20 114 2 19 73 29 75 2 1 145 23 165 3 20 27 25 29 26 22 2 10 59 29 68 2 7 182 22 165 2 11 181 21 159 2 18 49 24 46 3 8 64 18 93 25 63 2 11 186 21 183 2 9 115 26 119 2 12 136 27 131 3 17 94 28 123 29 114 2 11 160 30 121
32 2 1 199 27 159 3 20 23 25 25 26 30 3 14 65 18 50 19 46 2 2 177 19 185 3 3 120 5 118 8 143 2 4 62 18 52 3 5 16 12 19 26 20 2 9 19 13 18 2 6 106 20 109 2 13 60 22 64 2 7 101 19 124 2 23 119 27 94 1 21 51 2 8 48 28 46 3 6 199 10 146 17 174 2 11 145 21 177 2 16 70 23 48 2 18 63 24 53 2 12 102 27 126 2 18 111 20 113 3 17 100 28 101 29 126 2 7 130 19 123 4 7 71 8 91 15 83 28 91 2 7 125 19 134 2 3 113 17 146 2 19 60 29 81 2 11 148 30 133 2 7 151 22 137 2 1 147 23 129 2 9 106 26 130 3 8 77 18 68 25 94 2 10 65 29 56
38 2 18 63 24 50 2 1 183 27 202 3 8 87 18 94 25 72 2 18 65 24 64 2 8 65 28 56 2 2 192 19 196 3 3 126 5 133 8 141 2 4 67 18 70 2 1 156 27 191 3 5 18 12 23 26 17 2 6 102 20 128 2 7 100 19 100 3 8 65 18 86 25 85 2 9 19 13 14 3 6 176 10 142 17 201 2 11 174 21 136 2 16 66 23 68 2 12 146 27 138 2 13 65 22 75 2 18 107 20 112 2 7 155 22 174 3 14 61 18 46 19 59 2 19 63 29 78 3 14 67 18 61 19 65 3 20 26 25 27 26 26 4 7 70 8 77 15 94 28 68 2 3 128 17 135 1 21 49 4 7 67 8 82 15 95 28 83 2 23 100 27 135 3 14 65 18 56 19 54 2 1 121 23 157 2 9 119 26 114 3 17 95 28 90 29 112 2 1 170 27 202 2 10 56 29 66 2 1 176 27 179 2 11 153 30 125
32 2 1 166 27 204 3 20 26 25 22 26 24 3 14 64 18 66 19 55 2 2 152 19 200 3 3 153 5 138 8 120 2 4 59 18 52 3 5 22 12 22 26 18 2 9 19 13 17 2 6 131 20 124 2 13 51 22 70 2 7 124 19 114 2 23 131 27 135 1 21 35 2 8 63 28 44 3 6 143 10 155 17 147 2 11 165 21 179 2 16 51 23 68 2 18 62 24 52 2 12 120 27 143 2 18 142 20 129 3 17 104 28 111 29 113 2 7 114 19 125 4 7 80 8 89 15 91 28 75 2 7 120 19 127 2 3 130 17 166 2 19 74 29 74 2 11 150 30 160 2 7 145 22 166 2 1 170 23 179 2 9 96 26 108 3 8 92 18 69 25 94 2 10 68 29 55
32 2 1 166 27 204 3 20 26 25 22 26 24 3 14 64 18 66 19 55 2 2 152 19 200 3 3 153 5 138 8 120 2 4 59 18 52 3 5 22 12 22 26 18 2 9 19 13 17 2 6 131 20 124 2 13 51 22 70 2 7 124 19 114 2 23 131 27 135 1 21 35 2 8 63 28 44 3 6 143 10 155 17 147 2 11 165 21 179 2 16 51 23 68 2 18 62 24 52 2 12 120 27 143 2 18 142 20 129 3 17 104 28 111 29 113 2 7 114 19 125 4 7 80 8 89 15 91 28 75 2 7 120 19 127 2 3 130 17 166 2 19 74 29 74 2 11 150 30 160 2 7 145 22 166 2 1 170 23 179 2 9 96 26 108 3 8 92 18 69 25 94 2 10 68 29 55
38 2 1 206 27 146 2 7 175 22 176 2 11 139 30 141 2 2 180 19 147 2 7 155 22 167 2 9 18 13 14 2 2 200 19 201 3 3 128 5 147 8 131 4 7 92 8 68 15 96 28 76 2 4 70 18 62 3 5 21 12 18 26 21 2 6 131 20 138 2 9 19 13 19 1 21 47 3 5 19 12 23 26 21 2 7 113 19 93 2 8 50 28 45 3 5 21 12 19 26 20 3 6 145 10 196 17 147 2 11 141 21 137 2 2 220 19 180 2 13 66 22 74 2 12 149 27 122 3 14 60 18 56 19 59 2 16 72 23 68 2 18 60 24 49 2 3 123 17 144 2 9 100 26 108 2 18 108 20 127 2 19 80 29 74 3 20 20 25 25 26 22 2 12 103 27 133 2 1 160 23 144 3 8 69 18 79 25 80 2 23 94 27 96 2 7 176 22 137 3 17 119 28 92 29 125 2 10 57 29 80
36 2 1 182 27 181 2 2 213 19 153 2 1 164 27 160 3 3 133 5 141 8 131 2 2 213 19 219 2 4 61 18 59 3 5 17 12 20 26 19 2 6 124 20 135 2 7 119 19 114 2 8 47 28 64 2 9 19 13 18 3 6 176 10 177 17 145 2 9 16 13 20 2 11 135 30 154 2 19 59 29 65 3 6 180 10 186 17 147 2 11 160 21 171 3 14 56 18 47 19 53 3 6 169 10 200 17 179 2 3 166 17 117 2 23 97 27 133 2 12 121 27 138 2 9 115 26 114 2 13 56 22 69 1 21 38 2 9 16 13 18 4 7 96 8 78 15 98 28 86 2 16 51 23 72 2 18 110 20 130 2 18 49 24 52 3 20 24 25 20 26 26 2 7 149 22 153 3 17 93 28 98 29 93 2 1 175 23 161 3 8 86 18 87 25 64 2 10 57 29 58
35 3 3 124 5 156 8 133 3 8 75 18 81 25 80 2 1 181 27 164 2 10 75 29 63 2 8 50 28 55 3 3 137 5 113 8 163 2 2 184 19 158 2 4 63 18 70 3 5 21 12 21 26 23 2 6 139 20 139 2 7 122 19 126 3 6 198 10 200 17 146 2 9 17 13 19 2 11 141 21 143 2 12 133 27 109 2 13 54 22 57 2 12 138 27 102 3 14 49 18 47 19 61 3 17 95 28 115 29 126 2 8 47 28 57 4 7 79 8 83 15 97 28 95 2 4 57 18 57 2 7 182 22 178 2 16 49 23 60 2 3 165 17 133 2 18 114 20 145 3 20 22 25 23 26 23 2 19 58 29 82 2 9 125 26 94 1 21 43 2 13 68 22 71 2 11 162 30 139 2 1 120 23 157 2 18 54 24 60 2 23 97 27 98
35 3 3 124 5 156 8 133 3 8 75 18 81 25 80 2 1 181 27 164 2 10 75 29 63 2 8 50 28 55 3 3 137 5 113 8 163 2 2 184 19 158 2 4 63 18 70 3 5 21 12 21 26 23 2 6 139 20 139 2 7 122 19 126 3 6 198 10 200 17 146 2 9 17 13 19 2 11 141 21 143 2 12 133 27 109 2 13 54 22 57 2 12 138 27 102 3 14 49 18 47 19 61 3 17 95 28 115 29 126 2 8 47 28 57 4 7 79 8 83 15 97 28 95 2 4 57 18 57 2 7 182 22 178 2 16 49 23 60 2 3 165 17 133 2 18 114 20 145 3 20 22 25 23 26 23 2 19 58 29 82 2 9 125 26 94 1 21 43 2 13 68 22 71 2 11 162 30 139 2 1 120 23 157 2 18 54 24 60 2 23 97 27 98
39 3 14 64 18 51 19 48 2 1 139 27 199 2 12 136 27 143 2 2 167 19 211 3 6 167 10 184 17 153 2 1 190 27 179 3 3 137 5 161 8 146 2 4 61 18 71 2 12 102 27 112 2 3 135 17 138 3 5 23 12 21 26 22 2 3 139 17 138 2 6 103 20 113 2 13 75 22 60 3 5 16 12 17 26 19 2 7 102 19 117 2 2 155 19 208 2 8 53 28 45 3 6 154 10 190 17 181 2 9 19 13 14 2 1 184 27 197 2 11 143 21 180 3 5 23 12 22 26 22 4 7 82 8 90 15 77 28 96 2 16 50 23 66 2 18 108 20 112 2 19 79 29 77 4 7 71 8 84 15 94 28 99 2 23 104 27 123 3 20 22 25 22 26 22 1 21 45 2 7 167 22 140 2 11 120 30 167 2 1 126 23 158 2 18 62 24 59 3 8 74 18 72 25 92 2 10 80 29 61 2 9 105 26 127 3 17 123 28 91 29 115
39 3 14 64 18 51 19 48 2 1 139 27 199 2 12 136 27 143 2 2 167 19 211 3 6 167 10 184 17 153 2 1 190 27 179 3 3 137 5 161 8 146 2 4 61 18 71 2 12 102 27 112 2 3 135 17 138 3 5 23 12 21 26 22 2 3 139 17 138 2 6 103 20 113 2 13 75 22 60 3 5 16 12 17 26 19 2 7 102 19 117 2 2 155 19 208 2 8 53 28 45 3 6 154 10 190 17 181 2 9 19 13 14 2 1 184 27 197 2 11 143 21 180 3 5 23 12 22 26 22 4 7 82 8 90 15 77 28 96 2 16 50 23 66 2 18 108 20 112 2 19 79 29 77 4 7 71 8 84 15 94 28 99 2 23 104 27 123 3 20 22 25 22 26 22 1 21 45 2 7 167 22 140 2 11 120 30 167 2 1 126 23 158 2 18 62 24 59 3 8 74 18 72 25 92 2 10 80 29 61 2 9 105 26 127 3 17 123 28 91 29 115
38 2 23 127 27 92 2 1 191 27 194 2 3 138 17 118 2 2 200 19 193 3 3 162 5 120 8 141 2 4 50 18 65 3 3 116 5 148 8 140 3 5 23 12 21 26 19 2 1 170 27 185 4 7 79 8 80 15 70 28 81 2 18 102 20 117 2 6 132 20 129 3 5 19 12 18 26 17 1 21 39 2 7 135 19 137 2 8 52 28 44 2 19 62 29 80 3 3 115 5 132 8 151 2 9 14 13 16 3 6 198 10 183 17 187 2 6 133 20 138 2 11 156 21 157 2 12 117 27 112 2 16 63 23 72 2 13 63 22 56 3 14 64 18 66 19 64 3 20 23 25 27 26 22 2 7 175 22 193 2 23 121 27 105 2 1 173 23 128 2 18 58 24 55 2 7 128 19 114 3 8 64 18 88 25 85 2 9 90 26 122 3 5 19 12 22 26 21 3 17 95 28 124 29 96 2 10 61 29 68 2 11 173 30 122
38 2 1 202 27 204 2 7 175 22 136 2 11 156 30 155 2 2 159 19 191 2 7 163 22 186 2 9 19 13 15 2 2 200 19 194 3 3 133 5 163 8 114 4 7 87 8 96 15 99 28 86 2 4 49 18 61 3 5 18 12 19 26 23 2 6 141 20 128 2 9 18 13 20 1 21 50 3 5 23 12 23 26 16 2 7 98 19 99 2 8 59 28 53 3 5 20 12 18 26 17 3 6 183 10 137 17 191 2 11 180 21 149 2 2 158 19 210 2 13 59 22 73 2 12 134 27 151 3 14 57 18 63 19 54 2 16 70 23 65 2 18 54 24 63 2 3 153 17 159 2 9 96 26 112 2 18 146 20 139 2 19 82 29 83 3 20 30 25 21 26 30 2 12 142 27 138 2 1 147 23 166 3 8 90 18 81 25 92 2 23 104 27 129 2 7 194 22 181 3 17 102 28 105 29 124 2 10 68 29 65
38 2 1 202 27 204 2 7 175 22 136 2 11 156 30 155 2 2 159 19 191 2 7 163 22 186 2 9 19 13 15 2 2 200 19 194 3 3 133 5 163 8 114 4 7 87 8 96 15 99 28 86 2 4 49 18 61 3 5 18 12 19 26 23 2 6 141 20 128 2 9 18 13 20 1 21 50 3 5 23 12 23 26 16 2 7 98 19 99 2 8 59 28 53 3 5 20 12 18 26 17 3 6 183 10 137 17 191 2 11 180 21 149 2 2 158 19 210 2 13 59 22 73 2 12 134 27 151 3 14 57 18 63 19 54 2 16 70 23 65 2 18 54 24 63 2 3 153 17 159 2 9 96 26 112 2 18 146 20 139 2 19 82 29 83 3 20 30 25 21 26 30 2 12 142 27 138 2 1 147 23 166 3 8 90 18 81 25 92 2 23 104 27 129 2 7 194 22 181 3 17 102 28 105 29 124 2 10 68 29 65
38 2 1 202 27 204 2 7 175 22 136 2 11 156 30 155 2 2 159 19 191 2 7 163 22 186 2 9 19 13 15 2 2 200 19 194 3 3 133 5 163 8 114 4 7 87 8 96 15 99 28 86 2 4 49 18 61 3 5 18 12 19 26 23 2 6 141 20 128 2 9 18 13 20 1 21 50 3 5 23 12 23 26 16 2 7 98 19 99 2 8 59 28 53 3 5 20 12 18 26 17 3 6 183 10 137 17 191 2 11 180 21 149 2 2 158 19 210 2 13 59 22 73 2 12 134 27 151 3 14 57 18 63 19 54 2 16 70 23 65 2 18 54 24 63 2 3 153 17 159 2 9 96 26 112 2 18 146 20 139 2 19 82 29 83 3 20 30 25 21 26 30 2 12 142 27 138 2 1 147 23 166 3 8 90 18 81 25 92 2 23 104 27 129 2 7 194 22 181 3 17 102 28 105 29 124 2 10 68 29 65
36 2 12 116 27 102 4 7 75 8 97 15 74 28 72 2 1 160 27 191 2 2 161 19 147 2 7 191 22 153 2 1 121 23 179 2 12 112 27 146 3 17 87 28 90 29 114 3 3 161 5 133 8 149 2 4 54 18 66 3 5 22 12 22 26 19 2 6 121 20 97 2 7 168 22 146 2 7 104 19 121 2 8 63 28 59 2 12 121 27 128 2 9 16 13 16 3 6 178 10 153 17 157 2 11 129 30 125 2 11 159 21 172 2 13 59 22 69 3 14 56 18 50 19 59 2 16 59 23 63 2 7 157 22 150 2 3 151 17 155 2 18 106 20 126 2 9 114 26 95 2 12 149 27 108 2 19 58 29 64 3 20 24 25 22 26 30 3 14 46 18 54 19 60 1 21 44 2 18 45 24 56 3 8 86 18 74 25 89 2 23 104 27 97 2 10 65 29 75
37 2 8 53 28 51 2 1 173 27 154 2 10 56 29 61 2 1 154 27 150 2 2 202 19 202 3 3 120 5 148 8 123 2 8 58 28 45 2 4 59 18 69 3 3 152 5 165 8 120 3 5 20 12 19 26 18 2 1 174 27 171 2 6 120 20 101 2 13 73 22 52 2 7 123 19 104 2 9 18 13 16 3 5 22 12 18 26 22 3 6 201 10 167 17 144 2 11 137 21 138 2 12 140 27 109 3 14 56 18 48 19 58 3 5 17 12 21 26 16 4 7 87 8 83 15 89 28 80 2 16 54 23 65 2 3 159 17 138 4 7 68 8 88 15 85 28 79 3 8 78 18 92 25 71 2 18 133 20 120 2 19 75 29 60 3 20 22 25 21 26 30 2 7 181 22 159 1 21 41 2 1 171 23 123 2 18 46 24 53 2 9 111 26 98 2 23 120 27 114 2 11 118 30 170 3 17 89 28 102 29 105
37 2 8 53 28 51 2 1 173 27 154 2 10 56 29 61 2 1 154 27 150 2 2 202 19 202 3 3 120 5 148 8 123 2 8 58 28 45 2 4 59 18 69 3 3 152 5 165 8 120 3 5 20 12 19 26 18 2 1 174 27 171 2 6 120 20 101 2 13 73 22 52 2 7 123 19 104 2 9 18 13 16 3 5 22 12 18 26 22 3 6 201 10 167 17 144 2 11 137 21 138 2 12 140 27 109 3 14 56 18 48 19 58 3 5 17 12 21 26 16 4 7 87 8 83 15 89 28 80 2 16 54 23 65 2 3 159 17 138 4 7 68 8 88 15 85 28 79 3 8 78 18 92 25 71 2 18 133 20 120 2 19 75 29 60 3 20 22 25 21 26 30 2 7 181 22 159 1 21 41 2 1 171 23 123 2 18 46 24 53 2 9 111 26 98 2 23 120 27 114 2 11 118 30 170 3 17 89 28 102 29 105
39 2 1 193 27 194 2 10 78 29 73 2 6 108 20 107 2 1 162 27 186 2 4 57 18 53 2 9 103 26 104 2 7 117 19 101 2 11 147 30 160 2 7 126 19 113 2 19 77 29 63 2 2 211 19 195 3 3 146 5 156 8 116 2 4 58 18 73 2 1 122 23 169 3 5 20 12 22 26 16 2 8 57 28 56 2 9 19 13 20 2 1 179 23 165 3 6 150 10 146 17 148 3 8 66 18 70 25 92 2 12 125 27 131 2 11 128 21 138 2 1 195 27 197 3 14 61 18 56 19 59 2 16 70 23 71 2 1 130 23 128 2 7 134 22 155 2 18 65 24 47 2 13 63 22 53 2 9 15 13 14 3 20 25 25 24 26 23 4 7 67 8 81 15 77 28 89 1 21 45 2 19 60 29 58 2 23 104 27 110 2 3 121 17 147 2 10 80 29 59 2 18 111 20 124 3 17 113 28 123 29 100
36 2 1 177 27 172 2 23 96 27 115 2 1 178 27 160 2 2 166 19 196 3 3 157 5 161 8 158 2 1 142 27 185 2 4 55 18 56 2 1 149 27 157 3 5 17 12 17 26 21 2 6 125 20 114 2 11 174 30 117 2 7 121 19 127 2 8 56 28 56 2 2 163 19 147 2 9 19 13 14 3 5 18 12 17 26 20 3 6 200 10 161 17 143 3 17 113 28 119 29 116 2 11 163 21 154 2 12 151 27 146 2 13 69 22 74 3 8 77 18 86 25 85 2 1 176 27 181 3 14 68 18 48 19 55 4 7 70 8 92 15 81 28 89 2 16 49 23 67 2 3 122 17 116 2 9 120 26 90 2 18 123 20 124 2 18 46 24 49 2 19 57 29 74 2 1 124 23 169 3 20 21 25 22 26 29 2 10 77 29 80 1 21 42 2 7 137 22 191
38 2 23 116 27 134 2 1 147 27 184 2 3 124 17 118 2 2 182 19 205 3 3 163 5 134 8 127 2 4 65 18 72 3 3 111 5 141 8 135 3 5 23 12 21 26 23 2 1 149 27 195 4 7 94 8 74 15 86 28 88 2 18 140 20 145 2 6 115 20 96 3 5 19 12 19 26 20 1 21 41 2 7 107 19 135 2 8 62 28 45 2 19 69 29 78 3 3 117 5 140 8 142 2 9 17 13 17 3 6 177 10 165 17 188 2 6 127 20 97 2 11 180 21 159 2 12 113 27 110 2 16 54 23 70 2 13 76 22 55 3 14 55 18 45 19 65 3 20 24 25 27 26 28 2 7 187 22 148 2 23 125 27 121 2 1 141 23 124 2 18 50 24 61 2 7 99 19 106 3 8 69 18 72 25 94 2 9 99 26 122 3 5 23 12 16 26 21 3 17 108 28 114 29 113 2 10 71 29 78 2 11 124 30 127
36 2 23 119 27 108 2 1 150 27 142 2 2 201 19 202 2 1 191 27 160 3 3 147 5 164 8 140 2 4 62 18 70 3 5 19 12 21 26 22 2 6 139 20 134 2 7 106 19 98 2 8 61 28 50 2 2 169 19 157 2 10 75 29 73 3 17 111 28 104 29 106 2 2 193 19 197 2 9 15 13 14 3 6 178 10 146 17 199 2 7 148 22 148 4 7 68 8 84 15 86 28 93 2 9 131 26 106 2 6 141 20 127 2 11 150 21 167 2 12 120 27 123 1 21 45 2 13 63 22 61 2 1 168 23 153 2 11 167 30 118 4 7 80 8 89 15 82 28 80 2 19 62 29 72 3 14 55 18 66 19 46 2 16 53 23 52 2 3 113 17 148 2 18 110 20 148 4 7 75 8 90 15 81 28 70 3 20 24 25 22 26 28 2 18 60 24 57 3 8 82 18 66 25 63
36 2 23 119 27 108 2 1 150 27 142 2 2 201 19 202 2 1 191 27 160 3 3 147 5 164 8 140 2 4 62 18 70 3 5 19 12 21 26 22 2 6 139 20 134 2 7 106 19 98 2 8 61 28 50 2 2 169 19 157 2 10 75 29 73 3 17 111 28 104 29 106 2 2 193 19 197 2 9 15 13 14 3 6 178 10 146 17 199 2 7 148 22 148 4 7 68 8 84 15 86 28 93 2 9 131 26 106 2 6 141 20 127 2 11 150 21 167 2 12 120 27 123 1 21 45 2 13 63 22 61 2 1 168 23 153 2 11 167 30 118 4 7 80 8 89 15 82 28 80 2 19 62 29 72 3 14 55 18 66 19 46 2 16 53 23 52 2 3 113 17 148 2 18 110 20 148 4 7 75 8 90 15 81 28 70 3 20 24 25 22 26 28 2 18 60 24 57 3 8 82 18 66 25 63
36 2 23 119 27 108 2 1 150 27 142 2 2 201 19 202 2 1 191 27 160 3 3 147 5 164 8 140 2 4 62 18 70 3 5 19 12 21 26 22 2 6 139 20 134 2 7 106 19 98 2 8 61 28 50 2 2 169 19 157 2 10 75 29 73 3 17 111 28 104 29 106 2 2 193 19 197 2 9 15 13 14 3 6 178 10 146 17 199 2 7 148 22 148 4 7 68 8 84 15 86 28 93 2 9 131 26 106 2 6 141 20 127 2 11 150 21 167 2 12 120 27 123 1 21 45 2 13 63 22 61 2 1 168 23 153 2 11 167 30 118 4 7 80 8 89 15 82 28 80 2 19 62 29 72 3 14 55 18 66 19 46 2 16 53 23 52 2 3 113 17 148 2 18 110 20 148 4 7 75 8 90 15 81 28 70 3 20 24 25 22 26 28 2 18 60 24 57 3 8 82 18 66 25 63
39 2 1 197 27 204 2 10 78 29 69 2 6 138 20 141 2 1 186 27 177 2 4 56 18 52 2 9 113 26 125 2 7 96 19 95 2 11 127 30 174 2 7 110 19 131 2 19 72 29 84 2 2 216 19 200 3 3 130 5 159 8 153 2 4 54 18 70 2 1 175 23 123 3 5 19 12 16 26 19 2 8 58 28 59 2 9 13 13 18 2 1 129 23 163 3 6 164 10 145 17 204 3 8 92 18 76 25 74 2 12 150 27 114 2 11 130 21 138 2 1 166 27 169 3 14 64 18 53 19 55 2 16 55 23 62 2 1 152 23 149 2 7 193 22 186 2 18 52 24 64 2 13 74 22 51 2 9 18 13 19 3 20 25 25 26 26 22 4 7 80 8 70 15 79 28 76 1 21 39 2 19 67 29 68 2 23 131 27 114 2 3 129 17 139 2 10 79 29 71 2 18 111 20 134 3 17 88 28 98 29 95
39 2 1 197 27 204 2 10 78 29 69 2 6 138 20 141 2 1 186 27 177 2 4 56 18 52 2 9 113 26 125 2 7 96 19 95 2 11 127 30 174 2 7 110 19 131 2 19 72 29 84 2 2 216 19 200 3 3 130 5 159 8 153 2 4 54 18 70 2 1 175 23 123 3 5 19 12 16 26 19 2 8 58 28 59 2 9 13 13 18 2 1 129 23 163 3 6 164 10 145 17 204 3 8 92 18 76 25 74 2 12 150 27 114 2 11 130 21 138 2 1 166 27 169 3 14 64 18 53 19 55 2 16 55 23 62 2 1 152 23 149 2 7 193 22 186 2 18 52 24 64 2 13 74 22 51 2 9 18 13 19 3 20 25 25 26 26 22 4 7 80 8 70 15 79 28 76 1 21 39 2 19 67 29 68 2 23 131 27 114 2 3 129 17 139 2 10 79 29 71 2 18 111 20 134 3 17 88 28 98 29 95
37 2 8 59 28 47 2 1 191 27 189 2 10 64 29 79 2 1 172 27 164 2 2 210 19 172 3 3 158 5 159 8 161 2 8 52 28 49 2 4 64 18 63 3 3 157 5 156 8 141 3 5 23 12 20 26 18 2 1 179 27 145 2 6 96 20 121 2 13 66 22 56 2 7 132 19 99 2 9 15 13 15 3 5 23 12 21 26 19 3 6 192 10 151 17 204 2 11 139 21 154 2 12 138 27 108 3 14 48 18 59 19 50 3 5 22 12 17 26 16 4 7 92 8 81 15 75 28 87 2 16 50 23 51 2 3 128 17 142 4 7 88 8 87 15 84 28 78 3 8 83 18 84 25 64 2 18 121 20 127 2 19 77 29 81 3 20 25 25 23 26 24 2 7 161 22 170 1 21 48 2 1 142 23 165 2 18 57 24 59 2 9 97 26 91 2 23 135 27 133 2 11 170 30 128 3 17 119 28 86 29 100
37 2 8 59 28 47 2 1 191 27 189 2 10 64 29 79 2 1 172 27 164 2 2 210 19 172 3 3 158 5 159 8 161 2 8 52 28 49 2 4 64 18 63 3 3 157 5 156 8 141 3 5 23 12 20 26 18 2 1 179 27 145 2 6 96 20 121 2 13 66 22 56 2 7 132 19 99 2 9 15 13 15 3 5 23 12 21 26 19 3 6 192 10 151 17 204 2 11 139 21 154 2 12 138 27 108 3 14 48 18 59 19 50 3 5 22 12 17 26 16 4 7 92 8 81 15 75 28 87 2 16 50 23 51 2 3 128 17 142 4 7 88 8 87 15 84 28 78 3 8 83 18 84 25 64 2 18 121 20 127 2 19 77 29 81 3 20 25 25 23 26 24 2 7 161 22 170 1 21 48 2 1 142 23 165 2 18 57 24 59 2 9 97 26 91 2 23 135 27 133 2 11 170 30 128 3 17 119 28 86 29 100
39 2 1 177 27 185 2 10 71 29 56 2 6 101 20 127 2 1 203 27 202 2 4 50 18 72 2 9 129 26 131 2 7 108 19 126 2 11 140 30 137 2 7 118 19 119 2 19 62 29 68 2 2 153 19 156 3 3 160 5 126 8 154 2 4 64 18 69 2 1 164 23 147 3 5 22 12 18 26 17 2 8 51 28 57 2 9 15 13 19 2 1 154 23 132 3 6 184 10 198 17 165 3 8 88 18 82 25 78 2 12 112 27 110 2 11 170 21 147 2 1 205 27 171 3 14 65 18 48 19 52 2 16 70 23 65 2 1 162 23 128 2 7 137 22 143 2 18 55 24 60 2 13 53 22 62 2 9 15 13 17 3 20 23 25 25 26 26 4 7 75 8 94 15 73 28 83 1 21 44 2 19 83 29 78 2 23 126 27 132 2 3 143 17 119 2 10 65 29 77 2 18 148 20 117 3 17 103 28 98 29 106
39 2 1 177 27 185 2 10 71 29 56 2 6 101 20 127 2 1 203 27 202 2 4 50 18 72 2 9 129 26 131 2 7 108 19 126 2 11 140 30 137 2 7 118 19 119 2 19 62 29 68 2 2 153 19 156 3 3 160 5 126 8 154 2 4 64 18 69 2 1 164 23 147 3 5 22 12 18 26 17 2 8 51 28 57 2 9 15 13 19 2 1 154 23 132 3 6 184 10 198 17 165 3 8 88 18 82 25 78 2 12 112 27 110 2 11 170 21 147 2 1 205 27 171 3 14 65 18 48 19 52 2 16 70 23 65 2 1 162 23 128 2 7 137 22 143 2 18 55 24 60 2 13 53 22 62 2 9 15 13 17 3 20 23 25 25 26 26 4 7 75 8 94 15 73 28 83 1 21 44 2 19 83 29 78 2 23 126 27 132 2 3 143 17 119 2 10 65 29 77 2 18 148 20 117 3 17 103 28 98 29 106
39 2 1 158 27 197 2 10 74 29 58 2 6 141 20 117 2 1 144 27 152 2 4 63 18 68 2 9 121 26 101 2 7 117 19 126 2 11 172 30 126 2 7 101 19 119 2 19 81 29 71 2 2 164 19 187 3 3 111 5 136 8 154 2 4 66 18 72 2 1 142 23 120 3 5 17 12 22 26 17 2 8 59 28 57 2 9 20 13 15 2 1 167 23 172 3 6 187 10 159 17 137 3 8 92 18 88 25 84 2 12 128 27 120 2 11 181 21 168 2 1 192 27 188 3 14 47 18 58 19 66 2 16 53 23 53 2 1 132 23 122 2 7 141 22 159 2 18 50 24 47 2 13 56 22 67 2 9 16 13 19 3 20 25 25 25 26 29 4 7 73 8 85 15 81 28 82 1 21 46 2 19 82 29 62 2 23 94 27 112 2 3 165 17 133 2 10 67 29 67 2 18 119 20 130 3 17 92 28 121 29 93
39 2 1 158 27 197 2 10 74 29 58 2 6 141 20 117 2 1 144 27 152 2 4 63 18 68 2 9 121 26 101 2 7 117 19 126 2 11 172 30 126 2 7 101 19 119 2 19 81 29 71 2 2 164 19 187 3 3 111 5 136 8 154 2 4 66 18 72 2 1 142 23 120 3 5 17 12 22 26 17 2 8 59 28 57 2 9 20 13 15 2 1 167 23 172 3 6 187 10 159 17 137 3 8 92 18 88 25 84 2 12 128 27 120 2 11 181 21 168 2 1 192 27 188 3 14 47 18 58 19 66 2 16 53 23 53 2 1 132 23 122 2 7 141 22 159 2 18 50 24 47 2 13 56 22 67 2 9 16 13 19 3 20 25 25 25 26 29 4 7 73 8 85 15 81 28 82 1 21 46 2 19 82 29 62 2 23 94 27 112 2 3 165 17 133 2 10 67 29 67 2 18 119 20 130 3 17 92 28 121 29 93
36 2 23 136 27 129 2 1 195 27 167 2 2 154 19 195 2 1 202 27 160 3 3 157 5 161 8 122 2 4 53 18 62 3 5 16 12 23 26 16 2 6 132 20 99 2 7 123 19 134 2 8 49 28 55 2 2 175 19 203 2 10 82 29 80 3 17 114 28 102 29 103 2 2 167 19 192 2 9 14 13 18 3 6 186 10 204 17 181 2 7 191 22 189 4 7 91 8 94 15 69 28 93 2 9 101 26 98 2 6 97 20 120 2 11 159 21 144 2 12 151 27 134 1 21 38 2 13 53 22 73 2 1 145 23 137 2 11 173 30 117 4 7 79 8 76 15 87 28 67 2 19 73 29 69 3 14 51 18 56 19 65 2 16 52 23 50 2 3 155 17 127 2 18 106 20 101 4 7 72 8 94 15 95 28 93 3 20 26 25 26 26 28 2 18 58 24 55 3 8 82 18 90 25 81
36 2 1 178 27 170 2 23 92 27 96 2 1 205 27 140 2 2 155 19 217 3 3 145 5 131 8 111 2 1 196 27 196 2 4 55 18 57 2 1 204 27 164 3 5 23 12 23 26 21 2 6 96 20 125 2 11 171 30 159 2 7 136 19 105 2 8 59 28 62 2 2 192 19 187 2 9 18 13 19 3 5 20 12 22 26 16 3 6 197 10 173 17 191 3 17 117 28 95 29 120 2 11 172 21 152 2 12 130 27 110 2 13 54 22 65 3 8 94 18 81 25 76 2 1 194 27 172 3 14 48 18 60 19 63 4 7 84 8 85 15 90 28 66 2 16 57 23 72 2 3 130 17 143 2 9 102 26 114 2 18 136 20 141 2 18 59 24 66 2 19 68 29 78 2 1 171 23 174 3 20 27 25 26 26 27 2 10 57 29 63 1 21 41 2 7 186 22 137
36 2 1 178 27 170 2 23 92 27 96 2 1 205 27 140 2 2 155 19 217 3 3 145 5 131 8 111 2 1 196 27 196 2 4 55 18 57 2 1 204 27 164 3 5 23 12 23 26 21 2 6 96 20 125 2 11 171 30 159 2 7 136 19 105 2 8 59 28 62 2 2 192 19 187 2 9 18 13 19 3 5 20 12 22 26 16 3 6 197 10 173 17 191 3 17 117 28 95 29 120 2 11 172 21 152 2 12 130 27 110 2 13 54 22 65 3 8 94 18 81 25 76 2 1 194 27 172 3 14 48 18 60 19 63 4 7 84 8 85 15 90 28 66 2 16 57 23 72 2 3 130 17 143 2 9 102 26 114 2 18 136 20 141 2 18 59 24 66 2 19 68 29 78 2 1 171 23 174 3 20 27 25 26 26 27 2 10 57 29 63 1 21 41 2 7 186 22 137
36 2 1 178 27 170 2 23 92 27 96 2 1 205 27 140 2 2 155 19 217 3 3 145 5 131 8 111 2 1 196 27 196 2 4 55 18 57 2 1 204 27 164 3 5 23 12 23 26 21 2 6 96 20 125 2 11 171 30 159 2 7 136 19 105 2 8 59 28 62 2 2 192 19 187 2 9 18 13 19 3 5 20 12 22 26 16 3 6 197 10 173 17 191 3 17 117 28 95 29 120 2 11 172 21 152 2 12 130 27 110 2 13 54 22 65 3 8 94 18 81 25 76 2 1 194 27 172 3 14 48 18 60 19 63 4 7 84 8 85 15 90 28 66 2 16 57 23 72 2 3 130 17 143 2 9 102 26 114 2 18 136 20 141 2 18 59 24 66 2 19 68 29 78 2 1 171 23 174 3 20 27 25 26 26 27 2 10 57 29 63 1 21 41 2 7 186 22 137
34 2 16 63 23 58 2 1 177 27 193 2 2 190 19 161 2 16 54 23 63 3 3 141 5 131 8 158 2 4 57 18 56 3 5 22 12 22 26 16 2 6 114 20 98 3 17 109 28 104 29 110 2 1 160 27 172 2 9 98 26 94 2 1 142 23 122 3 20 28 25 23 26 24 2 1 178 23 176 2 18 61 24 46 2 11 148 21 158 2 7 133 19 103 1 21 40 2 8 54 28 56 2 13 56 22 68 2 9 18 13 14 3 6 138 10 178 17 168 2 19 59 29 59 2 12 130 27 141 3 8 92 18 85 25 64 3 14 63 18 46 19 50 4 7 84 8 71 15 98 28 97 2 3 155 17 145 3 6 148 10 136 17 188 2 18 142 20 151 2 7 136 22 191 2 23 103 27 116 2 10 68 29 62 2 11 126 30 129
34 2 16 63 23 58 2 1 177 27 193 2 2 190 19 161 2 16 54 23 63 3 3 141 5 131 8 158 2 4 57 18 56 3 5 22 12 22 26 16 2 6 114 20 98 3 17 109 28 104 29 110 2 1 160 27 172 2 9 98 26 94 2 1 142 23 122 3 20 28 25 23 26 24 2 1 178 23 176 2 18 61 24 46 2 11 148 21 158 2 7 133 19 103 1 21 40 2 8 54 28 56 2 13 56 22 68 2 9 18 13 14 3 6 138 10 178 17 168 2 19 59 29 59 2 12 130 27 141 3 8 92 18 85 25 64 3 14 63 18 46 19 50 4 7 84 8 71 15 98 28 97 2 3 155 17 145 3 6 148 10 136 17 188 2 18 142 20 151 2 7 136 22 191 2 23 103 27 116 2 10 68 29 62 2 11 126 30 129
39 3 14 59 18 57 19 54 2 1 170 27 174 2 12 111 27 142 2 2 220 19 191 3 6 167 10 137 17 200 2 1 189 27 164 3 3 150 5 120 8 156 2 4 56 18 64 2 12 136 27 140 2 3 137 17 151 3 5 19 12 21 26 22 2 3 155 17 131 2 6 138 20 110 2 13 53 22 69 3 5 18 12 17 26 16 2 7 117 19 113 2 2 151 19 188 2 8 50 28 63 3 6 172 10 178 17 185 2 9 13 13 18 2 1 159 27 151 2 11 132 21 152 3 5 20 12 19 26 16 4 7 94 8 98 15 99 28 81 2 16 56 23 53 2 18 134 20 123 2 19 78 29 75 4 7 93 8 76 15 77 28 83 2 23 113 27 95 3 20 24 25 24 26 22 1 21 45 2 7 165 22 148 2 11 138 30 136 2 1 144 23 132 2 18 61 24 54 3 8 84 18 66 25 72 2 10 61 29 79 2 9 131 26 92 3 17 93 28 103 29 106
36 2 12 130 27 133 4 7 68 8 76 15 67 28 89 2 1 152 27 195 2 2 172 19 215 2 7 157 22 188 2 1 148 23 156 2 12 137 27 109 3 17 121 28 121 29 87 3 3 140 5 155 8 158 2 4 49 18 56 3 5 20 12 16 26 18 2 6 125 20 105 2 7 163 22 139 2 7 118 19 124 2 8 56 28 54 2 12 121 27 107 2 9 17 13 16 3 6 165 10 192 17 153 2 11 126 30 132 2 11 141 21 165 2 13 60 22 70 3 14 55 18 67 19 45 2 16 63 23 62 2 7 140 22 171 2 3 145 17 148 2 18 141 20 105 2 9 117 26 111 2 12 136 27 150 2 19 57 29 63 3 20 24 25 22 26 28 3 14 57 18 47 19 58 1 21 49 2 18 56 24 50 3 8 80 18 89 25 65 2 23 100 27 107 2 10 67 29 62
36 2 12 130 27 133 4 7 68 8 76 15 67 28 89 2 1 152 27 195 2 2 172 19 215 2 7 157 22 188 2 1 148 23 156 2 12 137 27 109 3 17 121 28 121 29 87 3 3 140 5 155 8 158 2 4 49 18 56 3 5 20 12 16 26 18 2 6 125 20 105 2 7 163 22 139 2 7 118 19 124 2 8 56 28 54 2 12 121 27 107 2 9 17 13 16 3 6 165 10 192 17 153 2 11 126 30 132 2 11 141 21 165 2 13 60 22 70 3 14 55 18 67 19 45 2 16 63 23 62 2 7 140 22 171 2 3 145 17 148 2 18 141 20 105 2 9 117 26 111 2 12 136 27 150 2 19 57 29 63 3 20 24 25 22 26 28 3 14 57 18 47 19 58 1 21 49 2 18 56 24 50 3 8 80 18 89 25 65 2 23 100 27 107 2 10 67 29 62
36 2 23 97 27 106 2 1 170 27 141 2 2 183 19 209 2 1 157 27 166 3 3 151 5 143 8 111 2 4 68 18 58 3 5 23 12 22 26 18 2 6 118 20 138 2 7 96 19 92 2 8 44 28 64 2 2 201 19 164 2 10 55 29 66 3 17 113 28 102 29 114 2 2 207 19 210 2 9 16 13 17 3 6 190 10 188 17 156 2 7 194 22 149 4 7 84 8 85 15 89 28 94 2 9 128 26 91 2 6 131 20 118 2 11 149 21 161 2 12 114 27 144 1 21 42 2 13 60 22 75 2 1 146 23 148 2 11 146 30 122 4 7 86 8 74 15 84 28 79 2 19 77 29 66 3 14 50 18 52 19 46 2 16 72 23 52 2 3 112 17 117 2 18 134 20 144 4 7 90 8 96 15 77 28 84 3 20 31 25 25 26 27 2 18 50 24 53 3 8 88 18 90 25 79
39 3 3 136 5 137 8 142 2 2 202 19 154 3 20 28 25 24 26 27 2 2 218 19 210 2 12 119 27 129 3 3 165 5 133 8 156 2 7 96 19 111 2 1 148 27 146 3 6 181 10 152 17 201 2 4 68 18 68 2 12 153 27 115 3 5 23 12 17 26 23 2 6 120 20 110 3 20 22 25 30 26 22 4 7 79 8 96 15 88 28 85 3 5 23 12 20 26 18 2 8 48 28 50 2 1 162 23 172 2 9 18 13 18 2 11 182 21 179 2 7 166 22 135 4 7 94 8 82 15 96 28 69 2 13 57 22 69 3 20 27 25 20 26 26 3 14 66 18 51 19 61 2 9 125 26 118 2 16 50 23 52 2 3 151 17 149 2 11 132 30 152 2 18 112 20 122 2 19 71 29 66 2 4 63 18 69 1 21 44 2 18 46 24 60 3 8 66 18 65 25 73 2 10 57 29 55 2 23 109 27 128 2 16 57 23 65 3 17 120 28 107 29 115
36 2 12 136 27 105 4 7 87 8 93 15 78 28 81 2 1 169 27 173 2 2 185 19 164 2 7 197 22 185 2 1 170 23 121 2 12 128 27 134 3 17 122 28 103 29 125 3 3 145 5 129 8 113 2 4 74 18 52 3 5 19 12 16 26 17 2 6 96 20 120 2 7 157 22 195 2 7 94 19 135 2 8 64 28 53 2 12 143 27 146 2 9 15 13 14 3 6 180 10 141 17 153 2 11 124 30 150 2 11 135 21 130 2 13 73 22 55 3 14 65 18 47 19 53 2 16 51 23 69 2 7 146 22 190 2 3 162 17 111 2 18 119 20 147 2 9 104 26 125 2 12 139 27 124 2 19 72 29 58 3 20 22 25 27 26 22 3 14 55 18 64 19 62 1 21 50 2 18 44 24 45 3 8 89 18 94 25 69 2 23 126 27 135 2 10 55 29 55
39 2 1 157 27 177 2 10 78 29 61 2 6 127 20 119 2 1 159 27 204 2 4 62 18 69 2 9 95 26 109 2 7 136 19 101 2 11 144 30 159 2 7 132 19 132 2 19 60 29 72 2 2 184 19 172 3 3 116 5 134 8 113 2 4 68 18 72 2 1 154 23 147 3 5 16 12 18 26 21 2 8 59 28 59 2 9 13 13 19 2 1 131 23 166 3 6 199 10 156 17 157 3 8 69 18 79 25 91 2 12 103 27 140 2 11 144 21 127 2 1 199 27 181 3 14 62 18 66 19 62 2 16 65 23 63 2 1 177 23 160 2 7 184 22 162 2 18 63 24 46 2 13 73 22 59 2 9 20 13 20 3 20 29 25 31 26 22 4 7 79 8 76 15 94 28 93 1 21 42 2 19 58 29 75 2 23 93 27 137 2 3 127 17 134 2 10 57 29 77 2 18 124 20 151 3 17 117 28 127 29 106
DUE_DATES: 7272 7515 7515 7515 6863 7316 6030 7434 6313 6313 7363 7171 6579 6579 7831 7831 7446 7775 7775 7775 6984 6850 6850 7534 7363 7285 7301 7301 7301 7746 7746 7046 7046 7656 7656 7549 7549 7404 7622 7622 7622 6697 6697 7757 7129 7129 7269 7185 7195 7710
WEIGHTS: 3 2 1 1 2 2 2 1 2 2 1 2 2 2 3 2 2 2 1 1 3 3 2 3 2 2 2 1 2 1 2 3 1 3 3 2 3 2 3 2 1 2 1 3 1 3 3 3 2 3
