50 30
35 2 1 158 2 166 2 2 183 22 194 2 3 172 29 165 3 10 182 22 166 30 168 3 2 36 13 28 24 28 2 4 46 26 56 3 5 89 17 76 29 65 3 6 205 10 199 21 195 2 9 25 12 31 2 26 143 27 177 2 13 94 19 116 3 10 133 22 167 30 128 2 7 80 9 88 2 1 166 8 190 3 18 27 28 22 30 21 3 5 91 10 124 28 108 3 6 211 10 212 21 212 3 10 124 11 142 29 141 2 5 35 12 33 2 14 73 21 63 3 5 112 10 108 28 122 2 16 122 22 143 2 15 32 25 32 2 17 175 30 129 2 21 4 25 3 2 18 123 20 164 3 5 89 10 94 28 86 3 17 43 22 46 29 45 2 17 155 30 137 3 2 63 12 79 24 67 2 23 36 29 43 2 4 23 23 31 2 25 174 26 187 3 2 34 3 27 28 30 3 22 50 24 46 27 48
35 2 1 158 2 166 2 2 183 22 194 2 3 172 29 165 3 10 182 22 166 30 168 3 2 36 13 28 24 28 2 4 46 26 56 3 5 89 17 76 29 65 3 6 205 10 199 21 195 2 9 25 12 31 2 26 143 27 177 2 13 94 19 116 3 10 133 22 167 30 128 2 7 80 9 88 2 1 166 8 190 3 18 27 28 22 30 21 3 5 91 10 124 28 108 3 6 211 10 212 21 212 3 10 124 11 142 29 141 2 5 35 12 33 2 14 73 21 63 3 5 112 10 108 28 122 2 16 122 22 143 2 15 32 25 32 2 17 175 30 129 2 21 4 25 3 2 18 123 20 164 3 5 89 10 94 28 86 3 17 43 22 46 29 45 2 17 155 30 137 3 2 63 12 79 24 67 2 23 36 29 43 2 4 23 23 31 2 25 174 26 187 3 2 34 3 27 28 30 3 22 50 24 46 27 48
35 2 1 158 2 166 2 2 183 22 194 2 3 172 29 165 3 10 182 22 166 30 168 3 2 36 13 28 24 28 2 4 46 26 56 3 5 89 17 76 29 65 3 6 205 10 199 21 195 2 9 25 12 31 2 26 143 27 177 2 13 94 19 116 3 10 133 22 167 30 128 2 7 80 9 88 2 1 166 8 190 3 18 27 28 22 30 21 3 5 91 10 124 28 108 3 6 211 10 212 21 212 3 10 124 11 142 29 141 2 5 35 12 33 2 14 73 21 63 3 5 112 10 108 28 122 2 16 122 22 143 2 15 32 25 32 2 17 175 30 129 2 21 4 25 3 2 18 123 20 164 3 5 89 10 94 28 86 3 17 43 22 46 29 45 2 17 155 30 137 3 2 63 12 79 24 67 2 23 36 29 43 2 4 23 23 31 2 25 174 26 187 3 2 34 3 27 28 30 3 22 50 24 46 27 48
37 2 14 83 21 79 2 1 187 2 154 2 14 78 21 78 2 2 152 22 198 2 14 68 21 62 2 3 185 29 180 2 1 169 2 190 2 4 52 26 42 2 2 209 22 156 3 5 68 17 65 29 71 3 6 169 10 210 21 217 2 7 73 9 88 2 25 220 26 158 2 1 172 8 154 3 2 35 13 37 24 27 3 18 26 28 22 30 25 2 9 29 12 28 3 6 151 10 182 21 182 3 5 114 10 111 28 89 3 2 32 13 29 24 32 3 10 165 11 144 29 136 2 17 159 30 141 2 5 35 12 31 2 1 171 2 197 2 21 3 25 3 2 15 27 25 26 2 16 136 22 128 3 10 127 22 146 30 181 2 26 138 27 142 2 13 91 19 80 2 18 163 20 135 3 17 47 22 44 29 36 3 22 60 24 46 27 43 3 2 80 12 68 24 73 2 23 33 29 37 2 4 25 23 26 3 2 30 3 35 28 34
36 2 1 193 2 205 2 2 179 22 183 2 3 140 29 142 2 4 45 26 45 3 5 88 17 63 29 63 3 6 207 10 205 21 186 2 7 78 9 64 2 1 191 8 160 2 9 25 12 28 2 26 192 27 146 3 5 88 10 101 28 122 2 1 200 2 200 3 10 136 11 163 29 150 3 2 32 13 35 24 29 2 5 29 12 34 3 18 25 28 27 30 20 2 13 81 19 78 3 10 161 11 140 29 120 2 14 74 21 71 2 17 179 30 156 2 15 33 25 33 2 16 140 22 146 2 18 136 20 170 2 21 3 25 4 3 10 158 22 158 30 159 2 2 169 22 224 3 17 37 22 45 29 34 3 22 62 24 51 27 48 2 3 173 29 149 3 2 78 12 77 24 63 2 1 147 2 176 2 25 200 26 227 2 1 148 2 198 3 2 34 3 24 28 27 2 23 42 29 36 2 4 29 23 29
36 2 1 193 2 205 2 2 179 22 183 2 3 140 29 142 2 4 45 26 45 3 5 88 17 63 29 63 3 6 207 10 205 21 186 2 7 78 9 64 2 1 191 8 160 2 9 25 12 28 2 26 192 27 146 3 5 88 10 101 28 122 2 1 200 2 200 3 10 136 11 163 29 150 3 2 32 13 35 24 29 2 5 29 12 34 3 18 25 28 27 30 20 2 13 81 19 78 3 10 161 11 140 29 120 2 14 74 21 71 2 17 179 30 156 2 15 33 25 33 2 16 140 22 146 2 18 136 20 170 2 21 3 25 4 3 10 158 22 158 30 159 2 2 169 22 224 3 17 37 22 45 29 34 3 22 62 24 51 27 48 2 3 173 29 149 3 2 78 12 77 24 63 2 1 147 2 176 2 25 200 26 227 2 1 148 2 198 3 2 34 3 24 28 27 2 23 42 29 36 2 4 29 23 29
34 2 23 44 29 42 2 9 21 12 31 2 23 32 29 44 3 10 125 11 127 29 139 2 1 166 2 190 2 23 40 29 39 3 2 31 13 33 24 29 2 21 3 25 3 2 2 185 22 180 2 3 158 29 193 2 4 58 26 48 2 14 66 21 75 3 5 62 17 61 29 89 3 6 159 10 208 21 224 2 4 27 23 23 2 7 72 9 72 2 1 150 8 174 2 1 201 2 182 3 5 102 10 123 28 97 2 5 34 12 32 2 23 42 29 43 2 15 25 25 35 3 17 48 22 44 29 32 2 16 141 22 124 2 17 157 30 166 3 18 22 28 28 30 24 2 13 81 19 107 2 18 137 20 162 3 2 67 12 72 24 58 2 25 179 26 227 3 10 178 22 149 30 132 2 26 198 27 152 3 22 49 24 43 27 44 3 2 24 3 33 28 27
36 3 2 32 13 32 24 32 2 4 30 23 25 2 1 173 2 159 3 2 27 13 29 24 29 2 1 202 8 185 2 2 183 22 216 2 3 166 29 173 2 26 201 27 165 3 6 154 10 178 21 160 2 4 57 26 55 3 5 66 17 69 29 77 3 10 124 11 148 29 136 2 1 185 8 148 2 9 23 12 25 2 3 182 29 139 3 5 86 10 95 28 111 2 7 67 9 61 3 18 20 28 27 30 27 2 16 121 22 131 3 10 170 22 147 30 131 2 5 37 12 31 2 14 78 21 59 2 5 35 12 27 2 15 28 25 29 2 17 132 30 125 2 13 89 19 78 2 4 55 26 45 2 18 156 20 149 2 21 3 25 3 3 17 43 22 39 29 41 2 23 45 29 35 3 2 66 12 68 24 67 2 13 88 19 80 3 22 48 24 60 27 48 2 25 202 26 208 3 2 35 3 27 28 34
32 2 1 178 2 184 2 2 164 22 185 2 3 158 29 183 2 4 45 26 46 3 5 65 17 87 29 75 2 21 3 25 4 2 16 144 22 104 3 10 179 22 155 30 153 3 6 168 10 195 21 181 2 18 131 20 141 2 7 71 9 80 2 1 137 8 167 3 2 31 3 29 28 25 2 1 195 2 150 3 22 46 24 59 27 54 2 9 29 12 25 3 5 116 10 123 28 102 3 10 160 11 138 29 139 2 5 31 12 39 2 26 203 27 160 3 2 29 13 29 24 35 2 14 57 21 76 2 15 32 25 28 2 2 193 22 214 2 17 178 30 135 3 18 22 28 20 30 27 2 23 35 29 35 2 13 93 19 108 3 17 41 22 44 29 33 2 4 24 23 30 3 2 69 12 55 24 78 2 25 200 26 226
32 2 1 178 2 184 2 2 164 22 185 2 3 158 29 183 2 4 45 26 46 3 5 65 17 87 29 75 2 21 3 25 4 2 16 144 22 104 3 10 179 22 155 30 153 3 6 168 10 195 21 181 2 18 131 20 141 2 7 71 9 80 2 1 137 8 167 3 2 31 3 29 28 25 2 1 195 2 150 3 22 46 24 59 27 54 2 9 29 12 25 3 5 116 10 123 28 102 3 10 160 11 138 29 139 2 5 31 12 39 2 26 203 27 160 3 2 29 13 29 24 35 2 14 57 21 76 2 15 32 25 28 2 2 193 22 214 2 17 178 30 135 3 18 22 28 20 30 27 2 23 35 29 35 2 13 93 19 108 3 17 41 22 44 29 33 2 4 24 23 30 3 2 69 12 55 24 78 2 25 200 26 226
32 2 1 178 2 184 2 2 164 22 185 2 3 158 29 183 2 4 45 26 46 3 5 65 17 87 29 75 2 21 3 25 4 2 16 144 22 104 3 10 179 22 155 30 153 3 6 168 10 195 21 181 2 18 131 20 141 2 7 71 9 80 2 1 137 8 167 3 2 31 3 29 28 25 2 1 195 2 150 3 22 46 24 59 27 54 2 9 29 12 25 3 5 116 10 123 28 102 3 10 160 11 138 29 139 2 5 31 12 39 2 26 203 27 160 3 2 29 13 29 24 35 2 14 57 21 76 2 15 32 25 28 2 2 193 22 214 2 17 178 30 135 3 18 22 28 20 30 27 2 23 35 29 35 2 13 93 19 108 3 17 41 22 44 29 33 2 4 24 23 30 3 2 69 12 55 24 78 2 25 200 26 226
37 2 1 151 2 148 3 10 119 11 113 29 158 2 2 177 22 169 2 3 146 29 143 2 4 53 26 53 2 13 100 19 106 2 21 3 25 3 3 5 75 17 66 29 65 3 6 224 10 156 21 201 2 7 79 9 71 2 1 202 8 158 2 7 68 9 79 2 25 206 26 160 2 9 29 12 27 3 5 99 10 125 28 102 2 21 4 25 4 2 5 26 12 28 3 2 31 13 35 24 29 2 14 82 21 70 3 10 136 11 111 29 135 2 15 34 25 27 2 16 110 22 111 2 15 31 25 33 2 17 132 30 180 3 18 19 28 20 30 26 3 10 171 22 124 30 156 3 22 50 24 48 27 52 2 18 150 20 131 3 2 27 3 35 28 29 3 5 85 10 85 28 84 3 17 48 22 45 29 34 2 4 53 26 59 3 2 68 12 73 24 58 2 4 25 23 23 2 21 4 25 3 2 26 183 27 188 2 23 40 29 43
37 2 1 151 2 148 3 10 119 11 113 29 158 2 2 177 22 169 2 3 146 29 143 2 4 53 26 53 2 13 100 19 106 2 21 3 25 3 3 5 75 17 66 29 65 3 6 224 10 156 21 201 2 7 79 9 71 2 1 202 8 158 2 7 68 9 79 2 25 206 26 160 2 9 29 12 27 3 5 99 10 125 28 102 2 21 4 25 4 2 5 26 12 28 3 2 31 13 35 24 29 2 14 82 21 70 3 10 136 11 111 29 135 2 15 34 25 27 2 16 110 22 111 2 15 31 25 33 2 17 132 30 180 3 18 19 28 20 30 26 3 10 171 22 124 30 156 3 22 50 24 48 27 52 2 18 150 20 131 3 2 27 3 35 28 29 3 5 85 10 85 28 84 3 17 48 22 45 29 34 2 4 53 26 59 3 2 68 12 73 24 58 2 4 25 23 23 2 21 4 25 3 2 26 183 27 188 2 23 40 29 43
35 2 1 148 2 155 2 2 216 22 209 2 3 161 29 185 3 10 154 22 125 30 158 3 2 25 13 36 24 30 2 4 49 26 52 3 5 81 17 67 29 71 3 6 184 10 184 21 218 2 9 26 12 26 2 26 200 27 199 2 13 101 19 83 3 10 135 22 124 30 151 2 7 62 9 78 2 1 160 8 164 3 18 25 28 20 30 23 3 5 116 10 117 28 114 3 6 180 10 162 21 172 3 10 160 11 127 29 122 2 5 37 12 28 2 14 76 21 66 3 5 85 10 124 28 117 2 16 115 22 149 2 15 25 25 28 2 17 125 30 185 2 21 4 25 3 2 18 150 20 140 3 5 103 10 98 28 96 3 17 47 22 33 29 44 2 17 178 30 126 3 2 63 12 76 24 56 2 23 42 29 43 2 4 22 23 23 2 25 195 26 221 3 2 31 3 25 28 31 3 22 52 24 50 27 57
36 2 1 143 2 205 2 2 167 22 167 2 3 180 29 156 2 4 43 26 41 3 5 66 17 89 29 76 3 6 175 10 209 21 214 2 7 78 9 84 2 1 164 8 174 2 9 30 12 27 2 26 173 27 182 3 5 102 10 112 28 87 2 1 183 2 184 3 10 163 11 127 29 117 3 2 33 13 33 24 37 2 5 32 12 36 3 18 21 28 27 30 26 2 13 100 19 104 3 10 113 11 111 29 139 2 14 57 21 79 2 17 175 30 140 2 15 28 25 27 2 16 132 22 118 2 18 164 20 181 2 21 3 25 4 3 10 143 22 177 30 133 2 2 171 22 206 3 17 35 22 34 29 36 3 22 58 24 43 27 42 2 3 182 29 131 3 2 73 12 75 24 72 2 1 172 2 162 2 25 164 26 186 2 1 163 2 143 3 2 32 3 35 28 29 2 23 35 29 36 2 4 26 23 26
36 2 1 174 2 181 2 21 3 25 4 3 18 28 28 19 30 20 2 2 186 22 204 2 3 174 29 136 2 4 51 26 55 2 5 33 12 37 3 5 63 17 84 29 76 3 10 169 22 174 30 149 3 6 166 10 168 21 222 2 1 205 2 206 3 10 152 11 114 29 162 2 7 61 9 61 2 1 135 8 193 2 9 28 12 31 3 5 99 10 90 28 85 2 1 167 8 177 3 2 37 13 34 24 31 3 2 32 3 27 28 25 3 2 29 13 31 24 37 2 18 149 20 137 2 14 82 21 74 2 9 23 12 29 2 15 30 25 28 3 17 41 22 43 29 40 2 26 184 27 137 2 16 109 22 134 2 18 164 20 164 2 17 182 30 156 2 1 168 2 174 2 13 94 19 104 2 25 207 26 200 2 4 26 23 27 3 2 78 12 65 24 64 2 23 34 29 37 3 22 48 24 48 27 61
34 2 2 158 22 164 2 1 191 2 141 3 6 214 10 156 21 173 2 3 190 29 142 2 4 44 26 58 2 4 26 23 30 2 23 47 29 36 3 5 75 17 85 29 61 2 1 192 2 172 3 10 128 11 120 29 155 2 7 62 9 69 2 1 135 8 160 2 9 23 12 29 2 26 202 27 175 3 22 48 24 45 27 58 2 3 168 29 172 2 5 30 12 33 3 5 102 10 121 28 115 3 2 35 13 29 24 30 2 14 57 21 83 2 17 124 30 139 2 15 32 25 33 2 7 80 9 78 3 2 61 12 67 24 63 2 21 4 25 3 2 16 125 22 129 3 18 26 28 19 30 28 2 13 100 19 79 3 17 38 22 36 29 32 2 14 61 21 77 2 25 227 26 187 2 18 134 20 165 3 10 149 22 175 30 134 3 2 27 3 28 28 34
34 2 2 158 22 164 2 1 191 2 141 3 6 214 10 156 21 173 2 3 190 29 142 2 4 44 26 58 2 4 26 23 30 2 23 47 29 36 3 5 75 17 85 29 61 2 1 192 2 172 3 10 128 11 120 29 155 2 7 62 9 69 2 1 135 8 160 2 9 23 12 29 2 26 202 27 175 3 22 48 24 45 27 58 2 3 168 29 172 2 5 30 12 33 3 5 102 10 121 28 115 3 2 35 13 29 24 30 2 14 57 21 83 2 17 124 30 139 2 15 32 25 33 2 7 80 9 78 3 2 61 12 67 24 63 2 21 4 25 3 2 16 125 22 129 3 18 26 28 19 30 28 2 13 100 19 79 3 17 38 22 36 29 32 2 14 61 21 77 2 25 227 26 187 2 18 134 20 165 3 10 149 22 175 30 134 3 2 27 3 28 28 34
34 2 2 158 22 164 2 1 191 2 141 3 6 214 10 156 21 173 2 3 190 29 142 2 4 44 26 58 2 4 26 23 30 2 23 47 29 36 3 5 75 17 85 29 61 2 1 192 2 172 3 10 128 11 120 29 155 2 7 62 9 69 2 1 135 8 160 2 9 23 12 29 2 26 202 27 175 3 22 48 24 45 27 58 2 3 168 29 172 2 5 30 12 33 3 5 102 10 121 28 115 3 2 35 13 29 24 30 2 14 57 21 83 2 17 124 30 139 2 15 32 25 33 2 7 80 9 78 3 2 61 12 67 24 63 2 21 4 25 3 2 16 125 22 129 3 18 26 28 19 30 28 2 13 100 19 79 3 17 38 22 36 29 32 2 14 61 21 77 2 25 227 26 187 2 18 134 20 165 3 10 149 22 175 30 134 3 2 27 3 28 28 34
37 2 14 75 21 70 3 6 219 10 158 21 167 2 1 160 2 162 2 1 189 8 160 2 1 180 2 154 2 2 202 22 203 2 1 200 2 186 2 3 155 29 161 2 4 48 26 42 2 4 27 23 28 3 5 82 17 70 29 71 2 14 62 21 76 3 17 46 22 38 29 36 2 23 36 29 47 2 7 86 9 83 2 3 170 29 181 2 9 24 12 25 3 5 106 10 85 28 97 2 9 29 12 23 3 2 25 3 33 28 35 3 10 121 11 122 29 119 2 15 26 25 34 2 5 31 12 26 2 25 156 26 154 3 2 34 13 37 24 37 2 16 127 22 105 2 17 158 30 135 2 13 91 19 79 2 16 103 22 153 2 26 142 27 144 3 18 24 28 27 30 19 3 10 140 22 144 30 177 3 2 75 12 61 24 64 2 18 140 20 129 2 21 4 25 4 2 17 175 30 155 3 22 54 24 61 27 44
37 2 14 75 21 70 3 6 219 10 158 21 167 2 1 160 2 162 2 1 189 8 160 2 1 180 2 154 2 2 202 22 203 2 1 200 2 186 2 3 155 29 161 2 4 48 26 42 2 4 27 23 28 3 5 82 17 70 29 71 2 14 62 21 76 3 17 46 22 38 29 36 2 23 36 29 47 2 7 86 9 83 2 3 170 29 181 2 9 24 12 25 3 5 106 10 85 28 97 2 9 29 12 23 3 2 25 3 33 28 35 3 10 121 11 122 29 119 2 15 26 25 34 2 5 31 12 26 2 25 156 26 154 3 2 34 13 37 24 37 2 16 127 22 105 2 17 158 30 135 2 13 91 19 79 2 16 103 22 153 2 26 142 27 144 3 18 24 28 27 30 19 3 10 140 22 144 30 177 3 2 75 12 61 24 64 2 18 140 20 129 2 21 4 25 4 2 17 175 30 155 3 22 54 24 61 27 44
37 2 14 75 21 70 3 6 219 10 158 21 167 2 1 160 2 162 2 1 189 8 160 2 1 180 2 154 2 2 202 22 203 2 1 200 2 186 2 3 155 29 161 2 4 48 26 42 2 4 27 23 28 3 5 82 17 70 29 71 2 14 62 21 76 3 17 46 22 38 29 36 2 23 36 29 47 2 7 86 9 83 2 3 170 29 181 2 9 24 12 25 3 5 106 10 85 28 97 2 9 29 12 23 3 2 25 3 33 28 35 3 10 121 11 122 29 119 2 15 26 25 34 2 5 31 12 26 2 25 156 26 154 3 2 34 13 37 24 37 2 16 127 22 105 2 17 158 30 135 2 13 91 19 79 2 16 103 22 153 2 26 142 27 144 3 18 24 28 27 30 19 3 10 140 22 144 30 177 3 2 75 12 61 24 64 2 18 140 20 129 2 21 4 25 4 2 17 175 30 155 3 22 54 24 61 27 44
39 2 1 178 2 180 2 2 216 22 204 2 3 145 29 176 2 2 160 22 180 2 4 42 26 58 2 18 161 20 158 2 15 30 25 26 3 22 43 24 61 27 61 3 5 86 17 83 29 75 2 3 176 29 164 3 6 188 10 180 21 206 2 15 24 25 24 2 7 64 9 69 3 10 125 11 144 29 140 2 1 150 8 152 2 9 30 12 26 3 5 93 10 114 28 121 2 5 27 12 29 2 13 116 19 92 3 10 164 11 116 29 148 3 2 27 13 32 24 27 2 14 78 21 67 2 16 103 22 110 2 17 170 30 176 2 18 131 20 175 2 23 32 29 37 3 2 31 3 25 28 25 2 3 174 29 146 3 18 28 28 27 30 21 2 21 3 25 4 2 15 29 25 29 3 2 70 12 75 24 75 3 22 56 24 51 27 55 3 17 42 22 39 29 38 3 10 140 22 141 30 148 2 14 63 21 61 2 4 23 23 30 2 25 209 26 171 2 26 195 27 139
39 2 1 178 2 180 2 2 216 22 204 2 3 145 29 176 2 2 160 22 180 2 4 42 26 58 2 18 161 20 158 2 15 30 25 26 3 22 43 24 61 27 61 3 5 86 17 83 29 75 2 3 176 29 164 3 6 188 10 180 21 206 2 15 24 25 24 2 7 64 9 69 3 10 125 11 144 29 140 2 1 150 8 152 2 9 30 12 26 3 5 93 10 114 28 121 2 5 27 12 29 2 13 116 19 92 3 10 164 11 116 29 148 3 2 27 13 32 24 27 2 14 78 21 67 2 16 103 22 110 2 17 170 30 176 2 18 131 20 175 2 23 32 29 37 3 2 31 3 25 28 25 2 3 174 29 146 3 18 28 28 27 30 21 2 21 3 25 4 2 15 29 25 29 3 2 70 12 75 24 75 3 22 56 24 51 27 55 3 17 42 22 39 29 38 3 10 140 22 141 30 148 2 14 63 21 61 2 4 23 23 30 2 25 209 26 171 2 26 195 27 139
34 2 23 40 29 45 2 9 29 12 24 2 23 41 29 43 3 10 144 11 137 29 115 2 1 191 2 170 2 23 32 29 46 3 2 26 13 27 24 31 2 21 3 25 3 2 2 185 22 182 2 3 145 29 148 2 4 48 26 58 2 14 72 21 60 3 5 89 17 65 29 80 3 6 199 10 224 21 178 2 4 29 23 24 2 7 76 9 79 2 1 140 8 194 2 1 190 2 170 3 5 94 10 100 28 90 2 5 29 12 27 2 23 37 29 35 2 15 32 25 30 3 17 36 22 34 29 42 2 16 109 22 115 2 17 127 30 139 3 18 27 28 25 30 27 2 13 99 19 98 2 18 150 20 155 3 2 55 12 65 24 56 2 25 176 26 210 3 10 180 22 135 30 181 2 26 186 27 154 3 22 56 24 44 27 61 3 2 34 3 26 28 32
34 2 23 40 29 45 2 9 29 12 24 2 23 41 29 43 3 10 144 11 137 29 115 2 1 191 2 170 2 23 32 29 46 3 2 26 13 27 24 31 2 21 3 25 3 2 2 185 22 182 2 3 145 29 148 2 4 48 26 58 2 14 72 21 60 3 5 89 17 65 29 80 3 6 199 10 224 21 178 2 4 29 23 24 2 7 76 9 79 2 1 140 8 194 2 1 190 2 170 3 5 94 10 100 28 90 2 5 29 12 27 2 23 37 29 35 2 15 32 25 30 3 17 36 22 34 29 42 2 16 109 22 115 2 17 127 30 139 3 18 27 28 25 30 27 2 13 99 19 98 2 18 150 20 155 3 2 55 12 65 24 56 2 25 176 26 210 3 10 180 22 135 30 181 2 26 186 27 154 3 22 56 24 44 27 61 3 2 34 3 26 28 32
39 2 1 164 2 166 2 2 200 22 177 2 3 152 29 140 2 2 222 22 178 2 4 42 26 43 2 18 157 20 183 2 15 26 25 33 3 22 57 24 49 27 55 3 5 87 17 66 29 70 2 3 159 29 194 3 6 166 10 195 21 216 2 15 35 25 26 2 7 74 9 88 3 10 135 11 131 29 111 2 1 141 8 180 2 9 24 12 29 3 5 90 10 120 28 101 2 5 37 12 28 2 13 104 19 108 3 10 132 11 156 29 155 3 2 37 13 32 24 28 2 14 71 21 75 2 16 144 22 154 2 17 152 30 164 2 18 132 20 160 2 23 33 29 40 3 2 33 3 31 28 32 2 3 154 29 136 3 18 26 28 26 30 20 2 21 3 25 3 2 15 28 25 35 3 2 62 12 75 24 55 3 22 42 24 41 27 49 3 17 36 22 32 29 46 3 10 128 22 166 30 175 2 14 74 21 58 2 4 29 23 31 2 25 217 26 172 2 26 162 27 174
34 2 2 211 22 159 2 1 152 2 178 3 6 174 10 191 21 189 2 3 180 29 162 2 4 60 26 43 2 4 24 23 24 2 23 43 29 34 3 5 84 17 76 29 73 2 1 143 2 184 3 10 135 11 158 29 161 2 7 74 9 81 2 1 180 8 188 2 9 25 12 27 2 26 147 27 176 3 22 61 24 59 27 61 2 3 167 29 145 2 5 28 12 38 3 5 92 10 107 28 100 3 2 35 13 33 24 26 2 14 61 21 70 2 17 180 30 156 2 15 26 25 35 2 7 87 9 76 3 2 79 12 56 24 54 2 21 3 25 3 2 16 144 22 108 3 18 22 28 26 30 28 2 13 114 19 82 3 17 42 22 33 29 46 2 14 59 21 74 2 25 213 26 218 2 18 146 20 135 3 10 139 22 147 30 127 3 2 28 3 30 28 27
34 2 1 195 2 195 2 2 197 22 224 2 23 46 29 44 2 3 179 29 152 2 4 51 26 56 3 5 68 17 68 29 61 3 17 34 22 40 29 47 3 6 195 10 151 21 191 2 7 63 9 64 3 5 72 17 82 29 67 2 1 167 8 164 2 9 24 12 23 3 5 85 10 122 28 125 3 10 112 11 118 29 132 2 18 131 20 149 2 5 33 12 30 3 2 36 13 26 24 32 2 14 74 21 58 3 5 110 10 99 28 96 2 15 33 25 27 2 25 200 26 170 3 2 24 3 35 28 28 2 16 107 22 132 3 2 33 13 33 24 37 2 21 3 25 3 2 4 29 23 26 2 5 39 12 33 2 17 153 30 162 3 18 23 28 22 30 21 2 13 84 19 106 3 2 70 12 71 24 56 2 26 186 27 204 3 22 49 24 42 27 60 3 10 165 22 124 30 146
34 2 1 195 2 195 2 2 197 22 224 2 23 46 29 44 2 3 179 29 152 2 4 51 26 56 3 5 68 17 68 29 61 3 17 34 22 40 29 47 3 6 195 10 151 21 191 2 7 63 9 64 3 5 72 17 82 29 67 2 1 167 8 164 2 9 24 12 23 3 5 85 10 122 28 125 3 10 112 11 118 29 132 2 18 131 20 149 2 5 33 12 30 3 2 36 13 26 24 32 2 14 74 21 58 3 5 110 10 99 28 96 2 15 33 25 27 2 25 200 26 170 3 2 24 3 35 28 28 2 16 107 22 132 3 2 33 13 33 24 37 2 21 3 25 3 2 4 29 23 26 2 5 39 12 33 2 17 153 30 162 3 18 23 28 22 30 21 2 13 84 19 106 3 2 70 12 71 24 56 2 26 186 27 204 3 22 49 24 42 27 60 3 10 165 22 124 30 146
32 2 1 143 2 180 2 2 196 22 190 2 3 171 29 180 2 4 56 26 48 3 5 70 17 60 29 84 2 21 4 25 3 2 16 113 22 122 3 10 143 22 137 30 175 3 6 217 10 214 21 182 2 18 128 20 131 2 7 73 9 70 2 1 150 8 136 3 2 26 3 24 28 29 2 1 175 2 205 3 22 52 24 51 27 52 2 9 27 12 27 3 5 120 10 110 28 85 3 10 146 11 150 29 150 2 5 34 12 38 2 26 201 27 147 3 2 35 13 30 24 30 2 14 58 21 81 2 15 26 25 26 2 2 207 22 206 2 17 150 30 150 3 18 21 28 26 30 20 2 23 47 29 46 2 13 90 19 100 3 17 41 22 43 29 32 2 4 24 23 23 3 2 69 12 73 24 56 2 25 207 26 192
32 2 1 143 2 180 2 2 196 22 190 2 3 171 29 180 2 4 56 26 48 3 5 70 17 60 29 84 2 21 4 25 3 2 16 113 22 122 3 10 143 22 137 30 175 3 6 217 10 214 21 182 2 18 128 20 131 2 7 73 9 70 2 1 150 8 136 3 2 26 3 24 28 29 2 1 175 2 205 3 22 52 24 51 27 52 2 9 27 12 27 3 5 120 10 110 28 85 3 10 146 11 150 29 150 2 5 34 12 38 2 26 201 27 147 3 2 35 13 30 24 30 2 14 58 21 81 2 15 26 25 26 2 2 207 22 206 2 17 150 30 150 3 18 21 28 26 30 20 2 23 47 29 46 2 13 90 19 100 3 17 41 22 43 29 32 2 4 24 23 23 3 2 69 12 73 24 56 2 25 207 26 192
37 2 1 178 2 145 2 2 173 22 185 2 4 62 26 52 2 1 138 2 193 2 3 165 29 192 2 9 29 12 32 3 5 107 10 122 28 102 3 5 63 17 76 29 68 2 2 158 22 163 3 6 197 10 192 21 181 2 4 43 26 58 2 7 68 9 63 2 1 168 8 136 3 6 173 10 151 21 205 3 10 154 11 144 29 131 2 1 169 2 194 2 5 29 12 34 2 16 131 22 107 2 25 160 26 168 2 18 166 20 131 3 2 27 13 36 24 34 2 14 80 21 80 2 15 32 25 25 2 17 163 30 153 3 18 28 28 27 30 20 3 22 44 24 52 27 50 2 13 101 19 102 2 21 4 25 4 2 23 40 29 43 3 17 48 22 35 29 44 2 17 132 30 174 2 4 24 23 23 2 13 116 19 105 3 2 59 12 69 24 70 3 10 125 22 130 30 157 2 26 200 27 140 3 2 27 3 27 28 34
35 2 25 175 26 187 2 1 207 2 171 2 2 182 22 200 2 23 35 29 47 2 3 132 29 133 2 4 57 26 46 2 1 187 8 170 2 3 180 29 155 3 10 181 22 142 30 159 3 5 70 17 76 29 89 3 6 174 10 187 21 210 2 7 67 9 75 3 2 59 12 73 24 81 2 9 29 12 24 3 5 116 10 108 28 113 3 10 147 22 174 30 139 3 10 157 11 119 29 136 2 5 39 12 35 2 4 26 23 26 3 10 139 22 136 30 122 3 2 28 13 35 24 32 2 14 79 21 79 2 17 177 30 159 2 15 28 25 35 2 16 153 22 104 3 18 26 28 21 30 24 2 13 100 19 89 2 25 175 26 171 3 2 25 3 27 28 25 2 2 156 22 184 2 18 150 20 127 2 21 3 25 4 3 17 38 22 34 29 43 2 26 145 27 187 3 22 58 24 46 27 58
36 2 1 164 2 166 2 2 167 22 183 2 3 185 29 187 2 4 48 26 56 3 5 60 17 85 29 80 3 6 162 10 197 21 221 2 7 82 9 75 2 1 171 8 169 2 9 30 12 26 2 26 193 27 179 3 5 100 10 107 28 106 2 1 187 2 203 3 10 145 11 147 29 142 3 2 34 13 27 24 33 2 5 32 12 36 3 18 21 28 21 30 21 2 13 85 19 109 3 10 113 11 152 29 157 2 14 63 21 61 2 17 173 30 142 2 15 25 25 25 2 16 135 22 134 2 18 175 20 141 2 21 3 25 3 3 10 179 22 145 30 180 2 2 170 22 183 3 17 48 22 45 29 43 3 22 45 24 53 27 48 2 3 188 29 171 3 2 66 12 68 24 55 2 1 148 2 192 2 25 201 26 167 2 1 142 2 193 3 2 29 3 28 28 25 2 23 38 29 43 2 4 21 23 26
36 2 1 164 2 166 2 2 167 22 183 2 3 185 29 187 2 4 48 26 56 3 5 60 17 85 29 80 3 6 162 10 197 21 221 2 7 82 9 75 2 1 171 8 169 2 9 30 12 26 2 26 193 27 179 3 5 100 10 107 28 106 2 1 187 2 203 3 10 145 11 147 29 142 3 2 34 13 27 24 33 2 5 32 12 36 3 18 21 28 21 30 21 2 13 85 19 109 3 10 113 11 152 29 157 2 14 63 21 61 2 17 173 30 142 2 15 25 25 25 2 16 135 22 134 2 18 175 20 141 2 21 3 25 3 3 10 179 22 145 30 180 2 2 170 22 183 3 17 48 22 45 29 43 3 22 45 24 53 27 48 2 3 188 29 171 3 2 66 12 68 24 55 2 1 148 2 192 2 25 201 26 167 2 1 142 2 193 3 2 29 3 28 28 25 2 23 38 29 43 2 4 21 23 26
37 2 1 201 2 192 3 10 130 11 137 29 150 2 2 157 22 154 2 3 149 29 167 2 4 56 26 41 2 13 90 19 81 2 21 4 25 3 3 5 76 17 77 29 82 3 6 184 10 211 21 207 2 7 86 9 68 2 1 142 8 161 2 7 76 9 74 2 25 210 26 158 2 9 32 12 28 3 5 97 10 110 28 96 2 21 4 25 4 2 5 39 12 31 3 2 34 13 38 24 27 2 14 84 21 79 3 10 125 11 113 29 120 2 15 30 25 30 2 16 142 22 149 2 15 24 25 31 2 17 172 30 173 3 18 21 28 25 30 20 3 10 161 22 166 30 145 3 22 46 24 56 27 44 2 18 146 20 125 3 2 27 3 35 28 33 3 5 102 10 93 28 117 3 17 33 22 41 29 47 2 4 51 26 57 3 2 56 12 57 24 79 2 4 25 23 24 2 21 4 25 4 2 26 193 27 195 2 23 35 29 37
37 2 1 201 2 192 3 10 130 11 137 29 150 2 2 157 22 154 2 3 149 29 167 2 4 56 26 41 2 13 90 19 81 2 21 4 25 3 3 5 76 17 77 29 82 3 6 184 10 211 21 207 2 7 86 9 68 2 1 142 8 161 2 7 76 9 74 2 25 210 26 158 2 9 32 12 28 3 5 97 10 110 28 96 2 21 4 25 4 2 5 39 12 31 3 2 34 13 38 24 27 2 14 84 21 79 3 10 125 11 113 29 120 2 15 30 25 30 2 16 142 22 149 2 15 24 25 31 2 17 172 30 173 3 18 21 28 25 30 20 3 10 161 22 166 30 145 3 22 46 24 56 27 44 2 18 146 20 125 3 2 27 3 35 28 33 3 5 102 10 93 28 117 3 17 33 22 41 29 47 2 4 51 26 57 3 2 56 12 57 24 79 2 4 25 23 24 2 21 4 25 4 2 26 193 27 195 2 23 35 29 37
36 2 1 167 2 171 2 2 218 22 187 2 3 147 29 184 2 4 42 26 56 3 5 76 17 83 29 85 3 6 197 10 207 21 199 2 7 70 9 86 2 1 135 8 171 2 9 27 12 29 2 26 184 27 150 3 5 86 10 116 28 100 2 1 146 2 156 3 10 155 11 142 29 144 3 2 35 13 35 24 31 2 5 34 12 34 3 18 25 28 25 30 19 2 13 90 19 102 3 10 150 11 137 29 158 2 14 64 21 60 2 17 124 30 159 2 15 27 25 24 2 16 116 22 135 2 18 127 20 154 2 21 4 25 4 3 10 172 22 161 30 141 2 2 185 22 192 3 17 34 22 44 29 43 3 22 45 24 50 27 44 2 3 162 29 142 3 2 56 12 56 24 68 2 1 196 2 164 2 25 211 26 218 2 1 180 2 173 3 2 28 3 33 28 27 2 23 47 29 38 2 4 28 23 29
36 2 1 167 2 171 2 2 218 22 187 2 3 147 29 184 2 4 42 26 56 3 5 76 17 83 29 85 3 6 197 10 207 21 199 2 7 70 9 86 2 1 135 8 171 2 9 27 12 29 2 26 184 27 150 3 5 86 10 116 28 100 2 1 146 2 156 3 10 155 11 142 29 144 3 2 35 13 35 24 31 2 5 34 12 34 3 18 25 28 25 30 19 2 13 90 19 102 3 10 150 11 137 29 158 2 14 64 21 60 2 17 124 30 159 2 15 27 25 24 2 16 116 22 135 2 18 127 20 154 2 21 4 25 4 3 10 172 22 161 30 141 2 2 185 22 192 3 17 34 22 44 29 43 3 22 45 24 50 27 44 2 3 162 29 142 3 2 56 12 56 24 68 2 1 196 2 164 2 25 211 26 218 2 1 180 2 173 3 2 28 3 33 28 27 2 23 47 29 38 2 4 28 23 29
37 2 1 193 2 166 3 10 158 11 156 29 140 2 2 218 22 195 2 3 155 29 193 2 4 55 26 45 2 13 98 19 96 2 21 3 25 3 3 5 66 17 73 29 87 3 6 163 10 188 21 210 2 7 61 9 79 2 1 174 8 189 2 7 67 9 83 2 25 168 26 229 2 9 32 12 30 3 5 101 10 119 28 110 2 21 3 25 4 2 5 33 12 30 3 2 35 13 35 24 26 2 14 73 21 59 3 10 148 11 134 29 136 2 15 28 25 26 2 16 125 22 131 2 15 35 25 33 2 17 136 30 184 3 18 21 28 24 30 21 3 10 137 22 167 30 128 3 22 52 24 43 27 43 2 18 144 20 176 3 2 28 3 27 28 26 3 5 90 10 103 28 122 3 17 40 22 35 29 43 2 4 48 26 51 3 2 69 12 68 24 59 2 4 31 23 24 2 21 4 25 3 2 26 160 27 167 2 23 33 29 38
37 2 1 193 2 166 3 10 158 11 156 29 140 2 2 218 22 195 2 3 155 29 193 2 4 55 26 45 2 13 98 19 96 2 21 3 25 3 3 5 66 17 73 29 87 3 6 163 10 188 21 210 2 7 61 9 79 2 1 174 8 189 2 7 67 9 83 2 25 168 26 229 2 9 32 12 30 3 5 101 10 119 28 110 2 21 3 25 4 2 5 33 12 30 3 2 35 13 35 24 26 2 14 73 21 59 3 10 148 11 134 29 136 2 15 28 25 26 2 16 125 22 131 2 15 35 25 33 2 17 136 30 184 3 18 21 28 24 30 21 3 10 137 22 167 30 128 3 22 52 24 43 27 43 2 18 144 20 176 3 2 28 3 27 28 26 3 5 90 10 103 28 122 3 17 40 22 35 29 43 2 4 48 26 51 3 2 69 12 68 24 59 2 4 31 23 24 2 21 4 25 3 2 26 160 27 167 2 23 33 29 38
36 3 2 26 13 37 24 37 2 4 32 23 30 2 1 169 2 186 3 2 27 13 31 24 33 2 1 200 8 195 2 2 188 22 190 2 3 133 29 149 2 26 152 27 142 3 6 200 10 202 21 219 2 4 49 26 42 3 5 87 17 70 29 82 3 10 159 11 161 29 139 2 1 167 8 136 2 9 24 12 22 2 3 166 29 144 3 5 92 10 86 28 97 2 7 77 9 60 3 18 25 28 27 30 20 2 16 128 22 135 3 10 124 22 153 30 151 2 5 29 12 33 2 14 76 21 67 2 5 33 12 30 2 15 28 25 33 2 17 147 30 171 2 13 82 19 104 2 4 58 26 59 2 18 130 20 141 2 21 4 25 4 3 17 47 22 40 29 39 2 23 46 29 36 3 2 72 12 77 24 76 2 13 99 19 105 3 22 60 24 50 27 53 2 25 184 26 162 3 2 29 3 24 28 34
37 2 14 79 21 58 3 6 178 10 207 21 155 2 1 206 2 165 2 1 143 8 185 2 1 193 2 184 2 2 196 22 191 2 1 203 2 151 2 3 182 29 170 2 4 59 26 56 2 4 23 23 29 3 5 74 17 60 29 77 2 14 79 21 77 3 17 39 22 44 29 44 2 23 41 29 44 2 7 64 9 82 2 3 172 29 136 2 9 26 12 29 3 5 110 10 84 28 119 2 9 23 12 31 3 2 29 3 35 28 31 3 10 165 11 120 29 117 2 15 28 25 33 2 5 30 12 29 2 25 221 26 158 3 2 33 13 27 24 31 2 16 127 22 144 2 17 148 30 182 2 13 92 19 96 2 16 109 22 104 2 26 141 27 158 3 18 24 28 21 30 20 3 10 138 22 142 30 131 3 2 54 12 66 24 78 2 18 152 20 123 2 21 4 25 4 2 17 127 30 138 3 22 61 24 48 27 44
37 2 1 174 2 169 2 2 188 22 179 2 4 48 26 53 2 1 167 2 191 2 3 144 29 149 2 9 25 12 27 3 5 95 10 125 28 107 3 5 72 17 64 29 62 2 2 188 22 157 3 6 170 10 196 21 192 2 4 61 26 42 2 7 82 9 79 2 1 181 8 170 3 6 208 10 188 21 170 3 10 142 11 113 29 165 2 1 169 2 199 2 5 39 12 36 2 16 116 22 152 2 25 206 26 217 2 18 137 20 149 3 2 28 13 33 24 32 2 14 83 21 67 2 15 26 25 31 2 17 165 30 134 3 18 28 28 20 30 21 3 22 60 24 42 27 49 2 13 95 19 114 2 21 4 25 3 2 23 41 29 38 3 17 45 22 39 29 35 2 17 185 30 124 2 4 22 23 24 2 13 109 19 94 3 2 72 12 59 24 59 3 10 156 22 170 30 140 2 26 193 27 172 3 2 26 3 28 28 34
39 2 1 141 2 183 2 2 213 22 202 2 3 155 29 186 2 2 190 22 164 2 4 59 26 45 2 18 141 20 160 2 15 24 25 31 3 22 42 24 58 27 57 3 5 69 17 61 29 78 2 3 159 29 176 3 6 159 10 162 21 222 2 15 26 25 31 2 7 86 9 67 3 10 138 11 116 29 115 2 1 157 8 159 2 9 32 12 22 3 5 109 10 111 28 116 2 5 27 12 38 2 13 106 19 113 3 10 139 11 144 29 163 3 2 37 13 31 24 32 2 14 78 21 80 2 16 139 22 123 2 17 135 30 135 2 18 170 20 158 2 23 34 29 41 3 2 33 3 24 28 35 2 3 179 29 188 3 18 28 28 25 30 25 2 21 3 25 4 2 15 24 25 33 3 2 68 12 65 24 61 3 22 50 24 59 27 50 3 17 48 22 43 29 47 3 10 173 22 171 30 123 2 14 71 21 67 2 4 21 23 27 2 25 221 26 159 2 26 148 27 185
39 2 1 141 2 183 2 2 213 22 202 2 3 155 29 186 2 2 190 22 164 2 4 59 26 45 2 18 141 20 160 2 15 24 25 31 3 22 42 24 58 27 57 3 5 69 17 61 29 78 2 3 159 29 176 3 6 159 10 162 21 222 2 15 26 25 31 2 7 86 9 67 3 10 138 11 116 29 115 2 1 157 8 159 2 9 32 12 22 3 5 109 10 111 28 116 2 5 27 12 38 2 13 106 19 113 3 10 139 11 144 29 163 3 2 37 13 31 24 32 2 14 78 21 80 2 16 139 22 123 2 17 135 30 135 2 18 170 20 158 2 23 34 29 41 3 2 33 3 24 28 35 2 3 179 29 188 3 18 28 28 25 30 25 2 21 3 25 4 2 15 24 25 33 3 2 68 12 65 24 61 3 22 50 24 59 27 50 3 17 48 22 43 29 47 3 10 173 22 171 30 123 2 14 71 21 67 2 4 21 23 27 2 25 221 26 159 2 26 148 27 185
36 2 1 175 2 179 3 2 37 13 26 24 25 2 17 179 30 168 2 13 114 19 86 2 2 222 22 200 2 3 169 29 195 2 4 49 26 43 3 5 73 17 80 29 64 3 6 170 10 216 21 199 2 7 69 9 82 2 13 88 19 104 2 9 30 12 28 2 13 85 19 111 2 1 200 8 183 3 5 75 17 78 29 60 3 5 106 10 116 28 84 3 10 149 11 118 29 149 2 5 28 12 37 2 7 79 9 78 3 22 46 24 47 27 54 2 25 170 26 196 2 5 36 12 30 3 2 30 3 35 28 27 2 14 81 21 75 2 15 26 25 34 2 16 109 22 147 3 18 25 28 26 30 28 2 26 156 27 196 2 18 172 20 145 2 21 4 25 4 3 10 143 22 158 30 149 3 17 34 22 36 29 35 3 10 163 11 158 29 138 2 4 21 23 24 3 2 77 12 75 24 75 2 23 45 29 42
37 2 14 60 21 60 3 6 154 10 165 21 217 2 1 188 2 165 2 1 157 8 192 2 1 179 2 156 2 2 195 22 164 2 1 186 2 193 2 3 156 29 141 2 4 49 26 61 2 4 25 23 31 3 5 63 17 62 29 83 2 14 59 21 77 3 17 41 22 33 29 35 2 23 45 29 33 2 7 85 9 61 2 3 143 29 170 2 9 24 12 23 3 5 121 10 107 28 120 2 9 31 12 32 3 2 32 3 28 28 28 3 10 136 11 127 29 164 2 15 30 25 34 2 5 26 12 30 2 25 200 26 157 3 2 32 13 35 24 30 2 16 105 22 125 2 17 171 30 175 2 13 106 19 93 2 16 151 22 144 2 26 192 27 158 3 18 20 28 27 30 21 3 10 181 22 137 30 135 3 2 70 12 61 24 63 2 18 183 20 157 2 21 3 25 3 2 17 147 30 140 3 22 54 24 46 27 50
38 2 1 161 2 172 3 22 46 24 44 27 47 2 21 4 25 4 2 1 143 2 162 2 2 174 22 189 2 21 4 25 4 2 3 171 29 167 3 22 42 24 45 27 56 2 4 56 26 56 2 4 25 23 29 3 5 80 17 79 29 80 3 22 54 24 51 27 58 3 6 155 10 171 21 157 3 5 88 17 84 29 76 2 7 83 9 66 3 10 163 11 111 29 142 3 5 63 17 71 29 76 2 1 141 8 164 2 9 31 12 22 3 2 58 12 72 24 70 3 5 119 10 97 28 91 2 5 30 12 28 3 2 26 13 37 24 31 2 17 134 30 167 2 13 79 19 90 2 14 57 21 68 2 15 30 25 34 2 4 25 23 26 2 16 113 22 115 3 18 19 28 24 30 23 2 7 67 9 60 3 17 34 22 39 29 40 2 18 137 20 180 2 26 203 27 165 3 2 32 3 32 28 34 2 23 36 29 37 2 25 183 26 206 3 10 158 22 133 30 145
DUE_DATES: 7265 7265 7265 7540 7990 7990 6443 6776 6557 6557 6557 6409 6409 7206 7739 7335 6640 6640 6640 7374 7374 7374 7738 7738 6276 6276 7800 6760 6245 6245 6511 6511 7682 7416 7936 7936 6592 6592 7800 7800 6695 6695 6800 7471 7896 7821 7821 7052 7566 6629
WEIGHTS: 3 1 3 2 3 1 2 1 1 3 1 2 3 2 1 3 3 2 2 3 2 3 2 3 3 1 1 3 1 3 3 1 2 2 1 2 1 3 3 2 1 2 3 2 2 2 3 1 1 1
