50 30
35 2 1 76 29 59 3 4 42 11 39 15 55 3 2 155 23 188 30 199 2 3 142 4 134 2 4 103 12 77 3 4 38 11 46 15 47 3 15 136 16 136 22 137 2 18 166 19 161 2 21 6 24 5 2 5 24 18 22 2 6 102 24 132 3 7 19 11 19 14 18 3 8 118 18 126 28 129 3 5 33 14 29 23 34 3 1 111 9 107 18 109 3 5 26 14 29 23 34 2 6 170 26 139 2 8 178 12 172 2 10 168 13 169 3 12 136 14 136 16 163 2 23 167 25 113 2 1 81 29 81 3 1 159 8 207 15 170 3 1 117 9 133 18 132 3 6 168 13 143 20 172 2 17 77 28 91 3 12 189 14 180 16 180 2 13 167 29 133 2 18 215 29 159 3 3 23 20 23 23 25 3 17 202 24 164 25 199 4 17 196 18 190 19 173 27 236 3 9 70 18 82 22 82 2 21 173 25 200 3 19 142 21 120 30 149
36 2 1 82 29 73 3 2 203 23 192 30 174 3 12 154 14 131 16 188 2 3 162 4 178 2 5 17 18 22 2 4 86 12 79 2 6 101 24 91 3 7 19 11 17 14 19 2 8 164 12 205 3 1 145 9 144 18 130 2 6 125 24 107 2 10 181 13 150 2 5 20 18 17 2 13 144 29 125 3 8 154 18 141 28 158 2 5 21 18 18 2 6 182 26 152 3 4 52 11 55 15 49 3 3 25 20 26 23 21 3 6 182 13 188 20 161 3 12 172 14 151 16 183 2 18 170 19 184 2 18 231 29 232 3 2 169 23 196 30 214 2 23 162 25 139 3 5 32 14 28 23 30 3 1 149 8 162 15 195 2 21 178 25 197 3 15 126 16 114 22 125 2 17 100 28 87 2 21 8 24 7 3 9 74 18 79 22 82 3 17 191 24 218 25 189 3 1 186 8 207 15 152 4 17 204 18 229 19 212 27 208 3 19 104 21 126 30 104
36 2 1 82 29 73 3 2 203 23 192 30 174 3 12 154 14 131 16 188 2 3 162 4 178 2 5 17 18 22 2 4 86 12 79 2 6 101 24 91 3 7 19 11 17 14 19 2 8 164 12 205 3 1 145 9 144 18 130 2 6 125 24 107 2 10 181 13 150 2 5 20 18 17 2 13 144 29 125 3 8 154 18 141 28 158 2 5 21 18 18 2 6 182 26 152 3 4 52 11 55 15 49 3 3 25 20 26 23 21 3 6 182 13 188 20 161 3 12 172 14 151 16 183 2 18 170 19 184 2 18 231 29 232 3 2 169 23 196 30 214 2 23 162 25 139 3 5 32 14 28 23 30 3 1 149 8 162 15 195 2 21 178 25 197 3 15 126 16 114 22 125 2 17 100 28 87 2 21 8 24 7 3 9 74 18 79 22 82 3 17 191 24 218 25 189 3 1 186 8 207 15 152 4 17 204 18 229 19 212 27 208 3 19 104 21 126 30 104
32 2 23 166 25 147 3 2 177 23 186 30 214 2 1 69 29 80 2 10 180 13 137 2 3 195 4 168 2 18 202 29 188 3 5 25 14 27 23 23 2 4 102 12 88 2 5 22 18 17 2 6 141 26 136 2 6 131 24 108 3 8 114 18 152 28 119 3 7 22 11 18 14 16 3 9 58 18 62 22 78 3 1 147 9 136 18 136 3 4 53 11 41 15 39 4 17 199 18 193 19 200 27 223 2 5 19 18 23 2 8 205 12 225 3 12 169 14 161 16 176 3 6 157 13 180 20 141 2 23 119 25 154 3 1 171 8 162 15 208 3 15 114 16 129 22 105 2 13 148 29 152 2 18 181 19 182 3 17 235 24 209 25 212 2 17 85 28 73 3 3 29 20 26 23 28 2 21 7 24 6 2 21 235 25 208 3 19 106 21 123 30 124
32 2 23 166 25 147 3 2 177 23 186 30 214 2 1 69 29 80 2 10 180 13 137 2 3 195 4 168 2 18 202 29 188 3 5 25 14 27 23 23 2 4 102 12 88 2 5 22 18 17 2 6 141 26 136 2 6 131 24 108 3 8 114 18 152 28 119 3 7 22 11 18 14 16 3 9 58 18 62 22 78 3 1 147 9 136 18 136 3 4 53 11 41 15 39 4 17 199 18 193 19 200 27 223 2 5 19 18 23 2 8 205 12 225 3 12 169 14 161 16 176 3 6 157 13 180 20 141 2 23 119 25 154 3 1 171 8 162 15 208 3 15 114 16 129 22 105 2 13 148 29 152 2 18 181 19 182 3 17 235 24 209 25 212 2 17 85 28 73 3 3 29 20 26 23 28 2 21 7 24 6 2 21 235 25 208 3 19 106 21 123 30 124
37 2 1 64 29 79 3 2 160 23 150 30 172 2 3 164 4 167 2 6 183 26 131 2 1 70 29 79 2 4 75 12 103 2 6 138 26 154 2 5 23 18 19 2 6 120 24 115 3 6 149 13 170 20 176 3 7 17 11 16 14 19 2 10 177 13 128 2 8 209 12 207 3 1 145 9 136 18 129 2 17 69 28 91 3 4 53 11 48 15 41 2 21 224 25 210 3 12 181 14 140 16 147 3 5 31 14 34 23 27 3 1 207 8 166 15 172 3 15 125 16 134 22 96 3 3 27 20 27 23 28 3 15 103 16 132 22 114 2 18 196 29 174 3 15 99 16 112 22 115 2 18 149 19 146 3 9 70 18 72 22 56 3 1 160 8 145 15 196 2 21 5 24 7 2 8 169 12 183 2 23 138 25 154 3 17 162 24 230 25 237 3 19 116 21 152 30 117 4 17 160 18 179 19 177 27 166 3 8 145 18 155 28 153 2 21 186 25 233 2 13 154 29 131
37 2 1 64 29 79 3 2 160 23 150 30 172 2 3 164 4 167 2 6 183 26 131 2 1 70 29 79 2 4 75 12 103 2 6 138 26 154 2 5 23 18 19 2 6 120 24 115 3 6 149 13 170 20 176 3 7 17 11 16 14 19 2 10 177 13 128 2 8 209 12 207 3 1 145 9 136 18 129 2 17 69 28 91 3 4 53 11 48 15 41 2 21 224 25 210 3 12 181 14 140 16 147 3 5 31 14 34 23 27 3 1 207 8 166 15 172 3 15 125 16 134 22 96 3 3 27 20 27 23 28 3 15 103 16 132 22 114 2 18 196 29 174 3 15 99 16 112 22 115 2 18 149 19 146 3 9 70 18 72 22 56 3 1 160 8 145 15 196 2 21 5 24 7 2 8 169 12 183 2 23 138 25 154 3 17 162 24 230 25 237 3 19 116 21 152 30 117 4 17 160 18 179 19 177 27 166 3 8 145 18 155 28 153 2 21 186 25 233 2 13 154 29 131
37 2 1 64 29 79 3 2 160 23 150 30 172 2 3 164 4 167 2 6 183 26 131 2 1 70 29 79 2 4 75 12 103 2 6 138 26 154 2 5 23 18 19 2 6 120 24 115 3 6 149 13 170 20 176 3 7 17 11 16 14 19 2 10 177 13 128 2 8 209 12 207 3 1 145 9 136 18 129 2 17 69 28 91 3 4 53 11 48 15 41 2 21 224 25 210 3 12 181 14 140 16 147 3 5 31 14 34 23 27 3 1 207 8 166 15 172 3 15 125 16 134 22 96 3 3 27 20 27 23 28 3 15 103 16 132 22 114 2 18 196 29 174 3 15 99 16 112 22 115 2 18 149 19 146 3 9 70 18 72 22 56 3 1 160 8 145 15 196 2 21 5 24 7 2 8 169 12 183 2 23 138 25 154 3 17 162 24 230 25 237 3 19 116 21 152 30 117 4 17 160 18 179 19 177 27 166 3 8 145 18 155 28 153 2 21 186 25 233 2 13 154 29 131
35 2 1 70 29 84 3 2 163 23 158 30 183 2 3 134 4 150 2 4 84 12 74 3 2 217 23 161 30 220 3 19 128 21 127 30 152 2 5 19 18 20 2 6 98 24 135 3 7 19 11 22 14 20 2 8 170 12 199 3 1 146 9 132 18 130 2 10 174 13 180 3 4 48 11 49 15 47 3 12 188 14 158 16 176 3 6 190 13 169 20 164 2 13 121 29 161 3 5 26 14 26 23 30 3 1 180 8 171 15 155 3 9 79 18 56 22 70 3 19 141 21 113 30 136 3 8 148 18 141 28 131 2 21 6 24 6 2 3 158 4 170 3 15 129 16 107 22 108 2 23 138 25 155 2 17 91 28 101 3 8 117 18 151 28 131 2 18 175 29 195 2 18 160 19 210 4 17 219 18 161 19 189 27 220 3 3 28 20 23 23 25 2 17 83 28 78 2 6 126 26 141 3 17 185 24 212 25 164 2 21 186 25 229
33 2 1 82 29 76 2 3 166 4 146 3 2 189 23 177 30 164 2 4 81 12 78 2 5 24 18 20 2 23 150 25 162 3 12 149 14 173 16 181 3 6 140 13 175 20 144 2 6 102 24 119 2 10 159 13 128 3 7 16 11 17 14 21 2 6 133 24 121 2 8 182 12 183 3 1 109 9 108 18 130 3 9 82 18 58 22 57 3 4 44 11 44 15 43 3 5 31 14 30 23 25 2 6 138 26 131 3 1 169 8 200 15 166 2 13 157 29 147 3 15 118 16 119 22 118 2 17 99 28 70 2 18 163 29 204 4 17 159 18 197 19 174 27 224 2 18 146 19 154 3 17 182 24 201 25 160 3 3 24 20 29 23 24 2 18 206 19 164 3 19 123 21 151 30 118 3 9 60 18 83 22 65 2 21 8 24 5 2 21 204 25 159 3 8 147 18 110 28 138
34 2 1 74 29 75 3 2 188 23 195 30 187 2 1 77 29 82 3 8 155 18 148 28 117 2 3 132 4 152 2 4 72 12 101 2 5 16 18 20 2 18 173 19 194 2 6 107 24 136 3 7 19 11 22 14 17 3 1 130 9 103 18 131 2 8 198 12 227 3 15 98 16 125 22 110 2 10 183 13 175 2 1 87 29 83 3 12 188 14 178 16 182 3 17 187 24 223 25 206 3 4 44 11 48 15 37 2 23 118 25 114 3 19 124 21 150 30 131 2 17 96 28 97 3 6 140 13 158 20 153 3 5 26 14 24 23 34 2 6 138 26 164 3 9 64 18 73 22 66 2 18 174 29 196 2 21 7 24 7 4 17 195 18 169 19 193 27 238 2 21 210 25 200 2 4 105 12 98 3 1 144 8 212 15 169 3 3 21 20 26 23 21 2 21 199 25 183 2 13 122 29 153
34 2 1 74 29 75 3 2 188 23 195 30 187 2 1 77 29 82 3 8 155 18 148 28 117 2 3 132 4 152 2 4 72 12 101 2 5 16 18 20 2 18 173 19 194 2 6 107 24 136 3 7 19 11 22 14 17 3 1 130 9 103 18 131 2 8 198 12 227 3 15 98 16 125 22 110 2 10 183 13 175 2 1 87 29 83 3 12 188 14 178 16 182 3 17 187 24 223 25 206 3 4 44 11 48 15 37 2 23 118 25 114 3 19 124 21 150 30 131 2 17 96 28 97 3 6 140 13 158 20 153 3 5 26 14 24 23 34 2 6 138 26 164 3 9 64 18 73 22 66 2 18 174 29 196 2 21 7 24 7 4 17 195 18 169 19 193 27 238 2 21 210 25 200 2 4 105 12 98 3 1 144 8 212 15 169 3 3 21 20 26 23 21 2 21 199 25 183 2 13 122 29 153
36 2 1 62 29 85 3 2 151 23 193 30 185 3 12 136 14 144 16 185 2 3 193 4 174 2 5 20 18 19 2 4 104 12 95 2 6 126 24 95 3 7 19 11 18 14 18 2 8 195 12 186 3 1 117 9 147 18 136 2 6 133 24 107 2 10 169 13 155 2 5 16 18 19 2 13 130 29 171 3 8 136 18 148 28 114 2 5 23 18 21 2 6 156 26 162 3 4 52 11 55 15 42 3 3 29 20 22 23 23 3 6 132 13 180 20 164 3 12 130 14 174 16 134 2 18 153 19 194 2 18 232 29 168 3 2 195 23 168 30 160 2 23 150 25 165 3 5 28 14 29 23 25 3 1 165 8 148 15 171 2 21 173 25 220 3 15 95 16 128 22 110 2 17 86 28 87 2 21 8 24 5 3 9 70 18 57 22 78 3 17 198 24 216 25 221 3 1 184 8 183 15 193 4 17 224 18 170 19 212 27 205 3 19 113 21 142 30 134
36 2 1 62 29 85 3 2 151 23 193 30 185 3 12 136 14 144 16 185 2 3 193 4 174 2 5 20 18 19 2 4 104 12 95 2 6 126 24 95 3 7 19 11 18 14 18 2 8 195 12 186 3 1 117 9 147 18 136 2 6 133 24 107 2 10 169 13 155 2 5 16 18 19 2 13 130 29 171 3 8 136 18 148 28 114 2 5 23 18 21 2 6 156 26 162 3 4 52 11 55 15 42 3 3 29 20 22 23 23 3 6 132 13 180 20 164 3 12 130 14 174 16 134 2 18 153 19 194 2 18 232 29 168 3 2 195 23 168 30 160 2 23 150 25 165 3 5 28 14 29 23 25 3 1 165 8 148 15 171 2 21 173 25 220 3 15 95 16 128 22 110 2 17 86 28 87 2 21 8 24 5 3 9 70 18 57 22 78 3 17 198 24 216 25 221 3 1 184 8 183 15 193 4 17 224 18 170 19 212 27 205 3 19 113 21 142 30 134
34 3 19 134 21 111 30 127 2 1 61 29 66 3 19 118 21 152 30 112 3 17 198 24 212 25 185 4 17 172 18 238 19 228 27 176 3 2 163 23 186 30 189 2 13 126 29 178 2 3 133 4 169 3 19 118 21 105 30 149 2 4 101 12 81 2 5 23 18 20 2 6 123 24 109 3 7 22 11 22 14 16 2 8 193 12 217 3 1 100 9 118 18 103 2 10 127 13 130 3 4 53 11 42 15 41 3 15 129 16 122 22 114 3 12 183 14 161 16 171 3 6 180 13 191 20 181 3 5 26 14 31 23 23 2 17 100 28 84 2 5 21 18 18 2 18 167 19 181 3 1 190 8 189 15 178 3 7 17 11 22 14 16 2 18 198 29 192 3 3 22 20 22 23 24 2 21 228 25 211 2 21 6 24 7 3 9 58 18 79 22 60 2 23 162 25 113 2 6 169 26 173 3 8 139 18 133 28 129
34 3 19 134 21 111 30 127 2 1 61 29 66 3 19 118 21 152 30 112 3 17 198 24 212 25 185 4 17 172 18 238 19 228 27 176 3 2 163 23 186 30 189 2 13 126 29 178 2 3 133 4 169 3 19 118 21 105 30 149 2 4 101 12 81 2 5 23 18 20 2 6 123 24 109 3 7 22 11 22 14 16 2 8 193 12 217 3 1 100 9 118 18 103 2 10 127 13 130 3 4 53 11 42 15 41 3 15 129 16 122 22 114 3 12 183 14 161 16 171 3 6 180 13 191 20 181 3 5 26 14 31 23 23 2 17 100 28 84 2 5 21 18 18 2 18 167 19 181 3 1 190 8 189 15 178 3 7 17 11 22 14 16 2 18 198 29 192 3 3 22 20 22 23 24 2 21 228 25 211 2 21 6 24 7 3 9 58 18 79 22 60 2 23 162 25 113 2 6 169 26 173 3 8 139 18 133 28 129
36 2 18 181 29 194 2 5 17 18 23 2 4 94 12 91 2 1 78 29 73 3 2 212 23 157 30 211 2 3 197 4 197 2 6 133 26 170 3 2 224 23 214 30 221 2 6 120 24 118 3 7 17 11 20 14 20 2 18 179 19 214 3 2 192 23 207 30 166 2 8 238 12 186 3 5 30 14 24 23 29 3 1 133 9 127 18 139 2 10 161 13 151 2 4 90 12 77 2 21 6 24 6 2 21 176 25 194 3 4 45 11 49 15 41 3 3 28 20 20 23 24 3 12 131 14 162 16 138 2 5 23 18 20 3 6 139 13 195 20 183 3 9 81 18 63 22 57 3 1 144 8 192 15 192 2 8 168 12 191 3 15 115 16 98 22 118 2 17 70 28 77 2 8 237 12 182 2 23 166 25 145 3 17 232 24 191 25 200 4 17 235 18 161 19 190 27 234 3 8 130 18 122 28 158 2 13 140 29 133 3 19 114 21 153 30 152
39 2 1 79 29 59 2 18 228 29 166 3 2 209 23 210 30 197 2 18 176 29 205 3 1 190 8 184 15 181 3 2 217 23 177 30 199 3 4 45 11 56 15 53 2 6 110 24 133 3 1 160 8 202 15 143 2 3 132 4 138 2 4 81 12 71 2 17 79 28 77 2 5 24 18 17 3 7 18 11 15 14 21 2 8 194 12 214 2 3 141 4 143 3 1 116 9 128 18 129 2 10 168 13 151 3 12 134 14 151 16 146 3 6 163 13 150 20 193 3 5 27 14 24 23 33 2 4 93 12 70 3 15 118 16 109 22 139 2 17 68 28 84 3 17 172 24 168 25 202 2 6 131 24 93 3 9 83 18 76 22 57 2 18 177 19 193 3 3 27 20 22 23 24 2 6 178 26 172 2 21 5 24 7 3 9 56 18 75 22 59 3 8 151 18 156 28 151 2 23 134 25 147 2 21 201 25 164 2 6 173 26 176 4 17 197 18 198 19 223 27 191 2 13 140 29 138 3 19 142 21 144 30 148
33 2 1 78 29 86 2 3 186 4 137 3 2 191 23 180 30 208 2 4 93 12 99 2 5 18 18 21 2 23 115 25 116 3 12 172 14 128 16 160 3 6 193 13 193 20 182 2 6 105 24 134 2 10 127 13 160 3 7 19 11 21 14 17 2 6 96 24 127 2 8 215 12 212 3 1 117 9 102 18 132 3 9 70 18 68 22 80 3 4 42 11 48 15 56 3 5 24 14 30 23 28 2 6 156 26 155 3 1 189 8 178 15 189 2 13 164 29 177 3 15 111 16 135 22 106 2 17 81 28 89 2 18 170 29 228 4 17 232 18 226 19 211 27 162 2 18 174 19 173 3 17 227 24 169 25 165 3 3 29 20 26 23 27 2 18 163 19 184 3 19 112 21 129 30 105 3 9 77 18 62 22 57 2 21 6 24 7 2 21 160 25 163 3 8 121 18 150 28 152
35 2 1 83 29 83 3 2 191 23 223 30 163 4 17 192 18 225 19 228 27 218 2 3 146 4 162 2 21 214 25 220 2 4 70 12 89 2 5 22 18 23 2 6 123 24 133 3 7 17 11 16 14 17 3 9 79 18 56 22 60 2 10 172 13 134 2 8 165 12 200 3 7 21 11 15 14 16 3 1 103 9 117 18 143 3 4 55 11 39 15 42 3 12 188 14 177 16 174 3 1 127 9 116 18 126 3 6 174 13 178 20 163 3 5 28 14 30 23 33 2 21 187 25 189 3 8 127 18 162 28 152 3 17 203 24 178 25 204 3 1 187 8 166 15 209 2 13 177 29 152 3 15 94 16 111 22 122 2 17 78 28 83 2 8 232 12 231 2 21 6 24 8 2 18 164 29 170 2 18 161 19 153 2 4 102 12 94 3 3 23 20 20 23 25 2 23 141 25 134 3 19 120 21 132 30 138 2 6 166 26 162
35 2 1 83 29 83 3 2 191 23 223 30 163 4 17 192 18 225 19 228 27 218 2 3 146 4 162 2 21 214 25 220 2 4 70 12 89 2 5 22 18 23 2 6 123 24 133 3 7 17 11 16 14 17 3 9 79 18 56 22 60 2 10 172 13 134 2 8 165 12 200 3 7 21 11 15 14 16 3 1 103 9 117 18 143 3 4 55 11 39 15 42 3 12 188 14 177 16 174 3 1 127 9 116 18 126 3 6 174 13 178 20 163 3 5 28 14 30 23 33 2 21 187 25 189 3 8 127 18 162 28 152 3 17 203 24 178 25 204 3 1 187 8 166 15 209 2 13 177 29 152 3 15 94 16 111 22 122 2 17 78 28 83 2 8 232 12 231 2 21 6 24 8 2 18 164 29 170 2 18 161 19 153 2 4 102 12 94 3 3 23 20 20 23 25 2 23 141 25 134 3 19 120 21 132 30 138 2 6 166 26 162
35 2 1 83 29 83 3 2 191 23 223 30 163 4 17 192 18 225 19 228 27 218 2 3 146 4 162 2 21 214 25 220 2 4 70 12 89 2 5 22 18 23 2 6 123 24 133 3 7 17 11 16 14 17 3 9 79 18 56 22 60 2 10 172 13 134 2 8 165 12 200 3 7 21 11 15 14 16 3 1 103 9 117 18 143 3 4 55 11 39 15 42 3 12 188 14 177 16 174 3 1 127 9 116 18 126 3 6 174 13 178 20 163 3 5 28 14 30 23 33 2 21 187 25 189 3 8 127 18 162 28 152 3 17 203 24 178 25 204 3 1 187 8 166 15 209 2 13 177 29 152 3 15 94 16 111 22 122 2 17 78 28 83 2 8 232 12 231 2 21 6 24 8 2 18 164 29 170 2 18 161 19 153 2 4 102 12 94 3 3 23 20 20 23 25 2 23 141 25 134 3 19 120 21 132 30 138 2 6 166 26 162
35 2 8 191 12 165 2 21 6 24 6 2 1 83 29 87 3 2 166 23 169 30 163 2 3 168 4 194 2 4 73 12 104 2 5 21 18 16 3 9 58 18 78 22 61 2 5 18 18 24 3 4 37 11 49 15 52 3 2 205 23 176 30 204 3 3 28 20 29 23 28 3 12 157 14 132 16 186 2 6 125 24 113 3 7 20 11 18 14 16 3 1 111 9 104 18 124 2 6 106 24 120 3 8 127 18 162 28 157 3 5 26 14 27 23 25 2 10 168 13 138 2 23 167 25 128 2 6 123 26 124 3 6 141 13 146 20 173 3 1 197 8 163 15 210 2 10 160 13 134 3 15 114 16 101 22 97 2 18 207 29 203 2 17 74 28 79 3 17 159 24 183 25 227 2 13 131 29 173 2 18 176 19 163 2 6 117 24 96 2 21 178 25 232 4 17 179 18 193 19 221 27 230 3 19 135 21 125 30 149
35 2 8 187 12 218 2 21 6 24 5 2 1 69 29 84 3 2 199 23 165 30 207 2 3 134 4 148 2 4 80 12 93 2 5 19 18 22 3 9 81 18 79 22 59 2 5 22 18 21 3 4 45 11 53 15 45 3 2 162 23 208 30 204 3 3 24 20 23 23 21 3 12 140 14 129 16 169 2 6 131 24 91 3 7 17 11 22 14 15 3 1 114 9 141 18 133 2 6 102 24 131 3 8 117 18 148 28 128 3 5 23 14 23 23 33 2 10 184 13 157 2 23 155 25 165 2 6 184 26 159 3 6 173 13 155 20 147 3 1 213 8 152 15 153 2 10 161 13 160 3 15 139 16 118 22 108 2 18 200 29 215 2 17 82 28 84 3 17 195 24 189 25 180 2 13 156 29 121 2 18 145 19 149 2 6 94 24 97 2 21 202 25 186 4 17 195 18 221 19 204 27 162 3 19 115 21 126 30 109
35 2 1 85 29 80 3 2 208 23 222 30 213 2 3 172 4 190 2 4 98 12 101 3 2 170 23 183 30 173 3 19 125 21 107 30 116 2 5 22 18 22 2 6 135 24 136 3 7 15 11 19 14 17 2 8 173 12 190 3 1 101 9 134 18 107 2 10 157 13 181 3 4 54 11 50 15 46 3 12 154 14 161 16 144 3 6 187 13 174 20 164 2 13 121 29 177 3 5 28 14 27 23 28 3 1 162 8 165 15 151 3 9 70 18 80 22 82 3 19 143 21 112 30 136 3 8 130 18 162 28 123 2 21 7 24 6 2 3 161 4 168 3 15 99 16 98 22 123 2 23 114 25 161 2 17 93 28 98 3 8 141 18 162 28 141 2 18 161 29 156 2 18 156 19 154 4 17 206 18 181 19 161 27 208 3 3 22 20 27 23 22 2 17 99 28 80 2 6 164 26 178 3 17 201 24 180 25 173 2 21 167 25 233
35 2 1 85 29 80 3 2 208 23 222 30 213 2 3 172 4 190 2 4 98 12 101 3 2 170 23 183 30 173 3 19 125 21 107 30 116 2 5 22 18 22 2 6 135 24 136 3 7 15 11 19 14 17 2 8 173 12 190 3 1 101 9 134 18 107 2 10 157 13 181 3 4 54 11 50 15 46 3 12 154 14 161 16 144 3 6 187 13 174 20 164 2 13 121 29 177 3 5 28 14 27 23 28 3 1 162 8 165 15 151 3 9 70 18 80 22 82 3 19 143 21 112 30 136 3 8 130 18 162 28 123 2 21 7 24 6 2 3 161 4 168 3 15 99 16 98 22 123 2 23 114 25 161 2 17 93 28 98 3 8 141 18 162 28 141 2 18 161 29 156 2 18 156 19 154 4 17 206 18 181 19 161 27 208 3 3 22 20 27 23 22 2 17 99 28 80 2 6 164 26 178 3 17 201 24 180 25 173 2 21 167 25 233
35 2 6 176 26 167 2 21 6 24 8 3 15 133 16 100 22 132 2 1 64 29 60 3 7 22 11 16 14 18 2 8 213 12 181 3 15 128 16 129 22 96 3 2 205 23 220 30 201 2 3 187 4 193 3 9 64 18 57 22 79 2 4 96 12 85 2 3 184 4 156 3 12 186 14 156 16 169 2 5 20 18 17 2 21 172 25 158 2 10 129 13 150 2 6 134 24 120 3 6 166 13 176 20 165 2 8 174 12 186 3 1 130 9 136 18 116 3 4 49 11 39 15 44 3 5 33 14 24 23 31 3 1 187 8 165 15 160 3 7 21 11 22 14 16 2 18 176 29 182 2 18 192 19 190 3 3 23 20 28 23 22 3 19 129 21 125 30 121 2 17 83 28 95 2 23 155 25 150 2 10 143 13 180 3 17 216 24 162 25 176 4 17 238 18 219 19 231 27 181 2 13 169 29 133 3 8 125 18 120 28 114
35 2 6 176 26 167 2 21 6 24 8 3 15 133 16 100 22 132 2 1 64 29 60 3 7 22 11 16 14 18 2 8 213 12 181 3 15 128 16 129 22 96 3 2 205 23 220 30 201 2 3 187 4 193 3 9 64 18 57 22 79 2 4 96 12 85 2 3 184 4 156 3 12 186 14 156 16 169 2 5 20 18 17 2 21 172 25 158 2 10 129 13 150 2 6 134 24 120 3 6 166 13 176 20 165 2 8 174 12 186 3 1 130 9 136 18 116 3 4 49 11 39 15 44 3 5 33 14 24 23 31 3 1 187 8 165 15 160 3 7 21 11 22 14 16 2 18 176 29 182 2 18 192 19 190 3 3 23 20 28 23 22 3 19 129 21 125 30 121 2 17 83 28 95 2 23 155 25 150 2 10 143 13 180 3 17 216 24 162 25 176 4 17 238 18 219 19 231 27 181 2 13 169 29 133 3 8 125 18 120 28 114
32 2 23 115 25 123 3 2 221 23 208 30 217 2 1 86 29 81 2 10 156 13 183 2 3 185 4 146 2 18 181 29 196 3 5 23 14 29 23 34 2 4 73 12 95 2 5 23 18 20 2 6 148 26 148 2 6 91 24 133 3 8 132 18 156 28 125 3 7 21 11 15 14 19 3 9 62 18 60 22 74 3 1 124 9 109 18 124 3 4 38 11 53 15 42 4 17 235 18 234 19 211 27 193 2 5 25 18 19 2 8 219 12 175 3 12 172 14 153 16 155 3 6 167 13 167 20 164 2 23 159 25 152 3 1 166 8 146 15 179 3 15 123 16 135 22 110 2 13 171 29 155 2 18 197 19 202 3 17 194 24 191 25 207 2 17 98 28 93 3 3 22 20 24 23 25 2 21 6 24 6 2 21 233 25 176 3 19 131 21 113 30 127
32 2 23 115 25 123 3 2 221 23 208 30 217 2 1 86 29 81 2 10 156 13 183 2 3 185 4 146 2 18 181 29 196 3 5 23 14 29 23 34 2 4 73 12 95 2 5 23 18 20 2 6 148 26 148 2 6 91 24 133 3 8 132 18 156 28 125 3 7 21 11 15 14 19 3 9 62 18 60 22 74 3 1 124 9 109 18 124 3 4 38 11 53 15 42 4 17 235 18 234 19 211 27 193 2 5 25 18 19 2 8 219 12 175 3 12 172 14 153 16 155 3 6 167 13 167 20 164 2 23 159 25 152 3 1 166 8 146 15 179 3 15 123 16 135 22 110 2 13 171 29 155 2 18 197 19 202 3 17 194 24 191 25 207 2 17 98 28 93 3 3 22 20 24 23 25 2 21 6 24 6 2 21 233 25 176 3 19 131 21 113 30 127
32 2 23 115 25 123 3 2 221 23 208 30 217 2 1 86 29 81 2 10 156 13 183 2 3 185 4 146 2 18 181 29 196 3 5 23 14 29 23 34 2 4 73 12 95 2 5 23 18 20 2 6 148 26 148 2 6 91 24 133 3 8 132 18 156 28 125 3 7 21 11 15 14 19 3 9 62 18 60 22 74 3 1 124 9 109 18 124 3 4 38 11 53 15 42 4 17 235 18 234 19 211 27 193 2 5 25 18 19 2 8 219 12 175 3 12 172 14 153 16 155 3 6 167 13 167 20 164 2 23 159 25 152 3 1 166 8 146 15 179 3 15 123 16 135 22 110 2 13 171 29 155 2 18 197 19 202 3 17 194 24 191 25 207 2 17 98 28 93 3 3 22 20 24 23 25 2 21 6 24 6 2 21 233 25 176 3 19 131 21 113 30 127
32 2 23 115 25 123 3 2 221 23 208 30 217 2 1 86 29 81 2 10 156 13 183 2 3 185 4 146 2 18 181 29 196 3 5 23 14 29 23 34 2 4 73 12 95 2 5 23 18 20 2 6 148 26 148 2 6 91 24 133 3 8 132 18 156 28 125 3 7 21 11 15 14 19 3 9 62 18 60 22 74 3 1 124 9 109 18 124 3 4 38 11 53 15 42 4 17 235 18 234 19 211 27 193 2 5 25 18 19 2 8 219 12 175 3 12 172 14 153 16 155 3 6 167 13 167 20 164 2 23 159 25 152 3 1 166 8 146 15 179 3 15 123 16 135 22 110 2 13 171 29 155 2 18 197 19 202 3 17 194 24 191 25 207 2 17 98 28 93 3 3 22 20 24 23 25 2 21 6 24 6 2 21 233 25 176 3 19 131 21 113 30 127
34 2 1 58 29 66 3 2 161 23 155 30 198 2 1 67 29 74 3 8 162 18 160 28 116 2 3 133 4 136 2 4 78 12 101 2 5 18 18 24 2 18 151 19 155 2 6 127 24 122 3 7 22 11 19 14 18 3 1 147 9 116 18 105 2 8 220 12 237 3 15 105 16 117 22 101 2 10 134 13 124 2 1 63 29 65 3 12 140 14 171 16 131 3 17 217 24 191 25 213 3 4 54 11 45 15 52 2 23 166 25 129 3 19 140 21 116 30 122 2 17 87 28 94 3 6 146 13 186 20 145 3 5 27 14 30 23 28 2 6 172 26 179 3 9 82 18 63 22 73 2 18 176 29 232 2 21 7 24 8 4 17 177 18 167 19 202 27 211 2 21 221 25 193 2 4 85 12 72 3 1 176 8 203 15 161 3 3 21 20 25 23 24 2 21 223 25 177 2 13 130 29 165
34 2 1 58 29 66 3 2 161 23 155 30 198 2 1 67 29 74 3 8 162 18 160 28 116 2 3 133 4 136 2 4 78 12 101 2 5 18 18 24 2 18 151 19 155 2 6 127 24 122 3 7 22 11 19 14 18 3 1 147 9 116 18 105 2 8 220 12 237 3 15 105 16 117 22 101 2 10 134 13 124 2 1 63 29 65 3 12 140 14 171 16 131 3 17 217 24 191 25 213 3 4 54 11 45 15 52 2 23 166 25 129 3 19 140 21 116 30 122 2 17 87 28 94 3 6 146 13 186 20 145 3 5 27 14 30 23 28 2 6 172 26 179 3 9 82 18 63 22 73 2 18 176 29 232 2 21 7 24 8 4 17 177 18 167 19 202 27 211 2 21 221 25 193 2 4 85 12 72 3 1 176 8 203 15 161 3 3 21 20 25 23 24 2 21 223 25 177 2 13 130 29 165
35 2 8 186 12 159 2 21 5 24 7 2 1 65 29 62 3 2 204 23 183 30 182 2 3 135 4 140 2 4 98 12 80 2 5 24 18 18 3 9 78 18 71 22 75 2 5 23 18 23 3 4 50 11 50 15 40 3 2 199 23 194 30 200 3 3 27 20 20 23 25 3 12 187 14 185 16 129 2 6 130 24 116 3 7 20 11 17 14 20 3 1 107 9 140 18 111 2 6 125 24 125 3 8 123 18 153 28 140 3 5 24 14 27 23 33 2 10 156 13 154 2 23 153 25 118 2 6 142 26 172 3 6 167 13 157 20 194 3 1 185 8 181 15 147 2 10 123 13 125 3 15 93 16 116 22 138 2 18 195 29 187 2 17 74 28 97 3 17 227 24 158 25 192 2 13 160 29 138 2 18 212 19 161 2 6 132 24 125 2 21 162 25 175 4 17 226 18 209 19 238 27 166 3 19 111 21 149 30 120
32 2 1 73 29 65 3 2 178 23 210 30 188 3 19 127 21 125 30 129 2 3 151 4 140 2 4 73 12 100 2 5 16 18 24 2 6 122 24 120 3 7 18 11 15 14 20 2 8 176 12 232 3 1 108 9 103 18 129 3 17 212 24 236 25 167 2 10 164 13 132 2 21 197 25 230 3 4 55 11 41 15 49 3 15 101 16 104 22 123 3 12 130 14 181 16 172 3 5 27 14 24 23 23 2 13 156 29 129 3 7 21 11 18 14 19 3 6 157 13 132 20 167 2 21 5 24 7 3 1 150 8 167 15 166 3 3 29 20 24 23 24 3 5 28 14 33 23 23 2 17 74 28 75 2 23 141 25 137 2 18 157 29 191 2 18 190 19 189 3 9 77 18 73 22 78 2 6 165 26 131 4 17 233 18 209 19 161 27 190 3 8 141 18 150 28 126
34 2 1 70 29 77 3 2 193 23 188 30 183 2 1 80 29 80 3 8 110 18 119 28 128 2 3 172 4 183 2 4 71 12 85 2 5 18 18 20 2 18 169 19 188 2 6 116 24 114 3 7 17 11 19 14 16 3 1 134 9 142 18 113 2 8 220 12 197 3 15 139 16 105 22 106 2 10 149 13 158 2 1 85 29 65 3 12 182 14 158 16 140 3 17 191 24 169 25 164 3 4 41 11 50 15 48 2 23 154 25 112 3 19 134 21 125 30 141 2 17 96 28 82 3 6 132 13 158 20 175 3 5 23 14 27 23 23 2 6 181 26 171 3 9 74 18 56 22 61 2 18 180 29 192 2 21 8 24 7 4 17 179 18 201 19 203 27 196 2 21 177 25 230 2 4 95 12 96 3 1 190 8 201 15 172 3 3 22 20 25 23 28 2 21 230 25 198 2 13 180 29 179
34 2 1 70 29 77 3 2 193 23 188 30 183 2 1 80 29 80 3 8 110 18 119 28 128 2 3 172 4 183 2 4 71 12 85 2 5 18 18 20 2 18 169 19 188 2 6 116 24 114 3 7 17 11 19 14 16 3 1 134 9 142 18 113 2 8 220 12 197 3 15 139 16 105 22 106 2 10 149 13 158 2 1 85 29 65 3 12 182 14 158 16 140 3 17 191 24 169 25 164 3 4 41 11 50 15 48 2 23 154 25 112 3 19 134 21 125 30 141 2 17 96 28 82 3 6 132 13 158 20 175 3 5 23 14 27 23 23 2 6 181 26 171 3 9 74 18 56 22 61 2 18 180 29 192 2 21 8 24 7 4 17 179 18 201 19 203 27 196 2 21 177 25 230 2 4 95 12 96 3 1 190 8 201 15 172 3 3 22 20 25 23 28 2 21 230 25 198 2 13 180 29 179
34 2 1 70 29 77 3 2 193 23 188 30 183 2 1 80 29 80 3 8 110 18 119 28 128 2 3 172 4 183 2 4 71 12 85 2 5 18 18 20 2 18 169 19 188 2 6 116 24 114 3 7 17 11 19 14 16 3 1 134 9 142 18 113 2 8 220 12 197 3 15 139 16 105 22 106 2 10 149 13 158 2 1 85 29 65 3 12 182 14 158 16 140 3 17 191 24 169 25 164 3 4 41 11 50 15 48 2 23 154 25 112 3 19 134 21 125 30 141 2 17 96 28 82 3 6 132 13 158 20 175 3 5 23 14 27 23 23 2 6 181 26 171 3 9 74 18 56 22 61 2 18 180 29 192 2 21 8 24 7 4 17 179 18 201 19 203 27 196 2 21 177 25 230 2 4 95 12 96 3 1 190 8 201 15 172 3 3 22 20 25 23 28 2 21 230 25 198 2 13 180 29 179
35 2 18 168 29 186 3 1 170 8 164 15 178 2 1 79 29 79 3 2 178 23 188 30 156 2 3 137 4 133 2 4 94 12 77 3 6 139 13 190 20 156 2 4 100 12 94 2 5 17 18 23 3 8 145 18 114 28 153 2 6 117 24 124 3 7 19 11 21 14 17 2 18 177 29 228 2 8 232 12 187 3 12 144 14 183 16 157 3 8 152 18 155 28 145 3 1 137 9 131 18 148 2 10 182 13 140 3 4 45 11 52 15 42 3 5 24 14 25 23 33 3 15 130 16 135 22 127 3 8 118 18 157 28 135 2 17 101 28 70 2 18 182 19 192 3 2 179 23 192 30 215 3 17 225 24 166 25 214 2 6 139 26 148 2 21 201 25 190 3 3 24 20 22 23 21 2 21 6 24 6 3 9 80 18 61 22 60 2 23 150 25 168 2 13 158 29 134 4 17 232 18 180 19 181 27 171 3 19 105 21 124 30 124
35 2 1 75 29 67 3 2 214 23 183 30 155 2 3 195 4 136 2 23 125 25 132 2 18 199 19 151 3 2 225 23 222 30 176 3 3 25 20 26 23 26 2 4 88 12 94 2 17 79 28 82 3 1 204 8 149 15 205 3 7 20 11 21 14 16 2 5 19 18 19 2 6 92 24 109 2 18 213 29 228 3 4 51 11 42 15 39 2 8 181 12 226 3 1 134 9 116 18 117 3 8 122 18 122 28 163 2 10 183 13 150 3 17 184 24 191 25 172 3 12 178 14 147 16 190 3 6 146 13 132 20 145 3 1 117 9 137 18 128 3 5 29 14 27 23 33 2 23 122 25 149 3 15 135 16 118 22 119 2 23 129 25 163 2 21 8 24 7 3 9 72 18 77 22 57 2 21 175 25 207 2 6 160 26 151 4 17 178 18 181 19 187 27 164 2 18 166 29 194 2 13 178 29 123 3 19 140 21 135 30 115
32 2 1 82 29 75 3 2 168 23 190 30 151 3 19 126 21 152 30 147 2 3 159 4 183 2 4 73 12 99 2 5 23 18 21 2 6 136 24 133 3 7 22 11 21 14 17 2 8 179 12 169 3 1 133 9 101 18 111 3 17 213 24 178 25 181 2 10 175 13 163 2 21 210 25 184 3 4 55 11 45 15 41 3 15 98 16 139 22 127 3 12 169 14 179 16 184 3 5 32 14 31 23 24 2 13 166 29 178 3 7 17 11 20 14 18 3 6 188 13 156 20 148 2 21 6 24 8 3 1 200 8 193 15 142 3 3 23 20 21 23 24 3 5 30 14 26 23 24 2 17 83 28 80 2 23 125 25 126 2 18 223 29 202 2 18 182 19 160 3 9 76 18 73 22 72 2 6 128 26 163 4 17 166 18 178 19 215 27 224 3 8 126 18 119 28 150
36 2 1 79 29 86 3 2 179 23 194 30 169 3 12 136 14 128 16 180 2 3 174 4 170 2 5 18 18 22 2 4 103 12 95 2 6 106 24 105 3 7 19 11 16 14 16 2 8 199 12 232 3 1 148 9 148 18 145 2 6 134 24 93 2 10 175 13 176 2 5 23 18 20 2 13 165 29 149 3 8 152 18 140 28 162 2 5 17 18 18 2 6 161 26 131 3 4 39 11 40 15 51 3 3 29 20 22 23 21 3 6 166 13 135 20 171 3 12 137 14 177 16 168 2 18 158 19 172 2 18 187 29 215 3 2 164 23 211 30 178 2 23 133 25 152 3 5 33 14 25 23 25 3 1 188 8 179 15 210 2 21 165 25 187 3 15 122 16 110 22 138 2 17 77 28 94 2 21 6 24 7 3 9 69 18 74 22 78 3 17 236 24 227 25 162 3 1 178 8 194 15 150 4 17 191 18 207 19 228 27 191 3 19 104 21 136 30 153
34 2 1 81 29 85 3 2 163 23 173 30 158 2 1 85 29 80 3 8 116 18 115 28 150 2 3 167 4 141 2 4 80 12 72 2 5 20 18 17 2 18 156 19 214 2 6 97 24 109 3 7 15 11 19 14 16 3 1 143 9 149 18 142 2 8 206 12 166 3 15 99 16 126 22 129 2 10 132 13 138 2 1 60 29 64 3 12 147 14 169 16 132 3 17 192 24 195 25 185 3 4 56 11 54 15 46 2 23 154 25 159 3 19 155 21 129 30 118 2 17 79 28 87 3 6 160 13 163 20 178 3 5 24 14 26 23 30 2 6 131 26 123 3 9 67 18 59 22 68 2 18 173 29 213 2 21 7 24 8 4 17 223 18 207 19 183 27 194 2 21 192 25 159 2 4 80 12 76 3 1 150 8 150 15 156 3 3 29 20 23 23 29 2 21 219 25 164 2 13 129 29 132
35 2 1 70 29 77 3 2 152 23 217 30 178 2 3 142 4 158 2 23 155 25 141 2 18 150 19 199 3 2 204 23 155 30 218 3 3 20 20 22 23 26 2 4 100 12 102 2 17 96 28 94 3 1 163 8 183 15 192 3 7 22 11 15 14 18 2 5 17 18 24 2 6 134 24 122 2 18 226 29 160 3 4 55 11 53 15 52 2 8 159 12 216 3 1 119 9 143 18 108 3 8 142 18 158 28 162 2 10 131 13 158 3 17 233 24 199 25 227 3 12 164 14 179 16 144 3 6 167 13 156 20 152 3 1 130 9 139 18 129 3 5 30 14 26 23 33 2 23 127 25 138 3 15 94 16 103 22 107 2 23 145 25 136 2 21 6 24 6 3 9 64 18 57 22 69 2 21 180 25 157 2 6 123 26 179 4 17 194 18 180 19 189 27 200 2 18 156 29 203 2 13 135 29 138 3 19 118 21 118 30 145
35 2 8 213 12 160 2 21 7 24 6 2 1 60 29 60 3 2 195 23 210 30 196 2 3 157 4 164 2 4 104 12 77 2 5 19 18 18 3 9 63 18 79 22 74 2 5 22 18 17 3 4 41 11 42 15 41 3 2 188 23 175 30 215 3 3 22 20 22 23 22 3 12 134 14 138 16 172 2 6 117 24 129 3 7 18 11 20 14 17 3 1 133 9 120 18 101 2 6 116 24 113 3 8 128 18 142 28 162 3 5 24 14 30 23 25 2 10 161 13 148 2 23 136 25 117 2 6 150 26 179 3 6 193 13 159 20 184 3 1 196 8 178 15 145 2 10 135 13 145 3 15 106 16 109 22 97 2 18 198 29 191 2 17 74 28 69 3 17 166 24 213 25 214 2 13 152 29 154 2 18 148 19 151 2 6 104 24 96 2 21 184 25 199 4 17 168 18 184 19 228 27 186 3 19 147 21 130 30 121
36 2 1 73 29 67 3 2 176 23 186 30 206 2 3 166 4 142 2 4 98 12 77 2 18 208 29 169 2 5 24 18 24 2 6 111 24 92 2 1 70 29 62 3 7 19 11 17 14 15 2 18 169 29 204 2 8 182 12 200 3 1 144 9 109 18 125 2 10 130 13 170 3 4 38 11 43 15 42 3 12 185 14 179 16 151 2 21 8 24 7 3 1 203 8 202 15 179 2 6 174 26 156 2 21 206 25 202 2 10 177 13 139 3 6 149 13 164 20 171 2 4 104 12 71 2 17 103 28 84 2 18 170 19 168 3 5 23 14 24 23 28 2 6 145 26 148 3 15 106 16 116 22 133 3 1 194 8 159 15 208 3 3 22 20 20 23 25 3 9 57 18 72 22 71 2 23 157 25 152 3 17 222 24 229 25 226 3 8 135 18 135 28 146 3 19 106 21 143 30 117 4 17 234 18 236 19 195 27 172 2 13 147 29 134
35 2 1 86 29 86 3 2 209 23 188 30 172 2 3 194 4 139 2 4 86 12 76 3 2 195 23 183 30 194 3 19 129 21 123 30 141 2 5 19 18 17 2 6 114 24 98 3 7 16 11 20 14 17 2 8 161 12 211 3 1 139 9 114 18 111 2 10 150 13 166 3 4 39 11 43 15 39 3 12 181 14 131 16 183 3 6 185 13 190 20 185 2 13 169 29 175 3 5 32 14 33 23 29 3 1 147 8 155 15 199 3 9 63 18 69 22 78 3 19 120 21 106 30 109 3 8 125 18 162 28 112 2 21 7 24 6 2 3 186 4 146 3 15 100 16 103 22 105 2 23 135 25 138 2 17 81 28 95 3 8 164 18 146 28 151 2 18 207 29 229 2 18 150 19 214 4 17 202 18 231 19 217 27 192 3 3 25 20 26 23 22 2 17 80 28 100 2 6 183 26 172 3 17 223 24 196 25 180 2 21 186 25 183
31 3 17 186 24 200 25 195 2 1 72 29 72 3 2 151 23 161 30 192 2 3 196 4 197 2 4 100 12 74 2 17 98 28 79 2 5 25 18 22 2 6 125 24 119 3 7 18 11 20 14 19 2 8 191 12 189 3 6 161 13 183 20 136 3 12 158 14 177 16 175 3 1 122 9 133 18 113 2 10 158 13 174 3 4 41 11 40 15 51 3 5 29 14 23 23 32 3 1 152 8 175 15 164 3 15 129 16 99 22 136 2 18 204 29 165 2 18 188 19 161 2 17 93 28 97 3 3 29 20 24 23 25 2 21 7 24 6 3 8 153 18 161 28 149 3 9 59 18 74 22 65 2 6 139 26 166 3 19 146 21 141 30 142 2 23 155 25 162 2 21 209 25 174 4 17 184 18 193 19 209 27 172 2 13 176 29 142
33 2 1 76 29 63 2 3 173 4 159 3 2 152 23 224 30 208 2 4 74 12 79 2 5 19 18 22 2 23 126 25 137 3 12 170 14 155 16 139 3 6 174 13 156 20 165 2 6 134 24 129 2 10 148 13 179 3 7 16 11 16 14 16 2 6 122 24 115 2 8 231 12 222 3 1 106 9 140 18 148 3 9 81 18 56 22 59 3 4 44 11 51 15 41 3 5 25 14 27 23 30 2 6 148 26 147 3 1 178 8 189 15 198 2 13 159 29 176 3 15 121 16 122 22 135 2 17 102 28 78 2 18 212 29 173 4 17 200 18 215 19 218 27 169 2 18 210 19 164 3 17 192 24 189 25 161 3 3 22 20 27 23 25 2 18 192 19 149 3 19 112 21 111 30 128 3 9 66 18 73 22 80 2 21 6 24 8 2 21 217 25 229 3 8 116 18 148 28 161
DUE_DATES: 6489 7130 7130 6305 6305 7444 7444 7444 6993 6257 6634 6634 7007 7007 6379 6379 7437 7837 6462 6986 6986 6986 6757 6754 7009 7009 6975 6975 6277 6277 6277 6277 6511 6511 6748 5863 6659 6659 6659 7106 7115 6008 7093 6317 7078 6671 7269 7122 6115 6599
WEIGHTS: 3 1 2 1 1 2 2 1 2 3 2 3 2 3 1 1 2 2 2 3 2 2 3 1 1 3 3 1 1 1 3 1 1 2 3 3 3 2 3 2 3 2 2 2 3 1 2 2 1 1
