50 30
33 1 1 59 3 2 146 4 147 26 125 3 6 36 15 43 19 52 2 3 78 20 76 3 4 80 5 92 11 91 2 5 94 16 94 3 6 141 12 178 30 125 3 2 111 7 102 27 89 2 7 156 22 170 4 8 50 12 51 18 60 20 52 2 5 99 16 98 2 9 141 20 124 2 10 110 17 109 2 11 23 24 26 3 2 185 5 154 25 204 3 12 54 23 71 27 57 2 9 178 13 144 2 14 153 21 119 3 8 110 12 124 15 113 3 9 58 16 49 24 61 3 13 214 19 209 29 160 3 4 4 7 3 17 4 3 9 53 16 49 24 43 3 6 1 18 1 29 1 3 20 196 23 208 26 192 3 3 64 11 86 21 77 3 14 88 22 88 29 80 2 18 177 26 201 2 24 102 27 119 2 5 119 23 86 3 20 204 23 205 26 159 3 4 171 22 156 30 223 2 18 180 28 179
39 1 1 55 3 6 2 18 2 29 1 1 1 60 3 2 138 4 137 26 160 2 3 77 20 73 1 1 57 3 3 81 11 85 21 87 3 2 175 5 186 25 181 3 3 85 11 79 21 80 2 11 33 24 26 3 14 92 22 76 29 86 1 1 61 3 4 65 5 93 11 68 2 11 23 24 29 3 6 40 15 38 19 40 2 5 99 16 137 3 6 141 12 169 30 126 2 7 165 22 191 3 12 59 23 52 27 72 2 18 203 28 224 4 8 68 12 54 18 55 20 55 3 2 106 7 106 27 89 2 9 137 20 129 2 10 94 17 94 3 2 150 4 131 26 124 3 8 98 12 85 15 98 2 9 165 13 178 2 14 128 21 156 3 2 184 5 150 25 206 3 9 49 16 62 24 46 3 4 4 7 4 17 4 2 24 95 27 89 3 12 73 23 67 27 57 2 5 115 23 103 3 20 155 23 157 26 154 2 18 173 26 143 1 1 57 3 13 196 19 213 29 150 3 4 178 22 179 30 169
39 1 1 55 3 6 2 18 2 29 1 1 1 60 3 2 138 4 137 26 160 2 3 77 20 73 1 1 57 3 3 81 11 85 21 87 3 2 175 5 186 25 181 3 3 85 11 79 21 80 2 11 33 24 26 3 14 92 22 76 29 86 1 1 61 3 4 65 5 93 11 68 2 11 23 24 29 3 6 40 15 38 19 40 2 5 99 16 137 3 6 141 12 169 30 126 2 7 165 22 191 3 12 59 23 52 27 72 2 18 203 28 224 4 8 68 12 54 18 55 20 55 3 2 106 7 106 27 89 2 9 137 20 129 2 10 94 17 94 3 2 150 4 131 26 124 3 8 98 12 85 15 98 2 9 165 13 178 2 14 128 21 156 3 2 184 5 150 25 206 3 9 49 16 62 24 46 3 4 4 7 4 17 4 2 24 95 27 89 3 12 73 23 67 27 57 2 5 115 23 103 3 20 155 23 157 26 154 2 18 173 26 143 1 1 57 3 13 196 19 213 29 150 3 4 178 22 179 30 169
39 1 1 55 3 6 2 18 2 29 1 1 1 60 3 2 138 4 137 26 160 2 3 77 20 73 1 1 57 3 3 81 11 85 21 87 3 2 175 5 186 25 181 3 3 85 11 79 21 80 2 11 33 24 26 3 14 92 22 76 29 86 1 1 61 3 4 65 5 93 11 68 2 11 23 24 29 3 6 40 15 38 19 40 2 5 99 16 137 3 6 141 12 169 30 126 2 7 165 22 191 3 12 59 23 52 27 72 2 18 203 28 224 4 8 68 12 54 18 55 20 55 3 2 106 7 106 27 89 2 9 137 20 129 2 10 94 17 94 3 2 150 4 131 26 124 3 8 98 12 85 15 98 2 9 165 13 178 2 14 128 21 156 3 2 184 5 150 25 206 3 9 49 16 62 24 46 3 4 4 7 4 17 4 2 24 95 27 89 3 12 73 23 67 27 57 2 5 115 23 103 3 20 155 23 157 26 154 2 18 173 26 143 1 1 57 3 13 196 19 213 29 150 3 4 178 22 179 30 169
34 3 6 169 12 155 30 154 3 8 117 12 113 15 100 1 1 60 3 2 185 4 147 26 132 2 3 77 20 87 3 4 71 5 65 11 87 2 5 111 16 115 2 7 153 22 179 2 11 34 24 32 2 24 114 27 108 3 6 2 18 2 29 2 4 8 63 12 68 18 70 20 63 3 12 52 23 54 27 50 2 9 143 20 124 2 7 212 22 152 2 14 157 21 129 2 10 90 17 110 3 20 194 23 225 26 160 2 5 92 16 135 2 9 176 13 190 3 4 194 22 169 30 219 3 9 61 16 61 24 47 3 4 3 7 4 17 3 2 18 191 26 170 2 9 173 20 124 3 14 97 22 76 29 97 2 18 164 28 215 2 9 165 20 151 3 6 37 15 46 19 50 3 3 61 11 69 21 68 2 5 84 23 113 3 2 151 5 158 25 194 3 2 103 7 99 27 111 3 13 218 19 181 29 150
34 3 6 169 12 155 30 154 3 8 117 12 113 15 100 1 1 60 3 2 185 4 147 26 132 2 3 77 20 87 3 4 71 5 65 11 87 2 5 111 16 115 2 7 153 22 179 2 11 34 24 32 2 24 114 27 108 3 6 2 18 2 29 2 4 8 63 12 68 18 70 20 63 3 12 52 23 54 27 50 2 9 143 20 124 2 7 212 22 152 2 14 157 21 129 2 10 90 17 110 3 20 194 23 225 26 160 2 5 92 16 135 2 9 176 13 190 3 4 194 22 169 30 219 3 9 61 16 61 24 47 3 4 3 7 4 17 3 2 18 191 26 170 2 9 173 20 124 3 14 97 22 76 29 97 2 18 164 28 215 2 9 165 20 151 3 6 37 15 46 19 50 3 3 61 11 69 21 68 2 5 84 23 113 3 2 151 5 158 25 194 3 2 103 7 99 27 111 3 13 218 19 181 29 150
36 3 20 168 23 159 26 205 1 1 71 3 4 224 22 204 30 169 3 2 124 4 172 26 179 2 3 64 20 89 3 20 183 23 188 26 189 3 4 70 5 85 11 92 2 5 104 16 131 3 6 183 12 144 30 150 2 14 164 21 125 3 2 172 4 150 26 128 2 9 180 13 199 2 7 157 22 173 3 14 74 22 74 29 86 2 5 86 23 89 3 2 91 7 90 27 77 1 1 48 4 8 49 12 58 18 66 20 58 2 9 157 20 142 2 10 97 17 91 3 14 73 22 77 29 72 2 11 24 24 32 3 12 69 23 56 27 66 3 6 37 15 40 19 38 3 8 120 12 94 15 92 3 9 46 16 47 24 61 3 4 4 7 3 17 3 1 1 58 2 18 181 26 182 3 3 79 11 61 21 86 3 6 1 18 2 29 1 3 2 205 5 188 25 206 2 3 78 20 84 2 24 97 27 103 2 18 211 28 203 3 13 166 19 199 29 206
37 1 1 59 3 8 97 12 117 15 88 2 18 221 28 188 3 8 84 12 109 15 107 2 3 63 20 64 3 6 2 18 1 29 2 3 2 161 4 137 26 126 2 14 150 21 145 3 4 70 5 91 11 93 2 5 122 16 92 2 11 33 24 23 3 6 155 12 156 30 135 2 18 163 28 168 2 5 100 23 83 2 7 186 22 156 3 4 173 22 214 30 209 3 4 3 7 3 17 3 4 8 62 12 53 18 51 20 66 2 9 162 20 142 2 10 88 17 80 2 18 200 26 182 2 10 80 17 86 3 12 69 23 50 27 58 3 4 4 7 3 17 4 3 14 107 22 80 29 100 3 13 193 19 196 29 206 2 9 141 13 144 3 9 48 16 62 24 59 3 6 45 15 52 19 45 3 2 181 4 182 26 185 2 24 97 27 98 3 20 211 23 194 26 185 2 5 107 23 109 3 3 87 11 91 21 72 2 24 111 27 115 3 2 110 7 85 27 77 3 2 155 5 184 25 218
34 1 1 66 3 2 125 4 125 26 182 2 3 62 20 87 3 2 104 7 106 27 94 3 4 90 5 74 11 78 2 5 100 16 93 3 6 166 12 176 30 146 2 5 116 23 112 2 7 152 22 156 4 8 53 12 68 18 51 20 51 2 18 140 26 198 2 9 141 20 171 2 18 160 26 161 2 10 90 17 106 2 11 28 24 28 2 5 106 16 116 3 14 104 22 72 29 78 3 12 57 23 66 27 72 3 6 49 15 46 19 41 2 9 196 13 138 2 14 136 21 174 3 4 3 7 3 17 3 1 1 69 3 8 117 12 119 15 107 3 9 48 16 63 24 53 3 3 81 11 65 21 66 3 6 2 18 1 29 1 3 20 158 23 170 26 190 2 9 171 13 144 2 18 195 28 165 2 24 114 27 94 3 2 198 5 169 25 180 3 13 168 19 189 29 164 3 4 220 22 164 30 205
33 1 1 61 3 2 147 4 128 26 158 1 1 65 2 3 71 20 78 3 4 78 5 84 11 73 3 2 177 4 141 26 153 3 6 50 15 43 19 48 2 5 119 16 101 3 6 145 12 182 30 126 2 9 159 20 137 2 7 160 22 199 3 14 99 22 89 29 107 4 8 58 12 62 18 58 20 54 2 10 80 17 95 2 11 25 24 27 3 12 50 23 67 27 60 2 9 199 13 142 2 18 202 28 163 2 14 140 21 163 3 8 105 12 102 15 120 3 9 54 16 44 24 43 3 20 203 23 175 26 197 3 4 3 7 4 17 3 3 6 2 18 2 29 1 3 3 84 11 77 21 76 3 13 164 19 173 29 174 2 18 200 26 196 3 2 200 5 208 25 211 2 5 119 23 98 2 24 102 27 96 3 4 221 22 225 30 214 3 13 151 19 180 29 196 3 2 92 7 88 27 100
33 1 1 61 3 2 147 4 128 26 158 1 1 65 2 3 71 20 78 3 4 78 5 84 11 73 3 2 177 4 141 26 153 3 6 50 15 43 19 48 2 5 119 16 101 3 6 145 12 182 30 126 2 9 159 20 137 2 7 160 22 199 3 14 99 22 89 29 107 4 8 58 12 62 18 58 20 54 2 10 80 17 95 2 11 25 24 27 3 12 50 23 67 27 60 2 9 199 13 142 2 18 202 28 163 2 14 140 21 163 3 8 105 12 102 15 120 3 9 54 16 44 24 43 3 20 203 23 175 26 197 3 4 3 7 4 17 3 3 6 2 18 2 29 1 3 3 84 11 77 21 76 3 13 164 19 173 29 174 2 18 200 26 196 3 2 200 5 208 25 211 2 5 119 23 98 2 24 102 27 96 3 4 221 22 225 30 214 3 13 151 19 180 29 196 3 2 92 7 88 27 100
33 1 1 61 3 2 147 4 128 26 158 1 1 65 2 3 71 20 78 3 4 78 5 84 11 73 3 2 177 4 141 26 153 3 6 50 15 43 19 48 2 5 119 16 101 3 6 145 12 182 30 126 2 9 159 20 137 2 7 160 22 199 3 14 99 22 89 29 107 4 8 58 12 62 18 58 20 54 2 10 80 17 95 2 11 25 24 27 3 12 50 23 67 27 60 2 9 199 13 142 2 18 202 28 163 2 14 140 21 163 3 8 105 12 102 15 120 3 9 54 16 44 24 43 3 20 203 23 175 26 197 3 4 3 7 4 17 3 3 6 2 18 2 29 1 3 3 84 11 77 21 76 3 13 164 19 173 29 174 2 18 200 26 196 3 2 200 5 208 25 211 2 5 119 23 98 2 24 102 27 96 3 4 221 22 225 30 214 3 13 151 19 180 29 196 3 2 92 7 88 27 100
33 1 1 59 3 2 173 4 153 26 125 2 3 83 20 63 1 1 55 3 4 68 5 78 11 83 1 1 59 2 5 122 16 125 3 6 173 12 178 30 171 3 2 93 7 83 27 81 2 7 184 22 185 3 2 128 4 173 26 177 4 8 49 12 61 18 63 20 70 3 6 2 18 1 29 2 2 9 123 20 123 2 10 90 17 106 2 11 23 24 32 3 12 50 23 73 27 64 3 4 204 22 205 30 225 3 4 3 7 4 17 3 2 9 181 13 175 2 14 162 21 120 3 9 48 16 49 24 46 3 8 110 12 113 15 101 3 6 51 15 50 19 37 3 20 183 23 210 26 172 3 3 67 11 85 21 83 3 14 88 22 81 29 79 2 5 116 23 93 2 24 105 27 108 2 18 176 28 200 3 2 160 5 210 25 211 2 18 158 26 157 3 13 207 19 208 29 167
33 1 1 59 3 2 173 4 153 26 125 2 3 83 20 63 1 1 55 3 4 68 5 78 11 83 1 1 59 2 5 122 16 125 3 6 173 12 178 30 171 3 2 93 7 83 27 81 2 7 184 22 185 3 2 128 4 173 26 177 4 8 49 12 61 18 63 20 70 3 6 2 18 1 29 2 2 9 123 20 123 2 10 90 17 106 2 11 23 24 32 3 12 50 23 73 27 64 3 4 204 22 205 30 225 3 4 3 7 4 17 3 2 9 181 13 175 2 14 162 21 120 3 9 48 16 49 24 46 3 8 110 12 113 15 101 3 6 51 15 50 19 37 3 20 183 23 210 26 172 3 3 67 11 85 21 83 3 14 88 22 81 29 79 2 5 116 23 93 2 24 105 27 108 2 18 176 28 200 3 2 160 5 210 25 211 2 18 158 26 157 3 13 207 19 208 29 167
33 1 1 52 3 2 165 4 126 26 144 2 3 73 20 78 1 1 62 3 4 82 5 68 11 69 1 1 60 2 5 115 16 124 3 6 162 12 172 30 152 3 2 84 7 84 27 93 2 7 176 22 165 3 2 134 4 144 26 183 4 8 53 12 53 18 63 20 50 3 6 1 18 2 29 1 2 9 174 20 146 2 10 98 17 82 2 11 23 24 23 3 12 54 23 60 27 49 3 4 173 22 205 30 205 3 4 4 7 4 17 3 2 9 182 13 198 2 14 125 21 142 3 9 57 16 52 24 50 3 8 117 12 109 15 115 3 6 50 15 42 19 49 3 20 217 23 167 26 218 3 3 78 11 85 21 61 3 14 94 22 99 29 89 2 5 92 23 110 2 24 104 27 109 2 18 184 28 157 3 2 221 5 187 25 184 2 18 193 26 186 3 13 169 19 178 29 202
33 1 1 52 3 2 165 4 126 26 144 2 3 73 20 78 1 1 62 3 4 82 5 68 11 69 1 1 60 2 5 115 16 124 3 6 162 12 172 30 152 3 2 84 7 84 27 93 2 7 176 22 165 3 2 134 4 144 26 183 4 8 53 12 53 18 63 20 50 3 6 1 18 2 29 1 2 9 174 20 146 2 10 98 17 82 2 11 23 24 23 3 12 54 23 60 27 49 3 4 173 22 205 30 205 3 4 4 7 4 17 3 2 9 182 13 198 2 14 125 21 142 3 9 57 16 52 24 50 3 8 117 12 109 15 115 3 6 50 15 42 19 49 3 20 217 23 167 26 218 3 3 78 11 85 21 61 3 14 94 22 99 29 89 2 5 92 23 110 2 24 104 27 109 2 18 184 28 157 3 2 221 5 187 25 184 2 18 193 26 186 3 13 169 19 178 29 202
33 1 1 52 3 2 165 4 126 26 144 2 3 73 20 78 1 1 62 3 4 82 5 68 11 69 1 1 60 2 5 115 16 124 3 6 162 12 172 30 152 3 2 84 7 84 27 93 2 7 176 22 165 3 2 134 4 144 26 183 4 8 53 12 53 18 63 20 50 3 6 1 18 2 29 1 2 9 174 20 146 2 10 98 17 82 2 11 23 24 23 3 12 54 23 60 27 49 3 4 173 22 205 30 205 3 4 4 7 4 17 3 2 9 182 13 198 2 14 125 21 142 3 9 57 16 52 24 50 3 8 117 12 109 15 115 3 6 50 15 42 19 49 3 20 217 23 167 26 218 3 3 78 11 85 21 61 3 14 94 22 99 29 89 2 5 92 23 110 2 24 104 27 109 2 18 184 28 157 3 2 221 5 187 25 184 2 18 193 26 186 3 13 169 19 178 29 202
33 1 1 57 3 2 161 4 157 26 177 3 6 1 18 2 29 1 2 3 88 20 67 2 18 171 28 206 3 4 78 5 65 11 68 2 5 99 16 131 3 6 175 12 174 30 171 2 7 153 22 149 4 8 57 12 58 18 57 20 50 2 10 102 17 105 3 20 164 23 173 26 188 2 10 96 17 119 2 9 163 20 137 2 11 25 24 33 3 12 62 23 60 27 65 3 2 165 5 215 25 187 1 1 55 2 14 173 21 122 2 18 144 26 202 2 9 185 13 200 3 8 114 12 121 15 112 3 9 62 16 49 24 55 3 4 4 7 4 17 4 3 6 50 15 43 19 49 2 24 122 27 118 3 3 77 11 78 21 69 3 14 98 22 76 29 85 3 2 110 7 79 27 82 2 5 87 23 88 3 4 200 22 166 30 168 2 11 28 24 28 3 13 210 19 161 29 225
33 1 1 59 3 2 147 4 125 26 131 2 3 66 20 82 1 1 51 3 4 92 5 68 11 76 1 1 69 2 5 131 16 122 3 6 141 12 160 30 174 3 2 101 7 111 27 93 2 7 175 22 209 3 2 159 4 161 26 141 4 8 66 12 58 18 50 20 67 3 6 1 18 2 29 2 2 9 140 20 169 2 10 88 17 104 2 11 24 24 24 3 12 64 23 63 27 69 3 4 194 22 214 30 212 3 4 4 7 4 17 4 2 9 137 13 167 2 14 123 21 169 3 9 44 16 50 24 56 3 8 105 12 117 15 98 3 6 40 15 42 19 44 3 20 195 23 191 26 188 3 3 67 11 81 21 79 3 14 76 22 88 29 94 2 5 88 23 88 2 24 105 27 89 2 18 199 28 215 3 2 189 5 165 25 193 2 18 177 26 192 3 13 170 19 204 29 151
33 1 1 59 3 2 147 4 125 26 131 2 3 66 20 82 1 1 51 3 4 92 5 68 11 76 1 1 69 2 5 131 16 122 3 6 141 12 160 30 174 3 2 101 7 111 27 93 2 7 175 22 209 3 2 159 4 161 26 141 4 8 66 12 58 18 50 20 67 3 6 1 18 2 29 2 2 9 140 20 169 2 10 88 17 104 2 11 24 24 24 3 12 64 23 63 27 69 3 4 194 22 214 30 212 3 4 4 7 4 17 4 2 9 137 13 167 2 14 123 21 169 3 9 44 16 50 24 56 3 8 105 12 117 15 98 3 6 40 15 42 19 44 3 20 195 23 191 26 188 3 3 67 11 81 21 79 3 14 76 22 88 29 94 2 5 88 23 88 2 24 105 27 89 2 18 199 28 215 3 2 189 5 165 25 193 2 18 177 26 192 3 13 170 19 204 29 151
33 1 1 49 3 2 169 4 165 26 146 2 9 143 13 142 2 3 66 20 82 3 4 92 5 62 11 90 2 5 114 16 105 3 6 135 12 129 30 139 2 7 163 22 208 4 8 49 12 69 18 64 20 66 2 9 205 13 185 2 9 159 20 161 3 8 90 12 96 15 109 1 1 61 2 10 81 17 91 2 11 31 24 23 3 6 37 15 38 19 36 3 13 156 19 167 29 222 3 4 3 7 4 17 4 3 12 65 23 55 27 67 2 14 171 21 153 3 9 53 16 58 24 45 3 2 74 7 88 27 89 3 6 1 18 2 29 1 3 20 204 23 206 26 180 3 3 82 11 82 21 65 3 2 177 5 149 25 211 3 14 72 22 93 29 102 2 24 108 27 108 3 6 40 15 44 19 41 3 4 208 22 206 30 205 2 5 93 23 106 2 18 192 26 138 2 18 219 28 195
33 1 1 49 3 2 169 4 165 26 146 2 9 143 13 142 2 3 66 20 82 3 4 92 5 62 11 90 2 5 114 16 105 3 6 135 12 129 30 139 2 7 163 22 208 4 8 49 12 69 18 64 20 66 2 9 205 13 185 2 9 159 20 161 3 8 90 12 96 15 109 1 1 61 2 10 81 17 91 2 11 31 24 23 3 6 37 15 38 19 36 3 13 156 19 167 29 222 3 4 3 7 4 17 4 3 12 65 23 55 27 67 2 14 171 21 153 3 9 53 16 58 24 45 3 2 74 7 88 27 89 3 6 1 18 2 29 1 3 20 204 23 206 26 180 3 3 82 11 82 21 65 3 2 177 5 149 25 211 3 14 72 22 93 29 102 2 24 108 27 108 3 6 40 15 44 19 41 3 4 208 22 206 30 205 2 5 93 23 106 2 18 192 26 138 2 18 219 28 195
35 1 1 50 3 2 149 4 181 26 145 3 4 192 22 171 30 196 2 3 63 20 86 3 4 62 5 70 11 80 2 5 101 16 135 3 20 191 23 225 26 224 2 3 86 20 77 2 9 135 20 154 3 6 160 12 134 30 135 2 14 132 21 130 2 7 190 22 164 2 24 105 27 113 4 8 56 12 67 18 52 20 65 2 10 110 17 117 4 8 67 12 62 18 63 20 61 2 11 31 24 28 3 12 73 23 73 27 69 2 9 204 13 149 3 8 98 12 86 15 91 2 18 211 28 185 3 9 62 16 49 24 47 3 14 106 22 75 29 82 3 4 4 7 3 17 4 3 3 78 11 68 21 71 3 2 74 7 106 27 105 1 1 63 3 6 1 18 1 29 1 3 2 198 5 154 25 187 3 2 83 7 99 27 89 3 6 47 15 40 19 36 2 18 195 26 140 2 5 84 23 88 2 11 28 24 29 3 13 222 19 216 29 163
35 1 1 50 3 2 149 4 181 26 145 3 4 192 22 171 30 196 2 3 63 20 86 3 4 62 5 70 11 80 2 5 101 16 135 3 20 191 23 225 26 224 2 3 86 20 77 2 9 135 20 154 3 6 160 12 134 30 135 2 14 132 21 130 2 7 190 22 164 2 24 105 27 113 4 8 56 12 67 18 52 20 65 2 10 110 17 117 4 8 67 12 62 18 63 20 61 2 11 31 24 28 3 12 73 23 73 27 69 2 9 204 13 149 3 8 98 12 86 15 91 2 18 211 28 185 3 9 62 16 49 24 47 3 14 106 22 75 29 82 3 4 4 7 3 17 4 3 3 78 11 68 21 71 3 2 74 7 106 27 105 1 1 63 3 6 1 18 1 29 1 3 2 198 5 154 25 187 3 2 83 7 99 27 89 3 6 47 15 40 19 36 2 18 195 26 140 2 5 84 23 88 2 11 28 24 29 3 13 222 19 216 29 163
36 1 1 59 3 2 145 4 180 26 185 2 3 84 20 82 3 12 59 23 70 27 62 2 5 132 16 116 3 20 160 23 164 26 160 3 2 129 4 160 26 167 3 4 72 5 74 11 86 3 12 63 23 73 27 73 3 6 133 12 154 30 172 2 7 186 22 203 4 8 70 12 69 18 62 20 60 2 11 32 24 31 2 9 173 20 146 2 7 171 22 206 2 10 86 17 89 2 9 167 13 158 3 4 65 5 69 11 81 3 4 212 22 192 30 162 2 14 169 21 168 3 3 90 11 86 21 63 3 8 116 12 118 15 120 2 18 159 28 155 2 5 99 23 107 2 14 148 21 175 3 14 72 22 82 29 85 3 2 86 7 77 27 87 3 6 50 15 44 19 43 3 9 61 16 59 24 57 3 4 4 7 4 17 3 2 24 115 27 89 3 4 181 22 201 30 182 3 6 2 18 2 29 1 3 2 208 5 207 25 156 3 13 186 19 153 29 172 2 18 171 26 141
32 1 1 54 3 2 181 4 185 26 126 4 8 62 12 60 18 70 20 58 2 10 92 17 118 2 3 78 20 63 3 4 72 5 76 11 90 2 9 201 13 141 2 5 115 23 103 2 5 108 16 110 1 1 66 3 6 153 12 133 30 160 2 7 209 22 151 2 9 127 20 133 3 6 2 18 2 29 1 2 11 25 24 33 3 12 61 23 61 27 58 2 14 172 21 132 3 8 93 12 84 15 96 3 9 46 16 51 24 60 3 2 80 7 95 27 95 3 4 3 7 4 17 4 3 6 48 15 35 19 35 2 24 108 27 128 3 20 190 23 163 26 173 3 2 221 5 208 25 166 2 14 144 21 121 3 3 85 11 86 21 87 3 14 102 22 80 29 103 2 18 171 26 161 2 18 179 28 155 3 13 185 19 199 29 150 3 4 158 22 220 30 223
32 1 1 54 3 2 181 4 185 26 126 4 8 62 12 60 18 70 20 58 2 10 92 17 118 2 3 78 20 63 3 4 72 5 76 11 90 2 9 201 13 141 2 5 115 23 103 2 5 108 16 110 1 1 66 3 6 153 12 133 30 160 2 7 209 22 151 2 9 127 20 133 3 6 2 18 2 29 1 2 11 25 24 33 3 12 61 23 61 27 58 2 14 172 21 132 3 8 93 12 84 15 96 3 9 46 16 51 24 60 3 2 80 7 95 27 95 3 4 3 7 4 17 4 3 6 48 15 35 19 35 2 24 108 27 128 3 20 190 23 163 26 173 3 2 221 5 208 25 166 2 14 144 21 121 3 3 85 11 86 21 87 3 14 102 22 80 29 103 2 18 171 26 161 2 18 179 28 155 3 13 185 19 199 29 150 3 4 158 22 220 30 223
33 1 1 70 3 2 130 4 154 26 153 2 9 198 13 160 2 3 76 20 80 3 4 71 5 88 11 92 2 5 108 16 125 3 6 171 12 134 30 139 2 7 149 22 203 4 8 67 12 54 18 64 20 55 2 9 197 13 177 2 9 154 20 154 3 8 121 12 110 15 115 1 1 60 2 10 91 17 95 2 11 24 24 33 3 6 51 15 49 19 48 3 13 157 19 213 29 206 3 4 3 7 4 17 3 3 12 54 23 62 27 68 2 14 163 21 156 3 9 63 16 59 24 49 3 2 97 7 87 27 98 3 6 1 18 2 29 2 3 20 173 23 153 26 215 3 3 66 11 70 21 62 3 2 215 5 167 25 211 3 14 80 22 95 29 102 2 24 86 27 93 3 6 41 15 37 19 37 3 4 203 22 192 30 154 2 5 105 23 93 2 18 163 26 182 2 18 158 28 226
35 1 1 66 3 2 127 4 130 26 167 3 4 179 22 219 30 207 2 3 76 20 76 3 4 67 5 64 11 74 2 5 130 16 109 3 20 168 23 225 26 163 2 3 61 20 86 2 9 176 20 129 3 6 153 12 177 30 183 2 14 126 21 137 2 7 171 22 159 2 24 91 27 121 4 8 52 12 50 18 60 20 49 2 10 118 17 82 4 8 48 12 57 18 66 20 70 2 11 30 24 28 3 12 55 23 49 27 58 2 9 177 13 192 3 8 93 12 98 15 114 2 18 197 28 201 3 9 45 16 62 24 58 3 14 97 22 82 29 105 3 4 3 7 3 17 3 3 3 89 11 90 21 83 3 2 94 7 80 27 96 1 1 69 3 6 2 18 2 29 2 3 2 165 5 162 25 201 3 2 103 7 78 27 106 3 6 47 15 51 19 44 2 18 199 26 165 2 5 81 23 85 2 11 34 24 24 3 13 215 19 203 29 216
35 1 1 69 2 18 195 26 138 3 12 69 23 73 27 53 2 24 109 27 88 3 8 85 12 87 15 123 3 2 138 4 139 26 182 2 18 137 26 196 2 3 88 20 61 2 9 163 20 174 3 4 76 5 92 11 79 2 5 134 16 123 3 6 126 12 127 30 160 2 5 94 16 96 4 8 53 12 48 18 68 20 48 1 1 69 2 7 204 22 195 2 18 223 28 173 3 6 145 12 141 30 141 2 10 84 17 112 2 11 25 24 31 2 9 161 13 176 2 14 172 21 130 3 4 4 7 4 17 4 3 13 192 19 222 29 218 3 9 55 16 51 24 59 3 20 180 23 197 26 152 3 6 1 18 1 29 2 3 6 52 15 50 19 50 3 3 85 11 66 21 66 3 14 89 22 86 29 103 3 2 89 7 97 27 91 3 9 48 16 47 24 57 2 5 82 23 115 3 2 205 5 165 25 205 3 4 221 22 195 30 206
35 1 1 69 2 18 195 26 138 3 12 69 23 73 27 53 2 24 109 27 88 3 8 85 12 87 15 123 3 2 138 4 139 26 182 2 18 137 26 196 2 3 88 20 61 2 9 163 20 174 3 4 76 5 92 11 79 2 5 134 16 123 3 6 126 12 127 30 160 2 5 94 16 96 4 8 53 12 48 18 68 20 48 1 1 69 2 7 204 22 195 2 18 223 28 173 3 6 145 12 141 30 141 2 10 84 17 112 2 11 25 24 31 2 9 161 13 176 2 14 172 21 130 3 4 4 7 4 17 4 3 13 192 19 222 29 218 3 9 55 16 51 24 59 3 20 180 23 197 26 152 3 6 1 18 1 29 2 3 6 52 15 50 19 50 3 3 85 11 66 21 66 3 14 89 22 86 29 103 3 2 89 7 97 27 91 3 9 48 16 47 24 57 2 5 82 23 115 3 2 205 5 165 25 205 3 4 221 22 195 30 206
39 1 1 58 3 6 1 18 1 29 2 1 1 53 3 2 130 4 142 26 141 2 3 69 20 71 1 1 60 3 3 61 11 72 21 87 3 2 170 5 164 25 179 3 3 77 11 65 21 83 2 11 31 24 25 3 14 78 22 94 29 99 1 1 66 3 4 93 5 83 11 85 2 11 27 24 24 3 6 45 15 37 19 44 2 5 116 16 131 3 6 142 12 134 30 148 2 7 186 22 214 3 12 51 23 53 27 50 2 18 186 28 156 4 8 61 12 51 18 52 20 52 3 2 79 7 105 27 109 2 9 176 20 118 2 10 108 17 108 3 2 146 4 170 26 141 3 8 85 12 109 15 116 2 9 150 13 149 2 14 160 21 167 3 2 161 5 205 25 218 3 9 53 16 47 24 46 3 4 4 7 4 17 3 2 24 93 27 97 3 12 59 23 56 27 64 2 5 120 23 111 3 20 196 23 182 26 159 2 18 190 26 193 1 1 58 3 13 221 19 185 29 183 3 4 176 22 198 30 190
39 1 1 58 3 6 1 18 1 29 2 1 1 53 3 2 130 4 142 26 141 2 3 69 20 71 1 1 60 3 3 61 11 72 21 87 3 2 170 5 164 25 179 3 3 77 11 65 21 83 2 11 31 24 25 3 14 78 22 94 29 99 1 1 66 3 4 93 5 83 11 85 2 11 27 24 24 3 6 45 15 37 19 44 2 5 116 16 131 3 6 142 12 134 30 148 2 7 186 22 214 3 12 51 23 53 27 50 2 18 186 28 156 4 8 61 12 51 18 52 20 52 3 2 79 7 105 27 109 2 9 176 20 118 2 10 108 17 108 3 2 146 4 170 26 141 3 8 85 12 109 15 116 2 9 150 13 149 2 14 160 21 167 3 2 161 5 205 25 218 3 9 53 16 47 24 46 3 4 4 7 4 17 3 2 24 93 27 97 3 12 59 23 56 27 64 2 5 120 23 111 3 20 196 23 182 26 159 2 18 190 26 193 1 1 58 3 13 221 19 185 29 183 3 4 176 22 198 30 190
33 1 1 48 3 2 124 4 143 26 164 4 8 65 12 68 18 62 20 58 2 3 86 20 73 3 4 68 5 64 11 64 1 1 65 2 5 125 16 103 3 6 173 12 132 30 158 2 7 208 22 159 2 9 151 20 125 3 4 3 7 3 17 3 3 13 203 19 198 29 224 2 9 172 20 149 2 10 95 17 83 2 24 100 27 97 3 8 87 12 87 15 86 2 11 29 24 28 3 12 68 23 50 27 58 2 5 117 23 103 2 9 171 13 172 2 14 153 21 170 2 11 26 24 25 3 9 52 16 62 24 46 3 6 1 18 1 29 1 3 6 42 15 50 19 50 3 20 206 23 208 26 153 3 3 91 11 91 21 87 3 14 89 22 101 29 82 3 2 149 5 213 25 158 2 18 138 26 173 3 4 217 22 199 30 229 2 18 187 28 206 3 2 77 7 106 27 75
33 1 1 62 3 2 142 4 165 26 185 1 1 67 2 3 74 20 64 3 4 92 5 79 11 75 3 2 166 4 163 26 155 3 6 41 15 40 19 41 2 5 96 16 127 3 6 167 12 136 30 126 2 9 133 20 151 2 7 198 22 205 3 14 85 22 77 29 79 4 8 53 12 70 18 48 20 59 2 10 101 17 116 2 11 25 24 28 3 12 68 23 64 27 51 2 9 196 13 152 2 18 200 28 165 2 14 126 21 136 3 8 119 12 120 15 93 3 9 56 16 60 24 57 3 20 171 23 159 26 166 3 4 3 7 4 17 3 3 6 1 18 1 29 2 3 3 84 11 89 21 67 3 13 203 19 197 29 200 2 18 176 26 186 3 2 163 5 212 25 218 2 5 89 23 118 2 24 88 27 108 3 4 186 22 176 30 206 3 13 179 19 156 29 154 3 2 79 7 82 27 85
35 1 1 51 3 2 161 4 151 26 147 3 4 218 22 198 30 174 2 3 77 20 80 3 4 77 5 74 11 71 2 5 122 16 133 3 20 171 23 198 26 215 2 3 73 20 85 2 9 127 20 124 3 6 169 12 160 30 149 2 14 142 21 144 2 7 177 22 211 2 24 128 27 118 4 8 48 12 69 18 57 20 49 2 10 92 17 93 4 8 65 12 62 18 48 20 58 2 11 27 24 34 3 12 50 23 68 27 70 2 9 168 13 184 3 8 89 12 97 15 94 2 18 157 28 198 3 9 45 16 57 24 59 3 14 102 22 72 29 90 3 4 4 7 3 17 4 3 3 82 11 68 21 74 3 2 95 7 103 27 76 1 1 65 3 6 1 18 1 29 2 3 2 171 5 160 25 168 3 2 78 7 83 27 86 3 6 40 15 36 19 49 2 18 199 26 165 2 5 95 23 108 2 11 26 24 26 3 13 172 19 212 29 168
34 3 6 146 12 158 30 163 3 8 84 12 95 15 104 1 1 50 3 2 139 4 165 26 144 2 3 90 20 65 3 4 67 5 91 11 67 2 5 98 16 93 2 7 170 22 191 2 11 32 24 28 2 24 111 27 123 3 6 1 18 2 29 2 4 8 57 12 64 18 53 20 47 3 12 50 23 60 27 59 2 9 170 20 155 2 7 150 22 200 2 14 156 21 173 2 10 102 17 117 3 20 159 23 194 26 172 2 5 111 16 124 2 9 203 13 169 3 4 162 22 223 30 189 3 9 55 16 61 24 46 3 4 3 7 3 17 3 2 18 171 26 158 2 9 159 20 152 3 14 72 22 76 29 85 2 18 221 28 196 2 9 148 20 136 3 6 49 15 48 19 39 3 3 89 11 62 21 67 2 5 97 23 84 3 2 189 5 199 25 159 3 2 99 7 78 27 111 3 13 194 19 161 29 194
34 3 6 146 12 158 30 163 3 8 84 12 95 15 104 1 1 50 3 2 139 4 165 26 144 2 3 90 20 65 3 4 67 5 91 11 67 2 5 98 16 93 2 7 170 22 191 2 11 32 24 28 2 24 111 27 123 3 6 1 18 2 29 2 4 8 57 12 64 18 53 20 47 3 12 50 23 60 27 59 2 9 170 20 155 2 7 150 22 200 2 14 156 21 173 2 10 102 17 117 3 20 159 23 194 26 172 2 5 111 16 124 2 9 203 13 169 3 4 162 22 223 30 189 3 9 55 16 61 24 46 3 4 3 7 3 17 3 2 18 171 26 158 2 9 159 20 152 3 14 72 22 76 29 85 2 18 221 28 196 2 9 148 20 136 3 6 49 15 48 19 39 3 3 89 11 62 21 67 2 5 97 23 84 3 2 189 5 199 25 159 3 2 99 7 78 27 111 3 13 194 19 161 29 194
38 1 1 68 3 2 171 4 129 26 164 2 3 62 20 68 3 2 131 4 152 26 150 3 12 64 23 55 27 61 3 4 75 5 80 11 84 2 5 131 16 110 3 6 169 12 165 30 182 2 7 155 22 205 3 2 154 4 162 26 182 3 3 66 11 86 21 78 4 8 57 12 55 18 47 20 64 3 4 183 22 154 30 224 2 9 143 20 157 2 10 112 17 88 2 11 32 24 29 3 6 1 18 1 29 1 3 9 59 16 42 24 42 2 18 177 26 203 4 8 70 12 52 18 56 20 50 3 8 88 12 90 15 92 1 1 50 2 9 193 13 191 2 14 171 21 177 3 2 169 4 149 26 125 3 4 3 7 3 17 3 3 20 163 23 159 26 157 3 6 52 15 51 19 50 3 14 94 22 97 29 105 3 20 189 23 168 26 153 2 5 102 23 107 2 9 197 13 158 2 24 111 27 119 3 8 110 12 92 15 113 3 13 222 19 151 29 162 3 2 173 5 180 25 190 3 2 77 7 83 27 91 2 18 216 28 223
35 1 1 61 2 18 143 26 140 3 12 49 23 55 27 73 2 24 126 27 108 3 8 101 12 117 15 119 3 2 151 4 163 26 179 2 18 147 26 199 2 3 69 20 85 2 9 121 20 133 3 4 77 5 71 11 85 2 5 127 16 123 3 6 182 12 173 30 163 2 5 122 16 98 4 8 54 12 64 18 52 20 59 1 1 60 2 7 214 22 202 2 18 207 28 217 3 6 178 12 166 30 176 2 10 91 17 88 2 11 27 24 30 2 9 153 13 174 2 14 131 21 135 3 4 4 7 3 17 3 3 13 196 19 190 29 162 3 9 62 16 60 24 46 3 20 196 23 187 26 190 3 6 2 18 2 29 1 3 6 44 15 48 19 36 3 3 70 11 67 21 73 3 14 103 22 77 29 78 3 2 111 7 108 27 98 3 9 59 16 60 24 48 2 5 99 23 89 3 2 169 5 197 25 197 3 4 185 22 171 30 197
36 1 1 58 3 2 140 4 156 26 165 2 3 68 20 71 3 12 60 23 63 27 62 2 5 98 16 139 3 20 168 23 159 26 194 3 2 158 4 137 26 168 3 4 68 5 75 11 64 3 12 63 23 59 27 73 3 6 164 12 182 30 148 2 7 152 22 172 4 8 49 12 57 18 69 20 65 2 11 30 24 23 2 9 135 20 128 2 7 149 22 184 2 10 98 17 107 2 9 157 13 177 3 4 67 5 88 11 89 3 4 213 22 202 30 159 2 14 146 21 163 3 3 85 11 89 21 67 3 8 122 12 83 15 88 2 18 155 28 181 2 5 83 23 84 2 14 150 21 166 3 14 72 22 72 29 73 3 2 90 7 87 27 97 3 6 45 15 45 19 47 3 9 53 16 53 24 51 3 4 3 7 4 17 3 2 24 119 27 100 3 4 157 22 162 30 167 3 6 2 18 2 29 1 3 2 210 5 164 25 174 3 13 176 19 152 29 169 2 18 176 26 160
37 1 1 66 3 8 123 12 117 15 102 2 18 171 28 228 3 8 85 12 119 15 83 2 3 85 20 65 3 6 2 18 2 29 2 3 2 149 4 138 26 145 2 14 137 21 163 3 4 64 5 78 11 91 2 5 132 16 121 2 11 24 24 26 3 6 151 12 168 30 154 2 18 211 28 165 2 5 108 23 86 2 7 196 22 173 3 4 191 22 227 30 215 3 4 3 7 4 17 4 4 8 49 12 47 18 58 20 70 2 9 142 20 168 2 10 82 17 101 2 18 175 26 178 2 10 87 17 92 3 12 67 23 52 27 60 3 4 3 7 4 17 3 3 14 89 22 78 29 80 3 13 210 19 194 29 158 2 9 160 13 158 3 9 61 16 61 24 47 3 6 38 15 36 19 37 3 2 147 4 146 26 126 2 24 109 27 122 3 20 175 23 189 26 205 2 5 100 23 118 3 3 65 11 62 21 62 2 24 102 27 126 3 2 74 7 90 27 92 3 2 167 5 199 25 208
32 1 1 55 3 2 165 4 132 26 159 4 8 64 12 67 18 66 20 59 2 10 96 17 91 2 3 61 20 77 3 4 86 5 71 11 74 2 9 180 13 140 2 5 113 23 106 2 5 92 16 132 1 1 50 3 6 171 12 128 30 130 2 7 206 22 158 2 9 132 20 160 3 6 1 18 2 29 1 2 11 29 24 33 3 12 73 23 69 27 72 2 14 146 21 169 3 8 94 12 101 15 111 3 9 44 16 58 24 50 3 2 110 7 106 27 87 3 4 3 7 4 17 4 3 6 52 15 47 19 44 2 24 113 27 122 3 20 189 23 160 26 212 3 2 160 5 219 25 176 2 14 146 21 170 3 3 65 11 69 21 81 3 14 80 22 90 29 91 2 18 156 26 147 2 18 172 28 188 3 13 216 19 177 29 220 3 4 162 22 194 30 191
32 1 1 55 3 2 165 4 132 26 159 4 8 64 12 67 18 66 20 59 2 10 96 17 91 2 3 61 20 77 3 4 86 5 71 11 74 2 9 180 13 140 2 5 113 23 106 2 5 92 16 132 1 1 50 3 6 171 12 128 30 130 2 7 206 22 158 2 9 132 20 160 3 6 1 18 2 29 1 2 11 29 24 33 3 12 73 23 69 27 72 2 14 146 21 169 3 8 94 12 101 15 111 3 9 44 16 58 24 50 3 2 110 7 106 27 87 3 4 3 7 4 17 4 3 6 52 15 47 19 44 2 24 113 27 122 3 20 189 23 160 26 212 3 2 160 5 219 25 176 2 14 146 21 170 3 3 65 11 69 21 81 3 14 80 22 90 29 91 2 18 156 26 147 2 18 172 28 188 3 13 216 19 177 29 220 3 4 162 22 194 30 191
34 3 6 175 12 159 30 164 3 8 111 12 114 15 123 1 1 68 3 2 163 4 152 26 131 2 3 66 20 71 3 4 90 5 91 11 81 2 5 111 16 110 2 7 148 22 150 2 11 34 24 23 2 24 99 27 108 3 6 1 18 1 29 2 4 8 50 12 51 18 58 20 51 3 12 55 23 58 27 53 2 9 167 20 130 2 7 204 22 155 2 14 120 21 157 2 10 115 17 94 3 20 216 23 185 26 152 2 5 126 16 97 2 9 167 13 164 3 4 171 22 190 30 222 3 9 44 16 44 24 42 3 4 3 7 3 17 4 2 18 204 26 180 2 9 168 20 174 3 14 104 22 74 29 92 2 18 162 28 212 2 9 149 20 129 3 6 35 15 41 19 35 3 3 82 11 86 21 73 2 5 90 23 107 3 2 160 5 186 25 199 3 2 102 7 97 27 99 3 13 180 19 196 29 163
34 3 6 175 12 159 30 164 3 8 111 12 114 15 123 1 1 68 3 2 163 4 152 26 131 2 3 66 20 71 3 4 90 5 91 11 81 2 5 111 16 110 2 7 148 22 150 2 11 34 24 23 2 24 99 27 108 3 6 1 18 1 29 2 4 8 50 12 51 18 58 20 51 3 12 55 23 58 27 53 2 9 167 20 130 2 7 204 22 155 2 14 120 21 157 2 10 115 17 94 3 20 216 23 185 26 152 2 5 126 16 97 2 9 167 13 164 3 4 171 22 190 30 222 3 9 44 16 44 24 42 3 4 3 7 3 17 4 2 18 204 26 180 2 9 168 20 174 3 14 104 22 74 29 92 2 18 162 28 212 2 9 149 20 129 3 6 35 15 41 19 35 3 3 82 11 86 21 73 2 5 90 23 107 3 2 160 5 186 25 199 3 2 102 7 97 27 99 3 13 180 19 196 29 163
33 1 1 69 3 2 148 4 150 26 153 4 8 51 12 49 18 60 20 70 2 3 63 20 75 3 4 84 5 81 11 71 1 1 57 2 5 129 16 104 3 6 157 12 141 30 167 2 7 188 22 209 2 9 158 20 140 3 4 4 7 4 17 4 3 13 203 19 210 29 159 2 9 137 20 150 2 10 110 17 105 2 24 127 27 108 3 8 107 12 110 15 89 2 11 34 24 28 3 12 70 23 63 27 55 2 5 105 23 103 2 9 188 13 148 2 14 127 21 144 2 11 30 24 30 3 9 55 16 56 24 42 3 6 1 18 2 29 2 3 6 48 15 40 19 51 3 20 154 23 194 26 209 3 3 70 11 62 21 82 3 14 85 22 77 29 79 3 2 178 5 155 25 180 2 18 190 26 200 3 4 173 22 221 30 178 2 18 167 28 191 3 2 89 7 106 27 102
32 1 1 53 3 2 150 4 174 26 160 4 8 50 12 61 18 64 20 59 2 10 100 17 92 2 3 74 20 61 3 4 82 5 68 11 77 2 9 201 13 190 2 5 117 23 105 2 5 131 16 134 1 1 49 3 6 137 12 130 30 130 2 7 203 22 158 2 9 143 20 176 3 6 2 18 1 29 2 2 11 31 24 25 3 12 63 23 61 27 52 2 14 130 21 149 3 8 85 12 105 15 110 3 9 58 16 52 24 55 3 2 82 7 102 27 106 3 4 4 7 4 17 4 3 6 44 15 47 19 39 2 24 124 27 90 3 20 214 23 219 26 183 3 2 210 5 157 25 168 2 14 153 21 159 3 3 72 11 82 21 69 3 14 80 22 93 29 82 2 18 150 26 176 2 18 190 28 189 3 13 165 19 173 29 197 3 4 207 22 208 30 183
36 2 11 31 24 28 3 6 2 18 1 29 2 3 2 74 7 83 27 103 2 9 200 13 190 1 1 50 3 2 154 4 170 26 143 2 3 76 20 90 2 24 108 27 128 3 4 84 5 85 11 81 2 5 102 16 112 3 6 168 12 177 30 124 2 7 173 22 203 4 8 67 12 69 18 64 20 48 2 9 164 20 120 2 10 92 17 81 3 12 61 23 57 27 58 2 24 94 27 92 2 14 152 21 124 3 2 212 5 155 25 194 2 9 169 20 145 3 3 74 11 85 21 76 3 8 122 12 109 15 97 3 2 100 7 87 27 100 2 18 165 28 185 2 5 105 16 112 3 9 62 16 50 24 45 2 9 169 13 178 3 4 3 7 4 17 3 2 18 145 26 138 3 6 52 15 46 19 42 3 13 180 19 152 29 213 2 18 228 28 189 3 20 188 23 155 26 184 3 14 76 22 104 29 72 2 5 116 23 118 3 4 203 22 204 30 210
36 2 11 25 24 23 3 6 2 18 2 29 1 3 2 100 7 106 27 76 2 9 156 13 176 1 1 62 3 2 138 4 140 26 142 2 3 74 20 66 2 24 95 27 106 3 4 87 5 74 11 91 2 5 128 16 101 3 6 142 12 128 30 138 2 7 208 22 163 4 8 66 12 67 18 49 20 56 2 9 155 20 145 2 10 88 17 82 3 12 62 23 67 27 72 2 24 92 27 108 2 14 128 21 131 3 2 154 5 160 25 206 2 9 165 20 152 3 3 76 11 62 21 80 3 8 122 12 88 15 118 3 2 79 7 94 27 75 2 18 175 28 172 2 5 107 16 131 3 9 50 16 59 24 59 2 9 201 13 164 3 4 4 7 4 17 3 2 18 178 26 149 3 6 49 15 51 19 46 3 13 172 19 188 29 224 2 18 218 28 187 3 20 185 23 160 26 154 3 14 106 22 87 29 102 2 5 120 23 84 3 4 165 22 179 30 167
DUE_DATES: 5909 6453 6453 6453 6423 6423 6450 6634 6182 6154 6154 6154 5908 5908 5899 5899 5899 5782 5896 5896 5869 5869 5954 5954 6775 5716 5716 5944 6010 6423 6423 6612 6612 5829 6066 5917 6388 6388 7228 6403 6517 6690 5747 5747 6371 6371 5852 5799 6783 6638
WEIGHTS: 2 3 3 3 3 1 2 3 1 1 2 3 3 1 2 3 3 1 3 1 2 2 1 1 3 3 1 1 2 2 2 2 1 3 1 3 1 1 1 3 3 1 1 1 3 3 1 2 2 1
