50 30
34 2 4 172 14 172 3 1 18 3 15 28 15 3 2 29 16 38 28 31 2 3 99 27 76 2 5 60 12 74 3 21 42 26 38 30 51 2 6 5 17 5 3 1 91 7 94 12 76 3 1 168 8 145 19 189 4 3 188 20 177 23 166 27 182 2 4 47 9 41 2 24 142 26 128 3 10 29 22 29 26 32 2 19 16 24 21 4 3 158 20 231 23 193 27 201 3 16 28 17 39 19 30 3 4 117 11 119 17 115 2 3 88 27 102 3 12 186 21 175 30 182 2 13 195 18 192 3 14 14 27 16 28 17 2 14 188 24 141 3 10 33 22 30 26 25 3 16 18 17 16 19 16 3 7 65 15 63 20 79 3 12 87 19 74 29 70 3 15 211 16 155 27 165 2 28 36 30 35 2 6 115 18 113 3 2 31 16 39 28 37 2 3 42 22 39 2 10 87 23 79 3 15 89 25 84 27 95 3 14 107 27 110 28 101
34 2 4 172 14 172 3 1 18 3 15 28 15 3 2 29 16 38 28 31 2 3 99 27 76 2 5 60 12 74 3 21 42 26 38 30 51 2 6 5 17 5 3 1 91 7 94 12 76 3 1 168 8 145 19 189 4 3 188 20 177 23 166 27 182 2 4 47 9 41 2 24 142 26 128 3 10 29 22 29 26 32 2 19 16 24 21 4 3 158 20 231 23 193 27 201 3 16 28 17 39 19 30 3 4 117 11 119 17 115 2 3 88 27 102 3 12 186 21 175 30 182 2 13 195 18 192 3 14 14 27 16 28 17 2 14 188 24 141 3 10 33 22 30 26 25 3 16 18 17 16 19 16 3 7 65 15 63 20 79 3 12 87 19 74 29 70 3 15 211 16 155 27 165 2 28 36 30 35 2 6 115 18 113 3 2 31 16 39 28 37 2 3 42 22 39 2 10 87 23 79 3 15 89 25 84 27 95 3 14 107 27 110 28 101
34 3 1 13 3 17 28 13 2 28 46 30 42 3 1 16 3 18 28 17 3 4 105 11 99 17 118 3 2 30 16 40 28 43 2 14 170 24 160 2 3 52 22 41 2 14 195 24 150 2 5 80 12 61 2 3 84 27 75 2 4 191 14 208 2 6 4 17 5 3 1 90 7 78 12 79 2 4 170 14 180 3 1 155 8 157 19 153 2 4 37 9 45 3 10 26 22 35 26 31 3 15 92 25 90 27 85 3 12 218 21 167 30 221 2 13 194 18 178 3 7 75 15 53 20 73 3 15 155 16 217 27 166 3 16 37 17 39 19 39 2 6 93 18 95 3 21 50 26 49 30 40 3 16 14 17 16 19 14 4 3 222 20 226 23 213 27 223 2 10 114 23 95 2 19 17 24 20 2 24 123 26 152 3 14 99 27 90 28 88 3 12 86 19 81 29 72 3 2 40 16 33 28 35 3 14 16 27 16 28 15
34 3 1 13 3 17 28 13 2 28 46 30 42 3 1 16 3 18 28 17 3 4 105 11 99 17 118 3 2 30 16 40 28 43 2 14 170 24 160 2 3 52 22 41 2 14 195 24 150 2 5 80 12 61 2 3 84 27 75 2 4 191 14 208 2 6 4 17 5 3 1 90 7 78 12 79 2 4 170 14 180 3 1 155 8 157 19 153 2 4 37 9 45 3 10 26 22 35 26 31 3 15 92 25 90 27 85 3 12 218 21 167 30 221 2 13 194 18 178 3 7 75 15 53 20 73 3 15 155 16 217 27 166 3 16 37 17 39 19 39 2 6 93 18 95 3 21 50 26 49 30 40 3 16 14 17 16 19 14 4 3 222 20 226 23 213 27 223 2 10 114 23 95 2 19 17 24 20 2 24 123 26 152 3 14 99 27 90 28 88 3 12 86 19 81 29 72 3 2 40 16 33 28 35 3 14 16 27 16 28 15
35 3 2 36 16 35 28 42 3 16 13 17 17 19 17 2 28 39 30 37 3 16 14 17 13 19 15 3 1 18 3 15 28 18 2 3 90 27 103 2 4 188 14 201 2 10 94 23 95 3 1 181 8 190 19 182 2 5 78 12 70 2 6 5 17 5 3 1 75 7 80 12 82 2 4 46 9 53 2 4 202 14 212 3 16 27 17 33 19 32 3 14 104 27 86 28 110 3 10 25 22 35 26 26 4 3 229 20 175 23 231 27 169 3 4 91 11 127 17 101 3 14 17 27 17 28 15 2 24 158 26 119 4 3 162 20 201 23 176 27 233 3 21 52 26 36 30 37 3 4 95 11 107 17 120 3 12 178 21 161 30 224 2 13 195 18 202 2 4 148 14 161 2 3 42 22 50 2 14 150 24 164 3 15 222 16 191 27 159 3 7 67 15 76 20 59 2 6 87 18 103 2 19 18 24 18 3 15 67 25 65 27 69 3 12 72 19 68 29 75
35 3 2 36 16 35 28 42 3 16 13 17 17 19 17 2 28 39 30 37 3 16 14 17 13 19 15 3 1 18 3 15 28 18 2 3 90 27 103 2 4 188 14 201 2 10 94 23 95 3 1 181 8 190 19 182 2 5 78 12 70 2 6 5 17 5 3 1 75 7 80 12 82 2 4 46 9 53 2 4 202 14 212 3 16 27 17 33 19 32 3 14 104 27 86 28 110 3 10 25 22 35 26 26 4 3 229 20 175 23 231 27 169 3 4 91 11 127 17 101 3 14 17 27 17 28 15 2 24 158 26 119 4 3 162 20 201 23 176 27 233 3 21 52 26 36 30 37 3 4 95 11 107 17 120 3 12 178 21 161 30 224 2 13 195 18 202 2 4 148 14 161 2 3 42 22 50 2 14 150 24 164 3 15 222 16 191 27 159 3 7 67 15 76 20 59 2 6 87 18 103 2 19 18 24 18 3 15 67 25 65 27 69 3 12 72 19 68 29 75
36 3 15 183 16 176 27 155 2 3 46 22 45 3 15 221 16 173 27 182 3 1 16 3 14 28 16 3 1 140 8 143 19 168 3 2 41 16 30 28 32 2 3 93 27 94 2 4 218 14 166 2 5 88 12 63 2 6 4 17 4 3 15 87 25 71 27 94 3 1 82 7 94 12 75 3 15 77 25 73 27 83 2 6 88 18 111 2 4 44 9 49 3 10 34 22 32 26 35 3 16 15 17 19 19 14 2 6 80 18 116 3 14 106 27 89 28 78 3 4 96 11 94 17 97 3 7 67 15 60 20 72 3 12 210 21 160 30 204 2 14 142 24 178 3 7 74 15 57 20 79 2 28 34 30 49 3 16 13 17 15 19 18 2 13 187 18 211 2 24 128 26 139 3 21 50 26 49 30 51 3 16 39 17 37 19 31 4 3 232 20 194 23 198 27 177 2 10 107 23 83 2 4 199 14 169 3 14 16 27 17 28 17 2 19 17 24 17 3 12 68 19 72 29 88
37 3 1 13 3 16 28 13 3 2 37 16 37 28 41 2 3 85 27 71 2 4 215 14 216 3 15 65 25 89 27 75 2 5 85 12 67 2 13 184 18 153 2 6 4 17 5 2 5 65 12 83 3 1 80 7 87 12 98 3 15 85 25 65 27 79 3 1 191 8 153 19 137 2 4 44 9 42 3 10 28 22 24 26 29 3 21 46 26 54 30 52 3 4 122 11 93 17 127 3 12 184 21 179 30 175 2 4 43 9 45 2 14 140 24 203 2 19 19 24 17 3 10 34 22 25 26 24 3 12 72 19 79 29 91 3 1 172 8 186 19 155 2 6 110 18 93 3 15 168 16 183 27 184 3 12 225 21 160 30 193 3 7 66 15 66 20 70 3 16 29 17 32 19 36 3 16 15 17 13 19 16 4 3 210 20 210 23 165 27 199 3 10 35 22 25 26 29 2 3 51 22 46 2 10 78 23 103 2 24 146 26 126 2 28 41 30 41 3 14 102 27 92 28 90 3 14 12 27 15 28 12
37 3 1 13 3 16 28 13 3 2 37 16 37 28 41 2 3 85 27 71 2 4 215 14 216 3 15 65 25 89 27 75 2 5 85 12 67 2 13 184 18 153 2 6 4 17 5 2 5 65 12 83 3 1 80 7 87 12 98 3 15 85 25 65 27 79 3 1 191 8 153 19 137 2 4 44 9 42 3 10 28 22 24 26 29 3 21 46 26 54 30 52 3 4 122 11 93 17 127 3 12 184 21 179 30 175 2 4 43 9 45 2 14 140 24 203 2 19 19 24 17 3 10 34 22 25 26 24 3 12 72 19 79 29 91 3 1 172 8 186 19 155 2 6 110 18 93 3 15 168 16 183 27 184 3 12 225 21 160 30 193 3 7 66 15 66 20 70 3 16 29 17 32 19 36 3 16 15 17 13 19 16 4 3 210 20 210 23 165 27 199 3 10 35 22 25 26 29 2 3 51 22 46 2 10 78 23 103 2 24 146 26 126 2 28 41 30 41 3 14 102 27 92 28 90 3 14 12 27 15 28 12
39 3 1 18 3 19 28 14 3 2 37 16 29 28 32 2 4 50 9 50 3 2 37 16 36 28 42 3 15 70 25 67 27 88 2 3 75 27 85 3 16 14 17 17 19 19 3 12 158 21 164 30 171 3 16 13 17 15 19 16 2 13 161 18 223 2 3 95 27 89 3 10 28 22 26 26 28 2 3 94 27 91 3 4 111 11 102 17 98 2 4 157 14 163 2 5 68 12 72 3 1 136 8 132 19 180 2 6 4 17 5 3 1 89 7 88 12 80 2 14 166 24 159 3 15 82 25 79 27 91 3 7 66 15 69 20 78 2 28 34 30 39 3 15 216 16 209 27 196 3 16 37 17 31 19 32 3 4 131 11 124 17 107 2 6 96 18 106 4 3 205 20 217 23 159 27 179 3 21 52 26 41 30 44 3 7 60 15 57 20 61 2 3 39 22 46 3 10 28 22 28 26 35 3 14 77 27 82 28 84 2 10 103 23 105 2 19 17 24 14 3 1 82 7 95 12 84 2 24 135 26 136 3 14 14 27 14 28 17 3 12 91 19 93 29 84
36 3 15 214 16 223 27 220 2 3 49 22 38 3 15 160 16 167 27 211 3 1 17 3 18 28 13 3 1 192 8 193 19 157 3 2 31 16 33 28 31 2 3 84 27 75 2 4 213 14 179 2 5 76 12 62 2 6 4 17 5 3 15 66 25 95 27 74 3 1 77 7 85 12 94 3 15 79 25 70 27 71 2 6 91 18 117 2 4 41 9 52 3 10 33 22 24 26 26 3 16 15 17 14 19 12 2 6 100 18 119 3 14 84 27 112 28 78 3 4 122 11 96 17 117 3 7 59 15 78 20 69 3 12 223 21 191 30 169 2 14 176 24 164 3 7 77 15 78 20 67 2 28 41 30 44 3 16 15 17 18 19 14 2 13 167 18 185 2 24 127 26 135 3 21 51 26 43 30 42 3 16 30 17 39 19 29 4 3 219 20 172 23 207 27 190 2 10 80 23 94 2 4 208 14 178 3 14 12 27 16 28 17 2 19 19 24 15 3 12 76 19 96 29 90
37 3 21 51 26 39 30 42 3 1 13 3 18 28 17 3 21 53 26 45 30 54 3 2 37 16 35 28 35 2 3 72 27 75 2 4 176 14 205 2 5 84 12 71 2 6 4 17 4 3 1 71 7 90 12 71 4 3 193 20 222 23 189 27 193 2 14 151 24 154 3 1 176 8 169 19 156 2 5 86 12 70 2 4 45 9 48 2 28 41 30 34 3 15 184 16 168 27 201 2 10 96 23 79 3 10 31 22 25 26 25 3 4 106 11 112 17 116 2 10 111 23 90 3 12 161 21 187 30 216 2 13 186 18 179 3 7 67 15 56 20 58 3 16 29 17 27 19 27 3 14 76 27 103 28 84 3 1 95 7 84 12 94 2 6 99 18 96 3 16 18 17 14 19 12 2 4 42 9 37 3 14 13 27 12 28 12 3 1 98 7 93 12 93 3 12 76 19 77 29 75 2 3 47 22 49 3 1 134 8 190 19 194 2 19 20 24 16 3 15 79 25 78 27 89 2 24 155 26 129
37 3 21 51 26 39 30 42 3 1 13 3 18 28 17 3 21 53 26 45 30 54 3 2 37 16 35 28 35 2 3 72 27 75 2 4 176 14 205 2 5 84 12 71 2 6 4 17 4 3 1 71 7 90 12 71 4 3 193 20 222 23 189 27 193 2 14 151 24 154 3 1 176 8 169 19 156 2 5 86 12 70 2 4 45 9 48 2 28 41 30 34 3 15 184 16 168 27 201 2 10 96 23 79 3 10 31 22 25 26 25 3 4 106 11 112 17 116 2 10 111 23 90 3 12 161 21 187 30 216 2 13 186 18 179 3 7 67 15 56 20 58 3 16 29 17 27 19 27 3 14 76 27 103 28 84 3 1 95 7 84 12 94 2 6 99 18 96 3 16 18 17 14 19 12 2 4 42 9 37 3 14 13 27 12 28 12 3 1 98 7 93 12 93 3 12 76 19 77 29 75 2 3 47 22 49 3 1 134 8 190 19 194 2 19 20 24 16 3 15 79 25 78 27 89 2 24 155 26 129
37 3 21 51 26 39 30 42 3 1 13 3 18 28 17 3 21 53 26 45 30 54 3 2 37 16 35 28 35 2 3 72 27 75 2 4 176 14 205 2 5 84 12 71 2 6 4 17 4 3 1 71 7 90 12 71 4 3 193 20 222 23 189 27 193 2 14 151 24 154 3 1 176 8 169 19 156 2 5 86 12 70 2 4 45 9 48 2 28 41 30 34 3 15 184 16 168 27 201 2 10 96 23 79 3 10 31 22 25 26 25 3 4 106 11 112 17 116 2 10 111 23 90 3 12 161 21 187 30 216 2 13 186 18 179 3 7 67 15 56 20 58 3 16 29 17 27 19 27 3 14 76 27 103 28 84 3 1 95 7 84 12 94 2 6 99 18 96 3 16 18 17 14 19 12 2 4 42 9 37 3 14 13 27 12 28 12 3 1 98 7 93 12 93 3 12 76 19 77 29 75 2 3 47 22 49 3 1 134 8 190 19 194 2 19 20 24 16 3 15 79 25 78 27 89 2 24 155 26 129
36 3 15 222 16 185 27 198 2 3 43 22 38 3 15 202 16 201 27 206 3 1 17 3 13 28 13 3 1 174 8 168 19 193 3 2 33 16 31 28 32 2 3 82 27 94 2 4 197 14 211 2 5 87 12 87 2 6 4 17 4 3 15 68 25 86 27 71 3 1 72 7 75 12 90 3 15 71 25 76 27 90 2 6 115 18 80 2 4 49 9 46 3 10 35 22 27 26 26 3 16 15 17 17 19 14 2 6 101 18 88 3 14 112 27 102 28 76 3 4 121 11 104 17 97 3 7 79 15 65 20 76 3 12 197 21 204 30 185 2 14 195 24 173 3 7 55 15 57 20 69 2 28 47 30 37 3 16 14 17 13 19 17 2 13 163 18 186 2 24 117 26 160 3 21 41 26 45 30 43 3 16 39 17 31 19 39 4 3 211 20 181 23 233 27 218 2 10 98 23 89 2 4 175 14 175 3 14 17 27 17 28 15 2 19 20 24 14 3 12 92 19 67 29 78
36 3 15 222 16 185 27 198 2 3 43 22 38 3 15 202 16 201 27 206 3 1 17 3 13 28 13 3 1 174 8 168 19 193 3 2 33 16 31 28 32 2 3 82 27 94 2 4 197 14 211 2 5 87 12 87 2 6 4 17 4 3 15 68 25 86 27 71 3 1 72 7 75 12 90 3 15 71 25 76 27 90 2 6 115 18 80 2 4 49 9 46 3 10 35 22 27 26 26 3 16 15 17 17 19 14 2 6 101 18 88 3 14 112 27 102 28 76 3 4 121 11 104 17 97 3 7 79 15 65 20 76 3 12 197 21 204 30 185 2 14 195 24 173 3 7 55 15 57 20 69 2 28 47 30 37 3 16 14 17 13 19 17 2 13 163 18 186 2 24 117 26 160 3 21 41 26 45 30 43 3 16 39 17 31 19 39 4 3 211 20 181 23 233 27 218 2 10 98 23 89 2 4 175 14 175 3 14 17 27 17 28 15 2 19 20 24 14 3 12 92 19 67 29 78
34 2 4 204 14 175 3 1 14 3 17 28 19 3 2 29 16 30 28 31 2 3 93 27 102 2 5 64 12 85 3 21 38 26 40 30 50 2 6 5 17 4 3 1 100 7 101 12 93 3 1 156 8 183 19 165 4 3 169 20 170 23 234 27 171 2 4 46 9 39 2 24 135 26 157 3 10 30 22 32 26 28 2 19 18 24 18 4 3 177 20 174 23 167 27 181 3 16 33 17 34 19 35 3 4 129 11 92 17 93 2 3 93 27 77 3 12 163 21 177 30 172 2 13 183 18 178 3 14 17 27 13 28 14 2 14 176 24 197 3 10 33 22 24 26 29 3 16 17 17 18 19 15 3 7 68 15 71 20 68 3 12 68 19 86 29 80 3 15 208 16 155 27 224 2 28 42 30 38 2 6 91 18 93 3 2 32 16 30 28 36 2 3 37 22 50 2 10 85 23 102 3 15 77 25 92 27 79 3 14 112 27 111 28 98
34 2 4 204 14 175 3 1 14 3 17 28 19 3 2 29 16 30 28 31 2 3 93 27 102 2 5 64 12 85 3 21 38 26 40 30 50 2 6 5 17 4 3 1 100 7 101 12 93 3 1 156 8 183 19 165 4 3 169 20 170 23 234 27 171 2 4 46 9 39 2 24 135 26 157 3 10 30 22 32 26 28 2 19 18 24 18 4 3 177 20 174 23 167 27 181 3 16 33 17 34 19 35 3 4 129 11 92 17 93 2 3 93 27 77 3 12 163 21 177 30 172 2 13 183 18 178 3 14 17 27 13 28 14 2 14 176 24 197 3 10 33 22 24 26 29 3 16 17 17 18 19 15 3 7 68 15 71 20 68 3 12 68 19 86 29 80 3 15 208 16 155 27 224 2 28 42 30 38 2 6 91 18 93 3 2 32 16 30 28 36 2 3 37 22 50 2 10 85 23 102 3 15 77 25 92 27 79 3 14 112 27 111 28 98
34 2 4 204 14 175 3 1 14 3 17 28 19 3 2 29 16 30 28 31 2 3 93 27 102 2 5 64 12 85 3 21 38 26 40 30 50 2 6 5 17 4 3 1 100 7 101 12 93 3 1 156 8 183 19 165 4 3 169 20 170 23 234 27 171 2 4 46 9 39 2 24 135 26 157 3 10 30 22 32 26 28 2 19 18 24 18 4 3 177 20 174 23 167 27 181 3 16 33 17 34 19 35 3 4 129 11 92 17 93 2 3 93 27 77 3 12 163 21 177 30 172 2 13 183 18 178 3 14 17 27 13 28 14 2 14 176 24 197 3 10 33 22 24 26 29 3 16 17 17 18 19 15 3 7 68 15 71 20 68 3 12 68 19 86 29 80 3 15 208 16 155 27 224 2 28 42 30 38 2 6 91 18 93 3 2 32 16 30 28 36 2 3 37 22 50 2 10 85 23 102 3 15 77 25 92 27 79 3 14 112 27 111 28 98
36 3 15 208 16 169 27 156 2 3 48 22 44 3 15 163 16 198 27 158 3 1 16 3 18 28 18 3 1 179 8 187 19 143 3 2 37 16 32 28 38 2 3 86 27 103 2 4 150 14 214 2 5 60 12 84 2 6 4 17 4 3 15 74 25 78 27 93 3 1 96 7 76 12 80 3 15 73 25 96 27 94 2 6 92 18 103 2 4 52 9 49 3 10 29 22 34 26 31 3 16 13 17 15 19 18 2 6 114 18 86 3 14 76 27 88 28 100 3 4 94 11 92 17 128 3 7 69 15 64 20 68 3 12 229 21 157 30 198 2 14 180 24 174 3 7 63 15 61 20 55 2 28 48 30 48 3 16 12 17 17 19 14 2 13 151 18 203 2 24 146 26 157 3 21 47 26 51 30 46 3 16 32 17 39 19 39 4 3 187 20 192 23 184 27 206 2 10 81 23 89 2 4 170 14 191 3 14 17 27 13 28 13 2 19 16 24 15 3 12 73 19 65 29 65
37 3 1 16 3 13 28 16 3 2 31 16 35 28 36 2 3 77 27 77 2 4 174 14 155 3 15 70 25 75 27 70 2 5 76 12 61 2 13 192 18 197 2 6 5 17 4 2 5 82 12 61 3 1 82 7 91 12 74 3 15 72 25 78 27 73 3 1 168 8 167 19 141 2 4 53 9 42 3 10 27 22 25 26 35 3 21 41 26 43 30 51 3 4 90 11 128 17 120 3 12 181 21 196 30 206 2 4 54 9 42 2 14 177 24 147 2 19 15 24 16 3 10 33 22 31 26 26 3 12 69 19 93 29 84 3 1 151 8 189 19 186 2 6 89 18 102 3 15 161 16 188 27 197 3 12 197 21 175 30 203 3 7 70 15 78 20 77 3 16 34 17 39 19 39 3 16 16 17 13 19 17 4 3 178 20 185 23 179 27 224 3 10 34 22 35 26 28 2 3 38 22 37 2 10 100 23 106 2 24 164 26 137 2 28 45 30 36 3 14 91 27 93 28 87 3 14 15 27 13 28 17
37 3 1 16 3 13 28 16 3 2 31 16 35 28 36 2 3 77 27 77 2 4 174 14 155 3 15 70 25 75 27 70 2 5 76 12 61 2 13 192 18 197 2 6 5 17 4 2 5 82 12 61 3 1 82 7 91 12 74 3 15 72 25 78 27 73 3 1 168 8 167 19 141 2 4 53 9 42 3 10 27 22 25 26 35 3 21 41 26 43 30 51 3 4 90 11 128 17 120 3 12 181 21 196 30 206 2 4 54 9 42 2 14 177 24 147 2 19 15 24 16 3 10 33 22 31 26 26 3 12 69 19 93 29 84 3 1 151 8 189 19 186 2 6 89 18 102 3 15 161 16 188 27 197 3 12 197 21 175 30 203 3 7 70 15 78 20 77 3 16 34 17 39 19 39 3 16 16 17 13 19 17 4 3 178 20 185 23 179 27 224 3 10 34 22 35 26 28 2 3 38 22 37 2 10 100 23 106 2 24 164 26 137 2 28 45 30 36 3 14 91 27 93 28 87 3 14 15 27 13 28 17
37 3 21 54 26 37 30 39 3 1 14 3 15 28 18 3 21 50 26 46 30 40 3 2 32 16 40 28 39 2 3 98 27 73 2 4 159 14 154 2 5 73 12 74 2 6 4 17 5 3 1 99 7 71 12 86 4 3 196 20 222 23 203 27 227 2 14 191 24 163 3 1 148 8 146 19 145 2 5 77 12 74 2 4 53 9 46 2 28 36 30 42 3 15 196 16 157 27 204 2 10 108 23 99 3 10 31 22 33 26 33 3 4 121 11 111 17 90 2 10 78 23 79 3 12 174 21 173 30 196 2 13 215 18 152 3 7 61 15 74 20 58 3 16 33 17 27 19 33 3 14 77 27 76 28 79 3 1 87 7 80 12 97 2 6 92 18 89 3 16 18 17 18 19 17 2 4 42 9 50 3 14 12 27 13 28 16 3 1 92 7 94 12 86 3 12 67 19 93 29 86 2 3 44 22 42 3 1 155 8 186 19 184 2 19 17 24 20 3 15 70 25 70 27 82 2 24 119 26 141
37 3 21 54 26 37 30 39 3 1 14 3 15 28 18 3 21 50 26 46 30 40 3 2 32 16 40 28 39 2 3 98 27 73 2 4 159 14 154 2 5 73 12 74 2 6 4 17 5 3 1 99 7 71 12 86 4 3 196 20 222 23 203 27 227 2 14 191 24 163 3 1 148 8 146 19 145 2 5 77 12 74 2 4 53 9 46 2 28 36 30 42 3 15 196 16 157 27 204 2 10 108 23 99 3 10 31 22 33 26 33 3 4 121 11 111 17 90 2 10 78 23 79 3 12 174 21 173 30 196 2 13 215 18 152 3 7 61 15 74 20 58 3 16 33 17 27 19 33 3 14 77 27 76 28 79 3 1 87 7 80 12 97 2 6 92 18 89 3 16 18 17 18 19 17 2 4 42 9 50 3 14 12 27 13 28 16 3 1 92 7 94 12 86 3 12 67 19 93 29 86 2 3 44 22 42 3 1 155 8 186 19 184 2 19 17 24 20 3 15 70 25 70 27 82 2 24 119 26 141
36 3 1 13 3 18 28 15 3 16 40 17 33 19 33 3 1 17 3 13 28 13 3 2 34 16 41 28 33 2 3 77 27 94 3 14 77 27 78 28 92 3 16 35 17 38 19 28 2 4 173 14 196 2 5 78 12 62 2 6 5 17 4 3 1 18 3 16 28 17 3 1 146 8 162 19 186 3 21 53 26 43 30 51 3 1 98 7 71 12 76 2 4 45 9 47 3 10 32 22 31 26 33 2 3 38 22 42 2 19 15 24 15 3 12 179 21 191 30 170 3 4 127 11 133 17 96 2 6 5 17 4 2 10 88 23 78 3 1 164 8 156 19 159 2 13 197 18 169 2 14 193 24 145 3 7 57 15 64 20 75 4 3 190 20 204 23 213 27 193 3 15 199 16 193 27 174 3 12 214 21 183 30 198 2 6 89 18 84 3 16 16 17 16 19 14 3 14 16 27 13 28 15 2 24 151 26 125 3 15 69 25 67 27 74 3 12 85 19 71 29 73 2 28 49 30 46
35 3 2 41 16 36 28 34 3 16 16 17 13 19 13 2 28 34 30 42 3 16 13 17 16 19 12 3 1 15 3 13 28 16 2 3 88 27 104 2 4 212 14 192 2 10 79 23 106 3 1 135 8 170 19 140 2 5 84 12 68 2 6 5 17 5 3 1 82 7 81 12 82 2 4 45 9 53 2 4 157 14 153 3 16 31 17 28 19 27 3 14 79 27 96 28 104 3 10 29 22 34 26 32 4 3 160 20 229 23 200 27 216 3 4 99 11 96 17 122 3 14 14 27 12 28 14 2 24 124 26 135 4 3 177 20 228 23 177 27 231 3 21 50 26 48 30 45 3 4 100 11 93 17 103 3 12 225 21 186 30 191 2 13 150 18 153 2 4 204 14 151 2 3 50 22 35 2 14 174 24 151 3 15 206 16 152 27 188 3 7 57 15 62 20 67 2 6 89 18 103 2 19 20 24 14 3 15 65 25 74 27 96 3 12 83 19 94 29 85
35 3 2 41 16 36 28 34 3 16 16 17 13 19 13 2 28 34 30 42 3 16 13 17 16 19 12 3 1 15 3 13 28 16 2 3 88 27 104 2 4 212 14 192 2 10 79 23 106 3 1 135 8 170 19 140 2 5 84 12 68 2 6 5 17 5 3 1 82 7 81 12 82 2 4 45 9 53 2 4 157 14 153 3 16 31 17 28 19 27 3 14 79 27 96 28 104 3 10 29 22 34 26 32 4 3 160 20 229 23 200 27 216 3 4 99 11 96 17 122 3 14 14 27 12 28 14 2 24 124 26 135 4 3 177 20 228 23 177 27 231 3 21 50 26 48 30 45 3 4 100 11 93 17 103 3 12 225 21 186 30 191 2 13 150 18 153 2 4 204 14 151 2 3 50 22 35 2 14 174 24 151 3 15 206 16 152 27 188 3 7 57 15 62 20 67 2 6 89 18 103 2 19 20 24 14 3 15 65 25 74 27 96 3 12 83 19 94 29 85
35 3 2 41 16 36 28 34 3 16 16 17 13 19 13 2 28 34 30 42 3 16 13 17 16 19 12 3 1 15 3 13 28 16 2 3 88 27 104 2 4 212 14 192 2 10 79 23 106 3 1 135 8 170 19 140 2 5 84 12 68 2 6 5 17 5 3 1 82 7 81 12 82 2 4 45 9 53 2 4 157 14 153 3 16 31 17 28 19 27 3 14 79 27 96 28 104 3 10 29 22 34 26 32 4 3 160 20 229 23 200 27 216 3 4 99 11 96 17 122 3 14 14 27 12 28 14 2 24 124 26 135 4 3 177 20 228 23 177 27 231 3 21 50 26 48 30 45 3 4 100 11 93 17 103 3 12 225 21 186 30 191 2 13 150 18 153 2 4 204 14 151 2 3 50 22 35 2 14 174 24 151 3 15 206 16 152 27 188 3 7 57 15 62 20 67 2 6 89 18 103 2 19 20 24 14 3 15 65 25 74 27 96 3 12 83 19 94 29 85
35 3 2 41 16 36 28 34 3 16 16 17 13 19 13 2 28 34 30 42 3 16 13 17 16 19 12 3 1 15 3 13 28 16 2 3 88 27 104 2 4 212 14 192 2 10 79 23 106 3 1 135 8 170 19 140 2 5 84 12 68 2 6 5 17 5 3 1 82 7 81 12 82 2 4 45 9 53 2 4 157 14 153 3 16 31 17 28 19 27 3 14 79 27 96 28 104 3 10 29 22 34 26 32 4 3 160 20 229 23 200 27 216 3 4 99 11 96 17 122 3 14 14 27 12 28 14 2 24 124 26 135 4 3 177 20 228 23 177 27 231 3 21 50 26 48 30 45 3 4 100 11 93 17 103 3 12 225 21 186 30 191 2 13 150 18 153 2 4 204 14 151 2 3 50 22 35 2 14 174 24 151 3 15 206 16 152 27 188 3 7 57 15 62 20 67 2 6 89 18 103 2 19 20 24 14 3 15 65 25 74 27 96 3 12 83 19 94 29 85
34 3 1 13 3 17 28 13 2 28 44 30 35 3 1 15 3 16 28 14 3 4 122 11 124 17 127 3 2 32 16 30 28 37 2 14 178 24 188 2 3 46 22 39 2 14 142 24 138 2 5 68 12 80 2 3 87 27 69 2 4 164 14 159 2 6 5 17 5 3 1 81 7 89 12 95 2 4 194 14 215 3 1 181 8 138 19 188 2 4 49 9 40 3 10 24 22 30 26 26 3 15 78 25 95 27 70 3 12 191 21 157 30 202 2 13 178 18 191 3 7 65 15 72 20 62 3 15 220 16 207 27 207 3 16 28 17 32 19 29 2 6 112 18 115 3 21 53 26 51 30 45 3 16 13 17 13 19 16 4 3 220 20 191 23 201 27 193 2 10 87 23 88 2 19 20 24 17 2 24 146 26 147 3 14 78 27 110 28 86 3 12 94 19 75 29 75 3 2 34 16 30 28 35 3 14 17 27 16 28 14
34 3 1 13 3 17 28 13 2 28 44 30 35 3 1 15 3 16 28 14 3 4 122 11 124 17 127 3 2 32 16 30 28 37 2 14 178 24 188 2 3 46 22 39 2 14 142 24 138 2 5 68 12 80 2 3 87 27 69 2 4 164 14 159 2 6 5 17 5 3 1 81 7 89 12 95 2 4 194 14 215 3 1 181 8 138 19 188 2 4 49 9 40 3 10 24 22 30 26 26 3 15 78 25 95 27 70 3 12 191 21 157 30 202 2 13 178 18 191 3 7 65 15 72 20 62 3 15 220 16 207 27 207 3 16 28 17 32 19 29 2 6 112 18 115 3 21 53 26 51 30 45 3 16 13 17 13 19 16 4 3 220 20 191 23 201 27 193 2 10 87 23 88 2 19 20 24 17 2 24 146 26 147 3 14 78 27 110 28 86 3 12 94 19 75 29 75 3 2 34 16 30 28 35 3 14 17 27 16 28 14
37 3 1 14 3 18 28 14 3 2 38 16 39 28 35 3 1 14 3 15 28 18 2 3 103 27 85 3 1 87 7 82 12 102 3 2 35 16 31 28 34 2 4 154 14 164 2 5 67 12 89 2 6 4 17 4 3 1 136 8 143 19 142 3 1 15 3 13 28 14 2 4 40 9 52 3 10 29 22 27 26 35 2 13 201 18 217 3 4 128 11 91 17 90 3 12 227 21 176 30 168 2 14 179 24 155 3 7 68 15 65 20 56 2 10 80 23 96 2 3 52 22 46 3 16 17 17 14 19 18 3 15 161 16 180 27 188 3 16 39 17 29 19 36 2 5 66 12 66 2 6 119 18 95 4 3 160 20 205 23 219 27 199 3 15 87 25 89 27 87 3 21 50 26 41 30 41 2 19 17 24 21 3 21 49 26 40 30 37 2 24 118 26 161 3 14 82 27 96 28 108 3 14 17 27 16 28 14 3 15 68 25 73 27 90 3 12 72 19 66 29 86 2 24 151 26 151 2 28 39 30 51
35 3 1 16 3 17 28 18 3 2 30 16 41 28 38 2 3 102 27 90 3 7 53 15 77 20 73 3 14 77 27 96 28 94 3 16 18 17 19 19 17 2 4 180 14 159 2 5 73 12 79 2 14 149 24 180 3 1 131 8 152 19 135 3 12 68 19 67 29 64 2 6 5 17 5 3 10 29 22 35 26 25 3 1 98 7 103 12 101 2 4 54 9 40 3 12 78 19 77 29 75 3 21 47 26 45 30 41 3 4 118 11 130 17 102 3 12 177 21 209 30 166 2 13 152 18 155 3 1 151 8 142 19 180 3 15 175 16 180 27 206 3 16 39 17 30 19 39 2 28 50 30 40 2 14 199 24 200 2 6 119 18 87 4 3 208 20 218 23 178 27 162 3 12 221 21 161 30 169 3 14 17 27 16 28 13 3 1 72 7 83 12 98 3 15 77 25 79 27 73 2 24 140 26 134 2 19 17 24 21 2 3 39 22 36 2 10 86 23 104
35 3 1 17 3 15 28 14 3 2 39 16 38 28 38 2 3 98 27 70 3 7 65 15 73 20 55 3 14 79 27 93 28 110 3 16 13 17 19 19 15 2 4 201 14 165 2 5 82 12 67 2 14 188 24 171 3 1 179 8 131 19 138 3 12 69 19 91 29 70 2 6 5 17 4 3 10 33 22 29 26 25 3 1 82 7 101 12 71 2 4 40 9 51 3 12 73 19 81 29 73 3 21 38 26 37 30 40 3 4 126 11 107 17 104 3 12 216 21 195 30 176 2 13 165 18 152 3 1 135 8 188 19 154 3 15 163 16 204 27 187 3 16 40 17 39 19 40 2 28 44 30 40 2 14 180 24 188 2 6 94 18 114 4 3 230 20 228 23 218 27 212 3 12 232 21 166 30 211 3 14 14 27 14 28 14 3 1 78 7 80 12 102 3 15 66 25 77 27 65 2 24 146 26 159 2 19 21 24 21 2 3 44 22 37 2 10 101 23 113
39 3 1 14 3 17 28 14 3 2 42 16 40 28 36 2 4 50 9 44 3 2 36 16 37 28 32 3 15 96 25 72 27 75 2 3 71 27 91 3 16 15 17 17 19 17 3 12 172 21 181 30 229 3 16 15 17 13 19 12 2 13 186 18 173 2 3 74 27 90 3 10 25 22 29 26 24 2 3 79 27 74 3 4 97 11 126 17 106 2 4 202 14 157 2 5 70 12 67 3 1 185 8 136 19 187 2 6 5 17 4 3 1 80 7 99 12 85 2 14 162 24 191 3 15 97 25 91 27 68 3 7 69 15 73 20 71 2 28 47 30 34 3 15 206 16 181 27 167 3 16 28 17 35 19 39 3 4 105 11 125 17 127 2 6 100 18 119 4 3 180 20 208 23 222 27 178 3 21 42 26 47 30 45 3 7 63 15 71 20 60 2 3 41 22 46 3 10 29 22 25 26 35 3 14 79 27 108 28 95 2 10 110 23 78 2 19 18 24 14 3 1 101 7 99 12 80 2 24 119 26 161 3 14 14 27 12 28 12 3 12 93 19 68 29 85
39 3 1 14 3 17 28 14 3 2 42 16 40 28 36 2 4 50 9 44 3 2 36 16 37 28 32 3 15 96 25 72 27 75 2 3 71 27 91 3 16 15 17 17 19 17 3 12 172 21 181 30 229 3 16 15 17 13 19 12 2 13 186 18 173 2 3 74 27 90 3 10 25 22 29 26 24 2 3 79 27 74 3 4 97 11 126 17 106 2 4 202 14 157 2 5 70 12 67 3 1 185 8 136 19 187 2 6 5 17 4 3 1 80 7 99 12 85 2 14 162 24 191 3 15 97 25 91 27 68 3 7 69 15 73 20 71 2 28 47 30 34 3 15 206 16 181 27 167 3 16 28 17 35 19 39 3 4 105 11 125 17 127 2 6 100 18 119 4 3 180 20 208 23 222 27 178 3 21 42 26 47 30 45 3 7 63 15 71 20 60 2 3 41 22 46 3 10 29 22 25 26 35 3 14 79 27 108 28 95 2 10 110 23 78 2 19 18 24 14 3 1 101 7 99 12 80 2 24 119 26 161 3 14 14 27 12 28 12 3 12 93 19 68 29 85
37 3 1 13 3 16 28 18 3 2 33 16 28 28 41 2 3 82 27 77 2 4 160 14 219 3 15 86 25 85 27 85 2 5 85 12 62 2 13 221 18 206 2 6 5 17 5 2 5 76 12 82 3 1 78 7 93 12 98 3 15 75 25 92 27 88 3 1 133 8 188 19 133 2 4 40 9 41 3 10 28 22 33 26 29 3 21 43 26 43 30 41 3 4 116 11 98 17 106 3 12 161 21 229 30 207 2 4 38 9 37 2 14 139 24 155 2 19 14 24 18 3 10 25 22 34 26 27 3 12 79 19 90 29 80 3 1 159 8 180 19 162 2 6 80 18 108 3 15 158 16 211 27 174 3 12 184 21 204 30 194 3 7 67 15 63 20 79 3 16 28 17 40 19 37 3 16 14 17 19 19 17 4 3 202 20 159 23 200 27 187 3 10 27 22 25 26 27 2 3 52 22 48 2 10 89 23 109 2 24 147 26 164 2 28 36 30 42 3 14 97 27 105 28 78 3 14 12 27 14 28 13
37 3 1 12 3 13 28 15 3 2 42 16 33 28 40 2 3 71 27 102 2 4 207 14 208 3 15 90 25 87 27 72 2 5 87 12 69 2 13 210 18 177 2 6 5 17 4 2 5 86 12 78 3 1 104 7 72 12 88 3 15 74 25 91 27 82 3 1 194 8 154 19 176 2 4 50 9 39 3 10 35 22 35 26 28 3 21 46 26 46 30 41 3 4 129 11 90 17 91 3 12 230 21 188 30 176 2 4 50 9 37 2 14 167 24 165 2 19 20 24 19 3 10 28 22 32 26 33 3 12 85 19 95 29 67 3 1 191 8 194 19 145 2 6 112 18 83 3 15 194 16 204 27 207 3 12 216 21 170 30 164 3 7 55 15 57 20 78 3 16 37 17 37 19 27 3 16 14 17 14 19 15 4 3 158 20 159 23 195 27 189 3 10 34 22 26 26 25 2 3 46 22 39 2 10 79 23 79 2 24 163 26 125 2 28 42 30 38 3 14 108 27 80 28 77 3 14 12 27 12 28 15
35 3 2 33 16 30 28 42 3 16 18 17 16 19 14 2 28 44 30 34 3 16 15 17 15 19 12 3 1 14 3 18 28 14 2 3 87 27 72 2 4 162 14 151 2 10 88 23 97 3 1 159 8 157 19 156 2 5 71 12 69 2 6 5 17 4 3 1 90 7 100 12 93 2 4 51 9 38 2 4 215 14 166 3 16 39 17 37 19 32 3 14 98 27 100 28 89 3 10 30 22 35 26 26 4 3 228 20 182 23 205 27 224 3 4 102 11 130 17 127 3 14 17 27 16 28 15 2 24 163 26 114 4 3 197 20 197 23 174 27 217 3 21 37 26 54 30 44 3 4 97 11 126 17 92 3 12 221 21 212 30 211 2 13 156 18 181 2 4 211 14 200 2 3 44 22 39 2 14 200 24 160 3 15 175 16 178 27 198 3 7 73 15 61 20 71 2 6 119 18 92 2 19 14 24 17 3 15 89 25 73 27 77 3 12 77 19 85 29 87
35 3 2 33 16 30 28 42 3 16 18 17 16 19 14 2 28 44 30 34 3 16 15 17 15 19 12 3 1 14 3 18 28 14 2 3 87 27 72 2 4 162 14 151 2 10 88 23 97 3 1 159 8 157 19 156 2 5 71 12 69 2 6 5 17 4 3 1 90 7 100 12 93 2 4 51 9 38 2 4 215 14 166 3 16 39 17 37 19 32 3 14 98 27 100 28 89 3 10 30 22 35 26 26 4 3 228 20 182 23 205 27 224 3 4 102 11 130 17 127 3 14 17 27 16 28 15 2 24 163 26 114 4 3 197 20 197 23 174 27 217 3 21 37 26 54 30 44 3 4 97 11 126 17 92 3 12 221 21 212 30 211 2 13 156 18 181 2 4 211 14 200 2 3 44 22 39 2 14 200 24 160 3 15 175 16 178 27 198 3 7 73 15 61 20 71 2 6 119 18 92 2 19 14 24 17 3 15 89 25 73 27 77 3 12 77 19 85 29 87
36 3 1 14 3 14 28 14 2 4 42 9 45 2 24 150 26 128 3 14 78 27 103 28 103 3 16 36 17 39 19 27 3 1 16 3 16 28 13 3 12 67 19 77 29 74 3 1 17 3 15 28 17 2 28 50 30 42 3 12 87 19 81 29 95 2 19 21 24 17 3 4 124 11 126 17 97 3 2 39 16 42 28 34 2 3 83 27 85 2 4 189 14 216 2 6 5 17 5 2 5 67 12 68 3 1 78 7 84 12 93 3 7 74 15 72 20 57 2 13 157 18 164 3 1 163 8 133 19 141 2 14 188 24 176 3 12 67 19 96 29 79 3 10 26 22 25 26 31 3 1 73 7 73 12 95 3 15 200 16 153 27 196 2 6 93 18 104 3 12 203 21 172 30 162 3 16 14 17 16 19 15 3 4 116 11 126 17 89 4 3 198 20 182 23 210 27 190 2 3 45 22 51 3 15 71 25 67 27 81 3 21 48 26 41 30 48 2 10 84 23 112 3 14 17 27 15 28 12
36 3 1 14 3 14 28 14 2 4 42 9 45 2 24 150 26 128 3 14 78 27 103 28 103 3 16 36 17 39 19 27 3 1 16 3 16 28 13 3 12 67 19 77 29 74 3 1 17 3 15 28 17 2 28 50 30 42 3 12 87 19 81 29 95 2 19 21 24 17 3 4 124 11 126 17 97 3 2 39 16 42 28 34 2 3 83 27 85 2 4 189 14 216 2 6 5 17 5 2 5 67 12 68 3 1 78 7 84 12 93 3 7 74 15 72 20 57 2 13 157 18 164 3 1 163 8 133 19 141 2 14 188 24 176 3 12 67 19 96 29 79 3 10 26 22 25 26 31 3 1 73 7 73 12 95 3 15 200 16 153 27 196 2 6 93 18 104 3 12 203 21 172 30 162 3 16 14 17 16 19 15 3 4 116 11 126 17 89 4 3 198 20 182 23 210 27 190 2 3 45 22 51 3 15 71 25 67 27 81 3 21 48 26 41 30 48 2 10 84 23 112 3 14 17 27 15 28 12
36 3 1 16 3 16 28 15 3 2 34 16 37 28 41 3 12 77 19 71 29 91 3 2 29 16 40 28 29 2 3 102 27 87 3 15 76 25 90 27 92 2 4 177 14 211 3 14 80 27 111 28 100 2 3 94 27 81 2 5 74 12 84 3 14 83 27 92 28 88 2 3 36 22 39 3 12 83 19 76 29 86 2 6 5 17 5 3 1 76 7 97 12 96 3 14 17 27 12 28 12 3 1 153 8 156 19 160 2 4 41 9 45 2 6 86 18 94 3 1 134 8 189 19 169 3 10 34 22 28 26 32 3 4 108 11 122 17 110 3 12 225 21 207 30 194 2 13 210 18 160 2 14 191 24 173 4 3 182 20 194 23 181 27 197 3 16 34 17 28 19 31 3 7 62 15 71 20 68 3 15 218 16 192 27 215 3 12 221 21 169 30 194 2 28 42 30 41 2 10 104 23 97 3 16 13 17 15 19 18 3 21 49 26 39 30 47 2 19 16 24 20 2 24 144 26 115
36 3 1 13 3 17 28 17 3 2 38 16 33 28 34 3 12 68 19 84 29 76 3 2 31 16 29 28 39 2 3 76 27 72 3 15 87 25 73 27 71 2 4 218 14 189 3 14 108 27 81 28 86 2 3 92 27 91 2 5 70 12 78 3 14 81 27 88 28 101 2 3 39 22 41 3 12 68 19 66 29 87 2 6 5 17 4 3 1 101 7 104 12 81 3 14 14 27 16 28 13 3 1 165 8 152 19 190 2 4 48 9 37 2 6 110 18 90 3 1 136 8 175 19 174 3 10 33 22 31 26 33 3 4 127 11 123 17 107 3 12 199 21 225 30 184 2 13 215 18 177 2 14 178 24 143 4 3 228 20 221 23 233 27 220 3 16 36 17 34 19 37 3 7 71 15 77 20 70 3 15 205 16 206 27 192 3 12 161 21 224 30 157 2 28 50 30 41 2 10 81 23 93 3 16 13 17 16 19 14 3 21 54 26 37 30 43 2 19 16 24 18 2 24 162 26 137
34 2 4 216 14 159 3 1 14 3 16 28 14 3 2 31 16 34 28 43 2 3 78 27 81 2 5 75 12 74 3 21 48 26 45 30 49 2 6 4 17 4 3 1 92 7 96 12 105 3 1 158 8 177 19 193 4 3 233 20 210 23 176 27 219 2 4 53 9 46 2 24 123 26 126 3 10 24 22 33 26 31 2 19 16 24 19 4 3 204 20 204 23 175 27 233 3 16 36 17 32 19 39 3 4 124 11 129 17 127 2 3 100 27 70 3 12 174 21 209 30 184 2 13 197 18 152 3 14 14 27 12 28 14 2 14 158 24 201 3 10 27 22 31 26 34 3 16 18 17 18 19 13 3 7 69 15 54 20 66 3 12 76 19 83 29 82 3 15 158 16 217 27 177 2 28 45 30 37 2 6 98 18 101 3 2 41 16 38 28 29 2 3 40 22 39 2 10 76 23 97 3 15 77 25 69 27 91 3 14 94 27 108 28 112
34 2 4 216 14 159 3 1 14 3 16 28 14 3 2 31 16 34 28 43 2 3 78 27 81 2 5 75 12 74 3 21 48 26 45 30 49 2 6 4 17 4 3 1 92 7 96 12 105 3 1 158 8 177 19 193 4 3 233 20 210 23 176 27 219 2 4 53 9 46 2 24 123 26 126 3 10 24 22 33 26 31 2 19 16 24 19 4 3 204 20 204 23 175 27 233 3 16 36 17 32 19 39 3 4 124 11 129 17 127 2 3 100 27 70 3 12 174 21 209 30 184 2 13 197 18 152 3 14 14 27 12 28 14 2 14 158 24 201 3 10 27 22 31 26 34 3 16 18 17 18 19 13 3 7 69 15 54 20 66 3 12 76 19 83 29 82 3 15 158 16 217 27 177 2 28 45 30 37 2 6 98 18 101 3 2 41 16 38 28 29 2 3 40 22 39 2 10 76 23 97 3 15 77 25 69 27 91 3 14 94 27 108 28 112
36 3 1 13 3 18 28 14 3 2 37 16 36 28 28 3 12 92 19 89 29 74 3 2 42 16 39 28 35 2 3 103 27 103 3 15 79 25 84 27 80 2 4 146 14 172 3 14 103 27 88 28 91 2 3 71 27 99 2 5 69 12 60 3 14 104 27 87 28 106 2 3 39 22 38 3 12 78 19 95 29 71 2 6 5 17 5 3 1 78 7 94 12 83 3 14 14 27 14 28 14 3 1 166 8 184 19 152 2 4 46 9 44 2 6 97 18 104 3 1 167 8 172 19 150 3 10 28 22 31 26 35 3 4 128 11 102 17 120 3 12 170 21 191 30 187 2 13 186 18 182 2 14 172 24 151 4 3 223 20 166 23 207 27 224 3 16 31 17 34 19 38 3 7 65 15 76 20 79 3 15 161 16 182 27 163 3 12 201 21 183 30 233 2 28 49 30 46 2 10 77 23 89 3 16 14 17 16 19 17 3 21 44 26 41 30 40 2 19 19 24 15 2 24 120 26 139
34 3 1 18 3 16 28 14 2 28 35 30 45 3 1 15 3 16 28 12 3 4 123 11 117 17 107 3 2 38 16 42 28 35 2 14 183 24 152 2 3 37 22 44 2 14 183 24 140 2 5 86 12 63 2 3 72 27 99 2 4 148 14 157 2 6 4 17 5 3 1 91 7 103 12 99 2 4 206 14 208 3 1 179 8 173 19 174 2 4 53 9 38 3 10 35 22 29 26 32 3 15 71 25 79 27 96 3 12 182 21 229 30 219 2 13 192 18 154 3 7 71 15 67 20 64 3 15 157 16 180 27 150 3 16 34 17 38 19 36 2 6 107 18 94 3 21 41 26 42 30 45 3 16 13 17 16 19 15 4 3 202 20 228 23 185 27 231 2 10 110 23 85 2 19 15 24 18 2 24 115 26 144 3 14 91 27 100 28 91 3 12 70 19 87 29 66 3 2 32 16 35 28 41 3 14 16 27 12 28 13
36 3 1 15 3 16 28 16 3 16 36 17 37 19 32 3 1 18 3 14 28 14 3 2 35 16 40 28 40 2 3 84 27 83 3 14 85 27 102 28 83 3 16 40 17 29 19 35 2 4 182 14 181 2 5 68 12 74 2 6 4 17 5 3 1 14 3 17 28 16 3 1 182 8 131 19 156 3 21 39 26 50 30 38 3 1 96 7 84 12 83 2 4 47 9 49 3 10 34 22 24 26 35 2 3 38 22 39 2 19 16 24 19 3 12 206 21 197 30 224 3 4 107 11 129 17 102 2 6 5 17 4 2 10 89 23 88 3 1 132 8 137 19 152 2 13 199 18 220 2 14 159 24 163 3 7 57 15 61 20 64 4 3 159 20 229 23 224 27 160 3 15 159 16 156 27 174 3 12 220 21 163 30 224 2 6 112 18 83 3 16 16 17 16 19 16 3 14 14 27 17 28 17 2 24 112 26 117 3 15 68 25 79 27 93 3 12 79 19 71 29 74 2 28 36 30 45
36 3 1 15 3 16 28 16 3 16 36 17 37 19 32 3 1 18 3 14 28 14 3 2 35 16 40 28 40 2 3 84 27 83 3 14 85 27 102 28 83 3 16 40 17 29 19 35 2 4 182 14 181 2 5 68 12 74 2 6 4 17 5 3 1 14 3 17 28 16 3 1 182 8 131 19 156 3 21 39 26 50 30 38 3 1 96 7 84 12 83 2 4 47 9 49 3 10 34 22 24 26 35 2 3 38 22 39 2 19 16 24 19 3 12 206 21 197 30 224 3 4 107 11 129 17 102 2 6 5 17 4 2 10 89 23 88 3 1 132 8 137 19 152 2 13 199 18 220 2 14 159 24 163 3 7 57 15 61 20 64 4 3 159 20 229 23 224 27 160 3 15 159 16 156 27 174 3 12 220 21 163 30 224 2 6 112 18 83 3 16 16 17 16 19 16 3 14 14 27 17 28 17 2 24 112 26 117 3 15 68 25 79 27 93 3 12 79 19 71 29 74 2 28 36 30 45
DUE_DATES: 5090 5090 5284 5284 5731 5731 5606 5575 5575 5478 5703 5510 5510 5510 5738 5738 5128 5128 5128 5590 5545 5545 5448 5448 5183 5575 5575 5575 5575 5262 5262 5197 5630 5774 5583 5583 5608 5652 5772 5772 5146 5146 5745 5771 5200 5200 5613 5225 5156 5156
WEIGHTS: 2 3 1 2 1 3 2 1 3 3 2 2 3 1 2 1 1 2 3 3 3 2 1 3 1 2 1 1 1 1 2 2 1 3 2 3 1 2 1 1 1 1 1 1 3 2 3 1 2 3
