50 30
36 3 1 52 18 68 27 56 3 16 72 24 66 27 75 2 14 36 26 34 3 2 72 6 56 26 55 3 10 145 19 121 21 112 2 3 164 16 122 3 4 116 6 169 10 120 2 5 121 17 106 2 5 72 6 66 2 7 83 12 103 3 4 122 6 158 10 169 3 1 22 6 20 8 21 2 23 113 30 95 3 2 135 23 165 27 151 2 7 106 29 115 2 9 134 18 91 3 1 43 4 45 10 53 2 16 149 20 146 2 11 169 13 164 3 4 20 12 20 16 29 3 13 115 17 98 18 96 3 4 136 6 113 10 139 3 5 107 7 146 15 107 3 1 174 4 168 21 123 3 2 57 6 77 26 57 2 6 94 17 97 2 14 12 18 15 3 7 60 8 62 28 58 3 8 61 20 53 27 56 2 7 112 29 128 2 14 79 22 62 3 1 19 6 25 8 24 3 22 180 23 172 28 153 3 10 113 19 106 21 139 2 4 53 25 53 3 16 68 21 54 26 62
36 3 1 52 18 68 27 56 3 16 72 24 66 27 75 2 14 36 26 34 3 2 72 6 56 26 55 3 10 145 19 121 21 112 2 3 164 16 122 3 4 116 6 169 10 120 2 5 121 17 106 2 5 72 6 66 2 7 83 12 103 3 4 122 6 158 10 169 3 1 22 6 20 8 21 2 23 113 30 95 3 2 135 23 165 27 151 2 7 106 29 115 2 9 134 18 91 3 1 43 4 45 10 53 2 16 149 20 146 2 11 169 13 164 3 4 20 12 20 16 29 3 13 115 17 98 18 96 3 4 136 6 113 10 139 3 5 107 7 146 15 107 3 1 174 4 168 21 123 3 2 57 6 77 26 57 2 6 94 17 97 2 14 12 18 15 3 7 60 8 62 28 58 3 8 61 20 53 27 56 2 7 112 29 128 2 14 79 22 62 3 1 19 6 25 8 24 3 22 180 23 172 28 153 3 10 113 19 106 21 139 2 4 53 25 53 3 16 68 21 54 26 62
36 3 1 52 18 68 27 56 3 16 72 24 66 27 75 2 14 36 26 34 3 2 72 6 56 26 55 3 10 145 19 121 21 112 2 3 164 16 122 3 4 116 6 169 10 120 2 5 121 17 106 2 5 72 6 66 2 7 83 12 103 3 4 122 6 158 10 169 3 1 22 6 20 8 21 2 23 113 30 95 3 2 135 23 165 27 151 2 7 106 29 115 2 9 134 18 91 3 1 43 4 45 10 53 2 16 149 20 146 2 11 169 13 164 3 4 20 12 20 16 29 3 13 115 17 98 18 96 3 4 136 6 113 10 139 3 5 107 7 146 15 107 3 1 174 4 168 21 123 3 2 57 6 77 26 57 2 6 94 17 97 2 14 12 18 15 3 7 60 8 62 28 58 3 8 61 20 53 27 56 2 7 112 29 128 2 14 79 22 62 3 1 19 6 25 8 24 3 22 180 23 172 28 153 3 10 113 19 106 21 139 2 4 53 25 53 3 16 68 21 54 26 62
35 3 1 53 18 60 27 57 3 2 77 6 73 26 66 2 5 70 6 51 3 2 72 6 76 26 67 2 3 114 16 127 3 4 153 6 123 10 128 2 5 90 17 101 2 23 91 30 89 3 16 55 21 48 26 50 3 4 155 6 167 10 155 2 7 100 12 78 3 1 22 6 24 8 21 3 16 60 24 74 27 79 2 9 131 18 112 3 1 50 4 58 10 59 2 11 158 13 144 2 3 111 16 148 2 4 44 25 53 3 4 20 12 29 16 24 3 13 100 17 99 18 110 2 14 35 26 33 3 5 127 7 118 15 142 2 7 124 29 101 2 16 127 20 146 2 6 114 17 91 2 14 14 18 15 3 10 132 19 124 21 124 3 1 172 4 144 21 137 3 8 55 20 58 27 44 2 14 62 22 78 3 4 134 6 130 10 151 3 7 71 8 57 28 63 3 4 23 12 24 16 25 3 22 201 23 164 28 179 3 2 116 23 161 27 169
35 3 1 53 18 60 27 57 3 2 77 6 73 26 66 2 5 70 6 51 3 2 72 6 76 26 67 2 3 114 16 127 3 4 153 6 123 10 128 2 5 90 17 101 2 23 91 30 89 3 16 55 21 48 26 50 3 4 155 6 167 10 155 2 7 100 12 78 3 1 22 6 24 8 21 3 16 60 24 74 27 79 2 9 131 18 112 3 1 50 4 58 10 59 2 11 158 13 144 2 3 111 16 148 2 4 44 25 53 3 4 20 12 29 16 24 3 13 100 17 99 18 110 2 14 35 26 33 3 5 127 7 118 15 142 2 7 124 29 101 2 16 127 20 146 2 6 114 17 91 2 14 14 18 15 3 10 132 19 124 21 124 3 1 172 4 144 21 137 3 8 55 20 58 27 44 2 14 62 22 78 3 4 134 6 130 10 151 3 7 71 8 57 28 63 3 4 23 12 24 16 25 3 22 201 23 164 28 179 3 2 116 23 161 27 169
35 3 1 53 18 60 27 57 3 2 77 6 73 26 66 2 5 70 6 51 3 2 72 6 76 26 67 2 3 114 16 127 3 4 153 6 123 10 128 2 5 90 17 101 2 23 91 30 89 3 16 55 21 48 26 50 3 4 155 6 167 10 155 2 7 100 12 78 3 1 22 6 24 8 21 3 16 60 24 74 27 79 2 9 131 18 112 3 1 50 4 58 10 59 2 11 158 13 144 2 3 111 16 148 2 4 44 25 53 3 4 20 12 29 16 24 3 13 100 17 99 18 110 2 14 35 26 33 3 5 127 7 118 15 142 2 7 124 29 101 2 16 127 20 146 2 6 114 17 91 2 14 14 18 15 3 10 132 19 124 21 124 3 1 172 4 144 21 137 3 8 55 20 58 27 44 2 14 62 22 78 3 4 134 6 130 10 151 3 7 71 8 57 28 63 3 4 23 12 24 16 25 3 22 201 23 164 28 179 3 2 116 23 161 27 169
35 3 1 71 18 68 27 52 3 2 67 6 61 26 71 3 1 73 18 51 27 58 2 14 13 18 12 2 3 114 16 157 2 16 140 20 169 3 4 124 6 158 10 163 2 5 124 17 110 3 10 113 19 145 21 105 2 5 59 6 71 3 1 134 4 182 21 139 3 2 131 23 167 27 160 3 1 50 4 59 10 53 2 7 81 12 97 3 1 24 6 23 8 20 2 6 123 17 121 2 11 118 13 167 2 9 100 18 127 3 5 130 7 109 15 153 3 4 27 12 23 16 21 3 13 94 17 103 18 90 2 14 41 26 38 3 10 142 19 117 21 123 3 8 44 20 57 27 57 2 11 121 13 123 2 14 88 22 76 3 22 197 23 167 28 172 3 5 112 7 107 15 148 3 16 77 24 81 27 65 3 7 51 8 65 28 64 3 4 29 12 28 16 27 2 4 53 25 46 2 23 101 30 101 2 7 131 29 100 3 16 48 21 48 26 46
35 3 1 71 18 68 27 52 3 2 67 6 61 26 71 3 1 73 18 51 27 58 2 14 13 18 12 2 3 114 16 157 2 16 140 20 169 3 4 124 6 158 10 163 2 5 124 17 110 3 10 113 19 145 21 105 2 5 59 6 71 3 1 134 4 182 21 139 3 2 131 23 167 27 160 3 1 50 4 59 10 53 2 7 81 12 97 3 1 24 6 23 8 20 2 6 123 17 121 2 11 118 13 167 2 9 100 18 127 3 5 130 7 109 15 153 3 4 27 12 23 16 21 3 13 94 17 103 18 90 2 14 41 26 38 3 10 142 19 117 21 123 3 8 44 20 57 27 57 2 11 121 13 123 2 14 88 22 76 3 22 197 23 167 28 172 3 5 112 7 107 15 148 3 16 77 24 81 27 65 3 7 51 8 65 28 64 3 4 29 12 28 16 27 2 4 53 25 46 2 23 101 30 101 2 7 131 29 100 3 16 48 21 48 26 46
35 3 1 71 18 68 27 52 3 2 67 6 61 26 71 3 1 73 18 51 27 58 2 14 13 18 12 2 3 114 16 157 2 16 140 20 169 3 4 124 6 158 10 163 2 5 124 17 110 3 10 113 19 145 21 105 2 5 59 6 71 3 1 134 4 182 21 139 3 2 131 23 167 27 160 3 1 50 4 59 10 53 2 7 81 12 97 3 1 24 6 23 8 20 2 6 123 17 121 2 11 118 13 167 2 9 100 18 127 3 5 130 7 109 15 153 3 4 27 12 23 16 21 3 13 94 17 103 18 90 2 14 41 26 38 3 10 142 19 117 21 123 3 8 44 20 57 27 57 2 11 121 13 123 2 14 88 22 76 3 22 197 23 167 28 172 3 5 112 7 107 15 148 3 16 77 24 81 27 65 3 7 51 8 65 28 64 3 4 29 12 28 16 27 2 4 53 25 46 2 23 101 30 101 2 7 131 29 100 3 16 48 21 48 26 46
35 3 1 132 4 138 21 170 3 1 56 18 61 27 58 3 2 75 6 67 26 72 3 7 67 8 72 28 66 3 1 180 4 141 21 158 2 3 118 16 163 2 4 50 25 41 3 4 25 12 28 16 28 3 10 110 19 110 21 130 3 1 59 18 64 27 76 3 4 168 6 144 10 135 2 5 125 17 125 2 5 74 6 68 2 7 88 12 104 2 23 111 30 88 3 16 72 24 83 27 58 3 1 19 6 22 8 24 2 9 122 18 98 3 1 59 4 54 10 63 2 11 170 13 142 2 14 11 18 12 2 3 161 16 137 3 13 94 17 83 18 116 2 14 79 22 86 2 14 40 26 46 3 1 50 4 60 10 56 3 2 136 23 138 27 125 3 16 50 21 47 26 49 3 5 109 7 104 15 147 2 16 167 20 127 3 16 80 24 80 27 60 2 7 125 29 115 2 6 115 17 100 3 22 157 23 171 28 212 3 8 54 20 60 27 51
35 3 1 132 4 138 21 170 3 1 56 18 61 27 58 3 2 75 6 67 26 72 3 7 67 8 72 28 66 3 1 180 4 141 21 158 2 3 118 16 163 2 4 50 25 41 3 4 25 12 28 16 28 3 10 110 19 110 21 130 3 1 59 18 64 27 76 3 4 168 6 144 10 135 2 5 125 17 125 2 5 74 6 68 2 7 88 12 104 2 23 111 30 88 3 16 72 24 83 27 58 3 1 19 6 22 8 24 2 9 122 18 98 3 1 59 4 54 10 63 2 11 170 13 142 2 14 11 18 12 2 3 161 16 137 3 13 94 17 83 18 116 2 14 79 22 86 2 14 40 26 46 3 1 50 4 60 10 56 3 2 136 23 138 27 125 3 16 50 21 47 26 49 3 5 109 7 104 15 147 2 16 167 20 127 3 16 80 24 80 27 60 2 7 125 29 115 2 6 115 17 100 3 22 157 23 171 28 212 3 8 54 20 60 27 51
36 3 1 74 18 59 27 51 3 2 53 6 60 26 53 2 3 144 16 120 3 16 63 21 46 26 64 2 5 127 17 109 2 7 92 12 75 3 4 159 6 123 10 148 3 7 67 8 50 28 66 3 16 46 21 66 26 49 3 16 70 24 61 27 71 2 5 68 6 65 3 1 20 6 19 8 22 3 2 66 6 74 26 59 2 16 139 20 158 2 5 104 17 92 2 14 68 22 63 2 9 114 18 118 2 5 128 17 87 3 22 185 23 186 28 166 3 1 49 4 55 10 52 3 10 113 19 136 21 126 3 7 65 8 60 28 50 2 14 15 18 16 2 11 138 13 126 3 4 23 12 24 16 22 3 13 85 17 93 18 102 2 14 47 26 34 3 5 138 7 121 15 104 3 2 153 23 154 27 153 3 8 61 20 54 27 45 2 6 108 17 100 3 1 166 4 162 21 176 2 4 54 25 53 2 23 80 30 92 2 14 16 18 16 2 7 136 29 136
36 3 1 74 18 59 27 51 3 2 53 6 60 26 53 2 3 144 16 120 3 16 63 21 46 26 64 2 5 127 17 109 2 7 92 12 75 3 4 159 6 123 10 148 3 7 67 8 50 28 66 3 16 46 21 66 26 49 3 16 70 24 61 27 71 2 5 68 6 65 3 1 20 6 19 8 22 3 2 66 6 74 26 59 2 16 139 20 158 2 5 104 17 92 2 14 68 22 63 2 9 114 18 118 2 5 128 17 87 3 22 185 23 186 28 166 3 1 49 4 55 10 52 3 10 113 19 136 21 126 3 7 65 8 60 28 50 2 14 15 18 16 2 11 138 13 126 3 4 23 12 24 16 22 3 13 85 17 93 18 102 2 14 47 26 34 3 5 138 7 121 15 104 3 2 153 23 154 27 153 3 8 61 20 54 27 45 2 6 108 17 100 3 1 166 4 162 21 176 2 4 54 25 53 2 23 80 30 92 2 14 16 18 16 2 7 136 29 136
35 3 10 140 19 120 21 149 3 1 52 18 76 27 60 3 1 178 4 138 21 178 3 2 56 6 68 26 73 2 3 155 16 119 3 4 162 6 163 10 129 2 5 121 17 93 2 5 66 6 61 2 7 98 12 97 3 1 26 6 18 8 17 3 10 140 19 141 21 131 2 9 97 18 106 3 1 45 4 60 10 44 2 9 108 18 113 2 11 161 13 158 3 4 23 12 24 16 25 3 13 86 17 92 18 104 3 1 65 18 60 27 58 2 14 48 26 33 3 5 107 7 152 15 126 3 2 159 23 116 27 132 2 7 88 12 84 2 16 163 20 156 2 4 42 25 39 2 11 162 13 136 2 6 119 17 105 2 14 12 18 16 3 7 69 8 71 28 68 3 8 50 20 47 27 47 2 14 69 22 91 3 22 214 23 216 28 218 3 16 57 24 78 27 68 3 16 51 21 68 26 65 2 7 132 29 112 2 23 106 30 83
35 3 10 140 19 120 21 149 3 1 52 18 76 27 60 3 1 178 4 138 21 178 3 2 56 6 68 26 73 2 3 155 16 119 3 4 162 6 163 10 129 2 5 121 17 93 2 5 66 6 61 2 7 98 12 97 3 1 26 6 18 8 17 3 10 140 19 141 21 131 2 9 97 18 106 3 1 45 4 60 10 44 2 9 108 18 113 2 11 161 13 158 3 4 23 12 24 16 25 3 13 86 17 92 18 104 3 1 65 18 60 27 58 2 14 48 26 33 3 5 107 7 152 15 126 3 2 159 23 116 27 132 2 7 88 12 84 2 16 163 20 156 2 4 42 25 39 2 11 162 13 136 2 6 119 17 105 2 14 12 18 16 3 7 69 8 71 28 68 3 8 50 20 47 27 47 2 14 69 22 91 3 22 214 23 216 28 218 3 16 57 24 78 27 68 3 16 51 21 68 26 65 2 7 132 29 112 2 23 106 30 83
35 3 10 140 19 120 21 149 3 1 52 18 76 27 60 3 1 178 4 138 21 178 3 2 56 6 68 26 73 2 3 155 16 119 3 4 162 6 163 10 129 2 5 121 17 93 2 5 66 6 61 2 7 98 12 97 3 1 26 6 18 8 17 3 10 140 19 141 21 131 2 9 97 18 106 3 1 45 4 60 10 44 2 9 108 18 113 2 11 161 13 158 3 4 23 12 24 16 25 3 13 86 17 92 18 104 3 1 65 18 60 27 58 2 14 48 26 33 3 5 107 7 152 15 126 3 2 159 23 116 27 132 2 7 88 12 84 2 16 163 20 156 2 4 42 25 39 2 11 162 13 136 2 6 119 17 105 2 14 12 18 16 3 7 69 8 71 28 68 3 8 50 20 47 27 47 2 14 69 22 91 3 22 214 23 216 28 218 3 16 57 24 78 27 68 3 16 51 21 68 26 65 2 7 132 29 112 2 23 106 30 83
35 2 5 116 17 115 3 13 116 17 113 18 98 3 2 61 6 56 26 78 2 5 94 17 126 3 1 64 18 71 27 76 3 1 19 6 25 8 18 2 3 142 16 129 3 4 115 6 155 10 158 3 1 66 18 66 27 71 3 2 130 23 147 27 167 3 1 135 4 158 21 157 3 8 57 20 59 27 59 3 2 129 23 117 27 136 2 14 39 26 48 2 16 165 20 116 3 1 60 4 53 10 44 2 5 72 6 58 2 7 98 12 89 2 9 104 18 95 2 11 127 13 171 3 8 61 20 59 27 61 3 4 24 12 21 16 20 3 5 136 7 112 15 121 2 6 91 17 128 2 16 126 20 143 3 7 61 8 65 28 62 3 22 218 23 165 28 201 2 14 16 18 15 3 10 112 19 126 21 104 3 16 61 24 69 27 62 2 14 78 22 92 3 16 51 21 55 26 63 2 4 42 25 43 2 7 127 29 123 2 23 116 30 106
35 2 5 116 17 115 3 13 116 17 113 18 98 3 2 61 6 56 26 78 2 5 94 17 126 3 1 64 18 71 27 76 3 1 19 6 25 8 18 2 3 142 16 129 3 4 115 6 155 10 158 3 1 66 18 66 27 71 3 2 130 23 147 27 167 3 1 135 4 158 21 157 3 8 57 20 59 27 59 3 2 129 23 117 27 136 2 14 39 26 48 2 16 165 20 116 3 1 60 4 53 10 44 2 5 72 6 58 2 7 98 12 89 2 9 104 18 95 2 11 127 13 171 3 8 61 20 59 27 61 3 4 24 12 21 16 20 3 5 136 7 112 15 121 2 6 91 17 128 2 16 126 20 143 3 7 61 8 65 28 62 3 22 218 23 165 28 201 2 14 16 18 15 3 10 112 19 126 21 104 3 16 61 24 69 27 62 2 14 78 22 92 3 16 51 21 55 26 63 2 4 42 25 43 2 7 127 29 123 2 23 116 30 106
35 3 1 76 18 62 27 64 3 1 157 4 124 21 144 2 4 37 25 42 3 4 142 6 126 10 141 3 2 76 6 76 26 57 2 3 140 16 111 2 5 103 17 115 2 5 56 6 52 3 1 44 4 64 10 43 3 2 69 6 75 26 64 2 7 70 12 94 3 1 20 6 26 8 19 3 1 60 18 70 27 68 2 9 122 18 126 2 11 125 13 148 3 4 21 12 26 16 27 2 14 80 22 78 3 7 72 8 49 28 49 3 13 88 17 119 18 95 2 5 104 17 116 2 7 131 29 117 2 14 12 18 14 3 16 51 21 60 26 56 2 14 42 26 42 3 5 112 7 109 15 126 2 16 137 20 160 2 9 95 18 133 3 10 133 19 132 21 136 2 6 119 17 96 2 7 99 12 74 3 8 56 20 53 27 42 3 2 119 23 148 27 113 3 22 178 23 186 28 203 3 16 71 24 60 27 83 2 23 107 30 78
35 3 1 76 18 62 27 64 3 1 157 4 124 21 144 2 4 37 25 42 3 4 142 6 126 10 141 3 2 76 6 76 26 57 2 3 140 16 111 2 5 103 17 115 2 5 56 6 52 3 1 44 4 64 10 43 3 2 69 6 75 26 64 2 7 70 12 94 3 1 20 6 26 8 19 3 1 60 18 70 27 68 2 9 122 18 126 2 11 125 13 148 3 4 21 12 26 16 27 2 14 80 22 78 3 7 72 8 49 28 49 3 13 88 17 119 18 95 2 5 104 17 116 2 7 131 29 117 2 14 12 18 14 3 16 51 21 60 26 56 2 14 42 26 42 3 5 112 7 109 15 126 2 16 137 20 160 2 9 95 18 133 3 10 133 19 132 21 136 2 6 119 17 96 2 7 99 12 74 3 8 56 20 53 27 42 3 2 119 23 148 27 113 3 22 178 23 186 28 203 3 16 71 24 60 27 83 2 23 107 30 78
35 3 1 152 4 169 21 143 3 1 64 18 67 27 72 3 2 64 6 65 26 63 3 7 50 8 57 28 51 3 1 125 4 146 21 155 2 3 131 16 134 2 4 52 25 53 3 4 24 12 25 16 27 3 10 101 19 100 21 113 3 1 64 18 54 27 62 3 4 155 6 141 10 160 2 5 92 17 102 2 5 63 6 68 2 7 94 12 101 2 23 105 30 99 3 16 71 24 62 27 73 3 1 22 6 24 8 26 2 9 104 18 116 3 1 56 4 50 10 51 2 11 142 13 152 2 14 15 18 16 2 3 149 16 114 3 13 99 17 109 18 80 2 14 92 22 78 2 14 40 26 38 3 1 60 4 50 10 52 3 2 159 23 112 27 167 3 16 63 21 68 26 59 3 5 110 7 126 15 152 2 16 153 20 120 3 16 74 24 56 27 72 2 7 117 29 136 2 6 124 17 115 3 22 183 23 183 28 205 3 8 57 20 61 27 62
33 3 8 55 20 57 27 58 3 1 58 18 73 27 71 3 2 56 6 76 26 70 2 3 166 16 120 2 5 59 6 73 3 7 52 8 66 28 60 2 11 158 13 134 2 23 80 30 104 3 4 122 6 137 10 156 2 5 103 17 90 2 7 76 12 74 3 1 25 6 23 8 20 2 14 78 22 88 2 5 92 17 111 2 9 129 18 131 3 1 51 4 47 10 55 3 4 21 12 25 16 21 3 13 84 17 101 18 102 2 14 43 26 35 3 22 221 23 213 28 194 2 14 43 26 40 3 5 103 7 107 15 110 2 16 168 20 142 2 6 87 17 94 3 2 136 23 113 27 131 2 14 15 18 15 3 1 20 6 18 8 25 3 10 114 19 143 21 112 3 16 60 21 65 26 66 3 1 132 4 159 21 130 2 4 52 25 54 3 16 58 24 60 27 69 2 7 93 29 117
34 3 1 64 18 52 27 72 3 2 59 6 64 26 67 2 3 153 16 152 3 4 125 6 115 10 166 2 5 116 17 94 3 2 67 6 64 26 63 2 5 55 6 56 3 2 163 23 128 27 121 2 7 89 12 85 3 1 23 6 22 8 19 2 14 14 18 11 2 9 110 18 91 3 22 216 23 169 28 184 3 1 62 4 57 10 45 2 23 84 30 100 3 2 136 23 143 27 128 3 16 72 24 62 27 69 3 22 151 23 199 28 157 2 11 133 13 123 3 4 21 12 25 16 24 3 13 89 17 100 18 93 2 14 40 26 50 3 5 126 7 143 15 132 2 16 159 20 170 2 6 117 17 102 2 14 82 22 73 3 8 49 20 53 27 45 3 10 135 19 105 21 102 3 1 172 4 129 21 165 3 16 63 21 61 26 65 2 4 48 25 54 3 7 66 8 72 28 71 3 2 65 6 64 26 59 2 7 95 29 99
34 3 1 64 18 52 27 72 3 2 59 6 64 26 67 2 3 153 16 152 3 4 125 6 115 10 166 2 5 116 17 94 3 2 67 6 64 26 63 2 5 55 6 56 3 2 163 23 128 27 121 2 7 89 12 85 3 1 23 6 22 8 19 2 14 14 18 11 2 9 110 18 91 3 22 216 23 169 28 184 3 1 62 4 57 10 45 2 23 84 30 100 3 2 136 23 143 27 128 3 16 72 24 62 27 69 3 22 151 23 199 28 157 2 11 133 13 123 3 4 21 12 25 16 24 3 13 89 17 100 18 93 2 14 40 26 50 3 5 126 7 143 15 132 2 16 159 20 170 2 6 117 17 102 2 14 82 22 73 3 8 49 20 53 27 45 3 10 135 19 105 21 102 3 1 172 4 129 21 165 3 16 63 21 61 26 65 2 4 48 25 54 3 7 66 8 72 28 71 3 2 65 6 64 26 59 2 7 95 29 99
37 3 1 70 18 52 27 73 3 2 73 6 71 26 77 2 3 137 16 112 3 4 145 6 152 10 123 3 1 51 18 54 27 52 2 5 126 17 95 2 5 53 6 60 3 2 125 23 128 27 125 2 5 117 17 87 2 7 95 12 79 2 5 54 6 66 3 5 129 7 110 15 142 3 1 21 6 20 8 20 2 9 101 18 94 3 4 27 12 23 16 22 2 14 14 18 11 3 4 22 12 27 16 23 2 6 124 17 106 3 1 62 4 56 10 45 2 11 119 13 131 3 13 103 17 106 18 84 2 14 43 26 40 2 16 120 20 136 2 6 87 17 124 3 1 146 4 177 21 153 2 14 13 18 14 3 10 147 19 109 21 102 3 4 25 12 22 16 22 3 8 61 20 61 27 45 3 16 57 24 63 27 59 2 14 73 22 66 3 22 174 23 182 28 196 2 4 49 25 38 3 16 61 21 50 26 61 3 7 70 8 58 28 53 2 23 86 30 101 2 7 109 29 113
37 3 1 70 18 52 27 73 3 2 73 6 71 26 77 2 3 137 16 112 3 4 145 6 152 10 123 3 1 51 18 54 27 52 2 5 126 17 95 2 5 53 6 60 3 2 125 23 128 27 125 2 5 117 17 87 2 7 95 12 79 2 5 54 6 66 3 5 129 7 110 15 142 3 1 21 6 20 8 20 2 9 101 18 94 3 4 27 12 23 16 22 2 14 14 18 11 3 4 22 12 27 16 23 2 6 124 17 106 3 1 62 4 56 10 45 2 11 119 13 131 3 13 103 17 106 18 84 2 14 43 26 40 2 16 120 20 136 2 6 87 17 124 3 1 146 4 177 21 153 2 14 13 18 14 3 10 147 19 109 21 102 3 4 25 12 22 16 22 3 8 61 20 61 27 45 3 16 57 24 63 27 59 2 14 73 22 66 3 22 174 23 182 28 196 2 4 49 25 38 3 16 61 21 50 26 61 3 7 70 8 58 28 53 2 23 86 30 101 2 7 109 29 113
38 3 1 47 4 44 10 54 3 1 57 18 55 27 54 3 2 60 6 73 26 69 2 5 51 6 64 3 1 54 18 66 27 69 3 16 63 21 49 26 65 2 3 122 16 126 2 14 77 22 69 3 16 49 21 56 26 68 3 4 120 6 153 10 137 3 5 121 7 133 15 119 2 14 79 22 76 2 5 93 17 92 2 4 42 25 53 2 7 88 12 74 3 1 25 6 25 8 23 2 9 121 18 106 2 7 124 29 96 2 11 166 13 137 2 16 139 20 135 2 14 16 18 15 3 4 22 12 24 16 23 2 3 115 16 112 3 13 112 17 85 18 111 2 7 76 12 100 3 16 82 24 68 27 72 2 3 120 16 134 2 14 41 26 42 2 6 90 17 108 3 10 114 19 105 21 138 2 7 96 29 101 3 8 55 20 55 27 51 3 1 168 4 149 21 146 2 23 100 30 112 3 16 47 21 65 26 57 3 22 149 23 189 28 185 3 2 137 23 113 27 129 3 7 59 8 68 28 71
37 3 1 66 18 54 27 64 3 2 74 6 56 26 77 2 3 156 16 117 3 4 117 6 130 10 156 3 1 51 18 70 27 51 2 5 118 17 118 2 5 70 6 72 3 2 164 23 158 27 125 2 5 117 17 109 2 7 73 12 100 2 5 72 6 68 3 5 149 7 133 15 131 3 1 24 6 25 8 24 2 9 105 18 114 3 4 28 12 24 16 28 2 14 16 18 13 3 4 28 12 23 16 20 2 6 99 17 89 3 1 61 4 59 10 55 2 11 115 13 147 3 13 93 17 112 18 115 2 14 37 26 43 2 16 143 20 155 2 6 107 17 102 3 1 163 4 143 21 140 2 14 16 18 13 3 10 111 19 119 21 104 3 4 20 12 22 16 22 3 8 41 20 53 27 59 3 16 56 24 70 27 71 2 14 70 22 91 3 22 200 23 167 28 201 2 4 39 25 45 3 16 53 21 68 26 52 3 7 70 8 71 28 64 2 23 94 30 95 2 7 94 29 110
35 3 1 74 18 56 27 72 3 2 53 6 69 26 60 3 1 69 18 72 27 59 2 3 120 16 112 3 4 124 6 126 10 126 3 1 63 18 56 27 54 2 7 70 12 94 2 5 113 17 108 3 16 81 24 70 27 73 2 14 13 18 13 3 2 157 23 130 27 164 2 6 122 17 126 2 5 57 6 59 2 14 34 26 36 3 1 25 6 20 8 18 2 9 99 18 103 3 13 93 17 110 18 104 3 1 44 4 57 10 61 3 4 28 12 24 16 28 3 16 71 24 79 27 74 2 16 155 20 165 2 11 159 13 150 3 16 48 21 62 26 54 3 5 104 7 109 15 128 3 10 116 19 112 21 113 2 23 105 30 89 3 8 60 20 47 27 47 3 1 165 4 159 21 179 2 14 86 22 92 2 7 108 29 134 3 10 129 19 102 21 130 3 22 167 23 182 28 216 3 7 60 8 64 28 64 3 2 155 23 119 27 137 2 4 45 25 44
35 3 1 74 18 56 27 72 3 2 53 6 69 26 60 3 1 69 18 72 27 59 2 3 120 16 112 3 4 124 6 126 10 126 3 1 63 18 56 27 54 2 7 70 12 94 2 5 113 17 108 3 16 81 24 70 27 73 2 14 13 18 13 3 2 157 23 130 27 164 2 6 122 17 126 2 5 57 6 59 2 14 34 26 36 3 1 25 6 20 8 18 2 9 99 18 103 3 13 93 17 110 18 104 3 1 44 4 57 10 61 3 4 28 12 24 16 28 3 16 71 24 79 27 74 2 16 155 20 165 2 11 159 13 150 3 16 48 21 62 26 54 3 5 104 7 109 15 128 3 10 116 19 112 21 113 2 23 105 30 89 3 8 60 20 47 27 47 3 1 165 4 159 21 179 2 14 86 22 92 2 7 108 29 134 3 10 129 19 102 21 130 3 22 167 23 182 28 216 3 7 60 8 64 28 64 3 2 155 23 119 27 137 2 4 45 25 44
35 3 1 74 18 56 27 72 3 2 53 6 69 26 60 3 1 69 18 72 27 59 2 3 120 16 112 3 4 124 6 126 10 126 3 1 63 18 56 27 54 2 7 70 12 94 2 5 113 17 108 3 16 81 24 70 27 73 2 14 13 18 13 3 2 157 23 130 27 164 2 6 122 17 126 2 5 57 6 59 2 14 34 26 36 3 1 25 6 20 8 18 2 9 99 18 103 3 13 93 17 110 18 104 3 1 44 4 57 10 61 3 4 28 12 24 16 28 3 16 71 24 79 27 74 2 16 155 20 165 2 11 159 13 150 3 16 48 21 62 26 54 3 5 104 7 109 15 128 3 10 116 19 112 21 113 2 23 105 30 89 3 8 60 20 47 27 47 3 1 165 4 159 21 179 2 14 86 22 92 2 7 108 29 134 3 10 129 19 102 21 130 3 22 167 23 182 28 216 3 7 60 8 64 28 64 3 2 155 23 119 27 137 2 4 45 25 44
37 3 1 67 18 68 27 69 3 2 70 6 75 26 71 2 3 128 16 113 3 4 168 6 145 10 148 3 1 60 18 58 27 67 2 5 115 17 89 2 5 52 6 52 3 2 124 23 137 27 134 2 5 114 17 99 2 7 74 12 75 2 5 68 6 67 3 5 149 7 113 15 151 3 1 23 6 24 8 20 2 9 98 18 120 3 4 21 12 21 16 26 2 14 13 18 16 3 4 25 12 26 16 21 2 6 102 17 106 3 1 46 4 63 10 57 2 11 115 13 120 3 13 103 17 113 18 111 2 14 45 26 48 2 16 127 20 160 2 6 107 17 90 3 1 153 4 171 21 173 2 14 14 18 11 3 10 142 19 104 21 136 3 4 26 12 22 16 28 3 8 52 20 57 27 45 3 16 64 24 71 27 77 2 14 74 22 89 3 22 198 23 205 28 203 2 4 42 25 46 3 16 68 21 68 26 67 3 7 64 8 50 28 58 2 23 95 30 87 2 7 118 29 98
35 3 1 166 4 156 21 145 3 1 59 18 53 27 71 3 2 66 6 63 26 78 3 7 62 8 67 28 55 3 1 180 4 159 21 139 2 3 160 16 160 2 4 49 25 41 3 4 22 12 20 16 20 3 10 134 19 149 21 118 3 1 55 18 73 27 51 3 4 138 6 133 10 163 2 5 87 17 116 2 5 55 6 59 2 7 89 12 78 2 23 107 30 83 3 16 80 24 64 27 61 3 1 20 6 25 8 19 2 9 126 18 125 3 1 54 4 53 10 64 2 11 155 13 150 2 14 11 18 14 2 3 145 16 122 3 13 111 17 112 18 98 2 14 69 22 74 2 14 43 26 49 3 1 45 4 52 10 64 3 2 138 23 126 27 132 3 16 48 21 48 26 48 3 5 120 7 109 15 152 2 16 169 20 134 3 16 56 24 59 27 75 2 7 127 29 129 2 6 116 17 124 3 22 213 23 153 28 183 3 8 61 20 61 27 57
32 3 1 52 18 52 27 70 3 2 74 6 69 26 61 2 3 161 16 128 3 16 74 24 80 27 69 2 23 109 30 111 3 4 146 6 159 10 167 3 13 81 17 119 18 92 2 3 135 16 153 2 5 118 17 115 2 5 55 6 66 2 14 39 26 44 2 7 99 12 80 3 1 19 6 19 8 24 3 7 53 8 67 28 55 2 9 105 18 107 3 22 193 23 167 28 151 3 1 61 4 62 10 52 2 11 128 13 142 2 14 12 18 11 3 16 68 21 50 26 60 3 4 23 12 21 16 27 3 2 149 23 115 27 163 2 4 39 25 43 3 5 125 7 152 15 147 2 16 128 20 128 3 10 119 19 148 21 119 2 14 71 22 82 2 6 110 17 91 3 8 60 20 49 27 48 3 16 77 24 72 27 78 3 1 156 4 168 21 148 2 7 124 29 138
32 3 1 52 18 52 27 70 3 2 74 6 69 26 61 2 3 161 16 128 3 16 74 24 80 27 69 2 23 109 30 111 3 4 146 6 159 10 167 3 13 81 17 119 18 92 2 3 135 16 153 2 5 118 17 115 2 5 55 6 66 2 14 39 26 44 2 7 99 12 80 3 1 19 6 19 8 24 3 7 53 8 67 28 55 2 9 105 18 107 3 22 193 23 167 28 151 3 1 61 4 62 10 52 2 11 128 13 142 2 14 12 18 11 3 16 68 21 50 26 60 3 4 23 12 21 16 27 3 2 149 23 115 27 163 2 4 39 25 43 3 5 125 7 152 15 147 2 16 128 20 128 3 10 119 19 148 21 119 2 14 71 22 82 2 6 110 17 91 3 8 60 20 49 27 48 3 16 77 24 72 27 78 3 1 156 4 168 21 148 2 7 124 29 138
35 2 9 102 18 101 3 1 60 18 68 27 73 3 2 68 6 53 26 74 3 1 24 6 26 8 23 2 3 122 16 120 3 2 71 6 54 26 74 3 4 119 6 149 10 155 3 7 72 8 69 28 58 3 10 110 19 138 21 137 2 5 93 17 128 2 5 52 6 64 3 22 215 23 162 28 189 2 7 96 12 85 3 1 55 4 51 10 52 2 11 121 13 158 3 4 20 12 26 16 26 3 2 61 6 72 26 65 3 13 84 17 113 18 82 2 7 95 12 70 2 14 37 26 38 3 16 65 21 58 26 58 3 5 104 7 120 15 121 2 6 108 17 128 2 16 153 20 119 3 2 59 6 61 26 58 2 14 16 18 11 3 8 59 20 53 27 50 3 1 154 4 143 21 127 2 14 70 22 89 3 16 65 24 66 27 65 3 1 140 4 163 21 150 2 4 38 25 52 2 7 129 29 114 3 2 116 23 157 27 127 2 23 114 30 96
32 3 1 64 18 59 27 73 3 2 71 6 78 26 68 2 3 154 16 123 3 16 58 24 78 27 70 2 23 97 30 109 3 4 161 6 122 10 131 3 13 90 17 118 18 116 2 3 147 16 164 2 5 110 17 115 2 5 57 6 61 2 14 38 26 39 2 7 77 12 88 3 1 24 6 22 8 22 3 7 57 8 54 28 70 2 9 93 18 119 3 22 209 23 216 28 166 3 1 61 4 43 10 45 2 11 167 13 131 2 14 16 18 15 3 16 55 21 68 26 47 3 4 25 12 20 16 21 3 2 123 23 130 27 162 2 4 39 25 42 3 5 131 7 153 15 132 2 16 154 20 123 3 10 142 19 119 21 113 2 14 83 22 68 2 6 128 17 97 3 8 53 20 56 27 42 3 16 57 24 77 27 64 3 1 134 4 141 21 128 2 7 137 29 112
32 3 1 64 18 59 27 73 3 2 71 6 78 26 68 2 3 154 16 123 3 16 58 24 78 27 70 2 23 97 30 109 3 4 161 6 122 10 131 3 13 90 17 118 18 116 2 3 147 16 164 2 5 110 17 115 2 5 57 6 61 2 14 38 26 39 2 7 77 12 88 3 1 24 6 22 8 22 3 7 57 8 54 28 70 2 9 93 18 119 3 22 209 23 216 28 166 3 1 61 4 43 10 45 2 11 167 13 131 2 14 16 18 15 3 16 55 21 68 26 47 3 4 25 12 20 16 21 3 2 123 23 130 27 162 2 4 39 25 42 3 5 131 7 153 15 132 2 16 154 20 123 3 10 142 19 119 21 113 2 14 83 22 68 2 6 128 17 97 3 8 53 20 56 27 42 3 16 57 24 77 27 64 3 1 134 4 141 21 128 2 7 137 29 112
38 3 1 56 4 50 10 43 3 1 60 18 66 27 64 3 1 45 4 48 10 51 2 7 102 12 90 2 7 136 29 124 2 4 46 25 49 3 10 115 19 139 21 129 3 2 66 6 56 26 68 2 7 91 12 93 2 3 165 16 129 3 4 126 6 162 10 136 2 5 114 17 128 2 5 50 6 58 3 1 54 4 56 10 57 3 1 23 6 24 8 25 3 1 167 4 142 21 179 2 7 120 29 122 3 22 163 23 168 28 168 2 9 107 18 94 2 11 157 13 136 3 4 20 12 26 16 22 3 13 113 17 90 18 92 2 14 37 26 43 3 5 133 7 124 15 113 3 4 117 6 163 10 145 2 16 122 20 133 2 6 108 17 112 2 14 15 18 13 2 23 86 30 106 3 8 58 20 51 27 58 3 4 23 12 22 16 23 2 14 68 22 80 3 16 63 24 78 27 61 3 16 59 21 68 26 47 3 4 149 6 149 10 139 3 7 63 8 68 28 68 2 9 112 18 110 3 2 133 23 146 27 132
38 3 1 56 4 50 10 43 3 1 60 18 66 27 64 3 1 45 4 48 10 51 2 7 102 12 90 2 7 136 29 124 2 4 46 25 49 3 10 115 19 139 21 129 3 2 66 6 56 26 68 2 7 91 12 93 2 3 165 16 129 3 4 126 6 162 10 136 2 5 114 17 128 2 5 50 6 58 3 1 54 4 56 10 57 3 1 23 6 24 8 25 3 1 167 4 142 21 179 2 7 120 29 122 3 22 163 23 168 28 168 2 9 107 18 94 2 11 157 13 136 3 4 20 12 26 16 22 3 13 113 17 90 18 92 2 14 37 26 43 3 5 133 7 124 15 113 3 4 117 6 163 10 145 2 16 122 20 133 2 6 108 17 112 2 14 15 18 13 2 23 86 30 106 3 8 58 20 51 27 58 3 4 23 12 22 16 23 2 14 68 22 80 3 16 63 24 78 27 61 3 16 59 21 68 26 47 3 4 149 6 149 10 139 3 7 63 8 68 28 68 2 9 112 18 110 3 2 133 23 146 27 132
38 3 1 56 4 50 10 43 3 1 60 18 66 27 64 3 1 45 4 48 10 51 2 7 102 12 90 2 7 136 29 124 2 4 46 25 49 3 10 115 19 139 21 129 3 2 66 6 56 26 68 2 7 91 12 93 2 3 165 16 129 3 4 126 6 162 10 136 2 5 114 17 128 2 5 50 6 58 3 1 54 4 56 10 57 3 1 23 6 24 8 25 3 1 167 4 142 21 179 2 7 120 29 122 3 22 163 23 168 28 168 2 9 107 18 94 2 11 157 13 136 3 4 20 12 26 16 22 3 13 113 17 90 18 92 2 14 37 26 43 3 5 133 7 124 15 113 3 4 117 6 163 10 145 2 16 122 20 133 2 6 108 17 112 2 14 15 18 13 2 23 86 30 106 3 8 58 20 51 27 58 3 4 23 12 22 16 23 2 14 68 22 80 3 16 63 24 78 27 61 3 16 59 21 68 26 47 3 4 149 6 149 10 139 3 7 63 8 68 28 68 2 9 112 18 110 3 2 133 23 146 27 132
33 3 8 55 20 56 27 61 3 1 57 18 67 27 56 3 2 68 6 64 26 65 2 3 130 16 115 2 5 65 6 64 3 7 61 8 60 28 67 2 11 146 13 165 2 23 111 30 106 3 4 120 6 167 10 119 2 5 129 17 97 2 7 72 12 72 3 1 21 6 23 8 26 2 14 74 22 77 2 5 100 17 99 2 9 108 18 129 3 1 44 4 60 10 51 3 4 26 12 29 16 27 3 13 94 17 87 18 98 2 14 49 26 34 3 22 188 23 208 28 177 2 14 44 26 37 3 5 103 7 148 15 132 2 16 154 20 138 2 6 109 17 94 3 2 121 23 155 27 165 2 14 11 18 11 3 1 23 6 20 8 25 3 10 143 19 129 21 134 3 16 50 21 53 26 60 3 1 126 4 127 21 179 2 4 37 25 39 3 16 79 24 71 27 76 2 7 131 29 115
33 3 8 55 20 56 27 61 3 1 57 18 67 27 56 3 2 68 6 64 26 65 2 3 130 16 115 2 5 65 6 64 3 7 61 8 60 28 67 2 11 146 13 165 2 23 111 30 106 3 4 120 6 167 10 119 2 5 129 17 97 2 7 72 12 72 3 1 21 6 23 8 26 2 14 74 22 77 2 5 100 17 99 2 9 108 18 129 3 1 44 4 60 10 51 3 4 26 12 29 16 27 3 13 94 17 87 18 98 2 14 49 26 34 3 22 188 23 208 28 177 2 14 44 26 37 3 5 103 7 148 15 132 2 16 154 20 138 2 6 109 17 94 3 2 121 23 155 27 165 2 14 11 18 11 3 1 23 6 20 8 25 3 10 143 19 129 21 134 3 16 50 21 53 26 60 3 1 126 4 127 21 179 2 4 37 25 39 3 16 79 24 71 27 76 2 7 131 29 115
38 3 1 62 4 47 10 52 3 1 52 18 75 27 64 3 1 44 4 62 10 57 2 7 73 12 84 2 7 120 29 108 2 4 54 25 36 3 10 108 19 136 21 144 3 2 62 6 57 26 73 2 7 91 12 102 2 3 152 16 126 3 4 115 6 115 10 158 2 5 121 17 121 2 5 56 6 55 3 1 47 4 52 10 47 3 1 23 6 23 8 17 3 1 138 4 176 21 164 2 7 107 29 107 3 22 165 23 177 28 186 2 9 110 18 130 2 11 156 13 147 3 4 23 12 28 16 22 3 13 96 17 80 18 100 2 14 43 26 35 3 5 119 7 138 15 111 3 4 137 6 133 10 121 2 16 139 20 139 2 6 126 17 119 2 14 14 18 15 2 23 101 30 108 3 8 56 20 55 27 57 3 4 20 12 25 16 23 2 14 88 22 68 3 16 56 24 69 27 63 3 16 67 21 58 26 67 3 4 145 6 115 10 147 3 7 63 8 69 28 62 2 9 126 18 100 3 2 130 23 125 27 166
32 3 1 67 18 74 27 73 3 2 74 6 53 26 64 2 3 118 16 127 3 16 79 24 61 27 60 2 23 115 30 114 3 4 127 6 143 10 152 3 13 107 17 101 18 119 2 3 156 16 162 2 5 127 17 126 2 5 54 6 68 2 14 40 26 42 2 7 96 12 96 3 1 18 6 24 8 20 3 7 72 8 62 28 66 2 9 121 18 106 3 22 210 23 197 28 187 3 1 61 4 44 10 58 2 11 147 13 141 2 14 12 18 12 3 16 47 21 50 26 62 3 4 28 12 23 16 26 3 2 154 23 157 27 123 2 4 48 25 53 3 5 110 7 144 15 116 2 16 121 20 171 3 10 111 19 105 21 103 2 14 76 22 85 2 6 120 17 118 3 8 42 20 53 27 45 3 16 78 24 60 27 72 3 1 141 4 152 21 178 2 7 113 29 106
35 3 1 176 4 163 21 154 3 1 63 18 56 27 57 3 2 66 6 65 26 77 3 7 67 8 72 28 54 3 1 127 4 136 21 136 2 3 136 16 137 2 4 48 25 40 3 4 25 12 27 16 28 3 10 133 19 114 21 112 3 1 58 18 69 27 59 3 4 132 6 117 10 114 2 5 126 17 122 2 5 69 6 53 2 7 105 12 75 2 23 87 30 99 3 16 77 24 80 27 77 3 1 21 6 19 8 25 2 9 105 18 89 3 1 62 4 64 10 56 2 11 122 13 158 2 14 12 18 15 2 3 124 16 133 3 13 87 17 117 18 90 2 14 79 22 68 2 14 37 26 34 3 1 52 4 62 10 50 3 2 137 23 132 27 157 3 16 58 21 60 26 61 3 5 108 7 109 15 132 2 16 135 20 158 3 16 76 24 81 27 66 2 7 123 29 134 2 6 119 17 128 3 22 159 23 170 28 156 3 8 45 20 49 27 43
35 3 1 176 4 163 21 154 3 1 63 18 56 27 57 3 2 66 6 65 26 77 3 7 67 8 72 28 54 3 1 127 4 136 21 136 2 3 136 16 137 2 4 48 25 40 3 4 25 12 27 16 28 3 10 133 19 114 21 112 3 1 58 18 69 27 59 3 4 132 6 117 10 114 2 5 126 17 122 2 5 69 6 53 2 7 105 12 75 2 23 87 30 99 3 16 77 24 80 27 77 3 1 21 6 19 8 25 2 9 105 18 89 3 1 62 4 64 10 56 2 11 122 13 158 2 14 12 18 15 2 3 124 16 133 3 13 87 17 117 18 90 2 14 79 22 68 2 14 37 26 34 3 1 52 4 62 10 50 3 2 137 23 132 27 157 3 16 58 21 60 26 61 3 5 108 7 109 15 132 2 16 135 20 158 3 16 76 24 81 27 66 2 7 123 29 134 2 6 119 17 128 3 22 159 23 170 28 156 3 8 45 20 49 27 43
36 3 1 57 18 64 27 65 3 16 68 24 80 27 58 2 14 47 26 35 3 2 70 6 70 26 76 3 10 131 19 138 21 131 2 3 160 16 139 3 4 130 6 167 10 162 2 5 116 17 96 2 5 61 6 68 2 7 100 12 85 3 4 119 6 163 10 115 3 1 18 6 24 8 21 2 23 79 30 98 3 2 123 23 144 27 113 2 7 117 29 110 2 9 100 18 105 3 1 62 4 45 10 56 2 16 126 20 158 2 11 138 13 167 3 4 25 12 23 16 25 3 13 101 17 80 18 91 3 4 131 6 117 10 169 3 5 149 7 132 15 142 3 1 141 4 122 21 162 3 2 57 6 61 26 60 2 6 103 17 104 2 14 14 18 11 3 7 64 8 59 28 63 3 8 61 20 62 27 51 2 7 130 29 117 2 14 87 22 85 3 1 22 6 23 8 17 3 22 154 23 159 28 193 3 10 141 19 123 21 101 2 4 53 25 54 3 16 54 21 54 26 57
36 3 1 57 18 64 27 65 3 16 68 24 80 27 58 2 14 47 26 35 3 2 70 6 70 26 76 3 10 131 19 138 21 131 2 3 160 16 139 3 4 130 6 167 10 162 2 5 116 17 96 2 5 61 6 68 2 7 100 12 85 3 4 119 6 163 10 115 3 1 18 6 24 8 21 2 23 79 30 98 3 2 123 23 144 27 113 2 7 117 29 110 2 9 100 18 105 3 1 62 4 45 10 56 2 16 126 20 158 2 11 138 13 167 3 4 25 12 23 16 25 3 13 101 17 80 18 91 3 4 131 6 117 10 169 3 5 149 7 132 15 142 3 1 141 4 122 21 162 3 2 57 6 61 26 60 2 6 103 17 104 2 14 14 18 11 3 7 64 8 59 28 63 3 8 61 20 62 27 51 2 7 130 29 117 2 14 87 22 85 3 1 22 6 23 8 17 3 22 154 23 159 28 193 3 10 141 19 123 21 101 2 4 53 25 54 3 16 54 21 54 26 57
35 3 1 63 18 67 27 76 3 1 156 4 141 21 147 2 4 41 25 53 3 4 131 6 137 10 130 3 2 71 6 64 26 64 2 3 162 16 144 2 5 127 17 91 2 5 61 6 74 3 1 44 4 56 10 57 3 2 73 6 56 26 65 2 7 87 12 94 3 1 18 6 18 8 22 3 1 68 18 75 27 73 2 9 90 18 92 2 11 146 13 121 3 4 21 12 20 16 24 2 14 73 22 74 3 7 65 8 57 28 67 3 13 110 17 109 18 87 2 5 98 17 94 2 7 114 29 102 2 14 12 18 15 3 16 64 21 48 26 50 2 14 41 26 36 3 5 121 7 152 15 128 2 16 122 20 159 2 9 93 18 107 3 10 104 19 131 21 145 2 6 95 17 124 2 7 87 12 73 3 8 42 20 42 27 45 3 2 125 23 152 27 163 3 22 189 23 152 28 153 3 16 72 24 70 27 72 2 23 110 30 85
DUE_DATES: 5430 5430 5430 5208 5208 5208 5257 5257 5257 5321 5321 5077 5077 5460 5460 5460 5323 5323 5082 5082 5240 4646 5097 5097 4895 4895 5415 5079 5182 5182 5182 5057 5299 4830 4830 5062 4806 4806 5624 5624 5624 4709 4709 5599 4885 5134 5134 5410 5410 5025
WEIGHTS: 3 2 2 1 3 2 3 1 1 2 1 3 2 1 3 1 1 2 3 1 3 1 2 3 1 1 3 3 3 1 3 3 3 1 2 3 1 2 3 2 2 1 3 1 1 3 2 3 1 1
