50 30
32 2 1 186 10 181 2 6 91 8 67 4 10 55 11 58 19 60 21 53 3 4 123 19 155 29 140 2 14 53 19 52 3 6 52 13 59 24 42 3 2 138 5 99 15 136 2 2 52 18 50 3 10 188 11 154 21 184 3 3 142 6 104 10 149 3 7 113 19 98 30 118 3 9 185 11 154 27 161 3 4 4 10 4 24 3 2 7 39 25 29 3 4 163 19 160 29 133 2 2 158 11 149 2 7 35 25 39 3 12 155 21 136 27 133 2 8 137 13 123 2 17 167 30 160 2 15 120 25 128 2 6 56 18 51 2 15 166 16 218 3 1 69 17 65 20 71 3 8 42 22 51 25 56 3 19 202 22 178 30 206 3 2 172 10 192 23 182 3 23 34 24 36 26 31 3 19 33 22 26 26 27 3 23 70 27 67 30 69 2 1 5 28 5 2 25 16 29 21
38 2 1 211 10 210 2 2 42 18 58 2 6 89 8 75 2 1 164 10 145 3 3 129 6 126 10 114 2 6 80 8 75 3 4 117 19 114 29 117 3 2 112 5 96 15 119 2 2 41 18 54 3 6 62 13 50 24 47 3 1 65 17 59 20 71 2 1 209 10 148 3 9 176 11 179 27 179 3 7 108 19 117 30 86 3 4 4 10 3 24 4 2 2 149 11 193 3 12 134 21 120 27 154 2 8 112 13 143 2 14 62 19 65 2 15 141 25 137 2 15 148 16 210 2 17 177 30 223 3 8 49 22 56 25 50 2 2 45 18 43 4 10 63 11 55 19 56 21 44 3 10 165 11 203 21 145 2 6 49 18 56 3 19 216 22 207 30 224 3 2 109 5 130 15 116 3 23 38 24 31 26 31 3 2 174 10 131 23 182 2 7 32 25 38 3 23 33 24 35 26 36 2 1 5 28 7 3 19 35 22 28 26 33 3 7 97 19 117 30 92 3 23 84 27 82 30 65 2 25 19 29 21
44 2 1 146 10 154 2 2 49 18 40 3 3 125 6 140 10 150 2 2 56 18 41 3 10 161 11 203 21 179 3 3 126 6 125 10 124 3 4 150 19 121 29 128 2 7 36 25 42 3 3 113 6 147 10 149 2 15 107 25 132 2 8 109 13 141 3 2 109 5 133 15 105 3 6 62 13 49 24 47 3 10 166 11 164 21 181 3 7 110 19 98 30 83 2 6 83 8 83 2 1 5 28 6 3 9 144 11 174 27 159 2 8 106 13 117 3 4 4 10 4 24 4 2 2 210 11 157 3 12 163 21 127 27 170 4 10 49 11 62 19 48 21 51 3 6 43 13 49 24 47 2 6 44 18 51 3 6 51 13 59 24 51 3 8 51 22 49 25 39 2 14 67 19 66 3 8 54 22 40 25 50 3 2 175 10 166 23 132 2 15 200 16 183 3 4 3 10 4 24 4 2 17 167 30 161 3 7 85 19 94 30 100 3 1 62 17 68 20 63 3 9 195 11 181 27 136 3 23 36 24 41 26 30 3 9 153 11 194 27 148 3 19 31 22 30 26 26 3 23 41 24 39 26 38 3 23 83 27 68 30 87 2 25 20 29 17 3 4 128 19 160 29 136 3 19 167 22 184 30 209
32 2 1 155 10 212 2 6 67 8 74 4 10 52 11 62 19 59 21 62 3 4 165 19 160 29 119 2 14 51 19 61 3 6 47 13 48 24 43 3 2 136 5 127 15 123 2 2 45 18 56 3 10 143 11 162 21 158 3 3 111 6 141 10 113 3 7 97 19 108 30 122 3 9 194 11 156 27 143 3 4 3 10 4 24 3 2 7 32 25 31 3 4 148 19 135 29 119 2 2 176 11 194 2 7 41 25 36 3 12 116 21 149 27 145 2 8 103 13 119 2 17 213 30 205 2 15 122 25 104 2 6 56 18 41 2 15 173 16 215 3 1 68 17 68 20 64 3 8 49 22 57 25 50 3 19 200 22 214 30 177 3 2 138 10 157 23 195 3 23 43 24 38 26 40 3 19 36 22 26 26 31 3 23 74 27 71 30 63 2 1 4 28 5 2 25 17 29 15
33 3 19 223 22 206 30 208 2 1 193 10 190 2 17 186 30 217 2 2 55 18 55 3 3 135 6 138 10 111 3 4 126 19 112 29 162 2 25 20 29 15 4 10 53 11 58 19 46 21 43 2 7 40 25 36 3 2 115 5 111 15 131 3 6 46 13 48 24 47 3 23 66 27 83 30 71 3 7 101 19 102 30 115 2 25 17 29 18 2 6 72 8 78 3 9 153 11 144 27 153 3 2 184 10 153 23 158 2 6 49 18 49 3 4 3 10 4 24 3 2 2 185 11 183 3 12 168 21 117 27 170 2 8 102 13 139 2 14 62 19 48 2 15 100 25 110 2 15 148 16 154 3 23 35 24 42 26 38 3 1 69 17 52 20 67 3 10 200 11 203 21 152 3 8 55 22 52 25 50 3 4 114 19 130 29 132 3 19 30 22 36 26 30 3 2 172 10 156 23 159 2 1 6 28 5
34 3 7 87 19 104 30 103 3 8 48 22 51 25 53 3 7 99 19 93 30 114 2 6 73 8 97 2 7 39 25 28 2 1 153 10 146 2 15 116 25 114 2 2 50 18 45 3 19 207 22 185 30 216 3 3 149 6 115 10 118 3 7 98 19 118 30 88 3 4 153 19 137 29 143 3 12 169 21 116 27 137 3 2 111 5 134 15 95 3 10 152 11 194 21 200 2 1 6 28 5 3 3 151 6 140 10 140 2 14 54 19 63 3 19 25 22 27 26 28 3 23 34 24 32 26 35 2 8 138 13 133 3 6 56 13 52 24 44 2 2 155 11 185 3 9 144 11 162 27 151 2 15 135 25 126 3 4 4 10 3 24 3 2 15 194 16 162 2 17 167 30 170 3 1 55 17 64 20 71 2 6 54 18 46 4 10 50 11 54 19 44 21 59 2 25 16 29 19 3 2 179 10 161 23 154 3 23 77 27 66 30 60
34 3 19 163 22 204 30 219 2 1 192 10 211 2 2 55 18 46 3 3 106 6 141 10 110 3 4 127 19 139 29 119 3 2 122 5 134 15 110 3 4 153 19 127 29 125 3 6 52 13 53 24 57 3 7 98 19 99 30 116 2 15 199 16 190 2 6 74 8 83 3 2 189 10 157 23 147 3 9 131 11 191 27 151 2 7 30 25 37 3 4 4 10 3 24 3 2 1 204 10 216 2 2 165 11 212 2 15 219 16 151 3 12 152 21 149 27 128 2 6 75 8 88 2 8 139 13 116 2 14 63 19 71 2 15 106 25 106 3 19 35 22 33 26 25 2 17 190 30 158 3 8 43 22 55 25 46 2 25 21 29 14 2 6 57 18 51 4 10 61 11 43 19 53 21 61 3 23 86 27 60 30 78 3 1 61 17 62 20 74 3 10 164 11 151 21 173 3 23 44 24 33 26 45 2 1 6 28 6
32 2 1 200 10 180 2 6 96 8 72 4 10 51 11 59 19 47 21 53 3 4 161 19 129 29 158 2 14 65 19 64 3 6 50 13 61 24 59 3 2 105 5 120 15 112 2 2 48 18 40 3 10 192 11 170 21 149 3 3 111 6 119 10 130 3 7 96 19 94 30 101 3 9 139 11 167 27 145 3 4 4 10 4 24 4 2 7 37 25 29 3 4 125 19 133 29 124 2 2 202 11 193 2 7 29 25 42 3 12 162 21 167 27 147 2 8 123 13 105 2 17 178 30 185 2 15 112 25 126 2 6 57 18 59 2 15 156 16 190 3 1 60 17 73 20 76 3 8 39 22 54 25 47 3 19 182 22 167 30 227 3 2 155 10 193 23 187 3 23 43 24 35 26 44 3 19 33 22 28 26 30 3 23 78 27 88 30 65 2 1 5 28 5 2 25 16 29 16
32 2 1 200 10 180 2 6 96 8 72 4 10 51 11 59 19 47 21 53 3 4 161 19 129 29 158 2 14 65 19 64 3 6 50 13 61 24 59 3 2 105 5 120 15 112 2 2 48 18 40 3 10 192 11 170 21 149 3 3 111 6 119 10 130 3 7 96 19 94 30 101 3 9 139 11 167 27 145 3 4 4 10 4 24 4 2 7 37 25 29 3 4 125 19 133 29 124 2 2 202 11 193 2 7 29 25 42 3 12 162 21 167 27 147 2 8 123 13 105 2 17 178 30 185 2 15 112 25 126 2 6 57 18 59 2 15 156 16 190 3 1 60 17 73 20 76 3 8 39 22 54 25 47 3 19 182 22 167 30 227 3 2 155 10 193 23 187 3 23 43 24 35 26 44 3 19 33 22 28 26 30 3 23 78 27 88 30 65 2 1 5 28 5 2 25 16 29 16
34 3 19 182 22 205 30 215 2 1 181 10 214 2 2 53 18 57 3 3 128 6 151 10 113 3 4 133 19 115 29 165 3 2 108 5 130 15 106 3 4 115 19 131 29 125 3 6 53 13 46 24 43 3 7 107 19 97 30 121 2 15 149 16 201 2 6 75 8 87 3 2 153 10 193 23 168 3 9 185 11 182 27 155 2 7 40 25 31 3 4 3 10 3 24 3 2 1 172 10 176 2 2 191 11 157 2 15 156 16 206 3 12 149 21 125 27 145 2 6 87 8 87 2 8 137 13 97 2 14 69 19 52 2 15 119 25 140 3 19 36 22 27 26 32 2 17 211 30 190 3 8 52 22 49 25 42 2 25 14 29 18 2 6 61 18 47 4 10 44 11 57 19 64 21 64 3 23 73 27 67 30 78 3 1 62 17 52 20 60 3 10 167 11 169 21 198 3 23 34 24 42 26 38 2 1 6 28 6
36 2 1 193 10 196 2 14 60 19 71 2 2 52 18 54 2 7 37 25 32 2 25 19 29 19 2 14 67 19 66 2 15 209 16 156 3 4 3 10 4 24 3 3 3 115 6 123 10 118 3 4 154 19 139 29 130 3 2 111 5 136 15 130 3 6 44 13 52 24 55 2 15 221 16 195 3 9 170 11 182 27 151 4 10 49 11 58 19 64 21 62 3 7 110 19 118 30 120 2 6 70 8 99 2 2 181 11 199 3 12 157 21 125 27 173 2 2 180 11 215 2 8 102 13 132 3 19 27 22 27 26 30 2 15 110 25 126 3 3 149 6 115 10 127 2 17 173 30 165 2 6 54 18 58 3 10 181 11 137 21 143 3 2 189 10 152 23 137 3 1 65 17 65 20 61 3 8 48 22 41 25 48 4 10 58 11 58 19 59 21 63 3 23 44 24 35 26 41 2 1 5 28 6 3 23 68 27 62 30 76 3 19 32 22 27 26 33 3 19 191 22 176 30 164
32 2 1 185 10 204 2 6 74 8 88 4 10 53 11 47 19 57 21 56 3 4 157 19 143 29 162 2 14 68 19 59 3 6 58 13 62 24 55 3 2 105 5 130 15 113 2 2 55 18 51 3 10 178 11 156 21 173 3 3 111 6 144 10 141 3 7 103 19 111 30 115 3 9 141 11 191 27 161 3 4 4 10 4 24 3 2 7 39 25 37 3 4 141 19 123 29 113 2 2 151 11 148 2 7 32 25 29 3 12 158 21 155 27 166 2 8 124 13 134 2 17 173 30 226 2 15 136 25 111 2 6 54 18 45 2 15 182 16 148 3 1 52 17 75 20 66 3 8 44 22 46 25 47 3 19 159 22 226 30 229 3 2 146 10 141 23 132 3 23 31 24 35 26 41 3 19 32 22 33 26 29 3 23 82 27 80 30 73 2 1 6 28 6 2 25 17 29 21
32 2 1 185 10 204 2 6 74 8 88 4 10 53 11 47 19 57 21 56 3 4 157 19 143 29 162 2 14 68 19 59 3 6 58 13 62 24 55 3 2 105 5 130 15 113 2 2 55 18 51 3 10 178 11 156 21 173 3 3 111 6 144 10 141 3 7 103 19 111 30 115 3 9 141 11 191 27 161 3 4 4 10 4 24 3 2 7 39 25 37 3 4 141 19 123 29 113 2 2 151 11 148 2 7 32 25 29 3 12 158 21 155 27 166 2 8 124 13 134 2 17 173 30 226 2 15 136 25 111 2 6 54 18 45 2 15 182 16 148 3 1 52 17 75 20 66 3 8 44 22 46 25 47 3 19 159 22 226 30 229 3 2 146 10 141 23 132 3 23 31 24 35 26 41 3 19 32 22 33 26 29 3 23 82 27 80 30 73 2 1 6 28 6 2 25 17 29 21
35 2 1 160 10 149 2 2 49 18 59 3 3 113 6 124 10 125 3 4 128 19 131 29 129 3 3 153 6 116 10 131 3 2 108 5 124 15 102 3 3 121 6 119 10 120 3 6 43 13 50 24 60 3 7 108 19 114 30 122 2 6 99 8 89 3 9 159 11 138 27 159 3 12 124 21 120 27 121 3 4 4 10 3 24 4 2 2 182 11 148 2 8 109 13 141 2 14 54 19 55 3 8 42 22 54 25 46 2 6 57 18 58 2 17 203 30 218 2 15 103 25 125 2 15 190 16 201 4 10 51 11 58 19 57 21 55 3 1 59 17 73 20 54 3 19 177 22 226 30 224 2 2 57 18 42 3 2 133 10 154 23 178 3 23 43 24 42 26 42 3 10 166 11 186 21 176 3 19 33 22 37 26 26 3 2 163 10 176 23 131 2 7 31 25 31 3 23 32 24 44 26 42 3 23 87 27 86 30 77 2 1 5 28 5 2 25 14 29 15
35 2 1 160 10 149 2 2 49 18 59 3 3 113 6 124 10 125 3 4 128 19 131 29 129 3 3 153 6 116 10 131 3 2 108 5 124 15 102 3 3 121 6 119 10 120 3 6 43 13 50 24 60 3 7 108 19 114 30 122 2 6 99 8 89 3 9 159 11 138 27 159 3 12 124 21 120 27 121 3 4 4 10 3 24 4 2 2 182 11 148 2 8 109 13 141 2 14 54 19 55 3 8 42 22 54 25 46 2 6 57 18 58 2 17 203 30 218 2 15 103 25 125 2 15 190 16 201 4 10 51 11 58 19 57 21 55 3 1 59 17 73 20 54 3 19 177 22 226 30 224 2 2 57 18 42 3 2 133 10 154 23 178 3 23 43 24 42 26 42 3 10 166 11 186 21 176 3 19 33 22 37 26 26 3 2 163 10 176 23 131 2 7 31 25 31 3 23 32 24 44 26 42 3 23 87 27 86 30 77 2 1 5 28 5 2 25 14 29 15
37 2 1 179 10 158 2 2 44 18 58 3 3 129 6 148 10 111 2 2 44 18 52 3 23 80 27 69 30 69 2 1 215 10 165 3 4 155 19 125 29 125 3 4 4 10 3 24 4 2 1 177 10 198 3 2 118 5 103 15 136 3 19 33 22 34 26 36 3 6 45 13 62 24 50 2 15 127 25 121 2 8 129 13 123 3 7 93 19 84 30 88 3 10 172 11 140 21 163 3 2 133 10 164 23 159 3 9 137 11 175 27 149 3 2 146 10 153 23 182 2 25 17 29 18 3 19 179 22 211 30 171 2 1 5 28 5 2 6 42 18 56 4 10 60 11 62 19 58 21 56 2 6 93 8 83 3 12 160 21 139 27 136 2 1 166 10 206 2 17 173 30 219 2 2 210 11 217 2 15 126 25 97 3 23 32 24 39 26 42 2 14 58 19 59 2 1 161 10 198 2 15 187 16 167 3 1 56 17 68 20 60 2 7 41 25 41 3 8 39 22 40 25 47
37 2 1 179 10 158 2 2 44 18 58 3 3 129 6 148 10 111 2 2 44 18 52 3 23 80 27 69 30 69 2 1 215 10 165 3 4 155 19 125 29 125 3 4 4 10 3 24 4 2 1 177 10 198 3 2 118 5 103 15 136 3 19 33 22 34 26 36 3 6 45 13 62 24 50 2 15 127 25 121 2 8 129 13 123 3 7 93 19 84 30 88 3 10 172 11 140 21 163 3 2 133 10 164 23 159 3 9 137 11 175 27 149 3 2 146 10 153 23 182 2 25 17 29 18 3 19 179 22 211 30 171 2 1 5 28 5 2 6 42 18 56 4 10 60 11 62 19 58 21 56 2 6 93 8 83 3 12 160 21 139 27 136 2 1 166 10 206 2 17 173 30 219 2 2 210 11 217 2 15 126 25 97 3 23 32 24 39 26 42 2 14 58 19 59 2 1 161 10 198 2 15 187 16 167 3 1 56 17 68 20 60 2 7 41 25 41 3 8 39 22 40 25 47
37 2 8 112 13 114 2 1 154 10 168 2 2 52 18 43 2 8 117 13 133 2 2 208 11 215 2 1 149 10 171 2 7 38 25 41 3 3 105 6 133 10 126 2 2 59 18 45 3 6 49 13 42 24 45 2 2 183 11 185 3 4 149 19 151 29 161 3 23 76 27 82 30 73 3 2 94 5 130 15 107 2 14 58 19 69 3 7 115 19 106 30 92 3 23 67 27 68 30 68 2 6 68 8 89 3 9 139 11 131 27 189 3 12 170 21 150 27 132 3 4 3 10 4 24 3 2 15 102 25 137 3 4 143 19 124 29 144 2 15 171 16 176 2 17 159 30 156 2 8 142 13 121 3 1 75 17 74 20 52 2 6 53 18 44 3 23 45 24 42 26 39 4 10 60 11 52 19 64 21 59 3 10 183 11 187 21 189 2 25 16 29 17 3 19 31 22 25 26 36 3 8 40 22 43 25 40 3 2 189 10 136 23 145 3 19 201 22 205 30 172 2 1 6 28 6
32 2 1 149 10 205 2 6 76 8 69 4 10 54 11 55 19 64 21 62 3 4 155 19 128 29 128 2 14 63 19 55 3 6 50 13 49 24 55 3 2 139 5 125 15 106 2 2 42 18 45 3 10 171 11 197 21 145 3 3 111 6 154 10 150 3 7 85 19 112 30 101 3 9 150 11 141 27 184 3 4 3 10 3 24 4 2 7 30 25 39 3 4 163 19 145 29 117 2 2 200 11 169 2 7 39 25 34 3 12 156 21 131 27 134 2 8 124 13 116 2 17 215 30 219 2 15 119 25 135 2 6 55 18 61 2 15 187 16 159 3 1 52 17 54 20 74 3 8 43 22 40 25 47 3 19 224 22 154 30 186 3 2 190 10 154 23 134 3 23 31 24 31 26 35 3 19 27 22 29 26 35 3 23 76 27 86 30 62 2 1 5 28 5 2 25 19 29 16
32 2 1 149 10 205 2 6 76 8 69 4 10 54 11 55 19 64 21 62 3 4 155 19 128 29 128 2 14 63 19 55 3 6 50 13 49 24 55 3 2 139 5 125 15 106 2 2 42 18 45 3 10 171 11 197 21 145 3 3 111 6 154 10 150 3 7 85 19 112 30 101 3 9 150 11 141 27 184 3 4 3 10 3 24 4 2 7 30 25 39 3 4 163 19 145 29 117 2 2 200 11 169 2 7 39 25 34 3 12 156 21 131 27 134 2 8 124 13 116 2 17 215 30 219 2 15 119 25 135 2 6 55 18 61 2 15 187 16 159 3 1 52 17 54 20 74 3 8 43 22 40 25 47 3 19 224 22 154 30 186 3 2 190 10 154 23 134 3 23 31 24 31 26 35 3 19 27 22 29 26 35 3 23 76 27 86 30 62 2 1 5 28 5 2 25 19 29 16
32 2 1 149 10 205 2 6 76 8 69 4 10 54 11 55 19 64 21 62 3 4 155 19 128 29 128 2 14 63 19 55 3 6 50 13 49 24 55 3 2 139 5 125 15 106 2 2 42 18 45 3 10 171 11 197 21 145 3 3 111 6 154 10 150 3 7 85 19 112 30 101 3 9 150 11 141 27 184 3 4 3 10 3 24 4 2 7 30 25 39 3 4 163 19 145 29 117 2 2 200 11 169 2 7 39 25 34 3 12 156 21 131 27 134 2 8 124 13 116 2 17 215 30 219 2 15 119 25 135 2 6 55 18 61 2 15 187 16 159 3 1 52 17 54 20 74 3 8 43 22 40 25 47 3 19 224 22 154 30 186 3 2 190 10 154 23 134 3 23 31 24 31 26 35 3 19 27 22 29 26 35 3 23 76 27 86 30 62 2 1 5 28 5 2 25 19 29 16
40 2 15 191 16 171 2 1 216 10 164 2 2 47 18 46 3 4 3 10 3 24 4 2 1 201 10 152 3 3 142 6 138 10 130 2 15 179 16 190 3 4 156 19 120 29 135 2 1 163 10 203 3 19 224 22 212 30 157 3 2 107 5 113 15 135 3 6 52 13 55 24 56 3 7 86 19 114 30 106 2 2 47 18 40 2 14 51 19 56 2 6 79 8 69 3 9 154 11 173 27 133 2 6 96 8 77 2 2 194 11 205 3 2 123 5 123 15 102 3 23 45 24 31 26 39 2 15 120 25 131 2 17 178 30 222 2 7 39 25 38 3 6 51 13 53 24 60 3 12 153 21 137 27 121 3 4 4 10 3 24 3 2 8 126 13 101 2 6 50 18 45 3 12 156 21 127 27 126 3 8 45 22 45 25 45 3 23 73 27 67 30 80 3 3 130 6 131 10 148 4 10 51 11 43 19 56 21 48 3 2 196 10 153 23 176 3 1 59 17 74 20 57 3 10 199 11 162 21 204 3 19 25 22 31 26 34 2 1 4 28 6 2 25 16 29 20
35 2 1 202 10 205 2 2 56 18 59 3 3 116 6 140 10 106 3 4 120 19 165 29 130 3 3 144 6 129 10 144 3 2 137 5 97 15 114 3 3 142 6 140 10 123 3 6 51 13 47 24 59 3 7 83 19 117 30 116 2 6 68 8 94 3 9 186 11 152 27 154 3 12 153 21 129 27 150 3 4 4 10 4 24 4 2 2 150 11 170 2 8 143 13 98 2 14 53 19 56 3 8 43 22 50 25 44 2 6 47 18 46 2 17 197 30 223 2 15 132 25 99 2 15 169 16 184 4 10 58 11 62 19 47 21 57 3 1 66 17 72 20 73 3 19 189 22 195 30 194 2 2 51 18 58 3 2 140 10 141 23 189 3 23 45 24 43 26 32 3 10 168 11 156 21 189 3 19 32 22 31 26 31 3 2 195 10 182 23 154 2 7 38 25 40 3 23 31 24 42 26 38 3 23 86 27 75 30 80 2 1 6 28 4 2 25 21 29 18
35 2 1 202 10 205 2 2 56 18 59 3 3 116 6 140 10 106 3 4 120 19 165 29 130 3 3 144 6 129 10 144 3 2 137 5 97 15 114 3 3 142 6 140 10 123 3 6 51 13 47 24 59 3 7 83 19 117 30 116 2 6 68 8 94 3 9 186 11 152 27 154 3 12 153 21 129 27 150 3 4 4 10 4 24 4 2 2 150 11 170 2 8 143 13 98 2 14 53 19 56 3 8 43 22 50 25 44 2 6 47 18 46 2 17 197 30 223 2 15 132 25 99 2 15 169 16 184 4 10 58 11 62 19 47 21 57 3 1 66 17 72 20 73 3 19 189 22 195 30 194 2 2 51 18 58 3 2 140 10 141 23 189 3 23 45 24 43 26 32 3 10 168 11 156 21 189 3 19 32 22 31 26 31 3 2 195 10 182 23 154 2 7 38 25 40 3 23 31 24 42 26 38 3 23 86 27 75 30 80 2 1 6 28 4 2 25 21 29 18
35 2 1 202 10 205 2 2 56 18 59 3 3 116 6 140 10 106 3 4 120 19 165 29 130 3 3 144 6 129 10 144 3 2 137 5 97 15 114 3 3 142 6 140 10 123 3 6 51 13 47 24 59 3 7 83 19 117 30 116 2 6 68 8 94 3 9 186 11 152 27 154 3 12 153 21 129 27 150 3 4 4 10 4 24 4 2 2 150 11 170 2 8 143 13 98 2 14 53 19 56 3 8 43 22 50 25 44 2 6 47 18 46 2 17 197 30 223 2 15 132 25 99 2 15 169 16 184 4 10 58 11 62 19 47 21 57 3 1 66 17 72 20 73 3 19 189 22 195 30 194 2 2 51 18 58 3 2 140 10 141 23 189 3 23 45 24 43 26 32 3 10 168 11 156 21 189 3 19 32 22 31 26 31 3 2 195 10 182 23 154 2 7 38 25 40 3 23 31 24 42 26 38 3 23 86 27 75 30 80 2 1 6 28 4 2 25 21 29 18
41 4 10 43 11 59 19 55 21 54 2 1 156 10 152 4 10 52 11 60 19 43 21 51 2 2 57 18 56 3 3 152 6 143 10 124 4 10 49 11 64 19 43 21 62 2 25 21 29 20 2 6 49 18 48 3 3 135 6 123 10 132 3 4 114 19 153 29 141 2 25 21 29 19 3 2 123 5 119 15 100 3 6 46 13 41 24 56 3 7 95 19 91 30 88 2 6 68 8 85 3 4 159 19 153 29 158 3 1 73 17 52 20 66 3 9 177 11 192 27 190 2 7 42 25 31 2 25 20 29 16 3 23 43 24 37 26 44 2 2 51 18 52 3 4 3 10 3 24 4 2 1 5 28 6 2 2 172 11 180 3 12 164 21 159 27 127 2 15 114 25 105 2 8 103 13 141 2 14 54 19 69 2 15 199 16 189 2 2 45 18 42 2 17 202 30 187 3 10 190 11 141 21 157 2 2 150 11 201 3 19 36 22 26 26 26 3 2 149 10 153 23 157 3 9 174 11 133 27 162 3 8 39 22 42 25 55 2 15 206 16 200 3 23 84 27 75 30 77 3 19 213 22 206 30 221
39 2 1 160 10 216 2 6 74 8 69 2 2 47 18 54 2 6 92 8 91 3 3 135 6 126 10 109 2 2 57 18 50 3 4 156 19 137 29 133 3 2 102 5 124 15 112 3 1 55 17 69 20 76 3 9 145 11 135 27 189 3 12 144 21 172 27 145 2 17 168 30 194 3 1 67 17 77 20 75 3 6 49 13 55 24 59 3 7 120 19 122 30 118 3 1 71 17 75 20 72 3 4 4 10 3 24 4 3 10 160 11 137 21 145 2 2 170 11 187 3 3 120 6 126 10 106 2 8 113 13 111 3 19 192 22 200 30 216 2 15 107 25 130 3 6 60 13 53 24 60 2 14 69 19 49 2 7 32 25 34 3 23 70 27 69 30 76 2 15 215 16 219 3 2 189 10 140 23 166 4 10 51 11 44 19 50 21 49 2 7 41 25 30 2 1 5 28 5 3 8 47 22 55 25 47 3 1 76 17 65 20 75 3 19 28 22 33 26 35 2 6 59 18 47 3 6 59 13 60 24 49 3 23 36 24 38 26 36 2 25 20 29 17
39 2 1 160 10 216 2 6 74 8 69 2 2 47 18 54 2 6 92 8 91 3 3 135 6 126 10 109 2 2 57 18 50 3 4 156 19 137 29 133 3 2 102 5 124 15 112 3 1 55 17 69 20 76 3 9 145 11 135 27 189 3 12 144 21 172 27 145 2 17 168 30 194 3 1 67 17 77 20 75 3 6 49 13 55 24 59 3 7 120 19 122 30 118 3 1 71 17 75 20 72 3 4 4 10 3 24 4 3 10 160 11 137 21 145 2 2 170 11 187 3 3 120 6 126 10 106 2 8 113 13 111 3 19 192 22 200 30 216 2 15 107 25 130 3 6 60 13 53 24 60 2 14 69 19 49 2 7 32 25 34 3 23 70 27 69 30 76 2 15 215 16 219 3 2 189 10 140 23 166 4 10 51 11 44 19 50 21 49 2 7 41 25 30 2 1 5 28 5 3 8 47 22 55 25 47 3 1 76 17 65 20 75 3 19 28 22 33 26 35 2 6 59 18 47 3 6 59 13 60 24 49 3 23 36 24 38 26 36 2 25 20 29 17
41 4 10 59 11 43 19 50 21 51 2 1 185 10 210 4 10 44 11 52 19 54 21 52 2 2 43 18 54 3 3 111 6 148 10 141 4 10 53 11 58 19 43 21 49 2 25 15 29 18 2 6 49 18 57 3 3 134 6 148 10 120 3 4 141 19 128 29 151 2 25 19 29 16 3 2 115 5 97 15 107 3 6 59 13 59 24 52 3 7 88 19 116 30 107 2 6 82 8 96 3 4 159 19 136 29 118 3 1 72 17 55 20 68 3 9 171 11 144 27 168 2 7 30 25 40 2 25 16 29 16 3 23 43 24 33 26 31 2 2 57 18 51 3 4 3 10 4 24 4 2 1 7 28 6 2 2 191 11 197 3 12 122 21 119 27 155 2 15 129 25 118 2 8 111 13 111 2 14 48 19 50 2 15 172 16 189 2 2 50 18 59 2 17 178 30 192 3 10 168 11 185 21 145 2 2 175 11 155 3 19 34 22 36 26 27 3 2 162 10 167 23 167 3 9 175 11 131 27 162 3 8 53 22 43 25 42 2 15 187 16 209 3 23 84 27 87 30 61 3 19 162 22 158 30 220
34 3 19 226 22 191 30 220 2 1 200 10 207 2 2 53 18 59 3 3 153 6 114 10 153 3 4 111 19 121 29 118 3 2 94 5 140 15 116 3 4 159 19 135 29 117 3 6 53 13 48 24 52 3 7 96 19 103 30 111 2 15 217 16 216 2 6 95 8 70 3 2 176 10 162 23 192 3 9 181 11 152 27 157 2 7 36 25 36 3 4 3 10 3 24 4 2 1 169 10 189 2 2 203 11 207 2 15 208 16 180 3 12 168 21 168 27 124 2 6 81 8 76 2 8 99 13 119 2 14 52 19 67 2 15 109 25 113 3 19 27 22 35 26 26 2 17 197 30 225 3 8 39 22 45 25 40 2 25 20 29 18 2 6 53 18 47 4 10 61 11 60 19 59 21 49 3 23 86 27 75 30 87 3 1 77 17 57 20 54 3 10 157 11 176 21 137 3 23 44 24 39 26 37 2 1 6 28 6
34 3 19 226 22 191 30 220 2 1 200 10 207 2 2 53 18 59 3 3 153 6 114 10 153 3 4 111 19 121 29 118 3 2 94 5 140 15 116 3 4 159 19 135 29 117 3 6 53 13 48 24 52 3 7 96 19 103 30 111 2 15 217 16 216 2 6 95 8 70 3 2 176 10 162 23 192 3 9 181 11 152 27 157 2 7 36 25 36 3 4 3 10 3 24 4 2 1 169 10 189 2 2 203 11 207 2 15 208 16 180 3 12 168 21 168 27 124 2 6 81 8 76 2 8 99 13 119 2 14 52 19 67 2 15 109 25 113 3 19 27 22 35 26 26 2 17 197 30 225 3 8 39 22 45 25 40 2 25 20 29 18 2 6 53 18 47 4 10 61 11 60 19 59 21 49 3 23 86 27 75 30 87 3 1 77 17 57 20 54 3 10 157 11 176 21 137 3 23 44 24 39 26 37 2 1 6 28 6
37 2 15 105 25 122 2 1 179 10 204 2 2 49 18 49 3 3 123 6 126 10 119 2 1 184 10 172 2 14 57 19 51 2 15 204 16 197 3 4 164 19 150 29 149 2 6 80 8 92 3 2 108 5 136 15 122 2 14 59 19 50 3 6 47 13 49 24 42 2 15 161 16 156 3 7 121 19 86 30 116 2 15 221 16 198 3 9 138 11 172 27 181 3 4 3 10 3 24 4 3 19 34 22 36 26 32 2 2 171 11 156 2 1 204 10 188 3 12 144 21 151 27 126 3 19 30 22 27 26 30 2 8 138 13 104 2 17 202 30 220 2 6 50 18 43 3 2 186 10 155 23 133 3 8 50 22 54 25 41 2 25 19 29 15 4 10 51 11 58 19 58 21 62 3 1 56 17 74 20 52 3 10 183 11 191 21 162 2 7 33 25 30 3 23 38 24 41 26 36 3 19 27 22 34 26 34 3 23 79 27 62 30 61 2 1 6 28 5 3 19 165 22 184 30 159
44 2 1 177 10 195 2 2 51 18 45 3 3 133 6 106 10 115 2 2 53 18 52 3 10 186 11 203 21 201 3 3 143 6 137 10 132 3 4 119 19 139 29 137 2 7 36 25 35 3 3 123 6 143 10 148 2 15 96 25 122 2 8 109 13 106 3 2 135 5 119 15 96 3 6 62 13 52 24 43 3 10 194 11 186 21 184 3 7 91 19 104 30 110 2 6 95 8 70 2 1 6 28 6 3 9 148 11 136 27 165 2 8 99 13 125 3 4 4 10 4 24 4 2 2 214 11 167 3 12 142 21 162 27 160 4 10 62 11 63 19 43 21 56 3 6 47 13 55 24 57 2 6 57 18 61 3 6 55 13 61 24 42 3 8 57 22 56 25 57 2 14 62 19 50 3 8 39 22 45 25 44 3 2 192 10 147 23 132 2 15 221 16 214 3 4 3 10 4 24 3 2 17 218 30 170 3 7 86 19 85 30 93 3 1 71 17 72 20 73 3 9 147 11 130 27 131 3 23 43 24 33 26 31 3 9 159 11 169 27 137 3 19 35 22 35 26 25 3 23 32 24 36 26 35 3 23 69 27 75 30 82 2 25 15 29 16 3 4 127 19 160 29 136 3 19 200 22 177 30 197
44 2 1 177 10 195 2 2 51 18 45 3 3 133 6 106 10 115 2 2 53 18 52 3 10 186 11 203 21 201 3 3 143 6 137 10 132 3 4 119 19 139 29 137 2 7 36 25 35 3 3 123 6 143 10 148 2 15 96 25 122 2 8 109 13 106 3 2 135 5 119 15 96 3 6 62 13 52 24 43 3 10 194 11 186 21 184 3 7 91 19 104 30 110 2 6 95 8 70 2 1 6 28 6 3 9 148 11 136 27 165 2 8 99 13 125 3 4 4 10 4 24 4 2 2 214 11 167 3 12 142 21 162 27 160 4 10 62 11 63 19 43 21 56 3 6 47 13 55 24 57 2 6 57 18 61 3 6 55 13 61 24 42 3 8 57 22 56 25 57 2 14 62 19 50 3 8 39 22 45 25 44 3 2 192 10 147 23 132 2 15 221 16 214 3 4 3 10 4 24 3 2 17 218 30 170 3 7 86 19 85 30 93 3 1 71 17 72 20 73 3 9 147 11 130 27 131 3 23 43 24 33 26 31 3 9 159 11 169 27 137 3 19 35 22 35 26 25 3 23 32 24 36 26 35 3 23 69 27 75 30 82 2 25 15 29 16 3 4 127 19 160 29 136 3 19 200 22 177 30 197
37 2 1 190 10 181 2 2 40 18 58 3 3 131 6 122 10 118 2 2 43 18 45 3 23 69 27 61 30 77 2 1 163 10 155 3 4 159 19 146 29 116 3 4 3 10 3 24 4 2 1 178 10 183 3 2 138 5 103 15 136 3 19 34 22 30 26 25 3 6 48 13 61 24 50 2 15 106 25 109 2 8 119 13 96 3 7 117 19 103 30 101 3 10 154 11 166 21 178 3 2 133 10 182 23 142 3 9 194 11 180 27 155 3 2 189 10 190 23 165 2 25 19 29 19 3 19 213 22 168 30 231 2 1 5 28 5 2 6 42 18 52 4 10 53 11 45 19 62 21 52 2 6 86 8 93 3 12 123 21 164 27 121 2 1 181 10 154 2 17 187 30 225 2 2 163 11 163 2 15 126 25 126 3 23 39 24 38 26 38 2 14 58 19 55 2 1 171 10 172 2 15 162 16 152 3 1 65 17 71 20 64 2 7 36 25 31 3 8 46 22 48 25 48
33 2 1 196 10 149 4 10 47 11 52 19 51 21 50 2 2 40 18 49 3 3 145 6 119 10 155 3 4 138 19 163 29 156 2 2 47 18 53 2 2 202 11 170 2 1 4 28 4 3 2 128 5 101 15 127 3 6 50 13 60 24 54 2 7 32 25 35 3 7 112 19 116 30 104 2 15 157 16 161 2 6 70 8 88 3 9 144 11 162 27 142 2 14 60 19 61 3 4 4 10 3 24 4 3 10 182 11 180 21 192 3 19 29 22 31 26 25 3 12 132 21 155 27 163 2 17 222 30 163 3 2 193 10 140 23 146 3 23 88 27 78 30 73 3 2 168 10 185 23 192 2 8 123 13 115 2 15 102 25 106 3 12 128 21 142 27 172 3 19 214 22 198 30 203 2 6 47 18 53 3 8 46 22 39 25 39 3 1 77 17 58 20 52 3 23 34 24 34 26 32 2 25 18 29 18
40 2 15 148 16 193 2 1 182 10 185 2 2 47 18 45 3 4 3 10 3 24 4 2 1 173 10 190 3 3 106 6 120 10 131 2 15 219 16 193 3 4 126 19 148 29 155 2 1 199 10 200 3 19 194 22 197 30 159 3 2 101 5 101 15 124 3 6 60 13 59 24 53 3 7 93 19 111 30 115 2 2 56 18 51 2 14 50 19 52 2 6 86 8 93 3 9 174 11 162 27 179 2 6 92 8 98 2 2 220 11 205 3 2 96 5 109 15 104 3 23 30 24 45 26 32 2 15 102 25 117 2 17 188 30 171 2 7 33 25 35 3 6 57 13 45 24 56 3 12 154 21 155 27 151 3 4 4 10 4 24 3 2 8 134 13 133 2 6 53 18 42 3 12 137 21 168 27 171 3 8 42 22 46 25 49 3 23 72 27 65 30 73 3 3 155 6 114 10 114 4 10 54 11 64 19 45 21 58 3 2 145 10 138 23 139 3 1 68 17 54 20 66 3 10 178 11 139 21 175 3 19 34 22 31 26 26 2 1 7 28 5 2 25 20 29 18
40 2 15 148 16 193 2 1 182 10 185 2 2 47 18 45 3 4 3 10 3 24 4 2 1 173 10 190 3 3 106 6 120 10 131 2 15 219 16 193 3 4 126 19 148 29 155 2 1 199 10 200 3 19 194 22 197 30 159 3 2 101 5 101 15 124 3 6 60 13 59 24 53 3 7 93 19 111 30 115 2 2 56 18 51 2 14 50 19 52 2 6 86 8 93 3 9 174 11 162 27 179 2 6 92 8 98 2 2 220 11 205 3 2 96 5 109 15 104 3 23 30 24 45 26 32 2 15 102 25 117 2 17 188 30 171 2 7 33 25 35 3 6 57 13 45 24 56 3 12 154 21 155 27 151 3 4 4 10 4 24 3 2 8 134 13 133 2 6 53 18 42 3 12 137 21 168 27 171 3 8 42 22 46 25 49 3 23 72 27 65 30 73 3 3 155 6 114 10 114 4 10 54 11 64 19 45 21 58 3 2 145 10 138 23 139 3 1 68 17 54 20 66 3 10 178 11 139 21 175 3 19 34 22 31 26 26 2 1 7 28 5 2 25 20 29 18
37 2 1 187 10 183 2 2 55 18 49 3 3 149 6 122 10 140 2 2 54 18 54 3 23 61 27 63 30 78 2 1 212 10 189 3 4 133 19 142 29 132 3 4 3 10 4 24 4 2 1 178 10 178 3 2 130 5 123 15 111 3 19 25 22 36 26 33 3 6 48 13 46 24 61 2 15 101 25 115 2 8 100 13 112 3 7 122 19 90 30 120 3 10 155 11 165 21 166 3 2 138 10 184 23 147 3 9 140 11 192 27 153 3 2 174 10 131 23 156 2 25 17 29 19 3 19 181 22 226 30 165 2 1 5 28 4 2 6 56 18 54 4 10 61 11 63 19 57 21 44 2 6 94 8 95 3 12 150 21 166 27 151 2 1 173 10 151 2 17 176 30 220 2 2 149 11 217 2 15 122 25 128 3 23 44 24 40 26 34 2 14 61 19 51 2 1 205 10 184 2 15 159 16 203 3 1 66 17 62 20 70 2 7 41 25 39 3 8 53 22 54 25 52
37 2 8 140 13 128 2 1 155 10 196 2 2 42 18 58 2 8 122 13 127 2 2 179 11 158 2 1 151 10 156 2 7 42 25 37 3 3 113 6 143 10 105 2 2 40 18 51 3 6 50 13 54 24 56 2 2 182 11 163 3 4 162 19 142 29 113 3 23 74 27 77 30 79 3 2 125 5 137 15 134 2 14 49 19 67 3 7 96 19 108 30 86 3 23 85 27 73 30 87 2 6 85 8 67 3 9 138 11 183 27 150 3 12 149 21 135 27 138 3 4 3 10 3 24 4 2 15 98 25 114 3 4 115 19 166 29 123 2 15 205 16 203 2 17 171 30 191 2 8 136 13 104 3 1 72 17 58 20 63 2 6 56 18 51 3 23 37 24 38 26 40 4 10 56 11 44 19 54 21 44 3 10 159 11 200 21 179 2 25 18 29 19 3 19 29 22 27 26 25 3 8 47 22 39 25 50 3 2 138 10 138 23 187 3 19 206 22 160 30 157 2 1 5 28 5
37 2 8 129 13 138 2 1 207 10 199 2 2 48 18 40 2 8 117 13 121 2 2 173 11 187 2 1 213 10 169 2 7 29 25 37 3 3 141 6 130 10 127 2 2 56 18 54 3 6 55 13 58 24 44 2 2 162 11 216 3 4 144 19 117 29 162 3 23 82 27 80 30 78 3 2 112 5 133 15 135 2 14 54 19 55 3 7 99 19 100 30 94 3 23 69 27 81 30 68 2 6 99 8 93 3 9 133 11 195 27 163 3 12 138 21 122 27 143 3 4 3 10 4 24 3 2 15 131 25 120 3 4 113 19 137 29 166 2 15 170 16 173 2 17 153 30 194 2 8 114 13 120 3 1 56 17 54 20 62 2 6 58 18 61 3 23 32 24 42 26 42 4 10 45 11 62 19 64 21 52 3 10 199 11 171 21 167 2 25 21 29 14 3 19 36 22 25 26 30 3 8 56 22 50 25 56 3 2 175 10 190 23 164 3 19 228 22 189 30 224 2 1 5 28 6
38 2 1 147 10 195 2 2 53 18 57 2 6 96 8 82 2 1 176 10 209 3 3 131 6 136 10 138 2 6 68 8 83 3 4 136 19 160 29 143 3 2 97 5 100 15 127 2 2 45 18 53 3 6 57 13 43 24 44 3 1 67 17 61 20 71 2 1 192 10 160 3 9 146 11 194 27 156 3 7 106 19 121 30 88 3 4 3 10 4 24 4 2 2 213 11 197 3 12 148 21 154 27 117 2 8 138 13 119 2 14 71 19 67 2 15 98 25 140 2 15 203 16 171 2 17 188 30 219 3 8 50 22 50 25 51 2 2 59 18 58 4 10 43 11 53 19 48 21 61 3 10 141 11 150 21 187 2 6 42 18 45 3 19 187 22 203 30 219 3 2 104 5 138 15 118 3 23 38 24 37 26 39 3 2 147 10 177 23 191 2 7 39 25 40 3 23 38 24 30 26 35 2 1 5 28 6 3 19 29 22 36 26 31 3 7 86 19 88 30 113 3 23 71 27 59 30 83 2 25 18 29 19
38 2 1 147 10 195 2 2 53 18 57 2 6 96 8 82 2 1 176 10 209 3 3 131 6 136 10 138 2 6 68 8 83 3 4 136 19 160 29 143 3 2 97 5 100 15 127 2 2 45 18 53 3 6 57 13 43 24 44 3 1 67 17 61 20 71 2 1 192 10 160 3 9 146 11 194 27 156 3 7 106 19 121 30 88 3 4 3 10 4 24 4 2 2 213 11 197 3 12 148 21 154 27 117 2 8 138 13 119 2 14 71 19 67 2 15 98 25 140 2 15 203 16 171 2 17 188 30 219 3 8 50 22 50 25 51 2 2 59 18 58 4 10 43 11 53 19 48 21 61 3 10 141 11 150 21 187 2 6 42 18 45 3 19 187 22 203 30 219 3 2 104 5 138 15 118 3 23 38 24 37 26 39 3 2 147 10 177 23 191 2 7 39 25 40 3 23 38 24 30 26 35 2 1 5 28 6 3 19 29 22 36 26 31 3 7 86 19 88 30 113 3 23 71 27 59 30 83 2 25 18 29 19
32 2 1 204 10 178 2 6 93 8 87 4 10 63 11 48 19 56 21 64 3 4 143 19 138 29 142 2 14 58 19 59 3 6 53 13 60 24 51 3 2 135 5 95 15 136 2 2 44 18 49 3 10 202 11 170 21 144 3 3 146 6 143 10 119 3 7 89 19 100 30 93 3 9 185 11 167 27 144 3 4 3 10 3 24 3 2 7 34 25 31 3 4 111 19 163 29 165 2 2 209 11 171 2 7 40 25 30 3 12 157 21 125 27 143 2 8 130 13 99 2 17 204 30 207 2 15 140 25 118 2 6 43 18 59 2 15 206 16 180 3 1 56 17 71 20 77 3 8 42 22 46 25 53 3 19 199 22 161 30 224 3 2 191 10 149 23 169 3 23 45 24 34 26 33 3 19 34 22 29 26 28 3 23 85 27 69 30 66 2 1 5 28 6 2 25 15 29 21
34 2 1 159 10 149 2 1 6 28 5 2 2 46 18 43 3 2 141 10 137 23 168 3 3 110 6 155 10 128 3 4 163 19 153 29 118 3 4 3 10 4 24 4 3 2 118 5 110 15 117 3 6 42 13 44 24 50 3 7 111 19 87 30 88 2 2 43 18 43 2 6 94 8 99 4 10 47 11 54 19 57 21 56 3 9 177 11 183 27 140 2 2 150 11 204 3 12 173 21 139 27 151 2 8 123 13 123 2 2 175 11 166 2 7 36 25 37 2 15 101 25 96 2 17 190 30 163 3 23 73 27 86 30 84 2 14 55 19 64 2 17 227 30 166 2 15 198 16 174 2 25 16 29 20 2 6 47 18 43 3 1 72 17 53 20 52 3 10 141 11 193 21 202 3 8 46 22 43 25 44 3 23 32 24 34 26 35 3 19 34 22 30 26 30 3 2 177 10 187 23 194 3 19 192 22 225 30 180
34 2 1 159 10 149 2 1 6 28 5 2 2 46 18 43 3 2 141 10 137 23 168 3 3 110 6 155 10 128 3 4 163 19 153 29 118 3 4 3 10 4 24 4 3 2 118 5 110 15 117 3 6 42 13 44 24 50 3 7 111 19 87 30 88 2 2 43 18 43 2 6 94 8 99 4 10 47 11 54 19 57 21 56 3 9 177 11 183 27 140 2 2 150 11 204 3 12 173 21 139 27 151 2 8 123 13 123 2 2 175 11 166 2 7 36 25 37 2 15 101 25 96 2 17 190 30 163 3 23 73 27 86 30 84 2 14 55 19 64 2 17 227 30 166 2 15 198 16 174 2 25 16 29 20 2 6 47 18 43 3 1 72 17 53 20 52 3 10 141 11 193 21 202 3 8 46 22 43 25 44 3 23 32 24 34 26 35 3 19 34 22 30 26 30 3 2 177 10 187 23 194 3 19 192 22 225 30 180
34 2 1 159 10 149 2 1 6 28 5 2 2 46 18 43 3 2 141 10 137 23 168 3 3 110 6 155 10 128 3 4 163 19 153 29 118 3 4 3 10 4 24 4 3 2 118 5 110 15 117 3 6 42 13 44 24 50 3 7 111 19 87 30 88 2 2 43 18 43 2 6 94 8 99 4 10 47 11 54 19 57 21 56 3 9 177 11 183 27 140 2 2 150 11 204 3 12 173 21 139 27 151 2 8 123 13 123 2 2 175 11 166 2 7 36 25 37 2 15 101 25 96 2 17 190 30 163 3 23 73 27 86 30 84 2 14 55 19 64 2 17 227 30 166 2 15 198 16 174 2 25 16 29 20 2 6 47 18 43 3 1 72 17 53 20 52 3 10 141 11 193 21 202 3 8 46 22 43 25 44 3 23 32 24 34 26 35 3 19 34 22 30 26 30 3 2 177 10 187 23 194 3 19 192 22 225 30 180
33 2 1 148 10 198 2 2 47 18 44 3 3 152 6 136 10 105 2 17 167 30 159 3 4 4 10 4 24 3 2 6 76 8 76 3 4 142 19 164 29 134 2 1 200 10 185 3 2 125 5 109 15 129 3 12 118 21 138 27 133 3 8 55 22 55 25 54 3 6 55 13 55 24 46 3 7 117 19 104 30 110 3 8 48 22 51 25 53 3 9 189 11 193 27 185 2 2 174 11 164 2 8 103 13 109 2 14 63 19 57 2 15 99 25 129 3 10 177 11 177 21 156 2 7 39 25 36 3 8 39 22 53 25 46 2 15 212 16 191 2 6 55 18 61 3 23 65 27 59 30 72 4 10 48 11 61 19 51 21 51 3 19 31 22 28 26 28 3 1 73 17 59 20 59 3 2 194 10 159 23 146 3 23 33 24 37 26 37 2 1 6 28 6 3 19 169 22 164 30 194 2 25 16 29 17
40 2 15 219 16 193 2 1 213 10 152 2 2 42 18 43 3 4 4 10 3 24 4 2 1 208 10 214 3 3 110 6 153 10 113 2 15 176 16 214 3 4 120 19 162 29 112 2 1 153 10 167 3 19 223 22 187 30 226 3 2 124 5 118 15 94 3 6 53 13 44 24 57 3 7 85 19 109 30 88 2 2 47 18 57 2 14 48 19 58 2 6 82 8 98 3 9 138 11 149 27 145 2 6 92 8 79 2 2 207 11 191 3 2 136 5 101 15 123 3 23 43 24 31 26 31 2 15 106 25 95 2 17 218 30 167 2 7 39 25 42 3 6 59 13 49 24 49 3 12 149 21 128 27 153 3 4 4 10 4 24 4 2 8 116 13 100 2 6 61 18 61 3 12 130 21 162 27 169 3 8 50 22 43 25 45 3 23 60 27 79 30 87 3 3 134 6 136 10 130 4 10 62 11 51 19 64 21 53 3 2 132 10 146 23 140 3 1 64 17 71 20 55 3 10 164 11 193 21 189 3 19 32 22 34 26 26 2 1 5 28 6 2 25 21 29 16
35 2 1 163 10 169 2 2 58 18 57 3 3 110 6 155 10 140 3 4 160 19 163 29 166 3 3 139 6 145 10 124 3 2 124 5 126 15 139 3 3 140 6 143 10 124 3 6 61 13 42 24 42 3 7 86 19 120 30 113 2 6 95 8 91 3 9 148 11 149 27 143 3 12 137 21 131 27 118 3 4 3 10 4 24 3 2 2 180 11 203 2 8 118 13 118 2 14 55 19 63 3 8 38 22 38 25 41 2 6 61 18 55 2 17 169 30 165 2 15 112 25 117 2 15 163 16 156 4 10 57 11 56 19 51 21 47 3 1 74 17 59 20 71 3 19 163 22 231 30 167 2 2 57 18 57 3 2 181 10 191 23 196 3 23 34 24 40 26 34 3 10 202 11 189 21 158 3 19 28 22 30 26 33 3 2 163 10 195 23 196 2 7 35 25 30 3 23 45 24 43 26 36 3 23 82 27 88 30 70 2 1 6 28 6 2 25 20 29 14
DUE_DATES: 5420 6490 7346 5387 5606 5780 6149 5408 5408 6146 6271 5406 5406 5911 5911 6887 6887 6506 5387 5387 5387 7071 6048 6048 6048 6914 6186 6186 6834 6288 6288 6562 7459 7459 6782 5712 7067 7067 6955 6448 6728 6579 6579 5522 6016 6016 6016 5517 7065 6048
WEIGHTS: 2 1 3 3 2 2 3 1 2 1 2 2 2 3 1 1 3 3 1 3 1 1 2 2 1 3 2 1 2 1 3 2 1 1 1 2 3 2 1 1 3 3 3 1 1 3 1 3 2 3
