50 30
33 3 1 29 8 37 13 30 2 13 148 22 173 3 2 165 13 218 27 211 1 3 66 2 2 159 4 143 3 7 124 11 89 30 86 3 4 184 5 158 29 161 1 3 90 2 6 155 7 165 2 8 66 9 68 3 5 168 9 154 23 187 3 5 98 17 145 28 114 3 8 57 10 70 27 57 3 5 149 9 178 23 206 2 21 19 30 20 2 23 91 29 81 3 14 148 19 134 25 130 2 11 137 19 131 2 8 109 12 91 1 3 68 2 15 41 26 46 3 16 41 27 32 30 36 3 12 130 13 134 16 117 3 6 132 9 139 15 130 3 5 64 16 63 29 66 1 17 206 2 24 111 30 95 3 1 136 18 141 22 138 3 2 5 21 7 24 6 2 12 74 19 96 3 2 50 20 61 21 47 3 21 44 22 54 25 41 3 3 42 23 30 29 40
37 3 1 34 8 29 13 28 3 14 145 19 152 25 111 3 1 36 8 26 13 38 3 2 183 13 148 27 148 1 3 75 3 1 27 8 32 13 26 3 2 54 20 50 21 49 3 3 34 23 36 29 36 2 2 155 4 129 3 2 55 20 60 21 58 3 6 147 9 172 15 145 3 14 146 19 147 25 121 3 4 157 5 180 29 201 2 6 206 7 215 3 8 65 10 59 27 71 3 7 122 11 123 30 125 2 8 87 9 95 3 5 167 9 193 23 156 2 12 67 19 72 2 11 160 19 117 1 17 193 1 3 77 2 8 89 12 107 2 15 46 26 35 2 13 200 22 197 3 16 31 27 43 30 31 3 12 123 13 146 16 106 3 5 69 16 62 29 59 3 2 5 21 6 24 5 2 11 164 19 139 3 1 187 18 161 22 147 2 23 89 29 104 3 2 7 21 5 24 8 2 21 18 30 23 3 21 52 22 61 25 43 3 5 114 17 100 28 135 2 24 114 30 86
35 2 15 49 26 49 3 1 31 8 36 13 29 2 15 39 26 51 3 2 208 13 185 27 183 2 8 113 12 103 1 3 89 3 7 110 11 120 30 110 2 8 101 12 96 2 2 153 4 166 3 14 114 19 120 25 110 3 1 29 8 37 13 31 3 4 180 5 227 29 188 2 6 207 7 213 3 3 30 23 35 29 33 3 2 181 13 151 27 158 2 8 82 9 96 2 23 85 29 91 3 5 193 9 198 23 152 3 12 132 13 123 16 130 3 8 55 10 51 27 60 3 6 141 9 168 15 151 2 11 144 19 151 3 5 71 16 68 29 62 3 5 102 17 117 28 100 2 13 168 22 210 1 17 210 3 1 167 18 148 22 165 2 24 89 30 99 3 3 41 23 37 29 43 3 2 7 21 7 24 7 2 12 96 19 98 3 2 65 20 53 21 63 3 16 31 27 45 30 36 2 21 21 30 24 3 21 53 22 60 25 48
35 2 15 49 26 49 3 1 31 8 36 13 29 2 15 39 26 51 3 2 208 13 185 27 183 2 8 113 12 103 1 3 89 3 7 110 11 120 30 110 2 8 101 12 96 2 2 153 4 166 3 14 114 19 120 25 110 3 1 29 8 37 13 31 3 4 180 5 227 29 188 2 6 207 7 213 3 3 30 23 35 29 33 3 2 181 13 151 27 158 2 8 82 9 96 2 23 85 29 91 3 5 193 9 198 23 152 3 12 132 13 123 16 130 3 8 55 10 51 27 60 3 6 141 9 168 15 151 2 11 144 19 151 3 5 71 16 68 29 62 3 5 102 17 117 28 100 2 13 168 22 210 1 17 210 3 1 167 18 148 22 165 2 24 89 30 99 3 3 41 23 37 29 43 3 2 7 21 7 24 7 2 12 96 19 98 3 2 65 20 53 21 63 3 16 31 27 45 30 36 2 21 21 30 24 3 21 53 22 60 25 48
31 3 1 25 8 27 13 30 3 2 184 13 198 27 180 1 3 80 3 2 6 21 7 24 7 2 2 156 4 129 3 1 189 18 148 22 158 3 8 69 10 48 27 52 3 4 169 5 208 29 170 2 6 178 7 192 3 5 206 9 179 23 200 3 7 120 11 92 30 84 2 21 19 30 23 2 8 75 9 96 2 11 135 19 148 2 8 103 12 90 3 12 143 13 141 16 137 2 24 85 30 110 1 17 178 3 3 42 23 37 29 41 3 14 102 19 104 25 113 3 7 122 11 94 30 88 3 6 127 9 145 15 127 3 5 77 16 62 29 62 2 12 81 19 90 3 2 62 20 61 21 55 3 5 97 17 103 28 113 2 13 199 22 183 2 23 85 29 93 3 16 39 27 36 30 37 3 21 52 22 57 25 59 2 15 41 26 37
31 3 1 25 8 27 13 30 3 2 184 13 198 27 180 1 3 80 3 2 6 21 7 24 7 2 2 156 4 129 3 1 189 18 148 22 158 3 8 69 10 48 27 52 3 4 169 5 208 29 170 2 6 178 7 192 3 5 206 9 179 23 200 3 7 120 11 92 30 84 2 21 19 30 23 2 8 75 9 96 2 11 135 19 148 2 8 103 12 90 3 12 143 13 141 16 137 2 24 85 30 110 1 17 178 3 3 42 23 37 29 41 3 14 102 19 104 25 113 3 7 122 11 94 30 88 3 6 127 9 145 15 127 3 5 77 16 62 29 62 2 12 81 19 90 3 2 62 20 61 21 55 3 5 97 17 103 28 113 2 13 199 22 183 2 23 85 29 93 3 16 39 27 36 30 37 3 21 52 22 57 25 59 2 15 41 26 37
37 3 1 37 8 33 13 30 3 2 177 13 165 27 211 1 3 77 2 8 74 9 73 2 2 138 4 135 3 1 28 8 30 13 31 3 3 39 23 32 29 32 1 3 78 3 4 174 5 199 29 211 3 5 187 9 179 23 170 2 6 184 7 182 3 7 125 11 93 30 103 3 1 145 18 142 22 167 3 8 70 10 54 27 68 2 11 123 19 160 3 5 58 16 55 29 77 3 14 127 19 106 25 141 2 8 90 12 106 3 12 125 13 122 16 141 3 6 176 9 162 15 145 1 17 218 2 12 96 19 97 3 2 60 20 51 21 44 2 8 113 12 92 2 21 26 30 20 3 3 29 23 35 29 36 2 24 111 30 84 2 11 146 19 166 2 13 173 22 163 3 2 6 21 5 24 8 2 23 112 29 91 3 5 120 17 108 28 111 3 21 45 22 44 25 51 2 8 91 9 80 2 15 43 26 46 2 13 209 22 161 3 16 31 27 32 30 31
31 3 1 32 8 31 13 34 3 2 201 13 210 27 178 1 3 74 3 2 6 21 5 24 7 2 2 166 4 167 3 1 158 18 134 22 167 3 8 56 10 52 27 53 3 4 165 5 166 29 200 2 6 213 7 152 3 5 172 9 147 23 211 3 7 93 11 97 30 96 2 21 21 30 23 2 8 96 9 72 2 11 141 19 127 2 8 93 12 119 3 12 115 13 149 16 112 2 24 106 30 97 1 17 159 3 3 39 23 40 29 32 3 14 122 19 139 25 115 3 7 125 11 122 30 92 3 6 170 9 164 15 157 3 5 64 16 54 29 76 2 12 85 19 73 3 2 57 20 58 21 54 3 5 141 17 118 28 103 2 13 179 22 187 2 23 78 29 111 3 16 32 27 41 30 33 3 21 42 22 42 25 43 2 15 37 26 49
31 3 1 32 8 31 13 34 3 2 201 13 210 27 178 1 3 74 3 2 6 21 5 24 7 2 2 166 4 167 3 1 158 18 134 22 167 3 8 56 10 52 27 53 3 4 165 5 166 29 200 2 6 213 7 152 3 5 172 9 147 23 211 3 7 93 11 97 30 96 2 21 21 30 23 2 8 96 9 72 2 11 141 19 127 2 8 93 12 119 3 12 115 13 149 16 112 2 24 106 30 97 1 17 159 3 3 39 23 40 29 32 3 14 122 19 139 25 115 3 7 125 11 122 30 92 3 6 170 9 164 15 157 3 5 64 16 54 29 76 2 12 85 19 73 3 2 57 20 58 21 54 3 5 141 17 118 28 103 2 13 179 22 187 2 23 78 29 111 3 16 32 27 41 30 33 3 21 42 22 42 25 43 2 15 37 26 49
31 3 1 32 8 31 13 34 3 2 201 13 210 27 178 1 3 74 3 2 6 21 5 24 7 2 2 166 4 167 3 1 158 18 134 22 167 3 8 56 10 52 27 53 3 4 165 5 166 29 200 2 6 213 7 152 3 5 172 9 147 23 211 3 7 93 11 97 30 96 2 21 21 30 23 2 8 96 9 72 2 11 141 19 127 2 8 93 12 119 3 12 115 13 149 16 112 2 24 106 30 97 1 17 159 3 3 39 23 40 29 32 3 14 122 19 139 25 115 3 7 125 11 122 30 92 3 6 170 9 164 15 157 3 5 64 16 54 29 76 2 12 85 19 73 3 2 57 20 58 21 54 3 5 141 17 118 28 103 2 13 179 22 187 2 23 78 29 111 3 16 32 27 41 30 33 3 21 42 22 42 25 43 2 15 37 26 49
36 3 1 27 8 33 13 30 3 2 157 13 179 27 196 1 3 67 2 8 101 12 95 3 8 68 10 49 27 55 2 8 82 9 71 2 12 98 19 84 3 2 198 13 186 27 182 2 2 163 4 135 3 16 32 27 44 30 41 2 8 82 9 80 3 4 215 5 223 29 161 2 12 85 19 84 2 21 19 30 19 3 7 124 11 114 30 95 2 8 98 12 107 2 6 161 7 222 3 2 6 21 6 24 6 3 2 190 13 208 27 191 3 5 209 9 211 23 185 2 11 168 19 119 3 12 110 13 146 16 124 3 2 64 20 57 21 51 3 21 49 22 51 25 51 3 14 136 19 151 25 139 3 6 158 9 172 15 131 3 5 78 16 70 29 53 1 17 216 3 1 142 18 165 22 176 3 3 32 23 42 29 32 2 13 215 22 157 2 23 96 29 105 2 15 48 26 39 2 2 123 4 118 3 5 144 17 116 28 118 2 24 91 30 113
36 3 1 27 8 33 13 30 3 2 157 13 179 27 196 1 3 67 2 8 101 12 95 3 8 68 10 49 27 55 2 8 82 9 71 2 12 98 19 84 3 2 198 13 186 27 182 2 2 163 4 135 3 16 32 27 44 30 41 2 8 82 9 80 3 4 215 5 223 29 161 2 12 85 19 84 2 21 19 30 19 3 7 124 11 114 30 95 2 8 98 12 107 2 6 161 7 222 3 2 6 21 6 24 6 3 2 190 13 208 27 191 3 5 209 9 211 23 185 2 11 168 19 119 3 12 110 13 146 16 124 3 2 64 20 57 21 51 3 21 49 22 51 25 51 3 14 136 19 151 25 139 3 6 158 9 172 15 131 3 5 78 16 70 29 53 1 17 216 3 1 142 18 165 22 176 3 3 32 23 42 29 32 2 13 215 22 157 2 23 96 29 105 2 15 48 26 39 2 2 123 4 118 3 5 144 17 116 28 118 2 24 91 30 113
35 3 4 217 5 178 29 156 3 1 36 8 37 13 36 3 7 120 11 125 30 116 2 2 146 4 146 3 2 196 13 151 27 146 1 3 74 3 21 47 22 45 25 60 3 6 124 9 129 15 142 2 6 193 7 223 2 8 97 9 75 2 15 52 26 36 3 5 170 9 150 23 171 2 23 109 29 76 3 5 159 9 205 23 170 3 8 66 10 56 27 66 2 2 118 4 118 3 14 124 19 148 25 121 3 2 206 13 207 27 216 2 11 136 19 129 1 17 164 2 11 162 19 137 2 8 112 12 91 3 21 60 22 60 25 46 2 21 22 30 25 3 12 106 13 105 16 152 3 5 116 17 133 28 115 3 5 61 16 66 29 73 2 24 110 30 89 3 1 156 18 161 22 171 2 12 82 19 80 3 16 42 27 31 30 35 2 13 147 22 166 3 2 6 21 6 24 8 3 2 45 20 44 21 46 3 3 39 23 37 29 43
35 3 4 217 5 178 29 156 3 1 36 8 37 13 36 3 7 120 11 125 30 116 2 2 146 4 146 3 2 196 13 151 27 146 1 3 74 3 21 47 22 45 25 60 3 6 124 9 129 15 142 2 6 193 7 223 2 8 97 9 75 2 15 52 26 36 3 5 170 9 150 23 171 2 23 109 29 76 3 5 159 9 205 23 170 3 8 66 10 56 27 66 2 2 118 4 118 3 14 124 19 148 25 121 3 2 206 13 207 27 216 2 11 136 19 129 1 17 164 2 11 162 19 137 2 8 112 12 91 3 21 60 22 60 25 46 2 21 22 30 25 3 12 106 13 105 16 152 3 5 116 17 133 28 115 3 5 61 16 66 29 73 2 24 110 30 89 3 1 156 18 161 22 171 2 12 82 19 80 3 16 42 27 31 30 35 2 13 147 22 166 3 2 6 21 6 24 8 3 2 45 20 44 21 46 3 3 39 23 37 29 43
36 3 1 36 8 37 13 36 3 2 162 13 168 27 182 1 3 80 2 8 124 12 102 3 8 68 10 59 27 49 2 8 91 9 96 2 12 69 19 68 3 2 215 13 214 27 156 2 2 171 4 156 3 16 40 27 41 30 31 2 8 89 9 74 3 4 159 5 221 29 173 2 12 94 19 80 2 21 22 30 23 3 7 89 11 88 30 112 2 8 128 12 119 2 6 149 7 174 3 2 5 21 7 24 7 3 2 179 13 185 27 183 3 5 202 9 193 23 150 2 11 120 19 156 3 12 156 13 145 16 148 3 2 64 20 64 21 65 3 21 50 22 57 25 52 3 14 115 19 146 25 140 3 6 147 9 144 15 121 3 5 70 16 71 29 72 1 17 180 3 1 172 18 159 22 167 3 3 37 23 33 29 32 2 13 178 22 186 2 23 78 29 88 2 15 39 26 52 2 2 138 4 138 3 5 146 17 130 28 136 2 24 80 30 109
38 3 1 27 8 30 13 33 3 2 202 13 218 27 169 3 1 26 8 34 13 31 1 3 71 2 2 142 4 121 3 2 6 21 6 24 6 2 12 68 19 96 3 1 38 8 37 13 38 3 2 51 20 57 21 56 3 1 33 8 34 13 28 3 6 138 9 178 15 176 2 8 129 12 107 1 17 190 2 6 175 7 213 3 4 182 5 168 29 168 3 7 118 11 103 30 95 3 2 188 13 155 27 150 3 5 72 16 64 29 61 2 8 96 9 92 2 23 94 29 102 3 5 150 9 170 23 173 2 8 87 12 118 3 8 55 10 54 27 60 3 5 216 9 202 23 161 2 11 118 19 117 3 12 129 13 153 16 156 2 8 79 9 76 3 14 147 19 110 25 115 3 1 145 18 160 22 169 2 21 23 30 25 2 13 194 22 182 3 21 54 22 58 25 55 2 24 96 30 80 3 5 118 17 140 28 145 3 2 206 13 161 27 200 2 15 36 26 38 3 16 42 27 44 30 42 3 3 35 23 40 29 43
35 2 15 48 26 52 3 1 28 8 29 13 36 2 15 37 26 41 3 2 216 13 156 27 184 2 8 101 12 96 1 3 68 3 7 95 11 125 30 97 2 8 107 12 105 2 2 137 4 174 3 14 130 19 122 25 113 3 1 27 8 28 13 26 3 4 227 5 228 29 188 2 6 218 7 205 3 3 31 23 36 29 30 3 2 152 13 163 27 176 2 8 87 9 83 2 23 76 29 91 3 5 181 9 204 23 196 3 12 125 13 150 16 140 3 8 60 10 52 27 69 3 6 156 9 128 15 123 2 11 157 19 114 3 5 67 16 75 29 61 3 5 126 17 116 28 112 2 13 192 22 209 1 17 172 3 1 142 18 189 22 161 2 24 115 30 110 3 3 39 23 31 29 33 3 2 5 21 6 24 6 2 12 100 19 76 3 2 52 20 47 21 47 3 16 41 27 37 30 40 2 21 25 30 25 3 21 57 22 55 25 61
35 2 15 48 26 52 3 1 28 8 29 13 36 2 15 37 26 41 3 2 216 13 156 27 184 2 8 101 12 96 1 3 68 3 7 95 11 125 30 97 2 8 107 12 105 2 2 137 4 174 3 14 130 19 122 25 113 3 1 27 8 28 13 26 3 4 227 5 228 29 188 2 6 218 7 205 3 3 31 23 36 29 30 3 2 152 13 163 27 176 2 8 87 9 83 2 23 76 29 91 3 5 181 9 204 23 196 3 12 125 13 150 16 140 3 8 60 10 52 27 69 3 6 156 9 128 15 123 2 11 157 19 114 3 5 67 16 75 29 61 3 5 126 17 116 28 112 2 13 192 22 209 1 17 172 3 1 142 18 189 22 161 2 24 115 30 110 3 3 39 23 31 29 33 3 2 5 21 6 24 6 2 12 100 19 76 3 2 52 20 47 21 47 3 16 41 27 37 30 40 2 21 25 30 25 3 21 57 22 55 25 61
38 3 1 32 8 27 13 33 3 2 211 13 205 27 157 3 1 31 8 33 13 32 1 3 80 2 2 163 4 143 3 2 7 21 6 24 5 2 12 87 19 87 3 1 25 8 30 13 34 3 2 61 20 49 21 44 3 1 26 8 36 13 31 3 6 166 9 171 15 153 2 8 104 12 121 1 17 183 2 6 173 7 154 3 4 164 5 180 29 187 3 7 120 11 106 30 111 3 2 188 13 174 27 186 3 5 59 16 61 29 77 2 8 77 9 95 2 23 76 29 92 3 5 209 9 203 23 195 2 8 109 12 95 3 8 65 10 70 27 64 3 5 161 9 188 23 176 2 11 134 19 154 3 12 146 13 151 16 104 2 8 83 9 69 3 14 136 19 111 25 129 3 1 169 18 166 22 163 2 21 19 30 18 2 13 171 22 186 3 21 48 22 56 25 44 2 24 98 30 111 3 5 105 17 117 28 111 3 2 146 13 201 27 193 2 15 42 26 45 3 16 36 27 32 30 39 3 3 34 23 32 29 41
38 3 1 33 8 31 13 29 3 2 158 13 209 27 166 3 1 30 8 30 13 34 1 3 77 3 3 30 23 33 29 30 1 3 91 2 2 134 4 172 3 4 229 5 205 29 177 2 6 162 7 219 3 7 104 11 110 30 100 3 3 35 23 40 29 40 2 8 90 9 75 2 12 78 19 81 3 5 153 9 164 23 186 3 8 69 10 53 27 65 2 11 150 19 126 2 8 90 12 114 2 13 156 22 170 3 12 134 13 131 16 155 3 14 116 19 146 25 129 3 2 204 13 193 27 196 3 6 161 9 166 15 125 3 5 55 16 70 29 62 1 17 202 3 21 53 22 60 25 45 2 6 205 7 174 3 1 141 18 132 22 183 3 5 101 17 121 28 140 2 21 24 30 25 2 11 115 19 160 2 23 94 29 106 3 2 62 20 62 21 52 2 24 97 30 116 2 23 99 29 89 3 2 5 21 6 24 7 2 11 125 19 170 2 15 52 26 36 3 16 41 27 37 30 44
34 3 1 32 8 30 13 25 2 12 71 19 82 3 1 28 8 35 13 32 3 6 133 9 179 15 129 3 3 40 23 40 29 40 3 2 205 13 192 27 152 1 3 79 3 7 88 11 109 30 119 2 2 146 4 145 3 4 177 5 171 29 216 2 6 217 7 212 2 8 96 9 65 3 5 178 9 216 23 155 3 8 59 10 71 27 48 3 21 57 22 49 25 56 2 11 142 19 149 2 8 128 12 91 3 12 149 13 116 16 109 2 23 84 29 102 2 12 67 19 79 3 14 143 19 145 25 119 3 5 56 16 66 29 67 3 5 125 17 140 28 131 1 17 218 3 1 164 18 177 22 150 3 2 65 20 62 21 51 3 3 40 23 41 29 34 2 21 17 30 22 3 1 144 18 169 22 175 2 13 164 22 146 2 15 51 26 42 3 2 7 21 6 24 6 3 16 40 27 32 30 43 2 24 104 30 102
34 3 1 32 8 30 13 25 2 12 71 19 82 3 1 28 8 35 13 32 3 6 133 9 179 15 129 3 3 40 23 40 29 40 3 2 205 13 192 27 152 1 3 79 3 7 88 11 109 30 119 2 2 146 4 145 3 4 177 5 171 29 216 2 6 217 7 212 2 8 96 9 65 3 5 178 9 216 23 155 3 8 59 10 71 27 48 3 21 57 22 49 25 56 2 11 142 19 149 2 8 128 12 91 3 12 149 13 116 16 109 2 23 84 29 102 2 12 67 19 79 3 14 143 19 145 25 119 3 5 56 16 66 29 67 3 5 125 17 140 28 131 1 17 218 3 1 164 18 177 22 150 3 2 65 20 62 21 51 3 3 40 23 41 29 34 2 21 17 30 22 3 1 144 18 169 22 175 2 13 164 22 146 2 15 51 26 42 3 2 7 21 6 24 6 3 16 40 27 32 30 43 2 24 104 30 102
35 3 4 172 5 212 29 174 1 17 174 3 1 34 8 28 13 33 2 12 68 19 88 3 1 27 8 33 13 33 3 2 182 13 189 27 218 3 6 146 9 150 15 164 2 15 44 26 38 1 3 88 2 2 140 4 121 2 6 218 7 169 3 21 47 22 60 25 46 3 7 98 11 116 30 111 2 8 72 9 82 3 5 190 9 148 23 208 2 11 145 19 140 3 8 69 10 48 27 69 2 8 105 12 91 3 12 132 13 106 16 153 3 14 139 19 118 25 135 2 21 25 30 18 3 5 67 16 56 29 76 3 1 165 18 159 22 153 3 2 60 20 61 21 62 3 2 166 13 207 27 181 2 13 156 22 168 3 2 8 21 5 24 8 2 23 96 29 84 3 16 44 27 35 30 43 2 8 117 12 95 3 5 113 17 141 28 113 1 17 169 3 3 38 23 30 29 42 2 6 197 7 195 2 24 82 30 100
35 3 4 172 5 212 29 174 1 17 174 3 1 34 8 28 13 33 2 12 68 19 88 3 1 27 8 33 13 33 3 2 182 13 189 27 218 3 6 146 9 150 15 164 2 15 44 26 38 1 3 88 2 2 140 4 121 2 6 218 7 169 3 21 47 22 60 25 46 3 7 98 11 116 30 111 2 8 72 9 82 3 5 190 9 148 23 208 2 11 145 19 140 3 8 69 10 48 27 69 2 8 105 12 91 3 12 132 13 106 16 153 3 14 139 19 118 25 135 2 21 25 30 18 3 5 67 16 56 29 76 3 1 165 18 159 22 153 3 2 60 20 61 21 62 3 2 166 13 207 27 181 2 13 156 22 168 3 2 8 21 5 24 8 2 23 96 29 84 3 16 44 27 35 30 43 2 8 117 12 95 3 5 113 17 141 28 113 1 17 169 3 3 38 23 30 29 42 2 6 197 7 195 2 24 82 30 100
35 3 4 172 5 212 29 174 1 17 174 3 1 34 8 28 13 33 2 12 68 19 88 3 1 27 8 33 13 33 3 2 182 13 189 27 218 3 6 146 9 150 15 164 2 15 44 26 38 1 3 88 2 2 140 4 121 2 6 218 7 169 3 21 47 22 60 25 46 3 7 98 11 116 30 111 2 8 72 9 82 3 5 190 9 148 23 208 2 11 145 19 140 3 8 69 10 48 27 69 2 8 105 12 91 3 12 132 13 106 16 153 3 14 139 19 118 25 135 2 21 25 30 18 3 5 67 16 56 29 76 3 1 165 18 159 22 153 3 2 60 20 61 21 62 3 2 166 13 207 27 181 2 13 156 22 168 3 2 8 21 5 24 8 2 23 96 29 84 3 16 44 27 35 30 43 2 8 117 12 95 3 5 113 17 141 28 113 1 17 169 3 3 38 23 30 29 42 2 6 197 7 195 2 24 82 30 100
35 2 15 35 26 38 3 1 36 8 33 13 30 2 15 46 26 38 3 2 216 13 184 27 212 2 8 101 12 90 1 3 85 3 7 114 11 123 30 90 2 8 124 12 113 2 2 126 4 151 3 14 144 19 136 25 128 3 1 28 8 33 13 33 3 4 186 5 206 29 176 2 6 160 7 164 3 3 40 23 32 29 30 3 2 192 13 198 27 191 2 8 80 9 84 2 23 93 29 99 3 5 213 9 169 23 213 3 12 127 13 134 16 144 3 8 56 10 62 27 62 3 6 139 9 169 15 167 2 11 122 19 168 3 5 64 16 57 29 64 3 5 144 17 112 28 103 2 13 181 22 169 1 17 224 3 1 145 18 145 22 193 2 24 106 30 110 3 3 33 23 40 29 31 3 2 7 21 7 24 7 2 12 74 19 94 3 2 50 20 57 21 52 3 16 44 27 33 30 33 2 21 18 30 25 3 21 54 22 48 25 59
38 3 1 34 8 37 13 35 3 2 164 13 216 27 187 3 1 26 8 36 13 28 1 3 92 2 2 135 4 156 3 2 6 21 7 24 7 2 12 97 19 75 3 1 32 8 27 13 34 3 2 44 20 64 21 63 3 1 34 8 27 13 36 3 6 134 9 143 15 126 2 8 123 12 106 1 17 194 2 6 191 7 208 3 4 173 5 165 29 226 3 7 95 11 90 30 115 3 2 157 13 205 27 160 3 5 71 16 60 29 72 2 8 88 9 71 2 23 80 29 102 3 5 212 9 154 23 181 2 8 112 12 92 3 8 51 10 70 27 62 3 5 186 9 200 23 171 2 11 131 19 165 3 12 127 13 147 16 105 2 8 76 9 91 3 14 115 19 110 25 118 3 1 186 18 188 22 187 2 21 24 30 17 2 13 212 22 207 3 21 49 22 54 25 51 2 24 90 30 114 3 5 126 17 128 28 133 3 2 190 13 189 27 195 2 15 38 26 42 3 16 40 27 31 30 31 3 3 32 23 31 29 44
38 3 1 34 8 37 13 35 3 2 164 13 216 27 187 3 1 26 8 36 13 28 1 3 92 2 2 135 4 156 3 2 6 21 7 24 7 2 12 97 19 75 3 1 32 8 27 13 34 3 2 44 20 64 21 63 3 1 34 8 27 13 36 3 6 134 9 143 15 126 2 8 123 12 106 1 17 194 2 6 191 7 208 3 4 173 5 165 29 226 3 7 95 11 90 30 115 3 2 157 13 205 27 160 3 5 71 16 60 29 72 2 8 88 9 71 2 23 80 29 102 3 5 212 9 154 23 181 2 8 112 12 92 3 8 51 10 70 27 62 3 5 186 9 200 23 171 2 11 131 19 165 3 12 127 13 147 16 105 2 8 76 9 91 3 14 115 19 110 25 118 3 1 186 18 188 22 187 2 21 24 30 17 2 13 212 22 207 3 21 49 22 54 25 51 2 24 90 30 114 3 5 126 17 128 28 133 3 2 190 13 189 27 195 2 15 38 26 42 3 16 40 27 31 30 31 3 3 32 23 31 29 44
38 3 1 34 8 37 13 35 3 2 164 13 216 27 187 3 1 26 8 36 13 28 1 3 92 2 2 135 4 156 3 2 6 21 7 24 7 2 12 97 19 75 3 1 32 8 27 13 34 3 2 44 20 64 21 63 3 1 34 8 27 13 36 3 6 134 9 143 15 126 2 8 123 12 106 1 17 194 2 6 191 7 208 3 4 173 5 165 29 226 3 7 95 11 90 30 115 3 2 157 13 205 27 160 3 5 71 16 60 29 72 2 8 88 9 71 2 23 80 29 102 3 5 212 9 154 23 181 2 8 112 12 92 3 8 51 10 70 27 62 3 5 186 9 200 23 171 2 11 131 19 165 3 12 127 13 147 16 105 2 8 76 9 91 3 14 115 19 110 25 118 3 1 186 18 188 22 187 2 21 24 30 17 2 13 212 22 207 3 21 49 22 54 25 51 2 24 90 30 114 3 5 126 17 128 28 133 3 2 190 13 189 27 195 2 15 38 26 42 3 16 40 27 31 30 31 3 3 32 23 31 29 44
37 3 1 26 8 35 13 30 3 2 184 13 198 27 187 1 3 77 2 8 75 9 71 2 2 138 4 145 3 1 36 8 33 13 35 3 3 40 23 42 29 32 1 3 88 3 4 193 5 165 29 214 3 5 182 9 166 23 208 2 6 156 7 191 3 7 98 11 104 30 103 3 1 181 18 137 22 133 3 8 63 10 56 27 54 2 11 160 19 163 3 5 61 16 75 29 75 3 14 146 19 119 25 115 2 8 103 12 122 3 12 112 13 109 16 108 3 6 133 9 179 15 177 1 17 225 2 12 87 19 70 3 2 51 20 52 21 44 2 8 111 12 125 2 21 21 30 17 3 3 35 23 40 29 42 2 24 107 30 110 2 11 113 19 163 2 13 154 22 164 3 2 6 21 7 24 6 2 23 75 29 92 3 5 108 17 135 28 137 3 21 45 22 52 25 52 2 8 77 9 85 2 15 40 26 35 2 13 163 22 150 3 16 41 27 41 30 36
37 3 1 26 8 35 13 30 3 2 184 13 198 27 187 1 3 77 2 8 75 9 71 2 2 138 4 145 3 1 36 8 33 13 35 3 3 40 23 42 29 32 1 3 88 3 4 193 5 165 29 214 3 5 182 9 166 23 208 2 6 156 7 191 3 7 98 11 104 30 103 3 1 181 18 137 22 133 3 8 63 10 56 27 54 2 11 160 19 163 3 5 61 16 75 29 75 3 14 146 19 119 25 115 2 8 103 12 122 3 12 112 13 109 16 108 3 6 133 9 179 15 177 1 17 225 2 12 87 19 70 3 2 51 20 52 21 44 2 8 111 12 125 2 21 21 30 17 3 3 35 23 40 29 42 2 24 107 30 110 2 11 113 19 163 2 13 154 22 164 3 2 6 21 7 24 6 2 23 75 29 92 3 5 108 17 135 28 137 3 21 45 22 52 25 52 2 8 77 9 85 2 15 40 26 35 2 13 163 22 150 3 16 41 27 41 30 36
37 3 1 26 8 35 13 30 3 2 184 13 198 27 187 1 3 77 2 8 75 9 71 2 2 138 4 145 3 1 36 8 33 13 35 3 3 40 23 42 29 32 1 3 88 3 4 193 5 165 29 214 3 5 182 9 166 23 208 2 6 156 7 191 3 7 98 11 104 30 103 3 1 181 18 137 22 133 3 8 63 10 56 27 54 2 11 160 19 163 3 5 61 16 75 29 75 3 14 146 19 119 25 115 2 8 103 12 122 3 12 112 13 109 16 108 3 6 133 9 179 15 177 1 17 225 2 12 87 19 70 3 2 51 20 52 21 44 2 8 111 12 125 2 21 21 30 17 3 3 35 23 40 29 42 2 24 107 30 110 2 11 113 19 163 2 13 154 22 164 3 2 6 21 7 24 6 2 23 75 29 92 3 5 108 17 135 28 137 3 21 45 22 52 25 52 2 8 77 9 85 2 15 40 26 35 2 13 163 22 150 3 16 41 27 41 30 36
33 3 1 32 8 38 13 26 2 12 80 19 83 3 2 201 13 173 27 164 1 3 94 2 2 169 4 163 2 8 122 12 94 3 4 205 5 217 29 191 2 6 155 7 163 3 7 94 11 99 30 110 2 8 91 9 68 3 5 148 9 153 23 212 3 8 55 10 61 27 63 3 16 42 27 35 30 36 3 5 62 16 76 29 57 3 12 127 13 151 16 108 2 11 122 19 116 3 2 204 13 206 27 208 3 14 121 19 148 25 153 3 2 7 21 7 24 6 3 6 120 9 127 15 168 3 21 51 22 42 25 49 3 2 149 13 189 27 156 1 17 204 3 1 145 18 192 22 144 3 2 62 20 46 21 62 3 3 31 23 34 29 39 2 21 20 30 26 2 13 180 22 161 3 7 91 11 98 30 106 2 23 109 29 94 2 15 47 26 42 2 24 96 30 93 3 5 135 17 126 28 125
33 3 1 32 8 38 13 26 2 12 80 19 83 3 2 201 13 173 27 164 1 3 94 2 2 169 4 163 2 8 122 12 94 3 4 205 5 217 29 191 2 6 155 7 163 3 7 94 11 99 30 110 2 8 91 9 68 3 5 148 9 153 23 212 3 8 55 10 61 27 63 3 16 42 27 35 30 36 3 5 62 16 76 29 57 3 12 127 13 151 16 108 2 11 122 19 116 3 2 204 13 206 27 208 3 14 121 19 148 25 153 3 2 7 21 7 24 6 3 6 120 9 127 15 168 3 21 51 22 42 25 49 3 2 149 13 189 27 156 1 17 204 3 1 145 18 192 22 144 3 2 62 20 46 21 62 3 3 31 23 34 29 39 2 21 20 30 26 2 13 180 22 161 3 7 91 11 98 30 106 2 23 109 29 94 2 15 47 26 42 2 24 96 30 93 3 5 135 17 126 28 125
38 3 1 35 8 37 13 36 3 2 204 13 178 27 166 3 1 26 8 31 13 35 1 3 90 3 3 29 23 44 29 39 1 3 86 2 2 126 4 121 3 4 169 5 219 29 185 2 6 149 7 186 3 7 98 11 122 30 124 3 3 35 23 40 29 43 2 8 71 9 93 2 12 90 19 95 3 5 192 9 156 23 170 3 8 69 10 54 27 62 2 11 137 19 131 2 8 96 12 101 2 13 174 22 214 3 12 145 13 126 16 138 3 14 124 19 131 25 112 3 2 193 13 197 27 181 3 6 168 9 148 15 158 3 5 73 16 71 29 62 1 17 175 3 21 55 22 45 25 48 2 6 219 7 223 3 1 143 18 157 22 145 3 5 107 17 128 28 109 2 21 21 30 26 2 11 128 19 164 2 23 93 29 95 3 2 58 20 54 21 45 2 24 83 30 113 2 23 107 29 75 3 2 8 21 6 24 7 2 11 146 19 156 2 15 41 26 41 3 16 37 27 40 30 31
38 3 1 31 8 37 13 33 3 2 184 13 174 27 212 3 1 30 8 35 13 31 1 3 78 2 2 134 4 158 3 2 8 21 7 24 6 2 12 72 19 84 3 1 28 8 28 13 27 3 2 55 20 55 21 52 3 1 35 8 27 13 34 3 6 165 9 146 15 132 2 8 128 12 116 1 17 158 2 6 182 7 185 3 4 226 5 188 29 153 3 7 85 11 91 30 111 3 2 153 13 202 27 196 3 5 76 16 78 29 71 2 8 85 9 74 2 23 97 29 108 3 5 192 9 197 23 157 2 8 124 12 130 3 8 62 10 62 27 69 3 5 192 9 161 23 211 2 11 123 19 128 3 12 122 13 129 16 127 2 8 70 9 85 3 14 120 19 121 25 147 3 1 194 18 151 22 177 2 21 18 30 19 2 13 182 22 168 3 21 51 22 43 25 61 2 24 106 30 110 3 5 127 17 111 28 106 3 2 200 13 188 27 164 2 15 41 26 39 3 16 39 27 33 30 30 3 3 44 23 33 29 36
31 3 1 34 8 34 13 32 3 2 175 13 216 27 161 1 3 86 3 2 6 21 7 24 5 2 2 153 4 156 3 1 134 18 176 22 141 3 8 50 10 71 27 48 3 4 200 5 227 29 192 2 6 222 7 215 3 5 215 9 175 23 185 3 7 103 11 103 30 98 2 21 22 30 21 2 8 85 9 78 2 11 165 19 167 2 8 113 12 97 3 12 154 13 135 16 111 2 24 100 30 101 1 17 161 3 3 31 23 31 29 40 3 14 151 19 141 25 150 3 7 107 11 119 30 109 3 6 126 9 172 15 126 3 5 71 16 64 29 64 2 12 71 19 68 3 2 45 20 52 21 47 3 5 112 17 144 28 142 2 13 162 22 180 2 23 82 29 92 3 16 36 27 35 30 37 3 21 55 22 47 25 47 2 15 45 26 46
31 3 1 34 8 34 13 32 3 2 175 13 216 27 161 1 3 86 3 2 6 21 7 24 5 2 2 153 4 156 3 1 134 18 176 22 141 3 8 50 10 71 27 48 3 4 200 5 227 29 192 2 6 222 7 215 3 5 215 9 175 23 185 3 7 103 11 103 30 98 2 21 22 30 21 2 8 85 9 78 2 11 165 19 167 2 8 113 12 97 3 12 154 13 135 16 111 2 24 100 30 101 1 17 161 3 3 31 23 31 29 40 3 14 151 19 141 25 150 3 7 107 11 119 30 109 3 6 126 9 172 15 126 3 5 71 16 64 29 64 2 12 71 19 68 3 2 45 20 52 21 47 3 5 112 17 144 28 142 2 13 162 22 180 2 23 82 29 92 3 16 36 27 35 30 37 3 21 55 22 47 25 47 2 15 45 26 46
32 3 1 29 8 26 13 37 3 2 162 13 148 27 212 2 24 95 30 81 1 3 70 3 2 6 21 8 24 7 2 2 163 4 136 2 12 88 19 90 2 15 38 26 47 3 4 189 5 198 29 192 2 2 125 4 141 2 6 223 7 194 3 21 46 22 47 25 51 2 23 91 29 86 3 5 66 16 62 29 69 3 5 187 9 171 23 202 3 12 115 13 125 16 146 3 7 87 11 98 30 121 2 8 68 9 98 3 8 48 10 48 27 62 2 11 115 19 140 2 8 119 12 102 3 16 42 27 40 30 31 3 14 147 19 126 25 111 2 8 89 12 123 3 3 36 23 32 29 37 3 6 138 9 121 15 125 1 17 189 3 2 61 20 54 21 57 3 1 154 18 147 22 168 3 5 133 17 116 28 141 2 13 173 22 185 2 21 19 30 19
33 3 1 29 8 35 13 29 3 2 168 13 159 27 175 1 3 73 2 2 157 4 151 3 1 168 18 176 22 154 1 3 74 3 4 203 5 174 29 226 2 6 217 7 184 2 24 98 30 116 2 6 158 7 190 3 7 109 11 118 30 120 2 8 77 9 93 3 8 62 10 70 27 55 3 5 197 9 187 23 150 2 11 167 19 140 2 8 100 12 101 3 12 147 13 134 16 142 3 14 115 19 124 25 141 3 4 169 5 171 29 185 3 3 34 23 30 29 36 1 17 174 2 23 83 29 88 3 6 159 9 178 15 130 3 5 56 16 61 29 71 2 12 67 19 89 2 13 208 22 196 3 2 6 21 5 24 7 3 2 52 20 57 21 63 2 21 25 30 18 3 21 57 22 54 25 58 2 15 43 26 49 3 16 43 27 37 30 33 3 5 130 17 100 28 126
34 3 1 29 8 34 13 30 2 8 66 9 88 3 2 169 13 159 27 175 3 1 28 8 34 13 27 1 3 80 2 2 170 4 171 3 4 189 5 165 29 182 2 6 158 7 219 3 5 106 17 136 28 113 3 16 33 27 44 30 40 3 7 101 11 97 30 99 3 12 137 13 148 16 105 3 4 212 5 180 29 183 2 12 90 19 68 2 21 18 30 19 3 5 197 9 198 23 175 3 8 69 10 63 27 65 2 11 137 19 122 2 8 112 12 104 3 14 126 19 126 25 115 3 6 126 9 173 15 164 3 2 6 21 6 24 5 3 5 126 17 134 28 119 3 21 42 22 55 25 44 3 5 69 16 77 29 62 1 17 216 3 1 174 18 164 22 173 2 2 125 4 150 3 3 39 23 39 29 38 3 2 45 20 52 21 56 2 24 117 30 91 2 13 146 22 194 2 23 106 29 105 2 15 47 26 49
34 3 1 29 8 34 13 30 2 8 66 9 88 3 2 169 13 159 27 175 3 1 28 8 34 13 27 1 3 80 2 2 170 4 171 3 4 189 5 165 29 182 2 6 158 7 219 3 5 106 17 136 28 113 3 16 33 27 44 30 40 3 7 101 11 97 30 99 3 12 137 13 148 16 105 3 4 212 5 180 29 183 2 12 90 19 68 2 21 18 30 19 3 5 197 9 198 23 175 3 8 69 10 63 27 65 2 11 137 19 122 2 8 112 12 104 3 14 126 19 126 25 115 3 6 126 9 173 15 164 3 2 6 21 6 24 5 3 5 126 17 134 28 119 3 21 42 22 55 25 44 3 5 69 16 77 29 62 1 17 216 3 1 174 18 164 22 173 2 2 125 4 150 3 3 39 23 39 29 38 3 2 45 20 52 21 56 2 24 117 30 91 2 13 146 22 194 2 23 106 29 105 2 15 47 26 49
35 3 1 29 8 37 13 30 3 2 46 20 60 21 44 3 2 176 13 187 27 187 1 3 65 3 6 142 9 134 15 138 2 21 24 30 21 2 2 159 4 172 3 4 192 5 186 29 204 3 12 137 13 139 16 131 2 6 163 7 165 3 7 102 11 108 30 97 2 8 72 9 70 3 6 176 9 171 15 170 3 5 205 9 145 23 145 2 12 78 19 98 3 2 7 21 7 24 7 3 14 152 19 123 25 112 2 8 129 12 127 3 8 64 10 64 27 51 3 5 76 16 75 29 62 2 11 145 19 118 3 5 78 16 78 29 58 3 5 133 17 133 28 114 1 17 212 2 13 195 22 179 3 1 193 18 182 22 187 2 11 118 19 124 2 23 94 29 97 3 21 55 22 54 25 41 2 24 108 30 107 2 15 36 26 46 3 8 68 10 69 27 63 3 3 41 23 34 29 35 3 5 68 16 78 29 69 3 16 37 27 32 30 39
36 3 2 47 20 65 21 56 3 8 52 10 56 27 50 3 5 193 9 146 23 150 2 2 174 4 167 3 8 68 10 59 27 53 3 1 36 8 31 13 32 1 17 162 3 2 162 13 184 27 213 3 8 55 10 69 27 67 1 3 70 3 4 204 5 216 29 165 3 2 6 21 8 24 8 3 4 170 5 183 29 180 2 6 182 7 154 3 2 54 20 65 21 55 3 5 105 17 99 28 120 3 7 106 11 87 30 119 3 6 159 9 126 15 178 2 24 107 30 91 3 2 6 21 7 24 6 3 3 30 23 43 29 40 2 8 70 9 84 2 11 151 19 143 2 8 123 12 114 3 1 192 18 148 22 163 3 12 128 13 153 16 133 3 14 142 19 118 25 121 3 5 62 16 74 29 77 2 21 18 30 18 2 8 76 9 71 2 12 77 19 69 2 13 155 22 160 2 23 98 29 88 3 16 32 27 43 30 34 3 21 43 22 56 25 57 2 15 43 26 38
35 3 4 218 5 163 29 218 1 17 206 3 1 30 8 35 13 34 2 12 71 19 97 3 1 29 8 31 13 30 3 2 157 13 150 27 192 3 6 175 9 173 15 141 2 15 35 26 49 1 3 67 2 2 151 4 121 2 6 174 7 190 3 21 45 22 44 25 41 3 7 92 11 97 30 119 2 8 89 9 93 3 5 160 9 152 23 171 2 11 144 19 149 3 8 60 10 60 27 67 2 8 115 12 92 3 12 111 13 131 16 143 3 14 118 19 150 25 134 2 21 22 30 24 3 5 73 16 62 29 65 3 1 180 18 182 22 170 3 2 51 20 64 21 59 3 2 180 13 191 27 166 2 13 144 22 195 3 2 8 21 7 24 7 2 23 103 29 88 3 16 37 27 40 30 38 2 8 102 12 97 3 5 125 17 103 28 119 1 17 208 3 3 41 23 39 29 41 2 6 154 7 163 2 24 92 30 78
35 3 4 163 5 201 29 206 1 17 169 3 1 36 8 30 13 30 2 12 95 19 71 3 1 37 8 34 13 26 3 2 151 13 208 27 156 3 6 135 9 150 15 131 2 15 38 26 44 1 3 93 2 2 161 4 129 2 6 181 7 223 3 21 58 22 57 25 43 3 7 95 11 109 30 99 2 8 94 9 97 3 5 200 9 206 23 159 2 11 120 19 152 3 8 63 10 67 27 62 2 8 117 12 115 3 12 107 13 153 16 136 3 14 127 19 125 25 128 2 21 19 30 25 3 5 64 16 56 29 55 3 1 171 18 178 22 138 3 2 65 20 60 21 63 3 2 192 13 156 27 207 2 13 149 22 161 3 2 8 21 8 24 6 2 23 89 29 95 3 16 38 27 33 30 37 2 8 125 12 122 3 5 136 17 116 28 106 1 17 219 3 3 30 23 31 29 44 2 6 169 7 153 2 24 80 30 80
34 3 1 32 8 33 13 27 2 8 72 9 65 3 2 218 13 214 27 149 3 1 36 8 35 13 30 1 3 74 2 2 171 4 145 3 4 204 5 222 29 188 2 6 222 7 195 3 5 114 17 123 28 125 3 16 44 27 45 30 36 3 7 96 11 111 30 116 3 12 148 13 109 16 146 3 4 154 5 177 29 195 2 12 86 19 98 2 21 20 30 24 3 5 190 9 207 23 163 3 8 63 10 65 27 61 2 11 121 19 169 2 8 101 12 103 3 14 120 19 149 25 123 3 6 135 9 151 15 149 3 2 5 21 6 24 7 3 5 129 17 143 28 130 3 21 59 22 57 25 44 3 5 65 16 67 29 75 1 17 189 3 1 154 18 174 22 169 2 2 132 4 165 3 3 38 23 38 29 34 3 2 51 20 45 21 50 2 24 91 30 90 2 13 173 22 170 2 23 107 29 103 2 15 48 26 49
37 2 21 19 30 19 3 1 32 8 27 13 27 1 3 83 3 2 146 13 207 27 210 2 21 21 30 25 2 2 171 4 138 1 3 77 3 4 222 5 225 29 179 2 6 179 7 175 3 7 107 11 119 30 91 2 8 79 9 68 3 14 108 19 105 25 111 3 5 166 9 213 23 189 3 1 30 8 26 13 28 3 8 56 10 64 27 62 1 3 93 2 11 145 19 151 2 8 126 12 116 3 12 143 13 127 16 146 2 2 149 4 158 3 2 64 20 61 21 64 3 6 163 9 125 15 139 2 12 82 19 80 3 5 100 17 124 28 108 3 5 64 16 53 29 70 1 17 175 3 1 171 18 165 22 153 3 5 105 17 98 28 143 2 13 161 22 198 2 23 91 29 101 3 2 6 21 7 24 6 3 21 42 22 49 25 58 2 12 68 19 67 2 15 42 26 49 3 16 32 27 43 30 35 3 3 41 23 40 29 31 2 24 94 30 105
37 3 1 31 8 27 13 37 3 14 125 19 143 25 135 3 1 32 8 25 13 36 3 2 163 13 175 27 174 1 3 93 3 1 32 8 30 13 32 3 2 57 20 65 21 65 3 3 36 23 40 29 40 2 2 150 4 150 3 2 46 20 55 21 48 3 6 150 9 121 15 144 3 14 111 19 152 25 132 3 4 207 5 176 29 187 2 6 159 7 191 3 8 62 10 48 27 55 3 7 121 11 90 30 98 2 8 84 9 84 3 5 190 9 152 23 215 2 12 83 19 77 2 11 157 19 158 1 17 165 1 3 70 2 8 89 12 110 2 15 52 26 50 2 13 172 22 179 3 16 40 27 31 30 40 3 12 146 13 124 16 152 3 5 60 16 78 29 53 3 2 7 21 8 24 8 2 11 144 19 154 3 1 160 18 169 22 157 2 23 92 29 95 3 2 7 21 5 24 7 2 21 25 30 22 3 21 57 22 61 25 48 3 5 108 17 123 28 102 2 24 88 30 94
37 2 21 21 30 18 3 1 38 8 30 13 37 1 3 64 3 2 189 13 194 27 216 2 21 18 30 20 2 2 167 4 166 1 3 91 3 4 193 5 154 29 221 2 6 191 7 219 3 7 109 11 98 30 96 2 8 67 9 67 3 14 138 19 116 25 116 3 5 194 9 191 23 179 3 1 35 8 34 13 29 3 8 50 10 62 27 62 1 3 72 2 11 129 19 169 2 8 101 12 99 3 12 120 13 117 16 155 2 2 138 4 176 3 2 63 20 54 21 61 3 6 134 9 139 15 121 2 12 83 19 92 3 5 120 17 99 28 120 3 5 77 16 71 29 72 1 17 183 3 1 130 18 148 22 155 3 5 105 17 142 28 131 2 13 215 22 151 2 23 104 29 91 3 2 6 21 7 24 8 3 21 45 22 56 25 62 2 12 90 19 81 2 15 50 26 40 3 16 31 27 41 30 32 3 3 41 23 43 29 31 2 24 99 30 103
DUE_DATES: 5704 6200 6183 6183 5451 5451 6488 5464 5464 5464 6821 6821 6419 6419 6740 6780 6098 6098 6771 6962 5976 5976 6479 6479 6479 6180 6910 6910 6910 6464 6464 6464 6151 6151 6922 6776 5624 5624 5704 6175 6239 6239 6286 6009 6488 6531 6318 6326 6132 6366
WEIGHTS: 1 3 2 1 3 2 2 2 2 3 1 1 1 3 1 3 1 1 1 2 2 2 2 2 3 3 2 2 1 3 3 1 1 2 1 2 2 1 1 3 2 2 2 2 1 1 1 3 3 2
