50 30
37 3 1 168 6 163 10 141 3 6 151 11 189 28 190 3 12 148 21 124 26 138 2 2 184 7 233 2 1 209 3 145 3 1 125 6 131 10 149 3 4 47 12 38 27 45 4 5 24 8 31 16 28 27 32 2 8 191 18 179 2 6 59 14 44 3 6 209 11 198 28 184 3 3 183 7 187 27 164 3 12 144 21 141 26 125 3 6 143 21 112 24 141 2 5 103 13 77 3 23 117 27 100 30 113 3 3 158 7 196 27 153 3 14 191 19 157 21 186 3 8 122 24 99 28 132 3 11 132 29 120 30 138 2 9 135 16 158 2 1 85 30 84 2 9 113 16 152 3 10 26 14 35 19 26 1 15 53 2 16 102 21 84 2 6 33 17 38 3 7 208 17 203 25 178 3 9 111 19 113 26 86 2 1 69 30 69 3 5 96 15 108 20 78 2 18 10 22 13 3 15 121 20 144 29 132 3 18 159 24 201 25 158 3 2 35 8 42 27 36 2 9 161 16 110 3 19 58 26 76 28 78
37 3 1 168 6 163 10 141 3 6 151 11 189 28 190 3 12 148 21 124 26 138 2 2 184 7 233 2 1 209 3 145 3 1 125 6 131 10 149 3 4 47 12 38 27 45 4 5 24 8 31 16 28 27 32 2 8 191 18 179 2 6 59 14 44 3 6 209 11 198 28 184 3 3 183 7 187 27 164 3 12 144 21 141 26 125 3 6 143 21 112 24 141 2 5 103 13 77 3 23 117 27 100 30 113 3 3 158 7 196 27 153 3 14 191 19 157 21 186 3 8 122 24 99 28 132 3 11 132 29 120 30 138 2 9 135 16 158 2 1 85 30 84 2 9 113 16 152 3 10 26 14 35 19 26 1 15 53 2 16 102 21 84 2 6 33 17 38 3 7 208 17 203 25 178 3 9 111 19 113 26 86 2 1 69 30 69 3 5 96 15 108 20 78 2 18 10 22 13 3 15 121 20 144 29 132 3 18 159 24 201 25 158 3 2 35 8 42 27 36 2 9 161 16 110 3 19 58 26 76 28 78
35 3 6 117 21 148 24 140 3 1 139 6 143 10 126 3 11 141 29 117 30 132 3 8 96 24 126 28 127 2 2 218 7 161 2 1 176 3 197 3 4 32 12 33 27 47 2 2 169 7 211 3 7 189 17 205 25 165 2 1 69 30 80 4 5 30 8 31 16 30 27 27 3 4 45 12 40 27 47 2 6 41 14 49 3 3 160 7 156 27 167 2 9 113 16 148 3 10 34 14 33 19 34 3 12 122 21 170 26 156 2 5 94 13 86 3 14 196 19 198 21 152 1 15 61 3 15 126 20 120 29 120 3 23 82 27 91 30 96 2 16 112 21 83 2 6 28 17 37 3 10 29 14 31 19 26 2 8 149 18 163 3 9 97 19 92 26 95 3 5 80 15 86 20 85 2 18 12 22 11 2 2 203 7 190 3 18 159 24 161 25 219 2 6 45 14 53 3 6 156 11 160 28 200 3 19 62 26 79 28 73 3 2 34 8 36 27 41
35 3 6 117 21 148 24 140 3 1 139 6 143 10 126 3 11 141 29 117 30 132 3 8 96 24 126 28 127 2 2 218 7 161 2 1 176 3 197 3 4 32 12 33 27 47 2 2 169 7 211 3 7 189 17 205 25 165 2 1 69 30 80 4 5 30 8 31 16 30 27 27 3 4 45 12 40 27 47 2 6 41 14 49 3 3 160 7 156 27 167 2 9 113 16 148 3 10 34 14 33 19 34 3 12 122 21 170 26 156 2 5 94 13 86 3 14 196 19 198 21 152 1 15 61 3 15 126 20 120 29 120 3 23 82 27 91 30 96 2 16 112 21 83 2 6 28 17 37 3 10 29 14 31 19 26 2 8 149 18 163 3 9 97 19 92 26 95 3 5 80 15 86 20 85 2 18 12 22 11 2 2 203 7 190 3 18 159 24 161 25 219 2 6 45 14 53 3 6 156 11 160 28 200 3 19 62 26 79 28 73 3 2 34 8 36 27 41
35 3 6 117 21 148 24 140 3 1 139 6 143 10 126 3 11 141 29 117 30 132 3 8 96 24 126 28 127 2 2 218 7 161 2 1 176 3 197 3 4 32 12 33 27 47 2 2 169 7 211 3 7 189 17 205 25 165 2 1 69 30 80 4 5 30 8 31 16 30 27 27 3 4 45 12 40 27 47 2 6 41 14 49 3 3 160 7 156 27 167 2 9 113 16 148 3 10 34 14 33 19 34 3 12 122 21 170 26 156 2 5 94 13 86 3 14 196 19 198 21 152 1 15 61 3 15 126 20 120 29 120 3 23 82 27 91 30 96 2 16 112 21 83 2 6 28 17 37 3 10 29 14 31 19 26 2 8 149 18 163 3 9 97 19 92 26 95 3 5 80 15 86 20 85 2 18 12 22 11 2 2 203 7 190 3 18 159 24 161 25 219 2 6 45 14 53 3 6 156 11 160 28 200 3 19 62 26 79 28 73 3 2 34 8 36 27 41
38 3 1 150 6 169 10 146 2 2 212 7 227 2 1 172 3 175 3 4 39 12 36 27 40 4 5 23 8 30 16 26 27 27 2 1 165 3 169 2 6 50 14 50 2 8 149 18 156 2 16 86 21 86 2 8 153 18 188 1 15 52 3 4 37 12 45 27 44 3 3 139 7 134 27 177 3 8 93 24 114 28 91 2 9 113 16 110 3 10 32 14 37 19 34 4 5 24 8 26 16 23 27 30 3 5 101 15 84 20 88 3 3 144 7 147 27 144 3 11 154 29 115 30 128 2 1 74 30 77 3 12 153 21 155 26 122 3 15 137 20 130 29 134 3 12 129 21 145 26 159 3 18 223 24 163 25 163 3 6 176 11 149 28 157 2 5 105 13 106 3 11 110 29 141 30 110 3 14 210 19 202 21 200 2 6 28 17 29 3 9 93 19 89 26 101 3 2 29 8 38 27 35 3 23 110 27 91 30 119 3 6 121 21 125 24 129 2 9 140 16 142 2 18 12 22 14 3 7 172 17 178 25 206 3 19 70 26 66 28 57
35 3 1 116 6 123 10 152 2 18 12 22 12 2 2 179 7 214 2 1 150 3 189 2 18 11 22 15 3 19 65 26 74 28 58 3 4 43 12 35 27 41 3 8 130 24 130 28 121 4 5 29 8 24 16 32 27 26 2 6 52 14 58 3 15 124 20 151 29 124 3 3 168 7 173 27 148 3 15 138 20 113 29 125 2 9 142 16 141 3 10 29 14 28 19 32 3 11 157 29 148 30 153 3 12 150 21 131 26 121 3 10 27 14 35 19 30 2 5 80 13 76 3 14 179 19 162 21 173 1 15 56 2 5 76 13 79 3 5 81 15 99 20 106 2 16 106 21 100 2 6 39 17 30 3 5 87 15 80 20 100 2 8 179 18 169 3 9 110 19 92 26 82 3 6 139 21 121 24 156 3 2 35 8 33 27 38 2 1 64 30 88 3 6 174 11 210 28 175 3 23 101 27 96 30 89 3 18 154 24 222 25 212 3 7 205 17 160 25 212
37 3 1 166 6 169 10 127 3 19 71 26 62 28 73 3 1 149 6 137 10 161 2 2 185 7 225 3 19 79 26 72 28 74 3 8 111 24 119 28 98 2 1 179 3 170 3 6 175 11 206 28 170 3 4 34 12 43 27 36 3 15 145 20 119 29 100 4 5 27 8 24 16 22 27 25 2 6 52 14 48 3 3 191 7 158 27 166 2 9 135 16 155 3 6 212 11 164 28 149 3 10 37 14 33 19 27 3 11 143 29 120 30 125 3 12 171 21 120 26 135 3 2 38 8 40 27 35 2 5 76 13 92 3 14 163 19 178 21 160 1 15 52 3 10 31 14 28 19 33 2 1 88 30 61 2 16 87 21 110 2 6 34 17 28 2 8 147 18 171 3 15 118 20 122 29 113 3 9 85 19 113 26 90 2 18 12 22 13 3 5 87 15 99 20 74 3 6 127 21 132 24 142 2 1 194 3 198 3 23 89 27 92 30 100 3 18 179 24 165 25 184 3 5 93 15 75 20 107 3 7 160 17 207 25 215
37 3 1 166 6 169 10 127 3 19 71 26 62 28 73 3 1 149 6 137 10 161 2 2 185 7 225 3 19 79 26 72 28 74 3 8 111 24 119 28 98 2 1 179 3 170 3 6 175 11 206 28 170 3 4 34 12 43 27 36 3 15 145 20 119 29 100 4 5 27 8 24 16 22 27 25 2 6 52 14 48 3 3 191 7 158 27 166 2 9 135 16 155 3 6 212 11 164 28 149 3 10 37 14 33 19 27 3 11 143 29 120 30 125 3 12 171 21 120 26 135 3 2 38 8 40 27 35 2 5 76 13 92 3 14 163 19 178 21 160 1 15 52 3 10 31 14 28 19 33 2 1 88 30 61 2 16 87 21 110 2 6 34 17 28 2 8 147 18 171 3 15 118 20 122 29 113 3 9 85 19 113 26 90 2 18 12 22 13 3 5 87 15 99 20 74 3 6 127 21 132 24 142 2 1 194 3 198 3 23 89 27 92 30 100 3 18 179 24 165 25 184 3 5 93 15 75 20 107 3 7 160 17 207 25 215
37 3 1 166 6 169 10 127 3 19 71 26 62 28 73 3 1 149 6 137 10 161 2 2 185 7 225 3 19 79 26 72 28 74 3 8 111 24 119 28 98 2 1 179 3 170 3 6 175 11 206 28 170 3 4 34 12 43 27 36 3 15 145 20 119 29 100 4 5 27 8 24 16 22 27 25 2 6 52 14 48 3 3 191 7 158 27 166 2 9 135 16 155 3 6 212 11 164 28 149 3 10 37 14 33 19 27 3 11 143 29 120 30 125 3 12 171 21 120 26 135 3 2 38 8 40 27 35 2 5 76 13 92 3 14 163 19 178 21 160 1 15 52 3 10 31 14 28 19 33 2 1 88 30 61 2 16 87 21 110 2 6 34 17 28 2 8 147 18 171 3 15 118 20 122 29 113 3 9 85 19 113 26 90 2 18 12 22 13 3 5 87 15 99 20 74 3 6 127 21 132 24 142 2 1 194 3 198 3 23 89 27 92 30 100 3 18 179 24 165 25 184 3 5 93 15 75 20 107 3 7 160 17 207 25 215
34 3 1 145 6 128 10 143 3 23 112 27 103 30 91 2 2 223 7 189 2 1 145 3 203 3 23 109 27 99 30 99 3 8 105 24 112 28 103 2 1 196 3 198 3 4 33 12 32 27 42 4 5 24 8 26 16 26 27 32 3 2 32 8 35 27 38 2 6 46 14 51 3 3 170 7 177 27 180 3 12 130 21 158 26 120 3 19 68 26 61 28 80 2 9 153 16 144 2 1 170 3 144 2 1 63 30 64 2 5 79 13 81 3 10 30 14 38 19 34 2 16 107 21 93 3 11 119 29 159 30 109 4 5 26 8 30 16 31 27 33 3 14 182 19 167 21 180 2 6 37 17 32 3 6 118 21 132 24 125 3 7 160 17 169 25 166 1 15 62 2 8 195 18 186 3 9 94 19 79 26 89 3 5 106 15 98 20 72 2 18 14 22 10 3 18 166 24 184 25 170 3 6 151 11 164 28 192 3 15 117 20 142 29 127
34 2 1 84 30 84 3 1 120 6 115 10 130 2 6 28 17 29 3 12 160 21 142 26 159 2 2 171 7 234 2 1 64 30 66 2 1 191 3 196 3 4 40 12 38 27 41 3 19 56 26 73 28 58 3 3 140 7 149 27 185 2 8 142 18 187 4 5 22 8 23 16 22 27 31 2 6 41 14 55 3 3 177 7 154 27 154 3 6 145 11 149 28 145 3 8 116 24 122 28 131 3 15 120 20 136 29 142 3 23 87 27 114 30 117 2 9 109 16 134 3 10 31 14 32 19 33 3 11 124 29 140 30 149 3 5 100 15 106 20 92 3 9 84 19 86 26 94 2 5 93 13 100 3 2 32 8 33 27 40 3 12 136 21 163 26 170 3 18 199 24 215 25 165 3 14 197 19 202 21 222 2 6 30 17 30 3 6 119 21 125 24 157 1 15 61 2 16 85 21 111 3 7 171 17 169 25 180 2 18 14 22 12
34 2 1 84 30 84 3 1 120 6 115 10 130 2 6 28 17 29 3 12 160 21 142 26 159 2 2 171 7 234 2 1 64 30 66 2 1 191 3 196 3 4 40 12 38 27 41 3 19 56 26 73 28 58 3 3 140 7 149 27 185 2 8 142 18 187 4 5 22 8 23 16 22 27 31 2 6 41 14 55 3 3 177 7 154 27 154 3 6 145 11 149 28 145 3 8 116 24 122 28 131 3 15 120 20 136 29 142 3 23 87 27 114 30 117 2 9 109 16 134 3 10 31 14 32 19 33 3 11 124 29 140 30 149 3 5 100 15 106 20 92 3 9 84 19 86 26 94 2 5 93 13 100 3 2 32 8 33 27 40 3 12 136 21 163 26 170 3 18 199 24 215 25 165 3 14 197 19 202 21 222 2 6 30 17 30 3 6 119 21 125 24 157 1 15 61 2 16 85 21 111 3 7 171 17 169 25 180 2 18 14 22 12
38 2 18 11 22 13 3 1 154 6 168 10 161 2 18 11 22 15 2 2 171 7 183 3 1 124 6 165 10 125 2 1 152 3 163 3 1 142 6 117 10 160 3 4 38 12 37 27 33 4 5 24 8 25 16 30 27 28 2 1 149 3 208 2 6 47 14 59 3 3 184 7 153 27 153 3 8 101 24 97 28 101 2 6 40 17 29 2 8 195 18 178 2 9 161 16 123 2 1 205 3 147 3 10 29 14 36 19 25 3 12 128 21 159 26 139 3 11 159 29 132 30 128 3 10 37 14 31 19 36 2 5 100 13 98 3 23 102 27 102 30 107 2 1 74 30 69 1 15 61 3 14 185 19 179 21 213 2 16 97 21 80 3 7 206 17 166 25 205 3 9 109 19 104 26 90 3 19 67 26 70 28 55 3 9 86 19 87 26 95 3 15 117 20 144 29 140 3 5 81 15 86 20 79 3 6 147 21 123 24 125 3 2 40 8 35 27 33 3 18 223 24 211 25 209 2 18 15 22 13 3 6 152 11 214 28 179
38 2 18 11 22 13 3 1 154 6 168 10 161 2 18 11 22 15 2 2 171 7 183 3 1 124 6 165 10 125 2 1 152 3 163 3 1 142 6 117 10 160 3 4 38 12 37 27 33 4 5 24 8 25 16 30 27 28 2 1 149 3 208 2 6 47 14 59 3 3 184 7 153 27 153 3 8 101 24 97 28 101 2 6 40 17 29 2 8 195 18 178 2 9 161 16 123 2 1 205 3 147 3 10 29 14 36 19 25 3 12 128 21 159 26 139 3 11 159 29 132 30 128 3 10 37 14 31 19 36 2 5 100 13 98 3 23 102 27 102 30 107 2 1 74 30 69 1 15 61 3 14 185 19 179 21 213 2 16 97 21 80 3 7 206 17 166 25 205 3 9 109 19 104 26 90 3 19 67 26 70 28 55 3 9 86 19 87 26 95 3 15 117 20 144 29 140 3 5 81 15 86 20 79 3 6 147 21 123 24 125 3 2 40 8 35 27 33 3 18 223 24 211 25 209 2 18 15 22 13 3 6 152 11 214 28 179
35 3 12 154 21 158 26 132 3 1 155 6 121 10 152 2 2 217 7 168 2 6 58 14 50 3 12 142 21 152 26 120 3 18 210 24 210 25 166 2 1 186 3 143 3 6 176 11 151 28 170 3 8 109 24 129 28 92 3 10 26 14 34 19 35 3 4 40 12 32 27 33 4 5 27 8 30 16 32 27 24 3 3 148 7 132 27 134 3 8 94 24 106 28 115 2 9 160 16 147 3 14 168 19 171 21 224 3 11 144 29 131 30 110 2 1 80 30 69 2 5 97 13 79 1 15 54 2 6 29 17 37 2 16 111 21 91 3 8 90 24 96 28 129 2 8 146 18 141 2 1 191 3 188 3 9 104 19 105 26 91 3 19 72 26 80 28 69 3 5 104 15 108 20 103 4 5 31 8 22 16 31 27 29 3 6 115 21 117 24 115 3 15 111 20 122 29 105 2 18 14 22 14 3 23 91 27 93 30 117 3 7 215 17 205 25 210 3 2 38 8 33 27 38
35 3 12 154 21 158 26 132 3 1 155 6 121 10 152 2 2 217 7 168 2 6 58 14 50 3 12 142 21 152 26 120 3 18 210 24 210 25 166 2 1 186 3 143 3 6 176 11 151 28 170 3 8 109 24 129 28 92 3 10 26 14 34 19 35 3 4 40 12 32 27 33 4 5 27 8 30 16 32 27 24 3 3 148 7 132 27 134 3 8 94 24 106 28 115 2 9 160 16 147 3 14 168 19 171 21 224 3 11 144 29 131 30 110 2 1 80 30 69 2 5 97 13 79 1 15 54 2 6 29 17 37 2 16 111 21 91 3 8 90 24 96 28 129 2 8 146 18 141 2 1 191 3 188 3 9 104 19 105 26 91 3 19 72 26 80 28 69 3 5 104 15 108 20 103 4 5 31 8 22 16 31 27 29 3 6 115 21 117 24 115 3 15 111 20 122 29 105 2 18 14 22 14 3 23 91 27 93 30 117 3 7 215 17 205 25 210 3 2 38 8 33 27 38
35 3 12 154 21 158 26 132 3 1 155 6 121 10 152 2 2 217 7 168 2 6 58 14 50 3 12 142 21 152 26 120 3 18 210 24 210 25 166 2 1 186 3 143 3 6 176 11 151 28 170 3 8 109 24 129 28 92 3 10 26 14 34 19 35 3 4 40 12 32 27 33 4 5 27 8 30 16 32 27 24 3 3 148 7 132 27 134 3 8 94 24 106 28 115 2 9 160 16 147 3 14 168 19 171 21 224 3 11 144 29 131 30 110 2 1 80 30 69 2 5 97 13 79 1 15 54 2 6 29 17 37 2 16 111 21 91 3 8 90 24 96 28 129 2 8 146 18 141 2 1 191 3 188 3 9 104 19 105 26 91 3 19 72 26 80 28 69 3 5 104 15 108 20 103 4 5 31 8 22 16 31 27 29 3 6 115 21 117 24 115 3 15 111 20 122 29 105 2 18 14 22 14 3 23 91 27 93 30 117 3 7 215 17 205 25 210 3 2 38 8 33 27 38
37 3 1 144 6 160 10 152 2 2 196 7 209 2 1 170 3 199 3 5 76 15 77 20 82 3 7 204 17 198 25 186 2 1 171 3 208 3 4 37 12 32 27 43 3 19 71 26 73 28 64 4 5 29 8 33 16 24 27 24 3 4 47 12 36 27 38 2 16 110 21 99 2 6 45 14 58 3 3 173 7 160 27 148 3 8 114 24 105 28 120 2 9 125 16 132 3 10 27 14 27 19 29 1 15 46 3 11 140 29 141 30 157 2 2 193 7 230 3 12 124 21 119 26 138 2 5 83 13 89 2 8 193 18 148 3 2 35 8 31 27 41 2 9 113 16 110 3 6 188 11 153 28 181 2 9 122 16 142 3 14 174 19 162 21 203 2 1 76 30 76 2 6 34 17 29 3 9 82 19 89 26 90 3 6 109 21 125 24 152 3 14 166 19 172 21 156 3 15 125 20 149 29 140 2 18 11 22 11 3 4 38 12 46 27 34 3 18 209 24 196 25 207 3 23 82 27 101 30 88
37 3 1 144 6 160 10 152 2 2 196 7 209 2 1 170 3 199 3 5 76 15 77 20 82 3 7 204 17 198 25 186 2 1 171 3 208 3 4 37 12 32 27 43 3 19 71 26 73 28 64 4 5 29 8 33 16 24 27 24 3 4 47 12 36 27 38 2 16 110 21 99 2 6 45 14 58 3 3 173 7 160 27 148 3 8 114 24 105 28 120 2 9 125 16 132 3 10 27 14 27 19 29 1 15 46 3 11 140 29 141 30 157 2 2 193 7 230 3 12 124 21 119 26 138 2 5 83 13 89 2 8 193 18 148 3 2 35 8 31 27 41 2 9 113 16 110 3 6 188 11 153 28 181 2 9 122 16 142 3 14 174 19 162 21 203 2 1 76 30 76 2 6 34 17 29 3 9 82 19 89 26 90 3 6 109 21 125 24 152 3 14 166 19 172 21 156 3 15 125 20 149 29 140 2 18 11 22 11 3 4 38 12 46 27 34 3 18 209 24 196 25 207 3 23 82 27 101 30 88
32 3 1 163 6 127 10 141 1 15 65 3 19 63 26 76 28 80 2 2 220 7 205 1 15 45 3 11 125 29 156 30 156 3 4 41 12 44 27 44 3 3 156 7 172 27 184 2 6 59 14 54 3 23 99 27 89 30 102 2 1 148 3 153 3 12 149 21 120 26 147 3 9 85 19 108 26 89 4 5 25 8 25 16 28 27 24 3 10 36 14 35 19 32 2 8 185 18 181 3 8 107 24 116 28 92 3 18 214 24 217 25 183 3 12 137 21 156 26 161 2 6 38 17 28 2 9 128 16 143 2 16 98 21 84 3 6 168 11 152 28 214 3 5 103 15 98 20 81 2 5 99 13 80 3 14 201 19 175 21 200 2 18 15 22 10 3 6 118 21 138 24 115 3 7 188 17 169 25 181 3 2 39 8 34 27 35 3 15 105 20 109 29 146 2 1 62 30 90
32 3 1 163 6 127 10 141 1 15 65 3 19 63 26 76 28 80 2 2 220 7 205 1 15 45 3 11 125 29 156 30 156 3 4 41 12 44 27 44 3 3 156 7 172 27 184 2 6 59 14 54 3 23 99 27 89 30 102 2 1 148 3 153 3 12 149 21 120 26 147 3 9 85 19 108 26 89 4 5 25 8 25 16 28 27 24 3 10 36 14 35 19 32 2 8 185 18 181 3 8 107 24 116 28 92 3 18 214 24 217 25 183 3 12 137 21 156 26 161 2 6 38 17 28 2 9 128 16 143 2 16 98 21 84 3 6 168 11 152 28 214 3 5 103 15 98 20 81 2 5 99 13 80 3 14 201 19 175 21 200 2 18 15 22 10 3 6 118 21 138 24 115 3 7 188 17 169 25 181 3 2 39 8 34 27 35 3 15 105 20 109 29 146 2 1 62 30 90
35 3 12 154 21 117 26 129 3 1 123 6 157 10 131 2 2 162 7 184 2 6 45 14 46 3 12 158 21 164 26 168 3 18 213 24 214 25 166 2 1 162 3 172 3 6 183 11 186 28 155 3 8 109 24 119 28 99 3 10 32 14 29 19 33 3 4 40 12 43 27 32 4 5 28 8 32 16 27 27 24 3 3 194 7 188 27 163 3 8 95 24 129 28 126 2 9 108 16 137 3 14 218 19 210 21 213 3 11 134 29 122 30 112 2 1 73 30 81 2 5 108 13 103 1 15 52 2 6 37 17 30 2 16 79 21 109 3 8 91 24 122 28 110 2 8 192 18 154 2 1 144 3 175 3 9 104 19 76 26 111 3 19 70 26 59 28 73 3 5 80 15 105 20 75 4 5 31 8 25 16 28 27 24 3 6 144 21 144 24 157 3 15 124 20 109 29 140 2 18 12 22 11 3 23 102 27 90 30 111 3 7 160 17 212 25 189 3 2 35 8 34 27 38
35 3 12 154 21 117 26 129 3 1 123 6 157 10 131 2 2 162 7 184 2 6 45 14 46 3 12 158 21 164 26 168 3 18 213 24 214 25 166 2 1 162 3 172 3 6 183 11 186 28 155 3 8 109 24 119 28 99 3 10 32 14 29 19 33 3 4 40 12 43 27 32 4 5 28 8 32 16 27 27 24 3 3 194 7 188 27 163 3 8 95 24 129 28 126 2 9 108 16 137 3 14 218 19 210 21 213 3 11 134 29 122 30 112 2 1 73 30 81 2 5 108 13 103 1 15 52 2 6 37 17 30 2 16 79 21 109 3 8 91 24 122 28 110 2 8 192 18 154 2 1 144 3 175 3 9 104 19 76 26 111 3 19 70 26 59 28 73 3 5 80 15 105 20 75 4 5 31 8 25 16 28 27 24 3 6 144 21 144 24 157 3 15 124 20 109 29 140 2 18 12 22 11 3 23 102 27 90 30 111 3 7 160 17 212 25 189 3 2 35 8 34 27 38
35 3 12 154 21 117 26 129 3 1 123 6 157 10 131 2 2 162 7 184 2 6 45 14 46 3 12 158 21 164 26 168 3 18 213 24 214 25 166 2 1 162 3 172 3 6 183 11 186 28 155 3 8 109 24 119 28 99 3 10 32 14 29 19 33 3 4 40 12 43 27 32 4 5 28 8 32 16 27 27 24 3 3 194 7 188 27 163 3 8 95 24 129 28 126 2 9 108 16 137 3 14 218 19 210 21 213 3 11 134 29 122 30 112 2 1 73 30 81 2 5 108 13 103 1 15 52 2 6 37 17 30 2 16 79 21 109 3 8 91 24 122 28 110 2 8 192 18 154 2 1 144 3 175 3 9 104 19 76 26 111 3 19 70 26 59 28 73 3 5 80 15 105 20 75 4 5 31 8 25 16 28 27 24 3 6 144 21 144 24 157 3 15 124 20 109 29 140 2 18 12 22 11 3 23 102 27 90 30 111 3 7 160 17 212 25 189 3 2 35 8 34 27 38
33 3 1 126 6 134 10 140 2 18 12 22 13 3 11 143 29 133 30 154 2 9 157 16 153 4 5 33 8 29 16 33 27 28 3 3 177 7 150 27 170 3 9 97 19 97 26 105 2 2 209 7 164 3 12 136 21 145 26 163 2 18 15 22 15 2 1 142 3 193 3 4 34 12 32 27 38 2 6 46 14 43 2 1 85 30 68 1 15 64 3 8 115 24 109 28 116 3 10 35 14 29 19 28 3 9 99 19 76 26 87 3 2 42 8 40 27 34 3 14 194 19 170 21 195 2 5 81 13 94 2 16 83 21 97 2 6 30 17 35 3 23 88 27 115 30 92 2 8 175 18 172 2 9 150 16 113 3 5 84 15 93 20 77 3 19 78 26 54 28 75 3 18 165 24 179 25 177 3 15 150 20 149 29 130 3 6 118 21 153 24 125 3 7 209 17 200 25 180 3 6 159 11 199 28 147
38 2 8 181 18 154 2 6 38 17 40 2 8 160 18 188 3 1 119 6 172 10 116 2 8 179 18 179 2 2 181 7 170 2 1 200 3 160 2 16 114 21 106 2 9 133 16 159 2 5 94 13 96 3 4 38 12 46 27 35 3 12 170 21 154 26 156 2 2 224 7 227 4 5 26 8 26 16 31 27 27 2 6 53 14 45 3 5 107 15 86 20 82 3 1 145 6 125 10 116 3 23 94 27 95 30 96 3 4 46 12 42 27 34 3 14 223 19 178 21 202 3 3 190 7 140 27 142 2 9 117 16 113 3 8 91 24 95 28 114 3 9 113 19 84 26 102 3 10 28 14 30 19 34 3 11 107 29 152 30 114 1 15 44 2 1 86 30 81 3 6 137 21 135 24 156 2 1 60 30 85 2 18 14 22 12 3 18 173 24 187 25 166 3 2 32 8 30 27 36 3 7 223 17 203 25 154 2 9 151 16 146 3 19 64 26 66 28 74 3 6 189 11 169 28 187 3 15 108 20 122 29 109
35 3 1 154 6 161 10 164 2 2 217 7 180 3 5 104 15 85 20 101 2 1 158 3 201 2 2 175 7 169 3 4 42 12 42 27 36 4 5 25 8 32 16 28 27 22 2 6 45 14 59 2 8 146 18 186 3 10 31 14 28 19 31 3 3 187 7 162 27 194 3 4 41 12 38 27 39 3 8 96 24 119 28 108 2 16 99 21 108 2 9 112 16 116 3 11 126 29 123 30 129 3 12 170 21 144 26 160 2 5 104 13 82 3 14 184 19 183 21 194 1 15 54 2 6 37 17 27 3 9 86 19 98 26 93 3 6 116 21 147 24 148 2 2 182 7 175 2 18 15 22 13 2 6 31 17 37 3 23 91 27 95 30 103 3 18 184 24 155 25 168 3 7 215 17 220 25 198 3 6 165 11 215 28 162 3 19 68 26 75 28 60 3 15 116 20 130 29 120 1 15 65 3 2 37 8 41 27 42 2 1 62 30 76
37 3 1 134 6 115 10 146 2 2 196 7 215 3 19 55 26 65 28 75 2 1 187 3 198 3 1 121 6 123 10 154 3 4 34 12 45 27 34 3 9 78 19 104 26 87 3 19 73 26 75 28 65 2 9 128 16 114 4 5 25 8 29 16 28 27 31 3 18 205 24 184 25 163 4 5 31 8 26 16 27 27 23 1 15 52 2 6 45 14 46 3 3 188 7 152 27 160 3 8 90 24 94 28 93 2 6 50 14 43 3 10 29 14 27 19 33 1 15 63 3 11 129 29 123 30 147 3 7 166 17 172 25 211 3 12 119 21 131 26 132 2 5 100 13 93 2 16 107 21 95 3 14 206 19 214 21 224 3 2 30 8 37 27 35 2 6 35 17 39 3 5 102 15 94 20 81 2 1 71 30 88 3 7 179 17 206 25 175 2 8 162 18 131 2 18 14 22 13 3 6 107 21 118 24 121 3 6 194 11 214 28 156 1 15 46 3 15 118 20 105 29 117 3 23 111 27 110 30 120
37 3 1 134 6 115 10 146 2 2 196 7 215 3 19 55 26 65 28 75 2 1 187 3 198 3 1 121 6 123 10 154 3 4 34 12 45 27 34 3 9 78 19 104 26 87 3 19 73 26 75 28 65 2 9 128 16 114 4 5 25 8 29 16 28 27 31 3 18 205 24 184 25 163 4 5 31 8 26 16 27 27 23 1 15 52 2 6 45 14 46 3 3 188 7 152 27 160 3 8 90 24 94 28 93 2 6 50 14 43 3 10 29 14 27 19 33 1 15 63 3 11 129 29 123 30 147 3 7 166 17 172 25 211 3 12 119 21 131 26 132 2 5 100 13 93 2 16 107 21 95 3 14 206 19 214 21 224 3 2 30 8 37 27 35 2 6 35 17 39 3 5 102 15 94 20 81 2 1 71 30 88 3 7 179 17 206 25 175 2 8 162 18 131 2 18 14 22 13 3 6 107 21 118 24 121 3 6 194 11 214 28 156 1 15 46 3 15 118 20 105 29 117 3 23 111 27 110 30 120
37 3 1 118 6 150 10 161 3 19 62 26 64 28 59 3 1 119 6 116 10 119 2 2 181 7 213 3 19 70 26 65 28 75 3 8 103 24 104 28 101 2 1 150 3 203 3 6 179 11 214 28 214 3 4 47 12 36 27 42 3 15 147 20 146 29 115 4 5 30 8 28 16 32 27 23 2 6 56 14 57 3 3 165 7 183 27 138 2 9 156 16 124 3 6 179 11 165 28 207 3 10 29 14 26 19 37 3 11 147 29 120 30 141 3 12 170 21 167 26 148 3 2 29 8 40 27 31 2 5 93 13 80 3 14 198 19 152 21 189 1 15 61 3 10 29 14 27 19 37 2 1 61 30 69 2 16 81 21 109 2 6 40 17 27 2 8 193 18 170 3 15 141 20 110 29 149 3 9 111 19 105 26 83 2 18 14 22 13 3 5 88 15 88 20 77 3 6 115 21 116 24 116 2 1 197 3 156 3 23 88 27 113 30 114 3 18 185 24 204 25 167 3 5 96 15 108 20 97 3 7 208 17 152 25 183
37 3 1 118 6 150 10 161 3 19 62 26 64 28 59 3 1 119 6 116 10 119 2 2 181 7 213 3 19 70 26 65 28 75 3 8 103 24 104 28 101 2 1 150 3 203 3 6 179 11 214 28 214 3 4 47 12 36 27 42 3 15 147 20 146 29 115 4 5 30 8 28 16 32 27 23 2 6 56 14 57 3 3 165 7 183 27 138 2 9 156 16 124 3 6 179 11 165 28 207 3 10 29 14 26 19 37 3 11 147 29 120 30 141 3 12 170 21 167 26 148 3 2 29 8 40 27 31 2 5 93 13 80 3 14 198 19 152 21 189 1 15 61 3 10 29 14 27 19 37 2 1 61 30 69 2 16 81 21 109 2 6 40 17 27 2 8 193 18 170 3 15 141 20 110 29 149 3 9 111 19 105 26 83 2 18 14 22 13 3 5 88 15 88 20 77 3 6 115 21 116 24 116 2 1 197 3 156 3 23 88 27 113 30 114 3 18 185 24 204 25 167 3 5 96 15 108 20 97 3 7 208 17 152 25 183
33 3 1 172 6 172 10 117 2 18 15 22 12 3 11 147 29 145 30 134 2 9 111 16 145 4 5 26 8 28 16 30 27 23 3 3 185 7 197 27 172 3 9 108 19 90 26 85 2 2 161 7 233 3 12 151 21 164 26 127 2 18 15 22 15 2 1 165 3 208 3 4 39 12 41 27 47 2 6 55 14 48 2 1 84 30 60 1 15 49 3 8 119 24 102 28 106 3 10 29 14 27 19 34 3 9 95 19 106 26 93 3 2 36 8 35 27 29 3 14 211 19 204 21 162 2 5 90 13 97 2 16 86 21 86 2 6 30 17 35 3 23 92 27 84 30 96 2 8 150 18 194 2 9 126 16 108 3 5 84 15 82 20 91 3 19 79 26 66 28 67 3 18 198 24 183 25 166 3 15 105 20 145 29 128 3 6 150 21 149 24 118 3 7 169 17 213 25 198 3 6 194 11 209 28 196
33 3 1 172 6 172 10 117 2 18 15 22 12 3 11 147 29 145 30 134 2 9 111 16 145 4 5 26 8 28 16 30 27 23 3 3 185 7 197 27 172 3 9 108 19 90 26 85 2 2 161 7 233 3 12 151 21 164 26 127 2 18 15 22 15 2 1 165 3 208 3 4 39 12 41 27 47 2 6 55 14 48 2 1 84 30 60 1 15 49 3 8 119 24 102 28 106 3 10 29 14 27 19 34 3 9 95 19 106 26 93 3 2 36 8 35 27 29 3 14 211 19 204 21 162 2 5 90 13 97 2 16 86 21 86 2 6 30 17 35 3 23 92 27 84 30 96 2 8 150 18 194 2 9 126 16 108 3 5 84 15 82 20 91 3 19 79 26 66 28 67 3 18 198 24 183 25 166 3 15 105 20 145 29 128 3 6 150 21 149 24 118 3 7 169 17 213 25 198 3 6 194 11 209 28 196
38 3 1 165 6 139 10 151 3 4 34 12 35 27 43 3 1 145 6 158 10 125 3 6 212 11 197 28 148 3 4 39 12 32 27 38 3 3 145 7 134 27 155 3 15 149 20 133 29 148 2 2 161 7 223 3 11 143 29 127 30 140 3 6 177 11 189 28 213 3 14 215 19 203 21 202 3 6 163 11 196 28 176 2 1 194 3 167 4 5 29 8 29 16 25 27 25 2 6 57 14 42 3 8 104 24 128 28 126 2 8 162 18 146 2 9 130 16 108 3 10 28 14 30 19 36 3 6 113 21 141 24 147 2 18 11 22 14 3 3 145 7 170 27 139 3 12 133 21 136 26 163 2 16 95 21 110 2 5 80 13 90 3 14 212 19 164 21 207 1 15 61 2 6 32 17 33 4 5 22 8 31 16 23 27 24 3 9 101 19 94 26 97 3 5 100 15 104 20 84 3 23 91 27 105 30 111 2 1 69 30 73 3 18 218 24 205 25 189 3 6 148 11 185 28 154 3 19 81 26 73 28 65 3 7 163 17 175 25 191 3 2 30 8 41 27 32
38 3 1 165 6 139 10 151 3 4 34 12 35 27 43 3 1 145 6 158 10 125 3 6 212 11 197 28 148 3 4 39 12 32 27 38 3 3 145 7 134 27 155 3 15 149 20 133 29 148 2 2 161 7 223 3 11 143 29 127 30 140 3 6 177 11 189 28 213 3 14 215 19 203 21 202 3 6 163 11 196 28 176 2 1 194 3 167 4 5 29 8 29 16 25 27 25 2 6 57 14 42 3 8 104 24 128 28 126 2 8 162 18 146 2 9 130 16 108 3 10 28 14 30 19 36 3 6 113 21 141 24 147 2 18 11 22 14 3 3 145 7 170 27 139 3 12 133 21 136 26 163 2 16 95 21 110 2 5 80 13 90 3 14 212 19 164 21 207 1 15 61 2 6 32 17 33 4 5 22 8 31 16 23 27 24 3 9 101 19 94 26 97 3 5 100 15 104 20 84 3 23 91 27 105 30 111 2 1 69 30 73 3 18 218 24 205 25 189 3 6 148 11 185 28 154 3 19 81 26 73 28 65 3 7 163 17 175 25 191 3 2 30 8 41 27 32
38 2 8 167 18 185 2 6 37 17 39 2 8 155 18 169 3 1 167 6 126 10 115 2 8 176 18 188 2 2 173 7 174 2 1 151 3 178 2 16 86 21 94 2 9 132 16 146 2 5 80 13 99 3 4 38 12 47 27 38 3 12 153 21 150 26 159 2 2 214 7 175 4 5 31 8 26 16 25 27 24 2 6 45 14 45 3 5 102 15 86 20 76 3 1 156 6 150 10 170 3 23 99 27 115 30 88 3 4 44 12 32 27 45 3 14 218 19 172 21 220 3 3 176 7 144 27 177 2 9 143 16 119 3 8 117 24 104 28 113 3 9 82 19 89 26 96 3 10 37 14 34 19 36 3 11 140 29 107 30 142 1 15 64 2 1 70 30 69 3 6 147 21 110 24 147 2 1 67 30 65 2 18 13 22 10 3 18 217 24 208 25 209 3 2 33 8 35 27 36 3 7 192 17 171 25 224 2 9 152 16 145 3 19 62 26 54 28 69 3 6 174 11 212 28 179 3 15 121 20 125 29 141
34 3 1 168 6 150 10 145 3 6 143 21 115 24 126 2 8 182 18 161 2 2 211 7 205 2 1 141 3 165 4 5 23 8 27 16 23 27 30 2 2 159 7 197 3 4 47 12 43 27 40 3 6 159 11 163 28 154 2 6 48 14 45 3 3 183 7 168 27 149 3 8 127 24 112 28 97 3 14 183 19 180 21 182 3 23 92 27 83 30 81 2 9 120 16 132 3 19 59 26 78 28 61 3 10 32 14 30 19 31 3 11 108 29 135 30 124 3 12 158 21 161 26 174 2 5 86 13 79 3 1 163 6 130 10 155 1 15 59 2 18 14 22 11 2 6 42 14 57 3 9 94 19 90 26 91 2 16 93 21 109 2 6 39 17 36 3 5 96 15 103 20 88 3 18 154 24 222 25 204 3 7 158 17 206 25 194 3 2 31 8 32 27 41 2 1 72 30 66 3 9 112 19 109 26 83 3 15 118 20 148 29 151
34 3 1 168 6 150 10 145 3 6 143 21 115 24 126 2 8 182 18 161 2 2 211 7 205 2 1 141 3 165 4 5 23 8 27 16 23 27 30 2 2 159 7 197 3 4 47 12 43 27 40 3 6 159 11 163 28 154 2 6 48 14 45 3 3 183 7 168 27 149 3 8 127 24 112 28 97 3 14 183 19 180 21 182 3 23 92 27 83 30 81 2 9 120 16 132 3 19 59 26 78 28 61 3 10 32 14 30 19 31 3 11 108 29 135 30 124 3 12 158 21 161 26 174 2 5 86 13 79 3 1 163 6 130 10 155 1 15 59 2 18 14 22 11 2 6 42 14 57 3 9 94 19 90 26 91 2 16 93 21 109 2 6 39 17 36 3 5 96 15 103 20 88 3 18 154 24 222 25 204 3 7 158 17 206 25 194 3 2 31 8 32 27 41 2 1 72 30 66 3 9 112 19 109 26 83 3 15 118 20 148 29 151
38 3 1 141 6 168 10 118 2 2 227 7 189 2 1 167 3 193 3 4 34 12 35 27 41 4 5 24 8 32 16 32 27 27 2 1 203 3 144 2 6 53 14 53 2 8 166 18 145 2 16 83 21 97 2 8 131 18 134 1 15 63 3 4 47 12 45 27 32 3 3 189 7 172 27 176 3 8 109 24 125 28 88 2 9 138 16 154 3 10 35 14 28 19 29 4 5 26 8 25 16 33 27 24 3 5 101 15 77 20 101 3 3 188 7 141 27 182 3 11 135 29 153 30 152 2 1 70 30 67 3 12 143 21 157 26 140 3 15 113 20 134 29 138 3 12 123 21 148 26 151 3 18 194 24 195 25 226 3 6 196 11 153 28 211 2 5 96 13 80 3 11 141 29 159 30 134 3 14 174 19 169 21 160 2 6 34 17 33 3 9 103 19 93 26 105 3 2 31 8 38 27 33 3 23 111 27 115 30 91 3 6 107 21 133 24 150 2 9 144 16 121 2 18 14 22 12 3 7 181 17 185 25 176 3 19 62 26 78 28 78
38 3 1 141 6 168 10 118 2 2 227 7 189 2 1 167 3 193 3 4 34 12 35 27 41 4 5 24 8 32 16 32 27 27 2 1 203 3 144 2 6 53 14 53 2 8 166 18 145 2 16 83 21 97 2 8 131 18 134 1 15 63 3 4 47 12 45 27 32 3 3 189 7 172 27 176 3 8 109 24 125 28 88 2 9 138 16 154 3 10 35 14 28 19 29 4 5 26 8 25 16 33 27 24 3 5 101 15 77 20 101 3 3 188 7 141 27 182 3 11 135 29 153 30 152 2 1 70 30 67 3 12 143 21 157 26 140 3 15 113 20 134 29 138 3 12 123 21 148 26 151 3 18 194 24 195 25 226 3 6 196 11 153 28 211 2 5 96 13 80 3 11 141 29 159 30 134 3 14 174 19 169 21 160 2 6 34 17 33 3 9 103 19 93 26 105 3 2 31 8 38 27 33 3 23 111 27 115 30 91 3 6 107 21 133 24 150 2 9 144 16 121 2 18 14 22 12 3 7 181 17 185 25 176 3 19 62 26 78 28 78
33 3 1 149 6 119 10 125 2 18 13 22 14 3 11 118 29 133 30 142 2 9 119 16 113 4 5 25 8 22 16 26 27 25 3 3 132 7 159 27 195 3 9 91 19 95 26 98 2 2 227 7 228 3 12 146 21 148 26 124 2 18 10 22 13 2 1 175 3 182 3 4 39 12 38 27 38 2 6 52 14 48 2 1 71 30 86 1 15 46 3 8 93 24 112 28 92 3 10 33 14 26 19 33 3 9 94 19 97 26 83 3 2 37 8 29 27 32 3 14 189 19 164 21 195 2 5 78 13 78 2 16 117 21 81 2 6 34 17 28 3 23 85 27 100 30 96 2 8 182 18 143 2 9 155 16 155 3 5 88 15 79 20 88 3 19 63 26 81 28 77 3 18 201 24 204 25 198 3 15 103 20 129 29 145 3 6 114 21 160 24 153 3 7 216 17 219 25 216 3 6 195 11 178 28 155
38 3 1 156 6 132 10 117 3 4 47 12 39 27 33 3 1 170 6 135 10 154 3 6 180 11 166 28 155 3 4 44 12 44 27 35 3 3 132 7 176 27 178 3 15 108 20 102 29 115 2 2 163 7 213 3 11 124 29 127 30 147 3 6 203 11 203 28 179 3 14 181 19 172 21 199 3 6 209 11 197 28 194 2 1 208 3 159 4 5 24 8 28 16 29 27 23 2 6 51 14 50 3 8 106 24 117 28 123 2 8 161 18 151 2 9 113 16 131 3 10 28 14 36 19 32 3 6 117 21 112 24 110 2 18 12 22 14 3 3 179 7 156 27 139 3 12 131 21 129 26 119 2 16 93 21 107 2 5 79 13 82 3 14 216 19 156 21 170 1 15 52 2 6 38 17 34 4 5 28 8 32 16 22 27 28 3 9 103 19 85 26 83 3 5 89 15 85 20 96 3 23 100 27 107 30 112 2 1 67 30 80 3 18 203 24 209 25 193 3 6 160 11 202 28 215 3 19 80 26 72 28 61 3 7 172 17 165 25 150 3 2 28 8 33 27 42
38 3 1 156 6 132 10 117 3 4 47 12 39 27 33 3 1 170 6 135 10 154 3 6 180 11 166 28 155 3 4 44 12 44 27 35 3 3 132 7 176 27 178 3 15 108 20 102 29 115 2 2 163 7 213 3 11 124 29 127 30 147 3 6 203 11 203 28 179 3 14 181 19 172 21 199 3 6 209 11 197 28 194 2 1 208 3 159 4 5 24 8 28 16 29 27 23 2 6 51 14 50 3 8 106 24 117 28 123 2 8 161 18 151 2 9 113 16 131 3 10 28 14 36 19 32 3 6 117 21 112 24 110 2 18 12 22 14 3 3 179 7 156 27 139 3 12 131 21 129 26 119 2 16 93 21 107 2 5 79 13 82 3 14 216 19 156 21 170 1 15 52 2 6 38 17 34 4 5 28 8 32 16 22 27 28 3 9 103 19 85 26 83 3 5 89 15 85 20 96 3 23 100 27 107 30 112 2 1 67 30 80 3 18 203 24 209 25 193 3 6 160 11 202 28 215 3 19 80 26 72 28 61 3 7 172 17 165 25 150 3 2 28 8 33 27 42
38 3 1 156 6 132 10 117 3 4 47 12 39 27 33 3 1 170 6 135 10 154 3 6 180 11 166 28 155 3 4 44 12 44 27 35 3 3 132 7 176 27 178 3 15 108 20 102 29 115 2 2 163 7 213 3 11 124 29 127 30 147 3 6 203 11 203 28 179 3 14 181 19 172 21 199 3 6 209 11 197 28 194 2 1 208 3 159 4 5 24 8 28 16 29 27 23 2 6 51 14 50 3 8 106 24 117 28 123 2 8 161 18 151 2 9 113 16 131 3 10 28 14 36 19 32 3 6 117 21 112 24 110 2 18 12 22 14 3 3 179 7 156 27 139 3 12 131 21 129 26 119 2 16 93 21 107 2 5 79 13 82 3 14 216 19 156 21 170 1 15 52 2 6 38 17 34 4 5 28 8 32 16 22 27 28 3 9 103 19 85 26 83 3 5 89 15 85 20 96 3 23 100 27 107 30 112 2 1 67 30 80 3 18 203 24 209 25 193 3 6 160 11 202 28 215 3 19 80 26 72 28 61 3 7 172 17 165 25 150 3 2 28 8 33 27 42
34 3 1 166 6 122 10 117 3 6 147 21 160 24 144 2 8 190 18 169 2 2 190 7 192 2 1 175 3 201 4 5 31 8 29 16 30 27 22 2 2 195 7 235 3 4 32 12 42 27 37 3 6 178 11 193 28 151 2 6 58 14 60 3 3 132 7 175 27 157 3 8 122 24 94 28 131 3 14 197 19 201 21 155 3 23 87 27 84 30 116 2 9 119 16 145 3 19 63 26 69 28 73 3 10 27 14 33 19 30 3 11 135 29 127 30 152 3 12 141 21 157 26 132 2 5 82 13 98 3 1 171 6 122 10 153 1 15 65 2 18 11 22 14 2 6 60 14 48 3 9 104 19 86 26 82 2 16 96 21 93 2 6 34 17 37 3 5 94 15 104 20 102 3 18 200 24 163 25 219 3 7 208 17 164 25 203 3 2 37 8 32 27 32 2 1 89 30 71 3 9 104 19 89 26 101 3 15 121 20 132 29 148
37 3 1 151 6 117 10 141 2 2 197 7 228 2 1 209 3 181 3 5 108 15 84 20 97 3 7 190 17 170 25 188 2 1 164 3 183 3 4 45 12 41 27 33 3 19 54 26 73 28 78 4 5 33 8 23 16 28 27 26 3 4 36 12 32 27 45 2 16 114 21 108 2 6 56 14 58 3 3 176 7 137 27 196 3 8 94 24 118 28 97 2 9 134 16 156 3 10 33 14 28 19 32 1 15 53 3 11 138 29 121 30 148 2 2 162 7 194 3 12 168 21 156 26 151 2 5 105 13 83 2 8 136 18 160 3 2 40 8 37 27 42 2 9 150 16 140 3 6 183 11 181 28 154 2 9 140 16 115 3 14 183 19 218 21 150 2 1 73 30 84 2 6 33 17 35 3 9 103 19 96 26 81 3 6 158 21 114 24 111 3 14 185 19 183 21 216 3 15 103 20 119 29 115 2 18 11 22 12 3 4 35 12 44 27 45 3 18 214 24 187 25 224 3 23 119 27 105 30 87
38 3 1 124 6 171 10 122 2 2 186 7 163 2 1 144 3 151 3 4 40 12 45 27 44 4 5 25 8 30 16 26 27 27 2 1 190 3 184 2 6 49 14 55 2 8 182 18 196 2 16 88 21 91 2 8 151 18 139 1 15 63 3 4 43 12 40 27 37 3 3 190 7 145 27 166 3 8 130 24 127 28 92 2 9 116 16 135 3 10 28 14 36 19 36 4 5 31 8 32 16 26 27 23 3 5 97 15 79 20 106 3 3 171 7 147 27 189 3 11 143 29 126 30 154 2 1 73 30 69 3 12 134 21 129 26 123 3 15 133 20 104 29 141 3 12 174 21 159 26 152 3 18 225 24 206 25 187 3 6 168 11 178 28 153 2 5 89 13 95 3 11 117 29 117 30 110 3 14 219 19 210 21 157 2 6 32 17 34 3 9 105 19 109 26 92 3 2 36 8 39 27 36 3 23 105 27 115 30 104 3 6 137 21 151 24 123 2 9 156 16 129 2 18 14 22 11 3 7 160 17 202 25 217 3 19 74 26 80 28 81
32 2 2 181 7 169 3 18 197 24 191 25 200 3 6 119 21 116 24 135 3 15 140 20 130 29 125 2 2 201 7 191 3 1 130 6 153 10 134 2 1 197 3 142 3 4 47 12 40 27 36 3 10 28 14 31 19 32 4 5 24 8 25 16 24 27 27 2 6 44 14 50 3 3 188 7 181 27 196 3 6 160 11 177 28 174 3 8 119 24 120 28 123 2 9 140 16 147 3 11 148 29 157 30 146 3 12 171 21 169 26 144 1 15 53 2 5 78 13 97 3 14 173 19 221 21 195 2 16 105 21 113 2 6 34 17 32 2 8 162 18 154 3 9 80 19 84 26 83 3 5 74 15 95 20 108 2 18 12 22 11 3 23 119 27 120 30 97 3 12 136 21 171 26 135 3 7 153 17 201 25 171 3 19 70 26 71 28 61 2 1 88 30 66 3 2 31 8 33 27 39
37 3 1 119 6 121 10 137 3 19 61 26 60 28 61 3 1 151 6 124 10 126 2 2 169 7 227 3 19 56 26 55 28 80 3 8 93 24 92 28 129 2 1 208 3 142 3 6 174 11 168 28 205 3 4 43 12 33 27 41 3 15 116 20 134 29 137 4 5 28 8 32 16 33 27 22 2 6 47 14 43 3 3 144 7 157 27 175 2 9 120 16 142 3 6 185 11 211 28 172 3 10 37 14 35 19 35 3 11 138 29 143 30 120 3 12 166 21 148 26 164 3 2 38 8 43 27 37 2 5 106 13 90 3 14 171 19 185 21 191 1 15 50 3 10 29 14 36 19 31 2 1 89 30 88 2 16 116 21 80 2 6 35 17 30 2 8 185 18 194 3 15 130 20 108 29 114 3 9 103 19 104 26 93 2 18 12 22 14 3 5 106 15 83 20 78 3 6 155 21 140 24 159 2 1 157 3 163 3 23 102 27 114 30 96 3 18 200 24 165 25 207 3 5 82 15 104 20 86 3 7 153 17 154 25 170
DUE_DATES: 6907 6907 5942 5942 5942 6667 5799 6501 6501 6501 5914 5881 5881 6527 6527 6058 6058 6058 6617 6617 5575 5575 6123 6123 6123 5598 6940 6043 6059 6059 6546 6546 5663 5663 6991 6991 6978 5934 5934 6824 6824 5606 6851 6851 6851 6119 6735 6812 5806 6498
WEIGHTS: 2 1 2 3 2 1 1 1 2 2 1 1 2 2 3 3 3 2 3 2 2 1 3 3 3 2 1 1 3 3 3 2 3 1 3 2 2 2 3 3 3 3 3 2 1 2 1 1 2 3
