50 30
39 2 2 120 8 132 3 6 63 27 74 29 63 2 13 148 30 191 2 2 100 8 120 3 1 173 15 218 24 199 2 3 140 22 102 3 12 146 20 131 25 128 3 2 214 14 155 28 183 3 6 86 27 84 29 80 3 6 145 13 116 24 152 3 3 191 7 158 29 184 3 6 116 13 161 24 124 2 4 96 7 114 2 3 107 5 106 3 3 142 7 165 29 175 1 17 98 3 12 125 20 111 25 137 2 6 174 13 196 3 7 136 12 150 18 158 2 13 128 26 129 3 3 124 9 96 30 113 2 8 103 25 133 3 6 137 13 160 24 138 3 10 72 19 68 20 69 3 5 127 11 130 13 130 2 8 135 25 115 3 12 80 13 102 15 94 3 10 85 19 64 20 71 2 22 101 23 85 3 9 165 11 137 28 153 2 6 156 13 166 3 6 18 14 15 20 15 2 6 57 15 66 3 3 132 26 102 30 101 3 5 165 16 130 18 149 3 17 161 19 205 21 232 2 11 109 18 119 3 2 150 9 144 19 136 3 11 208 16 201 27 216
39 2 2 120 8 132 3 6 63 27 74 29 63 2 13 148 30 191 2 2 100 8 120 3 1 173 15 218 24 199 2 3 140 22 102 3 12 146 20 131 25 128 3 2 214 14 155 28 183 3 6 86 27 84 29 80 3 6 145 13 116 24 152 3 3 191 7 158 29 184 3 6 116 13 161 24 124 2 4 96 7 114 2 3 107 5 106 3 3 142 7 165 29 175 1 17 98 3 12 125 20 111 25 137 2 6 174 13 196 3 7 136 12 150 18 158 2 13 128 26 129 3 3 124 9 96 30 113 2 8 103 25 133 3 6 137 13 160 24 138 3 10 72 19 68 20 69 3 5 127 11 130 13 130 2 8 135 25 115 3 12 80 13 102 15 94 3 10 85 19 64 20 71 2 22 101 23 85 3 9 165 11 137 28 153 2 6 156 13 166 3 6 18 14 15 20 15 2 6 57 15 66 3 3 132 26 102 30 101 3 5 165 16 130 18 149 3 17 161 19 205 21 232 2 11 109 18 119 3 2 150 9 144 19 136 3 11 208 16 201 27 216
39 2 2 120 8 132 3 6 63 27 74 29 63 2 13 148 30 191 2 2 100 8 120 3 1 173 15 218 24 199 2 3 140 22 102 3 12 146 20 131 25 128 3 2 214 14 155 28 183 3 6 86 27 84 29 80 3 6 145 13 116 24 152 3 3 191 7 158 29 184 3 6 116 13 161 24 124 2 4 96 7 114 2 3 107 5 106 3 3 142 7 165 29 175 1 17 98 3 12 125 20 111 25 137 2 6 174 13 196 3 7 136 12 150 18 158 2 13 128 26 129 3 3 124 9 96 30 113 2 8 103 25 133 3 6 137 13 160 24 138 3 10 72 19 68 20 69 3 5 127 11 130 13 130 2 8 135 25 115 3 12 80 13 102 15 94 3 10 85 19 64 20 71 2 22 101 23 85 3 9 165 11 137 28 153 2 6 156 13 166 3 6 18 14 15 20 15 2 6 57 15 66 3 3 132 26 102 30 101 3 5 165 16 130 18 149 3 17 161 19 205 21 232 2 11 109 18 119 3 2 150 9 144 19 136 3 11 208 16 201 27 216
37 3 1 215 15 197 24 180 3 2 189 14 220 28 178 3 5 162 11 143 13 142 2 8 138 25 107 3 3 177 7 183 29 166 2 4 112 7 133 2 3 90 5 119 2 13 175 30 176 2 6 218 13 186 3 3 163 7 154 29 147 3 12 133 20 135 25 134 3 7 169 12 185 18 146 2 3 111 22 117 2 13 186 30 154 2 2 109 8 124 3 3 119 9 92 30 102 3 3 102 26 103 30 98 2 6 70 15 62 3 10 79 19 79 20 71 2 3 103 5 99 3 12 92 13 95 15 89 3 6 20 14 16 20 17 3 5 158 16 161 18 130 2 4 101 7 102 1 17 96 2 11 114 18 111 2 6 158 13 216 3 2 172 9 185 19 141 2 2 122 8 101 3 9 166 11 171 28 145 2 22 100 23 81 3 2 177 14 179 28 210 3 17 169 19 192 21 236 3 6 128 13 154 24 155 2 13 109 26 146 3 11 225 16 179 27 229 3 6 71 27 70 29 68
37 3 1 215 15 197 24 180 3 2 189 14 220 28 178 3 5 162 11 143 13 142 2 8 138 25 107 3 3 177 7 183 29 166 2 4 112 7 133 2 3 90 5 119 2 13 175 30 176 2 6 218 13 186 3 3 163 7 154 29 147 3 12 133 20 135 25 134 3 7 169 12 185 18 146 2 3 111 22 117 2 13 186 30 154 2 2 109 8 124 3 3 119 9 92 30 102 3 3 102 26 103 30 98 2 6 70 15 62 3 10 79 19 79 20 71 2 3 103 5 99 3 12 92 13 95 15 89 3 6 20 14 16 20 17 3 5 158 16 161 18 130 2 4 101 7 102 1 17 96 2 11 114 18 111 2 6 158 13 216 3 2 172 9 185 19 141 2 2 122 8 101 3 9 166 11 171 28 145 2 22 100 23 81 3 2 177 14 179 28 210 3 17 169 19 192 21 236 3 6 128 13 154 24 155 2 13 109 26 146 3 11 225 16 179 27 229 3 6 71 27 70 29 68
32 3 3 141 26 96 30 118 2 4 108 7 112 3 1 185 15 182 24 169 3 5 149 16 141 18 123 2 4 135 7 102 3 2 211 14 191 28 151 2 2 126 8 118 3 3 158 7 133 29 130 2 13 158 26 146 2 3 112 5 133 3 9 117 11 119 28 161 2 6 216 13 207 3 7 171 12 172 18 195 3 3 111 9 106 30 110 3 10 68 19 61 20 61 3 5 141 11 124 13 159 3 12 100 13 113 15 83 3 11 197 16 190 27 221 2 13 177 30 148 3 3 185 7 132 29 146 3 6 20 14 16 20 19 2 6 70 15 65 1 17 131 3 17 185 19 163 21 198 2 22 86 23 72 2 8 144 25 128 2 11 134 18 111 3 2 154 9 179 19 183 3 12 112 20 118 25 118 2 3 96 22 136 3 6 158 13 145 24 146 3 6 74 27 79 29 93
32 3 3 141 26 96 30 118 2 4 108 7 112 3 1 185 15 182 24 169 3 5 149 16 141 18 123 2 4 135 7 102 3 2 211 14 191 28 151 2 2 126 8 118 3 3 158 7 133 29 130 2 13 158 26 146 2 3 112 5 133 3 9 117 11 119 28 161 2 6 216 13 207 3 7 171 12 172 18 195 3 3 111 9 106 30 110 3 10 68 19 61 20 61 3 5 141 11 124 13 159 3 12 100 13 113 15 83 3 11 197 16 190 27 221 2 13 177 30 148 3 3 185 7 132 29 146 3 6 20 14 16 20 19 2 6 70 15 65 1 17 131 3 17 185 19 163 21 198 2 22 86 23 72 2 8 144 25 128 2 11 134 18 111 3 2 154 9 179 19 183 3 12 112 20 118 25 118 2 3 96 22 136 3 6 158 13 145 24 146 3 6 74 27 79 29 93
32 3 3 141 26 96 30 118 2 4 108 7 112 3 1 185 15 182 24 169 3 5 149 16 141 18 123 2 4 135 7 102 3 2 211 14 191 28 151 2 2 126 8 118 3 3 158 7 133 29 130 2 13 158 26 146 2 3 112 5 133 3 9 117 11 119 28 161 2 6 216 13 207 3 7 171 12 172 18 195 3 3 111 9 106 30 110 3 10 68 19 61 20 61 3 5 141 11 124 13 159 3 12 100 13 113 15 83 3 11 197 16 190 27 221 2 13 177 30 148 3 3 185 7 132 29 146 3 6 20 14 16 20 19 2 6 70 15 65 1 17 131 3 17 185 19 163 21 198 2 22 86 23 72 2 8 144 25 128 2 11 134 18 111 3 2 154 9 179 19 183 3 12 112 20 118 25 118 2 3 96 22 136 3 6 158 13 145 24 146 3 6 74 27 79 29 93
34 3 1 210 15 162 24 158 3 2 184 14 212 28 151 2 6 184 13 171 3 3 173 7 175 29 171 2 3 113 22 97 2 4 118 7 101 2 3 96 5 114 3 7 185 12 183 18 167 2 4 110 7 125 2 22 83 23 73 2 2 121 8 115 3 3 126 9 95 30 125 1 17 101 3 12 89 13 103 15 90 3 2 193 9 132 19 188 3 10 76 19 85 20 87 3 3 103 26 105 30 124 3 5 113 11 120 13 132 2 13 178 30 176 3 17 213 19 226 21 227 2 6 64 15 73 2 13 149 30 173 3 6 20 14 17 20 16 3 11 162 16 225 27 161 3 5 132 16 170 18 138 2 4 105 7 120 3 6 65 27 64 29 63 2 11 110 18 104 3 12 110 20 106 25 142 2 6 55 15 74 3 6 165 13 142 24 142 2 8 104 25 145 2 13 111 26 152 3 9 150 11 124 28 119
32 2 13 153 26 113 3 1 168 15 206 24 202 3 2 189 14 167 28 150 2 3 131 5 120 1 17 108 3 3 163 7 154 29 193 2 4 98 7 99 2 6 179 13 182 3 7 184 12 187 18 179 2 13 190 30 158 2 2 119 8 115 3 3 115 9 106 30 96 3 10 63 19 66 20 71 3 5 132 11 111 13 158 3 6 21 14 21 20 16 3 12 116 13 85 15 105 2 6 71 15 68 3 17 191 19 200 21 169 3 6 90 27 86 29 69 3 5 141 16 151 18 140 2 11 97 18 138 2 4 102 7 128 2 3 128 22 140 3 1 203 15 172 24 223 3 2 143 9 131 19 138 3 12 135 20 141 25 142 2 22 72 23 69 3 6 143 13 131 24 140 2 8 109 25 105 3 11 208 16 195 27 180 3 9 121 11 173 28 163 3 3 115 26 130 30 110
32 2 13 153 26 113 3 1 168 15 206 24 202 3 2 189 14 167 28 150 2 3 131 5 120 1 17 108 3 3 163 7 154 29 193 2 4 98 7 99 2 6 179 13 182 3 7 184 12 187 18 179 2 13 190 30 158 2 2 119 8 115 3 3 115 9 106 30 96 3 10 63 19 66 20 71 3 5 132 11 111 13 158 3 6 21 14 21 20 16 3 12 116 13 85 15 105 2 6 71 15 68 3 17 191 19 200 21 169 3 6 90 27 86 29 69 3 5 141 16 151 18 140 2 11 97 18 138 2 4 102 7 128 2 3 128 22 140 3 1 203 15 172 24 223 3 2 143 9 131 19 138 3 12 135 20 141 25 142 2 22 72 23 69 3 6 143 13 131 24 140 2 8 109 25 105 3 11 208 16 195 27 180 3 9 121 11 173 28 163 3 3 115 26 130 30 110
39 3 6 80 27 79 29 67 3 1 232 15 174 24 194 3 2 178 14 222 28 215 3 1 219 15 169 24 178 3 12 112 20 107 25 111 3 3 172 7 191 29 179 3 2 220 14 166 28 220 2 4 123 7 101 2 3 128 5 124 2 4 112 7 136 1 17 97 2 6 216 13 180 2 22 69 23 88 3 5 169 16 139 18 174 3 7 168 12 176 18 156 3 1 208 15 190 24 178 2 2 139 8 120 3 3 99 9 123 30 112 3 10 90 19 78 20 90 2 2 108 8 109 3 2 178 9 165 19 191 3 5 157 11 129 13 151 3 12 113 13 94 15 119 3 17 208 19 224 21 206 3 12 108 13 106 15 104 2 13 175 30 169 3 6 19 14 18 20 15 2 6 71 15 69 2 3 133 22 108 2 11 126 18 130 3 6 158 13 128 24 157 3 2 165 14 154 28 201 2 13 123 26 137 2 3 122 22 96 2 8 145 25 140 3 11 158 16 190 27 219 3 9 153 11 168 28 159 3 3 125 9 129 30 113 3 3 135 26 124 30 96
40 3 1 201 15 209 24 221 3 2 184 14 222 28 182 3 1 175 15 171 24 183 3 3 142 7 129 29 129 2 13 163 30 153 2 4 114 7 138 3 2 198 14 182 28 199 2 3 105 5 108 3 1 222 15 193 24 207 2 6 195 13 209 3 2 177 14 208 28 174 3 7 155 12 131 18 158 2 13 149 30 182 2 2 110 8 106 3 3 97 9 127 30 120 2 11 121 18 106 2 4 124 7 133 1 17 112 3 10 72 19 73 20 86 3 2 210 14 206 28 196 3 3 107 26 117 30 99 3 5 177 16 173 18 161 3 5 125 11 153 13 146 2 3 132 22 132 3 5 166 16 126 18 150 3 11 168 16 199 27 176 3 12 80 13 80 15 115 3 6 21 14 21 20 19 2 22 101 23 100 2 13 109 26 128 2 6 53 15 72 3 2 135 9 180 19 138 3 12 146 20 147 25 134 3 17 222 19 181 21 202 3 6 121 13 165 24 115 2 8 144 25 132 3 3 123 9 100 30 130 3 9 131 11 128 28 123 3 6 14 14 20 20 16 3 6 84 27 65 29 87
37 3 1 180 15 167 24 168 3 2 212 14 159 28 211 3 3 186 7 174 29 177 2 4 138 7 99 3 9 160 11 148 28 158 3 6 160 13 144 24 127 3 2 131 9 165 19 155 2 3 102 5 101 2 6 203 13 167 3 3 97 9 112 30 122 3 7 177 12 181 18 147 2 2 106 8 122 3 10 82 19 74 20 85 2 2 138 8 127 2 22 90 23 97 3 5 132 11 144 13 125 3 1 176 15 200 24 199 3 12 105 13 116 15 117 2 13 160 30 162 3 10 63 19 83 20 89 3 6 19 14 19 20 14 3 10 84 19 78 20 89 3 6 90 27 85 29 81 3 10 70 19 72 20 82 2 11 108 18 142 2 6 73 15 78 3 11 194 16 228 27 205 3 5 135 16 179 18 127 2 6 187 13 163 1 17 107 3 12 134 20 119 25 100 2 13 154 26 109 3 17 181 19 234 21 238 3 11 190 16 191 27 193 3 3 121 26 139 30 101 2 3 98 22 140 2 8 109 25 103
37 3 1 180 15 167 24 168 3 2 212 14 159 28 211 3 3 186 7 174 29 177 2 4 138 7 99 3 9 160 11 148 28 158 3 6 160 13 144 24 127 3 2 131 9 165 19 155 2 3 102 5 101 2 6 203 13 167 3 3 97 9 112 30 122 3 7 177 12 181 18 147 2 2 106 8 122 3 10 82 19 74 20 85 2 2 138 8 127 2 22 90 23 97 3 5 132 11 144 13 125 3 1 176 15 200 24 199 3 12 105 13 116 15 117 2 13 160 30 162 3 10 63 19 83 20 89 3 6 19 14 19 20 14 3 10 84 19 78 20 89 3 6 90 27 85 29 81 3 10 70 19 72 20 82 2 11 108 18 142 2 6 73 15 78 3 11 194 16 228 27 205 3 5 135 16 179 18 127 2 6 187 13 163 1 17 107 3 12 134 20 119 25 100 2 13 154 26 109 3 17 181 19 234 21 238 3 11 190 16 191 27 193 3 3 121 26 139 30 101 2 3 98 22 140 2 8 109 25 103
36 3 1 218 15 198 24 188 3 6 16 14 19 20 18 3 2 204 14 206 28 207 2 3 135 22 128 3 3 133 7 141 29 192 2 13 145 30 164 3 3 158 7 143 29 160 2 13 121 26 148 3 7 179 12 193 18 162 3 3 92 9 130 30 121 2 4 105 7 97 3 3 130 26 132 30 97 2 3 118 5 95 2 6 204 13 222 2 2 125 8 107 3 1 209 15 221 24 231 3 10 72 19 89 20 88 1 17 104 3 5 152 11 127 13 116 3 2 160 9 180 19 187 2 13 207 30 185 3 12 111 13 117 15 88 2 6 54 15 53 3 5 125 16 138 18 153 2 11 119 18 104 3 10 86 19 83 20 66 3 12 108 20 127 25 129 3 17 222 19 169 21 162 2 22 83 23 72 3 6 133 13 128 24 145 2 8 136 25 115 2 13 170 30 183 3 11 187 16 216 27 225 3 17 208 19 236 21 212 3 9 144 11 138 28 169 3 6 79 27 93 29 65
39 3 12 85 13 99 15 110 3 1 176 15 200 24 185 3 2 188 14 203 28 172 3 10 77 19 71 20 74 3 3 193 7 169 29 189 2 4 102 7 120 3 17 199 19 194 21 208 2 3 113 5 121 3 10 88 19 86 20 82 3 2 164 9 165 19 177 2 4 116 7 127 2 6 158 13 194 3 7 179 12 138 18 166 2 6 150 13 205 2 2 120 8 101 2 8 103 25 100 3 5 155 11 128 13 158 2 6 202 13 215 3 3 106 9 106 30 99 2 13 154 30 197 1 17 142 3 6 20 14 20 20 17 2 2 113 8 132 2 6 62 15 57 3 5 127 16 167 18 143 2 11 114 18 130 3 12 139 20 139 25 120 2 11 113 18 101 2 3 133 22 109 2 22 93 23 95 2 13 160 30 140 3 6 157 13 126 24 128 2 8 127 25 120 3 3 107 26 125 30 112 2 13 137 26 131 3 9 156 11 168 28 161 3 5 148 16 183 18 175 3 6 72 27 75 29 76 3 11 181 16 236 27 166
37 3 1 232 15 178 24 196 3 2 221 14 154 28 153 3 5 148 11 116 13 142 2 8 120 25 103 3 3 161 7 131 29 153 2 4 108 7 95 2 3 91 5 134 2 13 150 30 152 2 6 185 13 173 3 3 132 7 144 29 176 3 12 118 20 118 25 111 3 7 160 12 154 18 144 2 3 118 22 102 2 13 207 30 140 2 2 142 8 113 3 3 99 9 130 30 127 3 3 107 26 101 30 120 2 6 57 15 66 3 10 89 19 84 20 88 2 3 99 5 127 3 12 103 13 92 15 86 3 6 18 14 20 20 19 3 5 124 16 166 18 162 2 4 100 7 113 1 17 112 2 11 118 18 105 2 6 214 13 208 3 2 140 9 140 19 143 2 2 103 8 98 3 9 151 11 138 28 168 2 22 69 23 100 3 2 194 14 211 28 193 3 17 228 19 200 21 190 3 6 128 13 139 24 139 2 13 115 26 155 3 11 185 16 166 27 168 3 6 85 27 62 29 79
36 3 6 141 13 121 24 157 3 1 221 15 162 24 164 3 2 209 14 207 28 184 3 3 141 7 156 29 148 2 4 130 7 113 3 2 220 14 159 28 210 3 12 114 20 119 25 123 2 3 125 5 133 3 6 18 14 19 20 15 1 17 103 3 2 148 14 189 28 213 2 6 219 13 210 3 7 147 12 160 18 132 2 2 144 8 100 2 13 152 26 153 3 3 98 9 99 30 115 3 10 68 19 79 20 74 2 11 137 18 143 2 4 120 7 111 3 5 160 11 158 13 156 3 12 88 13 87 15 101 3 10 61 19 69 20 78 2 13 189 30 153 2 3 98 22 123 2 6 60 15 63 2 13 186 30 199 3 5 162 16 136 18 165 3 2 169 9 151 19 177 3 17 179 19 225 21 215 2 3 111 22 138 2 8 142 25 133 3 9 121 11 168 28 154 2 22 101 23 79 3 11 161 16 218 27 226 3 6 90 27 72 29 77 3 3 125 26 103 30 110
34 3 1 159 15 203 24 215 3 2 200 14 161 28 177 2 6 159 13 216 3 3 162 7 144 29 140 2 3 102 22 127 2 4 115 7 97 2 3 133 5 124 3 7 162 12 139 18 168 2 4 112 7 118 2 22 75 23 74 2 2 104 8 130 3 3 89 9 105 30 88 1 17 103 3 12 110 13 81 15 94 3 2 163 9 166 19 141 3 10 90 19 87 20 63 3 3 116 26 138 30 107 3 5 140 11 144 13 132 2 13 143 30 156 3 17 209 19 232 21 212 2 6 75 15 59 2 13 177 30 205 3 6 17 14 16 20 15 3 11 215 16 169 27 184 3 5 127 16 174 18 173 2 4 97 7 122 3 6 64 27 76 29 93 2 11 122 18 98 3 12 102 20 126 25 138 2 6 69 15 62 3 6 163 13 140 24 148 2 8 111 25 137 2 13 132 26 126 3 9 118 11 173 28 138
34 3 1 159 15 203 24 215 3 2 200 14 161 28 177 2 6 159 13 216 3 3 162 7 144 29 140 2 3 102 22 127 2 4 115 7 97 2 3 133 5 124 3 7 162 12 139 18 168 2 4 112 7 118 2 22 75 23 74 2 2 104 8 130 3 3 89 9 105 30 88 1 17 103 3 12 110 13 81 15 94 3 2 163 9 166 19 141 3 10 90 19 87 20 63 3 3 116 26 138 30 107 3 5 140 11 144 13 132 2 13 143 30 156 3 17 209 19 232 21 212 2 6 75 15 59 2 13 177 30 205 3 6 17 14 16 20 15 3 11 215 16 169 27 184 3 5 127 16 174 18 173 2 4 97 7 122 3 6 64 27 76 29 93 2 11 122 18 98 3 12 102 20 126 25 138 2 6 69 15 62 3 6 163 13 140 24 148 2 8 111 25 137 2 13 132 26 126 3 9 118 11 173 28 138
34 3 1 159 15 203 24 215 3 2 200 14 161 28 177 2 6 159 13 216 3 3 162 7 144 29 140 2 3 102 22 127 2 4 115 7 97 2 3 133 5 124 3 7 162 12 139 18 168 2 4 112 7 118 2 22 75 23 74 2 2 104 8 130 3 3 89 9 105 30 88 1 17 103 3 12 110 13 81 15 94 3 2 163 9 166 19 141 3 10 90 19 87 20 63 3 3 116 26 138 30 107 3 5 140 11 144 13 132 2 13 143 30 156 3 17 209 19 232 21 212 2 6 75 15 59 2 13 177 30 205 3 6 17 14 16 20 15 3 11 215 16 169 27 184 3 5 127 16 174 18 173 2 4 97 7 122 3 6 64 27 76 29 93 2 11 122 18 98 3 12 102 20 126 25 138 2 6 69 15 62 3 6 163 13 140 24 148 2 8 111 25 137 2 13 132 26 126 3 9 118 11 173 28 138
34 3 1 159 15 203 24 215 3 2 200 14 161 28 177 2 6 159 13 216 3 3 162 7 144 29 140 2 3 102 22 127 2 4 115 7 97 2 3 133 5 124 3 7 162 12 139 18 168 2 4 112 7 118 2 22 75 23 74 2 2 104 8 130 3 3 89 9 105 30 88 1 17 103 3 12 110 13 81 15 94 3 2 163 9 166 19 141 3 10 90 19 87 20 63 3 3 116 26 138 30 107 3 5 140 11 144 13 132 2 13 143 30 156 3 17 209 19 232 21 212 2 6 75 15 59 2 13 177 30 205 3 6 17 14 16 20 15 3 11 215 16 169 27 184 3 5 127 16 174 18 173 2 4 97 7 122 3 6 64 27 76 29 93 2 11 122 18 98 3 12 102 20 126 25 138 2 6 69 15 62 3 6 163 13 140 24 148 2 8 111 25 137 2 13 132 26 126 3 9 118 11 173 28 138
34 3 1 159 15 203 24 215 3 2 200 14 161 28 177 2 6 159 13 216 3 3 162 7 144 29 140 2 3 102 22 127 2 4 115 7 97 2 3 133 5 124 3 7 162 12 139 18 168 2 4 112 7 118 2 22 75 23 74 2 2 104 8 130 3 3 89 9 105 30 88 1 17 103 3 12 110 13 81 15 94 3 2 163 9 166 19 141 3 10 90 19 87 20 63 3 3 116 26 138 30 107 3 5 140 11 144 13 132 2 13 143 30 156 3 17 209 19 232 21 212 2 6 75 15 59 2 13 177 30 205 3 6 17 14 16 20 15 3 11 215 16 169 27 184 3 5 127 16 174 18 173 2 4 97 7 122 3 6 64 27 76 29 93 2 11 122 18 98 3 12 102 20 126 25 138 2 6 69 15 62 3 6 163 13 140 24 148 2 8 111 25 137 2 13 132 26 126 3 9 118 11 173 28 138
39 2 2 132 8 102 3 6 67 27 64 29 85 2 13 157 30 183 2 2 116 8 135 3 1 199 15 222 24 212 2 3 120 22 115 3 12 107 20 131 25 136 3 2 188 14 164 28 199 3 6 75 27 70 29 84 3 6 119 13 114 24 132 3 3 190 7 151 29 149 3 6 113 13 154 24 128 2 4 101 7 112 2 3 110 5 107 3 3 189 7 176 29 180 1 17 110 3 12 104 20 141 25 104 2 6 153 13 160 3 7 133 12 185 18 170 2 13 123 26 143 3 3 108 9 94 30 113 2 8 120 25 124 3 6 141 13 129 24 120 3 10 81 19 70 20 61 3 5 116 11 135 13 140 2 8 149 25 146 3 12 103 13 94 15 101 3 10 82 19 91 20 66 2 22 85 23 102 3 9 165 11 154 28 146 2 6 181 13 169 3 6 21 14 20 20 19 2 6 75 15 75 3 3 99 26 119 30 122 3 5 146 16 148 18 128 3 17 159 19 222 21 214 2 11 133 18 97 3 2 178 9 141 19 166 3 11 180 16 171 27 206
34 3 1 198 15 216 24 168 3 2 165 14 167 28 206 3 3 151 7 150 29 155 2 4 130 7 116 2 3 101 5 118 3 2 190 9 160 19 158 2 6 165 13 194 2 4 109 7 109 2 2 123 8 97 3 2 189 9 170 19 132 3 7 183 12 151 18 181 3 3 96 9 103 30 128 2 22 94 23 101 3 10 66 19 69 20 80 2 6 59 15 70 3 5 116 11 125 13 113 3 12 94 13 81 15 105 2 13 152 30 141 3 6 14 14 20 20 19 2 3 134 22 125 2 6 168 13 187 3 5 180 16 154 18 162 2 13 152 26 106 1 17 138 3 10 68 19 84 20 88 3 6 70 27 83 29 89 3 17 191 19 223 21 166 2 11 131 18 101 3 6 148 13 144 24 146 2 8 118 25 130 3 12 123 20 108 25 134 3 9 161 11 122 28 171 3 11 191 16 170 27 217 3 3 113 26 123 30 129
34 3 1 198 15 216 24 168 3 2 165 14 167 28 206 3 3 151 7 150 29 155 2 4 130 7 116 2 3 101 5 118 3 2 190 9 160 19 158 2 6 165 13 194 2 4 109 7 109 2 2 123 8 97 3 2 189 9 170 19 132 3 7 183 12 151 18 181 3 3 96 9 103 30 128 2 22 94 23 101 3 10 66 19 69 20 80 2 6 59 15 70 3 5 116 11 125 13 113 3 12 94 13 81 15 105 2 13 152 30 141 3 6 14 14 20 20 19 2 3 134 22 125 2 6 168 13 187 3 5 180 16 154 18 162 2 13 152 26 106 1 17 138 3 10 68 19 84 20 88 3 6 70 27 83 29 89 3 17 191 19 223 21 166 2 11 131 18 101 3 6 148 13 144 24 146 2 8 118 25 130 3 12 123 20 108 25 134 3 9 161 11 122 28 171 3 11 191 16 170 27 217 3 3 113 26 123 30 129
35 3 1 223 15 215 24 207 3 2 203 14 212 28 165 3 1 231 15 209 24 198 3 3 145 7 134 29 183 2 4 114 7 128 2 3 109 5 97 2 13 184 30 165 3 9 174 11 133 28 143 3 2 194 9 181 19 182 3 6 73 27 79 29 69 2 8 115 25 145 2 6 204 13 169 3 7 144 12 142 18 164 2 2 141 8 132 3 3 121 9 125 30 91 2 3 95 5 98 3 10 85 19 77 20 78 3 5 157 16 167 18 165 3 12 88 13 89 15 83 2 4 112 7 117 3 5 117 11 146 13 142 3 6 19 14 16 20 20 3 12 95 13 116 15 105 2 6 61 15 65 3 3 110 26 108 30 120 1 17 132 2 11 102 18 137 3 2 182 9 164 19 144 3 12 104 20 139 25 127 3 17 168 19 187 21 219 2 3 117 22 129 2 22 75 23 97 3 6 151 13 111 24 145 2 13 132 26 137 3 11 203 16 207 27 226
39 3 6 140 13 163 24 126 3 1 206 15 223 24 164 3 3 106 9 132 30 115 1 17 127 3 6 142 13 139 24 142 3 2 193 14 193 28 215 3 7 176 12 166 18 158 2 13 155 26 151 3 3 178 7 166 29 178 2 13 153 26 148 2 4 96 7 106 2 3 120 5 113 3 6 154 13 138 24 160 2 6 184 13 168 2 13 194 30 207 2 6 174 13 172 3 10 66 19 84 20 68 2 2 103 8 135 1 17 96 3 5 159 11 127 13 137 3 12 113 13 90 15 104 3 5 178 16 180 18 146 2 3 100 22 98 2 2 105 8 134 3 6 14 14 21 20 16 2 4 124 7 103 3 12 112 20 134 25 141 3 10 74 19 82 20 86 2 6 63 15 67 2 11 135 18 132 3 2 147 9 192 19 142 2 22 74 23 76 3 6 83 27 67 29 85 3 17 174 19 169 21 237 2 8 121 25 105 1 17 128 3 9 131 11 153 28 148 3 11 210 16 235 27 202 3 3 116 26 139 30 124
33 1 17 109 2 2 138 8 118 3 1 212 15 221 24 212 3 2 172 14 191 28 190 3 3 135 7 140 29 168 2 4 111 7 96 2 3 134 5 122 2 3 140 22 135 2 6 163 13 203 3 7 195 12 192 18 136 3 3 115 9 119 30 111 3 10 89 19 64 20 87 3 3 131 9 127 30 95 3 5 124 11 127 13 137 2 22 87 23 88 3 12 80 13 116 15 86 2 6 63 15 74 2 13 161 30 148 3 6 17 14 18 20 20 3 5 149 16 172 18 138 2 11 141 18 114 3 3 114 26 105 30 102 3 2 222 14 212 28 211 2 8 146 25 105 3 2 146 9 188 19 133 3 12 128 20 117 25 134 2 3 111 5 103 3 17 209 19 204 21 218 3 11 192 16 227 27 194 3 6 147 13 153 24 138 2 13 150 26 134 3 9 165 11 133 28 136 3 6 75 27 72 29 88
33 1 17 109 2 2 138 8 118 3 1 212 15 221 24 212 3 2 172 14 191 28 190 3 3 135 7 140 29 168 2 4 111 7 96 2 3 134 5 122 2 3 140 22 135 2 6 163 13 203 3 7 195 12 192 18 136 3 3 115 9 119 30 111 3 10 89 19 64 20 87 3 3 131 9 127 30 95 3 5 124 11 127 13 137 2 22 87 23 88 3 12 80 13 116 15 86 2 6 63 15 74 2 13 161 30 148 3 6 17 14 18 20 20 3 5 149 16 172 18 138 2 11 141 18 114 3 3 114 26 105 30 102 3 2 222 14 212 28 211 2 8 146 25 105 3 2 146 9 188 19 133 3 12 128 20 117 25 134 2 3 111 5 103 3 17 209 19 204 21 218 3 11 192 16 227 27 194 3 6 147 13 153 24 138 2 13 150 26 134 3 9 165 11 133 28 136 3 6 75 27 72 29 88
37 3 1 189 15 168 24 194 3 2 170 14 219 28 172 3 3 169 7 147 29 134 2 4 124 7 121 3 9 123 11 124 28 169 3 6 135 13 122 24 112 3 2 135 9 176 19 177 2 3 91 5 118 2 6 216 13 154 3 3 99 9 104 30 114 3 7 166 12 155 18 150 2 2 143 8 139 3 10 66 19 68 20 80 2 2 128 8 139 2 22 80 23 84 3 5 153 11 161 13 154 3 1 182 15 205 24 211 3 12 106 13 118 15 110 2 13 172 30 197 3 10 74 19 88 20 61 3 6 18 14 21 20 17 3 10 74 19 85 20 63 3 6 78 27 68 29 76 3 10 74 19 74 20 77 2 11 100 18 113 2 6 74 15 61 3 11 223 16 174 27 217 3 5 151 16 146 18 157 2 6 164 13 203 1 17 141 3 12 126 20 126 25 136 2 13 148 26 137 3 17 212 19 231 21 223 3 11 221 16 173 27 163 3 3 115 26 97 30 132 2 3 118 22 129 2 8 118 25 143
34 3 1 223 15 223 24 170 3 2 181 14 200 28 205 2 13 159 30 152 3 3 142 7 141 29 184 3 12 92 13 111 15 103 2 4 130 7 120 2 3 95 5 120 2 4 115 7 136 2 6 213 13 196 2 3 104 22 107 3 3 98 9 109 30 114 3 7 178 12 185 18 176 2 2 107 8 105 3 10 73 19 60 20 74 3 5 111 11 118 13 161 3 6 19 14 17 20 20 1 17 109 3 9 161 11 126 28 173 3 10 78 19 83 20 80 2 22 90 23 71 3 2 158 9 161 19 138 2 6 72 15 66 2 13 111 26 144 2 13 167 30 157 3 5 156 16 134 18 153 3 10 67 19 88 20 66 3 3 120 26 138 30 124 3 6 158 13 134 24 125 2 11 101 18 107 2 8 119 25 146 3 12 136 20 111 25 118 3 17 191 19 201 21 222 3 11 172 16 233 27 169 3 6 79 27 92 29 72
34 3 1 223 15 223 24 170 3 2 181 14 200 28 205 2 13 159 30 152 3 3 142 7 141 29 184 3 12 92 13 111 15 103 2 4 130 7 120 2 3 95 5 120 2 4 115 7 136 2 6 213 13 196 2 3 104 22 107 3 3 98 9 109 30 114 3 7 178 12 185 18 176 2 2 107 8 105 3 10 73 19 60 20 74 3 5 111 11 118 13 161 3 6 19 14 17 20 20 1 17 109 3 9 161 11 126 28 173 3 10 78 19 83 20 80 2 22 90 23 71 3 2 158 9 161 19 138 2 6 72 15 66 2 13 111 26 144 2 13 167 30 157 3 5 156 16 134 18 153 3 10 67 19 88 20 66 3 3 120 26 138 30 124 3 6 158 13 134 24 125 2 11 101 18 107 2 8 119 25 146 3 12 136 20 111 25 118 3 17 191 19 201 21 222 3 11 172 16 233 27 169 3 6 79 27 92 29 72
34 3 1 214 15 225 24 166 3 2 210 14 159 28 157 2 13 144 30 161 3 3 169 7 141 29 190 3 12 87 13 105 15 84 2 4 113 7 104 2 3 126 5 107 2 4 138 7 114 2 6 184 13 221 2 3 118 22 132 3 3 116 9 126 30 94 3 7 195 12 180 18 135 2 2 127 8 100 3 10 70 19 76 20 62 3 5 159 11 160 13 123 3 6 15 14 15 20 18 1 17 128 3 9 159 11 170 28 157 3 10 70 19 77 20 68 2 22 70 23 96 3 2 160 9 157 19 160 2 6 60 15 66 2 13 123 26 142 2 13 140 30 208 3 5 136 16 172 18 147 3 10 68 19 82 20 88 3 3 130 26 139 30 128 3 6 148 13 158 24 113 2 11 137 18 140 2 8 135 25 124 3 12 117 20 106 25 147 3 17 203 19 227 21 183 3 11 234 16 224 27 170 3 6 75 27 91 29 70
34 3 1 214 15 225 24 166 3 2 210 14 159 28 157 2 13 144 30 161 3 3 169 7 141 29 190 3 12 87 13 105 15 84 2 4 113 7 104 2 3 126 5 107 2 4 138 7 114 2 6 184 13 221 2 3 118 22 132 3 3 116 9 126 30 94 3 7 195 12 180 18 135 2 2 127 8 100 3 10 70 19 76 20 62 3 5 159 11 160 13 123 3 6 15 14 15 20 18 1 17 128 3 9 159 11 170 28 157 3 10 70 19 77 20 68 2 22 70 23 96 3 2 160 9 157 19 160 2 6 60 15 66 2 13 123 26 142 2 13 140 30 208 3 5 136 16 172 18 147 3 10 68 19 82 20 88 3 3 130 26 139 30 128 3 6 148 13 158 24 113 2 11 137 18 140 2 8 135 25 124 3 12 117 20 106 25 147 3 17 203 19 227 21 183 3 11 234 16 224 27 170 3 6 75 27 91 29 70
36 3 1 190 15 224 24 197 3 6 21 14 16 20 17 3 2 215 14 217 28 203 2 3 141 22 130 3 3 143 7 189 29 168 2 13 199 30 208 3 3 165 7 158 29 188 2 13 159 26 155 3 7 142 12 131 18 189 3 3 116 9 129 30 109 2 4 111 7 135 3 3 103 26 137 30 111 2 3 101 5 92 2 6 188 13 201 2 2 120 8 123 3 1 186 15 231 24 168 3 10 68 19 66 20 63 1 17 133 3 5 129 11 152 13 148 3 2 185 9 136 19 179 2 13 200 30 140 3 12 102 13 119 15 109 2 6 78 15 55 3 5 145 16 159 18 158 2 11 142 18 133 3 10 90 19 83 20 86 3 12 136 20 137 25 140 3 17 174 19 178 21 227 2 22 92 23 86 3 6 121 13 149 24 119 2 8 124 25 109 2 13 196 30 179 3 11 222 16 185 27 169 3 17 237 19 218 21 201 3 9 155 11 121 28 119 3 6 85 27 80 29 86
36 3 1 190 15 224 24 197 3 6 21 14 16 20 17 3 2 215 14 217 28 203 2 3 141 22 130 3 3 143 7 189 29 168 2 13 199 30 208 3 3 165 7 158 29 188 2 13 159 26 155 3 7 142 12 131 18 189 3 3 116 9 129 30 109 2 4 111 7 135 3 3 103 26 137 30 111 2 3 101 5 92 2 6 188 13 201 2 2 120 8 123 3 1 186 15 231 24 168 3 10 68 19 66 20 63 1 17 133 3 5 129 11 152 13 148 3 2 185 9 136 19 179 2 13 200 30 140 3 12 102 13 119 15 109 2 6 78 15 55 3 5 145 16 159 18 158 2 11 142 18 133 3 10 90 19 83 20 86 3 12 136 20 137 25 140 3 17 174 19 178 21 227 2 22 92 23 86 3 6 121 13 149 24 119 2 8 124 25 109 2 13 196 30 179 3 11 222 16 185 27 169 3 17 237 19 218 21 201 3 9 155 11 121 28 119 3 6 85 27 80 29 86
36 3 1 190 15 224 24 197 3 6 21 14 16 20 17 3 2 215 14 217 28 203 2 3 141 22 130 3 3 143 7 189 29 168 2 13 199 30 208 3 3 165 7 158 29 188 2 13 159 26 155 3 7 142 12 131 18 189 3 3 116 9 129 30 109 2 4 111 7 135 3 3 103 26 137 30 111 2 3 101 5 92 2 6 188 13 201 2 2 120 8 123 3 1 186 15 231 24 168 3 10 68 19 66 20 63 1 17 133 3 5 129 11 152 13 148 3 2 185 9 136 19 179 2 13 200 30 140 3 12 102 13 119 15 109 2 6 78 15 55 3 5 145 16 159 18 158 2 11 142 18 133 3 10 90 19 83 20 86 3 12 136 20 137 25 140 3 17 174 19 178 21 227 2 22 92 23 86 3 6 121 13 149 24 119 2 8 124 25 109 2 13 196 30 179 3 11 222 16 185 27 169 3 17 237 19 218 21 201 3 9 155 11 121 28 119 3 6 85 27 80 29 86
36 2 11 106 18 96 3 6 62 27 92 29 78 2 11 114 18 132 3 17 232 19 172 21 219 3 1 231 15 176 24 225 2 11 132 18 124 2 3 108 22 103 3 6 113 13 129 24 115 3 2 185 14 208 28 187 2 11 125 18 102 3 3 151 7 160 29 171 2 6 78 15 73 2 4 134 7 132 3 6 113 13 143 24 145 2 3 96 5 97 3 2 137 9 181 19 182 2 6 198 13 208 3 7 193 12 131 18 173 3 17 230 19 200 21 233 3 3 120 26 103 30 113 3 11 207 16 216 27 225 2 2 125 8 100 3 12 113 13 96 15 91 3 5 141 16 143 18 166 3 3 122 9 115 30 114 3 10 72 19 88 20 73 3 5 145 11 126 13 152 2 13 203 30 171 3 6 143 13 116 24 146 3 6 14 14 18 20 20 1 17 126 3 12 126 20 114 25 118 2 22 96 23 76 2 8 147 25 139 2 13 141 26 139 3 9 118 11 123 28 141
36 2 11 106 18 96 3 6 62 27 92 29 78 2 11 114 18 132 3 17 232 19 172 21 219 3 1 231 15 176 24 225 2 11 132 18 124 2 3 108 22 103 3 6 113 13 129 24 115 3 2 185 14 208 28 187 2 11 125 18 102 3 3 151 7 160 29 171 2 6 78 15 73 2 4 134 7 132 3 6 113 13 143 24 145 2 3 96 5 97 3 2 137 9 181 19 182 2 6 198 13 208 3 7 193 12 131 18 173 3 17 230 19 200 21 233 3 3 120 26 103 30 113 3 11 207 16 216 27 225 2 2 125 8 100 3 12 113 13 96 15 91 3 5 141 16 143 18 166 3 3 122 9 115 30 114 3 10 72 19 88 20 73 3 5 145 11 126 13 152 2 13 203 30 171 3 6 143 13 116 24 146 3 6 14 14 18 20 20 1 17 126 3 12 126 20 114 25 118 2 22 96 23 76 2 8 147 25 139 2 13 141 26 139 3 9 118 11 123 28 141
32 3 3 111 26 103 30 116 2 4 114 7 128 3 1 207 15 227 24 230 3 5 171 16 129 18 181 2 4 97 7 104 3 2 153 14 191 28 214 2 2 97 8 135 3 3 190 7 160 29 181 2 13 137 26 133 2 3 112 5 131 3 9 159 11 121 28 134 2 6 157 13 208 3 7 155 12 160 18 155 3 3 98 9 96 30 107 3 10 89 19 84 20 73 3 5 152 11 140 13 112 3 12 117 13 106 15 93 3 11 217 16 186 27 224 2 13 147 30 147 3 3 145 7 160 29 192 3 6 16 14 17 20 18 2 6 76 15 77 1 17 124 3 17 214 19 177 21 196 2 22 102 23 100 2 8 125 25 111 2 11 119 18 106 3 2 171 9 144 19 178 3 12 106 20 122 25 117 2 3 112 22 122 3 6 144 13 154 24 126 3 6 72 27 70 29 67
32 3 3 111 26 103 30 116 2 4 114 7 128 3 1 207 15 227 24 230 3 5 171 16 129 18 181 2 4 97 7 104 3 2 153 14 191 28 214 2 2 97 8 135 3 3 190 7 160 29 181 2 13 137 26 133 2 3 112 5 131 3 9 159 11 121 28 134 2 6 157 13 208 3 7 155 12 160 18 155 3 3 98 9 96 30 107 3 10 89 19 84 20 73 3 5 152 11 140 13 112 3 12 117 13 106 15 93 3 11 217 16 186 27 224 2 13 147 30 147 3 3 145 7 160 29 192 3 6 16 14 17 20 18 2 6 76 15 77 1 17 124 3 17 214 19 177 21 196 2 22 102 23 100 2 8 125 25 111 2 11 119 18 106 3 2 171 9 144 19 178 3 12 106 20 122 25 117 2 3 112 22 122 3 6 144 13 154 24 126 3 6 72 27 70 29 67
34 3 1 221 15 228 24 185 3 2 193 14 188 28 212 2 13 144 30 154 3 3 184 7 130 29 148 3 12 86 13 96 15 81 2 4 119 7 104 2 3 109 5 110 2 4 98 7 130 2 6 153 13 219 2 3 138 22 96 3 3 122 9 106 30 98 3 7 132 12 147 18 162 2 2 108 8 130 3 10 81 19 61 20 89 3 5 125 11 129 13 149 3 6 15 14 20 20 15 1 17 133 3 9 148 11 139 28 152 3 10 71 19 80 20 74 2 22 79 23 86 3 2 175 9 138 19 164 2 6 71 15 68 2 13 126 26 117 2 13 206 30 145 3 5 144 16 156 18 124 3 10 67 19 87 20 86 3 3 125 26 102 30 114 3 6 160 13 157 24 141 2 11 128 18 136 2 8 100 25 126 3 12 123 20 105 25 147 3 17 225 19 174 21 206 3 11 201 16 220 27 212 3 6 81 27 74 29 68
34 3 1 221 15 228 24 185 3 2 193 14 188 28 212 2 13 144 30 154 3 3 184 7 130 29 148 3 12 86 13 96 15 81 2 4 119 7 104 2 3 109 5 110 2 4 98 7 130 2 6 153 13 219 2 3 138 22 96 3 3 122 9 106 30 98 3 7 132 12 147 18 162 2 2 108 8 130 3 10 81 19 61 20 89 3 5 125 11 129 13 149 3 6 15 14 20 20 15 1 17 133 3 9 148 11 139 28 152 3 10 71 19 80 20 74 2 22 79 23 86 3 2 175 9 138 19 164 2 6 71 15 68 2 13 126 26 117 2 13 206 30 145 3 5 144 16 156 18 124 3 10 67 19 87 20 86 3 3 125 26 102 30 114 3 6 160 13 157 24 141 2 11 128 18 136 2 8 100 25 126 3 12 123 20 105 25 147 3 17 225 19 174 21 206 3 11 201 16 220 27 212 3 6 81 27 74 29 68
37 3 1 204 15 192 24 183 3 2 154 14 193 28 213 3 5 151 11 114 13 145 2 8 149 25 104 3 3 170 7 155 29 151 2 4 116 7 139 2 3 97 5 91 2 13 183 30 182 2 6 184 13 180 3 3 189 7 141 29 135 3 12 104 20 124 25 120 3 7 152 12 168 18 132 2 3 131 22 99 2 13 200 30 160 2 2 143 8 142 3 3 99 9 118 30 95 3 3 135 26 99 30 110 2 6 74 15 74 3 10 82 19 87 20 86 2 3 118 5 131 3 12 117 13 87 15 115 3 6 20 14 17 20 16 3 5 144 16 137 18 152 2 4 117 7 138 1 17 127 2 11 137 18 100 2 6 221 13 199 3 2 170 9 131 19 134 2 2 132 8 126 3 9 167 11 136 28 152 2 22 71 23 78 3 2 180 14 205 28 170 3 17 192 19 181 21 171 3 6 152 13 161 24 115 2 13 143 26 144 3 11 205 16 161 27 222 3 6 65 27 92 29 93
32 3 1 174 15 206 24 190 3 2 151 14 215 28 175 2 13 119 26 147 3 3 182 7 172 29 154 2 4 108 7 137 2 3 133 5 93 3 11 206 16 215 27 180 2 6 217 13 194 3 7 179 12 135 18 156 2 8 144 25 137 2 2 138 8 104 3 3 95 9 105 30 97 3 10 83 19 77 20 62 3 5 156 11 132 13 154 3 12 118 13 101 15 103 2 3 106 5 128 3 9 152 11 163 28 165 2 13 151 30 193 3 6 20 14 16 20 15 2 6 65 15 54 3 5 180 16 151 18 129 1 17 106 3 6 75 27 85 29 80 2 11 115 18 105 3 2 190 9 138 19 159 3 12 110 20 147 25 143 3 17 202 19 224 21 164 2 3 107 22 123 3 3 104 26 138 30 111 3 10 82 19 78 20 78 2 22 80 23 71 3 6 136 13 112 24 139
35 2 13 138 26 143 3 1 197 15 224 24 197 3 2 206 14 219 28 195 3 1 194 15 215 24 212 2 8 123 25 106 3 3 183 7 191 29 145 3 10 72 19 74 20 79 3 6 63 27 82 29 84 2 4 137 7 126 2 3 115 5 131 2 13 126 26 111 2 6 200 13 181 2 3 124 5 103 3 7 170 12 135 18 160 2 2 144 8 118 3 3 110 9 122 30 108 1 17 140 3 12 141 20 111 25 106 3 5 143 11 159 13 156 3 3 137 26 115 30 95 3 9 156 11 152 28 159 3 12 87 13 98 15 90 2 11 125 18 138 2 13 206 30 188 3 6 20 14 18 20 17 3 17 205 19 187 21 176 2 6 59 15 72 3 5 159 16 162 18 179 3 2 190 9 158 19 189 2 22 74 23 90 2 11 128 18 143 2 3 112 22 125 3 6 113 13 150 24 148 3 3 96 26 97 30 134 3 11 171 16 178 27 192
39 3 6 92 27 72 29 65 3 1 176 15 229 24 227 3 2 220 14 192 28 176 3 1 182 15 225 24 190 3 12 149 20 111 25 146 3 3 187 7 187 29 171 3 2 221 14 164 28 178 2 4 130 7 128 2 3 124 5 107 2 4 129 7 97 1 17 120 2 6 150 13 152 2 22 82 23 100 3 5 144 16 147 18 165 3 7 174 12 188 18 151 3 1 189 15 169 24 210 2 2 121 8 132 3 3 131 9 125 30 107 3 10 85 19 75 20 79 2 2 135 8 127 3 2 152 9 161 19 150 3 5 118 11 121 13 126 3 12 107 13 116 15 99 3 17 183 19 219 21 179 3 12 116 13 106 15 96 2 13 201 30 151 3 6 20 14 17 20 16 2 6 57 15 70 2 3 131 22 143 2 11 140 18 143 3 6 112 13 163 24 163 3 2 174 14 167 28 177 2 13 151 26 133 2 3 107 22 125 2 8 100 25 115 3 11 230 16 210 27 230 3 9 130 11 170 28 132 3 3 95 9 99 30 109 3 3 95 26 133 30 100
36 3 6 133 13 131 24 114 3 1 197 15 233 24 174 3 2 205 14 183 28 153 3 3 172 7 162 29 183 2 4 130 7 130 3 2 221 14 210 28 166 3 12 139 20 118 25 139 2 3 101 5 130 3 6 21 14 18 20 15 1 17 134 3 2 201 14 149 28 158 2 6 198 13 185 3 7 163 12 174 18 181 2 2 116 8 110 2 13 153 26 112 3 3 113 9 89 30 116 3 10 76 19 81 20 90 2 11 131 18 104 2 4 104 7 112 3 5 111 11 158 13 118 3 12 95 13 103 15 108 3 10 82 19 90 20 80 2 13 146 30 165 2 3 124 22 100 2 6 53 15 61 2 13 141 30 203 3 5 142 16 127 18 166 3 2 163 9 181 19 166 3 17 202 19 176 21 212 2 3 102 22 135 2 8 140 25 143 3 9 156 11 142 28 167 2 22 73 23 103 3 11 207 16 197 27 160 3 6 62 27 77 29 93 3 3 122 26 97 30 131
DUE_DATES: 8076 8076 8076 8088 8088 6846 6846 6846 6985 6799 6799 8783 8854 7930 7930 8093 8484 7873 7938 7034 7034 7034 7034 7034 8140 7227 7227 7630 8419 7182 7182 7994 7070 7070 7241 7241 8287 8287 8287 7871 7871 6863 6863 7067 7067 8180 6736 7738 8709 7818
WEIGHTS: 1 3 3 3 2 1 3 2 1 3 3 2 2 2 1 3 3 1 3 1 1 1 2 3 2 1 2 1 3 3 2 3 2 3 2 3 3 1 1 3 2 2 2 2 1 2 3 2 3 2
