50 30
35 2 25 35 30 35 2 2 137 27 119 2 12 195 28 224 2 6 227 15 192 2 1 79 2 84 2 14 35 16 47 2 2 161 27 167 2 2 13 26 19 2 15 169 30 173 2 3 134 6 115 2 4 202 28 224 2 14 81 22 71 3 5 35 25 42 28 43 3 9 117 19 163 20 161 2 5 32 7 38 3 5 41 25 49 28 46 3 10 157 18 122 23 165 3 5 36 25 43 28 35 3 5 74 7 62 8 66 2 9 57 12 53 2 5 31 7 31 2 14 80 29 74 2 8 121 17 139 3 3 193 17 148 30 153 3 2 36 11 36 26 32 3 8 140 11 165 28 151 2 3 58 12 69 3 10 156 13 141 15 140 2 16 125 18 147 3 10 119 20 99 29 102 3 16 28 21 27 27 26 3 5 69 7 83 8 81 2 10 69 22 51 2 19 82 23 69 2 12 187 24 189
35 2 25 35 30 35 2 2 137 27 119 2 12 195 28 224 2 6 227 15 192 2 1 79 2 84 2 14 35 16 47 2 2 161 27 167 2 2 13 26 19 2 15 169 30 173 2 3 134 6 115 2 4 202 28 224 2 14 81 22 71 3 5 35 25 42 28 43 3 9 117 19 163 20 161 2 5 32 7 38 3 5 41 25 49 28 46 3 10 157 18 122 23 165 3 5 36 25 43 28 35 3 5 74 7 62 8 66 2 9 57 12 53 2 5 31 7 31 2 14 80 29 74 2 8 121 17 139 3 3 193 17 148 30 153 3 2 36 11 36 26 32 3 8 140 11 165 28 151 2 3 58 12 69 3 10 156 13 141 15 140 2 16 125 18 147 3 10 119 20 99 29 102 3 16 28 21 27 27 26 3 5 69 7 83 8 81 2 10 69 22 51 2 19 82 23 69 2 12 187 24 189
35 2 25 35 30 35 2 2 137 27 119 2 12 195 28 224 2 6 227 15 192 2 1 79 2 84 2 14 35 16 47 2 2 161 27 167 2 2 13 26 19 2 15 169 30 173 2 3 134 6 115 2 4 202 28 224 2 14 81 22 71 3 5 35 25 42 28 43 3 9 117 19 163 20 161 2 5 32 7 38 3 5 41 25 49 28 46 3 10 157 18 122 23 165 3 5 36 25 43 28 35 3 5 74 7 62 8 66 2 9 57 12 53 2 5 31 7 31 2 14 80 29 74 2 8 121 17 139 3 3 193 17 148 30 153 3 2 36 11 36 26 32 3 8 140 11 165 28 151 2 3 58 12 69 3 10 156 13 141 15 140 2 16 125 18 147 3 10 119 20 99 29 102 3 16 28 21 27 27 26 3 5 69 7 83 8 81 2 10 69 22 51 2 19 82 23 69 2 12 187 24 189
35 2 25 35 30 35 2 2 137 27 119 2 12 195 28 224 2 6 227 15 192 2 1 79 2 84 2 14 35 16 47 2 2 161 27 167 2 2 13 26 19 2 15 169 30 173 2 3 134 6 115 2 4 202 28 224 2 14 81 22 71 3 5 35 25 42 28 43 3 9 117 19 163 20 161 2 5 32 7 38 3 5 41 25 49 28 46 3 10 157 18 122 23 165 3 5 36 25 43 28 35 3 5 74 7 62 8 66 2 9 57 12 53 2 5 31 7 31 2 14 80 29 74 2 8 121 17 139 3 3 193 17 148 30 153 3 2 36 11 36 26 32 3 8 140 11 165 28 151 2 3 58 12 69 3 10 156 13 141 15 140 2 16 125 18 147 3 10 119 20 99 29 102 3 16 28 21 27 27 26 3 5 69 7 83 8 81 2 10 69 22 51 2 19 82 23 69 2 12 187 24 189
37 3 5 66 7 60 8 83 2 3 76 12 62 2 1 104 2 89 2 2 13 26 18 3 10 114 13 143 15 161 2 6 213 15 156 2 10 53 22 61 2 12 216 28 219 3 10 96 20 97 29 103 2 6 169 15 171 2 3 102 6 102 2 4 173 28 167 2 15 157 30 147 2 8 141 17 141 2 1 84 2 102 3 16 25 21 24 27 24 3 5 44 25 36 28 38 3 2 34 11 40 26 36 2 5 29 7 31 2 9 67 12 61 2 12 143 24 151 2 16 149 18 182 3 10 136 18 155 23 157 3 2 38 11 37 26 41 3 8 125 11 159 28 116 2 14 60 22 57 2 2 151 27 154 3 10 119 13 130 15 140 2 14 40 16 49 2 4 211 28 218 3 3 203 17 213 30 185 2 8 129 17 119 2 19 80 23 87 3 9 118 19 132 20 133 3 10 137 18 119 23 127 2 14 74 29 83 2 25 37 30 32
37 3 5 66 7 60 8 83 2 3 76 12 62 2 1 104 2 89 2 2 13 26 18 3 10 114 13 143 15 161 2 6 213 15 156 2 10 53 22 61 2 12 216 28 219 3 10 96 20 97 29 103 2 6 169 15 171 2 3 102 6 102 2 4 173 28 167 2 15 157 30 147 2 8 141 17 141 2 1 84 2 102 3 16 25 21 24 27 24 3 5 44 25 36 28 38 3 2 34 11 40 26 36 2 5 29 7 31 2 9 67 12 61 2 12 143 24 151 2 16 149 18 182 3 10 136 18 155 23 157 3 2 38 11 37 26 41 3 8 125 11 159 28 116 2 14 60 22 57 2 2 151 27 154 3 10 119 13 130 15 140 2 14 40 16 49 2 4 211 28 218 3 3 203 17 213 30 185 2 8 129 17 119 2 19 80 23 87 3 9 118 19 132 20 133 3 10 137 18 119 23 127 2 14 74 29 83 2 25 37 30 32
35 2 1 104 2 86 3 9 134 19 143 20 171 2 2 13 26 15 2 3 124 6 97 2 4 197 28 222 2 1 77 2 92 2 12 174 24 171 3 5 39 25 49 28 36 3 3 214 17 220 30 219 2 6 167 15 180 3 10 100 20 122 29 91 3 16 32 21 23 27 23 2 9 63 12 67 2 12 160 24 146 2 16 180 18 155 2 5 37 7 37 3 5 62 7 73 8 82 3 10 140 18 174 23 167 3 8 172 11 171 28 139 2 3 64 12 72 3 10 116 13 151 15 157 2 14 46 16 35 3 2 41 11 37 26 32 2 8 121 17 123 2 14 77 22 61 2 10 56 22 69 3 9 171 19 156 20 166 2 15 120 30 144 3 2 46 11 45 26 39 2 19 73 23 66 2 14 60 29 60 2 12 208 28 237 2 15 140 30 161 2 25 37 30 26 2 2 153 27 149
35 2 1 104 2 86 3 9 134 19 143 20 171 2 2 13 26 15 2 3 124 6 97 2 4 197 28 222 2 1 77 2 92 2 12 174 24 171 3 5 39 25 49 28 36 3 3 214 17 220 30 219 2 6 167 15 180 3 10 100 20 122 29 91 3 16 32 21 23 27 23 2 9 63 12 67 2 12 160 24 146 2 16 180 18 155 2 5 37 7 37 3 5 62 7 73 8 82 3 10 140 18 174 23 167 3 8 172 11 171 28 139 2 3 64 12 72 3 10 116 13 151 15 157 2 14 46 16 35 3 2 41 11 37 26 32 2 8 121 17 123 2 14 77 22 61 2 10 56 22 69 3 9 171 19 156 20 166 2 15 120 30 144 3 2 46 11 45 26 39 2 19 73 23 66 2 14 60 29 60 2 12 208 28 237 2 15 140 30 161 2 25 37 30 26 2 2 153 27 149
35 2 1 104 2 86 3 9 134 19 143 20 171 2 2 13 26 15 2 3 124 6 97 2 4 197 28 222 2 1 77 2 92 2 12 174 24 171 3 5 39 25 49 28 36 3 3 214 17 220 30 219 2 6 167 15 180 3 10 100 20 122 29 91 3 16 32 21 23 27 23 2 9 63 12 67 2 12 160 24 146 2 16 180 18 155 2 5 37 7 37 3 5 62 7 73 8 82 3 10 140 18 174 23 167 3 8 172 11 171 28 139 2 3 64 12 72 3 10 116 13 151 15 157 2 14 46 16 35 3 2 41 11 37 26 32 2 8 121 17 123 2 14 77 22 61 2 10 56 22 69 3 9 171 19 156 20 166 2 15 120 30 144 3 2 46 11 45 26 39 2 19 73 23 66 2 14 60 29 60 2 12 208 28 237 2 15 140 30 161 2 25 37 30 26 2 2 153 27 149
35 2 1 104 2 86 3 9 134 19 143 20 171 2 2 13 26 15 2 3 124 6 97 2 4 197 28 222 2 1 77 2 92 2 12 174 24 171 3 5 39 25 49 28 36 3 3 214 17 220 30 219 2 6 167 15 180 3 10 100 20 122 29 91 3 16 32 21 23 27 23 2 9 63 12 67 2 12 160 24 146 2 16 180 18 155 2 5 37 7 37 3 5 62 7 73 8 82 3 10 140 18 174 23 167 3 8 172 11 171 28 139 2 3 64 12 72 3 10 116 13 151 15 157 2 14 46 16 35 3 2 41 11 37 26 32 2 8 121 17 123 2 14 77 22 61 2 10 56 22 69 3 9 171 19 156 20 166 2 15 120 30 144 3 2 46 11 45 26 39 2 19 73 23 66 2 14 60 29 60 2 12 208 28 237 2 15 140 30 161 2 25 37 30 26 2 2 153 27 149
39 2 9 52 12 56 2 1 97 2 110 2 12 186 24 177 2 2 16 26 13 2 4 193 28 194 2 1 89 2 95 2 3 132 6 124 2 4 185 28 223 3 3 160 17 174 30 159 2 3 120 6 129 3 5 45 25 43 28 46 2 1 87 2 98 2 6 177 15 214 2 5 35 7 30 3 5 75 7 64 8 68 3 10 151 18 137 23 157 3 10 148 13 162 15 147 3 5 47 25 47 28 38 2 8 121 17 116 2 14 49 16 46 3 8 151 11 145 28 138 2 3 71 12 58 2 14 77 22 61 2 15 154 30 162 2 10 62 22 72 2 3 73 12 66 2 16 176 18 177 3 9 132 19 168 20 141 3 10 107 20 85 29 106 3 16 26 21 32 27 23 2 19 85 23 72 2 4 201 28 181 2 2 155 27 117 3 2 41 11 46 26 33 3 8 163 11 123 28 156 2 25 28 30 38 2 9 46 12 46 2 12 166 28 184 2 14 73 29 75
39 2 9 52 12 56 2 1 97 2 110 2 12 186 24 177 2 2 16 26 13 2 4 193 28 194 2 1 89 2 95 2 3 132 6 124 2 4 185 28 223 3 3 160 17 174 30 159 2 3 120 6 129 3 5 45 25 43 28 46 2 1 87 2 98 2 6 177 15 214 2 5 35 7 30 3 5 75 7 64 8 68 3 10 151 18 137 23 157 3 10 148 13 162 15 147 3 5 47 25 47 28 38 2 8 121 17 116 2 14 49 16 46 3 8 151 11 145 28 138 2 3 71 12 58 2 14 77 22 61 2 15 154 30 162 2 10 62 22 72 2 3 73 12 66 2 16 176 18 177 3 9 132 19 168 20 141 3 10 107 20 85 29 106 3 16 26 21 32 27 23 2 19 85 23 72 2 4 201 28 181 2 2 155 27 117 3 2 41 11 46 26 33 3 8 163 11 123 28 156 2 25 28 30 38 2 9 46 12 46 2 12 166 28 184 2 14 73 29 75
39 2 9 52 12 56 2 1 97 2 110 2 12 186 24 177 2 2 16 26 13 2 4 193 28 194 2 1 89 2 95 2 3 132 6 124 2 4 185 28 223 3 3 160 17 174 30 159 2 3 120 6 129 3 5 45 25 43 28 46 2 1 87 2 98 2 6 177 15 214 2 5 35 7 30 3 5 75 7 64 8 68 3 10 151 18 137 23 157 3 10 148 13 162 15 147 3 5 47 25 47 28 38 2 8 121 17 116 2 14 49 16 46 3 8 151 11 145 28 138 2 3 71 12 58 2 14 77 22 61 2 15 154 30 162 2 10 62 22 72 2 3 73 12 66 2 16 176 18 177 3 9 132 19 168 20 141 3 10 107 20 85 29 106 3 16 26 21 32 27 23 2 19 85 23 72 2 4 201 28 181 2 2 155 27 117 3 2 41 11 46 26 33 3 8 163 11 123 28 156 2 25 28 30 38 2 9 46 12 46 2 12 166 28 184 2 14 73 29 75
39 2 9 52 12 56 2 1 97 2 110 2 12 186 24 177 2 2 16 26 13 2 4 193 28 194 2 1 89 2 95 2 3 132 6 124 2 4 185 28 223 3 3 160 17 174 30 159 2 3 120 6 129 3 5 45 25 43 28 46 2 1 87 2 98 2 6 177 15 214 2 5 35 7 30 3 5 75 7 64 8 68 3 10 151 18 137 23 157 3 10 148 13 162 15 147 3 5 47 25 47 28 38 2 8 121 17 116 2 14 49 16 46 3 8 151 11 145 28 138 2 3 71 12 58 2 14 77 22 61 2 15 154 30 162 2 10 62 22 72 2 3 73 12 66 2 16 176 18 177 3 9 132 19 168 20 141 3 10 107 20 85 29 106 3 16 26 21 32 27 23 2 19 85 23 72 2 4 201 28 181 2 2 155 27 117 3 2 41 11 46 26 33 3 8 163 11 123 28 156 2 25 28 30 38 2 9 46 12 46 2 12 166 28 184 2 14 73 29 75
35 2 14 64 22 55 2 1 101 2 76 2 19 86 23 69 2 2 18 26 15 2 3 119 6 121 2 12 172 24 183 2 4 169 28 206 3 5 49 25 51 28 49 2 6 172 15 207 2 16 131 18 178 2 5 29 7 38 2 12 186 24 148 3 5 86 7 80 8 61 3 10 133 18 157 23 168 3 5 46 25 50 28 42 2 9 63 12 61 2 3 56 12 65 3 5 66 7 78 8 74 3 8 161 11 149 28 157 3 9 136 19 156 20 134 3 10 143 13 123 15 150 3 10 110 20 122 29 106 2 14 69 29 71 2 15 134 30 147 2 14 50 16 36 2 3 117 6 116 2 2 116 27 158 2 8 104 17 123 3 2 34 11 40 26 33 3 3 153 17 180 30 208 2 14 50 16 34 2 25 39 30 33 3 16 24 21 21 27 22 2 12 223 28 212 2 10 54 22 53
35 2 14 64 22 55 2 1 101 2 76 2 19 86 23 69 2 2 18 26 15 2 3 119 6 121 2 12 172 24 183 2 4 169 28 206 3 5 49 25 51 28 49 2 6 172 15 207 2 16 131 18 178 2 5 29 7 38 2 12 186 24 148 3 5 86 7 80 8 61 3 10 133 18 157 23 168 3 5 46 25 50 28 42 2 9 63 12 61 2 3 56 12 65 3 5 66 7 78 8 74 3 8 161 11 149 28 157 3 9 136 19 156 20 134 3 10 143 13 123 15 150 3 10 110 20 122 29 106 2 14 69 29 71 2 15 134 30 147 2 14 50 16 36 2 3 117 6 116 2 2 116 27 158 2 8 104 17 123 3 2 34 11 40 26 33 3 3 153 17 180 30 208 2 14 50 16 34 2 25 39 30 33 3 16 24 21 21 27 22 2 12 223 28 212 2 10 54 22 53
38 2 1 92 2 88 2 2 15 26 19 2 1 97 2 86 3 8 159 11 163 28 131 2 3 126 6 99 2 2 14 26 19 2 4 169 28 175 2 2 20 26 17 3 5 43 25 40 28 42 2 6 190 15 219 2 5 28 7 28 2 2 13 26 15 3 5 82 7 64 8 83 2 9 57 12 64 2 3 100 6 123 3 10 153 18 131 23 144 3 16 31 21 25 27 31 2 3 79 12 55 3 10 123 13 129 15 148 2 14 67 22 66 2 10 50 22 51 3 2 41 11 41 26 31 2 14 75 22 74 2 15 156 30 136 2 14 46 16 48 2 8 109 17 144 2 16 124 18 179 3 9 120 19 142 20 129 3 10 95 20 117 29 89 3 5 77 7 77 8 83 2 19 87 23 72 2 12 160 24 179 2 25 36 30 33 2 2 151 27 130 2 12 182 28 175 3 10 94 20 93 29 111 3 3 202 17 196 30 167 2 14 88 29 66
37 2 1 101 2 96 2 2 162 27 116 2 2 18 26 17 2 3 101 6 100 2 4 161 28 171 3 5 48 25 49 28 36 2 1 87 2 96 2 6 224 15 206 2 5 32 7 30 2 3 122 6 134 3 5 83 7 79 8 76 2 25 30 30 36 2 9 66 12 62 3 10 172 18 117 23 160 2 10 51 22 53 2 14 84 29 70 3 8 172 11 160 28 119 3 16 27 21 23 27 31 2 3 76 12 67 2 12 155 24 178 3 10 130 13 121 15 144 2 4 180 28 163 3 9 162 19 157 20 174 2 2 155 27 125 3 2 37 11 40 26 45 2 14 55 22 70 2 6 170 15 209 2 15 167 30 141 3 3 186 17 218 30 177 2 8 150 17 142 2 10 70 22 65 2 14 36 16 49 2 16 166 18 124 3 10 116 20 122 29 117 2 19 80 23 88 3 9 155 19 151 20 140 2 12 186 28 217
37 2 1 101 2 96 2 2 162 27 116 2 2 18 26 17 2 3 101 6 100 2 4 161 28 171 3 5 48 25 49 28 36 2 1 87 2 96 2 6 224 15 206 2 5 32 7 30 2 3 122 6 134 3 5 83 7 79 8 76 2 25 30 30 36 2 9 66 12 62 3 10 172 18 117 23 160 2 10 51 22 53 2 14 84 29 70 3 8 172 11 160 28 119 3 16 27 21 23 27 31 2 3 76 12 67 2 12 155 24 178 3 10 130 13 121 15 144 2 4 180 28 163 3 9 162 19 157 20 174 2 2 155 27 125 3 2 37 11 40 26 45 2 14 55 22 70 2 6 170 15 209 2 15 167 30 141 3 3 186 17 218 30 177 2 8 150 17 142 2 10 70 22 65 2 14 36 16 49 2 16 166 18 124 3 10 116 20 122 29 117 2 19 80 23 88 3 9 155 19 151 20 140 2 12 186 28 217
35 2 12 153 24 177 2 1 97 2 86 2 2 19 26 15 2 1 77 2 103 2 3 115 6 109 3 10 149 13 155 15 154 2 4 208 28 175 3 5 37 25 42 28 41 2 3 103 6 131 3 10 126 20 97 29 90 2 6 193 15 169 2 5 31 7 32 3 5 39 25 47 28 39 2 3 70 12 80 2 1 94 2 76 3 16 25 21 25 27 26 3 5 76 7 63 8 67 2 9 50 12 57 2 16 164 18 158 3 10 133 18 131 23 145 2 8 121 17 109 2 10 58 22 51 3 8 128 11 166 28 153 2 14 38 16 42 2 14 66 22 78 2 15 146 30 137 3 9 168 19 166 20 163 2 1 90 2 74 2 19 62 23 78 2 25 39 30 35 3 2 44 11 36 26 44 2 2 120 27 142 3 3 158 17 182 30 175 2 12 188 28 180 2 14 60 29 65
35 2 19 76 23 63 2 1 92 2 75 2 2 14 26 15 2 12 162 24 163 2 3 102 6 118 2 25 27 30 29 2 12 144 24 174 3 2 37 11 38 26 44 2 25 33 30 26 2 4 177 28 217 3 5 37 25 35 28 36 2 6 181 15 223 2 5 27 7 31 3 5 76 7 80 8 78 3 5 40 25 40 28 37 2 9 57 12 59 3 10 152 18 155 23 169 2 5 33 7 31 2 14 68 22 66 3 8 130 11 172 28 135 3 10 98 20 95 29 109 2 14 64 29 80 2 3 64 12 75 3 10 154 13 144 15 165 3 3 197 17 170 30 194 2 15 124 30 151 2 14 39 16 43 2 16 143 18 144 2 8 146 17 128 3 9 122 19 122 20 122 3 16 25 21 21 27 25 2 10 67 22 54 2 12 189 24 169 2 2 147 27 140 2 12 191 28 166
35 3 10 124 13 153 15 142 2 19 60 23 68 2 2 14 26 19 3 10 126 13 168 15 150 2 1 77 2 105 2 3 106 6 114 2 12 199 28 165 2 25 33 30 32 2 4 200 28 179 3 5 48 25 50 28 48 2 6 173 15 208 2 14 63 22 74 3 9 154 19 159 20 174 2 5 36 7 30 3 10 123 18 155 23 172 2 12 163 24 164 2 14 81 29 65 3 5 76 7 76 8 84 2 9 48 12 66 3 8 147 11 157 28 133 2 14 82 29 69 2 3 70 12 58 2 8 138 17 150 2 15 167 30 149 3 10 165 13 138 15 137 2 14 50 16 43 2 14 66 29 72 2 16 150 18 177 3 10 108 20 117 29 115 3 16 27 21 23 27 31 2 10 69 22 53 2 3 109 6 121 3 2 33 11 40 26 31 2 2 124 27 141 3 3 187 17 156 30 181
39 2 1 103 2 91 3 10 158 18 151 23 161 2 2 13 26 14 3 10 165 13 146 15 117 2 19 85 23 64 2 12 150 24 163 3 10 143 13 149 15 117 2 3 126 6 130 3 10 148 18 132 23 143 2 4 156 28 216 2 10 72 22 69 2 1 106 2 97 2 5 29 7 40 3 5 44 25 51 28 34 2 19 60 23 65 2 6 160 15 194 3 5 87 7 81 8 74 2 12 171 24 171 2 9 45 12 62 3 8 153 11 155 28 146 2 2 18 26 14 2 3 70 12 71 2 10 70 22 67 2 14 56 22 63 3 10 93 20 123 29 114 3 3 174 17 151 30 200 2 8 109 17 118 2 15 128 30 158 2 25 26 30 30 2 3 77 12 62 3 16 30 21 28 27 24 2 12 173 24 132 3 9 173 19 172 20 149 2 16 134 18 166 2 12 222 28 177 2 2 169 27 157 2 14 39 16 45 3 2 36 11 31 26 32 2 14 61 29 74
39 3 8 172 11 160 28 142 2 1 97 2 100 2 12 146 24 182 3 8 135 11 137 28 136 2 2 19 26 14 2 14 68 22 80 2 2 18 26 14 2 4 211 28 191 2 3 133 6 96 2 12 177 24 167 3 5 43 25 36 28 44 2 14 70 22 62 2 10 64 22 67 2 6 184 15 181 2 5 27 7 35 2 2 147 27 162 2 6 194 15 220 3 5 67 7 59 8 71 2 10 67 22 72 2 9 51 12 48 3 10 171 18 172 23 140 2 14 88 29 80 2 3 76 12 80 2 6 219 15 168 3 10 163 13 140 15 146 2 15 128 30 144 2 14 42 16 34 3 5 67 7 62 8 70 2 8 111 17 138 2 25 33 30 31 2 16 145 18 172 3 9 144 19 143 20 173 3 10 93 20 108 29 119 3 16 28 21 30 27 25 2 19 63 23 83 2 5 36 7 38 3 2 41 11 40 26 38 2 12 205 28 185 3 3 150 17 163 30 172
39 2 9 65 12 64 2 1 93 2 89 2 12 164 24 165 2 2 14 26 16 2 4 191 28 183 2 1 108 2 87 2 3 110 6 111 2 4 207 28 160 3 3 203 17 155 30 194 2 3 134 6 124 3 5 40 25 46 28 43 2 1 105 2 99 2 6 158 15 221 2 5 36 7 40 3 5 64 7 65 8 81 3 10 149 18 161 23 135 3 10 118 13 158 15 133 3 5 46 25 35 28 51 2 8 106 17 125 2 14 46 16 42 3 8 173 11 126 28 139 2 3 80 12 64 2 14 76 22 55 2 15 131 30 132 2 10 67 22 64 2 3 66 12 56 2 16 146 18 185 3 9 134 19 172 20 149 3 10 113 20 104 29 91 3 16 25 21 29 27 23 2 19 64 23 64 2 4 161 28 158 2 2 132 27 156 3 2 44 11 39 26 36 3 8 117 11 166 28 152 2 25 31 30 38 2 9 47 12 66 2 12 231 28 234 2 14 64 29 83
39 2 9 65 12 64 2 1 93 2 89 2 12 164 24 165 2 2 14 26 16 2 4 191 28 183 2 1 108 2 87 2 3 110 6 111 2 4 207 28 160 3 3 203 17 155 30 194 2 3 134 6 124 3 5 40 25 46 28 43 2 1 105 2 99 2 6 158 15 221 2 5 36 7 40 3 5 64 7 65 8 81 3 10 149 18 161 23 135 3 10 118 13 158 15 133 3 5 46 25 35 28 51 2 8 106 17 125 2 14 46 16 42 3 8 173 11 126 28 139 2 3 80 12 64 2 14 76 22 55 2 15 131 30 132 2 10 67 22 64 2 3 66 12 56 2 16 146 18 185 3 9 134 19 172 20 149 3 10 113 20 104 29 91 3 16 25 21 29 27 23 2 19 64 23 64 2 4 161 28 158 2 2 132 27 156 3 2 44 11 39 26 36 3 8 117 11 166 28 152 2 25 31 30 38 2 9 47 12 66 2 12 231 28 234 2 14 64 29 83
33 2 1 83 2 97 2 2 16 26 16 2 3 135 6 126 2 4 206 28 188 3 5 38 25 39 28 46 2 6 186 15 162 2 5 37 7 29 3 5 72 7 78 8 88 2 9 62 12 51 2 3 95 6 115 3 10 124 20 118 29 106 3 10 118 18 127 23 168 3 8 152 11 151 28 120 3 10 157 13 167 15 113 2 3 72 12 80 2 14 68 22 82 2 14 37 16 40 2 4 169 28 155 2 15 173 30 155 2 8 114 17 146 2 16 185 18 162 3 9 163 19 144 20 169 2 10 72 22 71 3 5 48 25 43 28 45 2 19 74 23 67 3 16 29 21 23 27 30 2 12 148 24 191 2 25 29 30 37 3 2 42 11 38 26 35 2 2 158 27 153 2 12 221 28 165 2 14 76 29 69 3 3 188 17 187 30 181
33 2 1 83 2 97 2 2 16 26 16 2 3 135 6 126 2 4 206 28 188 3 5 38 25 39 28 46 2 6 186 15 162 2 5 37 7 29 3 5 72 7 78 8 88 2 9 62 12 51 2 3 95 6 115 3 10 124 20 118 29 106 3 10 118 18 127 23 168 3 8 152 11 151 28 120 3 10 157 13 167 15 113 2 3 72 12 80 2 14 68 22 82 2 14 37 16 40 2 4 169 28 155 2 15 173 30 155 2 8 114 17 146 2 16 185 18 162 3 9 163 19 144 20 169 2 10 72 22 71 3 5 48 25 43 28 45 2 19 74 23 67 3 16 29 21 23 27 30 2 12 148 24 191 2 25 29 30 37 3 2 42 11 38 26 35 2 2 158 27 153 2 12 221 28 165 2 14 76 29 69 3 3 188 17 187 30 181
40 2 14 49 16 39 3 10 114 20 97 29 95 2 1 97 2 98 2 3 64 12 72 2 2 16 26 17 2 14 51 16 50 2 3 94 6 91 2 4 218 28 156 2 2 15 26 15 3 5 45 25 49 28 49 2 6 183 15 164 2 12 182 24 175 2 3 105 6 116 2 19 76 23 65 2 3 110 6 102 2 5 27 7 29 2 3 54 12 69 3 5 78 7 85 8 59 2 10 68 22 66 2 9 46 12 53 3 10 156 18 151 23 125 3 8 165 11 171 28 162 2 14 62 29 80 3 10 113 13 128 15 160 2 14 65 22 81 2 15 121 30 154 2 16 166 18 128 3 10 137 18 167 23 144 2 25 28 30 36 2 14 63 22 67 2 8 111 17 106 3 2 32 11 38 26 32 2 2 148 27 136 2 3 114 6 122 3 9 155 19 137 20 127 2 12 164 24 184 3 16 26 21 23 27 28 3 10 123 20 115 29 92 2 12 191 28 207 3 3 173 17 211 30 151
39 2 1 87 2 90 3 10 142 18 154 23 129 2 2 20 26 16 3 10 153 13 163 15 118 2 19 78 23 66 2 12 166 24 185 3 10 145 13 157 15 138 2 3 99 6 111 3 10 144 18 167 23 132 2 4 193 28 189 2 10 58 22 54 2 1 90 2 78 2 5 38 7 40 3 5 44 25 34 28 47 2 19 72 23 61 2 6 207 15 167 3 5 86 7 77 8 85 2 12 193 24 153 2 9 55 12 50 3 8 127 11 147 28 122 2 2 15 26 20 2 3 76 12 69 2 10 73 22 69 2 14 59 22 79 3 10 116 20 114 29 102 3 3 198 17 177 30 217 2 8 116 17 121 2 15 133 30 168 2 25 31 30 28 2 3 61 12 69 3 16 25 21 29 27 29 2 12 185 24 147 3 9 128 19 158 20 173 2 16 183 18 141 2 12 222 28 170 2 2 160 27 162 2 14 37 16 37 3 2 45 11 41 26 45 2 14 86 29 86
39 2 1 87 2 90 3 10 142 18 154 23 129 2 2 20 26 16 3 10 153 13 163 15 118 2 19 78 23 66 2 12 166 24 185 3 10 145 13 157 15 138 2 3 99 6 111 3 10 144 18 167 23 132 2 4 193 28 189 2 10 58 22 54 2 1 90 2 78 2 5 38 7 40 3 5 44 25 34 28 47 2 19 72 23 61 2 6 207 15 167 3 5 86 7 77 8 85 2 12 193 24 153 2 9 55 12 50 3 8 127 11 147 28 122 2 2 15 26 20 2 3 76 12 69 2 10 73 22 69 2 14 59 22 79 3 10 116 20 114 29 102 3 3 198 17 177 30 217 2 8 116 17 121 2 15 133 30 168 2 25 31 30 28 2 3 61 12 69 3 16 25 21 29 27 29 2 12 185 24 147 3 9 128 19 158 20 173 2 16 183 18 141 2 12 222 28 170 2 2 160 27 162 2 14 37 16 37 3 2 45 11 41 26 45 2 14 86 29 86
37 2 1 103 2 92 2 2 16 26 16 2 3 92 6 108 2 2 17 26 19 2 4 168 28 180 2 9 56 12 60 3 5 37 25 46 28 49 2 6 227 15 157 2 5 30 7 36 3 16 26 21 27 27 29 2 2 13 26 18 3 5 61 7 68 8 67 3 10 162 18 120 23 174 3 5 76 7 77 8 77 3 3 198 17 155 30 159 2 10 70 22 56 3 8 152 11 163 28 155 2 3 57 12 55 3 10 113 13 139 15 142 3 8 171 11 125 28 126 2 14 68 22 68 2 14 80 29 84 2 15 156 30 126 2 14 39 16 46 2 14 61 22 63 2 8 152 17 109 2 2 163 27 163 2 16 165 18 173 3 9 153 19 140 20 118 2 14 65 22 61 2 19 71 23 62 3 10 125 20 111 29 87 2 12 143 24 180 2 25 28 30 26 3 2 46 11 46 26 44 2 3 119 6 108 2 12 184 28 221
37 2 1 103 2 92 2 2 16 26 16 2 3 92 6 108 2 2 17 26 19 2 4 168 28 180 2 9 56 12 60 3 5 37 25 46 28 49 2 6 227 15 157 2 5 30 7 36 3 16 26 21 27 27 29 2 2 13 26 18 3 5 61 7 68 8 67 3 10 162 18 120 23 174 3 5 76 7 77 8 77 3 3 198 17 155 30 159 2 10 70 22 56 3 8 152 11 163 28 155 2 3 57 12 55 3 10 113 13 139 15 142 3 8 171 11 125 28 126 2 14 68 22 68 2 14 80 29 84 2 15 156 30 126 2 14 39 16 46 2 14 61 22 63 2 8 152 17 109 2 2 163 27 163 2 16 165 18 173 3 9 153 19 140 20 118 2 14 65 22 61 2 19 71 23 62 3 10 125 20 111 29 87 2 12 143 24 180 2 25 28 30 26 3 2 46 11 46 26 44 2 3 119 6 108 2 12 184 28 221
38 2 1 102 2 109 2 2 18 26 17 2 1 106 2 96 3 8 138 11 164 28 135 2 3 126 6 94 2 2 19 26 19 2 4 157 28 196 2 2 19 26 14 3 5 37 25 42 28 39 2 6 171 15 183 2 5 35 7 28 2 2 15 26 16 3 5 86 7 77 8 68 2 9 59 12 65 2 3 112 6 120 3 10 148 18 169 23 127 3 16 28 21 27 27 22 2 3 64 12 55 3 10 165 13 166 15 123 2 14 61 22 80 2 10 75 22 67 3 2 36 11 32 26 41 2 14 72 22 75 2 15 173 30 141 2 14 40 16 38 2 8 112 17 142 2 16 174 18 137 3 9 142 19 130 20 124 3 10 88 20 93 29 117 3 5 78 7 77 8 60 2 19 74 23 76 2 12 192 24 183 2 25 34 30 26 2 2 115 27 164 2 12 226 28 221 3 10 91 20 102 29 91 3 3 221 17 148 30 177 2 14 69 29 62
38 2 1 102 2 109 2 2 18 26 17 2 1 106 2 96 3 8 138 11 164 28 135 2 3 126 6 94 2 2 19 26 19 2 4 157 28 196 2 2 19 26 14 3 5 37 25 42 28 39 2 6 171 15 183 2 5 35 7 28 2 2 15 26 16 3 5 86 7 77 8 68 2 9 59 12 65 2 3 112 6 120 3 10 148 18 169 23 127 3 16 28 21 27 27 22 2 3 64 12 55 3 10 165 13 166 15 123 2 14 61 22 80 2 10 75 22 67 3 2 36 11 32 26 41 2 14 72 22 75 2 15 173 30 141 2 14 40 16 38 2 8 112 17 142 2 16 174 18 137 3 9 142 19 130 20 124 3 10 88 20 93 29 117 3 5 78 7 77 8 60 2 19 74 23 76 2 12 192 24 183 2 25 34 30 26 2 2 115 27 164 2 12 226 28 221 3 10 91 20 102 29 91 3 3 221 17 148 30 177 2 14 69 29 62
35 2 14 62 22 78 2 1 79 2 106 2 19 74 23 72 2 2 15 26 19 2 3 95 6 121 2 12 148 24 130 2 4 152 28 159 3 5 36 25 39 28 48 2 6 229 15 189 2 16 145 18 124 2 5 36 7 31 2 12 172 24 155 3 5 88 7 71 8 81 3 10 135 18 131 23 174 3 5 47 25 47 28 44 2 9 56 12 62 2 3 73 12 71 3 5 77 7 70 8 70 3 8 157 11 139 28 158 3 9 157 19 170 20 149 3 10 153 13 153 15 143 3 10 87 20 118 29 99 2 14 74 29 72 2 15 134 30 124 2 14 43 16 35 2 3 128 6 112 2 2 154 27 122 2 8 151 17 142 3 2 33 11 38 26 41 3 3 175 17 196 30 212 2 14 38 16 42 2 25 26 30 32 3 16 32 21 23 27 22 2 12 223 28 218 2 10 73 22 56
35 2 1 101 2 79 2 2 18 26 15 2 1 82 2 77 2 3 115 6 104 2 4 192 28 225 2 3 118 6 95 3 5 35 25 47 28 42 3 10 129 13 139 15 163 2 6 177 15 178 2 5 32 7 28 3 5 64 7 62 8 87 2 9 66 12 57 2 10 59 22 53 3 10 173 18 166 23 133 2 5 28 7 28 2 12 195 28 179 3 10 88 20 108 29 91 2 16 168 18 169 3 10 112 20 100 29 91 2 8 107 17 108 3 8 160 11 160 28 170 2 3 74 12 71 2 19 73 23 83 2 14 57 22 63 2 12 184 24 181 3 3 218 17 164 30 178 2 14 81 29 62 2 15 135 30 125 2 14 47 16 42 3 9 137 19 164 20 139 3 16 31 21 28 27 31 2 25 37 30 28 2 2 129 27 128 2 16 152 18 148 3 2 32 11 32 26 45
35 2 1 101 2 79 2 2 18 26 15 2 1 82 2 77 2 3 115 6 104 2 4 192 28 225 2 3 118 6 95 3 5 35 25 47 28 42 3 10 129 13 139 15 163 2 6 177 15 178 2 5 32 7 28 3 5 64 7 62 8 87 2 9 66 12 57 2 10 59 22 53 3 10 173 18 166 23 133 2 5 28 7 28 2 12 195 28 179 3 10 88 20 108 29 91 2 16 168 18 169 3 10 112 20 100 29 91 2 8 107 17 108 3 8 160 11 160 28 170 2 3 74 12 71 2 19 73 23 83 2 14 57 22 63 2 12 184 24 181 3 3 218 17 164 30 178 2 14 81 29 62 2 15 135 30 125 2 14 47 16 42 3 9 137 19 164 20 139 3 16 31 21 28 27 31 2 25 37 30 28 2 2 129 27 128 2 16 152 18 148 3 2 32 11 32 26 45
35 2 12 160 24 129 2 1 107 2 75 2 2 18 26 19 2 1 86 2 92 2 3 106 6 110 3 10 165 13 144 15 132 2 4 195 28 199 3 5 46 25 47 28 38 2 3 133 6 134 3 10 94 20 112 29 99 2 6 158 15 173 2 5 35 7 35 3 5 39 25 37 28 45 2 3 55 12 70 2 1 77 2 107 3 16 29 21 23 27 27 3 5 78 7 71 8 78 2 9 60 12 61 2 16 179 18 141 3 10 163 18 162 23 141 2 8 111 17 123 2 10 52 22 51 3 8 165 11 143 28 131 2 14 39 16 35 2 14 63 22 80 2 15 138 30 142 3 9 133 19 146 20 140 2 1 98 2 79 2 19 66 23 67 2 25 29 30 37 3 2 33 11 42 26 35 2 2 124 27 165 3 3 211 17 186 30 157 2 12 176 28 215 2 14 87 29 61
35 2 12 160 24 129 2 1 107 2 75 2 2 18 26 19 2 1 86 2 92 2 3 106 6 110 3 10 165 13 144 15 132 2 4 195 28 199 3 5 46 25 47 28 38 2 3 133 6 134 3 10 94 20 112 29 99 2 6 158 15 173 2 5 35 7 35 3 5 39 25 37 28 45 2 3 55 12 70 2 1 77 2 107 3 16 29 21 23 27 27 3 5 78 7 71 8 78 2 9 60 12 61 2 16 179 18 141 3 10 163 18 162 23 141 2 8 111 17 123 2 10 52 22 51 3 8 165 11 143 28 131 2 14 39 16 35 2 14 63 22 80 2 15 138 30 142 3 9 133 19 146 20 140 2 1 98 2 79 2 19 66 23 67 2 25 29 30 37 3 2 33 11 42 26 35 2 2 124 27 165 3 3 211 17 186 30 157 2 12 176 28 215 2 14 87 29 61
35 2 1 97 2 95 3 9 145 19 171 20 172 2 2 18 26 14 2 3 122 6 133 2 4 200 28 219 2 1 90 2 92 2 12 159 24 164 3 5 35 25 45 28 46 3 3 170 17 164 30 166 2 6 155 15 167 3 10 122 20 96 29 106 3 16 29 21 25 27 26 2 9 52 12 55 2 12 133 24 178 2 16 137 18 129 2 5 31 7 32 3 5 87 7 75 8 64 3 10 171 18 119 23 173 3 8 132 11 125 28 172 2 3 70 12 77 3 10 142 13 115 15 140 2 14 50 16 45 3 2 33 11 33 26 39 2 8 135 17 139 2 14 74 22 55 2 10 57 22 66 3 9 119 19 156 20 135 2 15 146 30 173 3 2 34 11 32 26 39 2 19 63 23 85 2 14 82 29 82 2 12 177 28 191 2 15 144 30 144 2 25 38 30 38 2 2 128 27 122
35 2 19 65 23 80 2 1 102 2 109 2 2 13 26 14 2 12 133 24 158 2 3 99 6 92 2 25 35 30 29 2 12 159 24 182 3 2 42 11 36 26 34 2 25 39 30 33 2 4 199 28 207 3 5 42 25 35 28 41 2 6 171 15 226 2 5 35 7 38 3 5 59 7 64 8 65 3 5 46 25 41 28 49 2 9 68 12 67 3 10 148 18 139 23 134 2 5 34 7 33 2 14 82 22 81 3 8 171 11 117 28 172 3 10 123 20 104 29 104 2 14 65 29 74 2 3 71 12 72 3 10 128 13 144 15 163 3 3 172 17 214 30 151 2 15 142 30 146 2 14 44 16 51 2 16 151 18 177 2 8 145 17 144 3 9 134 19 153 20 163 3 16 32 21 28 27 25 2 10 68 22 73 2 12 144 24 153 2 2 136 27 145 2 12 187 28 197
35 2 14 61 22 56 2 1 105 2 75 2 19 64 23 61 2 2 15 26 19 2 3 100 6 106 2 12 157 24 190 2 4 211 28 197 3 5 37 25 38 28 41 2 6 207 15 180 2 16 158 18 180 2 5 36 7 31 2 12 161 24 133 3 5 61 7 87 8 77 3 10 128 18 151 23 171 3 5 40 25 39 28 38 2 9 67 12 62 2 3 77 12 80 3 5 87 7 74 8 79 3 8 168 11 119 28 146 3 9 167 19 159 20 175 3 10 143 13 164 15 145 3 10 126 20 105 29 96 2 14 71 29 88 2 15 164 30 129 2 14 42 16 43 2 3 118 6 132 2 2 146 27 155 2 8 128 17 127 3 2 34 11 35 26 43 3 3 212 17 204 30 184 2 14 40 16 50 2 25 29 30 28 3 16 25 21 24 27 29 2 12 166 28 198 2 10 69 22 51
35 2 14 61 22 56 2 1 105 2 75 2 19 64 23 61 2 2 15 26 19 2 3 100 6 106 2 12 157 24 190 2 4 211 28 197 3 5 37 25 38 28 41 2 6 207 15 180 2 16 158 18 180 2 5 36 7 31 2 12 161 24 133 3 5 61 7 87 8 77 3 10 128 18 151 23 171 3 5 40 25 39 28 38 2 9 67 12 62 2 3 77 12 80 3 5 87 7 74 8 79 3 8 168 11 119 28 146 3 9 167 19 159 20 175 3 10 143 13 164 15 145 3 10 126 20 105 29 96 2 14 71 29 88 2 15 164 30 129 2 14 42 16 43 2 3 118 6 132 2 2 146 27 155 2 8 128 17 127 3 2 34 11 35 26 43 3 3 212 17 204 30 184 2 14 40 16 50 2 25 29 30 28 3 16 25 21 24 27 29 2 12 166 28 198 2 10 69 22 51
38 2 1 88 2 94 2 2 18 26 14 2 1 80 2 103 3 8 158 11 150 28 139 2 3 123 6 115 2 2 19 26 13 2 4 205 28 203 2 2 19 26 13 3 5 47 25 43 28 45 2 6 182 15 218 2 5 28 7 35 2 2 20 26 17 3 5 61 7 86 8 66 2 9 53 12 50 2 3 109 6 129 3 10 139 18 129 23 123 3 16 26 21 28 27 23 2 3 72 12 64 3 10 148 13 154 15 161 2 14 58 22 70 2 10 72 22 70 3 2 39 11 32 26 38 2 14 58 22 79 2 15 131 30 164 2 14 38 16 41 2 8 106 17 137 2 16 124 18 125 3 9 169 19 162 20 155 3 10 106 20 96 29 91 3 5 78 7 72 8 73 2 19 89 23 89 2 12 182 24 148 2 25 36 30 32 2 2 154 27 159 2 12 222 28 213 3 10 116 20 125 29 92 3 3 151 17 215 30 151 2 14 79 29 66
39 2 9 52 12 59 2 1 103 2 91 2 12 182 24 155 2 2 16 26 16 2 4 207 28 223 2 1 79 2 102 2 3 120 6 116 2 4 214 28 186 3 3 184 17 183 30 210 2 3 131 6 109 3 5 42 25 39 28 43 2 1 77 2 80 2 6 178 15 158 2 5 35 7 36 3 5 64 7 69 8 77 3 10 158 18 125 23 126 3 10 129 13 140 15 124 3 5 49 25 49 28 47 2 8 148 17 136 2 14 36 16 50 3 8 159 11 130 28 168 2 3 76 12 74 2 14 67 22 58 2 15 173 30 138 2 10 74 22 50 2 3 66 12 56 2 16 165 18 126 3 9 140 19 136 20 167 3 10 103 20 119 29 119 3 16 21 21 31 27 28 2 19 64 23 60 2 4 178 28 216 2 2 147 27 167 3 2 33 11 32 26 44 3 8 160 11 158 28 120 2 25 29 30 34 2 9 50 12 47 2 12 186 28 217 2 14 71 29 71
40 2 14 48 16 48 3 10 105 20 123 29 124 2 1 77 2 110 2 3 60 12 55 2 2 17 26 17 2 14 49 16 38 2 3 117 6 111 2 4 210 28 168 2 2 16 26 20 3 5 46 25 44 28 47 2 6 188 15 204 2 12 149 24 131 2 3 90 6 93 2 19 88 23 64 2 3 97 6 96 2 5 40 7 28 2 3 72 12 74 3 5 80 7 61 8 88 2 10 56 22 69 2 9 52 12 52 3 10 170 18 171 23 174 3 8 121 11 152 28 139 2 14 69 29 82 3 10 149 13 128 15 167 2 14 74 22 70 2 15 163 30 141 2 16 144 18 166 3 10 162 18 132 23 139 2 25 39 30 34 2 14 68 22 68 2 8 148 17 149 3 2 35 11 37 26 44 2 2 147 27 137 2 3 90 6 117 3 9 128 19 165 20 175 2 12 148 24 141 3 16 27 21 22 27 30 3 10 112 20 120 29 104 2 12 165 28 164 3 3 215 17 215 30 199
35 2 4 174 28 225 3 5 83 7 81 8 84 2 4 174 28 207 3 10 136 13 167 15 120 2 1 104 2 85 2 4 174 28 188 2 2 14 26 18 2 3 122 6 127 2 12 169 28 185 2 3 124 6 96 3 5 34 25 39 28 35 2 2 135 27 128 2 3 104 6 106 2 6 161 15 203 2 5 32 7 35 2 9 60 12 54 3 10 127 18 147 23 162 2 2 16 26 14 3 8 127 11 128 28 168 2 3 65 12 67 3 3 164 17 193 30 197 2 14 81 22 60 2 15 130 30 150 2 14 64 29 84 2 14 37 16 50 2 8 118 17 150 2 16 146 18 169 3 16 26 21 30 27 23 2 12 143 24 176 3 9 146 19 146 20 119 3 10 88 20 87 29 99 2 10 55 22 63 2 19 69 23 73 2 25 32 30 31 3 2 38 11 44 26 43
35 2 14 62 22 73 2 1 82 2 77 2 19 75 23 73 2 2 14 26 13 2 3 116 6 123 2 12 158 24 159 2 4 208 28 181 3 5 37 25 50 28 39 2 6 210 15 197 2 16 159 18 155 2 5 39 7 33 2 12 168 24 166 3 5 80 7 67 8 66 3 10 131 18 138 23 161 3 5 44 25 35 28 35 2 9 47 12 48 2 3 64 12 72 3 5 77 7 74 8 60 3 8 134 11 134 28 141 3 9 125 19 133 20 174 3 10 149 13 148 15 140 3 10 107 20 87 29 90 2 14 82 29 63 2 15 133 30 162 2 14 45 16 39 2 3 117 6 109 2 2 133 27 164 2 8 114 17 140 3 2 31 11 34 26 36 3 3 172 17 166 30 171 2 14 35 16 41 2 25 27 30 30 3 16 24 21 21 27 28 2 12 205 28 223 2 10 56 22 66
35 2 1 92 2 80 2 2 14 26 19 2 1 95 2 86 2 3 128 6 102 2 4 156 28 184 2 3 102 6 111 3 5 34 25 46 28 43 3 10 136 13 156 15 113 2 6 176 15 202 2 5 27 7 35 3 5 82 7 67 8 83 2 9 49 12 65 2 10 74 22 70 3 10 142 18 128 23 164 2 5 29 7 34 2 12 190 28 215 3 10 85 20 96 29 117 2 16 168 18 139 3 10 100 20 117 29 95 2 8 110 17 131 3 8 139 11 146 28 139 2 3 76 12 79 2 19 87 23 77 2 14 69 22 70 2 12 152 24 174 3 3 213 17 217 30 208 2 14 70 29 87 2 15 167 30 173 2 14 44 16 49 3 9 160 19 137 20 129 3 16 27 21 30 27 26 2 25 32 30 30 2 2 148 27 143 2 16 128 18 134 3 2 46 11 38 26 37
DUE_DATES: 5951 5951 5951 5951 6740 6740 6399 6399 6399 6399 7025 7025 7025 7025 6008 6008 6020 6949 6949 5855 5907 6214 6826 6940 6932 6932 5931 5931 6753 6908 6908 6045 6045 6139 6139 5979 6011 6011 5882 5882 6172 6054 6094 6094 6168 6977 6854 6182 5912 6099
WEIGHTS: 1 3 2 3 3 3 1 3 2 2 1 1 1 3 2 2 3 1 3 1 1 2 1 2 3 3 2 3 1 2 1 1 3 2 3 2 2 2 3 1 1 2 3 1 2 3 1 1 3 1
