50 30
37 2 20 142 27 158 3 3 224 25 203 28 231 3 1 36 7 41 10 46 2 1 207 2 149 2 6 55 30 57 2 3 128 15 128 3 2 38 4 40 15 44 2 9 100 18 119 2 5 135 27 127 3 4 102 13 107 28 81 3 6 227 15 223 18 206 2 7 28 22 37 2 10 88 23 67 2 9 97 18 93 2 6 9 8 10 2 9 122 18 101 3 9 119 23 95 28 109 2 10 42 16 34 3 18 96 22 119 27 103 2 22 129 24 94 3 6 99 11 107 13 89 2 12 74 28 62 2 10 46 16 43 2 13 26 14 27 3 6 166 9 180 28 184 2 5 111 15 100 3 6 102 11 92 13 84 2 15 54 19 55 2 12 68 28 77 3 3 161 11 167 16 180 3 5 14 12 11 17 13 2 5 39 21 56 3 21 76 22 76 24 60 2 10 73 23 65 3 16 22 26 22 27 20 2 3 99 15 122 2 20 156 29 156
37 2 20 142 27 158 3 3 224 25 203 28 231 3 1 36 7 41 10 46 2 1 207 2 149 2 6 55 30 57 2 3 128 15 128 3 2 38 4 40 15 44 2 9 100 18 119 2 5 135 27 127 3 4 102 13 107 28 81 3 6 227 15 223 18 206 2 7 28 22 37 2 10 88 23 67 2 9 97 18 93 2 6 9 8 10 2 9 122 18 101 3 9 119 23 95 28 109 2 10 42 16 34 3 18 96 22 119 27 103 2 22 129 24 94 3 6 99 11 107 13 89 2 12 74 28 62 2 10 46 16 43 2 13 26 14 27 3 6 166 9 180 28 184 2 5 111 15 100 3 6 102 11 92 13 84 2 15 54 19 55 2 12 68 28 77 3 3 161 11 167 16 180 3 5 14 12 11 17 13 2 5 39 21 56 3 21 76 22 76 24 60 2 10 73 23 65 3 16 22 26 22 27 20 2 3 99 15 122 2 20 156 29 156
38 3 1 39 7 41 10 47 2 1 162 2 155 2 3 123 15 92 3 2 41 4 49 15 50 2 3 130 15 100 2 20 141 29 136 2 5 129 27 177 3 6 222 15 174 18 168 2 1 184 2 195 2 7 30 22 25 2 20 162 27 189 3 2 41 4 44 15 42 2 6 8 8 11 2 13 28 14 33 3 6 205 9 163 28 149 2 6 56 30 69 3 2 47 4 46 15 50 3 9 116 23 114 28 131 2 15 44 19 51 2 1 181 2 188 2 10 40 16 43 3 6 112 11 87 13 109 2 12 83 28 67 2 20 172 27 175 3 4 91 13 113 28 102 2 5 135 15 102 3 3 200 25 199 28 211 3 3 211 11 225 16 170 3 5 12 12 10 17 13 2 9 114 18 92 3 16 22 26 26 27 27 2 5 39 21 49 3 21 74 22 85 24 63 2 1 207 2 206 2 22 125 24 108 2 5 45 21 52 3 18 113 22 135 27 95 2 10 70 23 70
38 3 1 39 7 41 10 47 2 1 162 2 155 2 3 123 15 92 3 2 41 4 49 15 50 2 3 130 15 100 2 20 141 29 136 2 5 129 27 177 3 6 222 15 174 18 168 2 1 184 2 195 2 7 30 22 25 2 20 162 27 189 3 2 41 4 44 15 42 2 6 8 8 11 2 13 28 14 33 3 6 205 9 163 28 149 2 6 56 30 69 3 2 47 4 46 15 50 3 9 116 23 114 28 131 2 15 44 19 51 2 1 181 2 188 2 10 40 16 43 3 6 112 11 87 13 109 2 12 83 28 67 2 20 172 27 175 3 4 91 13 113 28 102 2 5 135 15 102 3 3 200 25 199 28 211 3 3 211 11 225 16 170 3 5 12 12 10 17 13 2 9 114 18 92 3 16 22 26 26 27 27 2 5 39 21 49 3 21 74 22 85 24 63 2 1 207 2 206 2 22 125 24 108 2 5 45 21 52 3 18 113 22 135 27 95 2 10 70 23 70
35 3 1 41 7 46 10 44 3 6 186 9 173 28 173 3 16 25 26 27 27 24 3 3 191 25 181 28 225 3 6 143 9 143 28 194 2 1 186 2 189 3 6 192 9 193 28 187 3 2 41 4 41 15 47 3 16 25 26 22 27 27 2 5 57 21 57 2 3 107 15 120 2 5 156 27 182 3 6 229 15 180 18 217 2 13 24 14 30 2 10 32 16 42 2 7 28 22 38 3 21 76 22 57 24 69 2 6 10 8 9 2 6 59 30 61 3 1 47 7 41 10 36 2 9 94 18 100 3 6 86 11 97 13 92 3 9 120 23 133 28 103 2 12 84 28 82 3 21 83 22 68 24 73 3 4 88 13 85 28 92 2 5 142 15 117 3 18 117 22 112 27 103 2 20 161 27 152 2 10 88 23 76 3 3 184 11 214 16 212 3 5 12 12 11 17 11 2 15 47 19 56 2 22 94 24 124 2 20 153 29 164
35 3 1 41 7 46 10 44 3 6 186 9 173 28 173 3 16 25 26 27 27 24 3 3 191 25 181 28 225 3 6 143 9 143 28 194 2 1 186 2 189 3 6 192 9 193 28 187 3 2 41 4 41 15 47 3 16 25 26 22 27 27 2 5 57 21 57 2 3 107 15 120 2 5 156 27 182 3 6 229 15 180 18 217 2 13 24 14 30 2 10 32 16 42 2 7 28 22 38 3 21 76 22 57 24 69 2 6 10 8 9 2 6 59 30 61 3 1 47 7 41 10 36 2 9 94 18 100 3 6 86 11 97 13 92 3 9 120 23 133 28 103 2 12 84 28 82 3 21 83 22 68 24 73 3 4 88 13 85 28 92 2 5 142 15 117 3 18 117 22 112 27 103 2 20 161 27 152 2 10 88 23 76 3 3 184 11 214 16 212 3 5 12 12 11 17 11 2 15 47 19 56 2 22 94 24 124 2 20 153 29 164
38 3 1 47 7 33 10 35 2 1 217 2 167 2 3 134 15 92 3 2 37 4 37 15 37 2 3 109 15 92 2 20 151 29 180 2 5 178 27 172 3 6 189 15 227 18 182 2 1 208 2 214 2 7 29 22 25 2 20 166 27 187 3 2 43 4 52 15 35 2 6 11 8 11 2 13 32 14 29 3 6 205 9 185 28 159 2 6 57 30 63 3 2 41 4 42 15 48 3 9 114 23 107 28 109 2 15 58 19 52 2 1 189 2 188 2 10 34 16 32 3 6 106 11 84 13 88 2 12 68 28 84 2 20 141 27 191 3 4 113 13 104 28 89 2 5 113 15 142 3 3 219 25 212 28 234 3 3 196 11 181 16 208 3 5 9 12 11 17 13 2 9 100 18 98 3 16 21 26 20 27 26 2 5 53 21 47 3 21 80 22 63 24 66 2 1 184 2 172 2 22 130 24 101 2 5 57 21 40 3 18 99 22 121 27 131 2 10 70 23 64
38 3 1 47 7 33 10 35 2 1 217 2 167 2 3 134 15 92 3 2 37 4 37 15 37 2 3 109 15 92 2 20 151 29 180 2 5 178 27 172 3 6 189 15 227 18 182 2 1 208 2 214 2 7 29 22 25 2 20 166 27 187 3 2 43 4 52 15 35 2 6 11 8 11 2 13 32 14 29 3 6 205 9 185 28 159 2 6 57 30 63 3 2 41 4 42 15 48 3 9 114 23 107 28 109 2 15 58 19 52 2 1 189 2 188 2 10 34 16 32 3 6 106 11 84 13 88 2 12 68 28 84 2 20 141 27 191 3 4 113 13 104 28 89 2 5 113 15 142 3 3 219 25 212 28 234 3 3 196 11 181 16 208 3 5 9 12 11 17 13 2 9 100 18 98 3 16 21 26 20 27 26 2 5 53 21 47 3 21 80 22 63 24 66 2 1 184 2 172 2 22 130 24 101 2 5 57 21 40 3 18 99 22 121 27 131 2 10 70 23 64
39 2 15 47 19 60 3 1 39 7 40 10 33 2 1 169 2 188 3 1 39 7 32 10 42 2 3 117 15 99 2 20 149 29 130 3 2 39 4 50 15 43 2 5 100 15 134 2 5 151 27 156 3 6 198 15 187 18 165 3 1 40 7 33 10 43 2 7 33 22 36 2 6 9 8 11 3 9 118 23 97 28 129 2 10 39 16 42 3 6 79 11 103 13 100 2 12 78 28 59 3 4 79 13 89 28 96 3 2 41 4 42 15 47 2 6 58 30 61 2 20 156 27 160 2 6 70 30 77 2 13 31 14 26 2 20 181 27 140 3 3 183 11 175 16 163 2 6 10 8 11 3 5 10 12 11 17 13 3 16 29 26 22 27 20 2 6 61 30 58 2 5 44 21 49 2 6 10 8 9 2 9 119 18 117 2 15 49 19 49 2 22 110 24 108 2 10 65 23 78 3 21 73 22 82 24 60 3 3 233 25 179 28 191 3 18 135 22 96 27 121 3 6 198 9 183 28 140
38 3 1 48 7 49 10 39 2 1 215 2 214 2 3 97 15 127 3 2 41 4 40 15 47 2 3 126 15 107 2 20 142 29 140 2 5 151 27 149 3 6 220 15 163 18 194 2 1 186 2 192 2 7 36 22 26 2 20 193 27 197 3 2 45 4 35 15 41 2 6 11 8 9 2 13 24 14 30 3 6 191 9 172 28 151 2 6 57 30 62 3 2 48 4 38 15 42 3 9 137 23 98 28 123 2 15 49 19 61 2 1 203 2 169 2 10 34 16 32 3 6 85 11 84 13 90 2 12 73 28 76 2 20 173 27 187 3 4 109 13 111 28 115 2 5 135 15 129 3 3 168 25 194 28 194 3 3 230 11 174 16 176 3 5 10 12 14 17 10 2 9 99 18 92 3 16 26 26 27 27 22 2 5 57 21 41 3 21 79 22 80 24 85 2 1 196 2 180 2 22 117 24 130 2 5 51 21 39 3 18 123 22 132 27 99 2 10 78 23 83
32 3 1 37 7 33 10 39 3 5 12 12 11 17 13 2 5 133 27 182 3 5 11 12 11 17 13 2 1 157 2 146 3 21 72 22 70 24 62 2 10 84 23 82 2 3 119 15 117 3 1 41 7 47 10 38 2 20 162 29 177 3 2 39 4 41 15 48 3 6 205 15 230 18 202 2 7 32 22 35 2 6 10 8 8 3 9 133 23 113 28 137 2 10 41 16 41 3 4 110 13 109 28 92 3 6 94 11 107 13 109 2 12 65 28 73 2 13 24 14 29 2 5 136 15 146 3 3 192 25 184 28 208 3 3 229 11 173 16 201 3 16 21 26 28 27 26 2 15 53 19 63 3 18 101 22 114 27 116 2 5 53 21 53 2 9 113 18 90 2 20 174 27 194 3 6 157 9 176 28 186 2 22 121 24 103 2 6 61 30 61
32 3 1 37 7 33 10 39 3 5 12 12 11 17 13 2 5 133 27 182 3 5 11 12 11 17 13 2 1 157 2 146 3 21 72 22 70 24 62 2 10 84 23 82 2 3 119 15 117 3 1 41 7 47 10 38 2 20 162 29 177 3 2 39 4 41 15 48 3 6 205 15 230 18 202 2 7 32 22 35 2 6 10 8 8 3 9 133 23 113 28 137 2 10 41 16 41 3 4 110 13 109 28 92 3 6 94 11 107 13 109 2 12 65 28 73 2 13 24 14 29 2 5 136 15 146 3 3 192 25 184 28 208 3 3 229 11 173 16 201 3 16 21 26 28 27 26 2 15 53 19 63 3 18 101 22 114 27 116 2 5 53 21 53 2 9 113 18 90 2 20 174 27 194 3 6 157 9 176 28 186 2 22 121 24 103 2 6 61 30 61
32 3 1 44 7 35 10 32 2 1 178 2 199 3 21 60 22 78 24 59 2 3 124 15 131 3 2 35 4 46 15 47 3 4 111 13 92 28 90 2 5 163 27 144 3 6 199 15 168 18 202 2 5 165 27 153 2 7 33 22 38 3 2 51 4 39 15 45 2 6 8 8 8 3 9 95 23 121 28 135 2 10 33 16 42 3 5 13 12 12 17 11 3 6 87 11 103 13 106 2 6 71 30 59 2 12 62 28 61 2 22 134 24 135 2 9 129 18 103 3 6 175 9 149 28 158 2 13 26 14 25 2 5 118 15 137 2 20 175 29 140 3 3 157 11 206 16 187 2 15 62 19 63 2 20 150 27 192 3 18 108 22 135 27 119 2 5 45 21 40 2 10 76 23 74 3 16 22 26 27 27 24 3 3 185 25 197 28 161
33 3 1 48 7 39 10 46 2 1 198 2 159 3 1 33 7 34 10 46 3 2 44 4 37 15 48 3 6 175 9 185 28 205 2 3 99 15 94 2 5 171 27 134 3 6 160 15 172 18 197 2 7 32 22 30 2 3 110 15 108 2 12 63 28 79 2 7 35 22 32 2 6 11 8 10 3 6 84 11 87 13 75 2 5 42 21 40 2 22 131 24 112 3 5 11 12 12 17 10 3 9 104 23 108 28 126 2 10 38 16 40 2 20 197 27 158 3 4 95 13 115 28 97 2 13 32 14 28 2 9 98 18 96 3 21 83 22 74 24 72 2 5 145 15 116 2 6 71 30 70 3 3 217 11 216 16 193 2 15 49 19 47 2 10 77 23 76 3 3 211 25 182 28 203 3 16 29 26 28 27 24 2 20 159 29 160 3 18 91 22 115 27 100
33 3 1 48 7 39 10 46 2 1 198 2 159 3 1 33 7 34 10 46 3 2 44 4 37 15 48 3 6 175 9 185 28 205 2 3 99 15 94 2 5 171 27 134 3 6 160 15 172 18 197 2 7 32 22 30 2 3 110 15 108 2 12 63 28 79 2 7 35 22 32 2 6 11 8 10 3 6 84 11 87 13 75 2 5 42 21 40 2 22 131 24 112 3 5 11 12 12 17 10 3 9 104 23 108 28 126 2 10 38 16 40 2 20 197 27 158 3 4 95 13 115 28 97 2 13 32 14 28 2 9 98 18 96 3 21 83 22 74 24 72 2 5 145 15 116 2 6 71 30 70 3 3 217 11 216 16 193 2 15 49 19 47 2 10 77 23 76 3 3 211 25 182 28 203 3 16 29 26 28 27 24 2 20 159 29 160 3 18 91 22 115 27 100
33 3 1 48 7 39 10 46 2 1 198 2 159 3 1 33 7 34 10 46 3 2 44 4 37 15 48 3 6 175 9 185 28 205 2 3 99 15 94 2 5 171 27 134 3 6 160 15 172 18 197 2 7 32 22 30 2 3 110 15 108 2 12 63 28 79 2 7 35 22 32 2 6 11 8 10 3 6 84 11 87 13 75 2 5 42 21 40 2 22 131 24 112 3 5 11 12 12 17 10 3 9 104 23 108 28 126 2 10 38 16 40 2 20 197 27 158 3 4 95 13 115 28 97 2 13 32 14 28 2 9 98 18 96 3 21 83 22 74 24 72 2 5 145 15 116 2 6 71 30 70 3 3 217 11 216 16 193 2 15 49 19 47 2 10 77 23 76 3 3 211 25 182 28 203 3 16 29 26 28 27 24 2 20 159 29 160 3 18 91 22 115 27 100
33 2 9 114 18 128 3 1 33 7 44 10 40 2 1 210 2 200 2 9 94 18 114 3 18 124 22 115 27 105 2 3 108 15 133 3 2 46 4 38 15 44 2 6 71 30 70 2 5 154 27 148 2 10 42 16 37 3 6 172 15 176 18 197 2 15 61 19 47 3 2 50 4 51 15 44 2 5 143 15 102 2 7 29 22 32 2 6 8 8 10 3 9 111 23 97 28 134 3 21 77 22 80 24 72 3 6 101 11 95 13 103 2 12 72 28 74 2 13 32 14 23 3 3 171 25 207 28 187 2 10 80 23 71 3 4 93 13 91 28 92 2 20 152 27 196 3 3 186 11 183 16 228 3 5 13 12 14 17 11 3 16 25 26 26 27 20 2 5 39 21 49 2 20 150 29 139 3 6 137 9 199 28 152 2 5 55 21 49 2 22 108 24 128
33 2 9 114 18 128 3 1 33 7 44 10 40 2 1 210 2 200 2 9 94 18 114 3 18 124 22 115 27 105 2 3 108 15 133 3 2 46 4 38 15 44 2 6 71 30 70 2 5 154 27 148 2 10 42 16 37 3 6 172 15 176 18 197 2 15 61 19 47 3 2 50 4 51 15 44 2 5 143 15 102 2 7 29 22 32 2 6 8 8 10 3 9 111 23 97 28 134 3 21 77 22 80 24 72 3 6 101 11 95 13 103 2 12 72 28 74 2 13 32 14 23 3 3 171 25 207 28 187 2 10 80 23 71 3 4 93 13 91 28 92 2 20 152 27 196 3 3 186 11 183 16 228 3 5 13 12 14 17 11 3 16 25 26 26 27 20 2 5 39 21 49 2 20 150 29 139 3 6 137 9 199 28 152 2 5 55 21 49 2 22 108 24 128
33 2 9 114 18 128 3 1 33 7 44 10 40 2 1 210 2 200 2 9 94 18 114 3 18 124 22 115 27 105 2 3 108 15 133 3 2 46 4 38 15 44 2 6 71 30 70 2 5 154 27 148 2 10 42 16 37 3 6 172 15 176 18 197 2 15 61 19 47 3 2 50 4 51 15 44 2 5 143 15 102 2 7 29 22 32 2 6 8 8 10 3 9 111 23 97 28 134 3 21 77 22 80 24 72 3 6 101 11 95 13 103 2 12 72 28 74 2 13 32 14 23 3 3 171 25 207 28 187 2 10 80 23 71 3 4 93 13 91 28 92 2 20 152 27 196 3 3 186 11 183 16 228 3 5 13 12 14 17 11 3 16 25 26 26 27 20 2 5 39 21 49 2 20 150 29 139 3 6 137 9 199 28 152 2 5 55 21 49 2 22 108 24 128
33 2 9 114 18 128 3 1 33 7 44 10 40 2 1 210 2 200 2 9 94 18 114 3 18 124 22 115 27 105 2 3 108 15 133 3 2 46 4 38 15 44 2 6 71 30 70 2 5 154 27 148 2 10 42 16 37 3 6 172 15 176 18 197 2 15 61 19 47 3 2 50 4 51 15 44 2 5 143 15 102 2 7 29 22 32 2 6 8 8 10 3 9 111 23 97 28 134 3 21 77 22 80 24 72 3 6 101 11 95 13 103 2 12 72 28 74 2 13 32 14 23 3 3 171 25 207 28 187 2 10 80 23 71 3 4 93 13 91 28 92 2 20 152 27 196 3 3 186 11 183 16 228 3 5 13 12 14 17 11 3 16 25 26 26 27 20 2 5 39 21 49 2 20 150 29 139 3 6 137 9 199 28 152 2 5 55 21 49 2 22 108 24 128
33 2 9 114 18 128 3 1 33 7 44 10 40 2 1 210 2 200 2 9 94 18 114 3 18 124 22 115 27 105 2 3 108 15 133 3 2 46 4 38 15 44 2 6 71 30 70 2 5 154 27 148 2 10 42 16 37 3 6 172 15 176 18 197 2 15 61 19 47 3 2 50 4 51 15 44 2 5 143 15 102 2 7 29 22 32 2 6 8 8 10 3 9 111 23 97 28 134 3 21 77 22 80 24 72 3 6 101 11 95 13 103 2 12 72 28 74 2 13 32 14 23 3 3 171 25 207 28 187 2 10 80 23 71 3 4 93 13 91 28 92 2 20 152 27 196 3 3 186 11 183 16 228 3 5 13 12 14 17 11 3 16 25 26 26 27 20 2 5 39 21 49 2 20 150 29 139 3 6 137 9 199 28 152 2 5 55 21 49 2 22 108 24 128
33 2 9 114 18 128 3 1 33 7 44 10 40 2 1 210 2 200 2 9 94 18 114 3 18 124 22 115 27 105 2 3 108 15 133 3 2 46 4 38 15 44 2 6 71 30 70 2 5 154 27 148 2 10 42 16 37 3 6 172 15 176 18 197 2 15 61 19 47 3 2 50 4 51 15 44 2 5 143 15 102 2 7 29 22 32 2 6 8 8 10 3 9 111 23 97 28 134 3 21 77 22 80 24 72 3 6 101 11 95 13 103 2 12 72 28 74 2 13 32 14 23 3 3 171 25 207 28 187 2 10 80 23 71 3 4 93 13 91 28 92 2 20 152 27 196 3 3 186 11 183 16 228 3 5 13 12 14 17 11 3 16 25 26 26 27 20 2 5 39 21 49 2 20 150 29 139 3 6 137 9 199 28 152 2 5 55 21 49 2 22 108 24 128
38 3 1 46 7 37 10 37 2 1 211 2 172 2 3 111 15 112 3 2 52 4 42 15 41 2 3 116 15 93 2 20 155 29 136 2 5 154 27 134 3 6 164 15 205 18 201 2 1 169 2 154 2 7 28 22 36 2 20 205 27 158 3 2 41 4 40 15 35 2 6 9 8 8 2 13 31 14 26 3 6 174 9 185 28 174 2 6 64 30 77 3 2 36 4 39 15 50 3 9 114 23 130 28 110 2 15 44 19 58 2 1 175 2 181 2 10 45 16 32 3 6 97 11 98 13 83 2 12 64 28 82 2 20 202 27 157 3 4 97 13 87 28 107 2 5 120 15 112 3 3 183 25 204 28 167 3 3 226 11 228 16 180 3 5 11 12 13 17 12 2 9 118 18 100 3 16 29 26 24 27 20 2 5 48 21 50 3 21 71 22 74 24 84 2 1 172 2 184 2 22 132 24 99 2 5 50 21 51 3 18 128 22 134 27 114 2 10 70 23 64
35 3 1 42 7 32 10 35 2 1 170 2 216 2 3 114 15 121 3 18 104 22 95 27 100 3 1 47 7 45 10 36 3 2 44 4 42 15 38 2 5 129 27 127 3 16 21 26 29 27 27 3 6 222 15 177 18 204 2 3 109 15 114 2 5 106 15 116 3 18 136 22 132 27 95 2 7 29 22 30 2 6 8 8 10 3 9 99 23 129 28 105 2 20 149 29 123 2 10 36 16 43 3 5 11 12 14 17 10 2 20 157 29 122 3 21 80 22 70 24 70 3 6 108 11 82 13 101 2 12 79 28 72 3 4 87 13 94 28 116 3 6 149 9 170 28 140 2 13 33 14 30 3 3 210 11 174 16 230 2 9 113 18 122 2 15 52 19 55 2 20 160 27 181 3 1 36 7 37 10 33 2 5 49 21 56 2 10 88 23 71 2 22 110 24 92 3 3 168 25 187 28 203 2 6 72 30 63
35 3 1 42 7 32 10 35 2 1 170 2 216 2 3 114 15 121 3 18 104 22 95 27 100 3 1 47 7 45 10 36 3 2 44 4 42 15 38 2 5 129 27 127 3 16 21 26 29 27 27 3 6 222 15 177 18 204 2 3 109 15 114 2 5 106 15 116 3 18 136 22 132 27 95 2 7 29 22 30 2 6 8 8 10 3 9 99 23 129 28 105 2 20 149 29 123 2 10 36 16 43 3 5 11 12 14 17 10 2 20 157 29 122 3 21 80 22 70 24 70 3 6 108 11 82 13 101 2 12 79 28 72 3 4 87 13 94 28 116 3 6 149 9 170 28 140 2 13 33 14 30 3 3 210 11 174 16 230 2 9 113 18 122 2 15 52 19 55 2 20 160 27 181 3 1 36 7 37 10 33 2 5 49 21 56 2 10 88 23 71 2 22 110 24 92 3 3 168 25 187 28 203 2 6 72 30 63
35 3 1 42 7 32 10 35 2 1 170 2 216 2 3 114 15 121 3 18 104 22 95 27 100 3 1 47 7 45 10 36 3 2 44 4 42 15 38 2 5 129 27 127 3 16 21 26 29 27 27 3 6 222 15 177 18 204 2 3 109 15 114 2 5 106 15 116 3 18 136 22 132 27 95 2 7 29 22 30 2 6 8 8 10 3 9 99 23 129 28 105 2 20 149 29 123 2 10 36 16 43 3 5 11 12 14 17 10 2 20 157 29 122 3 21 80 22 70 24 70 3 6 108 11 82 13 101 2 12 79 28 72 3 4 87 13 94 28 116 3 6 149 9 170 28 140 2 13 33 14 30 3 3 210 11 174 16 230 2 9 113 18 122 2 15 52 19 55 2 20 160 27 181 3 1 36 7 37 10 33 2 5 49 21 56 2 10 88 23 71 2 22 110 24 92 3 3 168 25 187 28 203 2 6 72 30 63
37 3 1 38 7 41 10 45 2 7 35 22 27 3 1 46 7 45 10 41 2 20 157 27 173 2 1 167 2 170 3 1 43 7 46 10 39 2 3 131 15 109 2 5 125 15 113 2 1 172 2 203 3 2 40 4 35 15 49 2 5 128 27 160 3 6 209 15 198 18 181 2 6 10 8 11 2 5 42 21 51 2 6 11 8 8 3 9 100 23 107 28 107 3 2 50 4 38 15 44 2 10 40 16 38 3 6 109 11 97 13 75 2 12 64 28 77 3 3 155 11 157 16 155 3 16 29 26 21 27 25 3 1 47 7 46 10 41 3 4 108 13 99 28 80 2 13 29 14 29 3 5 9 12 10 17 10 2 9 100 18 89 2 15 48 19 61 2 22 92 24 114 2 10 83 23 78 3 21 69 22 81 24 65 3 3 208 25 160 28 236 3 18 117 22 104 27 135 3 6 170 9 150 28 183 2 20 165 29 136 3 6 97 11 88 13 93 2 6 58 30 74
37 3 1 38 7 41 10 45 2 7 35 22 27 3 1 46 7 45 10 41 2 20 157 27 173 2 1 167 2 170 3 1 43 7 46 10 39 2 3 131 15 109 2 5 125 15 113 2 1 172 2 203 3 2 40 4 35 15 49 2 5 128 27 160 3 6 209 15 198 18 181 2 6 10 8 11 2 5 42 21 51 2 6 11 8 8 3 9 100 23 107 28 107 3 2 50 4 38 15 44 2 10 40 16 38 3 6 109 11 97 13 75 2 12 64 28 77 3 3 155 11 157 16 155 3 16 29 26 21 27 25 3 1 47 7 46 10 41 3 4 108 13 99 28 80 2 13 29 14 29 3 5 9 12 10 17 10 2 9 100 18 89 2 15 48 19 61 2 22 92 24 114 2 10 83 23 78 3 21 69 22 81 24 65 3 3 208 25 160 28 236 3 18 117 22 104 27 135 3 6 170 9 150 28 183 2 20 165 29 136 3 6 97 11 88 13 93 2 6 58 30 74
34 3 1 48 7 41 10 37 2 22 92 24 110 2 20 145 29 129 2 1 165 2 165 2 9 96 18 120 2 20 172 27 184 2 3 131 15 135 2 20 193 27 155 3 2 52 4 47 15 45 2 5 140 27 130 3 6 190 15 214 18 219 2 20 179 29 126 3 16 20 26 27 27 24 3 3 220 25 201 28 186 2 7 27 22 35 2 15 55 19 52 2 6 11 8 9 3 9 94 23 111 28 99 3 21 75 22 84 24 70 3 4 87 13 97 28 100 3 3 157 11 192 16 178 2 10 43 16 31 2 10 64 23 64 2 5 49 21 55 3 3 223 11 229 16 178 3 6 89 11 100 13 100 3 18 127 22 123 27 111 3 3 214 25 237 28 231 2 13 32 14 28 2 12 72 28 69 2 6 79 30 77 2 5 106 15 127 3 5 13 12 11 17 11 3 6 189 9 148 28 166
34 3 1 48 7 41 10 37 2 22 92 24 110 2 20 145 29 129 2 1 165 2 165 2 9 96 18 120 2 20 172 27 184 2 3 131 15 135 2 20 193 27 155 3 2 52 4 47 15 45 2 5 140 27 130 3 6 190 15 214 18 219 2 20 179 29 126 3 16 20 26 27 27 24 3 3 220 25 201 28 186 2 7 27 22 35 2 15 55 19 52 2 6 11 8 9 3 9 94 23 111 28 99 3 21 75 22 84 24 70 3 4 87 13 97 28 100 3 3 157 11 192 16 178 2 10 43 16 31 2 10 64 23 64 2 5 49 21 55 3 3 223 11 229 16 178 3 6 89 11 100 13 100 3 18 127 22 123 27 111 3 3 214 25 237 28 231 2 13 32 14 28 2 12 72 28 69 2 6 79 30 77 2 5 106 15 127 3 5 13 12 11 17 11 3 6 189 9 148 28 166
36 3 1 33 7 42 10 33 2 1 147 2 183 2 3 137 15 127 2 1 199 2 163 3 2 41 4 43 15 50 2 5 135 27 131 2 5 48 21 39 2 3 98 15 111 3 5 10 12 12 17 11 3 6 173 15 196 18 185 2 10 40 16 41 2 7 26 22 35 2 6 9 8 8 2 5 42 21 46 3 9 118 23 137 28 93 3 6 93 11 100 13 97 2 12 85 28 79 3 4 90 13 114 28 80 2 13 30 14 30 2 5 115 15 111 3 1 37 7 35 10 34 3 3 172 11 222 16 188 2 13 24 14 28 2 9 116 18 114 2 15 63 19 58 2 20 172 27 196 2 22 94 24 114 2 10 64 23 64 3 16 22 26 20 27 27 3 21 66 22 75 24 83 3 18 105 22 112 27 131 2 5 129 15 106 3 3 163 25 200 28 212 3 6 156 9 204 28 188 2 20 138 29 145 2 6 68 30 78
36 3 1 33 7 42 10 33 2 1 147 2 183 2 3 137 15 127 2 1 199 2 163 3 2 41 4 43 15 50 2 5 135 27 131 2 5 48 21 39 2 3 98 15 111 3 5 10 12 12 17 11 3 6 173 15 196 18 185 2 10 40 16 41 2 7 26 22 35 2 6 9 8 8 2 5 42 21 46 3 9 118 23 137 28 93 3 6 93 11 100 13 97 2 12 85 28 79 3 4 90 13 114 28 80 2 13 30 14 30 2 5 115 15 111 3 1 37 7 35 10 34 3 3 172 11 222 16 188 2 13 24 14 28 2 9 116 18 114 2 15 63 19 58 2 20 172 27 196 2 22 94 24 114 2 10 64 23 64 3 16 22 26 20 27 27 3 21 66 22 75 24 83 3 18 105 22 112 27 131 2 5 129 15 106 3 3 163 25 200 28 212 3 6 156 9 204 28 188 2 20 138 29 145 2 6 68 30 78
33 2 9 102 18 89 3 1 36 7 36 10 39 2 1 151 2 148 2 9 93 18 129 3 18 135 22 136 27 126 2 3 98 15 95 3 2 35 4 43 15 51 2 6 63 30 75 2 5 162 27 164 2 10 34 16 38 3 6 174 15 217 18 176 2 15 65 19 47 3 2 42 4 39 15 52 2 5 104 15 141 2 7 28 22 37 2 6 11 8 11 3 9 135 23 133 28 130 3 21 65 22 76 24 80 3 6 102 11 103 13 93 2 12 76 28 75 2 13 32 14 31 3 3 208 25 178 28 205 2 10 82 23 82 3 4 114 13 113 28 102 2 20 202 27 158 3 3 158 11 177 16 163 3 5 12 12 11 17 11 3 16 22 26 22 27 27 2 5 39 21 52 2 20 150 29 123 3 6 190 9 141 28 138 2 5 56 21 41 2 22 97 24 98
32 3 1 41 7 36 10 45 3 5 10 12 14 17 12 2 5 155 27 137 3 5 11 12 10 17 10 2 1 148 2 214 3 21 59 22 58 24 77 2 10 71 23 64 2 3 134 15 132 3 1 35 7 34 10 45 2 20 124 29 125 3 2 51 4 51 15 47 3 6 208 15 184 18 205 2 7 26 22 37 2 6 9 8 9 3 9 118 23 114 28 126 2 10 45 16 46 3 4 88 13 82 28 107 3 6 103 11 96 13 78 2 12 61 28 75 2 13 24 14 29 2 5 104 15 101 3 3 202 25 199 28 198 3 3 216 11 171 16 210 3 16 23 26 20 27 26 2 15 47 19 50 3 18 112 22 136 27 113 2 5 51 21 40 2 9 131 18 100 2 20 170 27 180 3 6 192 9 148 28 163 2 22 95 24 102 2 6 67 30 67
39 2 15 55 19 57 3 1 37 7 44 10 36 2 1 209 2 198 3 1 49 7 34 10 46 2 3 129 15 125 2 20 128 29 133 3 2 38 4 42 15 48 2 5 142 15 148 2 5 167 27 161 3 6 209 15 194 18 206 3 1 47 7 45 10 34 2 7 28 22 28 2 6 10 8 11 3 9 108 23 92 28 112 2 10 42 16 40 3 6 92 11 81 13 90 2 12 64 28 75 3 4 101 13 84 28 98 3 2 44 4 40 15 44 2 6 69 30 68 2 20 204 27 161 2 6 62 30 72 2 13 24 14 27 2 20 180 27 153 3 3 230 11 162 16 190 2 6 10 8 11 3 5 11 12 10 17 11 3 16 20 26 20 27 20 2 6 53 30 63 2 5 53 21 51 2 6 9 8 10 2 9 116 18 104 2 15 51 19 44 2 22 119 24 111 2 10 70 23 84 3 21 75 22 73 24 81 3 3 217 25 198 28 209 3 18 131 22 115 27 117 3 6 190 9 189 28 156
37 3 1 41 7 35 10 46 2 7 33 22 30 3 1 33 7 35 10 45 2 20 150 27 176 2 1 179 2 156 3 1 39 7 48 10 38 2 3 123 15 117 2 5 131 15 116 2 1 182 2 213 3 2 43 4 46 15 46 2 5 151 27 126 3 6 163 15 169 18 228 2 6 8 8 9 2 5 51 21 43 2 6 10 8 8 3 9 122 23 109 28 102 3 2 46 4 48 15 37 2 10 41 16 35 3 6 105 11 81 13 110 2 12 67 28 61 3 3 160 11 156 16 209 3 16 23 26 24 27 22 3 1 38 7 43 10 33 3 4 99 13 99 28 100 2 13 30 14 32 3 5 13 12 13 17 13 2 9 129 18 109 2 15 61 19 62 2 22 131 24 133 2 10 74 23 64 3 21 81 22 61 24 59 3 3 194 25 168 28 167 3 18 109 22 130 27 117 3 6 176 9 204 28 145 2 20 135 29 175 3 6 88 11 94 13 79 2 6 64 30 68
37 3 1 41 7 35 10 46 2 7 33 22 30 3 1 33 7 35 10 45 2 20 150 27 176 2 1 179 2 156 3 1 39 7 48 10 38 2 3 123 15 117 2 5 131 15 116 2 1 182 2 213 3 2 43 4 46 15 46 2 5 151 27 126 3 6 163 15 169 18 228 2 6 8 8 9 2 5 51 21 43 2 6 10 8 8 3 9 122 23 109 28 102 3 2 46 4 48 15 37 2 10 41 16 35 3 6 105 11 81 13 110 2 12 67 28 61 3 3 160 11 156 16 209 3 16 23 26 24 27 22 3 1 38 7 43 10 33 3 4 99 13 99 28 100 2 13 30 14 32 3 5 13 12 13 17 13 2 9 129 18 109 2 15 61 19 62 2 22 131 24 133 2 10 74 23 64 3 21 81 22 61 24 59 3 3 194 25 168 28 167 3 18 109 22 130 27 117 3 6 176 9 204 28 145 2 20 135 29 175 3 6 88 11 94 13 79 2 6 64 30 68
34 3 1 44 7 46 10 37 2 1 205 2 147 2 3 124 15 112 3 2 48 4 46 15 41 2 5 177 27 150 2 12 86 28 72 2 5 52 21 41 3 1 40 7 47 10 39 3 6 198 15 208 18 232 2 7 32 22 28 2 6 9 8 11 3 9 100 23 134 28 102 3 6 182 9 205 28 201 2 6 8 8 8 2 10 39 16 44 2 9 127 18 91 3 6 107 11 90 13 81 3 4 94 13 98 28 107 2 13 33 14 31 3 6 225 15 163 18 205 2 5 139 15 109 3 3 161 11 219 16 192 3 5 11 12 14 17 14 2 6 55 30 52 3 3 164 11 209 16 169 2 15 50 19 62 2 10 77 23 75 3 3 234 25 199 28 217 2 20 140 27 148 2 22 132 24 134 3 21 80 22 79 24 71 3 16 23 26 25 27 26 3 18 109 22 107 27 124 2 20 152 29 166
32 3 1 48 7 45 10 47 2 1 155 2 215 3 21 58 22 57 24 64 2 3 130 15 111 3 2 45 4 45 15 42 3 4 88 13 103 28 91 2 5 178 27 177 3 6 229 15 158 18 160 2 5 123 27 153 2 7 27 22 38 3 2 43 4 44 15 52 2 6 10 8 11 3 9 112 23 110 28 103 2 10 35 16 33 3 5 10 12 10 17 11 3 6 102 11 96 13 86 2 6 71 30 57 2 12 75 28 78 2 22 108 24 92 2 9 121 18 121 3 6 158 9 155 28 181 2 13 24 14 24 2 5 147 15 112 2 20 125 29 146 3 3 204 11 199 16 176 2 15 45 19 49 2 20 202 27 163 3 18 134 22 134 27 108 2 5 57 21 46 2 10 87 23 73 3 16 21 26 24 27 29 3 3 222 25 215 28 173
32 3 1 48 7 45 10 47 2 1 155 2 215 3 21 58 22 57 24 64 2 3 130 15 111 3 2 45 4 45 15 42 3 4 88 13 103 28 91 2 5 178 27 177 3 6 229 15 158 18 160 2 5 123 27 153 2 7 27 22 38 3 2 43 4 44 15 52 2 6 10 8 11 3 9 112 23 110 28 103 2 10 35 16 33 3 5 10 12 10 17 11 3 6 102 11 96 13 86 2 6 71 30 57 2 12 75 28 78 2 22 108 24 92 2 9 121 18 121 3 6 158 9 155 28 181 2 13 24 14 24 2 5 147 15 112 2 20 125 29 146 3 3 204 11 199 16 176 2 15 45 19 49 2 20 202 27 163 3 18 134 22 134 27 108 2 5 57 21 46 2 10 87 23 73 3 16 21 26 24 27 29 3 3 222 25 215 28 173
33 3 1 47 7 39 10 35 2 1 216 2 206 3 1 40 7 37 10 36 3 2 43 4 39 15 42 3 6 191 9 169 28 193 2 3 114 15 103 2 5 136 27 162 3 6 169 15 189 18 179 2 7 32 22 28 2 3 135 15 107 2 12 74 28 64 2 7 37 22 38 2 6 11 8 9 3 6 85 11 104 13 106 2 5 46 21 41 2 22 122 24 134 3 5 9 12 10 17 13 3 9 121 23 101 28 127 2 10 35 16 39 2 20 157 27 160 3 4 83 13 97 28 89 2 13 25 14 30 2 9 113 18 107 3 21 75 22 66 24 61 2 5 124 15 115 2 6 68 30 69 3 3 160 11 193 16 183 2 15 63 19 47 2 10 67 23 69 3 3 203 25 205 28 220 3 16 24 26 26 27 25 2 20 128 29 139 3 18 93 22 117 27 111
32 3 1 39 7 36 10 33 3 5 12 12 11 17 10 2 5 143 27 144 3 5 11 12 11 17 13 2 1 171 2 207 3 21 57 22 78 24 75 2 10 87 23 89 2 3 124 15 93 3 1 34 7 41 10 43 2 20 146 29 170 3 2 47 4 51 15 37 3 6 232 15 175 18 214 2 7 32 22 35 2 6 11 8 10 3 9 120 23 120 28 99 2 10 39 16 44 3 4 113 13 100 28 117 3 6 77 11 107 13 100 2 12 84 28 60 2 13 27 14 30 2 5 117 15 117 3 3 203 25 161 28 201 3 3 221 11 174 16 216 3 16 28 26 23 27 26 2 15 59 19 46 3 18 98 22 120 27 115 2 5 42 21 42 2 9 106 18 120 2 20 189 27 163 3 6 166 9 158 28 203 2 22 114 24 132 2 6 73 30 56
34 3 1 46 7 47 10 34 2 1 174 2 148 2 3 114 15 107 3 2 50 4 39 15 46 2 5 175 27 126 2 12 63 28 62 2 5 48 21 51 3 1 35 7 32 10 41 3 6 228 15 160 18 218 2 7 36 22 32 2 6 10 8 11 3 9 94 23 110 28 105 3 6 153 9 191 28 196 2 6 10 8 10 2 10 38 16 40 2 9 123 18 88 3 6 107 11 75 13 101 3 4 105 13 111 28 112 2 13 23 14 22 3 6 205 15 219 18 231 2 5 149 15 102 3 3 178 11 202 16 200 3 5 12 12 10 17 10 2 6 76 30 76 3 3 172 11 223 16 216 2 15 53 19 48 2 10 66 23 65 3 3 203 25 161 28 173 2 20 164 27 161 2 22 92 24 134 3 21 68 22 79 24 82 3 16 24 26 26 27 29 3 18 136 22 107 27 122 2 20 163 29 136
37 3 1 34 7 47 10 32 2 7 37 22 31 3 1 34 7 34 10 47 2 20 170 27 171 2 1 213 2 209 3 1 35 7 46 10 38 2 3 106 15 119 2 5 101 15 144 2 1 166 2 181 3 2 44 4 42 15 36 2 5 143 27 150 3 6 209 15 172 18 194 2 6 8 8 10 2 5 55 21 58 2 6 11 8 10 3 9 98 23 94 28 117 3 2 36 4 43 15 46 2 10 36 16 41 3 6 94 11 82 13 106 2 12 64 28 58 3 3 154 11 164 16 207 3 16 23 26 26 27 28 3 1 37 7 44 10 45 3 4 112 13 115 28 104 2 13 33 14 28 3 5 13 12 9 17 10 2 9 100 18 115 2 15 65 19 55 2 22 97 24 113 2 10 74 23 78 3 21 66 22 63 24 63 3 3 162 25 213 28 199 3 18 123 22 120 27 99 3 6 179 9 192 28 178 2 20 138 29 162 3 6 112 11 111 13 96 2 6 78 30 57
37 3 1 34 7 47 10 32 2 7 37 22 31 3 1 34 7 34 10 47 2 20 170 27 171 2 1 213 2 209 3 1 35 7 46 10 38 2 3 106 15 119 2 5 101 15 144 2 1 166 2 181 3 2 44 4 42 15 36 2 5 143 27 150 3 6 209 15 172 18 194 2 6 8 8 10 2 5 55 21 58 2 6 11 8 10 3 9 98 23 94 28 117 3 2 36 4 43 15 46 2 10 36 16 41 3 6 94 11 82 13 106 2 12 64 28 58 3 3 154 11 164 16 207 3 16 23 26 26 27 28 3 1 37 7 44 10 45 3 4 112 13 115 28 104 2 13 33 14 28 3 5 13 12 9 17 10 2 9 100 18 115 2 15 65 19 55 2 22 97 24 113 2 10 74 23 78 3 21 66 22 63 24 63 3 3 162 25 213 28 199 3 18 123 22 120 27 99 3 6 179 9 192 28 178 2 20 138 29 162 3 6 112 11 111 13 96 2 6 78 30 57
36 3 1 48 7 33 10 34 2 1 200 2 214 2 3 129 15 117 2 1 215 2 193 3 2 49 4 50 15 45 2 5 167 27 132 2 5 44 21 47 2 3 130 15 107 3 5 10 12 11 17 14 3 6 217 15 164 18 195 2 10 43 16 40 2 7 26 22 37 2 6 11 8 8 2 5 44 21 51 3 9 93 23 126 28 122 3 6 102 11 99 13 76 2 12 78 28 83 3 4 115 13 102 28 116 2 13 32 14 23 2 5 131 15 112 3 1 46 7 46 10 36 3 3 196 11 188 16 199 2 13 27 14 24 2 9 124 18 118 2 15 53 19 56 2 20 199 27 179 2 22 127 24 123 2 10 60 23 76 3 16 29 26 23 27 23 3 21 83 22 82 24 75 3 18 99 22 102 27 131 2 5 131 15 123 3 3 235 25 211 28 208 3 6 180 9 153 28 144 2 20 166 29 145 2 6 61 30 73
34 3 1 44 7 38 10 42 2 22 101 24 125 2 20 172 29 135 2 1 155 2 175 2 9 118 18 105 2 20 173 27 194 2 3 92 15 95 2 20 202 27 197 3 2 42 4 48 15 44 2 5 171 27 157 3 6 203 15 157 18 184 2 20 179 29 161 3 16 26 26 21 27 20 3 3 208 25 214 28 213 2 7 33 22 35 2 15 64 19 60 2 6 8 8 11 3 9 93 23 135 28 121 3 21 69 22 77 24 59 3 4 91 13 106 28 100 3 3 175 11 223 16 212 2 10 37 16 39 2 10 85 23 60 2 5 43 21 43 3 3 185 11 203 16 204 3 6 94 11 105 13 88 3 18 101 22 126 27 96 3 3 169 25 234 28 236 2 13 26 14 24 2 12 62 28 78 2 6 56 30 66 2 5 107 15 140 3 5 10 12 10 17 14 3 6 181 9 186 28 171
36 3 1 48 7 34 10 36 2 1 163 2 172 3 4 108 13 115 28 93 2 20 137 27 169 3 21 62 22 82 24 79 2 5 113 15 121 2 3 132 15 112 2 5 123 27 156 3 2 39 4 51 15 51 3 6 200 15 159 18 168 2 7 33 22 36 2 6 10 8 9 3 9 109 23 99 28 111 3 6 144 9 164 28 164 3 16 22 26 28 27 27 2 5 143 27 176 2 10 41 16 43 3 1 45 7 40 10 38 3 6 80 11 100 13 90 2 12 60 28 68 2 13 26 14 25 3 3 168 11 173 16 194 3 5 12 12 11 17 12 2 9 93 18 92 2 15 59 19 51 2 5 50 21 42 2 6 77 30 72 3 6 204 15 164 18 231 2 22 122 24 130 3 6 90 11 111 13 86 2 20 171 29 176 3 18 112 22 133 27 108 2 20 196 27 181 2 10 67 23 81 3 6 98 11 112 13 77 3 3 162 25 216 28 198
37 3 1 37 7 45 10 39 2 1 170 2 166 3 16 29 26 23 27 24 2 5 120 15 104 3 21 66 22 79 24 82 2 5 147 15 121 3 5 14 12 12 17 12 2 3 92 15 118 3 6 162 9 203 28 191 3 2 37 4 50 15 51 2 5 182 27 156 2 7 25 22 29 3 6 178 15 168 18 204 2 15 61 19 58 2 6 11 8 10 3 3 210 25 230 28 229 3 9 134 23 124 28 119 3 3 192 25 181 28 233 2 12 58 28 65 2 10 35 16 40 3 6 107 11 75 13 83 2 20 176 27 152 3 2 43 4 40 15 44 2 5 46 21 53 3 4 91 13 81 28 96 2 13 25 14 30 2 12 84 28 59 3 3 198 11 189 16 172 3 6 104 11 110 13 95 2 9 115 18 88 2 22 114 24 108 2 10 86 23 82 3 18 124 22 99 27 134 2 22 98 24 99 2 6 58 30 55 2 5 55 21 50 2 20 138 29 157
39 2 22 106 24 99 3 3 232 25 218 28 211 2 22 132 24 103 3 1 44 7 44 10 36 3 3 190 11 193 16 187 2 1 200 2 193 2 22 104 24 116 2 3 97 15 131 3 2 37 4 36 15 35 2 5 140 27 176 3 6 230 15 178 18 185 2 7 25 22 35 3 1 45 7 49 10 33 2 6 8 8 10 3 9 111 23 97 28 113 3 6 205 15 185 18 217 3 6 106 11 93 13 83 3 4 96 13 117 28 82 2 10 33 16 38 2 6 10 8 9 2 12 70 28 73 3 21 75 22 75 24 81 2 13 28 14 24 2 5 144 15 112 2 10 43 16 40 3 5 11 12 13 17 10 3 3 230 25 195 28 204 2 9 131 18 88 2 6 65 30 63 3 18 114 22 96 27 121 2 15 62 19 57 3 16 28 26 23 27 27 3 5 13 12 9 17 10 2 20 162 27 180 3 3 238 25 221 28 236 2 5 44 21 49 3 6 185 9 147 28 194 2 10 61 23 72 2 20 126 29 136
DUE_DATES: 6029 6029 6792 6792 6005 6005 6898 6898 5778 6902 5294 5294 5452 5383 5383 5383 5465 5465 5465 5465 5465 5465 6736 5764 5764 5764 5724 5724 6338 6338 5924 5924 5332 5085 6059 5793 5793 5960 5423 5423 5359 5242 5829 5850 5850 6242 6432 6313 6276 6771
WEIGHTS: 2 2 3 3 3 1 1 3 1 2 1 1 3 1 3 3 3 3 3 2 1 1 2 2 3 1 3 1 3 2 1 1 1 1 3 3 3 2 2 1 2 1 2 3 3 3 1 3 1 1
