50 30
36 2 8 17 12 16 3 1 35 9 36 10 32 2 2 128 24 119 3 3 78 19 90 27 92 3 4 57 5 39 14 54 2 5 36 21 38 3 7 105 9 137 19 125 3 1 28 9 31 10 42 2 6 62 15 67 2 7 138 14 145 2 8 194 10 222 3 18 24 19 21 26 23 2 11 1 18 1 2 17 25 28 26 2 6 187 23 217 2 12 28 22 30 3 4 16 13 13 17 17 3 4 49 5 54 14 47 3 14 79 27 91 30 111 3 18 22 19 20 26 24 3 14 36 15 38 26 27 3 16 167 27 181 29 173 3 17 38 18 35 22 37 2 8 17 12 16 2 6 186 20 209 3 17 107 21 141 28 119 3 10 133 12 122 22 128 2 6 152 24 110 4 8 37 10 48 19 40 28 41 3 4 14 13 12 17 15 2 16 45 25 52 2 10 180 29 228 3 14 75 16 81 27 93 2 17 22 28 21 3 11 177 20 161 30 204 2 3 35 26 41
36 2 8 17 12 16 3 1 35 9 36 10 32 2 2 128 24 119 3 3 78 19 90 27 92 3 4 57 5 39 14 54 2 5 36 21 38 3 7 105 9 137 19 125 3 1 28 9 31 10 42 2 6 62 15 67 2 7 138 14 145 2 8 194 10 222 3 18 24 19 21 26 23 2 11 1 18 1 2 17 25 28 26 2 6 187 23 217 2 12 28 22 30 3 4 16 13 13 17 17 3 4 49 5 54 14 47 3 14 79 27 91 30 111 3 18 22 19 20 26 24 3 14 36 15 38 26 27 3 16 167 27 181 29 173 3 17 38 18 35 22 37 2 8 17 12 16 2 6 186 20 209 3 17 107 21 141 28 119 3 10 133 12 122 22 128 2 6 152 24 110 4 8 37 10 48 19 40 28 41 3 4 14 13 12 17 15 2 16 45 25 52 2 10 180 29 228 3 14 75 16 81 27 93 2 17 22 28 21 3 11 177 20 161 30 204 2 3 35 26 41
36 2 8 17 12 16 3 1 35 9 36 10 32 2 2 128 24 119 3 3 78 19 90 27 92 3 4 57 5 39 14 54 2 5 36 21 38 3 7 105 9 137 19 125 3 1 28 9 31 10 42 2 6 62 15 67 2 7 138 14 145 2 8 194 10 222 3 18 24 19 21 26 23 2 11 1 18 1 2 17 25 28 26 2 6 187 23 217 2 12 28 22 30 3 4 16 13 13 17 17 3 4 49 5 54 14 47 3 14 79 27 91 30 111 3 18 22 19 20 26 24 3 14 36 15 38 26 27 3 16 167 27 181 29 173 3 17 38 18 35 22 37 2 8 17 12 16 2 6 186 20 209 3 17 107 21 141 28 119 3 10 133 12 122 22 128 2 6 152 24 110 4 8 37 10 48 19 40 28 41 3 4 14 13 12 17 15 2 16 45 25 52 2 10 180 29 228 3 14 75 16 81 27 93 2 17 22 28 21 3 11 177 20 161 30 204 2 3 35 26 41
36 2 8 17 12 14 3 1 32 9 40 10 29 2 2 114 24 109 3 3 83 19 75 27 81 3 4 43 5 42 14 49 2 5 42 21 34 3 7 114 9 132 19 141 3 1 40 9 38 10 42 2 6 51 15 61 2 7 168 14 155 2 8 186 10 186 3 18 25 19 28 26 28 2 11 1 18 1 2 17 24 28 26 2 6 155 23 156 2 12 30 22 30 3 4 17 13 12 17 16 3 4 40 5 50 14 51 3 14 114 27 111 30 96 3 18 26 19 21 26 26 3 14 34 15 28 26 32 3 16 161 27 158 29 211 3 17 42 18 32 22 47 2 8 12 12 15 2 6 172 20 166 3 17 131 21 141 28 101 3 10 141 12 115 22 120 2 6 133 24 123 4 8 51 10 49 19 44 28 52 3 4 12 13 16 17 14 2 16 57 25 61 2 10 197 29 191 3 14 89 16 83 27 71 2 17 23 28 28 3 11 177 20 199 30 197 2 3 31 26 36
36 2 8 17 12 14 3 1 32 9 40 10 29 2 2 114 24 109 3 3 83 19 75 27 81 3 4 43 5 42 14 49 2 5 42 21 34 3 7 114 9 132 19 141 3 1 40 9 38 10 42 2 6 51 15 61 2 7 168 14 155 2 8 186 10 186 3 18 25 19 28 26 28 2 11 1 18 1 2 17 24 28 26 2 6 155 23 156 2 12 30 22 30 3 4 17 13 12 17 16 3 4 40 5 50 14 51 3 14 114 27 111 30 96 3 18 26 19 21 26 26 3 14 34 15 28 26 32 3 16 161 27 158 29 211 3 17 42 18 32 22 47 2 8 12 12 15 2 6 172 20 166 3 17 131 21 141 28 101 3 10 141 12 115 22 120 2 6 133 24 123 4 8 51 10 49 19 44 28 52 3 4 12 13 16 17 14 2 16 57 25 61 2 10 197 29 191 3 14 89 16 83 27 71 2 17 23 28 28 3 11 177 20 199 30 197 2 3 31 26 36
36 2 3 38 26 32 3 4 55 5 41 14 52 2 3 35 26 41 4 8 40 10 51 19 48 28 39 3 1 36 9 29 10 37 2 3 32 26 37 2 2 131 24 127 3 11 197 20 148 30 140 3 14 97 27 86 30 110 3 3 87 19 90 27 82 3 16 232 27 202 29 159 2 10 232 29 169 2 6 234 20 228 2 5 33 21 41 3 17 45 18 40 22 37 2 17 24 28 20 2 6 52 15 69 3 14 72 16 68 27 77 3 18 24 19 20 26 20 2 7 136 14 147 2 8 15 12 13 3 7 107 9 114 19 128 2 8 239 10 195 2 11 1 18 1 2 6 190 23 214 2 8 15 12 16 2 12 31 22 29 4 8 38 10 39 19 53 28 54 2 16 55 25 59 2 6 204 20 197 3 4 16 13 13 17 13 3 17 129 21 127 28 121 3 14 30 15 29 26 33 3 16 206 27 209 29 174 3 10 115 12 130 22 131 2 6 133 24 126
36 2 3 38 26 32 3 4 55 5 41 14 52 2 3 35 26 41 4 8 40 10 51 19 48 28 39 3 1 36 9 29 10 37 2 3 32 26 37 2 2 131 24 127 3 11 197 20 148 30 140 3 14 97 27 86 30 110 3 3 87 19 90 27 82 3 16 232 27 202 29 159 2 10 232 29 169 2 6 234 20 228 2 5 33 21 41 3 17 45 18 40 22 37 2 17 24 28 20 2 6 52 15 69 3 14 72 16 68 27 77 3 18 24 19 20 26 20 2 7 136 14 147 2 8 15 12 13 3 7 107 9 114 19 128 2 8 239 10 195 2 11 1 18 1 2 6 190 23 214 2 8 15 12 16 2 12 31 22 29 4 8 38 10 39 19 53 28 54 2 16 55 25 59 2 6 204 20 197 3 4 16 13 13 17 13 3 17 129 21 127 28 121 3 14 30 15 29 26 33 3 16 206 27 209 29 174 3 10 115 12 130 22 131 2 6 133 24 126
35 2 10 214 29 233 3 1 37 9 33 10 34 3 11 193 20 157 30 142 3 1 32 9 31 10 35 2 2 101 24 118 3 3 87 19 77 27 72 2 2 90 24 118 3 14 28 15 34 26 27 2 8 13 12 16 3 4 53 5 47 14 58 2 5 39 21 36 2 6 66 15 59 2 7 139 14 188 3 1 29 9 30 10 39 3 10 138 12 132 22 125 3 7 114 9 120 19 114 2 8 181 10 189 2 11 1 18 1 3 17 43 18 43 22 32 2 6 176 23 214 2 12 24 22 25 3 14 82 16 84 27 91 3 4 15 13 16 17 15 2 8 14 12 17 3 14 98 27 111 30 91 3 16 227 27 201 29 217 4 8 51 10 47 19 39 28 50 2 10 197 29 176 2 17 28 28 20 2 6 169 20 224 3 17 104 21 131 28 144 2 3 35 26 40 3 18 29 19 27 26 22 2 6 130 24 150 2 16 48 25 47
34 2 10 174 29 235 2 17 24 28 24 2 12 21 22 30 3 1 34 9 35 10 38 2 12 27 22 28 2 6 112 24 109 3 4 43 5 48 14 40 2 2 105 24 128 3 18 21 19 21 26 24 3 4 48 5 58 14 43 3 3 68 19 68 27 78 2 5 42 21 46 3 10 103 12 113 22 142 2 6 60 15 69 3 14 30 15 34 26 26 2 7 183 14 143 2 8 13 12 16 3 7 101 9 121 19 126 4 8 45 10 42 19 49 28 39 2 8 223 10 209 2 11 1 18 1 3 4 17 13 14 17 12 2 6 177 20 174 3 14 84 27 78 30 114 3 16 201 27 190 29 224 3 17 122 21 132 28 111 3 17 38 18 40 22 38 2 6 193 23 155 2 11 1 18 1 2 16 61 25 54 2 3 32 26 33 3 14 76 16 99 27 71 3 17 111 21 115 28 147 3 11 143 20 153 30 146
34 2 10 174 29 235 2 17 24 28 24 2 12 21 22 30 3 1 34 9 35 10 38 2 12 27 22 28 2 6 112 24 109 3 4 43 5 48 14 40 2 2 105 24 128 3 18 21 19 21 26 24 3 4 48 5 58 14 43 3 3 68 19 68 27 78 2 5 42 21 46 3 10 103 12 113 22 142 2 6 60 15 69 3 14 30 15 34 26 26 2 7 183 14 143 2 8 13 12 16 3 7 101 9 121 19 126 4 8 45 10 42 19 49 28 39 2 8 223 10 209 2 11 1 18 1 3 4 17 13 14 17 12 2 6 177 20 174 3 14 84 27 78 30 114 3 16 201 27 190 29 224 3 17 122 21 132 28 111 3 17 38 18 40 22 38 2 6 193 23 155 2 11 1 18 1 2 16 61 25 54 2 3 32 26 33 3 14 76 16 99 27 71 3 17 111 21 115 28 147 3 11 143 20 153 30 146
35 3 3 73 19 81 27 77 3 10 129 12 104 22 142 3 3 74 19 71 27 65 3 1 34 9 36 10 33 2 16 68 25 50 3 16 232 27 161 29 156 3 3 90 19 87 27 74 3 17 44 18 41 22 39 2 3 40 26 32 2 2 116 24 105 3 11 162 20 173 30 173 2 11 1 18 1 3 4 56 5 41 14 47 2 6 183 23 189 4 8 37 10 47 19 53 28 46 2 12 25 22 25 2 6 54 15 71 2 5 39 21 41 3 4 51 5 45 14 47 2 8 204 10 166 3 17 39 18 41 22 37 2 6 163 20 217 2 7 136 14 141 2 8 13 12 13 3 7 136 9 113 19 117 3 4 15 13 17 17 15 2 6 137 24 119 3 14 113 27 99 30 79 3 14 27 15 36 26 26 2 17 24 28 21 2 8 16 12 14 2 10 234 29 190 3 17 116 21 120 28 140 3 18 20 19 21 26 21 3 14 99 16 94 27 93
35 3 3 73 19 81 27 77 3 10 129 12 104 22 142 3 3 74 19 71 27 65 3 1 34 9 36 10 33 2 16 68 25 50 3 16 232 27 161 29 156 3 3 90 19 87 27 74 3 17 44 18 41 22 39 2 3 40 26 32 2 2 116 24 105 3 11 162 20 173 30 173 2 11 1 18 1 3 4 56 5 41 14 47 2 6 183 23 189 4 8 37 10 47 19 53 28 46 2 12 25 22 25 2 6 54 15 71 2 5 39 21 41 3 4 51 5 45 14 47 2 8 204 10 166 3 17 39 18 41 22 37 2 6 163 20 217 2 7 136 14 141 2 8 13 12 13 3 7 136 9 113 19 117 3 4 15 13 17 17 15 2 6 137 24 119 3 14 113 27 99 30 79 3 14 27 15 36 26 26 2 17 24 28 21 2 8 16 12 14 2 10 234 29 190 3 17 116 21 120 28 140 3 18 20 19 21 26 21 3 14 99 16 94 27 93
36 3 1 32 9 35 10 34 2 2 128 24 100 3 3 66 19 75 27 66 2 7 158 14 168 3 4 45 5 40 14 51 3 7 122 9 120 19 119 2 5 44 21 40 3 7 104 9 129 19 120 2 6 51 15 67 2 8 15 12 16 3 1 34 9 29 10 30 4 8 42 10 52 19 45 28 38 2 6 179 20 162 2 8 227 10 217 3 1 34 9 35 10 35 2 6 170 23 189 3 3 81 19 72 27 71 2 11 1 18 1 2 12 31 22 30 3 11 183 20 149 30 162 2 16 47 25 61 3 4 16 13 14 17 12 3 14 95 27 80 30 106 2 6 164 23 171 3 14 37 15 29 26 38 3 17 42 18 45 22 38 3 16 231 27 222 29 225 3 18 22 19 27 26 24 2 17 20 28 25 3 17 148 21 124 28 99 3 10 101 12 138 22 134 2 6 112 24 144 2 7 162 14 184 2 3 33 26 40 3 14 92 16 79 27 86 2 10 168 29 171
36 3 1 32 9 35 10 34 2 2 128 24 100 3 3 66 19 75 27 66 2 7 158 14 168 3 4 45 5 40 14 51 3 7 122 9 120 19 119 2 5 44 21 40 3 7 104 9 129 19 120 2 6 51 15 67 2 8 15 12 16 3 1 34 9 29 10 30 4 8 42 10 52 19 45 28 38 2 6 179 20 162 2 8 227 10 217 3 1 34 9 35 10 35 2 6 170 23 189 3 3 81 19 72 27 71 2 11 1 18 1 2 12 31 22 30 3 11 183 20 149 30 162 2 16 47 25 61 3 4 16 13 14 17 12 3 14 95 27 80 30 106 2 6 164 23 171 3 14 37 15 29 26 38 3 17 42 18 45 22 38 3 16 231 27 222 29 225 3 18 22 19 27 26 24 2 17 20 28 25 3 17 148 21 124 28 99 3 10 101 12 138 22 134 2 6 112 24 144 2 7 162 14 184 2 3 33 26 40 3 14 92 16 79 27 86 2 10 168 29 171
37 3 1 33 9 41 10 38 3 10 137 12 142 22 135 2 3 40 26 38 3 17 142 21 139 28 105 3 1 42 9 38 10 28 2 2 109 24 93 3 4 14 13 12 17 12 3 3 73 19 72 27 74 3 4 49 5 50 14 54 2 5 33 21 36 3 14 81 27 95 30 110 2 6 75 15 67 3 4 40 5 41 14 47 2 7 136 14 152 2 8 13 12 14 3 7 113 9 136 19 144 3 17 110 21 134 28 146 2 17 24 28 23 2 8 226 10 235 2 11 1 18 1 3 17 124 21 134 28 120 3 11 171 20 208 30 194 2 12 22 22 29 3 7 139 9 106 19 125 2 6 189 20 233 3 14 36 15 33 26 26 3 18 27 19 22 26 23 3 17 110 21 103 28 132 2 16 46 25 65 3 16 195 27 230 29 173 3 17 42 18 44 22 47 2 6 219 23 171 2 6 135 24 148 2 12 22 22 21 3 14 81 16 98 27 95 4 8 45 10 41 19 48 28 47 2 10 180 29 174
37 3 1 33 9 41 10 38 3 10 137 12 142 22 135 2 3 40 26 38 3 17 142 21 139 28 105 3 1 42 9 38 10 28 2 2 109 24 93 3 4 14 13 12 17 12 3 3 73 19 72 27 74 3 4 49 5 50 14 54 2 5 33 21 36 3 14 81 27 95 30 110 2 6 75 15 67 3 4 40 5 41 14 47 2 7 136 14 152 2 8 13 12 14 3 7 113 9 136 19 144 3 17 110 21 134 28 146 2 17 24 28 23 2 8 226 10 235 2 11 1 18 1 3 17 124 21 134 28 120 3 11 171 20 208 30 194 2 12 22 22 29 3 7 139 9 106 19 125 2 6 189 20 233 3 14 36 15 33 26 26 3 18 27 19 22 26 23 3 17 110 21 103 28 132 2 16 46 25 65 3 16 195 27 230 29 173 3 17 42 18 44 22 47 2 6 219 23 171 2 6 135 24 148 2 12 22 22 21 3 14 81 16 98 27 95 4 8 45 10 41 19 48 28 47 2 10 180 29 174
37 3 1 33 9 41 10 38 3 10 137 12 142 22 135 2 3 40 26 38 3 17 142 21 139 28 105 3 1 42 9 38 10 28 2 2 109 24 93 3 4 14 13 12 17 12 3 3 73 19 72 27 74 3 4 49 5 50 14 54 2 5 33 21 36 3 14 81 27 95 30 110 2 6 75 15 67 3 4 40 5 41 14 47 2 7 136 14 152 2 8 13 12 14 3 7 113 9 136 19 144 3 17 110 21 134 28 146 2 17 24 28 23 2 8 226 10 235 2 11 1 18 1 3 17 124 21 134 28 120 3 11 171 20 208 30 194 2 12 22 22 29 3 7 139 9 106 19 125 2 6 189 20 233 3 14 36 15 33 26 26 3 18 27 19 22 26 23 3 17 110 21 103 28 132 2 16 46 25 65 3 16 195 27 230 29 173 3 17 42 18 44 22 47 2 6 219 23 171 2 6 135 24 148 2 12 22 22 21 3 14 81 16 98 27 95 4 8 45 10 41 19 48 28 47 2 10 180 29 174
36 3 1 38 9 34 10 38 2 2 88 24 125 3 3 75 19 64 27 62 3 4 51 5 48 14 55 2 10 170 29 219 3 4 57 5 58 14 51 2 5 33 21 42 2 8 188 10 224 3 4 14 13 17 17 12 3 16 155 27 202 29 224 2 6 50 15 54 3 3 71 19 65 27 70 2 7 189 14 189 2 6 140 24 108 2 6 65 15 62 3 14 104 27 90 30 112 2 11 1 18 1 2 8 14 12 15 3 11 161 20 150 30 197 2 8 205 10 228 3 7 106 9 133 19 138 2 12 28 22 23 3 14 27 15 33 26 35 3 10 109 12 117 22 142 2 6 68 15 74 2 17 26 28 26 3 17 37 18 36 22 45 2 16 65 25 60 3 14 83 16 75 27 83 3 18 22 19 25 26 26 2 6 170 20 234 3 17 119 21 113 28 100 3 14 85 16 73 27 84 2 3 32 26 33 2 6 199 23 216 4 8 38 10 50 19 50 28 48
37 3 1 32 9 29 10 29 3 10 109 12 118 22 134 2 3 40 26 40 3 17 130 21 145 28 143 3 1 34 9 31 10 31 2 2 102 24 97 3 4 15 13 17 17 14 3 3 85 19 70 27 70 3 4 54 5 52 14 57 2 5 36 21 47 3 14 105 27 114 30 92 2 6 63 15 53 3 4 43 5 54 14 53 2 7 169 14 138 2 8 16 12 16 3 7 113 9 129 19 100 3 17 127 21 125 28 123 2 17 26 28 24 2 8 225 10 178 2 11 1 18 1 3 17 103 21 147 28 129 3 11 162 20 144 30 203 2 12 27 22 29 3 7 134 9 132 19 121 2 6 182 20 203 3 14 27 15 29 26 31 3 18 20 19 27 26 24 3 17 128 21 143 28 111 2 16 56 25 52 3 16 184 27 186 29 183 3 17 37 18 32 22 40 2 6 217 23 216 2 6 142 24 134 2 12 25 22 24 3 14 77 16 75 27 93 4 8 43 10 50 19 46 28 53 2 10 178 29 232
34 3 7 120 9 126 19 109 3 1 37 9 33 10 42 3 14 98 27 102 30 115 2 2 124 24 105 3 3 86 19 81 27 66 4 8 47 10 39 19 45 28 53 3 4 53 5 40 14 45 2 5 48 21 41 2 6 74 15 72 2 7 182 14 192 2 8 12 12 15 2 8 219 10 166 3 7 98 9 105 19 134 2 11 1 18 1 3 4 12 13 14 17 12 3 17 128 21 121 28 108 3 1 41 9 38 10 33 2 12 23 22 25 3 14 36 15 33 26 35 3 3 73 19 70 27 88 3 18 22 19 29 26 26 2 6 182 20 235 3 16 230 27 166 29 174 2 17 24 28 25 2 12 30 22 30 2 16 63 25 60 3 17 43 18 36 22 39 3 10 132 12 104 22 135 2 6 216 23 199 2 10 237 29 211 2 6 154 24 150 2 3 36 26 35 3 11 140 20 191 30 152 3 14 73 16 72 27 80
33 3 1 36 9 40 10 38 3 16 201 27 196 29 206 2 2 131 24 114 3 7 109 9 136 19 123 3 3 71 19 67 27 67 2 11 1 18 1 3 4 45 5 52 14 53 2 5 33 21 43 3 10 146 12 117 22 143 2 11 1 18 1 2 6 74 15 59 3 14 100 27 95 30 89 2 7 197 14 164 3 14 78 16 83 27 84 2 8 13 12 16 2 8 161 10 181 3 7 135 9 125 19 123 2 12 20 22 30 2 3 43 26 33 3 4 12 13 13 17 17 3 14 36 15 30 26 34 2 10 223 29 215 2 17 24 28 28 3 11 163 20 204 30 154 3 17 32 18 38 22 37 3 18 23 19 26 26 28 2 6 163 20 201 3 17 120 21 107 28 141 4 8 47 10 50 19 43 28 44 2 6 190 23 184 2 6 125 24 127 3 14 35 15 32 26 37 2 16 55 25 53
36 3 1 32 9 37 10 32 2 2 95 24 101 3 3 84 19 65 27 85 3 4 54 5 49 14 50 2 5 41 21 34 2 2 120 24 101 2 7 147 14 193 2 6 50 15 51 3 10 144 12 118 22 107 2 5 43 21 38 2 8 14 12 14 3 7 122 9 98 19 145 2 8 239 10 215 2 6 167 23 219 2 11 1 18 1 2 12 28 22 24 2 6 153 24 133 3 11 169 20 203 30 159 2 8 164 10 192 3 17 45 18 34 22 33 3 4 12 13 13 17 12 3 14 106 27 109 30 114 3 14 27 15 31 26 36 3 16 176 27 184 29 225 2 6 69 15 73 2 17 20 28 25 3 18 27 19 23 26 26 3 4 40 5 46 14 55 2 6 206 20 211 2 2 88 24 119 3 17 138 21 119 28 101 4 8 38 10 45 19 38 28 41 2 16 59 25 57 2 3 33 26 44 3 14 99 16 80 27 95 2 10 197 29 179
36 3 1 32 9 37 10 32 2 2 95 24 101 3 3 84 19 65 27 85 3 4 54 5 49 14 50 2 5 41 21 34 2 2 120 24 101 2 7 147 14 193 2 6 50 15 51 3 10 144 12 118 22 107 2 5 43 21 38 2 8 14 12 14 3 7 122 9 98 19 145 2 8 239 10 215 2 6 167 23 219 2 11 1 18 1 2 12 28 22 24 2 6 153 24 133 3 11 169 20 203 30 159 2 8 164 10 192 3 17 45 18 34 22 33 3 4 12 13 13 17 12 3 14 106 27 109 30 114 3 14 27 15 31 26 36 3 16 176 27 184 29 225 2 6 69 15 73 2 17 20 28 25 3 18 27 19 23 26 26 3 4 40 5 46 14 55 2 6 206 20 211 2 2 88 24 119 3 17 138 21 119 28 101 4 8 38 10 45 19 38 28 41 2 16 59 25 57 2 3 33 26 44 3 14 99 16 80 27 95 2 10 197 29 179
33 3 14 99 27 96 30 93 3 11 166 20 167 30 148 2 16 53 25 52 3 1 32 9 35 10 29 2 2 131 24 122 2 5 47 21 36 3 3 89 19 89 27 82 3 4 44 5 51 14 42 2 6 64 15 75 2 7 134 14 198 3 10 128 12 108 22 136 2 10 201 29 229 2 8 17 12 12 3 7 111 9 105 19 115 2 8 160 10 201 2 6 224 23 227 2 11 1 18 1 3 17 45 18 36 22 47 2 12 21 22 23 3 4 15 13 17 17 16 3 14 96 16 71 27 72 2 3 33 26 42 3 14 29 15 28 26 28 3 7 121 9 139 19 113 2 6 106 24 144 3 16 215 27 157 29 193 2 6 227 20 161 2 17 27 28 25 3 18 22 19 22 26 24 3 14 98 16 83 27 70 3 17 142 21 100 28 143 3 14 35 15 28 26 30 4 8 54 10 37 19 49 28 44
36 2 8 17 12 17 3 1 29 9 35 10 40 2 2 109 24 91 3 3 71 19 83 27 84 3 4 40 5 49 14 42 2 5 48 21 34 3 7 112 9 137 19 122 3 1 31 9 40 10 31 2 6 57 15 73 2 7 164 14 161 2 8 189 10 194 3 18 21 19 22 26 21 2 11 1 18 1 2 17 19 28 20 2 6 183 23 174 2 12 25 22 25 3 4 12 13 15 17 16 3 4 57 5 47 14 40 3 14 114 27 79 30 103 3 18 21 19 25 26 23 3 14 37 15 30 26 32 3 16 228 27 209 29 209 3 17 36 18 32 22 41 2 8 12 12 15 2 6 172 20 212 3 17 126 21 115 28 134 3 10 100 12 128 22 146 2 6 130 24 150 4 8 45 10 50 19 45 28 47 3 4 12 13 16 17 15 2 16 61 25 60 2 10 215 29 234 3 14 95 16 84 27 95 2 17 20 28 19 3 11 141 20 161 30 195 2 3 41 26 31
36 2 8 17 12 17 3 1 29 9 35 10 40 2 2 109 24 91 3 3 71 19 83 27 84 3 4 40 5 49 14 42 2 5 48 21 34 3 7 112 9 137 19 122 3 1 31 9 40 10 31 2 6 57 15 73 2 7 164 14 161 2 8 189 10 194 3 18 21 19 22 26 21 2 11 1 18 1 2 17 19 28 20 2 6 183 23 174 2 12 25 22 25 3 4 12 13 15 17 16 3 4 57 5 47 14 40 3 14 114 27 79 30 103 3 18 21 19 25 26 23 3 14 37 15 30 26 32 3 16 228 27 209 29 209 3 17 36 18 32 22 41 2 8 12 12 15 2 6 172 20 212 3 17 126 21 115 28 134 3 10 100 12 128 22 146 2 6 130 24 150 4 8 45 10 50 19 45 28 47 3 4 12 13 16 17 15 2 16 61 25 60 2 10 215 29 234 3 14 95 16 84 27 95 2 17 20 28 19 3 11 141 20 161 30 195 2 3 41 26 31
36 2 3 31 26 41 3 4 50 5 53 14 43 2 3 38 26 40 4 8 37 10 37 19 47 28 38 3 1 32 9 32 10 35 2 3 34 26 42 2 2 116 24 125 3 11 145 20 174 30 167 3 14 112 27 100 30 114 3 3 73 19 67 27 71 3 16 191 27 168 29 181 2 10 166 29 211 2 6 188 20 173 2 5 44 21 34 3 17 40 18 43 22 45 2 17 23 28 21 2 6 57 15 58 3 14 95 16 84 27 89 3 18 29 19 20 26 22 2 7 190 14 140 2 8 15 12 12 3 7 117 9 136 19 136 2 8 164 10 182 2 11 1 18 1 2 6 174 23 160 2 8 16 12 12 2 12 26 22 24 4 8 43 10 52 19 37 28 42 2 16 66 25 63 2 6 175 20 201 3 4 14 13 17 17 14 3 17 130 21 115 28 140 3 14 33 15 34 26 32 3 16 216 27 205 29 218 3 10 115 12 114 22 123 2 6 144 24 145
36 2 3 31 26 41 3 4 50 5 53 14 43 2 3 38 26 40 4 8 37 10 37 19 47 28 38 3 1 32 9 32 10 35 2 3 34 26 42 2 2 116 24 125 3 11 145 20 174 30 167 3 14 112 27 100 30 114 3 3 73 19 67 27 71 3 16 191 27 168 29 181 2 10 166 29 211 2 6 188 20 173 2 5 44 21 34 3 17 40 18 43 22 45 2 17 23 28 21 2 6 57 15 58 3 14 95 16 84 27 89 3 18 29 19 20 26 22 2 7 190 14 140 2 8 15 12 12 3 7 117 9 136 19 136 2 8 164 10 182 2 11 1 18 1 2 6 174 23 160 2 8 16 12 12 2 12 26 22 24 4 8 43 10 52 19 37 28 42 2 16 66 25 63 2 6 175 20 201 3 4 14 13 17 17 14 3 17 130 21 115 28 140 3 14 33 15 34 26 32 3 16 216 27 205 29 218 3 10 115 12 114 22 123 2 6 144 24 145
36 3 11 156 20 207 30 181 3 14 88 16 70 27 70 3 3 88 19 87 27 86 3 11 149 20 201 30 150 3 1 32 9 33 10 29 2 2 129 24 114 3 4 54 5 51 14 52 2 5 46 21 34 2 2 118 24 112 2 6 56 15 71 3 4 57 5 41 14 49 2 7 178 14 150 2 8 16 12 12 3 7 123 9 104 19 130 2 8 211 10 222 2 11 1 18 1 2 12 29 22 28 2 6 163 23 198 3 16 169 27 199 29 219 3 4 13 13 16 17 13 3 14 85 27 79 30 113 3 14 35 15 36 26 27 2 7 193 14 166 2 17 28 28 20 3 17 37 18 46 22 38 3 18 29 19 24 26 21 2 6 217 20 216 2 12 23 22 24 3 10 128 12 101 22 107 3 17 127 21 125 28 127 2 6 154 24 107 3 14 37 15 35 26 32 2 16 67 25 66 2 3 42 26 35 4 8 41 10 49 19 50 28 49 2 10 193 29 221
35 2 10 228 29 235 3 1 35 9 38 10 39 3 11 157 20 174 30 171 3 1 33 9 38 10 38 2 2 103 24 103 3 3 80 19 86 27 81 2 2 98 24 114 3 14 31 15 27 26 27 2 8 13 12 12 3 4 46 5 56 14 47 2 5 35 21 45 2 6 53 15 65 2 7 167 14 151 3 1 38 9 32 10 39 3 10 135 12 115 22 142 3 7 141 9 139 19 116 2 8 198 10 218 2 11 1 18 1 3 17 45 18 43 22 38 2 6 214 23 209 2 12 25 22 29 3 14 88 16 89 27 98 3 4 14 13 16 17 15 2 8 14 12 12 3 14 82 27 100 30 91 3 16 157 27 204 29 213 4 8 38 10 51 19 47 28 47 2 10 207 29 164 2 17 22 28 24 2 6 210 20 197 3 17 108 21 146 28 139 2 3 34 26 30 3 18 28 19 29 26 27 2 6 139 24 146 2 16 64 25 56
36 2 8 176 10 160 3 1 28 9 36 10 37 2 2 109 24 110 3 14 93 16 72 27 80 3 3 67 19 66 27 66 3 17 103 21 131 28 117 3 4 43 5 49 14 54 2 5 36 21 40 3 1 42 9 42 10 37 2 6 61 15 53 2 7 181 14 181 2 8 12 12 13 3 7 131 9 120 19 137 2 10 211 29 179 2 11 1 18 1 2 6 152 24 142 3 4 50 5 42 14 48 2 16 58 25 60 2 12 28 22 25 3 4 15 13 17 17 14 3 14 99 27 102 30 80 2 6 188 20 174 2 17 20 28 28 3 14 36 15 37 26 38 3 17 133 21 119 28 128 3 16 181 27 228 29 178 3 4 14 13 14 17 16 2 6 197 23 165 3 4 55 5 55 14 50 2 3 44 26 43 3 17 133 21 117 28 133 3 17 38 18 44 22 39 3 18 23 19 28 26 24 3 11 160 20 175 30 157 3 10 141 12 135 22 111 4 8 53 10 43 19 55 28 44
36 2 8 176 10 160 3 1 28 9 36 10 37 2 2 109 24 110 3 14 93 16 72 27 80 3 3 67 19 66 27 66 3 17 103 21 131 28 117 3 4 43 5 49 14 54 2 5 36 21 40 3 1 42 9 42 10 37 2 6 61 15 53 2 7 181 14 181 2 8 12 12 13 3 7 131 9 120 19 137 2 10 211 29 179 2 11 1 18 1 2 6 152 24 142 3 4 50 5 42 14 48 2 16 58 25 60 2 12 28 22 25 3 4 15 13 17 17 14 3 14 99 27 102 30 80 2 6 188 20 174 2 17 20 28 28 3 14 36 15 37 26 38 3 17 133 21 119 28 128 3 16 181 27 228 29 178 3 4 14 13 14 17 16 2 6 197 23 165 3 4 55 5 55 14 50 2 3 44 26 43 3 17 133 21 117 28 133 3 17 38 18 44 22 39 3 18 23 19 28 26 24 3 11 160 20 175 30 157 3 10 141 12 135 22 111 4 8 53 10 43 19 55 28 44
36 2 8 176 10 160 3 1 28 9 36 10 37 2 2 109 24 110 3 14 93 16 72 27 80 3 3 67 19 66 27 66 3 17 103 21 131 28 117 3 4 43 5 49 14 54 2 5 36 21 40 3 1 42 9 42 10 37 2 6 61 15 53 2 7 181 14 181 2 8 12 12 13 3 7 131 9 120 19 137 2 10 211 29 179 2 11 1 18 1 2 6 152 24 142 3 4 50 5 42 14 48 2 16 58 25 60 2 12 28 22 25 3 4 15 13 17 17 14 3 14 99 27 102 30 80 2 6 188 20 174 2 17 20 28 28 3 14 36 15 37 26 38 3 17 133 21 119 28 128 3 16 181 27 228 29 178 3 4 14 13 14 17 16 2 6 197 23 165 3 4 55 5 55 14 50 2 3 44 26 43 3 17 133 21 117 28 133 3 17 38 18 44 22 39 3 18 23 19 28 26 24 3 11 160 20 175 30 157 3 10 141 12 135 22 111 4 8 53 10 43 19 55 28 44
35 2 10 210 29 165 3 1 30 9 37 10 30 3 11 161 20 174 30 148 3 1 33 9 31 10 38 2 2 111 24 114 3 3 84 19 68 27 91 2 2 102 24 117 3 14 36 15 27 26 29 2 8 16 12 17 3 4 43 5 48 14 53 2 5 43 21 37 2 6 51 15 55 2 7 135 14 190 3 1 30 9 39 10 32 3 10 144 12 107 22 144 3 7 128 9 120 19 113 2 8 179 10 203 2 11 1 18 1 3 17 36 18 34 22 42 2 6 168 23 227 2 12 29 22 23 3 14 90 16 99 27 76 3 4 12 13 12 17 16 2 8 16 12 14 3 14 115 27 110 30 97 3 16 164 27 197 29 231 4 8 43 10 48 19 42 28 41 2 10 217 29 169 2 17 26 28 19 2 6 229 20 166 3 17 99 21 142 28 138 2 3 37 26 30 3 18 26 19 20 26 29 2 6 117 24 137 2 16 53 25 48
34 3 1 39 9 28 10 34 2 8 14 12 12 3 16 227 27 232 29 220 3 1 40 9 35 10 29 2 2 131 24 94 2 7 136 14 140 3 17 35 18 47 22 45 3 10 142 12 132 22 145 3 3 83 19 81 27 89 3 4 44 5 49 14 45 2 3 32 26 41 2 5 38 21 34 2 6 67 15 68 3 7 114 9 135 19 136 2 3 44 26 36 2 8 214 10 177 2 11 1 18 1 2 12 25 22 29 3 4 13 13 13 17 17 3 14 114 27 92 30 95 3 14 37 15 25 26 28 2 16 59 25 57 3 14 84 27 93 30 88 2 17 24 28 21 3 18 28 19 25 26 24 2 6 211 20 191 3 17 123 21 126 28 115 3 11 182 20 205 30 166 2 10 184 29 237 2 6 154 23 173 2 6 147 24 125 3 14 71 16 82 27 98 3 18 20 19 26 26 22 4 8 45 10 41 19 37 28 48
34 3 7 130 9 115 19 134 3 1 39 9 29 10 36 3 14 112 27 92 30 93 2 2 127 24 103 3 3 62 19 83 27 84 4 8 53 10 41 19 54 28 39 3 4 42 5 49 14 56 2 5 33 21 39 2 6 64 15 55 2 7 186 14 148 2 8 13 12 16 2 8 171 10 163 3 7 111 9 124 19 99 2 11 1 18 1 3 4 15 13 12 17 14 3 17 138 21 133 28 147 3 1 38 9 29 10 41 2 12 30 22 27 3 14 31 15 27 26 33 3 3 81 19 76 27 80 3 18 24 19 20 26 26 2 6 169 20 222 3 16 232 27 159 29 224 2 17 27 28 25 2 12 28 22 27 2 16 57 25 62 3 17 38 18 47 22 38 3 10 106 12 140 22 142 2 6 183 23 210 2 10 203 29 173 2 6 121 24 147 2 3 36 26 34 3 11 191 20 181 30 186 3 14 94 16 86 27 79
33 3 14 112 27 115 30 109 3 11 174 20 204 30 193 2 16 60 25 48 3 1 34 9 39 10 41 2 2 115 24 125 2 5 42 21 44 3 3 66 19 62 27 70 3 4 56 5 45 14 53 2 6 61 15 58 2 7 157 14 162 3 10 147 12 139 22 135 2 10 217 29 173 2 8 12 12 12 3 7 130 9 134 19 105 2 8 165 10 227 2 6 226 23 177 2 11 1 18 1 3 17 32 18 43 22 41 2 12 26 22 21 3 4 16 13 14 17 13 3 14 71 16 68 27 88 2 3 39 26 36 3 14 27 15 35 26 28 3 7 103 9 142 19 143 2 6 141 24 139 3 16 175 27 200 29 194 2 6 166 20 175 2 17 25 28 24 3 18 21 19 21 26 26 3 14 87 16 100 27 78 3 17 102 21 117 28 144 3 14 29 15 29 26 35 4 8 47 10 47 19 49 28 42
33 3 14 112 27 115 30 109 3 11 174 20 204 30 193 2 16 60 25 48 3 1 34 9 39 10 41 2 2 115 24 125 2 5 42 21 44 3 3 66 19 62 27 70 3 4 56 5 45 14 53 2 6 61 15 58 2 7 157 14 162 3 10 147 12 139 22 135 2 10 217 29 173 2 8 12 12 12 3 7 130 9 134 19 105 2 8 165 10 227 2 6 226 23 177 2 11 1 18 1 3 17 32 18 43 22 41 2 12 26 22 21 3 4 16 13 14 17 13 3 14 71 16 68 27 88 2 3 39 26 36 3 14 27 15 35 26 28 3 7 103 9 142 19 143 2 6 141 24 139 3 16 175 27 200 29 194 2 6 166 20 175 2 17 25 28 24 3 18 21 19 21 26 26 3 14 87 16 100 27 78 3 17 102 21 117 28 144 3 14 29 15 29 26 35 4 8 47 10 47 19 49 28 42
33 3 14 108 27 88 30 106 3 11 183 20 162 30 199 2 16 60 25 53 3 1 29 9 29 10 37 2 2 94 24 91 2 5 40 21 42 3 3 91 19 74 27 66 3 4 48 5 51 14 42 2 6 73 15 74 2 7 148 14 175 3 10 133 12 145 22 127 2 10 171 29 164 2 8 13 12 17 3 7 132 9 101 19 104 2 8 229 10 165 2 6 198 23 175 2 11 1 18 1 3 17 38 18 34 22 38 2 12 26 22 27 3 4 12 13 17 17 14 3 14 84 16 98 27 101 2 3 41 26 38 3 14 26 15 33 26 36 3 7 102 9 106 19 118 2 6 151 24 122 3 16 210 27 177 29 201 2 6 172 20 186 2 17 25 28 24 3 18 20 19 28 26 25 3 14 100 16 68 27 90 3 17 99 21 146 28 122 3 14 36 15 36 26 29 4 8 39 10 45 19 53 28 39
35 2 10 167 29 212 3 1 31 9 34 10 29 3 11 204 20 205 30 185 3 1 29 9 34 10 33 2 2 119 24 113 3 3 86 19 62 27 85 2 2 89 24 122 3 14 28 15 29 26 33 2 8 13 12 13 3 4 47 5 54 14 40 2 5 38 21 38 2 6 68 15 68 2 7 198 14 187 3 1 30 9 35 10 39 3 10 142 12 102 22 136 3 7 132 9 113 19 144 2 8 216 10 212 2 11 1 18 1 3 17 44 18 40 22 38 2 6 194 23 191 2 12 26 22 22 3 14 89 16 99 27 101 3 4 12 13 12 17 16 2 8 13 12 16 3 14 89 27 98 30 116 3 16 203 27 223 29 186 4 8 46 10 53 19 41 28 50 2 10 217 29 227 2 17 19 28 23 2 6 236 20 166 3 17 116 21 120 28 145 2 3 43 26 32 3 18 27 19 23 26 26 2 6 134 24 124 2 16 63 25 55
36 2 3 31 26 43 3 4 44 5 56 14 46 2 3 40 26 29 4 8 50 10 43 19 53 28 39 3 1 35 9 38 10 35 2 3 39 26 39 2 2 96 24 128 3 11 202 20 151 30 157 3 14 96 27 100 30 102 3 3 77 19 92 27 81 3 16 157 27 169 29 177 2 10 174 29 212 2 6 226 20 203 2 5 35 21 39 3 17 43 18 34 22 36 2 17 21 28 25 2 6 67 15 74 3 14 95 16 97 27 76 3 18 23 19 25 26 29 2 7 165 14 151 2 8 14 12 14 3 7 141 9 100 19 105 2 8 238 10 201 2 11 1 18 1 2 6 172 23 190 2 8 16 12 17 2 12 21 22 23 4 8 39 10 40 19 48 28 38 2 16 64 25 60 2 6 223 20 217 3 4 14 13 17 17 13 3 17 123 21 133 28 147 3 14 32 15 33 26 27 3 16 201 27 220 29 219 3 10 111 12 98 22 110 2 6 117 24 113
36 2 8 177 10 203 3 1 40 9 33 10 42 2 2 130 24 105 3 14 73 16 85 27 91 3 3 73 19 91 27 67 3 17 135 21 127 28 137 3 4 44 5 44 14 39 2 5 42 21 47 3 1 36 9 43 10 30 2 6 55 15 63 2 7 167 14 158 2 8 15 12 15 3 7 108 9 108 19 142 2 10 206 29 174 2 11 1 18 1 2 6 104 24 115 3 4 51 5 40 14 41 2 16 68 25 46 2 12 30 22 21 3 4 15 13 15 17 16 3 14 86 27 115 30 117 2 6 204 20 207 2 17 25 28 24 3 14 32 15 33 26 26 3 17 147 21 146 28 115 3 16 227 27 189 29 167 3 4 13 13 16 17 13 2 6 185 23 180 3 4 39 5 52 14 56 2 3 40 26 29 3 17 143 21 115 28 137 3 17 35 18 41 22 42 3 18 29 19 23 26 21 3 11 151 20 177 30 186 3 10 106 12 112 22 120 4 8 44 10 42 19 48 28 43
36 2 8 177 10 203 3 1 40 9 33 10 42 2 2 130 24 105 3 14 73 16 85 27 91 3 3 73 19 91 27 67 3 17 135 21 127 28 137 3 4 44 5 44 14 39 2 5 42 21 47 3 1 36 9 43 10 30 2 6 55 15 63 2 7 167 14 158 2 8 15 12 15 3 7 108 9 108 19 142 2 10 206 29 174 2 11 1 18 1 2 6 104 24 115 3 4 51 5 40 14 41 2 16 68 25 46 2 12 30 22 21 3 4 15 13 15 17 16 3 14 86 27 115 30 117 2 6 204 20 207 2 17 25 28 24 3 14 32 15 33 26 26 3 17 147 21 146 28 115 3 16 227 27 189 29 167 3 4 13 13 16 17 13 2 6 185 23 180 3 4 39 5 52 14 56 2 3 40 26 29 3 17 143 21 115 28 137 3 17 35 18 41 22 42 3 18 29 19 23 26 21 3 11 151 20 177 30 186 3 10 106 12 112 22 120 4 8 44 10 42 19 48 28 43
36 3 1 41 9 35 10 37 2 2 100 24 124 3 3 76 19 64 27 92 3 4 50 5 42 14 56 2 5 40 21 47 2 2 96 24 124 2 7 196 14 148 2 6 73 15 73 3 10 130 12 125 22 136 2 5 46 21 48 2 8 13 12 15 3 7 139 9 109 19 134 2 8 224 10 235 2 6 223 23 176 2 11 1 18 1 2 12 24 22 25 2 6 148 24 151 3 11 156 20 182 30 165 2 8 163 10 222 3 17 41 18 33 22 34 3 4 14 13 16 17 14 3 14 87 27 97 30 95 3 14 32 15 30 26 31 3 16 190 27 222 29 176 2 6 57 15 68 2 17 23 28 20 3 18 29 19 24 26 20 3 4 40 5 56 14 58 2 6 178 20 174 2 2 131 24 104 3 17 144 21 131 28 99 4 8 42 10 49 19 53 28 50 2 16 66 25 48 2 3 41 26 36 3 14 101 16 75 27 93 2 10 175 29 182
36 3 1 41 9 35 10 37 2 2 100 24 124 3 3 76 19 64 27 92 3 4 50 5 42 14 56 2 5 40 21 47 2 2 96 24 124 2 7 196 14 148 2 6 73 15 73 3 10 130 12 125 22 136 2 5 46 21 48 2 8 13 12 15 3 7 139 9 109 19 134 2 8 224 10 235 2 6 223 23 176 2 11 1 18 1 2 12 24 22 25 2 6 148 24 151 3 11 156 20 182 30 165 2 8 163 10 222 3 17 41 18 33 22 34 3 4 14 13 16 17 14 3 14 87 27 97 30 95 3 14 32 15 30 26 31 3 16 190 27 222 29 176 2 6 57 15 68 2 17 23 28 20 3 18 29 19 24 26 20 3 4 40 5 56 14 58 2 6 178 20 174 2 2 131 24 104 3 17 144 21 131 28 99 4 8 42 10 49 19 53 28 50 2 16 66 25 48 2 3 41 26 36 3 14 101 16 75 27 93 2 10 175 29 182
35 3 3 82 19 93 27 63 3 10 129 12 115 22 101 3 3 73 19 75 27 73 3 1 29 9 40 10 30 2 16 65 25 49 3 16 181 27 209 29 177 3 3 66 19 82 27 66 3 17 46 18 32 22 43 2 3 36 26 38 2 2 103 24 113 3 11 159 20 144 30 143 2 11 1 18 1 3 4 39 5 39 14 43 2 6 203 23 178 4 8 50 10 48 19 53 28 48 2 12 22 22 24 2 6 51 15 67 2 5 43 21 45 3 4 51 5 51 14 40 2 8 169 10 236 3 17 38 18 42 22 32 2 6 183 20 235 2 7 144 14 177 2 8 13 12 14 3 7 137 9 126 19 128 3 4 14 13 12 17 16 2 6 122 24 131 3 14 115 27 99 30 116 3 14 29 15 31 26 37 2 17 28 28 27 2 8 17 12 13 2 10 207 29 173 3 17 124 21 102 28 128 3 18 21 19 21 26 26 3 14 96 16 88 27 96
36 2 8 220 10 210 3 1 29 9 33 10 38 2 2 102 24 130 3 14 90 16 73 27 79 3 3 91 19 66 27 62 3 17 131 21 137 28 148 3 4 45 5 50 14 49 2 5 34 21 46 3 1 35 9 31 10 29 2 6 66 15 66 2 7 198 14 164 2 8 17 12 13 3 7 116 9 117 19 136 2 10 221 29 231 2 11 1 18 1 2 6 137 24 135 3 4 54 5 46 14 49 2 16 60 25 66 2 12 23 22 21 3 4 17 13 17 17 13 3 14 103 27 113 30 102 2 6 208 20 203 2 17 22 28 22 3 14 35 15 29 26 34 3 17 101 21 120 28 120 3 16 207 27 180 29 197 3 4 17 13 13 17 15 2 6 179 23 221 3 4 50 5 39 14 50 2 3 39 26 32 3 17 135 21 125 28 108 3 17 34 18 33 22 40 3 18 27 19 25 26 23 3 11 140 20 208 30 142 3 10 124 12 131 22 137 4 8 36 10 40 19 47 28 41
34 3 7 122 9 136 19 111 3 1 30 9 42 10 34 3 14 108 27 95 30 83 2 2 96 24 105 3 3 87 19 77 27 88 4 8 37 10 42 19 45 28 46 3 4 56 5 49 14 53 2 5 42 21 41 2 6 56 15 72 2 7 195 14 168 2 8 12 12 17 2 8 201 10 189 3 7 122 9 97 19 131 2 11 1 18 1 3 4 16 13 16 17 16 3 17 139 21 129 28 120 3 1 30 9 34 10 33 2 12 30 22 27 3 14 26 15 34 26 33 3 3 71 19 82 27 87 3 18 28 19 26 26 21 2 6 212 20 172 3 16 157 27 158 29 217 2 17 19 28 20 2 12 28 22 23 2 16 46 25 51 3 17 45 18 47 22 37 3 10 141 12 134 22 146 2 6 189 23 178 2 10 220 29 190 2 6 145 24 153 2 3 40 26 32 3 11 159 20 158 30 196 3 14 85 16 101 27 75
34 2 6 214 23 165 3 1 31 9 42 10 33 2 6 159 23 227 2 8 13 12 17 2 2 127 24 91 2 10 212 29 221 2 3 34 26 42 2 8 203 10 160 3 3 67 19 69 27 71 3 14 75 16 69 27 95 4 8 42 10 43 19 52 28 52 2 2 89 24 91 3 4 56 5 45 14 57 2 5 47 21 42 2 6 74 15 62 2 7 144 14 135 3 7 136 9 144 19 124 2 7 144 14 157 2 11 1 18 1 2 12 22 22 29 3 4 15 13 12 17 14 2 16 65 25 62 3 14 81 27 101 30 106 3 14 37 15 37 26 34 3 16 169 27 213 29 198 3 14 106 27 85 30 116 2 6 153 24 108 2 17 24 28 26 3 17 32 18 35 22 46 3 18 23 19 25 26 26 2 6 214 20 222 3 11 152 20 180 30 151 3 10 112 12 142 22 112 3 17 111 21 136 28 111
36 2 8 14 12 17 3 1 33 9 38 10 39 2 2 131 24 128 3 3 66 19 85 27 69 3 4 41 5 55 14 45 2 5 37 21 48 3 7 125 9 100 19 123 3 1 32 9 37 10 30 2 6 68 15 63 2 7 162 14 189 2 8 194 10 201 3 18 22 19 28 26 28 2 11 1 18 1 2 17 23 28 26 2 6 172 23 198 2 12 28 22 29 3 4 14 13 12 17 14 3 4 50 5 45 14 58 3 14 99 27 96 30 90 3 18 25 19 20 26 28 3 14 26 15 28 26 36 3 16 172 27 181 29 214 3 17 36 18 47 22 37 2 8 15 12 12 2 6 201 20 221 3 17 146 21 148 28 124 3 10 108 12 130 22 129 2 6 148 24 131 4 8 52 10 37 19 52 28 39 3 4 16 13 13 17 17 2 16 55 25 51 2 10 227 29 172 3 14 96 16 89 27 98 2 17 22 28 24 3 11 153 20 183 30 172 2 3 35 26 37
DUE_DATES: 4622 4622 4622 4515 4515 5281 5281 5021 4557 4557 4695 4695 5275 5275 5438 5438 5438 5276 5368 4918 4635 5309 5309 4774 4640 4640 5118 5118 5375 5117 4962 4962 4962 4943 4716 4807 4778 4778 4664 5192 5239 4965 4965 5383 5383 4721 5134 4814 5229 4706
WEIGHTS: 2 1 3 2 1 1 3 1 1 1 1 2 2 2 2 1 1 1 1 1 1 1 1 3 1 3 2 3 2 1 2 2 1 1 2 1 3 1 1 2 1 1 1 2 2 1 2 1 1 1
