50 30
35 3 8 1 11 1 16 2 2 8 71 17 77 3 1 93 11 82 28 90 2 21 163 27 209 2 1 115 2 118 2 3 79 10 65 2 21 206 27 190 2 3 216 20 156 3 4 162 6 181 10 143 2 3 171 20 159 3 5 15 11 19 20 18 2 6 97 11 83 2 7 161 12 232 3 6 178 8 188 28 172 3 7 166 12 124 19 131 3 8 2 11 2 16 1 2 9 109 20 79 2 10 154 28 124 2 21 154 27 198 3 12 206 14 187 28 150 2 5 49 13 54 2 22 85 24 91 3 23 36 29 40 30 39 2 14 200 28 185 3 14 120 17 107 18 91 2 3 74 16 92 2 2 37 15 31 2 4 54 18 54 3 1 29 3 31 25 32 3 25 117 26 121 29 166 3 8 21 21 17 26 19 2 20 121 21 162 2 22 95 24 85 2 16 112 23 106 3 16 128 21 159 24 163
39 3 1 111 11 83 28 91 2 1 110 2 107 2 3 59 10 82 2 1 110 2 105 3 4 130 6 184 10 130 3 5 18 11 20 20 14 2 6 91 11 99 2 7 235 12 230 3 4 172 6 182 10 181 3 7 165 12 164 19 159 3 1 113 11 98 28 111 3 6 161 8 141 28 165 2 9 90 20 92 2 10 148 28 140 3 16 181 21 131 24 181 3 8 2 11 2 16 2 3 12 149 14 153 28 169 2 8 83 17 61 3 4 130 6 138 10 138 2 5 53 13 55 3 14 126 17 114 18 129 2 7 235 12 207 2 2 46 15 43 2 14 150 28 154 2 1 121 2 97 2 20 168 21 157 2 3 87 16 89 2 4 58 18 48 3 8 18 21 23 26 22 2 3 181 20 166 2 22 89 24 79 2 5 59 13 47 2 16 104 23 105 2 14 203 28 162 3 1 30 3 27 25 31 3 23 38 29 38 30 40 2 8 69 17 78 2 21 168 27 200 3 25 158 26 154 29 134
37 2 20 137 21 123 3 1 99 11 98 28 92 2 3 203 20 149 2 14 161 28 154 2 1 125 2 122 2 5 52 13 59 2 3 61 10 71 2 3 196 20 162 3 4 178 6 127 10 145 3 7 166 12 148 19 166 2 21 158 27 143 3 5 18 11 17 20 16 2 6 72 11 82 2 7 232 12 221 3 6 188 8 141 28 130 2 3 70 10 58 2 3 76 16 73 3 1 86 11 84 28 82 3 14 117 17 93 18 104 3 12 172 14 219 28 217 3 4 183 6 139 10 138 2 22 76 24 77 2 9 91 20 85 3 5 18 11 19 20 15 2 10 141 28 140 3 8 18 21 19 26 21 3 8 2 11 2 16 2 2 6 93 11 84 2 2 46 15 42 2 6 97 11 72 3 25 124 26 143 29 165 2 4 61 18 47 3 1 35 3 27 25 32 2 8 63 17 82 2 16 105 23 79 3 23 44 29 43 30 46 3 16 157 21 135 24 161
37 2 20 137 21 123 3 1 99 11 98 28 92 2 3 203 20 149 2 14 161 28 154 2 1 125 2 122 2 5 52 13 59 2 3 61 10 71 2 3 196 20 162 3 4 178 6 127 10 145 3 7 166 12 148 19 166 2 21 158 27 143 3 5 18 11 17 20 16 2 6 72 11 82 2 7 232 12 221 3 6 188 8 141 28 130 2 3 70 10 58 2 3 76 16 73 3 1 86 11 84 28 82 3 14 117 17 93 18 104 3 12 172 14 219 28 217 3 4 183 6 139 10 138 2 22 76 24 77 2 9 91 20 85 3 5 18 11 19 20 15 2 10 141 28 140 3 8 18 21 19 26 21 3 8 2 11 2 16 2 2 6 93 11 84 2 2 46 15 42 2 6 97 11 72 3 25 124 26 143 29 165 2 4 61 18 47 3 1 35 3 27 25 32 2 8 63 17 82 2 16 105 23 79 3 23 44 29 43 30 46 3 16 157 21 135 24 161
35 3 25 167 26 149 29 173 2 21 202 27 166 3 1 93 11 115 28 97 2 9 111 20 81 2 3 168 20 188 2 1 103 2 111 2 14 149 28 150 2 3 149 20 218 2 3 68 10 66 2 4 62 18 61 3 4 190 6 146 10 143 3 5 20 11 14 20 20 2 20 162 21 115 3 8 21 21 24 26 22 2 6 85 11 96 3 8 1 11 1 16 1 2 7 175 12 238 3 6 165 8 139 28 139 2 5 43 13 46 2 3 202 20 209 3 14 128 17 103 18 97 2 10 174 28 130 2 2 43 15 35 2 1 111 2 103 3 12 209 14 180 28 170 2 3 83 16 66 2 8 61 17 74 3 7 144 12 123 19 119 3 1 29 3 34 25 29 2 1 108 2 134 2 16 89 23 90 2 22 77 24 100 3 16 142 21 179 24 174 2 20 152 21 134 3 23 33 29 32 30 34
35 3 25 167 26 149 29 173 2 21 202 27 166 3 1 93 11 115 28 97 2 9 111 20 81 2 3 168 20 188 2 1 103 2 111 2 14 149 28 150 2 3 149 20 218 2 3 68 10 66 2 4 62 18 61 3 4 190 6 146 10 143 3 5 20 11 14 20 20 2 20 162 21 115 3 8 21 21 24 26 22 2 6 85 11 96 3 8 1 11 1 16 1 2 7 175 12 238 3 6 165 8 139 28 139 2 5 43 13 46 2 3 202 20 209 3 14 128 17 103 18 97 2 10 174 28 130 2 2 43 15 35 2 1 111 2 103 3 12 209 14 180 28 170 2 3 83 16 66 2 8 61 17 74 3 7 144 12 123 19 119 3 1 29 3 34 25 29 2 1 108 2 134 2 16 89 23 90 2 22 77 24 100 3 16 142 21 179 24 174 2 20 152 21 134 3 23 33 29 32 30 34
35 3 25 167 26 149 29 173 2 21 202 27 166 3 1 93 11 115 28 97 2 9 111 20 81 2 3 168 20 188 2 1 103 2 111 2 14 149 28 150 2 3 149 20 218 2 3 68 10 66 2 4 62 18 61 3 4 190 6 146 10 143 3 5 20 11 14 20 20 2 20 162 21 115 3 8 21 21 24 26 22 2 6 85 11 96 3 8 1 11 1 16 1 2 7 175 12 238 3 6 165 8 139 28 139 2 5 43 13 46 2 3 202 20 209 3 14 128 17 103 18 97 2 10 174 28 130 2 2 43 15 35 2 1 111 2 103 3 12 209 14 180 28 170 2 3 83 16 66 2 8 61 17 74 3 7 144 12 123 19 119 3 1 29 3 34 25 29 2 1 108 2 134 2 16 89 23 90 2 22 77 24 100 3 16 142 21 179 24 174 2 20 152 21 134 3 23 33 29 32 30 34
35 3 25 157 26 142 29 143 2 21 148 27 197 3 1 107 11 89 28 114 2 9 83 20 92 2 3 193 20 209 2 1 114 2 92 2 14 187 28 191 2 3 153 20 178 2 3 56 10 81 2 4 63 18 43 3 4 152 6 186 10 178 3 5 18 11 20 20 14 2 20 127 21 128 3 8 22 21 21 26 25 2 6 100 11 101 3 8 1 11 2 16 2 2 7 206 12 230 3 6 149 8 179 28 131 2 5 48 13 54 2 3 147 20 177 3 14 118 17 116 18 104 2 10 137 28 163 2 2 35 15 41 2 1 114 2 108 3 12 149 14 205 28 174 2 3 77 16 87 2 8 73 17 71 3 7 131 12 138 19 159 3 1 25 3 24 25 28 2 1 119 2 96 2 16 100 23 83 2 22 98 24 80 3 16 151 21 151 24 127 2 20 115 21 119 3 23 35 29 36 30 34
35 3 25 157 26 142 29 143 2 21 148 27 197 3 1 107 11 89 28 114 2 9 83 20 92 2 3 193 20 209 2 1 114 2 92 2 14 187 28 191 2 3 153 20 178 2 3 56 10 81 2 4 63 18 43 3 4 152 6 186 10 178 3 5 18 11 20 20 14 2 20 127 21 128 3 8 22 21 21 26 25 2 6 100 11 101 3 8 1 11 2 16 2 2 7 206 12 230 3 6 149 8 179 28 131 2 5 48 13 54 2 3 147 20 177 3 14 118 17 116 18 104 2 10 137 28 163 2 2 35 15 41 2 1 114 2 108 3 12 149 14 205 28 174 2 3 77 16 87 2 8 73 17 71 3 7 131 12 138 19 159 3 1 25 3 24 25 28 2 1 119 2 96 2 16 100 23 83 2 22 98 24 80 3 16 151 21 151 24 127 2 20 115 21 119 3 23 35 29 36 30 34
37 3 1 117 11 86 28 99 2 1 124 2 112 3 1 34 3 30 25 26 2 3 70 10 62 2 1 134 2 124 3 4 163 6 159 10 151 3 6 129 8 159 28 140 3 1 35 3 31 25 30 2 6 79 11 76 3 8 2 11 2 16 2 3 5 17 11 20 20 19 2 7 201 12 209 2 3 88 16 79 2 9 76 20 76 2 10 137 28 131 2 7 214 12 170 3 12 205 14 213 28 193 3 1 108 11 83 28 87 2 14 188 28 177 3 16 138 21 160 24 123 2 5 44 13 45 3 14 113 17 106 18 120 3 1 100 11 113 28 94 2 20 120 21 143 2 2 46 15 44 2 8 57 17 74 3 6 147 8 136 28 140 2 4 64 18 55 3 7 121 12 165 19 137 2 3 192 20 211 2 22 96 24 91 2 16 110 23 90 3 8 21 21 24 26 21 2 3 73 16 77 3 25 127 26 159 29 117 3 23 32 29 46 30 45 2 21 203 27 148
37 3 1 117 11 86 28 99 2 1 124 2 112 3 1 34 3 30 25 26 2 3 70 10 62 2 1 134 2 124 3 4 163 6 159 10 151 3 6 129 8 159 28 140 3 1 35 3 31 25 30 2 6 79 11 76 3 8 2 11 2 16 2 3 5 17 11 20 20 19 2 7 201 12 209 2 3 88 16 79 2 9 76 20 76 2 10 137 28 131 2 7 214 12 170 3 12 205 14 213 28 193 3 1 108 11 83 28 87 2 14 188 28 177 3 16 138 21 160 24 123 2 5 44 13 45 3 14 113 17 106 18 120 3 1 100 11 113 28 94 2 20 120 21 143 2 2 46 15 44 2 8 57 17 74 3 6 147 8 136 28 140 2 4 64 18 55 3 7 121 12 165 19 137 2 3 192 20 211 2 22 96 24 91 2 16 110 23 90 3 8 21 21 24 26 21 2 3 73 16 77 3 25 127 26 159 29 117 3 23 32 29 46 30 45 2 21 203 27 148
37 3 1 117 11 86 28 99 2 1 124 2 112 3 1 34 3 30 25 26 2 3 70 10 62 2 1 134 2 124 3 4 163 6 159 10 151 3 6 129 8 159 28 140 3 1 35 3 31 25 30 2 6 79 11 76 3 8 2 11 2 16 2 3 5 17 11 20 20 19 2 7 201 12 209 2 3 88 16 79 2 9 76 20 76 2 10 137 28 131 2 7 214 12 170 3 12 205 14 213 28 193 3 1 108 11 83 28 87 2 14 188 28 177 3 16 138 21 160 24 123 2 5 44 13 45 3 14 113 17 106 18 120 3 1 100 11 113 28 94 2 20 120 21 143 2 2 46 15 44 2 8 57 17 74 3 6 147 8 136 28 140 2 4 64 18 55 3 7 121 12 165 19 137 2 3 192 20 211 2 22 96 24 91 2 16 110 23 90 3 8 21 21 24 26 21 2 3 73 16 77 3 25 127 26 159 29 117 3 23 32 29 46 30 45 2 21 203 27 148
37 3 1 117 11 86 28 99 2 1 124 2 112 3 1 34 3 30 25 26 2 3 70 10 62 2 1 134 2 124 3 4 163 6 159 10 151 3 6 129 8 159 28 140 3 1 35 3 31 25 30 2 6 79 11 76 3 8 2 11 2 16 2 3 5 17 11 20 20 19 2 7 201 12 209 2 3 88 16 79 2 9 76 20 76 2 10 137 28 131 2 7 214 12 170 3 12 205 14 213 28 193 3 1 108 11 83 28 87 2 14 188 28 177 3 16 138 21 160 24 123 2 5 44 13 45 3 14 113 17 106 18 120 3 1 100 11 113 28 94 2 20 120 21 143 2 2 46 15 44 2 8 57 17 74 3 6 147 8 136 28 140 2 4 64 18 55 3 7 121 12 165 19 137 2 3 192 20 211 2 22 96 24 91 2 16 110 23 90 3 8 21 21 24 26 21 2 3 73 16 77 3 25 127 26 159 29 117 3 23 32 29 46 30 45 2 21 203 27 148
37 2 20 124 21 124 3 1 97 11 106 28 110 2 3 196 20 149 2 14 147 28 187 2 1 130 2 119 2 5 60 13 58 2 3 58 10 57 2 3 179 20 207 3 4 142 6 161 10 185 3 7 120 12 143 19 136 2 21 181 27 197 3 5 16 11 17 20 16 2 6 75 11 77 2 7 219 12 169 3 6 161 8 191 28 180 2 3 60 10 65 2 3 83 16 71 3 1 109 11 95 28 120 3 14 87 17 118 18 101 3 12 148 14 213 28 211 3 4 142 6 185 10 127 2 22 91 24 82 2 9 109 20 99 3 5 16 11 19 20 16 2 10 135 28 160 3 8 23 21 21 26 22 3 8 1 11 1 16 1 2 6 74 11 79 2 2 32 15 46 2 6 95 11 73 3 25 131 26 170 29 118 2 4 48 18 45 3 1 32 3 29 25 33 2 8 83 17 78 2 16 113 23 94 3 23 43 29 32 30 33 3 16 178 21 162 24 178
37 3 6 145 8 152 28 159 3 1 90 11 121 28 102 2 1 120 2 132 2 3 63 10 59 2 1 94 2 130 2 21 203 27 144 3 4 162 6 148 10 139 2 3 69 10 72 3 5 17 11 18 20 21 3 12 163 14 188 28 155 3 7 153 12 131 19 161 2 3 191 20 184 3 4 157 6 190 10 144 2 6 72 11 97 2 7 222 12 194 3 5 21 11 18 20 15 2 9 88 20 86 2 20 122 21 114 2 10 169 28 129 2 5 56 13 47 3 8 1 11 2 16 2 2 4 50 18 59 3 5 20 11 21 20 19 2 14 143 28 185 3 12 154 14 177 28 156 3 14 102 17 110 18 106 2 2 37 15 35 2 3 83 16 64 2 8 69 17 66 3 16 128 21 143 24 140 2 22 80 24 83 2 16 85 23 82 3 1 36 3 27 25 27 3 8 22 21 21 26 21 3 25 141 26 165 29 140 3 16 131 21 161 24 144 3 23 45 29 45 30 32
32 3 1 92 11 102 28 109 2 1 132 2 114 2 3 74 10 61 3 4 160 6 150 10 174 3 5 15 11 20 20 18 2 6 98 11 97 2 7 175 12 225 3 1 103 11 88 28 122 3 6 145 8 187 28 171 2 9 101 20 75 2 10 168 28 127 3 8 2 11 1 16 2 3 12 159 14 174 28 215 3 25 120 26 131 29 138 2 3 63 16 91 2 5 49 13 60 3 14 127 17 97 18 124 2 2 43 15 46 2 8 69 17 59 2 4 44 18 43 3 7 154 12 128 19 155 2 3 211 20 180 2 22 89 24 83 2 20 114 21 124 3 16 145 21 128 24 134 2 16 104 23 113 3 23 37 29 38 30 37 3 1 31 3 25 25 26 3 8 21 21 24 26 24 2 7 191 12 202 2 21 181 27 208 2 14 172 28 197
32 3 1 92 11 102 28 109 2 1 132 2 114 2 3 74 10 61 3 4 160 6 150 10 174 3 5 15 11 20 20 18 2 6 98 11 97 2 7 175 12 225 3 1 103 11 88 28 122 3 6 145 8 187 28 171 2 9 101 20 75 2 10 168 28 127 3 8 2 11 1 16 2 3 12 159 14 174 28 215 3 25 120 26 131 29 138 2 3 63 16 91 2 5 49 13 60 3 14 127 17 97 18 124 2 2 43 15 46 2 8 69 17 59 2 4 44 18 43 3 7 154 12 128 19 155 2 3 211 20 180 2 22 89 24 83 2 20 114 21 124 3 16 145 21 128 24 134 2 16 104 23 113 3 23 37 29 38 30 37 3 1 31 3 25 25 26 3 8 21 21 24 26 24 2 7 191 12 202 2 21 181 27 208 2 14 172 28 197
32 3 1 89 11 121 28 120 2 1 111 2 133 2 3 73 10 61 3 4 189 6 130 10 182 3 5 15 11 21 20 16 2 3 78 10 64 3 16 145 21 130 24 181 2 6 83 11 79 3 8 1 11 2 16 2 2 14 170 28 166 2 7 201 12 184 3 23 34 29 45 30 47 3 14 124 17 101 18 105 2 5 60 13 47 3 6 172 8 155 28 149 2 9 112 20 109 2 10 145 28 142 2 6 89 11 98 3 12 163 14 175 28 194 2 2 31 15 34 2 21 193 27 148 3 25 150 26 168 29 167 2 3 81 16 74 2 8 78 17 66 2 4 60 18 58 3 7 121 12 113 19 132 2 3 195 20 203 2 20 131 21 139 3 1 27 3 30 25 28 2 22 85 24 85 3 8 21 21 23 26 20 2 16 113 23 115
32 3 1 86 11 114 28 103 2 1 105 2 97 2 3 67 10 69 3 4 137 6 168 10 171 3 5 14 11 20 20 19 2 6 84 11 93 2 7 166 12 188 3 1 93 11 120 28 112 3 6 160 8 174 28 152 2 9 112 20 97 2 10 177 28 164 3 8 2 11 1 16 2 3 12 199 14 170 28 198 3 25 169 26 121 29 117 2 3 81 16 79 2 5 48 13 55 3 14 97 17 116 18 122 2 2 39 15 41 2 8 65 17 70 2 4 63 18 62 3 7 152 12 123 19 140 2 3 162 20 211 2 22 72 24 94 2 20 114 21 154 3 16 149 21 140 24 140 2 16 90 23 99 3 23 43 29 33 30 45 3 1 30 3 29 25 25 3 8 18 21 22 26 20 2 7 186 12 171 2 21 142 27 203 2 14 160 28 204
32 3 1 86 11 114 28 103 2 1 105 2 97 2 3 67 10 69 3 4 137 6 168 10 171 3 5 14 11 20 20 19 2 6 84 11 93 2 7 166 12 188 3 1 93 11 120 28 112 3 6 160 8 174 28 152 2 9 112 20 97 2 10 177 28 164 3 8 2 11 1 16 2 3 12 199 14 170 28 198 3 25 169 26 121 29 117 2 3 81 16 79 2 5 48 13 55 3 14 97 17 116 18 122 2 2 39 15 41 2 8 65 17 70 2 4 63 18 62 3 7 152 12 123 19 140 2 3 162 20 211 2 22 72 24 94 2 20 114 21 154 3 16 149 21 140 24 140 2 16 90 23 99 3 23 43 29 33 30 45 3 1 30 3 29 25 25 3 8 18 21 22 26 20 2 7 186 12 171 2 21 142 27 203 2 14 160 28 204
35 3 1 93 11 121 28 92 2 7 205 12 166 2 1 92 2 117 2 3 82 10 79 3 4 131 6 186 10 134 3 1 114 11 98 28 91 3 5 17 11 14 20 14 2 6 82 11 91 3 6 156 8 137 28 158 3 16 153 21 142 24 141 2 9 76 20 101 2 10 145 28 177 3 8 1 11 1 16 1 3 12 148 14 215 28 186 2 5 57 13 56 2 3 81 16 72 3 14 86 17 98 18 96 2 3 83 10 75 2 2 45 15 32 2 8 76 17 64 2 4 63 18 63 3 8 2 11 1 16 2 3 7 126 12 149 19 166 2 3 206 20 155 3 25 143 26 131 29 140 3 23 35 29 41 30 41 2 20 120 21 144 2 21 173 27 196 2 10 167 28 176 2 14 160 28 166 2 22 84 24 81 2 9 98 20 79 3 1 28 3 28 25 34 2 16 104 23 99 3 8 18 21 18 26 24
35 3 25 161 26 155 29 139 2 21 194 27 170 3 1 112 11 106 28 120 2 9 98 20 91 2 3 207 20 160 2 1 130 2 125 2 14 187 28 197 2 3 219 20 220 2 3 83 10 71 2 4 48 18 55 3 4 174 6 159 10 147 3 5 14 11 15 20 15 2 20 138 21 115 3 8 24 21 16 26 22 2 6 91 11 95 3 8 2 11 1 16 1 2 7 193 12 199 3 6 134 8 137 28 170 2 5 60 13 43 2 3 180 20 199 3 14 112 17 117 18 102 2 10 172 28 135 2 2 33 15 40 2 1 101 2 118 3 12 204 14 210 28 210 2 3 73 16 77 2 8 84 17 81 3 7 114 12 168 19 155 3 1 25 3 37 25 34 2 1 111 2 103 2 16 83 23 102 2 22 81 24 93 3 16 154 21 166 24 172 2 20 151 21 137 3 23 39 29 43 30 36
35 3 25 161 26 155 29 139 2 21 194 27 170 3 1 112 11 106 28 120 2 9 98 20 91 2 3 207 20 160 2 1 130 2 125 2 14 187 28 197 2 3 219 20 220 2 3 83 10 71 2 4 48 18 55 3 4 174 6 159 10 147 3 5 14 11 15 20 15 2 20 138 21 115 3 8 24 21 16 26 22 2 6 91 11 95 3 8 2 11 1 16 1 2 7 193 12 199 3 6 134 8 137 28 170 2 5 60 13 43 2 3 180 20 199 3 14 112 17 117 18 102 2 10 172 28 135 2 2 33 15 40 2 1 101 2 118 3 12 204 14 210 28 210 2 3 73 16 77 2 8 84 17 81 3 7 114 12 168 19 155 3 1 25 3 37 25 34 2 1 111 2 103 2 16 83 23 102 2 22 81 24 93 3 16 154 21 166 24 172 2 20 151 21 137 3 23 39 29 43 30 36
35 3 1 121 11 121 28 97 2 20 130 21 146 2 1 109 2 95 2 20 117 21 120 2 3 71 10 80 3 4 183 6 127 10 179 3 5 17 11 19 20 17 2 6 98 11 88 2 7 230 12 196 3 8 1 11 2 16 2 2 22 87 24 100 2 16 83 23 79 2 20 149 21 117 3 6 176 8 135 28 150 2 14 186 28 167 2 9 101 20 79 2 10 156 28 179 2 6 77 11 96 3 12 164 14 149 28 162 2 22 100 24 94 2 5 41 13 48 3 14 128 17 123 18 93 2 2 33 15 34 2 3 83 16 76 2 8 64 17 72 2 21 154 27 175 2 4 58 18 62 2 8 72 17 70 3 7 143 12 154 19 119 2 3 211 20 179 3 16 176 21 124 24 155 3 1 31 3 33 25 33 3 8 22 21 17 26 18 3 25 162 26 166 29 158 3 23 44 29 42 30 37
37 3 1 86 11 88 28 106 2 1 118 2 100 3 1 26 3 28 25 28 2 3 73 10 60 2 1 102 2 122 3 4 163 6 145 10 142 3 6 149 8 181 28 160 3 1 36 3 31 25 25 2 6 75 11 86 3 8 2 11 1 16 1 3 5 19 11 14 20 20 2 7 195 12 189 2 3 91 16 87 2 9 75 20 95 2 10 155 28 173 2 7 203 12 229 3 12 163 14 152 28 209 3 1 98 11 120 28 94 2 14 196 28 152 3 16 132 21 180 24 141 2 5 43 13 48 3 14 101 17 104 18 95 3 1 93 11 115 28 101 2 20 151 21 158 2 2 35 15 39 2 8 79 17 78 3 6 145 8 177 28 185 2 4 63 18 57 3 7 143 12 167 19 154 2 3 166 20 216 2 22 93 24 101 2 16 101 23 113 3 8 18 21 22 26 24 2 3 77 16 77 3 25 123 26 128 29 147 3 23 44 29 43 30 33 2 21 209 27 151
37 3 1 86 11 88 28 106 2 1 118 2 100 3 1 26 3 28 25 28 2 3 73 10 60 2 1 102 2 122 3 4 163 6 145 10 142 3 6 149 8 181 28 160 3 1 36 3 31 25 25 2 6 75 11 86 3 8 2 11 1 16 1 3 5 19 11 14 20 20 2 7 195 12 189 2 3 91 16 87 2 9 75 20 95 2 10 155 28 173 2 7 203 12 229 3 12 163 14 152 28 209 3 1 98 11 120 28 94 2 14 196 28 152 3 16 132 21 180 24 141 2 5 43 13 48 3 14 101 17 104 18 95 3 1 93 11 115 28 101 2 20 151 21 158 2 2 35 15 39 2 8 79 17 78 3 6 145 8 177 28 185 2 4 63 18 57 3 7 143 12 167 19 154 2 3 166 20 216 2 22 93 24 101 2 16 101 23 113 3 8 18 21 22 26 24 2 3 77 16 77 3 25 123 26 128 29 147 3 23 44 29 43 30 33 2 21 209 27 151
32 3 1 109 11 121 28 101 2 1 109 2 121 2 3 81 10 76 3 4 173 6 150 10 157 3 5 15 11 16 20 16 2 6 69 11 83 2 7 218 12 185 3 1 89 11 111 28 84 3 6 146 8 178 28 179 2 9 97 20 80 2 10 160 28 164 3 8 1 11 2 16 2 3 12 213 14 217 28 188 3 25 155 26 160 29 168 2 3 88 16 66 2 5 57 13 41 3 14 94 17 97 18 127 2 2 39 15 33 2 8 72 17 85 2 4 54 18 62 3 7 124 12 123 19 134 2 3 153 20 182 2 22 74 24 93 2 20 118 21 137 3 16 129 21 176 24 153 2 16 105 23 92 3 23 44 29 43 30 34 3 1 26 3 36 25 32 3 8 22 21 18 26 17 2 7 238 12 226 2 21 175 27 155 2 14 208 28 164
36 3 1 83 11 121 28 107 2 1 111 2 119 2 3 76 10 66 2 1 90 2 95 3 4 169 6 163 10 139 3 5 14 11 18 20 15 3 7 139 12 144 19 125 3 1 119 11 105 28 95 2 6 90 11 86 2 5 46 13 58 2 7 189 12 162 2 9 85 20 75 3 6 167 8 186 28 183 3 8 1 11 2 16 1 2 8 59 17 84 3 5 16 11 18 20 19 2 10 170 28 140 3 7 115 12 156 19 119 3 12 211 14 165 28 202 3 8 2 11 1 16 2 3 14 117 17 123 18 113 2 2 40 15 36 3 14 107 17 128 18 90 2 14 178 28 204 2 3 67 16 88 2 4 60 18 47 2 3 171 20 164 3 23 32 29 32 30 33 2 20 168 21 162 3 16 175 21 170 24 136 2 22 102 24 78 3 1 25 3 35 25 25 2 16 91 23 93 2 21 208 27 159 3 8 22 21 24 26 23 3 25 144 26 153 29 169
36 3 1 83 11 121 28 107 2 1 111 2 119 2 3 76 10 66 2 1 90 2 95 3 4 169 6 163 10 139 3 5 14 11 18 20 15 3 7 139 12 144 19 125 3 1 119 11 105 28 95 2 6 90 11 86 2 5 46 13 58 2 7 189 12 162 2 9 85 20 75 3 6 167 8 186 28 183 3 8 1 11 2 16 1 2 8 59 17 84 3 5 16 11 18 20 19 2 10 170 28 140 3 7 115 12 156 19 119 3 12 211 14 165 28 202 3 8 2 11 1 16 2 3 14 117 17 123 18 113 2 2 40 15 36 3 14 107 17 128 18 90 2 14 178 28 204 2 3 67 16 88 2 4 60 18 47 2 3 171 20 164 3 23 32 29 32 30 33 2 20 168 21 162 3 16 175 21 170 24 136 2 22 102 24 78 3 1 25 3 35 25 25 2 16 91 23 93 2 21 208 27 159 3 8 22 21 24 26 23 3 25 144 26 153 29 169
32 3 1 93 11 81 28 110 3 1 24 3 35 25 35 3 7 128 12 115 19 141 2 1 91 2 119 3 14 126 17 92 18 96 2 3 66 10 65 3 23 45 29 33 30 38 3 4 146 6 185 10 154 3 5 16 11 18 20 17 2 6 69 11 75 2 7 162 12 202 3 6 142 8 176 28 170 2 9 76 20 102 3 1 26 3 33 25 33 2 10 184 28 163 3 8 2 11 2 16 1 2 14 198 28 207 3 8 24 21 19 26 22 3 12 166 14 181 28 183 2 5 57 13 49 2 22 104 24 83 2 2 32 15 36 2 21 208 27 194 2 3 92 16 66 2 8 58 17 70 2 3 204 20 206 2 20 125 21 124 3 25 133 26 139 29 129 2 4 51 18 46 2 16 118 23 88 3 8 23 21 20 26 24 3 16 168 21 167 24 159
35 3 8 2 11 2 16 1 2 8 71 17 72 3 1 111 11 105 28 105 2 21 174 27 156 2 1 114 2 92 2 3 64 10 61 2 21 145 27 169 2 3 207 20 218 3 4 166 6 182 10 148 2 3 217 20 178 3 5 21 11 21 20 18 2 6 101 11 89 2 7 174 12 219 3 6 167 8 164 28 148 3 7 140 12 165 19 157 3 8 1 11 1 16 1 2 9 75 20 94 2 10 129 28 152 2 21 145 27 191 3 12 158 14 197 28 166 2 5 43 13 56 2 22 97 24 85 3 23 44 29 39 30 40 2 14 155 28 158 3 14 117 17 93 18 118 2 3 81 16 80 2 2 45 15 46 2 4 47 18 57 3 1 30 3 31 25 27 3 25 169 26 136 29 164 3 8 18 21 19 26 20 2 20 129 21 126 2 22 74 24 82 2 16 83 23 116 3 16 135 21 133 24 157
35 3 8 2 11 2 16 1 2 8 71 17 72 3 1 111 11 105 28 105 2 21 174 27 156 2 1 114 2 92 2 3 64 10 61 2 21 145 27 169 2 3 207 20 218 3 4 166 6 182 10 148 2 3 217 20 178 3 5 21 11 21 20 18 2 6 101 11 89 2 7 174 12 219 3 6 167 8 164 28 148 3 7 140 12 165 19 157 3 8 1 11 1 16 1 2 9 75 20 94 2 10 129 28 152 2 21 145 27 191 3 12 158 14 197 28 166 2 5 43 13 56 2 22 97 24 85 3 23 44 29 39 30 40 2 14 155 28 158 3 14 117 17 93 18 118 2 3 81 16 80 2 2 45 15 46 2 4 47 18 57 3 1 30 3 31 25 27 3 25 169 26 136 29 164 3 8 18 21 19 26 20 2 20 129 21 126 2 22 74 24 82 2 16 83 23 116 3 16 135 21 133 24 157
35 3 8 2 11 2 16 1 2 8 71 17 72 3 1 111 11 105 28 105 2 21 174 27 156 2 1 114 2 92 2 3 64 10 61 2 21 145 27 169 2 3 207 20 218 3 4 166 6 182 10 148 2 3 217 20 178 3 5 21 11 21 20 18 2 6 101 11 89 2 7 174 12 219 3 6 167 8 164 28 148 3 7 140 12 165 19 157 3 8 1 11 1 16 1 2 9 75 20 94 2 10 129 28 152 2 21 145 27 191 3 12 158 14 197 28 166 2 5 43 13 56 2 22 97 24 85 3 23 44 29 39 30 40 2 14 155 28 158 3 14 117 17 93 18 118 2 3 81 16 80 2 2 45 15 46 2 4 47 18 57 3 1 30 3 31 25 27 3 25 169 26 136 29 164 3 8 18 21 19 26 20 2 20 129 21 126 2 22 74 24 82 2 16 83 23 116 3 16 135 21 133 24 157
33 3 1 84 11 109 28 95 2 1 118 2 112 3 6 137 8 153 28 141 3 4 144 6 186 10 171 2 21 204 27 176 2 10 143 28 132 2 3 81 10 62 3 5 20 11 18 20 20 2 6 80 11 84 2 7 161 12 225 2 20 130 21 156 2 2 34 15 33 2 9 106 20 92 3 16 124 21 154 24 136 3 8 2 11 1 16 1 3 12 152 14 185 28 195 2 5 54 13 42 3 14 106 17 91 18 112 2 2 32 15 32 2 4 54 18 62 2 3 85 16 76 2 16 90 23 100 2 9 101 20 111 2 8 75 17 76 3 7 163 12 130 19 114 2 6 71 11 96 2 22 77 24 89 2 3 147 20 152 3 1 34 3 34 25 24 3 8 17 21 17 26 19 2 14 199 28 191 3 23 46 29 37 30 40 3 25 150 26 158 29 122
33 3 1 84 11 109 28 95 2 1 118 2 112 3 6 137 8 153 28 141 3 4 144 6 186 10 171 2 21 204 27 176 2 10 143 28 132 2 3 81 10 62 3 5 20 11 18 20 20 2 6 80 11 84 2 7 161 12 225 2 20 130 21 156 2 2 34 15 33 2 9 106 20 92 3 16 124 21 154 24 136 3 8 2 11 1 16 1 3 12 152 14 185 28 195 2 5 54 13 42 3 14 106 17 91 18 112 2 2 32 15 32 2 4 54 18 62 2 3 85 16 76 2 16 90 23 100 2 9 101 20 111 2 8 75 17 76 3 7 163 12 130 19 114 2 6 71 11 96 2 22 77 24 89 2 3 147 20 152 3 1 34 3 34 25 24 3 8 17 21 17 26 19 2 14 199 28 191 3 23 46 29 37 30 40 3 25 150 26 158 29 122
32 3 1 87 11 107 28 103 3 1 35 3 34 25 37 3 7 116 12 137 19 163 2 1 90 2 121 3 14 113 17 96 18 104 2 3 68 10 60 3 23 44 29 41 30 40 3 4 134 6 158 10 148 3 5 17 11 15 20 19 2 6 96 11 84 2 7 202 12 221 3 6 159 8 191 28 146 2 9 93 20 81 3 1 33 3 32 25 31 2 10 168 28 144 3 8 2 11 2 16 1 2 14 156 28 165 3 8 22 21 20 26 21 3 12 210 14 149 28 155 2 5 43 13 42 2 22 75 24 90 2 2 45 15 31 2 21 181 27 201 2 3 66 16 91 2 8 81 17 57 2 3 152 20 184 2 20 161 21 135 3 25 157 26 137 29 167 2 4 63 18 64 2 16 83 23 107 3 8 20 21 17 26 22 3 16 131 21 146 24 136
35 3 25 154 26 144 29 133 2 21 198 27 159 3 1 95 11 109 28 91 2 9 86 20 80 2 3 212 20 163 2 1 101 2 111 2 14 162 28 197 2 3 149 20 172 2 3 82 10 65 2 4 45 18 43 3 4 170 6 178 10 155 3 5 14 11 15 20 15 2 20 151 21 155 3 8 19 21 17 26 23 2 6 85 11 84 3 8 1 11 1 16 1 2 7 170 12 164 3 6 166 8 175 28 154 2 5 51 13 51 2 3 157 20 174 3 14 122 17 119 18 123 2 10 134 28 166 2 2 42 15 35 2 1 122 2 103 3 12 215 14 193 28 185 2 3 76 16 80 2 8 67 17 66 3 7 168 12 154 19 151 3 1 29 3 31 25 29 2 1 90 2 108 2 16 117 23 116 2 22 89 24 76 3 16 170 21 178 24 148 2 20 161 21 164 3 23 43 29 47 30 37
35 3 25 154 26 144 29 133 2 21 198 27 159 3 1 95 11 109 28 91 2 9 86 20 80 2 3 212 20 163 2 1 101 2 111 2 14 162 28 197 2 3 149 20 172 2 3 82 10 65 2 4 45 18 43 3 4 170 6 178 10 155 3 5 14 11 15 20 15 2 20 151 21 155 3 8 19 21 17 26 23 2 6 85 11 84 3 8 1 11 1 16 1 2 7 170 12 164 3 6 166 8 175 28 154 2 5 51 13 51 2 3 157 20 174 3 14 122 17 119 18 123 2 10 134 28 166 2 2 42 15 35 2 1 122 2 103 3 12 215 14 193 28 185 2 3 76 16 80 2 8 67 17 66 3 7 168 12 154 19 151 3 1 29 3 31 25 29 2 1 90 2 108 2 16 117 23 116 2 22 89 24 76 3 16 170 21 178 24 148 2 20 161 21 164 3 23 43 29 47 30 37
35 3 25 118 26 146 29 168 2 21 160 27 148 3 1 84 11 88 28 119 2 9 75 20 75 2 3 215 20 209 2 1 124 2 94 2 14 200 28 159 2 3 159 20 194 2 3 78 10 62 2 4 51 18 63 3 4 133 6 181 10 157 3 5 14 11 18 20 19 2 20 159 21 166 3 8 17 21 19 26 18 2 6 93 11 73 3 8 1 11 2 16 2 2 7 229 12 185 3 6 141 8 182 28 132 2 5 59 13 51 2 3 206 20 190 3 14 103 17 96 18 100 2 10 161 28 136 2 2 41 15 46 2 1 120 2 132 3 12 179 14 163 28 217 2 3 88 16 66 2 8 74 17 65 3 7 149 12 129 19 144 3 1 32 3 30 25 32 2 1 123 2 106 2 16 91 23 108 2 22 83 24 95 3 16 141 21 149 24 172 2 20 128 21 122 3 23 33 29 43 30 40
33 3 1 87 11 93 28 91 2 1 120 2 97 3 6 192 8 181 28 148 3 4 180 6 187 10 151 2 21 140 27 196 2 10 180 28 151 2 3 68 10 83 3 5 15 11 18 20 19 2 6 74 11 84 2 7 196 12 192 2 20 130 21 158 2 2 44 15 38 2 9 99 20 86 3 16 154 21 163 24 146 3 8 1 11 2 16 2 3 12 211 14 217 28 204 2 5 57 13 53 3 14 103 17 110 18 115 2 2 44 15 44 2 4 60 18 48 2 3 81 16 90 2 16 82 23 111 2 9 75 20 75 2 8 82 17 84 3 7 168 12 157 19 144 2 6 86 11 72 2 22 100 24 97 2 3 160 20 149 3 1 28 3 28 25 29 3 8 19 21 20 26 18 2 14 178 28 142 3 23 33 29 35 30 33 3 25 165 26 160 29 159
34 3 1 95 11 110 28 97 2 9 91 20 106 2 1 90 2 92 3 12 159 14 201 28 146 2 3 63 10 59 2 5 42 13 46 2 4 49 18 57 3 4 140 6 128 10 168 3 5 14 11 17 20 17 2 6 72 11 88 3 5 16 11 17 20 15 3 7 131 12 131 19 120 3 14 119 17 128 18 93 3 8 1 11 1 16 2 2 5 60 13 59 2 7 184 12 208 2 6 97 11 99 3 6 143 8 135 28 156 2 2 34 15 38 3 25 125 26 146 29 127 2 3 156 20 218 2 10 147 28 166 2 3 62 16 63 2 8 68 17 82 2 20 154 21 116 3 16 134 21 148 24 174 2 22 76 24 85 2 16 117 23 84 2 10 146 28 126 3 1 26 3 27 25 31 3 8 16 21 17 26 22 2 21 185 27 150 2 14 141 28 141 3 23 43 29 41 30 41
34 3 1 95 11 110 28 97 2 9 91 20 106 2 1 90 2 92 3 12 159 14 201 28 146 2 3 63 10 59 2 5 42 13 46 2 4 49 18 57 3 4 140 6 128 10 168 3 5 14 11 17 20 17 2 6 72 11 88 3 5 16 11 17 20 15 3 7 131 12 131 19 120 3 14 119 17 128 18 93 3 8 1 11 1 16 2 2 5 60 13 59 2 7 184 12 208 2 6 97 11 99 3 6 143 8 135 28 156 2 2 34 15 38 3 25 125 26 146 29 127 2 3 156 20 218 2 10 147 28 166 2 3 62 16 63 2 8 68 17 82 2 20 154 21 116 3 16 134 21 148 24 174 2 22 76 24 85 2 16 117 23 84 2 10 146 28 126 3 1 26 3 27 25 31 3 8 16 21 17 26 22 2 21 185 27 150 2 14 141 28 141 3 23 43 29 41 30 41
34 3 1 95 11 110 28 97 2 9 91 20 106 2 1 90 2 92 3 12 159 14 201 28 146 2 3 63 10 59 2 5 42 13 46 2 4 49 18 57 3 4 140 6 128 10 168 3 5 14 11 17 20 17 2 6 72 11 88 3 5 16 11 17 20 15 3 7 131 12 131 19 120 3 14 119 17 128 18 93 3 8 1 11 1 16 2 2 5 60 13 59 2 7 184 12 208 2 6 97 11 99 3 6 143 8 135 28 156 2 2 34 15 38 3 25 125 26 146 29 127 2 3 156 20 218 2 10 147 28 166 2 3 62 16 63 2 8 68 17 82 2 20 154 21 116 3 16 134 21 148 24 174 2 22 76 24 85 2 16 117 23 84 2 10 146 28 126 3 1 26 3 27 25 31 3 8 16 21 17 26 22 2 21 185 27 150 2 14 141 28 141 3 23 43 29 41 30 41
35 3 1 106 11 108 28 117 2 1 117 2 123 3 1 109 11 97 28 120 2 3 78 10 75 3 1 110 11 104 28 107 3 4 168 6 174 10 168 3 12 150 14 178 28 209 2 3 70 10 61 2 10 158 28 139 3 5 17 11 19 20 17 2 6 100 11 84 2 7 231 12 181 3 6 130 8 171 28 181 2 9 105 20 104 3 8 1 11 2 16 2 2 5 59 13 51 3 14 91 17 103 18 119 2 21 206 27 199 2 3 78 16 73 2 2 38 15 40 2 8 68 17 73 2 4 64 18 46 3 8 23 21 20 26 21 2 2 36 15 40 3 25 162 26 168 29 155 2 8 67 17 70 3 7 155 12 142 19 170 3 1 34 3 33 25 36 2 3 147 20 208 2 20 137 21 149 3 23 35 29 41 30 37 2 22 73 24 96 2 16 107 23 86 3 16 124 21 145 24 162 2 14 185 28 167
32 3 1 91 11 116 28 117 2 1 124 2 121 2 3 67 10 79 3 4 173 6 159 10 152 3 5 17 11 18 20 20 2 6 92 11 70 2 7 208 12 179 3 1 94 11 95 28 110 3 6 184 8 177 28 160 2 9 95 20 75 2 10 163 28 176 3 8 2 11 2 16 2 3 12 147 14 185 28 157 3 25 158 26 169 29 133 2 3 74 16 64 2 5 58 13 46 3 14 89 17 127 18 127 2 2 42 15 46 2 8 77 17 80 2 4 59 18 63 3 7 129 12 155 19 115 2 3 214 20 182 2 22 84 24 93 2 20 132 21 162 3 16 129 21 123 24 178 2 16 103 23 88 3 23 37 29 35 30 43 3 1 32 3 36 25 28 3 8 20 21 19 26 24 2 7 186 12 171 2 21 167 27 192 2 14 172 28 163
35 3 1 114 11 89 28 111 2 7 230 12 161 2 1 105 2 128 2 3 79 10 70 3 4 175 6 160 10 133 3 1 91 11 120 28 106 3 5 18 11 20 20 18 2 6 89 11 98 3 6 164 8 143 28 180 3 16 148 21 159 24 145 2 9 89 20 101 2 10 128 28 150 3 8 1 11 1 16 2 3 12 174 14 152 28 158 2 5 59 13 51 2 3 86 16 71 3 14 121 17 94 18 124 2 3 78 10 77 2 2 39 15 45 2 8 78 17 83 2 4 62 18 61 3 8 1 11 1 16 2 3 7 125 12 147 19 143 2 3 191 20 213 3 25 143 26 137 29 133 3 23 33 29 35 30 39 2 20 166 21 164 2 21 160 27 146 2 10 166 28 147 2 14 206 28 180 2 22 103 24 99 2 9 97 20 103 3 1 34 3 32 25 30 2 16 110 23 111 3 8 20 21 20 26 20
35 3 1 114 11 89 28 111 2 7 230 12 161 2 1 105 2 128 2 3 79 10 70 3 4 175 6 160 10 133 3 1 91 11 120 28 106 3 5 18 11 20 20 18 2 6 89 11 98 3 6 164 8 143 28 180 3 16 148 21 159 24 145 2 9 89 20 101 2 10 128 28 150 3 8 1 11 1 16 2 3 12 174 14 152 28 158 2 5 59 13 51 2 3 86 16 71 3 14 121 17 94 18 124 2 3 78 10 77 2 2 39 15 45 2 8 78 17 83 2 4 62 18 61 3 8 1 11 1 16 2 3 7 125 12 147 19 143 2 3 191 20 213 3 25 143 26 137 29 133 3 23 33 29 35 30 39 2 20 166 21 164 2 21 160 27 146 2 10 166 28 147 2 14 206 28 180 2 22 103 24 99 2 9 97 20 103 3 1 34 3 32 25 30 2 16 110 23 111 3 8 20 21 20 26 20
34 2 6 83 11 83 3 1 104 11 95 28 86 3 7 144 12 129 19 132 3 23 45 29 44 30 42 2 1 124 2 113 3 23 45 29 41 30 34 2 3 65 10 68 2 1 122 2 98 3 14 120 17 88 18 114 2 9 93 20 109 3 23 41 29 36 30 47 3 4 168 6 155 10 182 3 5 20 11 16 20 17 2 7 170 12 167 3 6 187 8 172 28 159 2 10 162 28 126 3 8 1 11 1 16 2 3 12 153 14 177 28 159 2 5 57 13 59 2 2 34 15 41 2 3 83 16 76 3 5 18 11 19 20 17 2 20 135 21 131 3 16 161 21 164 24 137 2 21 166 27 160 2 4 50 18 59 2 8 78 17 66 3 8 19 21 19 26 19 2 3 169 20 159 3 1 29 3 25 25 35 2 22 72 24 89 3 25 173 26 134 29 142 2 14 154 28 147 2 16 97 23 95
40 3 1 110 11 111 28 114 2 1 124 2 106 3 23 32 29 46 30 47 2 3 81 10 67 2 1 101 2 108 3 4 178 6 140 10 131 3 1 117 11 119 28 114 3 5 21 11 18 20 18 2 6 69 11 97 2 7 204 12 218 3 6 170 8 157 28 135 2 9 77 20 84 2 1 103 2 126 2 10 162 28 131 3 8 2 11 1 16 2 3 1 92 11 87 28 93 3 12 149 14 192 28 160 2 7 180 12 169 2 22 89 24 89 2 5 49 13 50 3 14 108 17 106 18 99 2 8 61 17 77 2 3 65 10 82 2 2 44 15 45 2 1 94 2 112 2 3 70 16 90 2 4 62 18 44 3 7 115 12 142 19 131 2 3 184 20 183 2 20 117 21 142 2 16 103 23 107 3 16 156 21 123 24 141 3 1 31 3 26 25 34 2 21 202 27 199 3 4 183 6 147 10 182 3 8 17 21 22 26 20 3 8 2 11 1 16 2 2 14 177 28 167 2 9 92 20 80 3 25 168 26 173 29 120
35 3 1 102 11 91 28 121 2 20 139 21 168 2 1 94 2 97 2 20 162 21 118 2 3 80 10 63 3 4 147 6 143 10 153 3 5 17 11 20 20 18 2 6 86 11 84 2 7 191 12 208 3 8 1 11 1 16 2 2 22 72 24 73 2 16 113 23 103 2 20 160 21 160 3 6 146 8 155 28 172 2 14 193 28 183 2 9 96 20 90 2 10 184 28 127 2 6 94 11 82 3 12 196 14 206 28 199 2 22 82 24 90 2 5 42 13 54 3 14 87 17 90 18 92 2 2 46 15 42 2 3 76 16 78 2 8 70 17 79 2 21 152 27 170 2 4 54 18 58 2 8 67 17 83 3 7 152 12 140 19 153 2 3 187 20 209 3 16 154 21 160 24 180 3 1 28 3 28 25 31 3 8 19 21 23 26 21 3 25 151 26 144 29 170 3 23 46 29 33 30 43
DUE_DATES: 4337 4976 4297 4297 4422 4422 4422 4364 4364 4433 4433 4433 4433 4387 4267 3943 3943 3799 3892 3892 4022 4558 4558 4178 4524 4524 3979 4152 4152 3648 4253 4253 4253 3762 3762 3592 4426 4426 4431 3874 3739 3739 3739 4133 3946 4157 4157 3706 4746 4247
WEIGHTS: 2 2 3 1 3 3 1 1 3 3 1 3 2 2 3 1 3 3 2 1 1 1 1 1 2 2 1 3 3 2 1 2 1 1 1 2 1 1 1 1 2 1 3 1 2 1 2 1 3 3
