50 30
38 3 1 73 10 81 19 78 2 2 173 13 157 3 3 6 12 6 25 7 2 4 113 26 87 3 3 6 12 7 25 7 3 3 9 26 9 29 10 3 5 203 6 184 9 155 2 6 169 19 200 3 8 35 10 27 20 33 2 6 161 19 179 2 16 148 22 125 3 7 63 8 54 26 58 3 1 70 10 86 19 59 3 11 175 14 212 28 201 2 6 213 19 210 2 23 78 24 113 2 8 100 14 110 2 4 18 9 16 2 7 8 10 7 3 18 70 23 66 26 74 3 1 79 10 60 19 75 2 12 40 18 45 3 1 62 10 67 19 86 2 11 85 13 87 2 16 19 20 25 2 1 36 14 46 3 10 190 15 208 30 177 3 14 196 17 171 29 197 2 11 99 13 97 1 18 219 2 19 209 22 181 2 2 11 21 12 3 19 161 21 150 24 134 3 11 186 14 188 28 223 2 25 23 27 21 3 4 140 16 158 27 202 3 19 5 28 4 29 4 2 29 120 30 146
38 3 1 73 10 81 19 78 2 2 173 13 157 3 3 6 12 6 25 7 2 4 113 26 87 3 3 6 12 7 25 7 3 3 9 26 9 29 10 3 5 203 6 184 9 155 2 6 169 19 200 3 8 35 10 27 20 33 2 6 161 19 179 2 16 148 22 125 3 7 63 8 54 26 58 3 1 70 10 86 19 59 3 11 175 14 212 28 201 2 6 213 19 210 2 23 78 24 113 2 8 100 14 110 2 4 18 9 16 2 7 8 10 7 3 18 70 23 66 26 74 3 1 79 10 60 19 75 2 12 40 18 45 3 1 62 10 67 19 86 2 11 85 13 87 2 16 19 20 25 2 1 36 14 46 3 10 190 15 208 30 177 3 14 196 17 171 29 197 2 11 99 13 97 1 18 219 2 19 209 22 181 2 2 11 21 12 3 19 161 21 150 24 134 3 11 186 14 188 28 223 2 25 23 27 21 3 4 140 16 158 27 202 3 19 5 28 4 29 4 2 29 120 30 146
38 3 1 76 10 73 19 74 2 2 188 13 228 3 3 6 12 7 25 6 2 4 94 26 112 3 3 7 12 7 25 6 3 3 10 26 10 29 9 3 5 207 6 157 9 154 2 6 195 19 204 3 8 37 10 33 20 36 2 6 227 19 181 2 16 152 22 122 3 7 54 8 65 26 44 3 1 74 10 61 19 82 3 11 231 14 229 28 195 2 6 168 19 198 2 23 89 24 90 2 8 93 14 100 2 4 14 9 14 2 7 8 10 6 3 18 69 23 62 26 71 3 1 65 10 76 19 76 2 12 44 18 47 3 1 66 10 79 19 77 2 11 96 13 111 2 16 27 20 20 2 1 41 14 35 3 10 175 15 143 30 166 3 14 185 17 189 29 133 2 11 80 13 79 1 18 162 2 19 175 22 195 2 2 14 21 11 3 19 132 21 135 24 147 3 11 182 14 169 28 165 2 25 22 27 19 3 4 200 16 186 27 204 3 19 4 28 5 29 5 2 29 153 30 131
38 3 1 76 10 73 19 74 2 2 188 13 228 3 3 6 12 7 25 6 2 4 94 26 112 3 3 7 12 7 25 6 3 3 10 26 10 29 9 3 5 207 6 157 9 154 2 6 195 19 204 3 8 37 10 33 20 36 2 6 227 19 181 2 16 152 22 122 3 7 54 8 65 26 44 3 1 74 10 61 19 82 3 11 231 14 229 28 195 2 6 168 19 198 2 23 89 24 90 2 8 93 14 100 2 4 14 9 14 2 7 8 10 6 3 18 69 23 62 26 71 3 1 65 10 76 19 76 2 12 44 18 47 3 1 66 10 79 19 77 2 11 96 13 111 2 16 27 20 20 2 1 41 14 35 3 10 175 15 143 30 166 3 14 185 17 189 29 133 2 11 80 13 79 1 18 162 2 19 175 22 195 2 2 14 21 11 3 19 132 21 135 24 147 3 11 182 14 169 28 165 2 25 22 27 19 3 4 200 16 186 27 204 3 19 4 28 5 29 5 2 29 153 30 131
38 3 1 76 10 73 19 74 2 2 188 13 228 3 3 6 12 7 25 6 2 4 94 26 112 3 3 7 12 7 25 6 3 3 10 26 10 29 9 3 5 207 6 157 9 154 2 6 195 19 204 3 8 37 10 33 20 36 2 6 227 19 181 2 16 152 22 122 3 7 54 8 65 26 44 3 1 74 10 61 19 82 3 11 231 14 229 28 195 2 6 168 19 198 2 23 89 24 90 2 8 93 14 100 2 4 14 9 14 2 7 8 10 6 3 18 69 23 62 26 71 3 1 65 10 76 19 76 2 12 44 18 47 3 1 66 10 79 19 77 2 11 96 13 111 2 16 27 20 20 2 1 41 14 35 3 10 175 15 143 30 166 3 14 185 17 189 29 133 2 11 80 13 79 1 18 162 2 19 175 22 195 2 2 14 21 11 3 19 132 21 135 24 147 3 11 182 14 169 28 165 2 25 22 27 19 3 4 200 16 186 27 204 3 19 4 28 5 29 5 2 29 153 30 131
33 3 1 66 10 60 19 65 3 14 146 17 193 29 156 2 2 170 13 176 3 3 6 12 5 25 7 2 4 91 26 109 3 5 204 6 168 9 174 3 19 132 21 143 24 159 2 12 48 18 35 2 6 167 19 212 2 19 166 22 186 3 7 45 8 49 26 53 2 8 80 14 95 2 4 14 9 19 3 11 228 14 159 28 223 2 7 6 10 8 3 3 7 12 8 25 5 2 11 84 13 100 2 12 44 18 52 2 25 25 27 24 2 23 113 24 99 2 1 40 14 32 3 10 210 15 192 30 169 2 16 21 20 24 3 3 9 26 10 29 7 3 8 33 10 38 20 28 2 29 150 30 154 3 18 77 23 58 26 59 1 18 177 2 23 92 24 99 2 2 12 21 10 3 4 179 16 166 27 150 2 16 114 22 115 3 19 5 28 4 29 4
36 2 16 23 20 25 2 16 146 22 159 3 1 69 10 61 19 60 2 2 225 13 196 3 1 74 10 86 19 79 3 3 8 12 7 25 8 2 1 40 14 40 2 4 81 26 109 2 1 37 14 36 3 5 197 6 153 9 162 2 6 182 19 222 3 7 67 8 59 26 54 2 8 78 14 96 2 4 18 9 16 3 7 58 8 52 26 66 3 8 33 10 35 20 36 2 7 6 10 6 3 11 208 14 178 28 167 3 1 70 10 81 19 59 3 4 147 16 167 27 181 2 12 44 18 44 2 11 94 13 103 3 3 8 26 8 29 10 3 10 199 15 153 30 213 3 14 183 17 177 29 145 1 18 218 2 7 7 10 6 2 19 212 22 187 2 2 9 21 12 2 23 105 24 83 3 19 113 21 156 24 152 3 18 56 23 59 26 79 2 25 19 27 19 3 19 5 28 4 29 4 3 5 159 6 145 9 186 2 29 162 30 147
37 2 29 158 30 168 3 1 69 10 60 19 71 2 2 181 13 230 3 18 73 23 82 26 57 2 29 133 30 173 3 3 7 12 6 25 6 2 4 107 26 99 3 3 7 12 7 25 6 3 5 200 6 156 9 192 2 6 213 19 198 2 16 28 20 26 2 7 7 10 8 3 7 50 8 54 26 51 3 19 133 21 113 24 119 2 8 85 14 93 2 4 18 9 15 2 29 125 30 169 3 11 165 14 228 28 228 2 12 43 18 50 2 11 99 13 83 2 16 141 22 154 2 1 38 14 33 3 10 171 15 149 30 190 2 1 42 14 33 3 14 175 17 161 29 180 3 18 79 23 68 26 70 2 2 12 21 13 1 18 163 2 1 46 14 33 3 3 10 26 8 29 8 2 19 198 22 225 3 8 34 10 33 20 33 3 19 4 28 5 29 5 2 23 100 24 100 3 1 81 10 77 19 74 3 4 196 16 185 27 193 2 25 23 27 23
37 2 29 158 30 168 3 1 69 10 60 19 71 2 2 181 13 230 3 18 73 23 82 26 57 2 29 133 30 173 3 3 7 12 6 25 6 2 4 107 26 99 3 3 7 12 7 25 6 3 5 200 6 156 9 192 2 6 213 19 198 2 16 28 20 26 2 7 7 10 8 3 7 50 8 54 26 51 3 19 133 21 113 24 119 2 8 85 14 93 2 4 18 9 15 2 29 125 30 169 3 11 165 14 228 28 228 2 12 43 18 50 2 11 99 13 83 2 16 141 22 154 2 1 38 14 33 3 10 171 15 149 30 190 2 1 42 14 33 3 14 175 17 161 29 180 3 18 79 23 68 26 70 2 2 12 21 13 1 18 163 2 1 46 14 33 3 3 10 26 8 29 8 2 19 198 22 225 3 8 34 10 33 20 33 3 19 4 28 5 29 5 2 23 100 24 100 3 1 81 10 77 19 74 3 4 196 16 185 27 193 2 25 23 27 23
37 2 4 79 26 84 3 11 159 14 198 28 184 3 1 68 10 67 19 88 2 2 226 13 207 3 3 7 12 5 25 7 3 5 208 6 144 9 203 3 11 193 14 201 28 233 3 3 9 26 10 29 8 2 8 100 14 108 2 2 217 13 193 3 19 4 28 5 29 4 2 16 151 22 133 3 19 136 21 159 24 138 2 6 217 19 176 3 7 47 8 60 26 47 2 2 161 13 163 2 4 15 9 16 2 7 8 10 7 2 12 46 18 49 3 8 35 10 34 20 37 2 11 85 13 84 3 19 163 21 128 24 151 2 25 22 27 18 2 1 35 14 38 3 10 205 15 210 30 197 2 16 20 20 27 3 4 193 16 146 27 142 2 7 7 10 8 3 14 145 17 184 29 198 2 12 42 18 37 1 18 184 2 2 10 21 14 2 19 176 22 169 2 23 113 24 105 2 6 193 19 173 2 29 164 30 156 3 18 62 23 70 26 74
37 2 4 79 26 84 3 11 159 14 198 28 184 3 1 68 10 67 19 88 2 2 226 13 207 3 3 7 12 5 25 7 3 5 208 6 144 9 203 3 11 193 14 201 28 233 3 3 9 26 10 29 8 2 8 100 14 108 2 2 217 13 193 3 19 4 28 5 29 4 2 16 151 22 133 3 19 136 21 159 24 138 2 6 217 19 176 3 7 47 8 60 26 47 2 2 161 13 163 2 4 15 9 16 2 7 8 10 7 2 12 46 18 49 3 8 35 10 34 20 37 2 11 85 13 84 3 19 163 21 128 24 151 2 25 22 27 18 2 1 35 14 38 3 10 205 15 210 30 197 2 16 20 20 27 3 4 193 16 146 27 142 2 7 7 10 8 3 14 145 17 184 29 198 2 12 42 18 37 1 18 184 2 2 10 21 14 2 19 176 22 169 2 23 113 24 105 2 6 193 19 173 2 29 164 30 156 3 18 62 23 70 26 74
34 3 1 70 10 63 19 60 2 2 166 13 156 3 14 184 17 153 29 191 3 3 7 12 6 25 6 2 12 35 18 40 3 3 7 12 7 25 6 2 4 102 26 88 3 5 163 6 203 9 194 1 18 208 2 6 196 19 193 3 5 151 6 202 9 196 3 7 48 8 52 26 45 2 8 83 14 98 2 4 15 9 15 2 7 8 10 8 3 11 184 14 194 28 217 2 11 103 13 95 2 1 40 14 37 3 10 180 15 210 30 213 2 16 19 20 25 3 10 204 15 181 30 169 2 19 175 22 167 3 8 37 10 33 20 35 2 29 160 30 160 2 2 12 21 14 3 18 63 23 63 26 70 2 16 127 22 129 2 23 94 24 93 3 5 210 6 199 9 175 3 19 142 21 128 24 143 2 25 22 27 22 3 4 146 16 143 27 169 3 19 5 28 4 29 4 3 3 8 26 9 29 8
34 3 1 70 10 63 19 60 2 2 166 13 156 3 14 184 17 153 29 191 3 3 7 12 6 25 6 2 12 35 18 40 3 3 7 12 7 25 6 2 4 102 26 88 3 5 163 6 203 9 194 1 18 208 2 6 196 19 193 3 5 151 6 202 9 196 3 7 48 8 52 26 45 2 8 83 14 98 2 4 15 9 15 2 7 8 10 8 3 11 184 14 194 28 217 2 11 103 13 95 2 1 40 14 37 3 10 180 15 210 30 213 2 16 19 20 25 3 10 204 15 181 30 169 2 19 175 22 167 3 8 37 10 33 20 35 2 29 160 30 160 2 2 12 21 14 3 18 63 23 63 26 70 2 16 127 22 129 2 23 94 24 93 3 5 210 6 199 9 175 3 19 142 21 128 24 143 2 25 22 27 22 3 4 146 16 143 27 169 3 19 5 28 4 29 4 3 3 8 26 9 29 8
34 3 1 70 10 63 19 60 2 2 166 13 156 3 14 184 17 153 29 191 3 3 7 12 6 25 6 2 12 35 18 40 3 3 7 12 7 25 6 2 4 102 26 88 3 5 163 6 203 9 194 1 18 208 2 6 196 19 193 3 5 151 6 202 9 196 3 7 48 8 52 26 45 2 8 83 14 98 2 4 15 9 15 2 7 8 10 8 3 11 184 14 194 28 217 2 11 103 13 95 2 1 40 14 37 3 10 180 15 210 30 213 2 16 19 20 25 3 10 204 15 181 30 169 2 19 175 22 167 3 8 37 10 33 20 35 2 29 160 30 160 2 2 12 21 14 3 18 63 23 63 26 70 2 16 127 22 129 2 23 94 24 93 3 5 210 6 199 9 175 3 19 142 21 128 24 143 2 25 22 27 22 3 4 146 16 143 27 169 3 19 5 28 4 29 4 3 3 8 26 9 29 8
36 3 1 80 10 73 19 71 2 2 162 13 197 3 3 7 12 5 25 5 2 4 104 26 78 3 5 179 6 186 9 146 2 6 156 19 206 2 1 46 14 42 2 8 78 14 75 3 3 5 12 7 25 5 3 7 63 8 63 26 63 3 10 211 15 159 30 144 2 4 13 9 19 2 7 7 10 7 3 11 196 14 175 28 168 2 12 50 18 35 3 18 68 23 58 26 77 2 11 78 13 85 2 16 27 20 21 3 7 50 8 54 26 58 2 23 98 24 96 3 14 174 17 168 29 196 2 12 36 18 41 1 18 204 2 19 211 22 177 2 11 102 13 110 3 8 33 10 26 20 26 2 2 13 21 10 2 16 164 22 143 2 16 27 20 21 3 19 111 21 137 24 135 2 25 19 27 24 3 4 176 16 176 27 145 2 25 20 27 26 3 19 5 28 4 29 5 3 3 9 26 8 29 7 2 29 122 30 157
34 3 1 66 10 80 19 67 3 19 157 21 139 24 140 3 5 149 6 195 9 191 2 2 181 13 157 3 3 8 12 7 25 5 2 4 91 26 92 3 19 129 21 158 24 159 2 6 199 19 169 3 1 86 10 79 19 81 3 7 63 8 60 26 50 2 8 76 14 85 3 11 194 14 219 28 168 3 3 6 12 8 25 5 2 4 18 9 13 2 7 7 10 7 2 12 36 18 49 3 1 77 10 74 19 87 2 11 108 13 95 2 1 40 14 33 3 10 152 15 158 30 201 2 16 21 20 26 3 14 150 17 178 29 171 1 18 173 2 19 174 22 163 3 8 32 10 31 20 25 2 2 10 21 13 2 23 108 24 89 2 29 160 30 148 3 19 5 28 5 29 5 2 16 163 22 139 3 3 7 26 9 29 8 3 4 167 16 175 27 190 2 25 23 27 22 3 18 66 23 59 26 82
37 2 4 98 26 80 3 11 167 14 191 28 215 3 1 66 10 59 19 76 2 2 193 13 196 3 3 6 12 6 25 6 3 5 174 6 208 9 209 3 11 199 14 198 28 168 3 3 10 26 8 29 9 2 8 94 14 108 2 2 159 13 195 3 19 5 28 4 29 4 2 16 127 22 122 3 19 124 21 164 24 129 2 6 184 19 226 3 7 56 8 48 26 47 2 2 173 13 182 2 4 17 9 16 2 7 7 10 6 2 12 51 18 42 3 8 26 10 27 20 26 2 11 82 13 109 3 19 121 21 127 24 153 2 25 26 27 19 2 1 38 14 43 3 10 184 15 211 30 201 2 16 24 20 24 3 4 188 16 164 27 144 2 7 7 10 8 3 14 154 17 143 29 159 2 12 43 18 45 1 18 165 2 2 13 21 11 2 19 162 22 212 2 23 93 24 85 2 6 189 19 167 2 29 126 30 127 3 18 69 23 74 26 82
37 2 4 98 26 80 3 11 167 14 191 28 215 3 1 66 10 59 19 76 2 2 193 13 196 3 3 6 12 6 25 6 3 5 174 6 208 9 209 3 11 199 14 198 28 168 3 3 10 26 8 29 9 2 8 94 14 108 2 2 159 13 195 3 19 5 28 4 29 4 2 16 127 22 122 3 19 124 21 164 24 129 2 6 184 19 226 3 7 56 8 48 26 47 2 2 173 13 182 2 4 17 9 16 2 7 7 10 6 2 12 51 18 42 3 8 26 10 27 20 26 2 11 82 13 109 3 19 121 21 127 24 153 2 25 26 27 19 2 1 38 14 43 3 10 184 15 211 30 201 2 16 24 20 24 3 4 188 16 164 27 144 2 7 7 10 8 3 14 154 17 143 29 159 2 12 43 18 45 1 18 165 2 2 13 21 11 2 19 162 22 212 2 23 93 24 85 2 6 189 19 167 2 29 126 30 127 3 18 69 23 74 26 82
34 3 1 62 10 79 19 75 3 19 116 21 124 24 122 3 5 209 6 195 9 213 2 2 184 13 162 3 3 8 12 5 25 7 2 4 107 26 95 3 19 128 21 123 24 117 2 6 230 19 185 3 1 65 10 72 19 84 3 7 52 8 56 26 46 2 8 94 14 100 3 11 225 14 233 28 164 3 3 6 12 6 25 7 2 4 18 9 16 2 7 7 10 9 2 12 40 18 35 3 1 71 10 83 19 65 2 11 98 13 92 2 1 39 14 45 3 10 165 15 176 30 175 2 16 21 20 26 3 14 154 17 144 29 180 1 18 186 2 19 203 22 169 3 8 33 10 35 20 36 2 2 14 21 12 2 23 108 24 85 2 29 172 30 170 3 19 5 28 4 29 4 2 16 157 22 118 3 3 8 26 9 29 9 3 4 156 16 190 27 152 2 25 23 27 26 3 18 66 23 80 26 71
34 3 1 62 10 79 19 75 3 19 116 21 124 24 122 3 5 209 6 195 9 213 2 2 184 13 162 3 3 8 12 5 25 7 2 4 107 26 95 3 19 128 21 123 24 117 2 6 230 19 185 3 1 65 10 72 19 84 3 7 52 8 56 26 46 2 8 94 14 100 3 11 225 14 233 28 164 3 3 6 12 6 25 7 2 4 18 9 16 2 7 7 10 9 2 12 40 18 35 3 1 71 10 83 19 65 2 11 98 13 92 2 1 39 14 45 3 10 165 15 176 30 175 2 16 21 20 26 3 14 154 17 144 29 180 1 18 186 2 19 203 22 169 3 8 33 10 35 20 36 2 2 14 21 12 2 23 108 24 85 2 29 172 30 170 3 19 5 28 4 29 4 2 16 157 22 118 3 3 8 26 9 29 9 3 4 156 16 190 27 152 2 25 23 27 26 3 18 66 23 80 26 71
38 3 1 70 10 61 19 60 2 2 227 13 194 3 3 7 12 7 25 6 2 4 104 26 113 3 3 8 12 5 25 8 3 3 10 26 7 29 10 3 5 180 6 187 9 149 2 6 182 19 211 3 8 37 10 34 20 27 2 6 230 19 190 2 16 116 22 143 3 7 61 8 51 26 62 3 1 65 10 69 19 85 3 11 223 14 201 28 210 2 6 186 19 161 2 23 76 24 98 2 8 88 14 96 2 4 13 9 13 2 7 8 10 6 3 18 57 23 59 26 81 3 1 76 10 65 19 88 2 12 35 18 51 3 1 87 10 61 19 72 2 11 77 13 112 2 16 23 20 20 2 1 45 14 40 3 10 158 15 152 30 204 3 14 154 17 142 29 136 2 11 85 13 103 1 18 180 2 19 222 22 200 2 2 10 21 10 3 19 124 21 151 24 157 3 11 209 14 165 28 200 2 25 21 27 18 3 4 183 16 155 27 194 3 19 5 28 5 29 5 2 29 145 30 169
38 3 1 70 10 61 19 60 2 2 227 13 194 3 3 7 12 7 25 6 2 4 104 26 113 3 3 8 12 5 25 8 3 3 10 26 7 29 10 3 5 180 6 187 9 149 2 6 182 19 211 3 8 37 10 34 20 27 2 6 230 19 190 2 16 116 22 143 3 7 61 8 51 26 62 3 1 65 10 69 19 85 3 11 223 14 201 28 210 2 6 186 19 161 2 23 76 24 98 2 8 88 14 96 2 4 13 9 13 2 7 8 10 6 3 18 57 23 59 26 81 3 1 76 10 65 19 88 2 12 35 18 51 3 1 87 10 61 19 72 2 11 77 13 112 2 16 23 20 20 2 1 45 14 40 3 10 158 15 152 30 204 3 14 154 17 142 29 136 2 11 85 13 103 1 18 180 2 19 222 22 200 2 2 10 21 10 3 19 124 21 151 24 157 3 11 209 14 165 28 200 2 25 21 27 18 3 4 183 16 155 27 194 3 19 5 28 5 29 5 2 29 145 30 169
38 3 1 70 10 61 19 60 2 2 227 13 194 3 3 7 12 7 25 6 2 4 104 26 113 3 3 8 12 5 25 8 3 3 10 26 7 29 10 3 5 180 6 187 9 149 2 6 182 19 211 3 8 37 10 34 20 27 2 6 230 19 190 2 16 116 22 143 3 7 61 8 51 26 62 3 1 65 10 69 19 85 3 11 223 14 201 28 210 2 6 186 19 161 2 23 76 24 98 2 8 88 14 96 2 4 13 9 13 2 7 8 10 6 3 18 57 23 59 26 81 3 1 76 10 65 19 88 2 12 35 18 51 3 1 87 10 61 19 72 2 11 77 13 112 2 16 23 20 20 2 1 45 14 40 3 10 158 15 152 30 204 3 14 154 17 142 29 136 2 11 85 13 103 1 18 180 2 19 222 22 200 2 2 10 21 10 3 19 124 21 151 24 157 3 11 209 14 165 28 200 2 25 21 27 18 3 4 183 16 155 27 194 3 19 5 28 5 29 5 2 29 145 30 169
36 2 16 22 20 19 2 16 144 22 132 3 1 82 10 65 19 82 2 2 215 13 216 3 1 83 10 73 19 87 3 3 7 12 7 25 5 2 1 37 14 40 2 4 102 26 87 2 1 41 14 44 3 5 190 6 206 9 204 2 6 216 19 209 3 7 56 8 47 26 46 2 8 106 14 99 2 4 13 9 18 3 7 60 8 55 26 49 3 8 33 10 36 20 33 2 7 7 10 6 3 11 171 14 227 28 215 3 1 75 10 59 19 74 3 4 176 16 177 27 201 2 12 39 18 48 2 11 106 13 111 3 3 10 26 9 29 7 3 10 211 15 144 30 143 3 14 145 17 168 29 139 1 18 192 2 7 7 10 7 2 19 226 22 197 2 2 11 21 13 2 23 110 24 82 3 19 110 21 150 24 157 3 18 77 23 80 26 77 2 25 27 27 26 3 19 5 28 4 29 4 3 5 151 6 169 9 162 2 29 169 30 173
39 3 1 82 10 63 19 78 2 2 214 13 197 3 1 82 10 66 19 68 3 3 7 12 6 25 7 3 1 62 10 80 19 81 2 4 82 26 94 3 1 74 10 87 19 62 3 5 198 6 146 9 164 2 6 196 19 181 3 7 58 8 62 26 53 3 5 147 6 202 9 181 3 19 145 21 156 24 118 3 5 209 6 162 9 175 3 19 4 28 5 29 4 2 8 90 14 84 2 4 15 9 18 2 7 6 10 7 3 11 189 14 225 28 219 3 14 139 17 148 29 199 2 12 44 18 49 2 11 88 13 81 2 1 40 14 36 3 10 180 15 199 30 188 2 16 19 20 28 1 18 200 2 19 166 22 210 3 8 28 10 30 20 33 2 2 13 21 11 3 4 175 16 205 27 148 2 16 130 22 125 3 5 179 6 150 9 203 2 23 107 24 108 2 12 41 18 46 2 25 22 27 20 3 18 81 23 70 26 65 2 4 14 9 17 2 29 156 30 118 2 2 194 13 230 3 3 8 26 7 29 10
39 3 1 82 10 63 19 78 2 2 214 13 197 3 1 82 10 66 19 68 3 3 7 12 6 25 7 3 1 62 10 80 19 81 2 4 82 26 94 3 1 74 10 87 19 62 3 5 198 6 146 9 164 2 6 196 19 181 3 7 58 8 62 26 53 3 5 147 6 202 9 181 3 19 145 21 156 24 118 3 5 209 6 162 9 175 3 19 4 28 5 29 4 2 8 90 14 84 2 4 15 9 18 2 7 6 10 7 3 11 189 14 225 28 219 3 14 139 17 148 29 199 2 12 44 18 49 2 11 88 13 81 2 1 40 14 36 3 10 180 15 199 30 188 2 16 19 20 28 1 18 200 2 19 166 22 210 3 8 28 10 30 20 33 2 2 13 21 11 3 4 175 16 205 27 148 2 16 130 22 125 3 5 179 6 150 9 203 2 23 107 24 108 2 12 41 18 46 2 25 22 27 20 3 18 81 23 70 26 65 2 4 14 9 17 2 29 156 30 118 2 2 194 13 230 3 3 8 26 7 29 10
38 3 1 69 10 84 19 77 2 2 196 13 157 3 3 7 12 6 25 8 2 4 104 26 104 3 3 7 12 7 25 6 3 3 8 26 9 29 8 3 5 146 6 195 9 211 2 6 163 19 177 3 8 36 10 27 20 34 2 6 206 19 190 2 16 117 22 116 3 7 59 8 61 26 46 3 1 84 10 86 19 77 3 11 219 14 177 28 169 2 6 171 19 158 2 23 101 24 81 2 8 111 14 96 2 4 17 9 18 2 7 8 10 6 3 18 77 23 78 26 68 3 1 79 10 61 19 76 2 12 45 18 41 3 1 70 10 81 19 81 2 11 82 13 96 2 16 22 20 24 2 1 42 14 44 3 10 170 15 149 30 190 3 14 183 17 186 29 134 2 11 105 13 105 1 18 228 2 19 208 22 174 2 2 9 21 12 3 19 131 21 142 24 148 3 11 197 14 201 28 221 2 25 24 27 26 3 4 195 16 174 27 162 3 19 5 28 4 29 5 2 29 126 30 155
33 3 1 74 10 71 19 79 3 14 173 17 173 29 173 2 2 160 13 192 3 3 7 12 7 25 7 2 4 98 26 109 3 5 213 6 205 9 147 3 19 134 21 141 24 154 2 12 46 18 49 2 6 176 19 211 2 19 185 22 174 3 7 57 8 55 26 56 2 8 97 14 102 2 4 19 9 13 3 11 172 14 183 28 213 2 7 9 10 9 3 3 7 12 6 25 7 2 11 106 13 83 2 12 40 18 35 2 25 22 27 25 2 23 90 24 87 2 1 31 14 40 3 10 166 15 163 30 150 2 16 22 20 21 3 3 9 26 7 29 8 3 8 25 10 38 20 35 2 29 145 30 165 3 18 59 23 79 26 63 1 18 219 2 23 93 24 86 2 2 12 21 10 3 4 186 16 179 27 136 2 16 138 22 123 3 19 5 28 4 29 4
33 3 1 74 10 71 19 79 3 14 173 17 173 29 173 2 2 160 13 192 3 3 7 12 7 25 7 2 4 98 26 109 3 5 213 6 205 9 147 3 19 134 21 141 24 154 2 12 46 18 49 2 6 176 19 211 2 19 185 22 174 3 7 57 8 55 26 56 2 8 97 14 102 2 4 19 9 13 3 11 172 14 183 28 213 2 7 9 10 9 3 3 7 12 6 25 7 2 11 106 13 83 2 12 40 18 35 2 25 22 27 25 2 23 90 24 87 2 1 31 14 40 3 10 166 15 163 30 150 2 16 22 20 21 3 3 9 26 7 29 8 3 8 25 10 38 20 35 2 29 145 30 165 3 18 59 23 79 26 63 1 18 219 2 23 93 24 86 2 2 12 21 10 3 4 186 16 179 27 136 2 16 138 22 123 3 19 5 28 4 29 4
34 3 1 66 10 62 19 67 3 19 127 21 113 24 131 3 5 150 6 171 9 205 2 2 179 13 208 3 3 6 12 7 25 6 2 4 107 26 96 3 19 109 21 162 24 113 2 6 220 19 216 3 1 87 10 59 19 61 3 7 45 8 52 26 53 2 8 88 14 77 3 11 225 14 231 28 184 3 3 7 12 5 25 6 2 4 16 9 15 2 7 7 10 7 2 12 42 18 38 3 1 60 10 78 19 69 2 11 80 13 102 2 1 45 14 36 3 10 146 15 160 30 181 2 16 20 20 21 3 14 156 17 175 29 134 1 18 161 2 19 222 22 226 3 8 33 10 36 20 29 2 2 14 21 12 2 23 101 24 89 2 29 166 30 132 3 19 5 28 4 29 5 2 16 139 22 136 3 3 8 26 7 29 8 3 4 182 16 154 27 178 2 25 20 27 21 3 18 60 23 77 26 80
34 3 1 69 10 65 19 65 2 2 190 13 172 3 5 171 6 197 9 150 3 1 84 10 64 19 80 3 10 196 15 193 30 161 3 3 8 12 5 25 7 2 4 79 26 87 2 11 108 13 102 2 6 206 19 191 3 7 52 8 59 26 46 2 8 90 14 109 2 19 226 22 229 2 6 177 19 170 2 4 13 9 13 3 19 5 28 5 29 5 2 7 8 10 8 3 11 215 14 191 28 233 3 5 150 6 208 9 177 2 16 123 22 129 2 12 50 18 42 2 1 43 14 41 2 25 19 27 21 2 16 22 20 19 3 14 187 17 171 29 167 3 18 65 23 74 26 67 1 18 204 3 4 192 16 178 27 143 2 2 12 21 10 3 8 34 10 36 20 35 3 18 80 23 79 26 78 2 29 130 30 131 3 19 145 21 137 24 117 2 23 102 24 95 3 3 10 26 8 29 7
38 2 16 159 22 163 3 1 86 10 62 19 87 2 2 208 13 191 3 3 7 12 8 25 7 2 16 152 22 153 2 4 83 26 86 2 16 113 22 135 3 5 203 6 167 9 163 3 11 224 14 201 28 186 2 1 31 14 42 2 6 205 19 214 3 7 58 8 55 26 61 3 8 28 10 34 20 32 2 4 81 26 91 2 8 108 14 108 2 4 16 9 18 3 18 67 23 77 26 68 2 1 36 14 38 1 18 183 3 1 73 10 80 19 81 2 7 9 10 8 2 12 48 18 40 2 11 86 13 92 3 1 59 10 85 19 87 2 16 24 20 28 3 10 145 15 186 30 180 3 14 171 17 171 29 160 2 19 165 22 207 3 5 181 6 186 9 175 2 2 11 21 9 3 7 54 8 63 26 54 2 29 162 30 162 2 23 113 24 104 3 19 161 21 160 24 114 2 25 20 27 26 3 4 203 16 194 27 204 3 3 10 26 10 29 8 3 19 5 28 5 29 5
36 3 1 88 10 67 19 81 2 2 202 13 167 3 3 8 12 7 25 7 2 4 113 26 100 3 5 184 6 146 9 213 2 6 191 19 170 2 1 31 14 45 2 8 105 14 106 3 3 6 12 6 25 7 3 7 51 8 50 26 59 3 10 155 15 153 30 185 2 4 18 9 14 2 7 9 10 9 3 11 186 14 226 28 194 2 12 51 18 40 3 18 69 23 82 26 61 2 11 89 13 112 2 16 23 20 20 3 7 51 8 58 26 57 2 23 89 24 94 3 14 181 17 166 29 137 2 12 41 18 42 1 18 156 2 19 189 22 184 2 11 83 13 112 3 8 37 10 28 20 27 2 2 11 21 12 2 16 164 22 130 2 16 20 20 28 3 19 135 21 164 24 145 2 25 19 27 24 3 4 200 16 177 27 166 2 25 18 27 20 3 19 5 28 4 29 5 3 3 9 26 7 29 9 2 29 139 30 156
34 3 14 179 17 142 29 151 3 1 77 10 85 19 68 2 2 215 13 209 3 3 5 12 7 25 7 2 2 221 13 229 2 4 91 26 79 3 14 144 17 161 29 188 2 11 108 13 110 3 5 169 6 171 9 211 2 6 211 19 229 3 7 67 8 47 26 58 3 4 184 16 145 27 183 2 8 107 14 103 3 18 82 23 69 26 73 2 23 111 24 84 2 29 130 30 123 2 19 164 22 177 2 4 18 9 12 2 29 151 30 126 2 7 9 10 8 3 11 162 14 191 28 157 2 25 20 27 24 2 12 35 18 49 2 1 34 14 42 3 10 208 15 199 30 147 3 19 126 21 133 24 134 3 18 64 23 83 26 57 2 16 23 20 20 1 18 153 2 16 167 22 121 3 8 28 10 28 20 37 3 19 5 28 4 29 4 2 2 13 21 10 3 3 10 26 9 29 9
34 3 14 179 17 142 29 151 3 1 77 10 85 19 68 2 2 215 13 209 3 3 5 12 7 25 7 2 2 221 13 229 2 4 91 26 79 3 14 144 17 161 29 188 2 11 108 13 110 3 5 169 6 171 9 211 2 6 211 19 229 3 7 67 8 47 26 58 3 4 184 16 145 27 183 2 8 107 14 103 3 18 82 23 69 26 73 2 23 111 24 84 2 29 130 30 123 2 19 164 22 177 2 4 18 9 12 2 29 151 30 126 2 7 9 10 8 3 11 162 14 191 28 157 2 25 20 27 24 2 12 35 18 49 2 1 34 14 42 3 10 208 15 199 30 147 3 19 126 21 133 24 134 3 18 64 23 83 26 57 2 16 23 20 20 1 18 153 2 16 167 22 121 3 8 28 10 28 20 37 3 19 5 28 4 29 4 2 2 13 21 10 3 3 10 26 9 29 9
35 3 10 157 15 165 30 210 3 1 68 10 87 19 80 3 10 169 15 168 30 211 2 2 208 13 206 3 10 201 15 149 30 192 3 3 6 12 8 25 8 3 10 185 15 154 30 143 2 4 85 26 88 3 5 154 6 158 9 191 2 2 12 21 11 2 8 110 14 88 3 3 8 26 10 29 9 2 6 228 19 194 3 7 51 8 51 26 65 2 4 17 9 18 3 18 74 23 81 26 58 2 7 7 10 8 3 11 179 14 214 28 194 2 12 52 18 42 2 11 104 13 99 2 2 12 21 13 2 1 40 14 44 2 16 20 20 23 3 14 146 17 141 29 163 2 25 25 27 19 1 18 190 2 19 172 22 162 3 8 29 10 27 20 26 2 16 128 22 129 2 23 97 24 85 3 19 156 21 136 24 136 3 4 144 16 158 27 168 3 19 5 28 4 29 4 3 1 62 10 77 19 61 2 29 171 30 131
36 2 16 24 20 26 2 16 121 22 118 3 1 60 10 69 19 69 2 2 201 13 195 3 1 87 10 71 19 86 3 3 6 12 7 25 7 2 1 45 14 36 2 4 100 26 105 2 1 45 14 38 3 5 185 6 170 9 201 2 6 205 19 161 3 7 48 8 56 26 52 2 8 94 14 106 2 4 16 9 12 3 7 44 8 54 26 47 3 8 37 10 26 20 27 2 7 6 10 6 3 11 229 14 221 28 221 3 1 71 10 67 19 78 3 4 146 16 193 27 157 2 12 52 18 44 2 11 105 13 109 3 3 8 26 8 29 8 3 10 200 15 210 30 172 3 14 197 17 199 29 142 1 18 182 2 7 9 10 9 2 19 170 22 229 2 2 13 21 13 2 23 77 24 81 3 19 154 21 117 24 155 3 18 63 23 66 26 70 2 25 26 27 20 3 19 5 28 4 29 4 3 5 192 6 191 9 195 2 29 164 30 165
33 3 1 64 10 75 19 81 2 2 185 13 215 3 1 81 10 67 19 77 3 3 5 12 7 25 6 2 7 6 10 7 3 7 57 8 44 26 52 2 4 107 26 104 3 8 26 10 33 20 32 3 5 187 6 159 9 148 2 6 175 19 225 2 8 96 14 98 3 1 83 10 88 19 59 2 4 16 9 16 2 11 112 13 82 3 11 176 14 226 28 159 2 16 136 22 121 3 18 76 23 81 26 64 2 12 51 18 36 2 1 40 14 46 3 3 6 12 6 25 8 3 10 153 15 173 30 150 2 23 109 24 87 3 19 132 21 130 24 152 3 3 10 26 8 29 9 2 16 28 20 24 3 14 150 17 138 29 156 3 19 4 28 5 29 5 1 18 208 2 19 173 22 159 2 29 126 30 140 3 4 141 16 191 27 169 2 2 9 21 12 2 25 24 27 26
33 3 1 64 10 75 19 81 2 2 185 13 215 3 1 81 10 67 19 77 3 3 5 12 7 25 6 2 7 6 10 7 3 7 57 8 44 26 52 2 4 107 26 104 3 8 26 10 33 20 32 3 5 187 6 159 9 148 2 6 175 19 225 2 8 96 14 98 3 1 83 10 88 19 59 2 4 16 9 16 2 11 112 13 82 3 11 176 14 226 28 159 2 16 136 22 121 3 18 76 23 81 26 64 2 12 51 18 36 2 1 40 14 46 3 3 6 12 6 25 8 3 10 153 15 173 30 150 2 23 109 24 87 3 19 132 21 130 24 152 3 3 10 26 8 29 9 2 16 28 20 24 3 14 150 17 138 29 156 3 19 4 28 5 29 5 1 18 208 2 19 173 22 159 2 29 126 30 140 3 4 141 16 191 27 169 2 2 9 21 12 2 25 24 27 26
37 2 29 156 30 164 3 1 67 10 61 19 67 2 2 219 13 230 3 18 62 23 65 26 81 2 29 173 30 157 3 3 6 12 7 25 6 2 4 91 26 90 3 3 5 12 7 25 6 3 5 177 6 192 9 150 2 6 195 19 229 2 16 19 20 26 2 7 8 10 9 3 7 46 8 60 26 47 3 19 163 21 164 24 143 2 8 80 14 93 2 4 18 9 18 2 29 162 30 172 3 11 158 14 222 28 218 2 12 42 18 50 2 11 93 13 100 2 16 128 22 146 2 1 33 14 38 3 10 170 15 199 30 190 2 1 44 14 32 3 14 174 17 185 29 151 3 18 65 23 81 26 63 2 2 13 21 14 1 18 202 2 1 41 14 46 3 3 9 26 10 29 10 2 19 163 22 198 3 8 37 10 30 20 34 3 19 4 28 5 29 5 2 23 83 24 79 3 1 63 10 65 19 78 3 4 195 16 144 27 197 2 25 25 27 19
38 3 1 71 10 62 19 73 2 2 222 13 221 3 4 188 16 162 27 196 3 7 46 8 62 26 66 3 3 6 12 5 25 6 2 4 94 26 88 3 5 148 6 205 9 190 3 18 57 23 71 26 77 3 1 85 10 75 19 62 2 6 207 19 194 2 8 106 14 98 2 2 212 13 172 2 4 18 9 14 2 7 7 10 7 3 11 196 14 189 28 188 2 2 187 13 203 2 12 47 18 46 2 11 80 13 91 1 18 206 2 1 34 14 33 3 3 10 26 8 29 9 3 3 5 12 7 25 6 3 10 166 15 191 30 209 2 16 26 20 21 2 23 86 24 113 3 14 135 17 160 29 197 3 19 115 21 119 24 116 2 11 82 13 100 2 29 139 30 149 2 25 22 27 20 1 18 221 3 8 27 10 34 20 35 2 2 12 21 12 2 16 23 20 21 2 16 132 22 120 2 19 183 22 217 2 16 145 22 166 3 19 4 28 4 29 4
37 2 29 171 30 121 3 1 71 10 66 19 87 2 2 196 13 204 3 18 83 23 83 26 60 2 29 154 30 169 3 3 8 12 6 25 5 2 4 80 26 103 3 3 8 12 7 25 7 3 5 150 6 212 9 211 2 6 210 19 168 2 16 21 20 25 2 7 7 10 6 3 7 56 8 59 26 49 3 19 124 21 145 24 145 2 8 108 14 82 2 4 18 9 16 2 29 129 30 157 3 11 167 14 234 28 194 2 12 49 18 40 2 11 88 13 107 2 16 136 22 166 2 1 44 14 43 3 10 194 15 203 30 159 2 1 46 14 32 3 14 135 17 173 29 169 3 18 75 23 65 26 74 2 2 11 21 12 1 18 193 2 1 41 14 40 3 3 7 26 8 29 9 2 19 187 22 192 3 8 26 10 37 20 28 3 19 5 28 5 29 5 2 23 90 24 101 3 1 84 10 61 19 68 3 4 185 16 176 27 203 2 25 21 27 21
37 1 18 214 3 1 62 10 88 19 71 3 10 186 15 208 30 157 3 14 167 17 159 29 152 2 2 200 13 201 2 4 15 9 15 3 3 7 12 6 25 6 2 23 100 24 87 3 14 170 17 198 29 161 2 4 85 26 101 3 5 178 6 202 9 173 2 6 226 19 162 2 4 109 26 94 2 7 8 10 6 3 7 60 8 52 26 51 3 1 77 10 74 19 73 2 1 45 14 33 3 18 80 23 77 26 64 2 25 26 27 26 2 8 85 14 92 3 11 229 14 216 28 202 3 19 5 28 5 29 5 2 11 89 13 113 3 14 183 17 158 29 135 2 12 39 18 37 2 7 8 10 7 2 16 23 20 21 2 19 206 22 190 3 8 26 10 34 20 28 2 2 12 21 10 2 1 33 14 32 3 4 171 16 186 27 191 2 16 119 22 126 2 12 51 18 51 3 19 141 21 115 24 131 2 29 156 30 144 3 3 8 26 7 29 9
34 3 1 60 10 85 19 73 3 19 160 21 125 24 111 3 5 146 6 150 9 195 2 2 183 13 189 3 3 6 12 7 25 7 2 4 98 26 112 3 19 160 21 150 24 147 2 6 201 19 170 3 1 65 10 60 19 80 3 7 52 8 62 26 46 2 8 107 14 92 3 11 219 14 185 28 189 3 3 7 12 6 25 7 2 4 16 9 14 2 7 9 10 8 2 12 45 18 52 3 1 78 10 82 19 76 2 11 112 13 102 2 1 34 14 38 3 10 149 15 197 30 167 2 16 27 20 27 3 14 195 17 195 29 154 1 18 222 2 19 188 22 195 3 8 35 10 37 20 29 2 2 12 21 10 2 23 104 24 108 2 29 147 30 133 3 19 4 28 5 29 4 2 16 157 22 141 3 3 7 26 7 29 8 3 4 198 16 198 27 138 2 25 22 27 26 3 18 61 23 59 26 65
34 3 1 80 10 59 19 80 3 14 136 17 175 29 165 3 1 75 10 79 19 69 1 18 161 2 2 208 13 188 3 19 127 21 139 24 139 3 3 6 12 6 25 8 2 4 102 26 106 3 5 170 6 213 9 189 3 7 47 8 61 26 61 2 8 83 14 104 2 29 122 30 126 2 19 188 22 226 2 6 218 19 218 2 4 16 9 16 2 7 6 10 6 3 11 198 14 216 28 195 2 12 37 18 46 2 11 88 13 95 2 4 99 26 101 2 1 34 14 43 3 19 4 28 4 29 5 3 18 60 23 71 26 82 2 1 33 14 40 3 10 196 15 162 30 192 3 4 176 16 182 27 169 2 16 19 20 28 3 8 31 10 36 20 32 2 19 231 22 225 2 2 12 21 10 2 16 134 22 129 2 23 91 24 82 2 25 18 27 26 3 3 8 26 7 29 7
33 3 1 64 10 60 19 77 3 14 144 17 193 29 187 2 2 187 13 163 3 3 5 12 6 25 7 2 4 108 26 76 3 5 185 6 187 9 175 3 19 134 21 129 24 136 2 12 43 18 43 2 6 189 19 230 2 19 186 22 167 3 7 66 8 65 26 61 2 8 76 14 102 2 4 14 9 18 3 11 188 14 158 28 219 2 7 6 10 7 3 3 6 12 7 25 7 2 11 87 13 78 2 12 52 18 43 2 25 26 27 25 2 23 104 24 83 2 1 31 14 32 3 10 210 15 197 30 180 2 16 25 20 21 3 3 8 26 7 29 9 3 8 31 10 36 20 33 2 29 137 30 121 3 18 75 23 77 26 59 1 18 164 2 23 78 24 102 2 2 9 21 10 3 4 184 16 142 27 145 2 16 162 22 136 3 19 5 28 5 29 4
34 3 1 70 10 86 19 67 3 19 160 21 129 24 125 3 5 206 6 199 9 172 2 2 229 13 184 3 3 7 12 6 25 6 2 4 95 26 81 3 19 145 21 150 24 112 2 6 182 19 164 3 1 79 10 84 19 87 3 7 50 8 65 26 56 2 8 76 14 91 3 11 163 14 215 28 190 3 3 5 12 5 25 6 2 4 14 9 13 2 7 9 10 6 2 12 48 18 38 3 1 61 10 68 19 74 2 11 102 13 88 2 1 39 14 40 3 10 146 15 151 30 174 2 16 19 20 23 3 14 176 17 163 29 135 1 18 158 2 19 172 22 159 3 8 36 10 32 20 31 2 2 13 21 13 2 23 112 24 79 2 29 142 30 143 3 19 4 28 5 29 5 2 16 165 22 166 3 3 9 26 10 29 10 3 4 150 16 164 27 196 2 25 25 27 24 3 18 70 23 60 26 70
38 3 1 80 10 87 19 79 2 2 216 13 205 3 3 5 12 7 25 7 2 4 108 26 108 3 3 5 12 6 25 5 3 3 9 26 9 29 10 3 5 187 6 158 9 202 2 6 219 19 204 3 8 35 10 33 20 31 2 6 195 19 179 2 16 154 22 117 3 7 62 8 64 26 51 3 1 72 10 84 19 82 3 11 222 14 181 28 184 2 6 228 19 228 2 23 90 24 77 2 8 105 14 108 2 4 13 9 13 2 7 7 10 6 3 18 69 23 81 26 80 3 1 87 10 70 19 84 2 12 39 18 51 3 1 80 10 70 19 85 2 11 101 13 111 2 16 20 20 24 2 1 40 14 42 3 10 163 15 195 30 185 3 14 198 17 197 29 153 2 11 106 13 77 1 18 197 2 19 191 22 176 2 2 13 21 11 3 19 112 21 139 24 120 3 11 166 14 158 28 176 2 25 23 27 22 3 4 142 16 203 27 172 3 19 4 28 4 29 5 2 29 171 30 151
37 1 18 203 3 1 61 10 63 19 70 3 10 154 15 167 30 172 3 14 135 17 168 29 161 2 2 219 13 194 2 4 15 9 13 3 3 8 12 6 25 5 2 23 94 24 111 3 14 162 17 155 29 170 2 4 99 26 108 3 5 215 6 197 9 166 2 6 224 19 194 2 4 91 26 92 2 7 6 10 7 3 7 64 8 53 26 60 3 1 80 10 73 19 77 2 1 39 14 45 3 18 67 23 79 26 59 2 25 19 27 27 2 8 99 14 84 3 11 180 14 232 28 182 3 19 4 28 5 29 5 2 11 87 13 80 3 14 137 17 178 29 178 2 12 49 18 52 2 7 9 10 8 2 16 25 20 23 2 19 168 22 227 3 8 38 10 36 20 27 2 2 12 21 10 2 1 36 14 33 3 4 154 16 183 27 193 2 16 160 22 140 2 12 41 18 48 3 19 122 21 126 24 133 2 29 152 30 118 3 3 10 26 10 29 9
37 1 18 203 3 1 61 10 63 19 70 3 10 154 15 167 30 172 3 14 135 17 168 29 161 2 2 219 13 194 2 4 15 9 13 3 3 8 12 6 25 5 2 23 94 24 111 3 14 162 17 155 29 170 2 4 99 26 108 3 5 215 6 197 9 166 2 6 224 19 194 2 4 91 26 92 2 7 6 10 7 3 7 64 8 53 26 60 3 1 80 10 73 19 77 2 1 39 14 45 3 18 67 23 79 26 59 2 25 19 27 27 2 8 99 14 84 3 11 180 14 232 28 182 3 19 4 28 5 29 5 2 11 87 13 80 3 14 137 17 178 29 178 2 12 49 18 52 2 7 9 10 8 2 16 25 20 23 2 19 168 22 227 3 8 38 10 36 20 27 2 2 12 21 10 2 1 36 14 33 3 4 154 16 183 27 193 2 16 160 22 140 2 12 41 18 48 3 19 122 21 126 24 133 2 29 152 30 118 3 3 10 26 10 29 9
DUE_DATES: 4624 4624 4560 4560 4560 3587 4061 4207 4207 4690 4690 4137 4137 4137 3714 3791 4528 4528 3849 3849 4589 4589 4589 4152 4739 4739 4582 3648 3648 3787 4139 4577 3766 4166 4166 4183 4091 3607 3607 4244 4684 4201 4271 3920 4016 3571 3741 4719 4240 4240
WEIGHTS: 1 3 1 2 3 2 2 2 3 2 2 3 1 2 3 1 2 3 1 2 1 1 1 3 3 3 3 3 3 3 3 1 2 2 1 2 1 1 3 3 2 2 1 3 2 1 1 2 3 2
