50 30
37 3 1 131 2 100 26 132 2 2 202 19 168 3 11 86 15 78 27 95 3 3 58 17 57 19 67 3 11 68 15 97 27 80 3 3 9 4 9 13 8 2 11 139 22 106 2 3 155 11 166 4 5 68 9 76 16 77 25 56 3 6 192 15 164 19 149 3 8 91 12 79 21 91 3 6 53 8 51 27 43 2 3 165 11 125 2 7 115 9 84 2 1 141 9 155 2 26 77 27 95 3 3 61 17 55 19 55 2 10 25 17 20 3 12 1 13 1 25 1 3 7 92 13 110 20 97 2 3 118 11 162 3 14 107 22 95 24 111 3 12 1 13 1 25 1 2 5 190 18 174 3 8 90 16 90 19 67 3 11 90 15 73 27 90 2 17 212 25 205 2 10 124 19 90 2 20 194 30 183 2 20 105 23 78 3 11 46 17 53 24 45 3 13 16 16 21 25 20 3 3 176 14 156 29 205 3 19 26 29 28 30 29 2 27 100 30 101 2 20 150 30 151 2 24 102 28 124
37 3 1 131 2 100 26 132 2 2 202 19 168 3 11 86 15 78 27 95 3 3 58 17 57 19 67 3 11 68 15 97 27 80 3 3 9 4 9 13 8 2 11 139 22 106 2 3 155 11 166 4 5 68 9 76 16 77 25 56 3 6 192 15 164 19 149 3 8 91 12 79 21 91 3 6 53 8 51 27 43 2 3 165 11 125 2 7 115 9 84 2 1 141 9 155 2 26 77 27 95 3 3 61 17 55 19 55 2 10 25 17 20 3 12 1 13 1 25 1 3 7 92 13 110 20 97 2 3 118 11 162 3 14 107 22 95 24 111 3 12 1 13 1 25 1 2 5 190 18 174 3 8 90 16 90 19 67 3 11 90 15 73 27 90 2 17 212 25 205 2 10 124 19 90 2 20 194 30 183 2 20 105 23 78 3 11 46 17 53 24 45 3 13 16 16 21 25 20 3 3 176 14 156 29 205 3 19 26 29 28 30 29 2 27 100 30 101 2 20 150 30 151 2 24 102 28 124
34 3 1 94 2 129 26 93 2 20 100 23 77 2 1 136 9 148 2 2 206 19 162 3 6 142 15 177 19 160 2 7 86 9 100 2 1 140 9 113 3 3 53 17 61 19 54 3 14 106 22 109 24 124 3 3 7 4 8 13 10 4 5 63 9 55 16 67 25 55 3 6 43 8 40 27 41 2 10 19 17 20 2 3 160 11 161 3 12 1 13 1 25 1 3 3 144 14 191 29 139 2 10 108 19 133 4 5 77 9 75 16 69 25 55 3 8 90 12 85 21 106 3 7 95 13 93 20 119 2 11 104 22 142 3 11 92 15 94 27 70 2 27 107 30 121 3 6 189 15 168 19 194 3 8 83 16 96 19 74 2 17 188 25 189 3 8 94 12 87 21 80 2 5 164 18 159 2 20 149 30 145 3 11 44 17 51 24 62 3 13 18 16 22 25 19 2 26 74 27 87 2 24 111 28 115 3 19 31 29 32 30 30
38 3 19 34 29 27 30 33 3 1 113 2 95 26 121 3 19 25 29 26 30 24 2 2 210 19 162 3 1 108 2 97 26 131 3 3 50 17 71 19 67 3 3 8 4 8 13 8 2 7 107 9 106 2 26 93 27 80 2 17 193 25 166 3 1 133 2 129 26 103 2 27 106 30 118 3 19 29 29 26 30 30 3 7 100 13 103 20 89 4 5 75 9 66 16 66 25 65 3 6 139 15 159 19 157 3 11 71 15 93 27 83 2 20 199 30 173 2 10 23 17 25 3 6 42 8 49 27 54 2 1 122 9 125 2 10 25 17 24 2 3 135 11 123 3 12 1 13 1 25 1 4 5 79 9 54 16 78 25 58 3 14 93 22 113 24 122 2 1 135 9 153 2 10 106 19 109 2 11 150 22 127 2 24 94 28 102 2 7 88 9 114 2 20 81 23 107 2 5 169 18 198 3 11 43 17 63 24 45 3 8 86 16 88 19 76 3 3 159 14 154 29 144 3 8 103 12 94 21 78 3 13 16 16 22 25 21
38 3 1 133 2 133 26 130 2 2 181 19 166 2 26 81 27 95 3 6 50 8 54 27 46 3 3 54 17 71 19 54 4 5 77 9 61 16 81 25 56 3 3 10 4 9 13 9 3 11 56 17 61 24 62 3 1 124 2 120 26 133 3 13 22 16 16 25 17 3 3 9 4 8 13 9 3 8 73 12 104 21 94 3 6 194 15 174 19 163 3 6 49 8 45 27 52 2 7 107 9 103 3 7 113 13 123 20 104 2 17 166 25 180 2 10 120 19 132 3 8 96 16 76 19 70 3 3 67 17 66 19 52 2 1 123 9 130 3 7 127 13 95 20 100 2 5 234 18 166 2 10 25 17 23 2 3 163 11 122 2 20 111 23 99 3 12 1 13 1 25 1 2 24 119 28 87 3 19 31 29 26 30 31 2 26 73 27 93 3 14 102 22 117 24 108 2 17 194 25 225 2 27 116 30 114 3 3 195 14 155 29 191 3 7 124 13 122 20 108 3 11 92 15 97 27 93 2 20 171 30 197 2 11 129 22 127
38 3 1 133 2 133 26 130 2 2 181 19 166 2 26 81 27 95 3 6 50 8 54 27 46 3 3 54 17 71 19 54 4 5 77 9 61 16 81 25 56 3 3 10 4 9 13 9 3 11 56 17 61 24 62 3 1 124 2 120 26 133 3 13 22 16 16 25 17 3 3 9 4 8 13 9 3 8 73 12 104 21 94 3 6 194 15 174 19 163 3 6 49 8 45 27 52 2 7 107 9 103 3 7 113 13 123 20 104 2 17 166 25 180 2 10 120 19 132 3 8 96 16 76 19 70 3 3 67 17 66 19 52 2 1 123 9 130 3 7 127 13 95 20 100 2 5 234 18 166 2 10 25 17 23 2 3 163 11 122 2 20 111 23 99 3 12 1 13 1 25 1 2 24 119 28 87 3 19 31 29 26 30 31 2 26 73 27 93 3 14 102 22 117 24 108 2 17 194 25 225 2 27 116 30 114 3 3 195 14 155 29 191 3 7 124 13 122 20 108 3 11 92 15 97 27 93 2 20 171 30 197 2 11 129 22 127
38 3 8 87 12 76 21 94 3 1 102 2 127 26 93 2 2 162 19 175 3 3 56 17 63 19 65 3 8 87 16 90 19 72 3 3 60 17 68 19 53 3 11 60 17 47 24 64 2 7 105 9 124 3 3 48 17 71 19 61 3 3 7 4 8 13 10 4 5 71 9 78 16 69 25 54 3 6 180 15 153 19 146 3 11 45 17 46 24 64 3 6 59 8 41 27 48 3 6 135 15 153 19 170 2 1 125 9 109 3 8 89 12 73 21 95 2 10 19 17 21 2 1 113 9 157 2 11 144 22 135 2 3 121 11 169 3 12 1 13 1 25 1 3 7 106 13 106 20 112 3 14 117 22 96 24 121 3 11 95 15 82 27 90 2 17 173 25 164 2 5 173 18 194 3 19 25 29 29 30 34 2 10 108 19 132 4 5 67 9 66 16 78 25 57 2 20 201 30 191 2 20 111 23 90 3 13 19 16 18 25 16 2 10 23 17 25 2 26 84 27 81 2 27 143 30 101 2 24 123 28 102 3 3 193 14 197 29 206
38 3 8 87 12 76 21 94 3 1 102 2 127 26 93 2 2 162 19 175 3 3 56 17 63 19 65 3 8 87 16 90 19 72 3 3 60 17 68 19 53 3 11 60 17 47 24 64 2 7 105 9 124 3 3 48 17 71 19 61 3 3 7 4 8 13 10 4 5 71 9 78 16 69 25 54 3 6 180 15 153 19 146 3 11 45 17 46 24 64 3 6 59 8 41 27 48 3 6 135 15 153 19 170 2 1 125 9 109 3 8 89 12 73 21 95 2 10 19 17 21 2 1 113 9 157 2 11 144 22 135 2 3 121 11 169 3 12 1 13 1 25 1 3 7 106 13 106 20 112 3 14 117 22 96 24 121 3 11 95 15 82 27 90 2 17 173 25 164 2 5 173 18 194 3 19 25 29 29 30 34 2 10 108 19 132 4 5 67 9 66 16 78 25 57 2 20 201 30 191 2 20 111 23 90 3 13 19 16 18 25 16 2 10 23 17 25 2 26 84 27 81 2 27 143 30 101 2 24 123 28 102 3 3 193 14 197 29 206
32 4 5 79 9 76 16 54 25 76 3 1 92 2 136 26 113 2 2 183 19 200 3 1 104 2 125 26 106 3 3 64 17 68 19 49 2 20 107 23 107 2 2 197 19 176 3 3 9 4 8 13 9 2 17 220 25 208 2 7 93 9 114 3 12 1 13 1 25 1 3 6 170 15 148 19 155 3 6 57 8 46 27 52 2 1 137 9 158 2 10 18 17 26 2 3 157 11 171 3 7 97 13 120 20 124 3 14 109 22 123 24 109 2 26 70 27 98 3 11 75 15 77 27 73 3 8 93 16 89 19 93 2 5 236 18 164 3 8 93 12 91 21 75 2 10 112 19 124 2 20 161 30 175 2 11 106 22 133 3 19 31 29 31 30 32 2 27 99 30 132 3 11 48 17 50 24 64 2 24 114 28 121 3 3 196 14 143 29 206 3 13 18 16 16 25 15
32 4 5 79 9 76 16 54 25 76 3 1 92 2 136 26 113 2 2 183 19 200 3 1 104 2 125 26 106 3 3 64 17 68 19 49 2 20 107 23 107 2 2 197 19 176 3 3 9 4 8 13 9 2 17 220 25 208 2 7 93 9 114 3 12 1 13 1 25 1 3 6 170 15 148 19 155 3 6 57 8 46 27 52 2 1 137 9 158 2 10 18 17 26 2 3 157 11 171 3 7 97 13 120 20 124 3 14 109 22 123 24 109 2 26 70 27 98 3 11 75 15 77 27 73 3 8 93 16 89 19 93 2 5 236 18 164 3 8 93 12 91 21 75 2 10 112 19 124 2 20 161 30 175 2 11 106 22 133 3 19 31 29 31 30 32 2 27 99 30 132 3 11 48 17 50 24 64 2 24 114 28 121 3 3 196 14 143 29 206 3 13 18 16 16 25 15
38 3 8 84 12 72 21 83 3 1 127 2 108 26 102 2 2 159 19 170 3 3 59 17 66 19 62 3 8 78 16 89 19 85 3 3 62 17 72 19 69 3 11 54 17 44 24 60 2 7 90 9 95 3 3 59 17 63 19 62 3 3 8 4 8 13 10 4 5 59 9 77 16 66 25 79 3 6 169 15 146 19 134 3 11 56 17 50 24 53 3 6 59 8 59 27 56 3 6 165 15 152 19 176 2 1 126 9 133 3 8 89 12 101 21 98 2 10 26 17 24 2 1 111 9 156 2 11 104 22 136 2 3 152 11 126 3 12 1 13 1 25 1 3 7 117 13 116 20 113 3 14 96 22 117 24 101 3 11 81 15 68 27 84 2 17 160 25 180 2 5 165 18 162 3 19 23 29 29 30 32 2 10 132 19 116 4 5 62 9 74 16 68 25 58 2 20 154 30 171 2 20 88 23 88 3 13 20 16 19 25 20 2 10 18 17 21 2 26 94 27 78 2 27 142 30 125 2 24 111 28 104 3 3 141 14 188 29 180
38 3 8 84 12 72 21 83 3 1 127 2 108 26 102 2 2 159 19 170 3 3 59 17 66 19 62 3 8 78 16 89 19 85 3 3 62 17 72 19 69 3 11 54 17 44 24 60 2 7 90 9 95 3 3 59 17 63 19 62 3 3 8 4 8 13 10 4 5 59 9 77 16 66 25 79 3 6 169 15 146 19 134 3 11 56 17 50 24 53 3 6 59 8 59 27 56 3 6 165 15 152 19 176 2 1 126 9 133 3 8 89 12 101 21 98 2 10 26 17 24 2 1 111 9 156 2 11 104 22 136 2 3 152 11 126 3 12 1 13 1 25 1 3 7 117 13 116 20 113 3 14 96 22 117 24 101 3 11 81 15 68 27 84 2 17 160 25 180 2 5 165 18 162 3 19 23 29 29 30 32 2 10 132 19 116 4 5 62 9 74 16 68 25 58 2 20 154 30 171 2 20 88 23 88 3 13 20 16 19 25 20 2 10 18 17 21 2 26 94 27 78 2 27 142 30 125 2 24 111 28 104 3 3 141 14 188 29 180
38 3 8 84 12 72 21 83 3 1 127 2 108 26 102 2 2 159 19 170 3 3 59 17 66 19 62 3 8 78 16 89 19 85 3 3 62 17 72 19 69 3 11 54 17 44 24 60 2 7 90 9 95 3 3 59 17 63 19 62 3 3 8 4 8 13 10 4 5 59 9 77 16 66 25 79 3 6 169 15 146 19 134 3 11 56 17 50 24 53 3 6 59 8 59 27 56 3 6 165 15 152 19 176 2 1 126 9 133 3 8 89 12 101 21 98 2 10 26 17 24 2 1 111 9 156 2 11 104 22 136 2 3 152 11 126 3 12 1 13 1 25 1 3 7 117 13 116 20 113 3 14 96 22 117 24 101 3 11 81 15 68 27 84 2 17 160 25 180 2 5 165 18 162 3 19 23 29 29 30 32 2 10 132 19 116 4 5 62 9 74 16 68 25 58 2 20 154 30 171 2 20 88 23 88 3 13 20 16 19 25 20 2 10 18 17 21 2 26 94 27 78 2 27 142 30 125 2 24 111 28 104 3 3 141 14 188 29 180
37 3 14 99 22 112 24 120 3 1 104 2 103 26 129 2 2 212 19 225 3 3 53 17 69 19 65 3 1 126 2 107 26 106 3 8 85 16 77 19 77 3 3 7 4 8 13 7 4 5 62 9 75 16 62 25 59 3 6 193 15 147 19 159 3 6 59 8 46 27 58 2 3 160 11 139 2 7 100 9 109 2 20 88 23 98 2 1 128 9 150 2 10 24 17 22 2 1 123 9 110 3 12 1 13 1 25 1 3 7 110 13 124 20 124 3 3 160 14 194 29 156 2 11 142 22 107 3 6 44 8 46 27 57 2 24 121 28 112 2 2 195 19 197 3 11 98 15 91 27 98 3 19 27 29 34 30 24 2 17 195 25 191 2 5 186 18 159 2 27 123 30 113 2 10 26 17 23 2 10 134 19 100 3 3 188 14 163 29 147 2 20 212 30 209 3 8 96 12 86 21 87 3 3 72 17 53 19 63 3 13 17 16 18 25 22 3 11 62 17 63 24 49 2 26 83 27 88
38 3 1 117 2 127 26 128 2 2 165 19 189 3 7 88 13 99 20 118 3 11 63 17 52 24 50 2 17 213 25 165 2 2 173 19 211 3 3 60 17 67 19 50 3 7 115 13 104 20 97 3 6 187 15 162 19 155 3 3 10 4 10 13 8 3 3 56 17 68 19 58 4 5 66 9 54 16 76 25 66 2 7 108 9 89 3 6 56 8 52 27 58 2 7 115 9 97 3 8 86 12 78 21 95 3 6 59 8 51 27 44 2 1 114 9 135 2 24 92 28 125 2 20 159 30 195 3 8 86 12 93 21 106 2 10 24 17 24 2 3 142 11 155 3 12 1 13 1 25 1 2 5 237 18 177 3 11 98 15 79 27 92 3 14 131 22 129 24 131 3 8 72 16 93 19 78 2 10 107 19 93 3 19 25 29 26 30 23 2 11 132 22 132 2 10 102 19 134 2 20 87 23 82 3 1 128 2 100 26 117 3 13 22 16 15 25 16 2 26 86 27 98 2 27 100 30 119 3 3 196 14 180 29 164
37 2 3 148 11 132 2 17 156 25 178 3 1 96 2 118 26 129 2 2 185 19 201 3 3 72 17 65 19 57 3 3 7 4 10 13 9 2 2 211 19 221 4 5 55 9 67 16 59 25 63 2 17 194 25 215 3 6 132 15 144 19 196 2 7 123 9 90 2 27 127 30 97 3 3 9 4 8 13 9 3 11 76 15 69 27 91 3 6 41 8 40 27 53 2 1 134 9 132 3 3 7 4 9 13 9 3 13 16 16 16 25 19 2 10 127 19 123 2 10 24 17 21 3 3 8 4 7 13 9 3 12 1 13 1 25 1 3 7 88 13 125 20 131 3 14 130 22 125 24 126 3 8 90 16 87 19 68 2 3 126 11 157 2 20 74 23 87 2 5 203 18 174 3 3 142 14 163 29 158 2 20 210 30 175 2 27 119 30 98 3 8 102 12 83 21 95 2 11 136 22 150 2 24 95 28 124 3 11 60 17 54 24 64 2 26 70 27 74 3 19 34 29 30 30 29
35 3 1 119 2 99 26 118 3 3 162 14 189 29 190 2 2 221 19 163 3 1 109 2 132 26 137 2 1 146 9 124 3 3 58 17 68 19 67 3 3 8 4 9 13 8 4 5 67 9 71 16 77 25 63 3 6 181 15 165 19 168 3 14 131 22 102 24 116 2 7 99 9 87 2 11 136 22 121 3 19 29 29 24 30 27 2 20 87 23 91 2 1 143 9 131 3 8 74 16 89 19 70 2 20 153 30 151 2 10 120 19 94 2 1 134 9 121 2 24 105 28 122 3 12 1 13 1 25 1 3 6 59 8 55 27 49 2 17 185 25 202 2 10 23 17 22 3 13 20 16 22 25 20 3 7 105 13 114 20 93 2 3 136 11 136 3 11 69 15 96 27 71 2 5 217 18 214 2 1 128 9 110 3 8 104 12 80 21 76 2 26 83 27 75 2 10 103 19 121 3 11 59 17 56 24 56 2 27 110 30 132
35 3 1 119 2 99 26 118 3 3 162 14 189 29 190 2 2 221 19 163 3 1 109 2 132 26 137 2 1 146 9 124 3 3 58 17 68 19 67 3 3 8 4 9 13 8 4 5 67 9 71 16 77 25 63 3 6 181 15 165 19 168 3 14 131 22 102 24 116 2 7 99 9 87 2 11 136 22 121 3 19 29 29 24 30 27 2 20 87 23 91 2 1 143 9 131 3 8 74 16 89 19 70 2 20 153 30 151 2 10 120 19 94 2 1 134 9 121 2 24 105 28 122 3 12 1 13 1 25 1 3 6 59 8 55 27 49 2 17 185 25 202 2 10 23 17 22 3 13 20 16 22 25 20 3 7 105 13 114 20 93 2 3 136 11 136 3 11 69 15 96 27 71 2 5 217 18 214 2 1 128 9 110 3 8 104 12 80 21 76 2 26 83 27 75 2 10 103 19 121 3 11 59 17 56 24 56 2 27 110 30 132
34 3 1 122 2 137 26 106 3 19 34 29 28 30 30 2 2 196 19 198 3 13 21 16 18 25 18 3 3 66 17 54 19 57 4 5 55 9 75 16 67 25 62 3 3 8 4 10 13 9 3 3 73 17 60 19 50 3 3 158 14 153 29 183 3 11 68 15 80 27 87 3 6 134 15 147 19 134 3 11 64 17 50 24 57 2 20 86 23 74 2 7 104 9 117 3 8 78 16 72 19 93 3 6 54 8 42 27 58 2 1 160 9 112 2 10 24 17 24 2 3 155 11 118 3 14 124 22 102 24 93 3 13 19 16 16 25 20 3 12 1 13 1 25 1 3 7 101 13 127 20 93 2 17 203 25 181 2 5 229 18 222 3 6 186 15 188 19 132 2 10 128 19 98 2 20 161 30 147 3 8 74 12 71 21 72 2 11 150 22 125 2 26 76 27 72 3 8 106 12 85 21 104 2 24 116 28 88 2 27 104 30 136
34 3 1 122 2 137 26 106 3 19 34 29 28 30 30 2 2 196 19 198 3 13 21 16 18 25 18 3 3 66 17 54 19 57 4 5 55 9 75 16 67 25 62 3 3 8 4 10 13 9 3 3 73 17 60 19 50 3 3 158 14 153 29 183 3 11 68 15 80 27 87 3 6 134 15 147 19 134 3 11 64 17 50 24 57 2 20 86 23 74 2 7 104 9 117 3 8 78 16 72 19 93 3 6 54 8 42 27 58 2 1 160 9 112 2 10 24 17 24 2 3 155 11 118 3 14 124 22 102 24 93 3 13 19 16 16 25 20 3 12 1 13 1 25 1 3 7 101 13 127 20 93 2 17 203 25 181 2 5 229 18 222 3 6 186 15 188 19 132 2 10 128 19 98 2 20 161 30 147 3 8 74 12 71 21 72 2 11 150 22 125 2 26 76 27 72 3 8 106 12 85 21 104 2 24 116 28 88 2 27 104 30 136
34 3 1 122 2 137 26 106 3 19 34 29 28 30 30 2 2 196 19 198 3 13 21 16 18 25 18 3 3 66 17 54 19 57 4 5 55 9 75 16 67 25 62 3 3 8 4 10 13 9 3 3 73 17 60 19 50 3 3 158 14 153 29 183 3 11 68 15 80 27 87 3 6 134 15 147 19 134 3 11 64 17 50 24 57 2 20 86 23 74 2 7 104 9 117 3 8 78 16 72 19 93 3 6 54 8 42 27 58 2 1 160 9 112 2 10 24 17 24 2 3 155 11 118 3 14 124 22 102 24 93 3 13 19 16 16 25 20 3 12 1 13 1 25 1 3 7 101 13 127 20 93 2 17 203 25 181 2 5 229 18 222 3 6 186 15 188 19 132 2 10 128 19 98 2 20 161 30 147 3 8 74 12 71 21 72 2 11 150 22 125 2 26 76 27 72 3 8 106 12 85 21 104 2 24 116 28 88 2 27 104 30 136
35 3 1 99 2 124 26 117 3 3 160 14 198 29 149 2 2 208 19 168 3 1 117 2 137 26 104 2 1 135 9 148 3 3 60 17 62 19 49 3 3 8 4 9 13 9 4 5 64 9 72 16 62 25 63 3 6 143 15 165 19 185 3 14 101 22 117 24 114 2 7 89 9 112 2 11 113 22 146 3 19 32 29 33 30 28 2 20 110 23 100 2 1 122 9 151 3 8 94 16 89 19 73 2 20 201 30 191 2 10 123 19 113 2 1 151 9 127 2 24 113 28 108 3 12 1 13 1 25 1 3 6 40 8 47 27 49 2 17 200 25 164 2 10 24 17 25 3 13 17 16 22 25 15 3 7 103 13 91 20 122 2 3 118 11 122 3 11 78 15 91 27 74 2 5 161 18 167 2 1 137 9 132 3 8 101 12 74 21 74 2 26 71 27 79 2 10 103 19 103 3 11 44 17 63 24 61 2 27 129 30 124
35 3 1 99 2 124 26 117 3 3 160 14 198 29 149 2 2 208 19 168 3 1 117 2 137 26 104 2 1 135 9 148 3 3 60 17 62 19 49 3 3 8 4 9 13 9 4 5 64 9 72 16 62 25 63 3 6 143 15 165 19 185 3 14 101 22 117 24 114 2 7 89 9 112 2 11 113 22 146 3 19 32 29 33 30 28 2 20 110 23 100 2 1 122 9 151 3 8 94 16 89 19 73 2 20 201 30 191 2 10 123 19 113 2 1 151 9 127 2 24 113 28 108 3 12 1 13 1 25 1 3 6 40 8 47 27 49 2 17 200 25 164 2 10 24 17 25 3 13 17 16 22 25 15 3 7 103 13 91 20 122 2 3 118 11 122 3 11 78 15 91 27 74 2 5 161 18 167 2 1 137 9 132 3 8 101 12 74 21 74 2 26 71 27 79 2 10 103 19 103 3 11 44 17 63 24 61 2 27 129 30 124
36 3 1 129 2 113 26 120 2 26 81 27 67 2 20 83 23 77 3 3 49 17 62 19 48 2 2 157 19 203 2 26 70 27 70 2 17 164 25 165 3 3 10 4 8 13 7 4 5 62 9 72 16 59 25 64 2 24 102 28 98 2 5 173 18 160 2 24 115 28 87 3 6 161 15 162 19 146 3 3 147 14 153 29 207 2 17 207 25 210 2 10 126 19 122 3 11 91 15 70 27 73 2 7 109 9 106 3 6 44 8 56 27 51 3 1 125 2 92 26 104 2 1 122 9 143 2 10 19 17 20 2 3 149 11 121 3 7 104 13 117 20 98 3 1 119 2 124 26 119 3 12 1 13 1 25 1 3 3 138 14 174 29 165 3 14 104 22 104 24 124 3 8 68 16 74 19 81 2 20 194 30 173 3 8 102 12 76 21 98 2 11 104 22 112 2 27 128 30 127 3 11 58 17 43 24 58 3 13 22 16 21 25 22 3 19 27 29 31 30 26
34 3 1 118 2 108 26 104 2 2 155 19 200 3 3 71 17 67 19 68 3 3 155 14 173 29 180 3 6 51 8 50 27 45 2 2 231 19 208 3 3 10 4 10 13 7 4 5 77 9 74 16 68 25 73 3 6 147 15 190 19 172 3 8 88 16 93 19 85 3 11 70 15 68 27 74 2 7 90 9 122 2 1 150 9 131 2 10 19 17 21 2 3 145 11 152 3 12 1 13 1 25 1 3 3 9 4 9 13 10 3 7 125 13 129 20 95 3 14 97 22 99 24 115 3 3 199 14 144 29 186 2 17 219 25 195 2 5 199 18 172 2 10 123 19 102 2 20 191 30 167 3 11 56 17 48 24 61 3 8 105 12 97 21 78 2 26 68 27 95 2 11 129 22 113 2 20 83 23 90 3 13 18 16 22 25 21 2 2 201 19 192 2 27 129 30 104 2 24 92 28 114 3 19 32 29 25 30 27
34 3 1 118 2 108 26 104 2 2 155 19 200 3 3 71 17 67 19 68 3 3 155 14 173 29 180 3 6 51 8 50 27 45 2 2 231 19 208 3 3 10 4 10 13 7 4 5 77 9 74 16 68 25 73 3 6 147 15 190 19 172 3 8 88 16 93 19 85 3 11 70 15 68 27 74 2 7 90 9 122 2 1 150 9 131 2 10 19 17 21 2 3 145 11 152 3 12 1 13 1 25 1 3 3 9 4 9 13 10 3 7 125 13 129 20 95 3 14 97 22 99 24 115 3 3 199 14 144 29 186 2 17 219 25 195 2 5 199 18 172 2 10 123 19 102 2 20 191 30 167 3 11 56 17 48 24 61 3 8 105 12 97 21 78 2 26 68 27 95 2 11 129 22 113 2 20 83 23 90 3 13 18 16 22 25 21 2 2 201 19 192 2 27 129 30 104 2 24 92 28 114 3 19 32 29 25 30 27
34 3 1 118 2 108 26 104 2 2 155 19 200 3 3 71 17 67 19 68 3 3 155 14 173 29 180 3 6 51 8 50 27 45 2 2 231 19 208 3 3 10 4 10 13 7 4 5 77 9 74 16 68 25 73 3 6 147 15 190 19 172 3 8 88 16 93 19 85 3 11 70 15 68 27 74 2 7 90 9 122 2 1 150 9 131 2 10 19 17 21 2 3 145 11 152 3 12 1 13 1 25 1 3 3 9 4 9 13 10 3 7 125 13 129 20 95 3 14 97 22 99 24 115 3 3 199 14 144 29 186 2 17 219 25 195 2 5 199 18 172 2 10 123 19 102 2 20 191 30 167 3 11 56 17 48 24 61 3 8 105 12 97 21 78 2 26 68 27 95 2 11 129 22 113 2 20 83 23 90 3 13 18 16 22 25 21 2 2 201 19 192 2 27 129 30 104 2 24 92 28 114 3 19 32 29 25 30 27
34 3 1 118 2 108 26 104 2 2 155 19 200 3 3 71 17 67 19 68 3 3 155 14 173 29 180 3 6 51 8 50 27 45 2 2 231 19 208 3 3 10 4 10 13 7 4 5 77 9 74 16 68 25 73 3 6 147 15 190 19 172 3 8 88 16 93 19 85 3 11 70 15 68 27 74 2 7 90 9 122 2 1 150 9 131 2 10 19 17 21 2 3 145 11 152 3 12 1 13 1 25 1 3 3 9 4 9 13 10 3 7 125 13 129 20 95 3 14 97 22 99 24 115 3 3 199 14 144 29 186 2 17 219 25 195 2 5 199 18 172 2 10 123 19 102 2 20 191 30 167 3 11 56 17 48 24 61 3 8 105 12 97 21 78 2 26 68 27 95 2 11 129 22 113 2 20 83 23 90 3 13 18 16 22 25 21 2 2 201 19 192 2 27 129 30 104 2 24 92 28 114 3 19 32 29 25 30 27
36 2 26 72 27 85 4 5 61 9 66 16 64 25 70 3 1 113 2 95 26 101 2 2 221 19 165 3 3 59 17 59 19 71 2 1 152 9 120 2 2 199 19 162 3 3 9 4 7 13 9 2 1 117 9 145 3 6 134 15 161 19 174 2 26 70 27 97 2 7 110 9 121 2 3 117 11 150 3 6 48 8 55 27 59 2 10 26 17 26 3 8 75 12 100 21 100 3 12 1 13 1 25 1 2 10 26 17 24 3 7 129 13 113 20 124 2 11 108 22 142 3 14 103 22 128 24 93 2 20 195 30 195 3 11 96 15 84 27 98 3 8 75 16 80 19 96 2 17 201 25 179 3 13 21 16 15 25 20 3 12 1 13 1 25 1 2 5 210 18 160 3 3 67 17 48 19 66 2 10 107 19 93 2 20 96 23 96 3 11 61 17 48 24 64 3 19 31 29 29 30 23 2 27 124 30 133 2 24 100 28 87 3 3 162 14 171 29 201
36 2 26 72 27 85 4 5 61 9 66 16 64 25 70 3 1 113 2 95 26 101 2 2 221 19 165 3 3 59 17 59 19 71 2 1 152 9 120 2 2 199 19 162 3 3 9 4 7 13 9 2 1 117 9 145 3 6 134 15 161 19 174 2 26 70 27 97 2 7 110 9 121 2 3 117 11 150 3 6 48 8 55 27 59 2 10 26 17 26 3 8 75 12 100 21 100 3 12 1 13 1 25 1 2 10 26 17 24 3 7 129 13 113 20 124 2 11 108 22 142 3 14 103 22 128 24 93 2 20 195 30 195 3 11 96 15 84 27 98 3 8 75 16 80 19 96 2 17 201 25 179 3 13 21 16 15 25 20 3 12 1 13 1 25 1 2 5 210 18 160 3 3 67 17 48 19 66 2 10 107 19 93 2 20 96 23 96 3 11 61 17 48 24 64 3 19 31 29 29 30 23 2 27 124 30 133 2 24 100 28 87 3 3 162 14 171 29 201
36 2 26 72 27 85 4 5 61 9 66 16 64 25 70 3 1 113 2 95 26 101 2 2 221 19 165 3 3 59 17 59 19 71 2 1 152 9 120 2 2 199 19 162 3 3 9 4 7 13 9 2 1 117 9 145 3 6 134 15 161 19 174 2 26 70 27 97 2 7 110 9 121 2 3 117 11 150 3 6 48 8 55 27 59 2 10 26 17 26 3 8 75 12 100 21 100 3 12 1 13 1 25 1 2 10 26 17 24 3 7 129 13 113 20 124 2 11 108 22 142 3 14 103 22 128 24 93 2 20 195 30 195 3 11 96 15 84 27 98 3 8 75 16 80 19 96 2 17 201 25 179 3 13 21 16 15 25 20 3 12 1 13 1 25 1 2 5 210 18 160 3 3 67 17 48 19 66 2 10 107 19 93 2 20 96 23 96 3 11 61 17 48 24 64 3 19 31 29 29 30 23 2 27 124 30 133 2 24 100 28 87 3 3 162 14 171 29 201
36 3 1 136 2 120 26 125 2 20 102 23 84 2 2 175 19 222 3 6 52 8 58 27 52 3 3 58 17 49 19 53 3 3 7 4 9 13 7 3 3 69 17 64 19 68 4 5 78 9 79 16 61 25 74 2 3 127 11 152 2 20 160 30 199 3 1 101 2 104 26 118 2 10 20 17 20 3 6 175 15 189 19 173 2 27 119 30 108 4 5 68 9 69 16 71 25 62 2 7 90 9 102 2 20 78 23 98 2 1 144 9 118 2 10 102 19 119 3 6 44 8 48 27 49 3 12 1 13 1 25 1 3 11 83 15 78 27 95 3 7 124 13 102 20 104 3 14 101 22 107 24 90 4 5 58 9 58 16 64 25 64 3 8 82 16 72 19 83 2 17 160 25 195 2 11 134 22 143 3 13 22 16 17 25 16 2 5 182 18 214 3 8 102 12 83 21 80 3 11 52 17 43 24 55 2 26 94 27 75 3 19 25 29 33 30 32 2 24 128 28 117 3 3 203 14 160 29 183
36 3 1 136 2 120 26 125 2 20 102 23 84 2 2 175 19 222 3 6 52 8 58 27 52 3 3 58 17 49 19 53 3 3 7 4 9 13 7 3 3 69 17 64 19 68 4 5 78 9 79 16 61 25 74 2 3 127 11 152 2 20 160 30 199 3 1 101 2 104 26 118 2 10 20 17 20 3 6 175 15 189 19 173 2 27 119 30 108 4 5 68 9 69 16 71 25 62 2 7 90 9 102 2 20 78 23 98 2 1 144 9 118 2 10 102 19 119 3 6 44 8 48 27 49 3 12 1 13 1 25 1 3 11 83 15 78 27 95 3 7 124 13 102 20 104 3 14 101 22 107 24 90 4 5 58 9 58 16 64 25 64 3 8 82 16 72 19 83 2 17 160 25 195 2 11 134 22 143 3 13 22 16 17 25 16 2 5 182 18 214 3 8 102 12 83 21 80 3 11 52 17 43 24 55 2 26 94 27 75 3 19 25 29 33 30 32 2 24 128 28 117 3 3 203 14 160 29 183
36 3 1 136 2 120 26 125 2 20 102 23 84 2 2 175 19 222 3 6 52 8 58 27 52 3 3 58 17 49 19 53 3 3 7 4 9 13 7 3 3 69 17 64 19 68 4 5 78 9 79 16 61 25 74 2 3 127 11 152 2 20 160 30 199 3 1 101 2 104 26 118 2 10 20 17 20 3 6 175 15 189 19 173 2 27 119 30 108 4 5 68 9 69 16 71 25 62 2 7 90 9 102 2 20 78 23 98 2 1 144 9 118 2 10 102 19 119 3 6 44 8 48 27 49 3 12 1 13 1 25 1 3 11 83 15 78 27 95 3 7 124 13 102 20 104 3 14 101 22 107 24 90 4 5 58 9 58 16 64 25 64 3 8 82 16 72 19 83 2 17 160 25 195 2 11 134 22 143 3 13 22 16 17 25 16 2 5 182 18 214 3 8 102 12 83 21 80 3 11 52 17 43 24 55 2 26 94 27 75 3 19 25 29 33 30 32 2 24 128 28 117 3 3 203 14 160 29 183
38 3 8 106 12 76 21 106 3 1 136 2 105 26 102 2 2 156 19 196 3 3 64 17 52 19 63 3 8 91 16 82 19 65 3 3 52 17 56 19 50 3 11 56 17 60 24 64 2 7 116 9 105 3 3 66 17 71 19 51 3 3 7 4 8 13 9 4 5 71 9 73 16 59 25 81 3 6 141 15 197 19 160 3 11 44 17 53 24 49 3 6 55 8 59 27 55 3 6 162 15 197 19 144 2 1 133 9 132 3 8 82 12 77 21 76 2 10 18 17 18 2 1 117 9 132 2 11 135 22 121 2 3 116 11 160 3 12 1 13 1 25 1 3 7 96 13 106 20 118 3 14 113 22 122 24 107 3 11 83 15 79 27 96 2 17 162 25 212 2 5 188 18 215 3 19 28 29 26 30 32 2 10 94 19 92 4 5 55 9 78 16 62 25 60 2 20 214 30 169 2 20 96 23 110 3 13 22 16 16 25 20 2 10 18 17 19 2 26 80 27 94 2 27 101 30 140 2 24 92 28 95 3 3 194 14 168 29 190
36 3 1 122 2 126 26 114 2 26 74 27 69 2 20 82 23 92 3 3 53 17 72 19 67 2 2 213 19 224 2 26 96 27 77 2 17 191 25 167 3 3 8 4 9 13 10 4 5 56 9 70 16 79 25 72 2 24 120 28 97 2 5 236 18 209 2 24 113 28 115 3 6 191 15 137 19 183 3 3 142 14 192 29 203 2 17 206 25 199 2 10 126 19 90 3 11 74 15 89 27 68 2 7 121 9 117 3 6 51 8 56 27 46 3 1 132 2 93 26 102 2 1 122 9 135 2 10 20 17 26 2 3 161 11 118 3 7 128 13 126 20 122 3 1 125 2 127 26 102 3 12 1 13 1 25 1 3 3 193 14 148 29 151 3 14 118 22 90 24 118 3 8 91 16 94 19 78 2 20 186 30 151 3 8 99 12 78 21 81 2 11 103 22 149 2 27 130 30 140 3 11 59 17 44 24 53 3 13 16 16 16 25 21 3 19 25 29 34 30 26
34 3 1 110 2 102 26 97 2 20 108 23 91 2 1 134 9 153 2 2 191 19 190 3 6 197 15 163 19 193 2 7 91 9 94 2 1 112 9 122 3 3 48 17 61 19 62 3 14 95 22 108 24 91 3 3 9 4 8 13 8 4 5 74 9 73 16 57 25 71 3 6 58 8 53 27 42 2 10 25 17 26 2 3 131 11 139 3 12 1 13 1 25 1 3 3 143 14 183 29 187 2 10 130 19 116 4 5 59 9 78 16 76 25 59 3 8 79 12 96 21 82 3 7 112 13 91 20 89 2 11 129 22 139 3 11 68 15 85 27 91 2 27 141 30 123 3 6 174 15 166 19 182 3 8 87 16 90 19 75 2 17 154 25 161 3 8 102 12 99 21 104 2 5 217 18 197 2 20 167 30 199 3 11 58 17 57 24 43 3 13 17 16 21 25 22 2 26 76 27 83 2 24 126 28 91 3 19 23 29 25 30 30
34 3 1 110 2 102 26 97 2 20 108 23 91 2 1 134 9 153 2 2 191 19 190 3 6 197 15 163 19 193 2 7 91 9 94 2 1 112 9 122 3 3 48 17 61 19 62 3 14 95 22 108 24 91 3 3 9 4 8 13 8 4 5 74 9 73 16 57 25 71 3 6 58 8 53 27 42 2 10 25 17 26 2 3 131 11 139 3 12 1 13 1 25 1 3 3 143 14 183 29 187 2 10 130 19 116 4 5 59 9 78 16 76 25 59 3 8 79 12 96 21 82 3 7 112 13 91 20 89 2 11 129 22 139 3 11 68 15 85 27 91 2 27 141 30 123 3 6 174 15 166 19 182 3 8 87 16 90 19 75 2 17 154 25 161 3 8 102 12 99 21 104 2 5 217 18 197 2 20 167 30 199 3 11 58 17 57 24 43 3 13 17 16 21 25 22 2 26 76 27 83 2 24 126 28 91 3 19 23 29 25 30 30
34 3 1 110 2 102 26 97 2 20 108 23 91 2 1 134 9 153 2 2 191 19 190 3 6 197 15 163 19 193 2 7 91 9 94 2 1 112 9 122 3 3 48 17 61 19 62 3 14 95 22 108 24 91 3 3 9 4 8 13 8 4 5 74 9 73 16 57 25 71 3 6 58 8 53 27 42 2 10 25 17 26 2 3 131 11 139 3 12 1 13 1 25 1 3 3 143 14 183 29 187 2 10 130 19 116 4 5 59 9 78 16 76 25 59 3 8 79 12 96 21 82 3 7 112 13 91 20 89 2 11 129 22 139 3 11 68 15 85 27 91 2 27 141 30 123 3 6 174 15 166 19 182 3 8 87 16 90 19 75 2 17 154 25 161 3 8 102 12 99 21 104 2 5 217 18 197 2 20 167 30 199 3 11 58 17 57 24 43 3 13 17 16 21 25 22 2 26 76 27 83 2 24 126 28 91 3 19 23 29 25 30 30
36 2 26 91 27 99 4 5 76 9 58 16 80 25 66 3 1 117 2 115 26 123 2 2 206 19 174 3 3 57 17 62 19 54 2 1 151 9 129 2 2 229 19 193 3 3 10 4 10 13 10 2 1 113 9 135 3 6 141 15 136 19 170 2 26 99 27 78 2 7 97 9 85 2 3 171 11 150 3 6 46 8 52 27 57 2 10 26 17 18 3 8 86 12 77 21 82 3 12 1 13 1 25 1 2 10 23 17 26 3 7 90 13 91 20 91 2 11 122 22 123 3 14 93 22 131 24 105 2 20 198 30 168 3 11 92 15 73 27 84 3 8 92 16 75 19 77 2 17 225 25 195 3 13 21 16 20 25 22 3 12 1 13 1 25 1 2 5 184 18 168 3 3 65 17 60 19 69 2 10 114 19 107 2 20 98 23 103 3 11 57 17 47 24 59 3 19 26 29 28 30 30 2 27 108 30 134 2 24 126 28 115 3 3 145 14 148 29 206
36 2 26 91 27 99 4 5 76 9 58 16 80 25 66 3 1 117 2 115 26 123 2 2 206 19 174 3 3 57 17 62 19 54 2 1 151 9 129 2 2 229 19 193 3 3 10 4 10 13 10 2 1 113 9 135 3 6 141 15 136 19 170 2 26 99 27 78 2 7 97 9 85 2 3 171 11 150 3 6 46 8 52 27 57 2 10 26 17 18 3 8 86 12 77 21 82 3 12 1 13 1 25 1 2 10 23 17 26 3 7 90 13 91 20 91 2 11 122 22 123 3 14 93 22 131 24 105 2 20 198 30 168 3 11 92 15 73 27 84 3 8 92 16 75 19 77 2 17 225 25 195 3 13 21 16 20 25 22 3 12 1 13 1 25 1 2 5 184 18 168 3 3 65 17 60 19 69 2 10 114 19 107 2 20 98 23 103 3 11 57 17 47 24 59 3 19 26 29 28 30 30 2 27 108 30 134 2 24 126 28 115 3 3 145 14 148 29 206
33 3 1 126 2 94 26 99 3 7 107 13 101 20 130 2 1 107 9 142 2 2 169 19 223 2 3 161 11 166 3 8 89 16 94 19 88 3 3 67 17 70 19 49 2 5 163 18 194 3 3 9 4 8 13 8 3 13 17 16 21 25 20 4 5 77 9 72 16 77 25 66 3 11 48 17 59 24 49 3 6 174 15 147 19 187 2 7 100 9 118 3 6 55 8 48 27 53 2 10 25 17 22 3 11 63 17 52 24 62 3 3 174 14 182 29 195 3 8 99 12 72 21 81 2 10 26 17 19 2 10 119 19 129 3 12 1 13 1 25 1 2 24 118 28 127 2 26 73 27 78 3 19 32 29 25 30 27 3 14 128 22 105 24 113 2 27 110 30 109 3 11 88 15 86 27 76 2 24 121 28 126 2 17 154 25 219 2 20 100 23 108 2 20 195 30 164 2 11 107 22 120
34 3 1 113 2 119 26 126 2 2 164 19 180 3 3 69 17 54 19 63 3 3 167 14 141 29 205 3 6 40 8 56 27 44 2 2 156 19 199 3 3 9 4 8 13 8 4 5 68 9 77 16 56 25 78 3 6 152 15 176 19 176 3 8 73 16 93 19 71 3 11 93 15 89 27 85 2 7 122 9 96 2 1 151 9 121 2 10 23 17 19 2 3 116 11 173 3 12 1 13 1 25 1 3 3 9 4 8 13 7 3 7 127 13 100 20 104 3 14 130 22 108 24 112 3 3 184 14 156 29 167 2 17 167 25 226 2 5 184 18 178 2 10 132 19 130 2 20 165 30 162 3 11 47 17 61 24 47 3 8 86 12 86 21 76 2 26 90 27 83 2 11 129 22 105 2 20 80 23 99 3 13 16 16 20 25 17 2 2 193 19 199 2 27 106 30 110 2 24 125 28 109 3 19 25 29 31 30 26
37 2 3 119 11 158 2 17 191 25 153 3 1 136 2 93 26 99 2 2 168 19 199 3 3 61 17 70 19 67 3 3 9 4 9 13 10 2 2 190 19 200 4 5 80 9 56 16 56 25 60 2 17 217 25 174 3 6 176 15 180 19 139 2 7 90 9 100 2 27 103 30 124 3 3 8 4 7 13 9 3 11 87 15 99 27 68 3 6 58 8 50 27 58 2 1 121 9 112 3 3 8 4 10 13 8 3 13 19 16 16 25 21 2 10 94 19 132 2 10 22 17 21 3 3 10 4 10 13 8 3 12 1 13 1 25 1 3 7 107 13 88 20 88 3 14 109 22 112 24 100 3 8 72 16 74 19 77 2 3 129 11 116 2 20 80 23 108 2 5 216 18 201 3 3 145 14 151 29 204 2 20 160 30 159 2 27 99 30 106 3 8 99 12 87 21 89 2 11 112 22 129 2 24 96 28 116 3 11 60 17 53 24 64 2 26 78 27 87 3 19 27 29 33 30 27
37 2 3 119 11 158 2 17 191 25 153 3 1 136 2 93 26 99 2 2 168 19 199 3 3 61 17 70 19 67 3 3 9 4 9 13 10 2 2 190 19 200 4 5 80 9 56 16 56 25 60 2 17 217 25 174 3 6 176 15 180 19 139 2 7 90 9 100 2 27 103 30 124 3 3 8 4 7 13 9 3 11 87 15 99 27 68 3 6 58 8 50 27 58 2 1 121 9 112 3 3 8 4 10 13 8 3 13 19 16 16 25 21 2 10 94 19 132 2 10 22 17 21 3 3 10 4 10 13 8 3 12 1 13 1 25 1 3 7 107 13 88 20 88 3 14 109 22 112 24 100 3 8 72 16 74 19 77 2 3 129 11 116 2 20 80 23 108 2 5 216 18 201 3 3 145 14 151 29 204 2 20 160 30 159 2 27 99 30 106 3 8 99 12 87 21 89 2 11 112 22 129 2 24 96 28 116 3 11 60 17 53 24 64 2 26 78 27 87 3 19 27 29 33 30 27
37 2 3 125 11 165 2 17 161 25 197 3 1 112 2 112 26 98 2 2 160 19 163 3 3 58 17 53 19 49 3 3 8 4 9 13 9 2 2 229 19 207 4 5 58 9 65 16 79 25 77 2 17 165 25 188 3 6 164 15 163 19 143 2 7 116 9 107 2 27 130 30 125 3 3 10 4 8 13 7 3 11 97 15 75 27 99 3 6 45 8 52 27 41 2 1 157 9 109 3 3 8 4 8 13 7 3 13 16 16 18 25 18 2 10 120 19 123 2 10 26 17 25 3 3 9 4 9 13 8 3 12 1 13 1 25 1 3 7 91 13 126 20 100 3 14 95 22 122 24 115 3 8 72 16 89 19 91 2 3 132 11 142 2 20 106 23 86 2 5 184 18 236 3 3 169 14 187 29 150 2 20 171 30 153 2 27 100 30 98 3 8 84 12 72 21 93 2 11 121 22 138 2 24 93 28 126 3 11 51 17 64 24 46 2 26 85 27 95 3 19 34 29 30 30 27
37 2 3 138 11 126 2 17 184 25 175 3 1 99 2 126 26 112 2 2 210 19 208 3 3 66 17 64 19 53 3 3 9 4 7 13 10 2 2 188 19 225 4 5 60 9 65 16 56 25 58 2 17 156 25 207 3 6 185 15 157 19 133 2 7 115 9 118 2 27 116 30 126 3 3 8 4 7 13 7 3 11 97 15 89 27 90 3 6 50 8 45 27 46 2 1 141 9 108 3 3 8 4 9 13 10 3 13 15 16 21 25 21 2 10 103 19 106 2 10 26 17 22 3 3 8 4 10 13 7 3 12 1 13 1 25 1 3 7 92 13 109 20 93 3 14 109 22 101 24 95 3 8 68 16 70 19 72 2 3 159 11 147 2 20 105 23 101 2 5 214 18 202 3 3 173 14 147 29 144 2 20 211 30 194 2 27 123 30 98 3 8 85 12 97 21 102 2 11 105 22 138 2 24 126 28 93 3 11 49 17 46 24 57 2 26 78 27 80 3 19 25 29 29 30 34
38 3 8 90 12 81 21 90 3 1 105 2 106 26 118 2 2 189 19 168 3 3 53 17 49 19 49 3 8 81 16 79 19 96 3 3 49 17 71 19 59 3 11 56 17 57 24 50 2 7 90 9 92 3 3 62 17 53 19 69 3 3 9 4 10 13 10 4 5 71 9 64 16 66 25 61 3 6 147 15 197 19 152 3 11 61 17 43 24 44 3 6 55 8 57 27 41 3 6 176 15 149 19 173 2 1 154 9 155 3 8 97 12 74 21 84 2 10 27 17 18 2 1 119 9 156 2 11 146 22 147 2 3 154 11 168 3 12 1 13 1 25 1 3 7 95 13 103 20 99 3 14 125 22 130 24 102 3 11 77 15 74 27 90 2 17 202 25 179 2 5 207 18 197 3 19 23 29 32 30 29 2 10 100 19 126 4 5 56 9 74 16 57 25 67 2 20 201 30 170 2 20 90 23 87 3 13 16 16 19 25 15 2 10 19 17 21 2 26 67 27 87 2 27 123 30 134 2 24 121 28 96 3 3 142 14 175 29 174
32 4 5 80 9 64 16 76 25 65 3 1 104 2 114 26 102 2 2 203 19 165 3 1 126 2 130 26 119 3 3 64 17 58 19 71 2 20 109 23 108 2 2 169 19 154 3 3 10 4 10 13 8 2 17 163 25 156 2 7 99 9 100 3 12 1 13 1 25 1 3 6 185 15 196 19 182 3 6 53 8 43 27 46 2 1 131 9 150 2 10 21 17 23 2 3 160 11 159 3 7 105 13 121 20 118 3 14 101 22 116 24 102 2 26 97 27 86 3 11 85 15 67 27 87 3 8 80 16 88 19 90 2 5 187 18 176 3 8 99 12 83 21 95 2 10 119 19 131 2 20 167 30 148 2 11 135 22 113 3 19 32 29 24 30 26 2 27 98 30 143 3 11 54 17 50 24 49 2 24 110 28 94 3 3 179 14 154 29 185 3 13 22 16 22 25 15
32 4 5 80 9 64 16 76 25 65 3 1 104 2 114 26 102 2 2 203 19 165 3 1 126 2 130 26 119 3 3 64 17 58 19 71 2 20 109 23 108 2 2 169 19 154 3 3 10 4 10 13 8 2 17 163 25 156 2 7 99 9 100 3 12 1 13 1 25 1 3 6 185 15 196 19 182 3 6 53 8 43 27 46 2 1 131 9 150 2 10 21 17 23 2 3 160 11 159 3 7 105 13 121 20 118 3 14 101 22 116 24 102 2 26 97 27 86 3 11 85 15 67 27 87 3 8 80 16 88 19 90 2 5 187 18 176 3 8 99 12 83 21 95 2 10 119 19 131 2 20 167 30 148 2 11 135 22 113 3 19 32 29 24 30 26 2 27 98 30 143 3 11 54 17 50 24 49 2 24 110 28 94 3 3 179 14 154 29 185 3 13 22 16 22 25 15
DUE_DATES: 4147 4147 3795 3988 4307 4307 4119 4119 3823 3823 4005 4005 4005 4309 4347 4150 4081 4081 3724 3724 3724 4059 4059 4113 4064 4064 4064 4064 3946 3946 3946 3913 3913 3913 4103 4360 3894 3894 3894 3971 3971 3663 3986 4005 4005 4099 4127 4135 3712 3712
WEIGHTS: 3 2 2 3 1 1 2 3 1 1 1 1 1 3 2 3 1 1 1 3 1 3 2 2 3 1 1 2 2 3 2 3 2 3 2 3 3 2 3 2 3 1 3 3 2 1 2 3 3 1
