50 30
36 2 1 98 23 90 3 2 158 17 145 24 119 3 6 123 19 114 25 161 2 14 109 25 91 2 3 137 15 197 3 4 147 8 112 18 143 2 5 87 22 76 2 7 115 20 91 3 6 120 7 113 28 109 2 14 78 25 83 2 8 114 11 102 2 9 155 16 180 3 10 25 13 26 27 27 3 11 178 13 234 20 205 3 11 38 12 42 24 38 3 1 23 10 31 13 24 3 11 124 24 114 30 117 3 14 63 20 77 24 74 2 8 116 23 97 3 11 235 13 227 20 169 2 22 107 27 105 2 7 111 20 108 3 4 139 14 132 15 112 3 2 156 7 217 21 186 3 1 27 10 28 13 26 3 17 171 23 199 28 189 2 8 142 11 146 2 12 110 15 103 3 4 18 17 16 29 14 3 2 1 16 1 23 1 3 1 70 18 52 29 51 3 13 154 19 116 22 169 3 6 121 19 141 25 144 3 2 116 8 115 26 106 1 27 46 2 10 169 29 170
38 3 4 124 14 120 15 134 2 1 85 23 110 3 1 57 18 52 29 58 2 1 95 23 116 3 2 108 17 144 24 124 2 3 135 15 145 3 14 83 20 75 24 63 3 2 128 17 136 24 161 3 4 130 8 125 18 156 2 5 65 22 76 3 6 112 19 144 25 126 3 4 19 17 15 29 17 2 3 147 15 160 3 6 155 7 135 28 148 3 6 112 19 144 25 150 2 8 128 11 126 2 9 153 16 169 3 14 87 20 62 24 73 3 11 103 24 100 30 84 3 10 35 13 29 27 24 2 3 164 15 175 3 11 160 13 166 20 199 3 11 53 12 45 24 51 3 1 24 10 26 13 25 3 13 136 19 139 22 143 2 22 85 27 101 3 13 144 19 155 22 116 2 12 97 15 83 3 2 1 16 1 23 1 2 14 86 25 103 2 8 137 23 111 3 11 52 12 45 24 49 2 7 100 20 112 1 27 56 3 2 169 7 162 21 192 3 2 149 8 133 26 138 3 17 222 23 209 28 180 2 10 130 29 141
38 3 4 124 14 120 15 134 2 1 85 23 110 3 1 57 18 52 29 58 2 1 95 23 116 3 2 108 17 144 24 124 2 3 135 15 145 3 14 83 20 75 24 63 3 2 128 17 136 24 161 3 4 130 8 125 18 156 2 5 65 22 76 3 6 112 19 144 25 126 3 4 19 17 15 29 17 2 3 147 15 160 3 6 155 7 135 28 148 3 6 112 19 144 25 150 2 8 128 11 126 2 9 153 16 169 3 14 87 20 62 24 73 3 11 103 24 100 30 84 3 10 35 13 29 27 24 2 3 164 15 175 3 11 160 13 166 20 199 3 11 53 12 45 24 51 3 1 24 10 26 13 25 3 13 136 19 139 22 143 2 22 85 27 101 3 13 144 19 155 22 116 2 12 97 15 83 3 2 1 16 1 23 1 2 14 86 25 103 2 8 137 23 111 3 11 52 12 45 24 49 2 7 100 20 112 1 27 56 3 2 169 7 162 21 192 3 2 149 8 133 26 138 3 17 222 23 209 28 180 2 10 130 29 141
34 2 1 103 23 114 3 2 120 17 145 24 123 2 3 196 15 180 3 4 135 8 154 18 152 3 2 143 17 120 24 108 2 5 67 22 73 2 8 114 11 102 3 6 157 19 113 25 134 3 4 157 8 120 18 115 3 4 121 14 114 15 160 3 6 135 7 138 28 161 2 5 69 22 91 2 9 165 16 195 3 14 84 20 60 24 87 3 2 118 8 133 26 138 3 11 108 24 86 30 89 3 10 31 13 26 27 35 3 11 186 13 182 20 175 3 2 125 8 153 26 133 2 12 77 15 94 3 2 163 7 212 21 202 3 11 50 12 47 24 52 3 1 59 18 72 29 66 2 14 83 25 111 3 1 28 10 32 13 24 3 2 1 16 1 23 1 3 4 15 17 14 29 17 3 13 120 19 122 22 166 2 22 116 27 109 3 17 177 23 224 28 227 2 10 146 29 137 2 8 116 23 104 1 27 67 2 7 85 20 109
34 2 1 103 23 114 3 2 120 17 145 24 123 2 3 196 15 180 3 4 135 8 154 18 152 3 2 143 17 120 24 108 2 5 67 22 73 2 8 114 11 102 3 6 157 19 113 25 134 3 4 157 8 120 18 115 3 4 121 14 114 15 160 3 6 135 7 138 28 161 2 5 69 22 91 2 9 165 16 195 3 14 84 20 60 24 87 3 2 118 8 133 26 138 3 11 108 24 86 30 89 3 10 31 13 26 27 35 3 11 186 13 182 20 175 3 2 125 8 153 26 133 2 12 77 15 94 3 2 163 7 212 21 202 3 11 50 12 47 24 52 3 1 59 18 72 29 66 2 14 83 25 111 3 1 28 10 32 13 24 3 2 1 16 1 23 1 3 4 15 17 14 29 17 3 13 120 19 122 22 166 2 22 116 27 109 3 17 177 23 224 28 227 2 10 146 29 137 2 8 116 23 104 1 27 67 2 7 85 20 109
34 2 1 103 23 114 3 2 120 17 145 24 123 2 3 196 15 180 3 4 135 8 154 18 152 3 2 143 17 120 24 108 2 5 67 22 73 2 8 114 11 102 3 6 157 19 113 25 134 3 4 157 8 120 18 115 3 4 121 14 114 15 160 3 6 135 7 138 28 161 2 5 69 22 91 2 9 165 16 195 3 14 84 20 60 24 87 3 2 118 8 133 26 138 3 11 108 24 86 30 89 3 10 31 13 26 27 35 3 11 186 13 182 20 175 3 2 125 8 153 26 133 2 12 77 15 94 3 2 163 7 212 21 202 3 11 50 12 47 24 52 3 1 59 18 72 29 66 2 14 83 25 111 3 1 28 10 32 13 24 3 2 1 16 1 23 1 3 4 15 17 14 29 17 3 13 120 19 122 22 166 2 22 116 27 109 3 17 177 23 224 28 227 2 10 146 29 137 2 8 116 23 104 1 27 67 2 7 85 20 109
34 2 1 96 23 95 3 2 109 17 124 24 161 2 3 195 15 198 3 4 121 8 142 18 120 3 2 159 17 118 24 108 2 5 74 22 85 2 8 147 11 146 3 6 152 19 153 25 160 3 4 136 8 129 18 120 3 4 112 14 110 15 164 3 6 134 7 145 28 150 2 5 77 22 81 2 9 178 16 162 3 14 63 20 64 24 84 3 2 112 8 127 26 138 3 11 124 24 84 30 111 3 10 27 13 29 27 28 3 11 186 13 209 20 222 3 2 116 8 144 26 117 2 12 82 15 77 3 2 190 7 203 21 196 3 11 46 12 41 24 38 3 1 53 18 51 29 61 2 14 103 25 104 3 1 31 10 25 13 29 3 2 1 16 1 23 1 3 4 18 17 18 29 16 3 13 147 19 168 22 123 2 22 88 27 90 3 17 182 23 167 28 219 2 10 193 29 150 2 8 141 23 110 1 27 51 2 7 115 20 88
34 2 1 96 23 95 3 2 109 17 124 24 161 2 3 195 15 198 3 4 121 8 142 18 120 3 2 159 17 118 24 108 2 5 74 22 85 2 8 147 11 146 3 6 152 19 153 25 160 3 4 136 8 129 18 120 3 4 112 14 110 15 164 3 6 134 7 145 28 150 2 5 77 22 81 2 9 178 16 162 3 14 63 20 64 24 84 3 2 112 8 127 26 138 3 11 124 24 84 30 111 3 10 27 13 29 27 28 3 11 186 13 209 20 222 3 2 116 8 144 26 117 2 12 82 15 77 3 2 190 7 203 21 196 3 11 46 12 41 24 38 3 1 53 18 51 29 61 2 14 103 25 104 3 1 31 10 25 13 29 3 2 1 16 1 23 1 3 4 18 17 18 29 16 3 13 147 19 168 22 123 2 22 88 27 90 3 17 182 23 167 28 219 2 10 193 29 150 2 8 141 23 110 1 27 51 2 7 115 20 88
34 2 1 96 23 95 3 2 109 17 124 24 161 2 3 195 15 198 3 4 121 8 142 18 120 3 2 159 17 118 24 108 2 5 74 22 85 2 8 147 11 146 3 6 152 19 153 25 160 3 4 136 8 129 18 120 3 4 112 14 110 15 164 3 6 134 7 145 28 150 2 5 77 22 81 2 9 178 16 162 3 14 63 20 64 24 84 3 2 112 8 127 26 138 3 11 124 24 84 30 111 3 10 27 13 29 27 28 3 11 186 13 209 20 222 3 2 116 8 144 26 117 2 12 82 15 77 3 2 190 7 203 21 196 3 11 46 12 41 24 38 3 1 53 18 51 29 61 2 14 103 25 104 3 1 31 10 25 13 29 3 2 1 16 1 23 1 3 4 18 17 18 29 16 3 13 147 19 168 22 123 2 22 88 27 90 3 17 182 23 167 28 219 2 10 193 29 150 2 8 141 23 110 1 27 51 2 7 115 20 88
38 3 4 114 14 118 15 151 2 1 114 23 80 3 1 65 18 59 29 58 2 1 112 23 97 3 2 130 17 117 24 147 2 3 159 15 170 3 14 73 20 77 24 60 3 2 121 17 153 24 112 3 4 108 8 109 18 152 2 5 77 22 71 3 6 130 19 143 25 124 3 4 19 17 18 29 20 2 3 192 15 146 3 6 139 7 138 28 148 3 6 159 19 137 25 112 2 8 101 11 107 2 9 149 16 167 3 14 74 20 68 24 67 3 11 86 24 92 30 92 3 10 29 13 35 27 29 2 3 199 15 149 3 11 165 13 203 20 238 3 11 54 12 40 24 50 3 1 25 10 25 13 23 3 13 163 19 161 22 146 2 22 100 27 120 3 13 133 19 156 22 160 2 12 103 15 94 3 2 1 16 1 23 1 2 14 86 25 104 2 8 140 23 105 3 11 56 12 48 24 55 2 7 96 20 85 1 27 57 3 2 176 7 155 21 186 3 2 111 8 121 26 131 3 17 232 23 229 28 202 2 10 160 29 135
38 3 4 114 14 118 15 151 2 1 114 23 80 3 1 65 18 59 29 58 2 1 112 23 97 3 2 130 17 117 24 147 2 3 159 15 170 3 14 73 20 77 24 60 3 2 121 17 153 24 112 3 4 108 8 109 18 152 2 5 77 22 71 3 6 130 19 143 25 124 3 4 19 17 18 29 20 2 3 192 15 146 3 6 139 7 138 28 148 3 6 159 19 137 25 112 2 8 101 11 107 2 9 149 16 167 3 14 74 20 68 24 67 3 11 86 24 92 30 92 3 10 29 13 35 27 29 2 3 199 15 149 3 11 165 13 203 20 238 3 11 54 12 40 24 50 3 1 25 10 25 13 23 3 13 163 19 161 22 146 2 22 100 27 120 3 13 133 19 156 22 160 2 12 103 15 94 3 2 1 16 1 23 1 2 14 86 25 104 2 8 140 23 105 3 11 56 12 48 24 55 2 7 96 20 85 1 27 57 3 2 176 7 155 21 186 3 2 111 8 121 26 131 3 17 232 23 229 28 202 2 10 160 29 135
38 3 4 114 14 118 15 151 2 1 114 23 80 3 1 65 18 59 29 58 2 1 112 23 97 3 2 130 17 117 24 147 2 3 159 15 170 3 14 73 20 77 24 60 3 2 121 17 153 24 112 3 4 108 8 109 18 152 2 5 77 22 71 3 6 130 19 143 25 124 3 4 19 17 18 29 20 2 3 192 15 146 3 6 139 7 138 28 148 3 6 159 19 137 25 112 2 8 101 11 107 2 9 149 16 167 3 14 74 20 68 24 67 3 11 86 24 92 30 92 3 10 29 13 35 27 29 2 3 199 15 149 3 11 165 13 203 20 238 3 11 54 12 40 24 50 3 1 25 10 25 13 23 3 13 163 19 161 22 146 2 22 100 27 120 3 13 133 19 156 22 160 2 12 103 15 94 3 2 1 16 1 23 1 2 14 86 25 104 2 8 140 23 105 3 11 56 12 48 24 55 2 7 96 20 85 1 27 57 3 2 176 7 155 21 186 3 2 111 8 121 26 131 3 17 232 23 229 28 202 2 10 160 29 135
38 3 4 114 14 118 15 151 2 1 114 23 80 3 1 65 18 59 29 58 2 1 112 23 97 3 2 130 17 117 24 147 2 3 159 15 170 3 14 73 20 77 24 60 3 2 121 17 153 24 112 3 4 108 8 109 18 152 2 5 77 22 71 3 6 130 19 143 25 124 3 4 19 17 18 29 20 2 3 192 15 146 3 6 139 7 138 28 148 3 6 159 19 137 25 112 2 8 101 11 107 2 9 149 16 167 3 14 74 20 68 24 67 3 11 86 24 92 30 92 3 10 29 13 35 27 29 2 3 199 15 149 3 11 165 13 203 20 238 3 11 54 12 40 24 50 3 1 25 10 25 13 23 3 13 163 19 161 22 146 2 22 100 27 120 3 13 133 19 156 22 160 2 12 103 15 94 3 2 1 16 1 23 1 2 14 86 25 104 2 8 140 23 105 3 11 56 12 48 24 55 2 7 96 20 85 1 27 57 3 2 176 7 155 21 186 3 2 111 8 121 26 131 3 17 232 23 229 28 202 2 10 160 29 135
36 2 1 115 23 117 3 2 127 17 138 24 125 3 6 111 19 134 25 121 2 14 86 25 98 2 3 169 15 176 3 4 116 8 155 18 114 2 5 91 22 79 2 7 83 20 79 3 6 144 7 144 28 158 2 14 105 25 75 2 8 125 11 113 2 9 169 16 197 3 10 33 13 28 27 26 3 11 167 13 203 20 231 3 11 53 12 43 24 40 3 1 29 10 25 13 25 3 11 90 24 110 30 111 3 14 63 20 69 24 86 2 8 101 23 131 3 11 176 13 177 20 196 2 22 99 27 90 2 7 91 20 106 3 4 140 14 145 15 118 3 2 207 7 186 21 164 3 1 33 10 29 13 31 3 17 221 23 162 28 160 2 8 99 11 102 2 12 82 15 112 3 4 18 17 16 29 15 3 2 1 16 1 23 1 3 1 74 18 51 29 71 3 13 164 19 152 22 121 3 6 153 19 152 25 130 3 2 118 8 136 26 146 1 27 63 2 10 164 29 145
36 2 1 115 23 117 3 2 127 17 138 24 125 3 6 111 19 134 25 121 2 14 86 25 98 2 3 169 15 176 3 4 116 8 155 18 114 2 5 91 22 79 2 7 83 20 79 3 6 144 7 144 28 158 2 14 105 25 75 2 8 125 11 113 2 9 169 16 197 3 10 33 13 28 27 26 3 11 167 13 203 20 231 3 11 53 12 43 24 40 3 1 29 10 25 13 25 3 11 90 24 110 30 111 3 14 63 20 69 24 86 2 8 101 23 131 3 11 176 13 177 20 196 2 22 99 27 90 2 7 91 20 106 3 4 140 14 145 15 118 3 2 207 7 186 21 164 3 1 33 10 29 13 31 3 17 221 23 162 28 160 2 8 99 11 102 2 12 82 15 112 3 4 18 17 16 29 15 3 2 1 16 1 23 1 3 1 74 18 51 29 71 3 13 164 19 152 22 121 3 6 153 19 152 25 130 3 2 118 8 136 26 146 1 27 63 2 10 164 29 145
39 2 1 95 23 93 2 14 109 25 105 2 3 173 15 183 2 14 110 25 106 3 11 50 12 43 24 43 3 2 157 17 116 24 153 2 12 88 15 109 3 4 120 8 145 18 137 3 11 119 24 84 30 87 3 2 108 17 143 24 156 3 6 114 19 120 25 124 3 13 148 19 152 22 116 2 5 83 22 73 3 6 159 7 141 28 131 2 8 101 11 120 3 6 129 19 127 25 127 2 9 153 16 150 3 13 170 19 146 22 172 3 10 35 13 35 27 32 3 4 16 17 14 29 17 2 12 110 15 79 3 4 153 14 118 15 132 2 7 88 20 115 3 11 215 13 226 20 166 3 1 23 10 27 13 30 2 8 135 23 105 2 22 111 27 104 3 11 197 13 188 20 200 3 17 190 23 215 28 185 3 2 1 16 1 23 1 2 3 163 15 164 3 2 159 7 205 21 152 3 1 67 18 59 29 57 2 8 138 23 99 3 14 66 20 87 24 64 1 27 58 3 2 128 8 151 26 156 2 14 88 25 89 2 10 135 29 178
39 2 1 95 23 93 2 14 109 25 105 2 3 173 15 183 2 14 110 25 106 3 11 50 12 43 24 43 3 2 157 17 116 24 153 2 12 88 15 109 3 4 120 8 145 18 137 3 11 119 24 84 30 87 3 2 108 17 143 24 156 3 6 114 19 120 25 124 3 13 148 19 152 22 116 2 5 83 22 73 3 6 159 7 141 28 131 2 8 101 11 120 3 6 129 19 127 25 127 2 9 153 16 150 3 13 170 19 146 22 172 3 10 35 13 35 27 32 3 4 16 17 14 29 17 2 12 110 15 79 3 4 153 14 118 15 132 2 7 88 20 115 3 11 215 13 226 20 166 3 1 23 10 27 13 30 2 8 135 23 105 2 22 111 27 104 3 11 197 13 188 20 200 3 17 190 23 215 28 185 3 2 1 16 1 23 1 2 3 163 15 164 3 2 159 7 205 21 152 3 1 67 18 59 29 57 2 8 138 23 99 3 14 66 20 87 24 64 1 27 58 3 2 128 8 151 26 156 2 14 88 25 89 2 10 135 29 178
35 2 1 102 23 110 3 2 148 17 138 24 108 2 3 186 15 192 3 6 136 19 140 25 153 3 13 151 19 116 22 125 2 1 94 23 91 3 4 136 8 105 18 150 2 5 71 22 93 3 6 116 7 150 28 117 3 13 140 19 155 22 158 2 8 145 11 143 2 9 192 16 148 3 10 30 13 33 27 29 3 2 145 8 114 26 157 2 7 88 20 99 3 1 30 10 24 13 25 2 3 159 15 142 3 14 81 20 75 24 73 3 4 19 17 15 29 19 3 11 238 13 170 20 221 3 11 48 12 41 24 44 3 4 123 14 161 15 135 3 11 210 13 194 20 163 2 12 83 15 80 2 10 162 29 172 3 2 1 16 1 23 1 3 1 70 18 62 29 67 1 27 57 3 13 171 19 155 22 129 2 8 131 23 105 3 2 178 7 173 21 196 3 17 180 23 195 28 180 2 22 85 27 92 2 14 83 25 79 3 11 110 24 110 30 90
35 2 1 102 23 110 3 2 148 17 138 24 108 2 3 186 15 192 3 6 136 19 140 25 153 3 13 151 19 116 22 125 2 1 94 23 91 3 4 136 8 105 18 150 2 5 71 22 93 3 6 116 7 150 28 117 3 13 140 19 155 22 158 2 8 145 11 143 2 9 192 16 148 3 10 30 13 33 27 29 3 2 145 8 114 26 157 2 7 88 20 99 3 1 30 10 24 13 25 2 3 159 15 142 3 14 81 20 75 24 73 3 4 19 17 15 29 19 3 11 238 13 170 20 221 3 11 48 12 41 24 44 3 4 123 14 161 15 135 3 11 210 13 194 20 163 2 12 83 15 80 2 10 162 29 172 3 2 1 16 1 23 1 3 1 70 18 62 29 67 1 27 57 3 13 171 19 155 22 129 2 8 131 23 105 3 2 178 7 173 21 196 3 17 180 23 195 28 180 2 22 85 27 92 2 14 83 25 79 3 11 110 24 110 30 90
36 2 1 102 23 90 3 2 153 17 108 24 113 3 14 80 20 86 24 81 2 3 196 15 187 3 11 52 12 53 24 46 2 1 92 23 91 3 2 1 16 1 23 1 3 4 140 8 117 18 108 2 5 68 22 69 3 6 160 19 109 25 137 3 6 135 7 152 28 132 2 8 147 11 125 2 5 95 22 80 3 4 113 14 158 15 142 2 9 183 16 168 2 1 84 23 111 2 7 112 20 98 3 11 109 24 118 30 107 2 1 119 23 112 3 2 119 8 116 26 144 3 4 130 8 120 18 143 3 10 25 13 26 27 25 3 11 169 13 217 20 219 2 12 80 15 87 2 14 107 25 75 3 11 119 24 121 30 122 3 1 28 10 32 13 25 3 4 17 17 18 29 18 3 1 73 18 65 29 59 1 27 47 3 13 123 19 169 22 149 3 17 201 23 223 28 204 3 2 188 7 162 21 169 2 8 113 23 98 2 22 99 27 124 2 10 131 29 157
36 2 1 102 23 90 3 2 153 17 108 24 113 3 14 80 20 86 24 81 2 3 196 15 187 3 11 52 12 53 24 46 2 1 92 23 91 3 2 1 16 1 23 1 3 4 140 8 117 18 108 2 5 68 22 69 3 6 160 19 109 25 137 3 6 135 7 152 28 132 2 8 147 11 125 2 5 95 22 80 3 4 113 14 158 15 142 2 9 183 16 168 2 1 84 23 111 2 7 112 20 98 3 11 109 24 118 30 107 2 1 119 23 112 3 2 119 8 116 26 144 3 4 130 8 120 18 143 3 10 25 13 26 27 25 3 11 169 13 217 20 219 2 12 80 15 87 2 14 107 25 75 3 11 119 24 121 30 122 3 1 28 10 32 13 25 3 4 17 17 18 29 18 3 1 73 18 65 29 59 1 27 47 3 13 123 19 169 22 149 3 17 201 23 223 28 204 3 2 188 7 162 21 169 2 8 113 23 98 2 22 99 27 124 2 10 131 29 157
36 2 1 102 23 85 3 2 135 17 125 24 145 2 3 141 15 198 3 4 135 8 110 18 142 2 5 87 22 72 3 6 161 19 156 25 136 3 6 130 7 156 28 137 3 6 129 19 129 25 150 2 8 120 23 126 3 1 54 18 55 29 68 2 8 135 11 121 2 9 145 16 181 2 1 91 23 95 3 1 33 10 25 13 30 3 10 33 13 34 27 25 2 8 101 11 138 3 11 193 13 186 20 226 3 6 158 7 157 28 149 3 11 40 12 50 24 55 3 2 1 16 1 23 1 3 4 149 14 116 15 135 3 4 123 8 105 18 132 2 10 152 29 171 3 2 192 7 173 21 167 2 22 104 27 118 3 14 87 20 68 24 61 2 12 106 15 99 3 4 19 17 19 29 17 3 13 135 19 133 22 128 2 22 112 27 120 2 7 112 20 85 3 2 152 8 141 26 129 2 14 88 25 81 3 11 87 24 119 30 103 3 17 217 23 231 28 222 1 27 66
35 2 1 94 23 103 3 2 161 17 119 24 146 2 3 162 15 144 3 6 156 19 163 25 152 3 13 152 19 122 22 126 2 1 81 23 86 3 4 125 8 137 18 155 2 5 68 22 64 3 6 115 7 126 28 143 3 13 136 19 132 22 132 2 8 124 11 145 2 9 136 16 169 3 10 33 13 30 27 30 3 2 107 8 152 26 154 2 7 114 20 93 3 1 29 10 28 13 24 2 3 134 15 155 3 14 78 20 72 24 64 3 4 15 17 15 29 19 3 11 232 13 198 20 230 3 11 54 12 54 24 46 3 4 129 14 145 15 123 3 11 162 13 225 20 186 2 12 86 15 111 2 10 160 29 158 3 2 1 16 1 23 1 3 1 68 18 72 29 73 1 27 58 3 13 151 19 118 22 151 2 8 103 23 117 3 2 196 7 205 21 187 3 17 193 23 181 28 221 2 22 110 27 123 2 14 101 25 77 3 11 106 24 110 30 111
35 2 1 94 23 103 3 2 161 17 119 24 146 2 3 162 15 144 3 6 156 19 163 25 152 3 13 152 19 122 22 126 2 1 81 23 86 3 4 125 8 137 18 155 2 5 68 22 64 3 6 115 7 126 28 143 3 13 136 19 132 22 132 2 8 124 11 145 2 9 136 16 169 3 10 33 13 30 27 30 3 2 107 8 152 26 154 2 7 114 20 93 3 1 29 10 28 13 24 2 3 134 15 155 3 14 78 20 72 24 64 3 4 15 17 15 29 19 3 11 232 13 198 20 230 3 11 54 12 54 24 46 3 4 129 14 145 15 123 3 11 162 13 225 20 186 2 12 86 15 111 2 10 160 29 158 3 2 1 16 1 23 1 3 1 68 18 72 29 73 1 27 58 3 13 151 19 118 22 151 2 8 103 23 117 3 2 196 7 205 21 187 3 17 193 23 181 28 221 2 22 110 27 123 2 14 101 25 77 3 11 106 24 110 30 111
35 2 1 94 23 103 3 2 161 17 119 24 146 2 3 162 15 144 3 6 156 19 163 25 152 3 13 152 19 122 22 126 2 1 81 23 86 3 4 125 8 137 18 155 2 5 68 22 64 3 6 115 7 126 28 143 3 13 136 19 132 22 132 2 8 124 11 145 2 9 136 16 169 3 10 33 13 30 27 30 3 2 107 8 152 26 154 2 7 114 20 93 3 1 29 10 28 13 24 2 3 134 15 155 3 14 78 20 72 24 64 3 4 15 17 15 29 19 3 11 232 13 198 20 230 3 11 54 12 54 24 46 3 4 129 14 145 15 123 3 11 162 13 225 20 186 2 12 86 15 111 2 10 160 29 158 3 2 1 16 1 23 1 3 1 68 18 72 29 73 1 27 58 3 13 151 19 118 22 151 2 8 103 23 117 3 2 196 7 205 21 187 3 17 193 23 181 28 221 2 22 110 27 123 2 14 101 25 77 3 11 106 24 110 30 111
35 2 1 94 23 103 3 2 161 17 119 24 146 2 3 162 15 144 3 6 156 19 163 25 152 3 13 152 19 122 22 126 2 1 81 23 86 3 4 125 8 137 18 155 2 5 68 22 64 3 6 115 7 126 28 143 3 13 136 19 132 22 132 2 8 124 11 145 2 9 136 16 169 3 10 33 13 30 27 30 3 2 107 8 152 26 154 2 7 114 20 93 3 1 29 10 28 13 24 2 3 134 15 155 3 14 78 20 72 24 64 3 4 15 17 15 29 19 3 11 232 13 198 20 230 3 11 54 12 54 24 46 3 4 129 14 145 15 123 3 11 162 13 225 20 186 2 12 86 15 111 2 10 160 29 158 3 2 1 16 1 23 1 3 1 68 18 72 29 73 1 27 58 3 13 151 19 118 22 151 2 8 103 23 117 3 2 196 7 205 21 187 3 17 193 23 181 28 221 2 22 110 27 123 2 14 101 25 77 3 11 106 24 110 30 111
32 2 1 100 23 83 3 2 119 17 155 24 156 2 3 184 15 141 3 1 54 18 76 29 71 3 4 149 8 108 18 108 2 5 74 22 83 3 11 227 13 219 20 163 2 9 173 16 153 3 6 117 19 161 25 162 3 6 115 7 111 28 153 2 8 122 23 128 2 12 99 15 91 3 14 60 20 61 24 74 2 8 124 11 101 3 10 28 13 27 27 28 2 7 86 20 106 3 11 44 12 46 24 49 3 1 32 10 22 13 31 3 4 146 14 115 15 120 3 11 124 24 108 30 90 3 2 1 16 1 23 1 3 4 14 17 20 29 14 2 1 103 23 113 3 2 121 8 114 26 148 2 22 85 27 108 3 13 170 19 127 22 115 3 17 210 23 216 28 225 3 2 196 7 156 21 168 2 22 87 27 107 1 27 50 2 14 98 25 97 2 10 161 29 156
39 2 1 87 23 110 2 14 80 25 107 2 3 168 15 187 2 14 91 25 101 3 11 45 12 45 24 47 3 2 152 17 121 24 144 2 12 106 15 106 3 4 124 8 131 18 122 3 11 101 24 102 30 101 3 2 150 17 120 24 121 3 6 119 19 138 25 125 3 13 167 19 139 22 160 2 5 69 22 77 3 6 162 7 123 28 163 2 8 100 11 142 3 6 123 19 158 25 112 2 9 192 16 170 3 13 171 19 131 22 131 3 10 31 13 25 27 28 3 4 13 17 17 29 16 2 12 103 15 102 3 4 114 14 159 15 132 2 7 82 20 108 3 11 198 13 208 20 212 3 1 28 10 29 13 27 2 8 107 23 96 2 22 96 27 108 3 11 216 13 232 20 232 3 17 161 23 221 28 194 3 2 1 16 1 23 1 2 3 184 15 182 3 2 209 7 166 21 214 3 1 63 18 71 29 55 2 8 109 23 96 3 14 80 20 84 24 70 1 27 52 3 2 116 8 150 26 127 2 14 80 25 102 2 10 141 29 146
34 2 1 106 23 93 3 2 152 17 116 24 160 2 3 140 15 200 3 4 114 8 131 18 131 3 2 123 17 117 24 150 2 5 74 22 64 2 8 100 11 108 3 6 130 19 159 25 129 3 4 112 8 123 18 139 3 4 158 14 115 15 148 3 6 137 7 133 28 114 2 5 66 22 72 2 9 175 16 171 3 14 82 20 80 24 79 3 2 125 8 114 26 140 3 11 121 24 86 30 101 3 10 26 13 29 27 29 3 11 221 13 227 20 200 3 2 148 8 133 26 126 2 12 86 15 91 3 2 189 7 215 21 184 3 11 49 12 55 24 51 3 1 52 18 67 29 71 2 14 89 25 111 3 1 32 10 31 13 29 3 2 1 16 1 23 1 3 4 17 17 14 29 15 3 13 119 19 138 22 141 2 22 111 27 99 3 17 212 23 228 28 218 2 10 146 29 175 2 8 103 23 133 1 27 46 2 7 99 20 100
34 2 1 106 23 93 3 2 152 17 116 24 160 2 3 140 15 200 3 4 114 8 131 18 131 3 2 123 17 117 24 150 2 5 74 22 64 2 8 100 11 108 3 6 130 19 159 25 129 3 4 112 8 123 18 139 3 4 158 14 115 15 148 3 6 137 7 133 28 114 2 5 66 22 72 2 9 175 16 171 3 14 82 20 80 24 79 3 2 125 8 114 26 140 3 11 121 24 86 30 101 3 10 26 13 29 27 29 3 11 221 13 227 20 200 3 2 148 8 133 26 126 2 12 86 15 91 3 2 189 7 215 21 184 3 11 49 12 55 24 51 3 1 52 18 67 29 71 2 14 89 25 111 3 1 32 10 31 13 29 3 2 1 16 1 23 1 3 4 17 17 14 29 15 3 13 119 19 138 22 141 2 22 111 27 99 3 17 212 23 228 28 218 2 10 146 29 175 2 8 103 23 133 1 27 46 2 7 99 20 100
37 2 8 100 11 114 3 4 116 14 123 15 147 2 3 198 15 175 2 1 118 23 84 3 2 1 16 1 23 1 2 8 106 11 118 2 22 106 27 111 2 3 177 15 199 3 2 160 17 131 24 149 2 8 111 23 125 3 2 128 17 144 24 116 3 4 119 8 148 18 149 3 4 155 14 137 15 127 2 5 69 22 89 3 6 132 19 112 25 110 3 6 129 7 111 28 159 2 9 159 16 170 3 10 31 13 29 27 24 3 11 235 13 223 20 223 3 2 109 8 131 26 151 3 11 103 24 114 30 109 3 2 146 8 117 26 154 2 14 82 25 86 3 11 48 12 42 24 42 3 1 27 10 28 13 24 3 2 169 7 152 21 187 2 12 102 15 112 2 5 88 22 76 3 4 13 17 17 29 14 3 1 59 18 73 29 74 3 13 159 19 160 22 159 2 7 87 20 87 3 14 60 20 84 24 83 1 27 48 2 10 193 29 169 3 2 1 16 1 23 1 3 17 228 23 170 28 173
37 2 8 100 11 114 3 4 116 14 123 15 147 2 3 198 15 175 2 1 118 23 84 3 2 1 16 1 23 1 2 8 106 11 118 2 22 106 27 111 2 3 177 15 199 3 2 160 17 131 24 149 2 8 111 23 125 3 2 128 17 144 24 116 3 4 119 8 148 18 149 3 4 155 14 137 15 127 2 5 69 22 89 3 6 132 19 112 25 110 3 6 129 7 111 28 159 2 9 159 16 170 3 10 31 13 29 27 24 3 11 235 13 223 20 223 3 2 109 8 131 26 151 3 11 103 24 114 30 109 3 2 146 8 117 26 154 2 14 82 25 86 3 11 48 12 42 24 42 3 1 27 10 28 13 24 3 2 169 7 152 21 187 2 12 102 15 112 2 5 88 22 76 3 4 13 17 17 29 14 3 1 59 18 73 29 74 3 13 159 19 160 22 159 2 7 87 20 87 3 14 60 20 84 24 83 1 27 48 2 10 193 29 169 3 2 1 16 1 23 1 3 17 228 23 170 28 173
35 2 1 102 23 108 3 2 122 17 142 24 132 2 3 158 15 151 3 1 63 18 55 29 67 2 3 160 15 136 3 4 132 8 112 18 119 2 22 115 27 89 2 5 81 22 65 3 11 219 13 169 20 169 3 6 139 7 126 28 143 1 27 51 3 4 120 8 136 18 137 3 6 145 19 144 25 129 2 8 117 11 112 2 9 171 16 149 2 3 174 15 177 3 10 31 13 34 27 30 3 11 52 12 38 24 42 3 1 30 10 29 13 33 3 4 135 14 162 15 130 3 1 72 18 74 29 56 2 12 109 15 87 3 2 1 16 1 23 1 3 14 81 20 80 24 66 3 4 16 17 20 29 17 3 13 171 19 157 22 135 2 7 88 20 91 3 2 190 7 211 21 219 2 10 189 29 163 2 22 122 27 104 3 11 123 24 94 30 124 3 2 131 8 152 26 118 2 8 136 23 124 2 14 106 25 111 3 17 162 23 222 28 162
36 2 1 116 23 92 3 1 52 18 70 29 67 2 12 94 15 90 3 2 160 17 154 24 152 2 3 175 15 185 2 1 106 23 91 3 17 218 23 210 28 220 3 4 104 8 132 18 130 2 5 80 22 80 3 6 123 19 127 25 143 3 6 161 7 152 28 130 2 8 100 11 129 2 1 85 23 81 3 11 112 24 121 30 106 2 9 199 16 151 1 27 68 3 10 34 13 25 27 30 2 10 140 29 184 3 11 184 13 194 20 209 2 22 115 27 88 2 8 103 11 136 3 11 56 12 48 24 45 3 1 25 10 29 13 32 3 4 110 14 133 15 124 3 10 34 13 28 27 26 3 2 1 16 1 23 1 3 4 18 17 16 29 15 3 13 120 19 168 22 124 3 11 202 13 190 20 181 2 7 102 20 93 3 11 39 12 50 24 39 3 2 168 7 175 21 214 2 8 139 23 103 3 14 67 20 71 24 73 2 14 95 25 104 3 2 153 8 104 26 137
32 2 1 85 23 105 3 2 131 17 156 24 156 2 3 156 15 139 3 1 52 18 57 29 65 3 4 156 8 105 18 137 2 5 71 22 83 3 11 187 13 191 20 213 2 9 157 16 155 3 6 151 19 124 25 117 3 6 130 7 134 28 162 2 8 128 23 117 2 12 83 15 111 3 14 81 20 83 24 71 2 8 121 11 111 3 10 31 13 28 27 29 2 7 79 20 80 3 11 54 12 41 24 57 3 1 31 10 31 13 25 3 4 121 14 148 15 151 3 11 105 24 89 30 113 3 2 1 16 1 23 1 3 4 17 17 19 29 14 2 1 94 23 103 3 2 121 8 134 26 125 2 22 83 27 105 3 13 148 19 135 22 115 3 17 186 23 201 28 159 3 2 220 7 215 21 197 2 22 93 27 90 1 27 58 2 14 104 25 84 2 10 129 29 147
32 2 1 85 23 105 3 2 131 17 156 24 156 2 3 156 15 139 3 1 52 18 57 29 65 3 4 156 8 105 18 137 2 5 71 22 83 3 11 187 13 191 20 213 2 9 157 16 155 3 6 151 19 124 25 117 3 6 130 7 134 28 162 2 8 128 23 117 2 12 83 15 111 3 14 81 20 83 24 71 2 8 121 11 111 3 10 31 13 28 27 29 2 7 79 20 80 3 11 54 12 41 24 57 3 1 31 10 31 13 25 3 4 121 14 148 15 151 3 11 105 24 89 30 113 3 2 1 16 1 23 1 3 4 17 17 19 29 14 2 1 94 23 103 3 2 121 8 134 26 125 2 22 83 27 105 3 13 148 19 135 22 115 3 17 186 23 201 28 159 3 2 220 7 215 21 197 2 22 93 27 90 1 27 58 2 14 104 25 84 2 10 129 29 147
36 2 1 87 23 105 3 1 28 10 23 13 26 3 2 137 17 138 24 131 2 3 191 15 178 3 4 153 8 150 18 119 2 5 93 22 85 3 2 150 8 150 26 113 3 4 151 14 151 15 117 3 2 146 8 109 26 126 3 11 111 24 104 30 93 2 14 104 25 108 3 6 144 19 124 25 155 3 1 30 10 27 13 32 3 6 148 7 142 28 160 3 2 145 17 143 24 115 2 12 101 15 104 3 14 71 20 84 24 77 3 2 1 16 1 23 1 2 1 115 23 106 2 7 115 20 78 2 8 128 11 116 1 27 49 2 9 153 16 179 3 13 154 19 142 22 128 3 10 31 13 28 27 34 3 11 204 13 167 20 220 3 11 51 12 53 24 44 3 1 52 18 65 29 75 3 4 15 17 15 29 16 3 14 71 20 76 24 74 3 2 203 7 222 21 211 2 22 105 27 98 3 17 199 23 193 28 163 2 10 190 29 193 3 2 136 8 150 26 111 2 8 137 23 111
37 2 1 115 23 93 3 2 131 17 142 24 109 2 1 80 23 82 2 3 151 15 144 2 1 103 23 87 3 4 126 8 119 18 127 2 5 75 22 78 2 9 194 16 153 3 6 159 19 126 25 158 3 6 124 7 136 28 143 3 2 160 17 153 24 130 2 8 101 11 112 2 1 85 23 89 3 10 26 13 27 27 35 3 11 96 24 99 30 89 3 11 212 13 193 20 163 1 27 60 3 11 40 12 56 24 40 3 6 116 7 158 28 128 2 10 135 29 144 3 1 30 10 31 13 33 2 8 141 11 134 2 12 110 15 77 3 4 17 17 15 29 20 3 4 128 14 124 15 125 3 2 1 16 1 23 1 2 8 133 23 127 3 13 171 19 161 22 163 2 9 143 16 194 3 1 72 18 71 29 75 3 14 71 20 70 24 79 3 2 227 7 153 21 162 2 7 113 20 90 3 2 149 8 136 26 147 2 22 111 27 110 3 17 220 23 189 28 174 2 14 75 25 94
37 2 1 115 23 93 3 2 131 17 142 24 109 2 1 80 23 82 2 3 151 15 144 2 1 103 23 87 3 4 126 8 119 18 127 2 5 75 22 78 2 9 194 16 153 3 6 159 19 126 25 158 3 6 124 7 136 28 143 3 2 160 17 153 24 130 2 8 101 11 112 2 1 85 23 89 3 10 26 13 27 27 35 3 11 96 24 99 30 89 3 11 212 13 193 20 163 1 27 60 3 11 40 12 56 24 40 3 6 116 7 158 28 128 2 10 135 29 144 3 1 30 10 31 13 33 2 8 141 11 134 2 12 110 15 77 3 4 17 17 15 29 20 3 4 128 14 124 15 125 3 2 1 16 1 23 1 2 8 133 23 127 3 13 171 19 161 22 163 2 9 143 16 194 3 1 72 18 71 29 75 3 14 71 20 70 24 79 3 2 227 7 153 21 162 2 7 113 20 90 3 2 149 8 136 26 147 2 22 111 27 110 3 17 220 23 189 28 174 2 14 75 25 94
36 2 1 89 23 119 3 2 112 17 126 24 133 3 6 117 19 151 25 146 2 14 105 25 106 2 3 173 15 190 3 4 122 8 152 18 149 2 5 67 22 95 2 7 79 20 109 3 6 115 7 160 28 153 2 14 109 25 91 2 8 141 11 98 2 9 142 16 184 3 10 30 13 24 27 24 3 11 184 13 208 20 172 3 11 44 12 51 24 53 3 1 30 10 33 13 29 3 11 94 24 110 30 92 3 14 79 20 62 24 78 2 8 141 23 105 3 11 167 13 225 20 172 2 22 108 27 103 2 7 79 20 86 3 4 134 14 154 15 138 3 2 220 7 214 21 203 3 1 27 10 27 13 22 3 17 200 23 199 28 225 2 8 108 11 99 2 12 92 15 111 3 4 14 17 16 29 18 3 2 1 16 1 23 1 3 1 68 18 56 29 73 3 13 122 19 139 22 171 3 6 140 19 143 25 163 3 2 109 8 128 26 109 1 27 67 2 10 156 29 142
35 2 1 96 23 84 3 2 137 17 155 24 159 2 3 149 15 169 3 6 128 19 126 25 119 3 13 155 19 130 22 135 2 1 81 23 87 3 4 117 8 136 18 124 2 5 76 22 74 3 6 162 7 115 28 114 3 13 133 19 139 22 127 2 8 144 11 110 2 9 139 16 173 3 10 29 13 30 27 35 3 2 110 8 122 26 110 2 7 105 20 96 3 1 22 10 31 13 27 2 3 168 15 194 3 14 72 20 77 24 80 3 4 15 17 19 29 20 3 11 198 13 189 20 191 3 11 50 12 44 24 56 3 4 139 14 143 15 127 3 11 187 13 190 20 228 2 12 111 15 77 2 10 183 29 149 3 2 1 16 1 23 1 3 1 64 18 64 29 59 1 27 66 3 13 119 19 157 22 153 2 8 133 23 111 3 2 222 7 176 21 224 3 17 179 23 226 28 236 2 22 114 27 85 2 14 99 25 82 3 11 117 24 89 30 109
34 2 1 90 23 83 3 2 153 17 112 24 139 2 3 175 15 155 3 4 111 8 149 18 124 3 2 109 17 147 24 126 2 5 81 22 80 2 8 143 11 141 3 6 139 19 137 25 139 3 4 122 8 122 18 131 3 4 154 14 124 15 153 3 6 119 7 141 28 123 2 5 78 22 78 2 9 172 16 149 3 14 71 20 72 24 85 3 2 108 8 149 26 144 3 11 93 24 86 30 104 3 10 24 13 33 27 31 3 11 160 13 219 20 233 3 2 134 8 111 26 113 2 12 100 15 96 3 2 165 7 210 21 158 3 11 43 12 51 24 55 3 1 60 18 68 29 52 2 14 84 25 102 3 1 26 10 25 13 30 3 2 1 16 1 23 1 3 4 16 17 18 29 17 3 13 132 19 172 22 116 2 22 87 27 121 3 17 192 23 220 28 185 2 10 161 29 135 2 8 112 23 114 1 27 50 2 7 105 20 79
35 3 2 137 8 152 26 142 2 1 83 23 80 3 2 159 17 133 24 138 2 3 162 15 171 3 10 31 13 35 27 26 3 4 127 8 128 18 129 3 14 83 20 81 24 85 2 12 96 15 106 2 5 72 22 71 3 6 151 19 135 25 111 2 9 148 16 175 3 2 1 16 1 23 1 3 6 121 7 108 28 158 2 12 78 15 104 2 8 103 11 98 2 8 129 23 121 2 1 85 23 99 3 17 192 23 169 28 201 3 10 34 13 33 27 29 3 2 201 7 221 21 188 3 11 169 13 184 20 175 3 2 138 8 116 26 131 3 11 53 12 45 24 44 3 1 33 10 25 13 32 3 11 43 12 53 24 50 2 22 90 27 85 3 4 122 14 148 15 117 3 4 19 17 18 29 14 3 13 139 19 123 22 128 3 1 76 18 62 29 64 2 7 82 20 84 2 14 76 25 89 1 27 55 2 10 169 29 157 3 11 119 24 116 30 84
36 2 1 119 23 104 3 2 152 17 130 24 128 3 14 70 20 69 24 70 2 3 169 15 142 3 11 46 12 49 24 39 2 1 91 23 118 3 2 1 16 1 23 1 3 4 142 8 136 18 133 2 5 72 22 79 3 6 139 19 137 25 138 3 6 152 7 138 28 116 2 8 136 11 144 2 5 65 22 77 3 4 158 14 111 15 133 2 9 163 16 170 2 1 86 23 95 2 7 105 20 101 3 11 89 24 114 30 121 2 1 106 23 100 3 2 137 8 117 26 151 3 4 136 8 132 18 123 3 10 27 13 33 27 28 3 11 212 13 229 20 203 2 12 107 15 111 2 14 98 25 112 3 11 84 24 115 30 113 3 1 24 10 26 13 31 3 4 13 17 20 29 17 3 1 61 18 70 29 56 1 27 65 3 13 167 19 145 22 123 3 17 173 23 172 28 194 3 2 195 7 224 21 207 2 8 103 23 126 2 22 90 27 94 2 10 146 29 154
35 2 1 89 23 117 3 10 25 13 33 27 34 3 2 159 17 142 24 130 2 12 85 15 80 2 10 164 29 179 3 2 158 17 157 24 115 2 3 161 15 183 3 4 156 8 107 18 122 2 5 73 22 67 3 11 226 13 235 20 178 3 11 49 12 54 24 47 3 14 65 20 78 24 76 3 11 230 13 218 20 164 3 6 133 19 113 25 152 3 6 141 7 131 28 138 2 8 119 11 107 2 3 190 15 191 3 13 133 19 135 22 148 2 22 115 27 96 2 9 146 16 186 2 8 120 23 101 2 10 131 29 168 3 1 66 18 74 29 55 3 2 114 8 128 26 106 3 1 24 10 24 13 25 3 4 131 14 146 15 113 3 2 1 16 1 23 1 3 4 17 17 14 29 17 3 17 207 23 199 28 178 2 7 99 20 93 3 2 196 7 207 21 212 2 14 91 25 78 1 27 53 2 22 102 27 87 3 11 84 24 125 30 90
34 2 1 107 23 82 3 2 141 17 124 24 134 2 3 167 15 148 3 4 150 8 154 18 146 3 2 139 17 121 24 126 2 5 65 22 75 2 8 123 11 142 3 6 131 19 144 25 156 3 4 107 8 110 18 127 3 4 132 14 118 15 146 3 6 131 7 118 28 113 2 5 82 22 80 2 9 167 16 160 3 14 70 20 60 24 73 3 2 108 8 110 26 123 3 11 109 24 92 30 103 3 10 32 13 30 27 32 3 11 163 13 228 20 222 3 2 105 8 154 26 132 2 12 95 15 105 3 2 160 7 213 21 156 3 11 55 12 51 24 49 3 1 55 18 62 29 64 2 14 84 25 80 3 1 29 10 23 13 30 3 2 1 16 1 23 1 3 4 18 17 18 29 18 3 13 168 19 148 22 157 2 22 112 27 94 3 17 189 23 160 28 211 2 10 159 29 154 2 8 97 23 105 1 27 50 2 7 105 20 88
36 2 1 92 23 86 3 1 55 18 74 29 52 2 12 94 15 98 3 2 151 17 132 24 146 2 3 199 15 135 2 1 96 23 115 3 17 162 23 162 28 208 3 4 129 8 143 18 153 2 5 65 22 71 3 6 119 19 152 25 134 3 6 143 7 161 28 149 2 8 135 11 138 2 1 107 23 106 3 11 89 24 103 30 105 2 9 186 16 171 1 27 50 3 10 35 13 34 27 24 2 10 161 29 186 3 11 224 13 215 20 189 2 22 99 27 88 2 8 113 11 133 3 11 55 12 56 24 45 3 1 28 10 32 13 30 3 4 137 14 139 15 143 3 10 27 13 24 27 30 3 2 1 16 1 23 1 3 4 15 17 13 29 17 3 13 138 19 129 22 155 3 11 163 13 180 20 210 2 7 88 20 98 3 11 46 12 39 24 54 3 2 214 7 206 21 205 2 8 113 23 111 3 14 65 20 85 24 78 2 14 98 25 76 3 2 149 8 123 26 131
38 3 4 143 14 143 15 154 2 1 109 23 88 3 1 56 18 58 29 73 2 1 92 23 88 3 2 150 17 153 24 140 2 3 155 15 153 3 14 64 20 82 24 63 3 2 121 17 154 24 154 3 4 113 8 126 18 150 2 5 68 22 84 3 6 152 19 112 25 128 3 4 14 17 15 29 16 2 3 170 15 164 3 6 126 7 138 28 133 3 6 115 19 120 25 146 2 8 118 11 126 2 9 160 16 164 3 14 62 20 69 24 75 3 11 85 24 95 30 84 3 10 24 13 28 27 35 2 3 140 15 188 3 11 170 13 201 20 169 3 11 43 12 49 24 42 3 1 32 10 26 13 23 3 13 139 19 128 22 139 2 22 110 27 107 3 13 123 19 115 22 134 2 12 107 15 89 3 2 1 16 1 23 1 2 14 96 25 81 2 8 120 23 106 3 11 54 12 40 24 54 2 7 95 20 82 1 27 54 3 2 172 7 223 21 196 3 2 117 8 151 26 119 3 17 186 23 232 28 209 2 10 140 29 188
35 2 1 112 23 91 3 2 160 17 126 24 139 2 3 156 15 183 3 6 131 19 152 25 147 3 13 142 19 118 22 155 2 1 80 23 112 3 4 131 8 140 18 139 2 5 78 22 87 3 6 145 7 127 28 141 3 13 131 19 154 22 128 2 8 133 11 100 2 9 185 16 179 3 10 27 13 31 27 24 3 2 122 8 120 26 106 2 7 100 20 84 3 1 27 10 31 13 29 2 3 138 15 172 3 14 78 20 83 24 85 3 4 18 17 19 29 19 3 11 191 13 179 20 210 3 11 41 12 40 24 52 3 4 156 14 113 15 111 3 11 171 13 235 20 167 2 12 94 15 109 2 10 136 29 151 3 2 1 16 1 23 1 3 1 57 18 58 29 61 1 27 61 3 13 154 19 144 22 120 2 8 117 23 112 3 2 173 7 219 21 212 3 17 162 23 169 28 196 2 22 98 27 123 2 14 99 25 100 3 11 122 24 121 30 106
36 2 1 105 23 89 3 2 120 17 122 24 160 3 6 131 19 155 25 127 2 14 96 25 88 2 3 145 15 163 3 4 116 8 139 18 128 2 5 95 22 86 2 7 109 20 98 3 6 156 7 156 28 109 2 14 99 25 100 2 8 104 11 134 2 9 144 16 183 3 10 29 13 33 27 35 3 11 227 13 178 20 225 3 11 47 12 53 24 52 3 1 30 10 23 13 24 3 11 124 24 95 30 109 3 14 62 20 82 24 86 2 8 118 23 122 3 11 238 13 164 20 165 2 22 100 27 118 2 7 91 20 80 3 4 159 14 144 15 159 3 2 203 7 177 21 153 3 1 30 10 30 13 33 3 17 216 23 194 28 170 2 8 106 11 112 2 12 79 15 77 3 4 17 17 16 29 13 3 2 1 16 1 23 1 3 1 73 18 71 29 67 3 13 155 19 166 22 134 3 6 128 19 115 25 129 3 2 118 8 127 26 140 1 27 47 2 10 187 29 148
DUE_DATES: 4089 4297 4297 3911 3911 3911 3946 3946 3946 4374 4374 4374 4374 4075 4075 4646 4646 4186 4186 4082 4082 4238 4183 4183 4183 4183 3576 4681 3909 3909 4264 4264 4091 4059 3532 3532 4171 4269 4269 4146 4183 3837 3724 4099 4198 3811 4066 4330 4171 4101
WEIGHTS: 3 1 2 1 1 2 1 3 1 3 1 1 3 1 1 1 1 2 1 2 1 2 3 2 2 1 2 2 3 1 1 2 3 2 3 2 1 3 2 1 2 3 2 1 1 1 1 1 3 3
