50 30
38 3 1 135 4 153 22 155 2 2 74 27 89 2 9 66 19 87 3 3 18 4 19 6 17 2 9 69 19 60 3 3 87 4 83 18 111 3 5 30 11 29 24 39 3 1 160 22 132 27 168 2 14 93 21 97 2 5 84 6 80 2 7 10 28 12 3 5 38 11 28 24 38 2 7 65 14 53 2 11 230 24 221 2 2 104 9 95 2 8 49 22 38 2 14 180 25 157 3 1 136 22 169 27 135 2 10 147 23 129 2 8 45 22 47 1 12 193 3 2 22 13 18 17 18 2 16 197 17 170 3 10 4 14 3 17 4 3 2 19 13 19 17 21 2 11 197 15 183 1 12 196 3 15 80 17 90 30 79 2 14 180 18 157 3 10 3 14 4 17 4 3 8 3 13 4 20 4 2 14 181 22 223 2 16 40 26 35 2 14 179 25 151 2 19 12 23 11 2 5 164 24 133 4 4 87 6 99 18 104 29 84 1 30 66
32 3 1 108 4 132 22 116 2 10 136 23 135 3 3 20 4 21 6 17 2 2 65 27 81 2 5 104 6 98 2 19 10 23 11 1 30 75 3 2 18 13 17 17 20 3 3 113 4 99 18 109 3 5 30 11 27 24 36 2 7 51 14 49 2 8 38 22 47 2 2 112 9 96 2 16 160 17 199 3 10 3 14 3 17 4 2 14 165 25 182 1 12 152 2 14 190 18 209 2 11 217 24 169 2 11 165 15 171 3 15 80 17 94 30 85 2 9 81 19 74 2 5 127 24 156 2 14 222 22 220 3 15 84 17 96 30 86 4 4 71 6 83 18 103 29 95 3 1 161 22 138 27 136 3 8 3 13 3 20 4 2 14 128 21 135 4 4 97 6 86 18 97 29 88 2 16 31 26 43 2 7 12 28 10
32 3 1 108 4 132 22 116 2 10 136 23 135 3 3 20 4 21 6 17 2 2 65 27 81 2 5 104 6 98 2 19 10 23 11 1 30 75 3 2 18 13 17 17 20 3 3 113 4 99 18 109 3 5 30 11 27 24 36 2 7 51 14 49 2 8 38 22 47 2 2 112 9 96 2 16 160 17 199 3 10 3 14 3 17 4 2 14 165 25 182 1 12 152 2 14 190 18 209 2 11 217 24 169 2 11 165 15 171 3 15 80 17 94 30 85 2 9 81 19 74 2 5 127 24 156 2 14 222 22 220 3 15 84 17 96 30 86 4 4 71 6 83 18 103 29 95 3 1 161 22 138 27 136 3 8 3 13 3 20 4 2 14 128 21 135 4 4 97 6 86 18 97 29 88 2 16 31 26 43 2 7 12 28 10
32 3 1 108 4 132 22 116 2 10 136 23 135 3 3 20 4 21 6 17 2 2 65 27 81 2 5 104 6 98 2 19 10 23 11 1 30 75 3 2 18 13 17 17 20 3 3 113 4 99 18 109 3 5 30 11 27 24 36 2 7 51 14 49 2 8 38 22 47 2 2 112 9 96 2 16 160 17 199 3 10 3 14 3 17 4 2 14 165 25 182 1 12 152 2 14 190 18 209 2 11 217 24 169 2 11 165 15 171 3 15 80 17 94 30 85 2 9 81 19 74 2 5 127 24 156 2 14 222 22 220 3 15 84 17 96 30 86 4 4 71 6 83 18 103 29 95 3 1 161 22 138 27 136 3 8 3 13 3 20 4 2 14 128 21 135 4 4 97 6 86 18 97 29 88 2 16 31 26 43 2 7 12 28 10
32 3 1 108 4 132 22 116 2 10 136 23 135 3 3 20 4 21 6 17 2 2 65 27 81 2 5 104 6 98 2 19 10 23 11 1 30 75 3 2 18 13 17 17 20 3 3 113 4 99 18 109 3 5 30 11 27 24 36 2 7 51 14 49 2 8 38 22 47 2 2 112 9 96 2 16 160 17 199 3 10 3 14 3 17 4 2 14 165 25 182 1 12 152 2 14 190 18 209 2 11 217 24 169 2 11 165 15 171 3 15 80 17 94 30 85 2 9 81 19 74 2 5 127 24 156 2 14 222 22 220 3 15 84 17 96 30 86 4 4 71 6 83 18 103 29 95 3 1 161 22 138 27 136 3 8 3 13 3 20 4 2 14 128 21 135 4 4 97 6 86 18 97 29 88 2 16 31 26 43 2 7 12 28 10
32 3 1 108 4 132 22 116 2 10 136 23 135 3 3 20 4 21 6 17 2 2 65 27 81 2 5 104 6 98 2 19 10 23 11 1 30 75 3 2 18 13 17 17 20 3 3 113 4 99 18 109 3 5 30 11 27 24 36 2 7 51 14 49 2 8 38 22 47 2 2 112 9 96 2 16 160 17 199 3 10 3 14 3 17 4 2 14 165 25 182 1 12 152 2 14 190 18 209 2 11 217 24 169 2 11 165 15 171 3 15 80 17 94 30 85 2 9 81 19 74 2 5 127 24 156 2 14 222 22 220 3 15 84 17 96 30 86 4 4 71 6 83 18 103 29 95 3 1 161 22 138 27 136 3 8 3 13 3 20 4 2 14 128 21 135 4 4 97 6 86 18 97 29 88 2 16 31 26 43 2 7 12 28 10
37 3 1 114 4 129 22 109 2 2 96 27 94 3 3 18 4 18 6 20 3 15 79 17 76 30 82 3 3 97 4 95 18 85 3 5 26 11 31 24 33 2 5 86 6 104 3 3 103 4 84 18 111 2 14 163 18 142 2 7 49 14 53 2 8 50 22 54 2 14 174 18 162 2 2 99 9 104 2 10 123 23 162 2 11 189 24 198 2 5 71 6 104 2 11 169 15 151 1 12 182 3 1 134 4 134 22 108 3 2 19 13 23 17 17 3 10 3 14 4 17 3 2 16 208 17 173 2 9 88 19 72 2 19 11 23 9 3 3 119 4 117 18 113 3 8 3 13 4 20 3 4 4 90 6 76 18 94 29 87 3 1 119 22 172 27 116 2 14 106 21 120 2 14 170 25 203 2 7 10 28 13 2 14 178 22 231 2 11 164 15 162 2 5 131 24 137 1 12 183 2 16 38 26 42 1 30 85
37 3 1 114 4 129 22 109 2 2 96 27 94 3 3 18 4 18 6 20 3 15 79 17 76 30 82 3 3 97 4 95 18 85 3 5 26 11 31 24 33 2 5 86 6 104 3 3 103 4 84 18 111 2 14 163 18 142 2 7 49 14 53 2 8 50 22 54 2 14 174 18 162 2 2 99 9 104 2 10 123 23 162 2 11 189 24 198 2 5 71 6 104 2 11 169 15 151 1 12 182 3 1 134 4 134 22 108 3 2 19 13 23 17 17 3 10 3 14 4 17 3 2 16 208 17 173 2 9 88 19 72 2 19 11 23 9 3 3 119 4 117 18 113 3 8 3 13 4 20 3 4 4 90 6 76 18 94 29 87 3 1 119 22 172 27 116 2 14 106 21 120 2 14 170 25 203 2 7 10 28 13 2 14 178 22 231 2 11 164 15 162 2 5 131 24 137 1 12 183 2 16 38 26 42 1 30 85
37 3 1 114 4 129 22 109 2 2 96 27 94 3 3 18 4 18 6 20 3 15 79 17 76 30 82 3 3 97 4 95 18 85 3 5 26 11 31 24 33 2 5 86 6 104 3 3 103 4 84 18 111 2 14 163 18 142 2 7 49 14 53 2 8 50 22 54 2 14 174 18 162 2 2 99 9 104 2 10 123 23 162 2 11 189 24 198 2 5 71 6 104 2 11 169 15 151 1 12 182 3 1 134 4 134 22 108 3 2 19 13 23 17 17 3 10 3 14 4 17 3 2 16 208 17 173 2 9 88 19 72 2 19 11 23 9 3 3 119 4 117 18 113 3 8 3 13 4 20 3 4 4 90 6 76 18 94 29 87 3 1 119 22 172 27 116 2 14 106 21 120 2 14 170 25 203 2 7 10 28 13 2 14 178 22 231 2 11 164 15 162 2 5 131 24 137 1 12 183 2 16 38 26 42 1 30 85
36 3 1 110 4 118 22 148 2 2 82 27 85 3 3 19 4 21 6 20 2 2 74 27 84 3 3 95 4 89 18 94 2 2 74 27 94 3 5 38 11 39 24 34 2 5 77 6 81 2 7 49 14 56 2 8 39 22 44 3 2 18 13 19 17 19 2 14 203 18 170 2 10 155 23 151 3 5 29 11 30 24 32 2 19 9 23 11 2 14 120 21 103 2 2 105 9 104 2 11 214 24 165 1 12 182 2 5 77 6 78 3 8 3 13 3 20 3 2 16 38 26 43 2 14 222 22 171 2 9 63 19 64 3 10 3 14 4 17 4 2 11 146 15 218 2 16 194 17 172 3 15 94 17 76 30 87 2 5 133 24 114 2 16 32 26 33 2 14 191 25 155 3 1 117 22 119 27 146 2 2 91 9 108 1 30 67 2 7 12 28 11 4 4 99 6 100 18 83 29 103
36 3 1 110 4 118 22 148 2 2 82 27 85 3 3 19 4 21 6 20 2 2 74 27 84 3 3 95 4 89 18 94 2 2 74 27 94 3 5 38 11 39 24 34 2 5 77 6 81 2 7 49 14 56 2 8 39 22 44 3 2 18 13 19 17 19 2 14 203 18 170 2 10 155 23 151 3 5 29 11 30 24 32 2 19 9 23 11 2 14 120 21 103 2 2 105 9 104 2 11 214 24 165 1 12 182 2 5 77 6 78 3 8 3 13 3 20 3 2 16 38 26 43 2 14 222 22 171 2 9 63 19 64 3 10 3 14 4 17 4 2 11 146 15 218 2 16 194 17 172 3 15 94 17 76 30 87 2 5 133 24 114 2 16 32 26 33 2 14 191 25 155 3 1 117 22 119 27 146 2 2 91 9 108 1 30 67 2 7 12 28 11 4 4 99 6 100 18 83 29 103
36 3 1 110 4 118 22 148 2 2 82 27 85 3 3 19 4 21 6 20 2 2 74 27 84 3 3 95 4 89 18 94 2 2 74 27 94 3 5 38 11 39 24 34 2 5 77 6 81 2 7 49 14 56 2 8 39 22 44 3 2 18 13 19 17 19 2 14 203 18 170 2 10 155 23 151 3 5 29 11 30 24 32 2 19 9 23 11 2 14 120 21 103 2 2 105 9 104 2 11 214 24 165 1 12 182 2 5 77 6 78 3 8 3 13 3 20 3 2 16 38 26 43 2 14 222 22 171 2 9 63 19 64 3 10 3 14 4 17 4 2 11 146 15 218 2 16 194 17 172 3 15 94 17 76 30 87 2 5 133 24 114 2 16 32 26 33 2 14 191 25 155 3 1 117 22 119 27 146 2 2 91 9 108 1 30 67 2 7 12 28 11 4 4 99 6 100 18 83 29 103
37 3 1 146 4 118 22 137 2 2 65 27 65 3 3 16 4 14 6 17 3 1 156 4 112 22 127 3 3 99 4 102 18 92 3 3 14 4 20 6 20 2 19 12 23 9 3 5 28 11 31 24 34 2 5 82 6 84 2 7 60 14 61 3 1 131 4 154 22 112 2 8 42 22 46 2 2 72 27 83 3 10 4 14 4 17 3 2 14 102 21 116 3 5 34 11 33 24 36 2 2 108 9 101 2 10 166 23 150 2 11 228 24 214 1 12 155 2 16 39 26 34 2 7 11 28 12 3 2 17 13 18 17 23 2 14 213 22 231 2 7 50 14 52 2 11 179 15 184 2 16 191 17 209 3 15 80 17 94 30 87 2 14 198 18 158 2 9 63 19 82 3 8 4 13 3 20 3 2 7 12 28 12 1 30 70 3 1 163 22 116 27 125 2 5 118 24 151 2 14 197 25 173 4 4 90 6 72 18 100 29 78
37 3 1 146 4 118 22 137 2 2 65 27 65 3 3 16 4 14 6 17 3 1 156 4 112 22 127 3 3 99 4 102 18 92 3 3 14 4 20 6 20 2 19 12 23 9 3 5 28 11 31 24 34 2 5 82 6 84 2 7 60 14 61 3 1 131 4 154 22 112 2 8 42 22 46 2 2 72 27 83 3 10 4 14 4 17 3 2 14 102 21 116 3 5 34 11 33 24 36 2 2 108 9 101 2 10 166 23 150 2 11 228 24 214 1 12 155 2 16 39 26 34 2 7 11 28 12 3 2 17 13 18 17 23 2 14 213 22 231 2 7 50 14 52 2 11 179 15 184 2 16 191 17 209 3 15 80 17 94 30 87 2 14 198 18 158 2 9 63 19 82 3 8 4 13 3 20 3 2 7 12 28 12 1 30 70 3 1 163 22 116 27 125 2 5 118 24 151 2 14 197 25 173 4 4 90 6 72 18 100 29 78
38 3 1 136 4 113 22 158 2 2 91 27 93 1 12 215 3 1 120 4 151 22 124 3 3 115 4 99 18 120 2 5 95 6 89 3 3 99 4 86 18 87 3 3 16 4 20 6 14 1 12 191 2 2 77 9 99 2 5 90 6 72 3 5 26 11 38 24 37 2 7 59 14 60 3 15 94 17 80 30 88 2 7 11 28 12 3 10 4 14 4 17 3 2 8 41 22 40 2 14 112 21 94 2 10 159 23 152 2 5 150 24 163 3 15 85 17 80 30 78 2 11 223 24 185 3 2 23 13 19 17 18 2 14 112 21 135 3 8 3 13 4 20 3 2 14 157 18 183 1 30 84 2 7 13 28 11 2 14 204 25 210 2 11 170 15 168 2 7 11 28 13 2 16 195 17 156 2 16 42 26 35 2 9 60 19 64 2 14 193 22 170 2 19 12 23 12 4 4 86 6 69 18 94 29 82 3 1 148 22 124 27 120
38 3 1 136 4 113 22 158 2 2 91 27 93 1 12 215 3 1 120 4 151 22 124 3 3 115 4 99 18 120 2 5 95 6 89 3 3 99 4 86 18 87 3 3 16 4 20 6 14 1 12 191 2 2 77 9 99 2 5 90 6 72 3 5 26 11 38 24 37 2 7 59 14 60 3 15 94 17 80 30 88 2 7 11 28 12 3 10 4 14 4 17 3 2 8 41 22 40 2 14 112 21 94 2 10 159 23 152 2 5 150 24 163 3 15 85 17 80 30 78 2 11 223 24 185 3 2 23 13 19 17 18 2 14 112 21 135 3 8 3 13 4 20 3 2 14 157 18 183 1 30 84 2 7 13 28 11 2 14 204 25 210 2 11 170 15 168 2 7 11 28 13 2 16 195 17 156 2 16 42 26 35 2 9 60 19 64 2 14 193 22 170 2 19 12 23 12 4 4 86 6 69 18 94 29 82 3 1 148 22 124 27 120
38 3 1 113 4 152 22 125 2 2 88 27 81 1 12 171 3 1 116 4 134 22 110 3 3 82 4 101 18 81 2 5 97 6 75 3 3 116 4 112 18 84 3 3 20 4 20 6 20 1 12 209 2 2 101 9 94 2 5 77 6 88 3 5 26 11 37 24 37 2 7 56 14 57 3 15 67 17 76 30 73 2 7 10 28 12 3 10 3 14 4 17 3 2 8 44 22 49 2 14 100 21 94 2 10 161 23 138 2 5 125 24 158 3 15 98 17 94 30 81 2 11 179 24 228 3 2 17 13 21 17 23 2 14 108 21 126 3 8 4 13 3 20 4 2 14 198 18 196 1 30 80 2 7 12 28 13 2 14 176 25 164 2 11 165 15 170 2 7 11 28 13 2 16 165 17 203 2 16 43 26 45 2 9 70 19 84 2 14 204 22 162 2 19 12 23 12 4 4 73 6 86 18 102 29 97 3 1 163 22 164 27 165
37 3 1 118 4 158 22 119 2 2 96 27 66 3 3 15 4 18 6 17 3 15 68 17 96 30 88 3 3 113 4 100 18 109 3 5 37 11 29 24 30 2 5 75 6 81 3 3 112 4 105 18 113 2 14 199 18 146 2 7 45 14 53 2 8 43 22 46 2 14 200 18 148 2 2 105 9 93 2 10 132 23 168 2 11 230 24 217 2 5 92 6 73 2 11 175 15 169 1 12 213 3 1 159 4 147 22 116 3 2 22 13 17 17 19 3 10 4 14 3 17 4 2 16 156 17 153 2 9 81 19 83 2 19 11 23 13 3 3 92 4 98 18 105 3 8 4 13 4 20 3 4 4 70 6 97 18 74 29 87 3 1 130 22 169 27 157 2 14 132 21 121 2 14 168 25 202 2 7 13 28 13 2 14 162 22 177 2 11 157 15 150 2 5 165 24 148 1 12 153 2 16 43 26 35 1 30 76
35 3 1 156 4 150 22 132 2 2 65 27 74 3 3 19 4 21 6 18 3 3 81 4 83 18 84 3 5 35 11 38 24 27 2 5 74 6 98 2 11 148 15 175 2 7 57 14 54 4 4 103 6 75 18 101 29 102 2 8 39 22 45 2 2 105 9 98 3 3 104 4 87 18 120 2 10 174 23 124 2 11 163 24 173 1 12 186 2 16 199 17 148 3 15 82 17 81 30 74 2 7 10 28 10 2 14 196 25 203 3 1 133 4 110 22 118 3 2 23 13 17 17 20 2 7 62 14 62 2 14 159 22 173 2 14 179 18 166 2 10 147 23 165 3 10 4 14 3 17 3 2 16 33 26 33 2 9 60 19 70 2 14 157 25 168 3 1 142 22 152 27 139 3 8 4 13 3 20 3 2 19 11 23 11 1 30 72 2 14 95 21 132 2 5 153 24 140
34 2 14 185 25 180 4 4 78 6 75 18 71 29 88 3 1 138 4 123 22 115 3 3 90 4 92 18 104 2 14 170 25 208 2 11 207 15 189 2 2 76 27 89 2 14 195 22 179 3 3 14 4 18 6 18 3 5 35 11 27 24 34 2 5 127 24 141 2 14 185 25 170 2 5 82 6 104 2 7 60 14 58 2 16 175 17 152 2 8 47 22 49 4 4 78 6 101 18 90 29 77 2 2 86 9 82 2 14 159 18 161 2 14 113 21 118 2 10 140 23 155 2 11 164 24 173 1 12 190 3 2 23 13 18 17 16 3 10 3 14 3 17 4 3 15 86 17 90 30 96 2 9 86 19 88 3 8 4 13 4 20 3 2 19 13 23 10 2 16 37 26 44 3 1 166 22 121 27 147 2 2 95 27 80 2 7 9 28 12 1 30 85
34 2 14 185 25 180 4 4 78 6 75 18 71 29 88 3 1 138 4 123 22 115 3 3 90 4 92 18 104 2 14 170 25 208 2 11 207 15 189 2 2 76 27 89 2 14 195 22 179 3 3 14 4 18 6 18 3 5 35 11 27 24 34 2 5 127 24 141 2 14 185 25 170 2 5 82 6 104 2 7 60 14 58 2 16 175 17 152 2 8 47 22 49 4 4 78 6 101 18 90 29 77 2 2 86 9 82 2 14 159 18 161 2 14 113 21 118 2 10 140 23 155 2 11 164 24 173 1 12 190 3 2 23 13 18 17 16 3 10 3 14 3 17 4 3 15 86 17 90 30 96 2 9 86 19 88 3 8 4 13 4 20 3 2 19 13 23 10 2 16 37 26 44 3 1 166 22 121 27 147 2 2 95 27 80 2 7 9 28 12 1 30 85
36 3 15 95 17 84 30 66 3 1 127 4 157 22 112 3 15 79 17 70 30 86 2 2 75 27 84 3 3 18 4 18 6 19 3 3 115 4 111 18 104 3 5 30 11 27 24 33 2 5 104 6 73 3 8 4 13 3 20 3 2 10 170 23 118 3 10 3 14 3 17 4 2 7 57 14 45 2 14 109 21 98 1 30 58 2 8 37 22 54 2 16 174 17 179 2 2 113 9 97 2 5 144 24 118 2 14 125 21 135 2 11 194 24 192 1 12 158 2 7 14 28 13 2 11 166 24 177 2 14 186 18 173 3 2 20 13 19 17 20 2 11 146 15 194 2 2 73 27 89 2 9 69 19 80 3 2 18 13 22 17 21 2 16 30 26 36 3 1 127 4 128 22 125 3 1 138 22 164 27 127 2 14 170 25 202 2 14 193 22 210 4 4 77 6 100 18 82 29 84 2 19 8 23 12
35 3 1 109 4 136 22 155 2 2 71 27 95 3 3 14 4 20 6 15 3 3 82 4 114 18 119 2 9 69 19 83 3 5 34 11 31 24 27 2 14 123 21 105 2 14 195 18 168 2 9 80 19 61 2 5 100 6 95 2 7 51 14 61 4 4 80 6 86 18 102 29 101 2 7 63 14 62 2 8 54 22 44 2 2 112 9 110 2 10 138 23 144 2 2 89 27 84 2 11 187 24 227 1 12 178 3 2 19 13 20 17 23 2 7 56 14 46 3 10 3 14 4 17 4 2 11 154 15 218 2 16 144 17 179 2 19 12 23 10 3 15 84 17 88 30 86 2 7 12 28 12 3 8 3 13 4 20 4 2 14 195 22 187 2 5 140 24 123 3 1 165 22 161 27 141 2 7 47 14 45 2 14 166 25 169 2 16 41 26 41 1 30 82
35 3 1 109 4 136 22 155 2 2 71 27 95 3 3 14 4 20 6 15 3 3 82 4 114 18 119 2 9 69 19 83 3 5 34 11 31 24 27 2 14 123 21 105 2 14 195 18 168 2 9 80 19 61 2 5 100 6 95 2 7 51 14 61 4 4 80 6 86 18 102 29 101 2 7 63 14 62 2 8 54 22 44 2 2 112 9 110 2 10 138 23 144 2 2 89 27 84 2 11 187 24 227 1 12 178 3 2 19 13 20 17 23 2 7 56 14 46 3 10 3 14 4 17 4 2 11 154 15 218 2 16 144 17 179 2 19 12 23 10 3 15 84 17 88 30 86 2 7 12 28 12 3 8 3 13 4 20 4 2 14 195 22 187 2 5 140 24 123 3 1 165 22 161 27 141 2 7 47 14 45 2 14 166 25 169 2 16 41 26 41 1 30 82
36 3 1 118 4 117 22 148 2 2 95 27 66 3 3 19 4 16 6 18 2 2 65 27 80 3 3 103 4 97 18 101 2 2 84 27 68 3 5 37 11 38 24 38 2 5 105 6 104 2 7 54 14 48 2 8 55 22 50 3 2 17 13 17 17 17 2 14 189 18 148 2 10 147 23 120 3 5 31 11 28 24 32 2 19 12 23 9 2 14 101 21 105 2 2 77 9 78 2 11 220 24 179 1 12 178 2 5 76 6 101 3 8 4 13 3 20 4 2 16 31 26 40 2 14 191 22 223 2 9 82 19 88 3 10 3 14 4 17 3 2 11 184 15 213 2 16 172 17 163 3 15 90 17 98 30 92 2 5 140 24 166 2 16 33 26 40 2 14 195 25 190 3 1 136 22 156 27 141 2 2 86 9 112 1 30 85 2 7 12 28 13 4 4 69 6 83 18 74 29 71
34 2 14 189 25 182 4 4 100 6 78 18 85 29 102 3 1 107 4 143 22 121 3 3 105 4 120 18 81 2 14 161 25 204 2 11 185 15 178 2 2 69 27 81 2 14 164 22 166 3 3 14 4 19 6 15 3 5 37 11 31 24 28 2 5 127 24 159 2 14 153 25 196 2 5 77 6 103 2 7 65 14 57 2 16 141 17 209 2 8 46 22 52 4 4 101 6 79 18 75 29 83 2 2 83 9 98 2 14 211 18 193 2 14 95 21 99 2 10 123 23 135 2 11 178 24 186 1 12 214 3 2 19 13 23 17 16 3 10 3 14 3 17 4 3 15 97 17 72 30 76 2 9 73 19 84 3 8 4 13 3 20 4 2 19 12 23 12 2 16 35 26 40 3 1 156 22 156 27 167 2 2 83 27 68 2 7 9 28 10 1 30 64
36 3 1 155 4 159 22 146 2 10 164 23 136 3 1 158 4 147 22 124 2 2 95 27 71 3 3 21 4 18 6 17 2 11 178 15 198 3 2 18 13 16 17 22 2 16 162 17 140 2 10 156 23 158 2 14 127 21 124 3 3 115 4 82 18 86 1 30 64 3 5 32 11 30 24 34 3 3 92 4 110 18 111 2 5 99 6 79 2 14 166 25 211 2 8 51 22 41 2 7 56 14 63 2 2 87 9 115 2 14 209 18 170 2 11 163 24 177 2 11 170 15 162 1 12 200 4 4 85 6 76 18 96 29 72 3 10 4 14 4 17 3 3 15 90 17 98 30 86 2 9 77 19 59 4 4 97 6 86 18 70 29 92 2 7 13 28 9 2 19 11 23 10 2 16 36 26 42 1 30 72 2 5 124 24 146 2 14 173 22 203 3 8 4 13 4 20 3 3 1 170 22 156 27 146
32 3 1 131 4 145 22 133 2 10 144 23 170 3 3 21 4 16 6 18 2 2 96 27 88 2 5 104 6 102 2 19 9 23 12 1 30 80 3 2 20 13 21 17 23 3 3 118 4 96 18 110 3 5 32 11 38 24 27 2 7 47 14 55 2 8 54 22 44 2 2 87 9 87 2 16 177 17 175 3 10 3 14 3 17 4 2 14 196 25 176 1 12 167 2 14 201 18 183 2 11 233 24 224 2 11 186 15 206 3 15 89 17 94 30 83 2 9 59 19 66 2 5 144 24 156 2 14 188 22 229 3 15 73 17 68 30 72 4 4 73 6 69 18 103 29 95 3 1 173 22 132 27 137 3 8 4 13 3 20 4 2 14 127 21 98 4 4 103 6 72 18 101 29 70 2 16 33 26 40 2 7 13 28 10
40 3 1 131 4 137 22 114 2 2 75 27 85 3 1 118 4 158 22 150 2 16 164 17 198 2 2 90 27 69 2 7 61 14 50 3 3 17 4 19 6 20 2 7 57 14 44 3 3 84 4 92 18 85 3 5 36 11 28 24 36 2 10 168 23 159 2 5 77 6 101 2 16 167 17 180 2 2 98 9 100 2 5 95 6 91 2 8 51 22 48 3 10 4 14 3 17 3 2 11 162 24 160 1 12 165 3 2 20 13 21 17 19 2 11 164 15 198 2 2 67 27 82 3 15 94 17 97 30 67 3 1 143 4 142 22 111 2 14 180 18 211 2 9 82 19 69 2 19 11 23 10 3 8 3 13 4 20 3 2 11 164 15 182 2 14 128 21 118 2 14 214 22 200 2 8 42 22 52 2 5 151 24 168 2 14 198 25 190 3 1 133 22 168 27 151 2 10 150 23 171 2 7 12 28 12 2 16 39 26 38 4 4 102 6 79 18 101 29 100 1 30 78
40 3 1 131 4 137 22 114 2 2 75 27 85 3 1 118 4 158 22 150 2 16 164 17 198 2 2 90 27 69 2 7 61 14 50 3 3 17 4 19 6 20 2 7 57 14 44 3 3 84 4 92 18 85 3 5 36 11 28 24 36 2 10 168 23 159 2 5 77 6 101 2 16 167 17 180 2 2 98 9 100 2 5 95 6 91 2 8 51 22 48 3 10 4 14 3 17 3 2 11 162 24 160 1 12 165 3 2 20 13 21 17 19 2 11 164 15 198 2 2 67 27 82 3 15 94 17 97 30 67 3 1 143 4 142 22 111 2 14 180 18 211 2 9 82 19 69 2 19 11 23 10 3 8 3 13 4 20 3 2 11 164 15 182 2 14 128 21 118 2 14 214 22 200 2 8 42 22 52 2 5 151 24 168 2 14 198 25 190 3 1 133 22 168 27 151 2 10 150 23 171 2 7 12 28 12 2 16 39 26 38 4 4 102 6 79 18 101 29 100 1 30 78
35 3 1 151 4 156 22 142 2 2 78 27 88 3 3 19 4 19 6 17 3 3 92 4 81 18 84 2 9 74 19 76 3 5 39 11 31 24 31 2 14 119 21 120 2 14 184 18 187 2 9 65 19 74 2 5 99 6 86 2 7 55 14 45 4 4 89 6 73 18 71 29 76 2 7 48 14 47 2 8 48 22 40 2 2 80 9 106 2 10 117 23 150 2 2 81 27 65 2 11 201 24 232 1 12 213 3 2 21 13 16 17 16 2 7 63 14 49 3 10 4 14 3 17 4 2 11 189 15 199 2 16 200 17 192 2 19 11 23 12 3 15 76 17 77 30 69 2 7 9 28 12 3 8 3 13 4 20 4 2 14 213 22 179 2 5 126 24 151 3 1 123 22 155 27 127 2 7 60 14 61 2 14 203 25 213 2 16 42 26 31 1 30 66
35 3 1 151 4 156 22 142 2 2 78 27 88 3 3 19 4 19 6 17 3 3 92 4 81 18 84 2 9 74 19 76 3 5 39 11 31 24 31 2 14 119 21 120 2 14 184 18 187 2 9 65 19 74 2 5 99 6 86 2 7 55 14 45 4 4 89 6 73 18 71 29 76 2 7 48 14 47 2 8 48 22 40 2 2 80 9 106 2 10 117 23 150 2 2 81 27 65 2 11 201 24 232 1 12 213 3 2 21 13 16 17 16 2 7 63 14 49 3 10 4 14 3 17 4 2 11 189 15 199 2 16 200 17 192 2 19 11 23 12 3 15 76 17 77 30 69 2 7 9 28 12 3 8 3 13 4 20 4 2 14 213 22 179 2 5 126 24 151 3 1 123 22 155 27 127 2 7 60 14 61 2 14 203 25 213 2 16 42 26 31 1 30 66
34 2 14 205 25 190 4 4 93 6 85 18 102 29 89 3 1 154 4 149 22 141 3 3 91 4 89 18 110 2 14 175 25 150 2 11 207 15 191 2 2 80 27 81 2 14 183 22 190 3 3 19 4 21 6 17 3 5 31 11 39 24 36 2 5 118 24 123 2 14 162 25 203 2 5 101 6 98 2 7 53 14 44 2 16 208 17 144 2 8 45 22 46 4 4 74 6 82 18 80 29 80 2 2 109 9 88 2 14 176 18 175 2 14 131 21 102 2 10 172 23 169 2 11 176 24 166 1 12 183 3 2 18 13 21 17 17 3 10 3 14 4 17 4 3 15 73 17 88 30 94 2 9 77 19 64 3 8 4 13 4 20 4 2 19 12 23 12 2 16 35 26 34 3 1 141 22 158 27 139 2 2 96 27 65 2 7 13 28 12 1 30 83
34 2 14 205 25 190 4 4 93 6 85 18 102 29 89 3 1 154 4 149 22 141 3 3 91 4 89 18 110 2 14 175 25 150 2 11 207 15 191 2 2 80 27 81 2 14 183 22 190 3 3 19 4 21 6 17 3 5 31 11 39 24 36 2 5 118 24 123 2 14 162 25 203 2 5 101 6 98 2 7 53 14 44 2 16 208 17 144 2 8 45 22 46 4 4 74 6 82 18 80 29 80 2 2 109 9 88 2 14 176 18 175 2 14 131 21 102 2 10 172 23 169 2 11 176 24 166 1 12 183 3 2 18 13 21 17 17 3 10 3 14 4 17 4 3 15 73 17 88 30 94 2 9 77 19 64 3 8 4 13 4 20 4 2 19 12 23 12 2 16 35 26 34 3 1 141 22 158 27 139 2 2 96 27 65 2 7 13 28 12 1 30 83
40 3 1 156 4 149 22 126 2 2 87 27 73 3 1 127 4 151 22 128 2 16 185 17 141 2 2 68 27 73 2 7 51 14 58 3 3 19 4 18 6 15 2 7 51 14 64 3 3 94 4 108 18 106 3 5 38 11 36 24 32 2 10 145 23 126 2 5 94 6 74 2 16 158 17 206 2 2 102 9 99 2 5 102 6 75 2 8 49 22 50 3 10 3 14 4 17 4 2 11 222 24 205 1 12 163 3 2 23 13 17 17 16 2 11 192 15 154 2 2 78 27 93 3 15 93 17 90 30 85 3 1 113 4 110 22 135 2 14 203 18 155 2 9 61 19 69 2 19 9 23 10 3 8 4 13 4 20 3 2 11 156 15 152 2 14 102 21 122 2 14 209 22 160 2 8 43 22 37 2 5 137 24 124 2 14 149 25 200 3 1 135 22 141 27 129 2 10 128 23 153 2 7 11 28 13 2 16 43 26 43 4 4 72 6 74 18 89 29 83 1 30 76
40 3 1 156 4 149 22 126 2 2 87 27 73 3 1 127 4 151 22 128 2 16 185 17 141 2 2 68 27 73 2 7 51 14 58 3 3 19 4 18 6 15 2 7 51 14 64 3 3 94 4 108 18 106 3 5 38 11 36 24 32 2 10 145 23 126 2 5 94 6 74 2 16 158 17 206 2 2 102 9 99 2 5 102 6 75 2 8 49 22 50 3 10 3 14 4 17 4 2 11 222 24 205 1 12 163 3 2 23 13 17 17 16 2 11 192 15 154 2 2 78 27 93 3 15 93 17 90 30 85 3 1 113 4 110 22 135 2 14 203 18 155 2 9 61 19 69 2 19 9 23 10 3 8 4 13 4 20 3 2 11 156 15 152 2 14 102 21 122 2 14 209 22 160 2 8 43 22 37 2 5 137 24 124 2 14 149 25 200 3 1 135 22 141 27 129 2 10 128 23 153 2 7 11 28 13 2 16 43 26 43 4 4 72 6 74 18 89 29 83 1 30 76
35 3 1 119 4 147 22 109 2 2 78 27 96 3 3 18 4 16 6 18 3 3 93 4 120 18 106 2 9 69 19 59 3 5 35 11 31 24 30 2 14 117 21 136 2 14 155 18 193 2 9 88 19 75 2 5 99 6 79 2 7 53 14 44 4 4 93 6 86 18 85 29 76 2 7 48 14 51 2 8 39 22 52 2 2 97 9 95 2 10 160 23 173 2 2 72 27 67 2 11 204 24 184 1 12 203 3 2 16 13 21 17 22 2 7 54 14 48 3 10 3 14 3 17 3 2 11 185 15 177 2 16 166 17 178 2 19 13 23 12 3 15 94 17 73 30 76 2 7 10 28 14 3 8 3 13 3 20 4 2 14 198 22 158 2 5 142 24 169 3 1 158 22 116 27 143 2 7 51 14 63 2 14 152 25 201 2 16 36 26 30 1 30 70
36 3 15 72 17 68 30 71 3 1 118 4 132 22 159 3 15 87 17 90 30 76 2 2 84 27 93 3 3 15 4 16 6 17 3 3 115 4 83 18 87 3 5 26 11 34 24 30 2 5 75 6 82 3 8 3 13 3 20 4 2 10 142 23 161 3 10 3 14 4 17 3 2 7 47 14 61 2 14 123 21 112 1 30 83 2 8 49 22 52 2 16 198 17 146 2 2 87 9 91 2 5 169 24 162 2 14 111 21 129 2 11 166 24 229 1 12 204 2 7 13 28 11 2 11 173 24 160 2 14 202 18 188 3 2 22 13 20 17 20 2 11 162 15 163 2 2 86 27 94 2 9 79 19 67 3 2 18 13 19 17 23 2 16 35 26 41 3 1 121 4 152 22 146 3 1 173 22 128 27 130 2 14 162 25 177 2 14 180 22 165 4 4 87 6 70 18 74 29 90 2 19 9 23 11
35 3 1 112 4 109 22 155 2 2 94 27 93 3 1 145 4 126 22 152 3 3 19 4 19 6 19 2 14 191 25 218 3 3 87 4 110 18 106 2 2 95 27 93 2 19 12 23 8 3 5 34 11 27 24 31 2 5 88 6 95 2 14 187 25 170 2 10 153 23 142 3 3 16 4 14 6 15 2 7 62 14 60 2 8 52 22 40 2 2 110 9 77 2 11 227 24 163 1 12 208 3 2 18 13 20 17 20 3 10 4 14 3 17 3 2 14 223 22 178 2 11 209 15 218 2 14 97 21 133 2 16 162 17 204 3 15 68 17 92 30 88 2 14 176 18 210 2 9 70 19 63 3 8 3 13 3 20 3 2 5 132 24 169 2 16 44 26 43 3 1 122 22 155 27 132 2 11 163 15 175 2 7 11 28 14 4 4 73 6 96 18 101 29 71 1 30 64
35 3 1 112 4 109 22 155 2 2 94 27 93 3 1 145 4 126 22 152 3 3 19 4 19 6 19 2 14 191 25 218 3 3 87 4 110 18 106 2 2 95 27 93 2 19 12 23 8 3 5 34 11 27 24 31 2 5 88 6 95 2 14 187 25 170 2 10 153 23 142 3 3 16 4 14 6 15 2 7 62 14 60 2 8 52 22 40 2 2 110 9 77 2 11 227 24 163 1 12 208 3 2 18 13 20 17 20 3 10 4 14 3 17 3 2 14 223 22 178 2 11 209 15 218 2 14 97 21 133 2 16 162 17 204 3 15 68 17 92 30 88 2 14 176 18 210 2 9 70 19 63 3 8 3 13 3 20 3 2 5 132 24 169 2 16 44 26 43 3 1 122 22 155 27 132 2 11 163 15 175 2 7 11 28 14 4 4 73 6 96 18 101 29 71 1 30 64
40 2 2 94 9 86 3 1 154 4 130 22 113 2 2 66 27 82 3 3 18 4 19 6 17 2 2 104 9 108 1 12 209 3 1 121 4 118 22 159 3 3 116 4 103 18 86 3 3 14 4 17 6 19 3 5 35 11 38 24 33 2 5 89 6 89 2 7 48 14 50 2 2 111 9 77 3 8 4 13 3 20 3 2 8 50 22 51 2 10 135 23 171 2 11 204 24 172 2 19 11 23 10 3 3 16 4 21 6 21 3 2 18 13 20 17 21 2 7 49 14 49 3 10 3 14 3 17 3 2 5 102 6 72 2 11 148 15 199 2 19 12 23 9 2 16 140 17 201 3 1 150 22 166 27 153 3 15 94 17 87 30 93 2 7 56 14 49 2 14 184 18 153 2 9 81 19 63 2 14 121 21 121 2 14 171 25 165 2 14 175 22 223 3 5 28 11 34 24 28 2 7 11 28 11 2 5 120 24 144 2 16 40 26 39 1 30 85 4 4 90 6 100 18 71 29 98
36 3 15 72 17 70 30 94 3 1 133 4 110 22 156 3 15 71 17 88 30 75 2 2 85 27 67 3 3 18 4 16 6 19 3 3 116 4 100 18 120 3 5 38 11 30 24 31 2 5 100 6 96 3 8 3 13 3 20 4 2 10 165 23 161 3 10 4 14 4 17 4 2 7 48 14 55 2 14 127 21 136 1 30 73 2 8 54 22 54 2 16 144 17 148 2 2 112 9 93 2 5 121 24 170 2 14 136 21 121 2 11 204 24 169 1 12 158 2 7 10 28 11 2 11 172 24 211 2 14 160 18 199 3 2 18 13 22 17 22 2 11 208 15 188 2 2 70 27 96 2 9 86 19 80 3 2 16 13 16 17 19 2 16 35 26 41 3 1 128 4 115 22 145 3 1 131 22 169 27 126 2 14 220 25 183 2 14 200 22 202 4 4 89 6 98 18 75 29 73 2 19 10 23 11
40 3 1 150 4 122 22 139 2 2 69 27 77 3 1 153 4 120 22 131 2 16 164 17 203 2 2 84 27 87 2 7 54 14 54 3 3 14 4 19 6 15 2 7 63 14 65 3 3 115 4 84 18 90 3 5 30 11 32 24 33 2 10 140 23 132 2 5 90 6 89 2 16 155 17 142 2 2 95 9 85 2 5 99 6 104 2 8 49 22 48 3 10 3 14 4 17 4 2 11 218 24 163 1 12 213 3 2 16 13 20 17 18 2 11 163 15 171 2 2 88 27 65 3 15 69 17 91 30 85 3 1 140 4 145 22 108 2 14 157 18 194 2 9 60 19 75 2 19 12 23 10 3 8 3 13 3 20 3 2 11 182 15 187 2 14 122 21 117 2 14 220 22 177 2 8 52 22 42 2 5 159 24 123 2 14 176 25 208 3 1 126 22 164 27 152 2 10 135 23 146 2 7 13 28 12 2 16 39 26 31 4 4 95 6 81 18 89 29 103 1 30 67
35 3 1 112 4 128 22 147 2 2 73 27 81 3 1 144 4 123 22 112 3 3 17 4 18 6 19 2 14 213 25 181 3 3 103 4 119 18 82 2 2 65 27 86 2 19 12 23 11 3 5 30 11 27 24 38 2 5 100 6 83 2 14 199 25 218 2 10 117 23 131 3 3 16 4 21 6 16 2 7 57 14 55 2 8 43 22 37 2 2 77 9 112 2 11 209 24 214 1 12 205 3 2 17 13 18 17 20 3 10 3 14 4 17 4 2 14 189 22 228 2 11 190 15 165 2 14 131 21 130 2 16 195 17 194 3 15 73 17 88 30 98 2 14 165 18 182 2 9 76 19 62 3 8 3 13 3 20 3 2 5 145 24 128 2 16 43 26 34 3 1 143 22 116 27 155 2 11 175 15 208 2 7 11 28 13 4 4 95 6 81 18 91 29 93 1 30 60
32 3 1 125 4 148 22 118 2 2 91 27 94 3 3 16 4 18 6 19 2 5 71 6 77 2 14 197 22 217 2 2 80 27 86 2 14 170 18 183 2 8 52 22 50 3 2 18 13 18 17 23 3 3 101 4 105 18 97 3 8 4 13 4 20 4 2 19 11 23 11 2 11 199 15 218 3 5 28 11 28 24 26 2 7 52 14 65 2 2 89 9 81 2 10 175 23 136 2 11 214 24 212 1 12 200 3 10 4 14 4 17 3 2 16 186 17 203 3 15 83 17 79 30 95 2 9 73 19 78 2 14 98 21 104 3 1 157 22 168 27 166 2 5 144 24 121 2 14 188 25 185 2 16 40 26 45 2 2 77 27 84 4 4 103 6 88 18 95 29 92 2 7 10 28 11 1 30 79
40 2 2 79 9 83 3 1 152 4 145 22 115 2 2 76 27 82 3 3 19 4 17 6 17 2 2 87 9 90 1 12 195 3 1 147 4 114 22 117 3 3 107 4 106 18 96 3 3 19 4 18 6 21 3 5 38 11 35 24 33 2 5 89 6 71 2 7 45 14 51 2 2 85 9 99 3 8 3 13 4 20 3 2 8 51 22 38 2 10 159 23 132 2 11 210 24 230 2 19 9 23 11 3 3 19 4 14 6 17 3 2 16 13 22 17 23 2 7 51 14 50 3 10 3 14 4 17 3 2 5 78 6 71 2 11 183 15 213 2 19 12 23 11 2 16 196 17 204 3 1 167 22 164 27 146 3 15 84 17 71 30 99 2 7 64 14 51 2 14 201 18 175 2 9 63 19 70 2 14 99 21 131 2 14 207 25 159 2 14 202 22 159 3 5 33 11 35 24 30 2 7 13 28 10 2 5 145 24 125 2 16 34 26 31 1 30 86 4 4 92 6 76 18 71 29 90
40 2 2 79 9 83 3 1 152 4 145 22 115 2 2 76 27 82 3 3 19 4 17 6 17 2 2 87 9 90 1 12 195 3 1 147 4 114 22 117 3 3 107 4 106 18 96 3 3 19 4 18 6 21 3 5 38 11 35 24 33 2 5 89 6 71 2 7 45 14 51 2 2 85 9 99 3 8 3 13 4 20 3 2 8 51 22 38 2 10 159 23 132 2 11 210 24 230 2 19 9 23 11 3 3 19 4 14 6 17 3 2 16 13 22 17 23 2 7 51 14 50 3 10 3 14 4 17 3 2 5 78 6 71 2 11 183 15 213 2 19 12 23 11 2 16 196 17 204 3 1 167 22 164 27 146 3 15 84 17 71 30 99 2 7 64 14 51 2 14 201 18 175 2 9 63 19 70 2 14 99 21 131 2 14 207 25 159 2 14 202 22 159 3 5 33 11 35 24 30 2 7 13 28 10 2 5 145 24 125 2 16 34 26 31 1 30 86 4 4 92 6 76 18 71 29 90
39 2 14 185 25 210 3 1 118 4 126 22 138 2 2 80 27 72 2 5 82 6 75 3 3 15 4 21 6 20 3 3 89 4 107 18 84 2 16 43 26 44 3 5 39 11 28 24 36 2 5 102 6 90 2 7 61 14 65 3 1 158 4 108 22 122 2 8 53 22 50 2 2 104 9 95 2 2 70 27 80 2 10 161 23 140 2 14 165 25 173 3 2 20 13 16 17 19 2 11 219 24 164 1 12 200 2 5 132 24 148 3 10 4 14 3 17 4 2 11 203 15 161 2 2 96 27 68 2 16 179 17 193 2 16 45 26 34 3 15 83 17 81 30 72 4 4 77 6 76 18 88 29 93 2 11 165 24 160 3 1 122 22 156 27 123 3 1 112 4 124 22 130 1 30 79 2 14 206 18 146 2 9 63 19 81 3 8 3 13 4 20 3 2 19 9 23 11 2 14 118 21 131 3 10 3 14 4 17 4 2 14 193 22 215 2 7 12 28 13
37 3 1 120 4 151 22 110 2 2 73 27 70 3 3 20 4 17 6 16 3 1 159 4 129 22 140 3 3 95 4 85 18 84 3 3 18 4 16 6 17 2 19 10 23 9 3 5 31 11 35 24 36 2 5 71 6 94 2 7 63 14 54 3 1 108 4 132 22 121 2 8 52 22 41 2 2 96 27 85 3 10 3 14 4 17 4 2 14 97 21 112 3 5 35 11 35 24 38 2 2 86 9 79 2 10 160 23 129 2 11 183 24 171 1 12 208 2 16 34 26 36 2 7 13 28 11 3 2 16 13 19 17 21 2 14 208 22 182 2 7 55 14 49 2 11 165 15 204 2 16 141 17 184 3 15 84 17 70 30 99 2 14 158 18 175 2 9 68 19 61 3 8 3 13 4 20 4 2 7 10 28 11 1 30 59 3 1 151 22 147 27 125 2 5 146 24 142 2 14 189 25 160 4 4 82 6 76 18 80 29 95
39 2 14 170 25 163 3 1 121 4 145 22 156 2 2 87 27 73 2 5 79 6 94 3 3 18 4 20 6 18 3 3 116 4 97 18 109 2 16 36 26 32 3 5 30 11 32 24 32 2 5 71 6 82 2 7 55 14 50 3 1 136 4 136 22 119 2 8 48 22 44 2 2 77 9 100 2 2 94 27 77 2 10 135 23 154 2 14 220 25 157 3 2 19 13 19 17 22 2 11 192 24 222 1 12 168 2 5 141 24 134 3 10 4 14 4 17 4 2 11 183 15 187 2 2 95 27 86 2 16 188 17 186 2 16 45 26 33 3 15 81 17 81 30 70 4 4 78 6 74 18 101 29 79 2 11 194 24 175 3 1 145 22 146 27 130 3 1 116 4 149 22 128 1 30 76 2 14 144 18 208 2 9 80 19 68 3 8 3 13 4 20 4 2 19 12 23 9 2 14 121 21 137 3 10 4 14 4 17 4 2 14 209 22 196 2 7 11 28 10
DUE_DATES: 4527 3864 3864 3864 3864 3864 4782 4782 4782 4076 4076 4076 4231 4231 4602 4602 4559 4823 4285 4265 4265 4315 4070 4070 4166 4257 4571 3966 5109 5109 4103 4103 4312 4312 4903 4903 4024 4399 4515 4515 4397 4474 5029 4454 3975 4413 4413 4786 4084 4794
WEIGHTS: 1 2 1 1 1 2 3 1 3 3 1 1 1 2 1 2 3 3 3 2 3 3 2 1 2 1 1 3 2 3 3 1 3 1 3 2 1 1 1 3 2 3 2 3 1 3 1 3 2 1
