50 30
36 1 10 64 2 1 92 4 98 2 2 202 7 214 2 3 7 11 6 2 1 93 4 75 3 13 25 21 30 28 30 2 2 178 7 214 3 4 180 10 198 17 157 1 5 76 3 6 96 19 87 23 108 3 8 132 26 128 27 177 2 25 1 26 1 3 7 100 8 88 24 111 2 8 72 16 91 2 9 91 19 81 3 8 159 26 164 27 138 3 1 94 4 75 11 93 3 12 205 16 209 22 203 3 1 153 13 169 14 167 3 17 68 18 87 30 83 2 4 123 15 108 3 4 56 20 75 26 66 3 6 102 19 92 23 115 2 16 175 21 162 3 17 198 25 176 30 226 3 8 165 19 174 26 169 2 23 183 29 151 1 5 75 3 6 87 11 104 20 92 3 17 94 18 91 30 93 3 5 206 18 198 28 157 2 7 107 21 156 3 6 28 22 29 24 24 2 17 56 22 64 2 20 96 29 117 2 5 65 30 73
36 1 10 64 2 1 92 4 98 2 2 202 7 214 2 3 7 11 6 2 1 93 4 75 3 13 25 21 30 28 30 2 2 178 7 214 3 4 180 10 198 17 157 1 5 76 3 6 96 19 87 23 108 3 8 132 26 128 27 177 2 25 1 26 1 3 7 100 8 88 24 111 2 8 72 16 91 2 9 91 19 81 3 8 159 26 164 27 138 3 1 94 4 75 11 93 3 12 205 16 209 22 203 3 1 153 13 169 14 167 3 17 68 18 87 30 83 2 4 123 15 108 3 4 56 20 75 26 66 3 6 102 19 92 23 115 2 16 175 21 162 3 17 198 25 176 30 226 3 8 165 19 174 26 169 2 23 183 29 151 1 5 75 3 6 87 11 104 20 92 3 17 94 18 91 30 93 3 5 206 18 198 28 157 2 7 107 21 156 3 6 28 22 29 24 24 2 17 56 22 64 2 20 96 29 117 2 5 65 30 73
37 3 13 21 21 22 28 27 2 1 73 4 75 2 2 215 7 195 2 3 8 11 6 2 1 103 4 102 3 4 213 10 158 17 172 3 5 174 18 203 28 221 1 5 87 3 6 103 19 87 23 94 3 7 80 8 91 24 113 2 1 98 4 81 3 12 173 16 153 22 216 2 8 90 16 104 2 9 100 19 98 3 4 187 10 168 17 198 3 17 212 25 228 30 159 1 10 52 3 4 75 20 77 26 63 3 17 81 18 93 30 86 3 1 144 13 181 14 175 3 13 28 21 22 28 24 3 1 73 4 89 11 87 2 4 139 15 137 1 5 73 2 16 178 21 166 3 1 92 4 76 11 83 3 6 30 22 28 24 26 3 8 154 19 189 26 185 3 6 92 11 96 20 113 2 7 156 21 151 2 17 62 22 51 3 8 144 26 150 27 155 2 23 179 29 182 3 6 108 11 116 20 113 2 25 1 26 1 2 20 100 29 114 2 5 61 30 59
37 3 13 21 21 22 28 27 2 1 73 4 75 2 2 215 7 195 2 3 8 11 6 2 1 103 4 102 3 4 213 10 158 17 172 3 5 174 18 203 28 221 1 5 87 3 6 103 19 87 23 94 3 7 80 8 91 24 113 2 1 98 4 81 3 12 173 16 153 22 216 2 8 90 16 104 2 9 100 19 98 3 4 187 10 168 17 198 3 17 212 25 228 30 159 1 10 52 3 4 75 20 77 26 63 3 17 81 18 93 30 86 3 1 144 13 181 14 175 3 13 28 21 22 28 24 3 1 73 4 89 11 87 2 4 139 15 137 1 5 73 2 16 178 21 166 3 1 92 4 76 11 83 3 6 30 22 28 24 26 3 8 154 19 189 26 185 3 6 92 11 96 20 113 2 7 156 21 151 2 17 62 22 51 3 8 144 26 150 27 155 2 23 179 29 182 3 6 108 11 116 20 113 2 25 1 26 1 2 20 100 29 114 2 5 61 30 59
37 3 13 21 21 22 28 27 2 1 73 4 75 2 2 215 7 195 2 3 8 11 6 2 1 103 4 102 3 4 213 10 158 17 172 3 5 174 18 203 28 221 1 5 87 3 6 103 19 87 23 94 3 7 80 8 91 24 113 2 1 98 4 81 3 12 173 16 153 22 216 2 8 90 16 104 2 9 100 19 98 3 4 187 10 168 17 198 3 17 212 25 228 30 159 1 10 52 3 4 75 20 77 26 63 3 17 81 18 93 30 86 3 1 144 13 181 14 175 3 13 28 21 22 28 24 3 1 73 4 89 11 87 2 4 139 15 137 1 5 73 2 16 178 21 166 3 1 92 4 76 11 83 3 6 30 22 28 24 26 3 8 154 19 189 26 185 3 6 92 11 96 20 113 2 7 156 21 151 2 17 62 22 51 3 8 144 26 150 27 155 2 23 179 29 182 3 6 108 11 116 20 113 2 25 1 26 1 2 20 100 29 114 2 5 61 30 59
36 1 10 56 2 1 98 4 101 2 2 222 7 234 2 3 6 11 8 2 1 76 4 86 3 13 25 21 27 28 28 2 2 195 7 227 3 4 198 10 191 17 157 1 5 94 3 6 81 19 90 23 82 3 8 166 26 169 27 157 2 25 1 26 1 3 7 84 8 96 24 101 2 8 81 16 72 2 9 105 19 121 3 8 133 26 165 27 162 3 1 66 4 90 11 91 3 12 204 16 189 22 210 3 1 186 13 168 14 151 3 17 67 18 74 30 88 2 4 134 15 111 3 4 69 20 66 26 66 3 6 117 19 115 23 109 2 16 178 21 154 3 17 169 25 170 30 156 3 8 199 19 187 26 182 2 23 154 29 186 1 5 90 3 6 87 11 82 20 90 3 17 90 18 76 30 84 3 5 224 18 219 28 194 2 7 145 21 146 3 6 23 22 24 24 23 2 17 57 22 57 2 20 96 29 96 2 5 61 30 62
37 2 4 128 15 98 2 1 94 4 90 2 4 121 15 107 2 2 200 7 224 2 1 72 4 87 3 12 163 16 170 22 208 2 3 6 11 7 2 2 231 7 165 1 10 52 2 5 70 30 74 3 4 176 10 212 17 157 1 5 84 2 16 210 21 154 3 6 86 19 93 23 95 3 7 96 8 79 24 113 2 5 71 30 57 3 8 180 19 169 26 169 2 20 91 29 100 2 8 90 16 87 2 9 111 19 99 3 1 75 4 75 11 70 2 7 154 21 118 3 13 22 21 21 28 26 3 1 142 13 152 14 165 2 3 7 11 7 3 17 164 25 191 30 155 2 1 98 4 72 2 17 69 22 51 3 17 65 18 90 30 71 2 1 94 4 96 3 6 111 11 84 20 115 2 23 195 29 159 2 25 1 26 1 3 6 28 22 22 24 30 3 5 219 18 200 28 213 3 8 135 26 165 27 134 3 4 75 20 73 26 55
37 2 4 128 15 98 2 1 94 4 90 2 4 121 15 107 2 2 200 7 224 2 1 72 4 87 3 12 163 16 170 22 208 2 3 6 11 7 2 2 231 7 165 1 10 52 2 5 70 30 74 3 4 176 10 212 17 157 1 5 84 2 16 210 21 154 3 6 86 19 93 23 95 3 7 96 8 79 24 113 2 5 71 30 57 3 8 180 19 169 26 169 2 20 91 29 100 2 8 90 16 87 2 9 111 19 99 3 1 75 4 75 11 70 2 7 154 21 118 3 13 22 21 21 28 26 3 1 142 13 152 14 165 2 3 7 11 7 3 17 164 25 191 30 155 2 1 98 4 72 2 17 69 22 51 3 17 65 18 90 30 71 2 1 94 4 96 3 6 111 11 84 20 115 2 23 195 29 159 2 25 1 26 1 3 6 28 22 22 24 30 3 5 219 18 200 28 213 3 8 135 26 165 27 134 3 4 75 20 73 26 55
37 2 4 128 15 98 2 1 94 4 90 2 4 121 15 107 2 2 200 7 224 2 1 72 4 87 3 12 163 16 170 22 208 2 3 6 11 7 2 2 231 7 165 1 10 52 2 5 70 30 74 3 4 176 10 212 17 157 1 5 84 2 16 210 21 154 3 6 86 19 93 23 95 3 7 96 8 79 24 113 2 5 71 30 57 3 8 180 19 169 26 169 2 20 91 29 100 2 8 90 16 87 2 9 111 19 99 3 1 75 4 75 11 70 2 7 154 21 118 3 13 22 21 21 28 26 3 1 142 13 152 14 165 2 3 7 11 7 3 17 164 25 191 30 155 2 1 98 4 72 2 17 69 22 51 3 17 65 18 90 30 71 2 1 94 4 96 3 6 111 11 84 20 115 2 23 195 29 159 2 25 1 26 1 3 6 28 22 22 24 30 3 5 219 18 200 28 213 3 8 135 26 165 27 134 3 4 75 20 73 26 55
42 2 1 93 4 101 2 2 200 7 229 2 1 77 4 75 2 20 80 29 107 2 3 5 11 5 2 20 93 29 106 3 6 30 22 31 24 24 3 4 210 10 204 17 152 1 5 103 3 6 88 19 103 23 108 3 7 96 8 104 24 104 2 8 89 16 98 2 1 74 4 80 2 9 115 19 89 3 6 103 19 80 23 106 1 10 50 3 1 73 4 86 11 69 3 4 161 10 213 17 211 3 4 69 20 79 26 67 3 6 27 22 29 24 30 3 12 200 16 200 22 179 3 1 90 4 68 11 79 3 13 29 21 22 28 24 3 5 215 18 233 28 202 3 4 210 10 155 17 181 3 1 152 13 164 14 146 2 4 134 15 96 1 10 63 2 16 222 21 201 2 5 60 30 62 3 17 175 25 208 30 175 3 17 76 18 68 30 90 3 8 197 19 214 26 200 3 13 24 21 22 28 27 3 6 96 11 83 20 80 3 6 28 22 31 24 24 2 25 1 26 1 2 17 48 22 61 2 7 127 21 146 2 23 191 29 168 3 6 103 11 95 20 103 3 8 158 26 158 27 131
42 2 1 93 4 101 2 2 200 7 229 2 1 77 4 75 2 20 80 29 107 2 3 5 11 5 2 20 93 29 106 3 6 30 22 31 24 24 3 4 210 10 204 17 152 1 5 103 3 6 88 19 103 23 108 3 7 96 8 104 24 104 2 8 89 16 98 2 1 74 4 80 2 9 115 19 89 3 6 103 19 80 23 106 1 10 50 3 1 73 4 86 11 69 3 4 161 10 213 17 211 3 4 69 20 79 26 67 3 6 27 22 29 24 30 3 12 200 16 200 22 179 3 1 90 4 68 11 79 3 13 29 21 22 28 24 3 5 215 18 233 28 202 3 4 210 10 155 17 181 3 1 152 13 164 14 146 2 4 134 15 96 1 10 63 2 16 222 21 201 2 5 60 30 62 3 17 175 25 208 30 175 3 17 76 18 68 30 90 3 8 197 19 214 26 200 3 13 24 21 22 28 27 3 6 96 11 83 20 80 3 6 28 22 31 24 24 2 25 1 26 1 2 17 48 22 61 2 7 127 21 146 2 23 191 29 168 3 6 103 11 95 20 103 3 8 158 26 158 27 131
42 2 1 93 4 101 2 2 200 7 229 2 1 77 4 75 2 20 80 29 107 2 3 5 11 5 2 20 93 29 106 3 6 30 22 31 24 24 3 4 210 10 204 17 152 1 5 103 3 6 88 19 103 23 108 3 7 96 8 104 24 104 2 8 89 16 98 2 1 74 4 80 2 9 115 19 89 3 6 103 19 80 23 106 1 10 50 3 1 73 4 86 11 69 3 4 161 10 213 17 211 3 4 69 20 79 26 67 3 6 27 22 29 24 30 3 12 200 16 200 22 179 3 1 90 4 68 11 79 3 13 29 21 22 28 24 3 5 215 18 233 28 202 3 4 210 10 155 17 181 3 1 152 13 164 14 146 2 4 134 15 96 1 10 63 2 16 222 21 201 2 5 60 30 62 3 17 175 25 208 30 175 3 17 76 18 68 30 90 3 8 197 19 214 26 200 3 13 24 21 22 28 27 3 6 96 11 83 20 80 3 6 28 22 31 24 24 2 25 1 26 1 2 17 48 22 61 2 7 127 21 146 2 23 191 29 168 3 6 103 11 95 20 103 3 8 158 26 158 27 131
37 2 4 113 15 99 2 1 94 4 96 2 4 94 15 130 2 2 182 7 191 2 1 83 4 96 3 12 152 16 167 22 167 2 3 7 11 6 2 2 214 7 190 1 10 53 2 5 54 30 52 3 4 178 10 211 17 211 1 5 86 2 16 215 21 177 3 6 87 19 86 23 97 3 7 101 8 105 24 95 2 5 54 30 67 3 8 183 19 187 26 150 2 20 82 29 108 2 8 78 16 85 2 9 90 19 99 3 1 76 4 85 11 87 2 7 117 21 126 3 13 23 21 27 28 24 3 1 179 13 169 14 185 2 3 7 11 7 3 17 161 25 184 30 183 2 1 82 4 96 2 17 63 22 69 3 17 84 18 68 30 83 2 1 104 4 96 3 6 83 11 102 20 105 2 23 199 29 184 2 25 1 26 1 3 6 24 22 29 24 30 3 5 166 18 233 28 196 3 8 168 26 134 27 164 3 4 61 20 59 26 72
37 2 4 113 15 99 2 1 94 4 96 2 4 94 15 130 2 2 182 7 191 2 1 83 4 96 3 12 152 16 167 22 167 2 3 7 11 6 2 2 214 7 190 1 10 53 2 5 54 30 52 3 4 178 10 211 17 211 1 5 86 2 16 215 21 177 3 6 87 19 86 23 97 3 7 101 8 105 24 95 2 5 54 30 67 3 8 183 19 187 26 150 2 20 82 29 108 2 8 78 16 85 2 9 90 19 99 3 1 76 4 85 11 87 2 7 117 21 126 3 13 23 21 27 28 24 3 1 179 13 169 14 185 2 3 7 11 7 3 17 161 25 184 30 183 2 1 82 4 96 2 17 63 22 69 3 17 84 18 68 30 83 2 1 104 4 96 3 6 83 11 102 20 105 2 23 199 29 184 2 25 1 26 1 3 6 24 22 29 24 30 3 5 166 18 233 28 196 3 8 168 26 134 27 164 3 4 61 20 59 26 72
37 2 4 113 15 99 2 1 94 4 96 2 4 94 15 130 2 2 182 7 191 2 1 83 4 96 3 12 152 16 167 22 167 2 3 7 11 6 2 2 214 7 190 1 10 53 2 5 54 30 52 3 4 178 10 211 17 211 1 5 86 2 16 215 21 177 3 6 87 19 86 23 97 3 7 101 8 105 24 95 2 5 54 30 67 3 8 183 19 187 26 150 2 20 82 29 108 2 8 78 16 85 2 9 90 19 99 3 1 76 4 85 11 87 2 7 117 21 126 3 13 23 21 27 28 24 3 1 179 13 169 14 185 2 3 7 11 7 3 17 161 25 184 30 183 2 1 82 4 96 2 17 63 22 69 3 17 84 18 68 30 83 2 1 104 4 96 3 6 83 11 102 20 105 2 23 199 29 184 2 25 1 26 1 3 6 24 22 29 24 30 3 5 166 18 233 28 196 3 8 168 26 134 27 164 3 4 61 20 59 26 72
37 2 4 113 15 99 2 1 94 4 96 2 4 94 15 130 2 2 182 7 191 2 1 83 4 96 3 12 152 16 167 22 167 2 3 7 11 6 2 2 214 7 190 1 10 53 2 5 54 30 52 3 4 178 10 211 17 211 1 5 86 2 16 215 21 177 3 6 87 19 86 23 97 3 7 101 8 105 24 95 2 5 54 30 67 3 8 183 19 187 26 150 2 20 82 29 108 2 8 78 16 85 2 9 90 19 99 3 1 76 4 85 11 87 2 7 117 21 126 3 13 23 21 27 28 24 3 1 179 13 169 14 185 2 3 7 11 7 3 17 161 25 184 30 183 2 1 82 4 96 2 17 63 22 69 3 17 84 18 68 30 83 2 1 104 4 96 3 6 83 11 102 20 105 2 23 199 29 184 2 25 1 26 1 3 6 24 22 29 24 30 3 5 166 18 233 28 196 3 8 168 26 134 27 164 3 4 61 20 59 26 72
37 2 4 113 15 99 2 1 94 4 96 2 4 94 15 130 2 2 182 7 191 2 1 83 4 96 3 12 152 16 167 22 167 2 3 7 11 6 2 2 214 7 190 1 10 53 2 5 54 30 52 3 4 178 10 211 17 211 1 5 86 2 16 215 21 177 3 6 87 19 86 23 97 3 7 101 8 105 24 95 2 5 54 30 67 3 8 183 19 187 26 150 2 20 82 29 108 2 8 78 16 85 2 9 90 19 99 3 1 76 4 85 11 87 2 7 117 21 126 3 13 23 21 27 28 24 3 1 179 13 169 14 185 2 3 7 11 7 3 17 161 25 184 30 183 2 1 82 4 96 2 17 63 22 69 3 17 84 18 68 30 83 2 1 104 4 96 3 6 83 11 102 20 105 2 23 199 29 184 2 25 1 26 1 3 6 24 22 29 24 30 3 5 166 18 233 28 196 3 8 168 26 134 27 164 3 4 61 20 59 26 72
37 2 1 83 4 81 2 2 214 7 196 2 3 6 11 7 3 4 149 10 147 17 173 1 5 84 3 6 109 19 108 23 110 2 1 79 4 102 2 8 101 16 94 2 1 87 4 94 3 7 102 8 81 24 85 2 9 86 19 93 1 10 57 3 1 74 4 83 11 69 3 6 87 19 92 23 110 3 12 148 16 175 22 211 3 13 24 21 22 28 29 3 1 137 13 184 14 190 2 4 95 15 132 2 16 165 21 180 2 8 82 16 82 3 6 21 22 21 24 27 3 17 208 25 153 30 209 2 16 162 21 157 3 4 73 20 64 26 74 2 20 117 29 90 3 17 68 18 89 30 86 3 8 220 19 221 26 211 3 6 82 11 116 20 95 3 17 74 18 67 30 88 2 7 105 21 134 3 4 70 20 77 26 56 2 17 54 22 58 2 5 74 30 53 2 25 1 26 1 2 23 211 29 178 3 8 136 26 132 27 131 3 5 183 18 206 28 158
37 2 1 83 4 81 2 2 214 7 196 2 3 6 11 7 3 4 149 10 147 17 173 1 5 84 3 6 109 19 108 23 110 2 1 79 4 102 2 8 101 16 94 2 1 87 4 94 3 7 102 8 81 24 85 2 9 86 19 93 1 10 57 3 1 74 4 83 11 69 3 6 87 19 92 23 110 3 12 148 16 175 22 211 3 13 24 21 22 28 29 3 1 137 13 184 14 190 2 4 95 15 132 2 16 165 21 180 2 8 82 16 82 3 6 21 22 21 24 27 3 17 208 25 153 30 209 2 16 162 21 157 3 4 73 20 64 26 74 2 20 117 29 90 3 17 68 18 89 30 86 3 8 220 19 221 26 211 3 6 82 11 116 20 95 3 17 74 18 67 30 88 2 7 105 21 134 3 4 70 20 77 26 56 2 17 54 22 58 2 5 74 30 53 2 25 1 26 1 2 23 211 29 178 3 8 136 26 132 27 131 3 5 183 18 206 28 158
36 1 10 67 2 1 75 4 96 2 2 214 7 214 2 3 7 11 6 2 1 74 4 102 3 13 28 21 25 28 22 2 2 170 7 161 3 4 174 10 212 17 199 1 5 101 3 6 99 19 86 23 115 3 8 176 26 176 27 177 2 25 1 26 1 3 7 90 8 113 24 77 2 8 78 16 83 2 9 105 19 108 3 8 168 26 133 27 140 3 1 91 4 91 11 70 3 12 149 16 173 22 157 3 1 197 13 145 14 187 3 17 76 18 89 30 80 2 4 131 15 119 3 4 65 20 55 26 63 3 6 107 19 95 23 103 2 16 225 21 203 3 17 208 25 160 30 211 3 8 177 19 195 26 153 2 23 175 29 148 1 5 77 3 6 103 11 103 20 115 3 17 91 18 80 30 63 3 5 195 18 228 28 169 2 7 142 21 108 3 6 26 22 21 24 29 2 17 48 22 54 2 20 115 29 107 2 5 76 30 71
37 3 13 22 21 24 28 22 2 1 98 4 85 2 2 222 7 167 2 3 5 11 5 2 1 98 4 99 3 4 206 10 208 17 203 3 5 217 18 168 28 184 1 5 89 3 6 116 19 105 23 99 3 7 113 8 113 24 102 2 1 101 4 92 3 12 170 16 208 22 182 2 8 92 16 85 2 9 93 19 83 3 4 169 10 213 17 157 3 17 213 25 212 30 157 1 10 50 3 4 70 20 61 26 71 3 17 76 18 68 30 80 3 1 177 13 184 14 171 3 13 23 21 21 28 25 3 1 80 4 74 11 86 2 4 121 15 127 1 5 92 2 16 189 21 181 3 1 65 4 95 11 84 3 6 30 22 22 24 22 3 8 194 19 216 26 150 3 6 83 11 113 20 96 2 7 154 21 154 2 17 54 22 68 3 8 129 26 142 27 182 2 23 202 29 168 3 6 115 11 95 20 94 2 25 1 26 1 2 20 81 29 108 2 5 60 30 59
37 2 1 80 4 73 2 2 169 7 177 2 3 5 11 7 3 4 161 10 151 17 188 1 5 96 3 6 106 19 109 23 80 2 1 95 4 106 2 8 100 16 88 2 1 105 4 104 3 7 108 8 107 24 86 2 9 104 19 100 1 10 51 3 1 83 4 93 11 80 3 6 102 19 82 23 103 3 12 193 16 158 22 184 3 13 28 21 24 28 24 3 1 163 13 148 14 167 2 4 95 15 108 2 16 171 21 162 2 8 82 16 101 3 6 30 22 24 24 26 3 17 184 25 209 30 205 2 16 214 21 171 3 4 57 20 63 26 60 2 20 95 29 80 3 17 77 18 64 30 63 3 8 152 19 198 26 158 3 6 112 11 88 20 89 3 17 66 18 91 30 81 2 7 106 21 144 3 4 65 20 70 26 71 2 17 50 22 66 2 5 53 30 52 2 25 1 26 1 2 23 213 29 199 3 8 180 26 172 27 143 3 5 164 18 173 28 169
37 2 1 79 4 77 2 2 205 7 178 2 1 99 4 105 3 5 232 18 205 28 201 3 7 109 8 82 24 110 2 25 1 26 1 3 7 82 8 91 24 84 2 3 6 11 8 3 4 167 10 185 17 156 1 5 103 3 6 92 19 84 23 110 2 23 184 29 164 3 12 153 16 182 22 203 3 13 28 21 20 28 27 2 8 77 16 91 2 9 120 19 89 3 17 228 25 223 30 226 3 17 67 18 87 30 93 3 4 170 10 175 17 185 1 10 60 3 6 93 19 101 23 96 3 1 67 4 82 11 87 2 7 124 21 137 3 8 188 19 154 26 176 3 1 178 13 146 14 176 2 2 162 7 183 2 4 113 15 129 3 12 176 16 186 22 195 2 5 75 30 68 2 16 161 21 203 3 6 23 22 28 24 24 2 17 70 22 53 3 6 27 22 25 24 25 3 8 143 26 161 27 182 3 4 69 20 80 26 69 3 6 107 11 93 20 110 2 20 97 29 97
37 2 1 79 4 77 2 2 205 7 178 2 1 99 4 105 3 5 232 18 205 28 201 3 7 109 8 82 24 110 2 25 1 26 1 3 7 82 8 91 24 84 2 3 6 11 8 3 4 167 10 185 17 156 1 5 103 3 6 92 19 84 23 110 2 23 184 29 164 3 12 153 16 182 22 203 3 13 28 21 20 28 27 2 8 77 16 91 2 9 120 19 89 3 17 228 25 223 30 226 3 17 67 18 87 30 93 3 4 170 10 175 17 185 1 10 60 3 6 93 19 101 23 96 3 1 67 4 82 11 87 2 7 124 21 137 3 8 188 19 154 26 176 3 1 178 13 146 14 176 2 2 162 7 183 2 4 113 15 129 3 12 176 16 186 22 195 2 5 75 30 68 2 16 161 21 203 3 6 23 22 28 24 24 2 17 70 22 53 3 6 27 22 25 24 25 3 8 143 26 161 27 182 3 4 69 20 80 26 69 3 6 107 11 93 20 110 2 20 97 29 97
36 1 10 71 2 1 78 4 95 2 2 183 7 174 2 3 5 11 8 2 1 102 4 92 3 13 24 21 21 28 30 2 2 163 7 188 3 4 197 10 180 17 194 1 5 74 3 6 111 19 112 23 115 3 8 149 26 160 27 161 2 25 1 26 1 3 7 97 8 107 24 112 2 8 99 16 105 2 9 100 19 116 3 8 159 26 147 27 141 3 1 76 4 81 11 65 3 12 148 16 186 22 169 3 1 186 13 190 14 192 3 17 93 18 64 30 63 2 4 133 15 116 3 4 76 20 82 26 60 3 6 91 19 111 23 80 2 16 168 21 210 3 17 174 25 186 30 160 3 8 149 19 176 26 168 2 23 199 29 210 1 5 72 3 6 94 11 117 20 84 3 17 91 18 75 30 67 3 5 191 18 160 28 172 2 7 110 21 145 3 6 25 22 24 24 27 2 17 62 22 55 2 20 99 29 82 2 5 57 30 56
34 2 1 102 4 86 2 2 165 7 230 2 3 5 11 5 3 6 105 11 105 20 115 3 4 169 10 216 17 173 1 10 49 1 5 77 3 6 79 19 116 23 107 3 5 211 18 217 28 178 3 7 76 8 88 24 86 2 8 75 16 74 2 3 8 11 7 2 9 103 19 113 3 1 78 4 76 11 85 3 12 165 16 149 22 165 3 13 29 21 26 28 23 3 4 152 10 199 17 191 3 1 167 13 161 14 188 2 4 101 15 109 3 13 21 21 22 28 24 2 25 1 26 1 2 16 226 21 184 2 7 146 21 150 2 17 56 22 56 3 17 187 25 183 30 195 3 6 101 19 111 23 101 3 17 88 18 71 30 87 3 8 205 19 191 26 216 2 23 152 29 167 3 6 30 22 22 24 24 2 5 57 30 62 2 20 85 29 90 3 4 64 20 75 26 81 3 8 137 26 134 27 168
34 2 1 102 4 86 2 2 165 7 230 2 3 5 11 5 3 6 105 11 105 20 115 3 4 169 10 216 17 173 1 10 49 1 5 77 3 6 79 19 116 23 107 3 5 211 18 217 28 178 3 7 76 8 88 24 86 2 8 75 16 74 2 3 8 11 7 2 9 103 19 113 3 1 78 4 76 11 85 3 12 165 16 149 22 165 3 13 29 21 26 28 23 3 4 152 10 199 17 191 3 1 167 13 161 14 188 2 4 101 15 109 3 13 21 21 22 28 24 2 25 1 26 1 2 16 226 21 184 2 7 146 21 150 2 17 56 22 56 3 17 187 25 183 30 195 3 6 101 19 111 23 101 3 17 88 18 71 30 87 3 8 205 19 191 26 216 2 23 152 29 167 3 6 30 22 22 24 24 2 5 57 30 62 2 20 85 29 90 3 4 64 20 75 26 81 3 8 137 26 134 27 168
34 2 1 104 4 81 2 2 226 7 215 2 3 6 11 5 3 6 87 11 96 20 116 3 4 165 10 204 17 172 1 10 66 1 5 78 3 6 104 19 111 23 107 3 5 169 18 201 28 195 3 7 76 8 78 24 104 2 8 87 16 100 2 3 7 11 6 2 9 108 19 108 3 1 81 4 92 11 89 3 12 206 16 206 22 164 3 13 24 21 24 28 31 3 4 197 10 164 17 186 3 1 160 13 192 14 159 2 4 132 15 117 3 13 28 21 26 28 30 2 25 1 26 1 2 16 215 21 170 2 7 145 21 146 2 17 69 22 59 3 17 210 25 161 30 166 3 6 89 19 97 23 117 3 17 85 18 77 30 88 3 8 188 19 157 26 171 2 23 148 29 209 3 6 23 22 27 24 28 2 5 64 30 59 2 20 84 29 88 3 4 68 20 61 26 69 3 8 181 26 148 27 137
33 2 1 83 4 92 2 16 228 21 221 2 2 220 7 229 2 1 76 4 101 2 3 8 11 8 2 25 1 26 1 3 4 208 10 181 17 165 2 7 122 21 126 1 5 77 2 9 85 19 107 3 6 114 19 115 23 96 3 7 80 8 98 24 97 3 17 67 18 72 30 86 2 8 80 16 82 3 5 218 18 186 28 224 1 10 70 2 5 67 30 74 3 6 108 11 83 20 82 3 1 86 4 65 11 64 3 12 148 16 167 22 208 2 17 57 22 60 3 13 29 21 23 28 29 3 8 149 26 133 27 168 2 23 146 29 163 3 1 183 13 146 14 174 2 3 6 11 7 2 4 138 15 106 3 17 210 25 200 30 195 3 4 60 20 60 26 80 3 8 176 19 204 26 191 3 12 151 16 200 22 166 3 6 28 22 29 24 30 2 20 110 29 85
34 2 1 98 4 107 2 2 229 7 170 2 3 7 11 5 3 6 94 11 91 20 91 3 4 188 10 148 17 168 1 10 55 1 5 100 3 6 96 19 111 23 91 3 5 163 18 206 28 163 3 7 84 8 80 24 92 2 8 86 16 102 2 3 6 11 7 2 9 85 19 119 3 1 65 4 94 11 80 3 12 170 16 174 22 175 3 13 22 21 28 28 22 3 4 194 10 175 17 164 3 1 165 13 188 14 166 2 4 114 15 131 3 13 27 21 29 28 26 2 25 1 26 1 2 16 193 21 168 2 7 156 21 123 2 17 71 22 60 3 17 203 25 219 30 189 3 6 92 19 95 23 109 3 17 69 18 77 30 85 3 8 156 19 168 26 190 2 23 197 29 159 3 6 30 22 27 24 27 2 5 55 30 65 2 20 111 29 93 3 4 58 20 63 26 63 3 8 142 26 153 27 139
34 2 1 98 4 107 2 2 229 7 170 2 3 7 11 5 3 6 94 11 91 20 91 3 4 188 10 148 17 168 1 10 55 1 5 100 3 6 96 19 111 23 91 3 5 163 18 206 28 163 3 7 84 8 80 24 92 2 8 86 16 102 2 3 6 11 7 2 9 85 19 119 3 1 65 4 94 11 80 3 12 170 16 174 22 175 3 13 22 21 28 28 22 3 4 194 10 175 17 164 3 1 165 13 188 14 166 2 4 114 15 131 3 13 27 21 29 28 26 2 25 1 26 1 2 16 193 21 168 2 7 156 21 123 2 17 71 22 60 3 17 203 25 219 30 189 3 6 92 19 95 23 109 3 17 69 18 77 30 85 3 8 156 19 168 26 190 2 23 197 29 159 3 6 30 22 27 24 27 2 5 55 30 65 2 20 111 29 93 3 4 58 20 63 26 63 3 8 142 26 153 27 139
34 2 1 98 4 107 2 2 229 7 170 2 3 7 11 5 3 6 94 11 91 20 91 3 4 188 10 148 17 168 1 10 55 1 5 100 3 6 96 19 111 23 91 3 5 163 18 206 28 163 3 7 84 8 80 24 92 2 8 86 16 102 2 3 6 11 7 2 9 85 19 119 3 1 65 4 94 11 80 3 12 170 16 174 22 175 3 13 22 21 28 28 22 3 4 194 10 175 17 164 3 1 165 13 188 14 166 2 4 114 15 131 3 13 27 21 29 28 26 2 25 1 26 1 2 16 193 21 168 2 7 156 21 123 2 17 71 22 60 3 17 203 25 219 30 189 3 6 92 19 95 23 109 3 17 69 18 77 30 85 3 8 156 19 168 26 190 2 23 197 29 159 3 6 30 22 27 24 27 2 5 55 30 65 2 20 111 29 93 3 4 58 20 63 26 63 3 8 142 26 153 27 139
37 2 4 124 15 129 2 1 95 4 88 2 4 105 15 135 2 2 174 7 200 2 1 82 4 107 3 12 164 16 205 22 184 2 3 6 11 5 2 2 228 7 185 1 10 65 2 5 61 30 74 3 4 174 10 173 17 148 1 5 86 2 16 219 21 188 3 6 87 19 81 23 106 3 7 92 8 83 24 85 2 5 71 30 54 3 8 156 19 192 26 165 2 20 81 29 115 2 8 77 16 94 2 9 109 19 102 3 1 81 4 88 11 90 2 7 156 21 110 3 13 22 21 28 28 29 3 1 141 13 175 14 195 2 3 5 11 5 3 17 189 25 218 30 218 2 1 94 4 90 2 17 69 22 56 3 17 69 18 75 30 63 2 1 102 4 94 3 6 110 11 101 20 84 2 23 156 29 196 2 25 1 26 1 3 6 23 22 25 24 26 3 5 221 18 166 28 219 3 8 156 26 183 27 124 3 4 73 20 68 26 66
37 2 4 124 15 129 2 1 95 4 88 2 4 105 15 135 2 2 174 7 200 2 1 82 4 107 3 12 164 16 205 22 184 2 3 6 11 5 2 2 228 7 185 1 10 65 2 5 61 30 74 3 4 174 10 173 17 148 1 5 86 2 16 219 21 188 3 6 87 19 81 23 106 3 7 92 8 83 24 85 2 5 71 30 54 3 8 156 19 192 26 165 2 20 81 29 115 2 8 77 16 94 2 9 109 19 102 3 1 81 4 88 11 90 2 7 156 21 110 3 13 22 21 28 28 29 3 1 141 13 175 14 195 2 3 5 11 5 3 17 189 25 218 30 218 2 1 94 4 90 2 17 69 22 56 3 17 69 18 75 30 63 2 1 102 4 94 3 6 110 11 101 20 84 2 23 156 29 196 2 25 1 26 1 3 6 23 22 25 24 26 3 5 221 18 166 28 219 3 8 156 26 183 27 124 3 4 73 20 68 26 66
37 2 1 91 4 75 2 2 233 7 222 2 1 77 4 105 3 5 166 18 183 28 224 3 7 88 8 88 24 105 2 25 1 26 1 3 7 76 8 87 24 89 2 3 6 11 7 3 4 186 10 180 17 171 1 5 73 3 6 83 19 113 23 81 2 23 167 29 167 3 12 176 16 161 22 211 3 13 24 21 26 28 22 2 8 88 16 96 2 9 119 19 105 3 17 217 25 188 30 182 3 17 66 18 81 30 88 3 4 155 10 206 17 208 1 10 61 3 6 110 19 101 23 102 3 1 64 4 68 11 92 2 7 151 21 131 3 8 163 19 192 26 191 3 1 167 13 180 14 152 2 2 203 7 194 2 4 117 15 94 3 12 210 16 180 22 212 2 5 52 30 59 2 16 185 21 179 3 6 26 22 25 24 24 2 17 57 22 50 3 6 28 22 23 24 25 3 8 151 26 133 27 134 3 4 61 20 76 26 63 3 6 93 11 103 20 108 2 20 87 29 88
36 2 20 117 29 104 2 1 90 4 107 3 4 175 10 161 17 154 2 17 69 22 60 2 2 229 7 213 3 8 148 26 176 27 163 2 3 5 11 5 1 5 75 2 2 199 7 221 3 6 116 19 107 23 107 3 7 77 8 97 24 78 2 9 102 19 104 3 4 195 10 213 17 192 2 8 93 16 100 1 10 55 3 12 177 16 149 22 149 3 1 66 4 94 11 75 2 5 71 30 63 3 13 26 21 30 28 21 3 1 161 13 153 14 191 2 20 103 29 108 3 5 166 18 229 28 171 2 25 1 26 1 3 4 175 10 208 17 163 2 16 199 21 227 2 4 117 15 129 3 17 166 25 174 30 187 2 4 99 15 100 3 4 71 20 67 26 82 2 1 95 4 75 3 17 68 18 69 30 83 3 8 169 19 212 26 196 3 6 78 11 89 20 96 2 7 111 21 125 2 23 189 29 162 3 6 29 22 29 24 26
36 2 20 117 29 104 2 1 90 4 107 3 4 175 10 161 17 154 2 17 69 22 60 2 2 229 7 213 3 8 148 26 176 27 163 2 3 5 11 5 1 5 75 2 2 199 7 221 3 6 116 19 107 23 107 3 7 77 8 97 24 78 2 9 102 19 104 3 4 195 10 213 17 192 2 8 93 16 100 1 10 55 3 12 177 16 149 22 149 3 1 66 4 94 11 75 2 5 71 30 63 3 13 26 21 30 28 21 3 1 161 13 153 14 191 2 20 103 29 108 3 5 166 18 229 28 171 2 25 1 26 1 3 4 175 10 208 17 163 2 16 199 21 227 2 4 117 15 129 3 17 166 25 174 30 187 2 4 99 15 100 3 4 71 20 67 26 82 2 1 95 4 75 3 17 68 18 69 30 83 3 8 169 19 212 26 196 3 6 78 11 89 20 96 2 7 111 21 125 2 23 189 29 162 3 6 29 22 29 24 26
37 2 1 83 4 91 2 2 170 7 228 2 3 7 11 7 3 4 193 10 191 17 146 1 5 82 3 6 81 19 111 23 88 2 1 96 4 98 2 8 78 16 72 2 1 76 4 91 3 7 78 8 108 24 98 2 9 120 19 83 1 10 71 3 1 80 4 95 11 72 3 6 114 19 103 23 82 3 12 162 16 214 22 175 3 13 21 21 29 28 24 3 1 193 13 162 14 171 2 4 114 15 133 2 16 217 21 158 2 8 97 16 75 3 6 23 22 30 24 23 3 17 222 25 213 30 191 2 16 172 21 200 3 4 70 20 70 26 68 2 20 109 29 90 3 17 89 18 69 30 89 3 8 209 19 175 26 216 3 6 84 11 85 20 101 3 17 71 18 81 30 63 2 7 142 21 112 3 4 66 20 75 26 66 2 17 49 22 52 2 5 52 30 65 2 25 1 26 1 2 23 199 29 213 3 8 151 26 131 27 181 3 5 162 18 193 28 194
37 2 1 83 4 91 2 2 170 7 228 2 3 7 11 7 3 4 193 10 191 17 146 1 5 82 3 6 81 19 111 23 88 2 1 96 4 98 2 8 78 16 72 2 1 76 4 91 3 7 78 8 108 24 98 2 9 120 19 83 1 10 71 3 1 80 4 95 11 72 3 6 114 19 103 23 82 3 12 162 16 214 22 175 3 13 21 21 29 28 24 3 1 193 13 162 14 171 2 4 114 15 133 2 16 217 21 158 2 8 97 16 75 3 6 23 22 30 24 23 3 17 222 25 213 30 191 2 16 172 21 200 3 4 70 20 70 26 68 2 20 109 29 90 3 17 89 18 69 30 89 3 8 209 19 175 26 216 3 6 84 11 85 20 101 3 17 71 18 81 30 63 2 7 142 21 112 3 4 66 20 75 26 66 2 17 49 22 52 2 5 52 30 65 2 25 1 26 1 2 23 199 29 213 3 8 151 26 131 27 181 3 5 162 18 193 28 194
36 1 10 70 2 1 72 4 85 2 2 187 7 194 2 3 7 11 6 2 1 79 4 99 3 13 30 21 23 28 23 2 2 172 7 227 3 4 200 10 184 17 205 1 5 85 3 6 80 19 113 23 104 3 8 147 26 133 27 171 2 25 1 26 1 3 7 90 8 79 24 80 2 8 77 16 99 2 9 92 19 90 3 8 162 26 150 27 131 3 1 71 4 70 11 70 3 12 169 16 171 22 153 3 1 162 13 145 14 192 3 17 83 18 74 30 71 2 4 139 15 105 3 4 62 20 62 26 82 3 6 100 19 98 23 101 2 16 160 21 212 3 17 210 25 188 30 180 3 8 161 19 167 26 172 2 23 215 29 159 1 5 105 3 6 78 11 78 20 103 3 17 71 18 76 30 90 3 5 195 18 199 28 209 2 7 116 21 108 3 6 26 22 22 24 23 2 17 49 22 71 2 20 82 29 103 2 5 55 30 64
36 1 10 70 2 1 72 4 85 2 2 187 7 194 2 3 7 11 6 2 1 79 4 99 3 13 30 21 23 28 23 2 2 172 7 227 3 4 200 10 184 17 205 1 5 85 3 6 80 19 113 23 104 3 8 147 26 133 27 171 2 25 1 26 1 3 7 90 8 79 24 80 2 8 77 16 99 2 9 92 19 90 3 8 162 26 150 27 131 3 1 71 4 70 11 70 3 12 169 16 171 22 153 3 1 162 13 145 14 192 3 17 83 18 74 30 71 2 4 139 15 105 3 4 62 20 62 26 82 3 6 100 19 98 23 101 2 16 160 21 212 3 17 210 25 188 30 180 3 8 161 19 167 26 172 2 23 215 29 159 1 5 105 3 6 78 11 78 20 103 3 17 71 18 76 30 90 3 5 195 18 199 28 209 2 7 116 21 108 3 6 26 22 22 24 23 2 17 49 22 71 2 20 82 29 103 2 5 55 30 64
34 2 1 78 4 97 2 2 206 7 233 2 3 6 11 6 3 4 146 10 174 17 194 1 5 103 3 7 106 8 112 24 100 2 9 92 19 103 3 6 102 19 84 23 100 2 8 93 16 71 1 10 71 1 5 100 3 1 79 4 85 11 80 2 17 71 22 64 3 8 186 19 220 26 155 2 7 114 21 131 3 12 183 16 199 22 198 3 7 104 8 78 24 80 3 6 98 11 80 20 92 3 1 71 4 79 11 69 3 17 93 18 85 30 81 3 1 194 13 192 14 193 3 13 27 21 22 28 21 2 4 109 15 116 2 16 229 21 165 3 4 70 20 63 26 56 3 17 153 25 204 30 169 2 23 191 29 160 2 5 66 30 52 2 8 97 16 94 3 5 203 18 180 28 187 3 6 26 22 23 24 24 2 25 1 26 1 2 20 81 29 90 3 8 149 26 129 27 149
33 2 1 105 4 92 3 17 154 25 191 30 165 2 25 1 26 1 2 7 144 21 152 3 4 189 10 172 17 162 2 2 200 7 174 2 3 7 11 7 1 5 93 3 6 81 19 83 23 91 3 7 110 8 91 24 79 2 8 103 16 91 2 9 100 19 94 2 23 151 29 181 1 10 48 3 1 68 4 64 11 89 3 12 218 16 176 22 187 3 13 29 21 26 28 23 3 1 173 13 185 14 161 2 4 105 15 111 2 16 194 21 190 3 17 93 18 84 30 83 3 8 173 19 162 26 205 3 6 101 11 85 20 108 2 17 48 22 58 2 9 84 19 99 3 6 29 22 26 24 29 2 20 99 29 102 3 4 57 20 64 26 80 3 8 135 26 145 27 184 3 4 59 20 73 26 71 3 5 202 18 187 28 206 2 23 186 29 163 2 5 59 30 75
34 3 6 23 22 27 24 29 3 4 181 10 188 17 212 2 1 89 4 75 2 2 237 7 168 2 1 73 4 102 2 3 6 11 7 2 5 58 30 74 3 6 23 22 25 24 30 1 5 100 3 6 115 11 82 20 84 3 6 103 19 118 23 106 2 20 108 29 118 2 25 1 26 1 3 7 78 8 89 24 106 2 17 56 22 68 2 20 101 29 85 2 8 87 16 70 2 4 136 15 137 2 9 89 19 103 1 10 59 2 4 122 15 134 3 17 195 25 226 30 215 3 1 75 4 72 11 65 3 12 185 16 148 22 184 3 13 23 21 30 28 28 3 1 181 13 134 14 194 2 23 203 29 167 2 16 157 21 176 3 17 89 18 75 30 79 3 8 182 19 201 26 179 2 7 154 21 107 3 4 67 20 70 26 61 3 8 181 26 152 27 169 3 5 211 18 227 28 166
34 3 6 23 22 27 24 29 3 4 181 10 188 17 212 2 1 89 4 75 2 2 237 7 168 2 1 73 4 102 2 3 6 11 7 2 5 58 30 74 3 6 23 22 25 24 30 1 5 100 3 6 115 11 82 20 84 3 6 103 19 118 23 106 2 20 108 29 118 2 25 1 26 1 3 7 78 8 89 24 106 2 17 56 22 68 2 20 101 29 85 2 8 87 16 70 2 4 136 15 137 2 9 89 19 103 1 10 59 2 4 122 15 134 3 17 195 25 226 30 215 3 1 75 4 72 11 65 3 12 185 16 148 22 184 3 13 23 21 30 28 28 3 1 181 13 134 14 194 2 23 203 29 167 2 16 157 21 176 3 17 89 18 75 30 79 3 8 182 19 201 26 179 2 7 154 21 107 3 4 67 20 70 26 61 3 8 181 26 152 27 169 3 5 211 18 227 28 166
34 2 1 104 4 88 2 2 209 7 220 2 8 71 16 83 2 3 7 11 6 2 17 56 22 48 3 4 184 10 193 17 199 1 5 79 3 6 106 19 99 23 92 3 7 76 8 93 24 93 2 9 91 19 111 1 10 70 3 13 22 21 28 28 27 3 1 80 4 78 11 90 2 17 51 22 71 3 6 25 22 23 24 27 3 12 199 16 158 22 209 3 13 20 21 30 28 29 3 1 172 13 153 14 184 2 1 83 4 84 2 4 121 15 133 2 20 113 29 109 2 16 185 21 176 3 17 214 25 187 30 208 2 23 178 29 175 2 16 191 21 204 3 8 182 26 175 27 141 3 4 71 20 62 26 82 2 5 58 30 63 3 17 74 18 63 30 90 3 8 166 19 207 26 149 3 6 80 11 99 20 97 2 7 142 21 116 3 5 162 18 223 28 212 2 25 1 26 1
34 2 1 104 4 88 2 2 209 7 220 2 8 71 16 83 2 3 7 11 6 2 17 56 22 48 3 4 184 10 193 17 199 1 5 79 3 6 106 19 99 23 92 3 7 76 8 93 24 93 2 9 91 19 111 1 10 70 3 13 22 21 28 28 27 3 1 80 4 78 11 90 2 17 51 22 71 3 6 25 22 23 24 27 3 12 199 16 158 22 209 3 13 20 21 30 28 29 3 1 172 13 153 14 184 2 1 83 4 84 2 4 121 15 133 2 20 113 29 109 2 16 185 21 176 3 17 214 25 187 30 208 2 23 178 29 175 2 16 191 21 204 3 8 182 26 175 27 141 3 4 71 20 62 26 82 2 5 58 30 63 3 17 74 18 63 30 90 3 8 166 19 207 26 149 3 6 80 11 99 20 97 2 7 142 21 116 3 5 162 18 223 28 212 2 25 1 26 1
36 2 1 83 4 78 2 2 200 7 222 2 1 74 4 84 2 3 6 11 6 2 16 209 21 172 3 17 90 18 84 30 88 3 4 146 10 199 17 189 3 6 118 19 83 23 90 1 5 100 3 7 110 8 93 24 91 2 8 76 16 91 1 5 80 3 8 165 19 194 26 194 2 9 83 19 84 3 7 101 8 99 24 107 2 25 1 26 1 2 17 53 22 63 1 10 63 3 8 172 26 130 27 142 3 1 88 4 65 11 87 3 12 190 16 200 22 179 3 13 30 21 28 28 23 3 1 191 13 193 14 189 2 4 123 15 137 3 6 79 11 90 20 78 3 17 205 25 209 30 197 3 17 76 18 78 30 70 2 7 113 21 143 2 23 194 29 154 2 9 84 19 88 2 5 69 30 54 3 6 25 22 25 24 22 1 10 68 3 4 81 20 62 26 69 2 20 113 29 96 3 5 217 18 223 28 231
38 2 1 86 4 105 2 20 80 29 106 2 2 219 7 159 2 20 104 29 96 2 3 7 11 8 3 1 184 13 170 14 177 3 4 186 10 155 17 168 1 5 79 3 6 98 11 104 20 83 3 6 109 19 91 23 90 3 12 151 16 194 22 160 1 5 73 3 7 83 8 83 24 101 1 5 105 2 17 65 22 63 2 8 79 16 80 2 9 83 19 87 3 17 90 18 87 30 70 2 5 68 30 75 1 10 68 2 8 96 16 92 3 1 94 4 82 11 87 2 2 221 7 193 3 8 191 19 217 26 175 2 17 52 22 70 3 13 22 21 28 28 24 2 4 97 15 108 2 23 209 29 213 3 6 27 22 24 24 28 2 9 116 19 92 2 16 215 21 174 3 4 71 20 66 26 72 2 3 6 11 7 2 25 1 26 1 3 17 173 25 177 30 203 2 7 135 21 116 3 8 126 26 158 27 185 3 5 222 18 207 28 191
34 2 1 89 4 93 2 2 193 7 193 2 3 6 11 6 3 4 176 10 189 17 162 1 5 95 3 7 95 8 111 24 88 2 9 109 19 98 3 6 108 19 105 23 95 2 8 95 16 89 1 10 66 1 5 78 3 1 72 4 87 11 68 2 17 51 22 64 3 8 180 19 206 26 183 2 7 136 21 121 3 12 197 16 175 22 165 3 7 86 8 94 24 105 3 6 92 11 90 20 81 3 1 91 4 85 11 67 3 17 65 18 94 30 75 3 1 175 13 147 14 153 3 13 30 21 24 28 29 2 4 99 15 120 2 16 153 21 193 3 4 66 20 56 26 76 3 17 157 25 161 30 205 2 23 153 29 199 2 5 51 30 70 2 8 97 16 102 3 5 183 18 230 28 202 3 6 22 22 26 24 29 2 25 1 26 1 2 20 109 29 114 3 8 128 26 165 27 160
DUE_DATES: 4662 4662 4694 4694 4694 4756 4569 4569 4569 5197 5197 5197 4582 4582 4582 4582 4582 4590 4590 4735 4719 4578 4914 4914 4637 4204 4204 4294 4232 4201 4201 4201 4676 4676 4857 4909 4909 4714 4714 4605 4605 4306 4228 4333 4333 4349 4349 4523 4753 4244
WEIGHTS: 2 2 3 2 1 1 3 1 1 1 1 1 1 2 1 2 3 1 3 1 3 2 3 1 1 2 3 1 3 1 3 2 1 3 3 1 1 1 3 1 1 2 2 1 3 2 1 3 1 1
