50 30
34 2 17 48 30 54 3 1 129 7 131 23 147 2 17 59 30 56 3 10 32 11 37 30 28 2 2 16 26 16 3 3 135 19 151 25 161 2 4 48 25 56 3 5 63 15 57 24 47 3 6 112 7 106 25 110 2 6 129 7 138 3 1 223 3 201 8 204 2 9 176 18 176 2 7 188 13 186 3 10 36 11 39 30 27 3 4 186 10 167 11 152 3 12 28 19 34 26 34 2 14 149 24 182 2 10 200 25 167 2 3 85 28 103 3 15 172 18 205 23 191 2 4 42 16 44 3 15 3 17 4 27 4 3 4 198 10 170 11 173 3 25 128 26 161 28 138 2 8 90 21 79 2 16 32 18 36 3 12 39 19 39 26 32 2 29 84 30 113 3 8 44 19 44 28 63 3 20 139 28 139 29 126 4 2 46 6 47 22 45 29 43 3 2 50 24 48 26 46 3 18 172 23 202 28 157 1 27 155
34 2 17 48 30 54 3 1 129 7 131 23 147 2 17 59 30 56 3 10 32 11 37 30 28 2 2 16 26 16 3 3 135 19 151 25 161 2 4 48 25 56 3 5 63 15 57 24 47 3 6 112 7 106 25 110 2 6 129 7 138 3 1 223 3 201 8 204 2 9 176 18 176 2 7 188 13 186 3 10 36 11 39 30 27 3 4 186 10 167 11 152 3 12 28 19 34 26 34 2 14 149 24 182 2 10 200 25 167 2 3 85 28 103 3 15 172 18 205 23 191 2 4 42 16 44 3 15 3 17 4 27 4 3 4 198 10 170 11 173 3 25 128 26 161 28 138 2 8 90 21 79 2 16 32 18 36 3 12 39 19 39 26 32 2 29 84 30 113 3 8 44 19 44 28 63 3 20 139 28 139 29 126 4 2 46 6 47 22 45 29 43 3 2 50 24 48 26 46 3 18 172 23 202 28 157 1 27 155
37 3 1 117 7 106 23 135 3 4 162 10 154 11 194 2 8 79 21 91 2 2 16 26 13 3 1 122 7 153 23 145 3 3 192 19 194 25 175 3 15 144 18 165 23 160 1 27 152 2 4 64 25 48 2 17 56 30 41 3 5 65 15 61 24 50 3 2 44 24 44 26 49 3 6 123 7 93 25 114 2 6 94 7 96 3 1 197 3 232 8 214 3 2 38 24 41 26 39 3 12 30 19 32 26 33 3 3 196 19 169 25 164 4 2 57 6 46 22 57 29 44 3 10 34 11 38 30 37 3 18 161 23 193 28 180 2 9 190 18 161 2 7 163 13 150 2 14 163 24 179 2 4 43 16 41 3 15 4 17 3 27 4 2 16 42 18 40 3 15 187 18 146 23 195 2 3 100 28 100 3 6 93 7 110 25 95 3 8 56 19 60 28 62 3 25 156 26 143 28 142 3 20 128 28 118 29 138 2 6 136 7 134 2 10 162 25 175 4 2 40 6 55 22 56 29 52 2 29 88 30 91
33 3 10 29 11 35 30 36 3 4 196 10 145 11 145 3 5 46 15 58 24 50 2 7 169 13 182 3 4 135 10 200 11 182 3 1 135 7 135 23 138 3 8 55 19 50 28 58 2 3 87 28 95 2 7 210 13 153 2 2 15 26 16 2 6 139 7 137 3 3 142 19 190 25 197 2 4 52 25 56 3 6 127 7 125 25 101 2 10 186 25 143 3 1 234 3 230 8 209 2 9 203 18 174 3 12 33 19 28 26 37 3 15 172 18 139 23 196 2 14 157 24 139 3 25 125 26 141 28 155 2 17 57 30 48 3 15 3 17 3 27 3 2 4 37 16 36 2 16 42 18 42 4 2 58 6 51 22 45 29 47 3 20 139 28 137 29 104 2 8 87 21 95 3 18 189 23 153 28 162 3 2 45 24 34 26 49 3 6 115 7 132 25 93 1 27 158 2 29 104 30 112
33 3 10 29 11 35 30 36 3 4 196 10 145 11 145 3 5 46 15 58 24 50 2 7 169 13 182 3 4 135 10 200 11 182 3 1 135 7 135 23 138 3 8 55 19 50 28 58 2 3 87 28 95 2 7 210 13 153 2 2 15 26 16 2 6 139 7 137 3 3 142 19 190 25 197 2 4 52 25 56 3 6 127 7 125 25 101 2 10 186 25 143 3 1 234 3 230 8 209 2 9 203 18 174 3 12 33 19 28 26 37 3 15 172 18 139 23 196 2 14 157 24 139 3 25 125 26 141 28 155 2 17 57 30 48 3 15 3 17 3 27 3 2 4 37 16 36 2 16 42 18 42 4 2 58 6 51 22 45 29 47 3 20 139 28 137 29 104 2 8 87 21 95 3 18 189 23 153 28 162 3 2 45 24 34 26 49 3 6 115 7 132 25 93 1 27 158 2 29 104 30 112
37 3 8 61 19 60 28 50 2 17 41 30 47 3 25 119 26 159 28 118 2 17 49 30 59 3 20 105 28 97 29 112 3 18 173 23 198 28 153 3 1 126 7 126 23 114 2 2 13 26 12 2 7 157 13 150 3 3 189 19 162 25 153 2 4 61 25 47 3 1 122 7 139 23 133 2 4 32 16 33 2 17 50 30 43 3 5 44 15 48 24 48 3 2 42 24 49 26 45 3 6 93 7 115 25 126 1 27 158 2 6 133 7 111 3 1 230 3 217 8 196 3 15 191 18 144 23 165 2 17 51 30 57 2 9 145 18 187 3 2 49 24 45 26 43 3 12 36 19 30 26 38 3 4 180 10 188 11 195 3 10 37 11 35 30 32 2 8 68 21 83 2 29 102 30 94 2 7 157 13 190 2 14 177 24 159 3 15 4 17 3 27 4 2 10 190 25 154 3 15 3 17 4 27 4 2 16 39 18 45 4 2 40 6 53 22 40 29 57 2 3 81 28 75
37 3 8 61 19 60 28 50 2 17 41 30 47 3 25 119 26 159 28 118 2 17 49 30 59 3 20 105 28 97 29 112 3 18 173 23 198 28 153 3 1 126 7 126 23 114 2 2 13 26 12 2 7 157 13 150 3 3 189 19 162 25 153 2 4 61 25 47 3 1 122 7 139 23 133 2 4 32 16 33 2 17 50 30 43 3 5 44 15 48 24 48 3 2 42 24 49 26 45 3 6 93 7 115 25 126 1 27 158 2 6 133 7 111 3 1 230 3 217 8 196 3 15 191 18 144 23 165 2 17 51 30 57 2 9 145 18 187 3 2 49 24 45 26 43 3 12 36 19 30 26 38 3 4 180 10 188 11 195 3 10 37 11 35 30 32 2 8 68 21 83 2 29 102 30 94 2 7 157 13 190 2 14 177 24 159 3 15 4 17 3 27 4 2 10 190 25 154 3 15 3 17 4 27 4 2 16 39 18 45 4 2 40 6 53 22 40 29 57 2 3 81 28 75
37 3 8 61 19 60 28 50 2 17 41 30 47 3 25 119 26 159 28 118 2 17 49 30 59 3 20 105 28 97 29 112 3 18 173 23 198 28 153 3 1 126 7 126 23 114 2 2 13 26 12 2 7 157 13 150 3 3 189 19 162 25 153 2 4 61 25 47 3 1 122 7 139 23 133 2 4 32 16 33 2 17 50 30 43 3 5 44 15 48 24 48 3 2 42 24 49 26 45 3 6 93 7 115 25 126 1 27 158 2 6 133 7 111 3 1 230 3 217 8 196 3 15 191 18 144 23 165 2 17 51 30 57 2 9 145 18 187 3 2 49 24 45 26 43 3 12 36 19 30 26 38 3 4 180 10 188 11 195 3 10 37 11 35 30 32 2 8 68 21 83 2 29 102 30 94 2 7 157 13 190 2 14 177 24 159 3 15 4 17 3 27 4 2 10 190 25 154 3 15 3 17 4 27 4 2 16 39 18 45 4 2 40 6 53 22 40 29 57 2 3 81 28 75
38 2 17 54 30 40 3 1 138 7 111 23 131 3 12 37 19 40 26 39 2 29 97 30 88 2 2 13 26 13 3 8 64 19 48 28 63 3 1 193 3 186 8 215 3 3 149 19 151 25 150 2 2 11 26 14 2 4 45 25 45 3 8 49 19 46 28 54 3 5 63 15 58 24 46 3 8 53 19 48 28 53 3 6 114 7 102 25 124 2 6 125 7 119 3 12 39 19 31 26 38 2 9 155 18 175 3 4 160 10 154 11 143 3 10 40 11 34 30 37 2 7 149 13 146 3 2 48 24 39 26 40 2 14 180 24 157 3 25 156 26 117 28 147 3 15 3 17 3 27 4 3 3 159 19 155 25 151 3 15 199 18 190 23 202 3 5 46 15 61 24 58 2 4 34 16 32 3 2 44 24 47 26 39 2 16 44 18 38 3 20 102 28 99 29 118 3 2 43 24 44 26 41 2 8 79 21 72 4 2 46 6 55 22 50 29 45 1 27 172 3 18 159 23 157 28 199 2 10 153 25 142 2 3 97 28 103
38 2 17 54 30 40 3 1 138 7 111 23 131 3 12 37 19 40 26 39 2 29 97 30 88 2 2 13 26 13 3 8 64 19 48 28 63 3 1 193 3 186 8 215 3 3 149 19 151 25 150 2 2 11 26 14 2 4 45 25 45 3 8 49 19 46 28 54 3 5 63 15 58 24 46 3 8 53 19 48 28 53 3 6 114 7 102 25 124 2 6 125 7 119 3 12 39 19 31 26 38 2 9 155 18 175 3 4 160 10 154 11 143 3 10 40 11 34 30 37 2 7 149 13 146 3 2 48 24 39 26 40 2 14 180 24 157 3 25 156 26 117 28 147 3 15 3 17 3 27 4 3 3 159 19 155 25 151 3 15 199 18 190 23 202 3 5 46 15 61 24 58 2 4 34 16 32 3 2 44 24 47 26 39 2 16 44 18 38 3 20 102 28 99 29 118 3 2 43 24 44 26 41 2 8 79 21 72 4 2 46 6 55 22 50 29 45 1 27 172 3 18 159 23 157 28 199 2 10 153 25 142 2 3 97 28 103
34 3 2 35 24 39 26 35 3 1 139 7 126 23 118 2 2 13 26 15 3 2 43 24 41 26 42 3 3 138 19 136 25 152 4 2 46 6 46 22 47 29 42 3 10 29 11 34 30 36 2 16 40 18 40 2 4 57 25 58 2 4 47 16 41 3 10 30 11 36 30 28 2 14 151 24 143 3 5 60 15 64 24 59 2 29 110 30 101 2 8 88 21 79 3 6 116 7 121 25 127 2 10 183 25 174 2 6 95 7 113 3 1 201 3 190 8 165 2 9 146 18 144 3 15 166 18 196 23 181 3 6 127 7 92 25 112 3 4 156 10 139 11 163 2 3 70 28 98 3 12 36 19 36 26 28 2 7 179 13 165 3 15 4 17 3 27 4 2 29 114 30 105 3 8 46 19 54 28 52 3 20 97 28 140 29 126 3 25 126 26 128 28 156 3 18 185 23 197 28 157 1 27 151 2 17 45 30 47
34 3 2 35 24 39 26 35 3 1 139 7 126 23 118 2 2 13 26 15 3 2 43 24 41 26 42 3 3 138 19 136 25 152 4 2 46 6 46 22 47 29 42 3 10 29 11 34 30 36 2 16 40 18 40 2 4 57 25 58 2 4 47 16 41 3 10 30 11 36 30 28 2 14 151 24 143 3 5 60 15 64 24 59 2 29 110 30 101 2 8 88 21 79 3 6 116 7 121 25 127 2 10 183 25 174 2 6 95 7 113 3 1 201 3 190 8 165 2 9 146 18 144 3 15 166 18 196 23 181 3 6 127 7 92 25 112 3 4 156 10 139 11 163 2 3 70 28 98 3 12 36 19 36 26 28 2 7 179 13 165 3 15 4 17 3 27 4 2 29 114 30 105 3 8 46 19 54 28 52 3 20 97 28 140 29 126 3 25 126 26 128 28 156 3 18 185 23 197 28 157 1 27 151 2 17 45 30 47
34 3 2 35 24 39 26 35 3 1 139 7 126 23 118 2 2 13 26 15 3 2 43 24 41 26 42 3 3 138 19 136 25 152 4 2 46 6 46 22 47 29 42 3 10 29 11 34 30 36 2 16 40 18 40 2 4 57 25 58 2 4 47 16 41 3 10 30 11 36 30 28 2 14 151 24 143 3 5 60 15 64 24 59 2 29 110 30 101 2 8 88 21 79 3 6 116 7 121 25 127 2 10 183 25 174 2 6 95 7 113 3 1 201 3 190 8 165 2 9 146 18 144 3 15 166 18 196 23 181 3 6 127 7 92 25 112 3 4 156 10 139 11 163 2 3 70 28 98 3 12 36 19 36 26 28 2 7 179 13 165 3 15 4 17 3 27 4 2 29 114 30 105 3 8 46 19 54 28 52 3 20 97 28 140 29 126 3 25 126 26 128 28 156 3 18 185 23 197 28 157 1 27 151 2 17 45 30 47
38 2 17 46 30 59 3 1 154 7 155 23 152 3 12 35 19 39 26 35 2 29 81 30 85 2 2 12 26 13 3 8 54 19 64 28 49 3 1 217 3 219 8 211 3 3 165 19 164 25 178 2 2 15 26 16 2 4 54 25 45 3 8 63 19 45 28 49 3 5 57 15 52 24 52 3 8 44 19 63 28 45 3 6 123 7 104 25 126 2 6 128 7 140 3 12 37 19 34 26 40 2 9 181 18 203 3 4 138 10 183 11 190 3 10 31 11 37 30 38 2 7 151 13 155 3 2 47 24 45 26 38 2 14 142 24 141 3 25 146 26 111 28 134 3 15 3 17 4 27 4 3 3 150 19 143 25 140 3 15 138 18 140 23 142 3 5 48 15 46 24 61 2 4 41 16 46 3 2 40 24 35 26 39 2 16 41 18 45 3 20 124 28 99 29 127 3 2 36 24 48 26 46 2 8 83 21 87 4 2 44 6 45 22 56 29 40 1 27 178 3 18 191 23 195 28 190 2 10 147 25 155 2 3 71 28 102
33 3 1 145 7 141 23 154 2 2 14 26 12 3 3 169 19 161 25 171 2 4 49 25 62 3 5 60 15 49 24 45 3 6 103 7 129 25 92 2 6 127 7 107 3 8 50 19 52 28 59 4 2 57 6 40 22 49 29 48 3 1 206 3 230 8 188 2 9 162 18 203 3 4 185 10 161 11 170 3 10 40 11 30 30 37 3 1 140 7 134 23 112 2 8 79 21 94 3 12 35 19 34 26 32 2 7 160 13 147 3 2 45 24 35 26 38 2 3 85 28 92 1 27 168 2 14 150 24 157 3 15 187 18 167 23 157 3 1 172 3 162 8 159 2 4 43 16 45 2 4 51 25 59 3 15 3 17 4 27 4 2 16 33 18 42 3 20 142 28 108 29 131 3 18 197 23 171 28 209 2 17 50 30 44 3 25 162 26 123 28 145 2 10 160 25 163 2 29 82 30 81
33 3 1 145 7 141 23 154 2 2 14 26 12 3 3 169 19 161 25 171 2 4 49 25 62 3 5 60 15 49 24 45 3 6 103 7 129 25 92 2 6 127 7 107 3 8 50 19 52 28 59 4 2 57 6 40 22 49 29 48 3 1 206 3 230 8 188 2 9 162 18 203 3 4 185 10 161 11 170 3 10 40 11 30 30 37 3 1 140 7 134 23 112 2 8 79 21 94 3 12 35 19 34 26 32 2 7 160 13 147 3 2 45 24 35 26 38 2 3 85 28 92 1 27 168 2 14 150 24 157 3 15 187 18 167 23 157 3 1 172 3 162 8 159 2 4 43 16 45 2 4 51 25 59 3 15 3 17 4 27 4 2 16 33 18 42 3 20 142 28 108 29 131 3 18 197 23 171 28 209 2 17 50 30 44 3 25 162 26 123 28 145 2 10 160 25 163 2 29 82 30 81
33 3 1 145 7 141 23 154 2 2 14 26 12 3 3 169 19 161 25 171 2 4 49 25 62 3 5 60 15 49 24 45 3 6 103 7 129 25 92 2 6 127 7 107 3 8 50 19 52 28 59 4 2 57 6 40 22 49 29 48 3 1 206 3 230 8 188 2 9 162 18 203 3 4 185 10 161 11 170 3 10 40 11 30 30 37 3 1 140 7 134 23 112 2 8 79 21 94 3 12 35 19 34 26 32 2 7 160 13 147 3 2 45 24 35 26 38 2 3 85 28 92 1 27 168 2 14 150 24 157 3 15 187 18 167 23 157 3 1 172 3 162 8 159 2 4 43 16 45 2 4 51 25 59 3 15 3 17 4 27 4 2 16 33 18 42 3 20 142 28 108 29 131 3 18 197 23 171 28 209 2 17 50 30 44 3 25 162 26 123 28 145 2 10 160 25 163 2 29 82 30 81
37 3 1 138 7 129 23 108 2 2 12 26 14 3 3 133 19 158 25 177 2 2 11 26 14 2 4 55 25 51 3 15 162 18 171 23 150 3 5 49 15 59 24 59 2 4 46 25 63 3 12 38 19 35 26 33 3 20 112 28 139 29 123 3 5 63 15 60 24 44 3 6 94 7 97 25 127 4 2 42 6 58 22 57 29 52 2 6 117 7 93 3 6 129 7 114 25 92 3 1 234 3 176 8 192 2 4 57 25 51 3 15 3 17 3 27 4 3 20 103 28 137 29 138 2 9 156 18 155 3 4 169 10 161 11 136 3 10 40 11 32 30 29 2 4 34 16 44 2 7 188 13 208 2 8 86 21 102 3 4 183 10 166 11 138 3 2 45 24 39 26 34 3 18 161 23 161 28 173 2 14 139 24 161 2 16 30 18 43 2 29 85 30 112 3 25 142 26 136 28 112 2 3 100 28 95 3 8 61 19 61 28 53 2 10 139 25 176 2 17 55 30 51 1 27 129
37 3 1 138 7 129 23 108 2 2 12 26 14 3 3 133 19 158 25 177 2 2 11 26 14 2 4 55 25 51 3 15 162 18 171 23 150 3 5 49 15 59 24 59 2 4 46 25 63 3 12 38 19 35 26 33 3 20 112 28 139 29 123 3 5 63 15 60 24 44 3 6 94 7 97 25 127 4 2 42 6 58 22 57 29 52 2 6 117 7 93 3 6 129 7 114 25 92 3 1 234 3 176 8 192 2 4 57 25 51 3 15 3 17 3 27 4 3 20 103 28 137 29 138 2 9 156 18 155 3 4 169 10 161 11 136 3 10 40 11 32 30 29 2 4 34 16 44 2 7 188 13 208 2 8 86 21 102 3 4 183 10 166 11 138 3 2 45 24 39 26 34 3 18 161 23 161 28 173 2 14 139 24 161 2 16 30 18 43 2 29 85 30 112 3 25 142 26 136 28 112 2 3 100 28 95 3 8 61 19 61 28 53 2 10 139 25 176 2 17 55 30 51 1 27 129
37 3 1 138 7 129 23 108 2 2 12 26 14 3 3 133 19 158 25 177 2 2 11 26 14 2 4 55 25 51 3 15 162 18 171 23 150 3 5 49 15 59 24 59 2 4 46 25 63 3 12 38 19 35 26 33 3 20 112 28 139 29 123 3 5 63 15 60 24 44 3 6 94 7 97 25 127 4 2 42 6 58 22 57 29 52 2 6 117 7 93 3 6 129 7 114 25 92 3 1 234 3 176 8 192 2 4 57 25 51 3 15 3 17 3 27 4 3 20 103 28 137 29 138 2 9 156 18 155 3 4 169 10 161 11 136 3 10 40 11 32 30 29 2 4 34 16 44 2 7 188 13 208 2 8 86 21 102 3 4 183 10 166 11 138 3 2 45 24 39 26 34 3 18 161 23 161 28 173 2 14 139 24 161 2 16 30 18 43 2 29 85 30 112 3 25 142 26 136 28 112 2 3 100 28 95 3 8 61 19 61 28 53 2 10 139 25 176 2 17 55 30 51 1 27 129
35 3 10 39 11 33 30 28 3 1 132 7 146 23 138 2 2 16 26 13 3 15 4 17 3 27 4 2 29 109 30 104 3 3 152 19 186 25 196 3 10 30 11 36 30 38 2 14 163 24 159 2 17 53 30 42 3 10 29 11 30 30 31 2 4 65 25 58 3 5 59 15 62 24 45 3 6 102 7 106 25 103 2 6 119 7 118 3 1 232 3 227 8 224 2 29 103 30 84 2 9 170 18 167 2 2 13 26 16 3 2 44 24 43 26 39 3 12 34 19 40 26 41 3 4 150 10 152 11 143 3 25 137 26 137 28 109 2 7 164 13 186 2 10 182 25 152 3 15 184 18 176 23 180 3 5 58 15 59 24 59 2 4 39 16 45 2 3 81 28 105 2 16 30 18 31 2 8 99 21 85 3 8 49 19 62 28 58 3 20 124 28 117 29 113 4 2 58 6 44 22 53 29 49 1 27 125 3 18 143 23 166 28 182
39 3 1 121 7 111 23 138 2 7 177 13 143 3 1 148 7 136 23 138 2 2 12 26 12 4 2 57 6 41 22 51 29 56 3 3 139 19 135 25 161 3 1 138 7 140 23 107 2 4 63 25 45 2 7 169 13 201 3 5 60 15 50 24 56 2 2 14 26 14 3 6 97 7 100 25 129 1 27 125 3 2 37 24 49 26 40 2 6 136 7 98 3 15 195 18 152 23 165 3 1 201 3 215 8 175 2 17 54 30 58 2 9 191 18 164 3 6 112 7 121 25 112 3 4 161 10 161 11 174 3 1 137 7 150 23 141 3 15 4 17 3 27 4 3 10 36 11 27 30 29 3 1 133 7 116 23 111 2 8 89 21 94 3 12 28 19 28 26 30 3 4 193 10 162 11 186 2 29 102 30 112 3 18 192 23 169 28 184 2 14 196 24 158 2 4 36 16 34 2 16 34 18 40 3 8 64 19 50 28 46 3 20 142 28 137 29 106 2 8 81 21 77 2 10 171 25 158 3 25 141 26 126 28 150 2 3 70 28 88
39 3 1 121 7 111 23 138 2 7 177 13 143 3 1 148 7 136 23 138 2 2 12 26 12 4 2 57 6 41 22 51 29 56 3 3 139 19 135 25 161 3 1 138 7 140 23 107 2 4 63 25 45 2 7 169 13 201 3 5 60 15 50 24 56 2 2 14 26 14 3 6 97 7 100 25 129 1 27 125 3 2 37 24 49 26 40 2 6 136 7 98 3 15 195 18 152 23 165 3 1 201 3 215 8 175 2 17 54 30 58 2 9 191 18 164 3 6 112 7 121 25 112 3 4 161 10 161 11 174 3 1 137 7 150 23 141 3 15 4 17 3 27 4 3 10 36 11 27 30 29 3 1 133 7 116 23 111 2 8 89 21 94 3 12 28 19 28 26 30 3 4 193 10 162 11 186 2 29 102 30 112 3 18 192 23 169 28 184 2 14 196 24 158 2 4 36 16 34 2 16 34 18 40 3 8 64 19 50 28 46 3 20 142 28 137 29 106 2 8 81 21 77 2 10 171 25 158 3 25 141 26 126 28 150 2 3 70 28 88
34 2 17 51 30 41 3 1 115 7 144 23 123 2 17 47 30 40 3 10 36 11 39 30 33 2 2 15 26 16 3 3 180 19 143 25 159 2 4 52 25 67 3 5 55 15 64 24 59 3 6 93 7 104 25 100 2 6 120 7 138 3 1 193 3 173 8 174 2 9 165 18 206 2 7 151 13 201 3 10 40 11 30 30 36 3 4 194 10 162 11 148 3 12 32 19 32 26 39 2 14 154 24 137 2 10 155 25 163 2 3 75 28 104 3 15 203 18 196 23 169 2 4 44 16 45 3 15 3 17 4 27 4 3 4 191 10 144 11 136 3 25 152 26 145 28 144 2 8 94 21 95 2 16 39 18 42 3 12 32 19 32 26 29 2 29 97 30 89 3 8 57 19 60 28 48 3 20 122 28 109 29 111 4 2 46 6 45 22 58 29 43 3 2 38 24 34 26 45 3 18 144 23 200 28 163 1 27 181
34 2 17 51 30 41 3 1 115 7 144 23 123 2 17 47 30 40 3 10 36 11 39 30 33 2 2 15 26 16 3 3 180 19 143 25 159 2 4 52 25 67 3 5 55 15 64 24 59 3 6 93 7 104 25 100 2 6 120 7 138 3 1 193 3 173 8 174 2 9 165 18 206 2 7 151 13 201 3 10 40 11 30 30 36 3 4 194 10 162 11 148 3 12 32 19 32 26 39 2 14 154 24 137 2 10 155 25 163 2 3 75 28 104 3 15 203 18 196 23 169 2 4 44 16 45 3 15 3 17 4 27 4 3 4 191 10 144 11 136 3 25 152 26 145 28 144 2 8 94 21 95 2 16 39 18 42 3 12 32 19 32 26 29 2 29 97 30 89 3 8 57 19 60 28 48 3 20 122 28 109 29 111 4 2 46 6 45 22 58 29 43 3 2 38 24 34 26 45 3 18 144 23 200 28 163 1 27 181
34 2 17 51 30 41 3 1 115 7 144 23 123 2 17 47 30 40 3 10 36 11 39 30 33 2 2 15 26 16 3 3 180 19 143 25 159 2 4 52 25 67 3 5 55 15 64 24 59 3 6 93 7 104 25 100 2 6 120 7 138 3 1 193 3 173 8 174 2 9 165 18 206 2 7 151 13 201 3 10 40 11 30 30 36 3 4 194 10 162 11 148 3 12 32 19 32 26 39 2 14 154 24 137 2 10 155 25 163 2 3 75 28 104 3 15 203 18 196 23 169 2 4 44 16 45 3 15 3 17 4 27 4 3 4 191 10 144 11 136 3 25 152 26 145 28 144 2 8 94 21 95 2 16 39 18 42 3 12 32 19 32 26 29 2 29 97 30 89 3 8 57 19 60 28 48 3 20 122 28 109 29 111 4 2 46 6 45 22 58 29 43 3 2 38 24 34 26 45 3 18 144 23 200 28 163 1 27 181
38 2 6 119 7 122 3 1 128 7 139 23 121 2 2 15 26 16 2 6 138 7 110 3 1 226 3 177 8 199 3 3 179 19 157 25 198 2 4 52 25 58 3 8 62 19 54 28 49 3 5 49 15 51 24 56 3 3 154 19 181 25 195 3 6 109 7 89 25 124 2 10 160 25 138 2 9 207 18 145 3 4 201 10 193 11 181 2 4 50 25 51 3 10 31 11 29 30 35 3 12 29 19 35 26 39 2 2 12 26 11 4 2 42 6 57 22 54 29 40 2 7 147 13 145 2 17 56 30 54 3 1 185 3 228 8 195 2 14 153 24 140 3 15 199 18 205 23 146 3 6 112 7 116 25 133 2 4 39 16 47 3 15 4 17 3 27 4 2 3 97 28 70 2 9 193 18 189 1 27 152 2 16 31 18 31 3 20 138 28 98 29 138 2 6 105 7 122 2 8 75 21 94 3 18 202 23 192 28 191 3 2 43 24 38 26 45 3 25 131 26 159 28 113 2 29 97 30 82
33 3 1 135 7 151 23 119 2 2 13 26 16 3 3 157 19 185 25 138 2 4 56 25 65 3 5 61 15 54 24 53 3 6 105 7 118 25 117 2 6 114 7 135 3 8 55 19 56 28 53 4 2 58 6 46 22 43 29 49 3 1 218 3 236 8 218 2 9 203 18 184 3 4 153 10 186 11 201 3 10 33 11 40 30 36 3 1 111 7 107 23 138 2 8 84 21 82 3 12 37 19 31 26 33 2 7 175 13 199 3 2 34 24 48 26 35 2 3 94 28 101 1 27 156 2 14 160 24 166 3 15 189 18 163 23 199 3 1 198 3 219 8 194 2 4 33 16 38 2 4 63 25 65 3 15 3 17 3 27 3 2 16 44 18 30 3 20 116 28 99 29 129 3 18 190 23 200 28 203 2 17 42 30 41 3 25 123 26 130 28 115 2 10 158 25 184 2 29 81 30 105
33 3 1 135 7 151 23 119 2 2 13 26 16 3 3 157 19 185 25 138 2 4 56 25 65 3 5 61 15 54 24 53 3 6 105 7 118 25 117 2 6 114 7 135 3 8 55 19 56 28 53 4 2 58 6 46 22 43 29 49 3 1 218 3 236 8 218 2 9 203 18 184 3 4 153 10 186 11 201 3 10 33 11 40 30 36 3 1 111 7 107 23 138 2 8 84 21 82 3 12 37 19 31 26 33 2 7 175 13 199 3 2 34 24 48 26 35 2 3 94 28 101 1 27 156 2 14 160 24 166 3 15 189 18 163 23 199 3 1 198 3 219 8 194 2 4 33 16 38 2 4 63 25 65 3 15 3 17 3 27 3 2 16 44 18 30 3 20 116 28 99 29 129 3 18 190 23 200 28 203 2 17 42 30 41 3 25 123 26 130 28 115 2 10 158 25 184 2 29 81 30 105
33 3 10 31 11 37 30 32 3 4 171 10 182 11 157 3 5 58 15 64 24 59 2 7 184 13 207 3 4 162 10 168 11 181 3 1 109 7 129 23 116 3 8 63 19 61 28 46 2 3 78 28 99 2 7 183 13 182 2 2 13 26 11 2 6 97 7 124 3 3 142 19 184 25 184 2 4 52 25 54 3 6 92 7 130 25 125 2 10 203 25 178 3 1 220 3 168 8 228 2 9 190 18 150 3 12 40 19 33 26 41 3 15 149 18 161 23 197 2 14 162 24 170 3 25 137 26 126 28 112 2 17 55 30 42 3 15 3 17 4 27 4 2 4 44 16 46 2 16 34 18 40 4 2 42 6 52 22 57 29 50 3 20 103 28 113 29 138 2 8 81 21 81 3 18 141 23 206 28 202 3 2 44 24 46 26 35 3 6 109 7 111 25 95 1 27 146 2 29 101 30 91
34 2 17 55 30 40 3 1 152 7 141 23 116 2 17 44 30 52 3 10 28 11 34 30 39 2 2 15 26 11 3 3 178 19 163 25 143 2 4 46 25 56 3 5 58 15 54 24 65 3 6 120 7 112 25 117 2 6 101 7 97 3 1 187 3 211 8 216 2 9 180 18 174 2 7 167 13 182 3 10 29 11 32 30 36 3 4 136 10 198 11 155 3 12 40 19 37 26 41 2 14 153 24 150 2 10 155 25 187 2 3 79 28 95 3 15 197 18 176 23 150 2 4 45 16 42 3 15 3 17 4 27 4 3 4 166 10 155 11 191 3 25 145 26 113 28 129 2 8 98 21 72 2 16 35 18 36 3 12 34 19 38 26 34 2 29 107 30 109 3 8 56 19 64 28 54 3 20 95 28 96 29 109 4 2 43 6 48 22 49 29 58 3 2 37 24 51 26 36 3 18 188 23 208 28 183 1 27 181
34 2 17 55 30 40 3 1 152 7 141 23 116 2 17 44 30 52 3 10 28 11 34 30 39 2 2 15 26 11 3 3 178 19 163 25 143 2 4 46 25 56 3 5 58 15 54 24 65 3 6 120 7 112 25 117 2 6 101 7 97 3 1 187 3 211 8 216 2 9 180 18 174 2 7 167 13 182 3 10 29 11 32 30 36 3 4 136 10 198 11 155 3 12 40 19 37 26 41 2 14 153 24 150 2 10 155 25 187 2 3 79 28 95 3 15 197 18 176 23 150 2 4 45 16 42 3 15 3 17 4 27 4 3 4 166 10 155 11 191 3 25 145 26 113 28 129 2 8 98 21 72 2 16 35 18 36 3 12 34 19 38 26 34 2 29 107 30 109 3 8 56 19 64 28 54 3 20 95 28 96 29 109 4 2 43 6 48 22 49 29 58 3 2 37 24 51 26 36 3 18 188 23 208 28 183 1 27 181
37 3 1 139 7 108 23 108 2 2 12 26 15 3 3 181 19 178 25 159 2 2 11 26 16 2 4 48 25 58 3 15 169 18 205 23 182 3 5 48 15 62 24 46 2 4 65 25 46 3 12 29 19 39 26 36 3 20 115 28 136 29 96 3 5 52 15 51 24 52 3 6 133 7 131 25 106 4 2 56 6 56 22 58 29 47 2 6 129 7 102 3 6 94 7 128 25 101 3 1 182 3 206 8 186 2 4 66 25 64 3 15 4 17 4 27 4 3 20 135 28 111 29 116 2 9 141 18 198 3 4 184 10 160 11 157 3 10 37 11 28 30 39 2 4 47 16 37 2 7 155 13 200 2 8 81 21 90 3 4 155 10 155 11 177 3 2 45 24 36 26 35 3 18 163 23 186 28 199 2 14 138 24 167 2 16 35 18 31 2 29 98 30 92 3 25 135 26 160 28 156 2 3 81 28 79 3 8 44 19 54 28 51 2 10 198 25 169 2 17 52 30 54 1 27 146
37 3 8 53 19 50 28 50 2 17 50 30 48 3 25 137 26 110 28 123 2 17 54 30 58 3 20 142 28 100 29 116 3 18 150 23 198 28 155 3 1 112 7 150 23 152 2 2 14 26 14 2 7 196 13 148 3 3 197 19 136 25 192 2 4 56 25 61 3 1 123 7 150 23 113 2 4 40 16 42 2 17 47 30 41 3 5 55 15 51 24 60 3 2 49 24 51 26 48 3 6 130 7 117 25 114 1 27 148 2 6 95 7 93 3 1 228 3 208 8 179 3 15 138 18 190 23 180 2 17 42 30 45 2 9 187 18 194 3 2 49 24 39 26 43 3 12 38 19 41 26 40 3 4 155 10 144 11 149 3 10 28 11 40 30 32 2 8 97 21 98 2 29 108 30 112 2 7 210 13 156 2 14 148 24 184 3 15 4 17 4 27 3 2 10 162 25 149 3 15 3 17 3 27 4 2 16 33 18 36 4 2 45 6 50 22 58 29 43 2 3 85 28 74
37 3 8 53 19 50 28 50 2 17 50 30 48 3 25 137 26 110 28 123 2 17 54 30 58 3 20 142 28 100 29 116 3 18 150 23 198 28 155 3 1 112 7 150 23 152 2 2 14 26 14 2 7 196 13 148 3 3 197 19 136 25 192 2 4 56 25 61 3 1 123 7 150 23 113 2 4 40 16 42 2 17 47 30 41 3 5 55 15 51 24 60 3 2 49 24 51 26 48 3 6 130 7 117 25 114 1 27 148 2 6 95 7 93 3 1 228 3 208 8 179 3 15 138 18 190 23 180 2 17 42 30 45 2 9 187 18 194 3 2 49 24 39 26 43 3 12 38 19 41 26 40 3 4 155 10 144 11 149 3 10 28 11 40 30 32 2 8 97 21 98 2 29 108 30 112 2 7 210 13 156 2 14 148 24 184 3 15 4 17 4 27 3 2 10 162 25 149 3 15 3 17 3 27 4 2 16 33 18 36 4 2 45 6 50 22 58 29 43 2 3 85 28 74
37 3 8 53 19 50 28 50 2 17 50 30 48 3 25 137 26 110 28 123 2 17 54 30 58 3 20 142 28 100 29 116 3 18 150 23 198 28 155 3 1 112 7 150 23 152 2 2 14 26 14 2 7 196 13 148 3 3 197 19 136 25 192 2 4 56 25 61 3 1 123 7 150 23 113 2 4 40 16 42 2 17 47 30 41 3 5 55 15 51 24 60 3 2 49 24 51 26 48 3 6 130 7 117 25 114 1 27 148 2 6 95 7 93 3 1 228 3 208 8 179 3 15 138 18 190 23 180 2 17 42 30 45 2 9 187 18 194 3 2 49 24 39 26 43 3 12 38 19 41 26 40 3 4 155 10 144 11 149 3 10 28 11 40 30 32 2 8 97 21 98 2 29 108 30 112 2 7 210 13 156 2 14 148 24 184 3 15 4 17 4 27 3 2 10 162 25 149 3 15 3 17 3 27 4 2 16 33 18 36 4 2 45 6 50 22 58 29 43 2 3 85 28 74
37 3 8 53 19 50 28 50 2 17 50 30 48 3 25 137 26 110 28 123 2 17 54 30 58 3 20 142 28 100 29 116 3 18 150 23 198 28 155 3 1 112 7 150 23 152 2 2 14 26 14 2 7 196 13 148 3 3 197 19 136 25 192 2 4 56 25 61 3 1 123 7 150 23 113 2 4 40 16 42 2 17 47 30 41 3 5 55 15 51 24 60 3 2 49 24 51 26 48 3 6 130 7 117 25 114 1 27 148 2 6 95 7 93 3 1 228 3 208 8 179 3 15 138 18 190 23 180 2 17 42 30 45 2 9 187 18 194 3 2 49 24 39 26 43 3 12 38 19 41 26 40 3 4 155 10 144 11 149 3 10 28 11 40 30 32 2 8 97 21 98 2 29 108 30 112 2 7 210 13 156 2 14 148 24 184 3 15 4 17 4 27 3 2 10 162 25 149 3 15 3 17 3 27 4 2 16 33 18 36 4 2 45 6 50 22 58 29 43 2 3 85 28 74
33 3 1 152 7 109 23 129 2 2 16 26 11 3 3 175 19 172 25 161 2 4 51 25 61 3 5 44 15 47 24 54 3 6 97 7 110 25 108 2 6 128 7 98 3 8 55 19 58 28 43 4 2 49 6 55 22 49 29 52 3 1 235 3 173 8 167 2 9 183 18 207 3 4 196 10 182 11 169 3 10 28 11 38 30 34 3 1 104 7 139 23 148 2 8 81 21 94 3 12 31 19 41 26 39 2 7 210 13 180 3 2 41 24 45 26 41 2 3 98 28 99 1 27 154 2 14 148 24 185 3 15 144 18 196 23 185 3 1 226 3 199 8 176 2 4 47 16 37 2 4 57 25 60 3 15 3 17 4 27 4 2 16 42 18 44 3 20 99 28 112 29 118 3 18 146 23 189 28 202 2 17 46 30 58 3 25 154 26 117 28 126 2 10 151 25 139 2 29 101 30 83
33 3 1 152 7 109 23 129 2 2 16 26 11 3 3 175 19 172 25 161 2 4 51 25 61 3 5 44 15 47 24 54 3 6 97 7 110 25 108 2 6 128 7 98 3 8 55 19 58 28 43 4 2 49 6 55 22 49 29 52 3 1 235 3 173 8 167 2 9 183 18 207 3 4 196 10 182 11 169 3 10 28 11 38 30 34 3 1 104 7 139 23 148 2 8 81 21 94 3 12 31 19 41 26 39 2 7 210 13 180 3 2 41 24 45 26 41 2 3 98 28 99 1 27 154 2 14 148 24 185 3 15 144 18 196 23 185 3 1 226 3 199 8 176 2 4 47 16 37 2 4 57 25 60 3 15 3 17 4 27 4 2 16 42 18 44 3 20 99 28 112 29 118 3 18 146 23 189 28 202 2 17 46 30 58 3 25 154 26 117 28 126 2 10 151 25 139 2 29 101 30 83
33 3 1 152 7 109 23 129 2 2 16 26 11 3 3 175 19 172 25 161 2 4 51 25 61 3 5 44 15 47 24 54 3 6 97 7 110 25 108 2 6 128 7 98 3 8 55 19 58 28 43 4 2 49 6 55 22 49 29 52 3 1 235 3 173 8 167 2 9 183 18 207 3 4 196 10 182 11 169 3 10 28 11 38 30 34 3 1 104 7 139 23 148 2 8 81 21 94 3 12 31 19 41 26 39 2 7 210 13 180 3 2 41 24 45 26 41 2 3 98 28 99 1 27 154 2 14 148 24 185 3 15 144 18 196 23 185 3 1 226 3 199 8 176 2 4 47 16 37 2 4 57 25 60 3 15 3 17 4 27 4 2 16 42 18 44 3 20 99 28 112 29 118 3 18 146 23 189 28 202 2 17 46 30 58 3 25 154 26 117 28 126 2 10 151 25 139 2 29 101 30 83
33 3 1 146 7 123 23 112 2 2 12 26 11 3 3 179 19 136 25 133 2 4 66 25 52 3 5 46 15 49 24 45 3 6 92 7 97 25 106 2 6 134 7 109 3 8 44 19 59 28 44 4 2 50 6 51 22 59 29 57 3 1 193 3 221 8 215 2 9 207 18 171 3 4 151 10 177 11 138 3 10 32 11 40 30 32 3 1 120 7 111 23 151 2 8 97 21 83 3 12 30 19 37 26 41 2 7 174 13 161 3 2 47 24 35 26 46 2 3 78 28 81 1 27 126 2 14 155 24 141 3 15 174 18 157 23 152 3 1 175 3 168 8 161 2 4 33 16 37 2 4 45 25 54 3 15 3 17 3 27 3 2 16 36 18 40 3 20 102 28 127 29 110 3 18 140 23 181 28 170 2 17 52 30 49 3 25 155 26 148 28 129 2 10 177 25 144 2 29 105 30 91
36 3 1 143 7 141 23 154 2 2 16 26 14 3 3 189 19 150 25 190 2 4 63 25 49 2 4 34 16 44 3 25 132 26 115 28 152 3 5 65 15 55 24 55 3 6 131 7 90 25 98 2 6 126 7 116 3 10 39 11 28 30 40 1 27 141 3 1 176 3 192 8 230 2 4 47 16 36 2 9 174 18 203 3 4 198 10 138 11 167 3 12 30 19 28 26 32 3 15 205 18 179 23 190 2 2 16 26 15 2 7 191 13 209 3 3 168 19 170 25 176 2 8 85 21 87 2 14 203 24 141 3 15 4 17 4 27 3 3 4 135 10 195 11 187 2 16 36 18 37 2 29 102 30 102 3 8 45 19 57 28 45 3 20 123 28 102 29 100 3 4 170 10 178 11 175 4 2 49 6 42 22 49 29 58 2 16 31 18 32 2 10 185 25 182 3 18 208 23 157 28 155 2 3 93 28 78 2 17 45 30 45 3 2 49 24 49 26 47
36 3 1 143 7 141 23 154 2 2 16 26 14 3 3 189 19 150 25 190 2 4 63 25 49 2 4 34 16 44 3 25 132 26 115 28 152 3 5 65 15 55 24 55 3 6 131 7 90 25 98 2 6 126 7 116 3 10 39 11 28 30 40 1 27 141 3 1 176 3 192 8 230 2 4 47 16 36 2 9 174 18 203 3 4 198 10 138 11 167 3 12 30 19 28 26 32 3 15 205 18 179 23 190 2 2 16 26 15 2 7 191 13 209 3 3 168 19 170 25 176 2 8 85 21 87 2 14 203 24 141 3 15 4 17 4 27 3 3 4 135 10 195 11 187 2 16 36 18 37 2 29 102 30 102 3 8 45 19 57 28 45 3 20 123 28 102 29 100 3 4 170 10 178 11 175 4 2 49 6 42 22 49 29 58 2 16 31 18 32 2 10 185 25 182 3 18 208 23 157 28 155 2 3 93 28 78 2 17 45 30 45 3 2 49 24 49 26 47
37 3 8 47 19 46 28 57 2 17 56 30 44 3 25 137 26 113 28 162 2 17 52 30 45 3 20 120 28 134 29 138 3 18 148 23 191 28 173 3 1 123 7 116 23 107 2 2 13 26 15 2 7 191 13 145 3 3 186 19 169 25 134 2 4 47 25 48 3 1 114 7 147 23 143 2 4 40 16 46 2 17 43 30 48 3 5 48 15 44 24 65 3 2 48 24 41 26 45 3 6 127 7 120 25 94 1 27 168 2 6 136 7 124 3 1 221 3 171 8 189 3 15 146 18 180 23 169 2 17 42 30 55 2 9 169 18 204 3 2 38 24 35 26 40 3 12 41 19 39 26 39 3 4 177 10 155 11 160 3 10 34 11 32 30 29 2 8 93 21 76 2 29 90 30 103 2 7 159 13 158 2 14 197 24 164 3 15 3 17 3 27 4 2 10 153 25 195 3 15 3 17 4 27 3 2 16 36 18 40 4 2 47 6 48 22 43 29 58 2 3 99 28 92
35 3 1 120 7 151 23 109 2 2 16 26 13 3 5 46 15 46 24 55 3 1 120 7 150 23 132 3 3 167 19 163 25 135 2 4 52 25 62 3 6 96 7 116 25 94 2 16 37 18 38 3 10 34 11 34 30 29 2 3 95 28 91 2 6 137 7 139 3 1 169 3 186 8 230 2 9 140 18 146 3 1 106 7 105 23 140 3 4 143 10 170 11 187 2 9 159 18 145 3 15 148 18 203 23 194 3 12 35 19 34 26 39 2 7 167 13 183 3 6 126 7 115 25 93 2 14 145 24 179 3 20 126 28 133 29 103 2 4 41 16 46 3 15 3 17 4 27 4 3 8 56 19 55 28 49 4 2 44 6 57 22 40 29 59 2 8 98 21 76 2 10 197 25 160 3 18 163 23 142 28 168 3 2 36 24 41 26 50 3 25 123 26 142 28 111 1 27 128 3 18 157 23 178 28 176 2 29 92 30 113 2 17 40 30 47
35 2 14 201 24 191 3 1 121 7 148 23 104 3 18 149 23 165 28 186 3 1 104 7 143 23 122 2 2 14 26 13 3 6 106 7 128 25 112 3 25 160 26 114 28 152 3 3 175 19 155 25 191 2 4 64 25 53 3 5 49 15 56 24 51 2 6 120 7 129 3 1 229 3 190 8 232 3 25 136 26 131 28 124 3 12 32 19 29 26 36 3 10 30 11 36 30 37 2 3 72 28 94 2 9 150 18 200 3 25 128 26 124 28 136 3 4 162 10 186 11 171 2 7 204 13 173 2 17 42 30 41 3 15 180 18 192 23 204 2 4 44 16 37 2 9 153 18 168 3 15 4 17 3 27 4 2 16 32 18 43 3 2 50 24 39 26 36 3 8 50 19 46 28 44 3 20 116 28 103 29 136 2 8 89 21 80 2 10 187 25 180 4 2 44 6 52 22 45 29 55 2 4 66 25 45 1 27 175 2 29 112 30 106
33 3 10 27 11 38 30 38 3 4 157 10 169 11 169 3 5 64 15 50 24 47 2 7 193 13 201 3 4 146 10 149 11 198 3 1 151 7 112 23 106 3 8 63 19 57 28 53 2 3 82 28 104 2 7 209 13 160 2 2 14 26 13 2 6 125 7 131 3 3 182 19 156 25 188 2 4 62 25 60 3 6 102 7 116 25 107 2 10 168 25 174 3 1 219 3 220 8 200 2 9 182 18 198 3 12 31 19 40 26 29 3 15 160 18 196 23 143 2 14 171 24 144 3 25 157 26 113 28 133 2 17 50 30 50 3 15 4 17 3 27 4 2 4 47 16 34 2 16 30 18 30 4 2 46 6 57 22 43 29 51 3 20 136 28 122 29 97 2 8 78 21 94 3 18 151 23 206 28 193 3 2 42 24 41 26 43 3 6 96 7 132 25 126 1 27 178 2 29 98 30 107
33 3 10 35 11 34 30 38 3 4 153 10 146 11 152 3 5 60 15 45 24 56 2 7 159 13 207 3 4 139 10 177 11 181 3 1 135 7 138 23 116 3 8 51 19 46 28 44 2 3 85 28 78 2 7 144 13 187 2 2 15 26 16 2 6 108 7 118 3 3 172 19 151 25 171 2 4 66 25 47 3 6 134 7 110 25 127 2 10 167 25 184 3 1 167 3 203 8 175 2 9 198 18 170 3 12 33 19 34 26 30 3 15 158 18 204 23 170 2 14 156 24 155 3 25 143 26 109 28 153 2 17 46 30 55 3 15 4 17 3 27 3 2 4 41 16 39 2 16 40 18 30 4 2 52 6 49 22 56 29 58 3 20 116 28 124 29 141 2 8 98 21 85 3 18 190 23 141 28 186 3 2 46 24 36 26 37 3 6 102 7 129 25 130 1 27 161 2 29 108 30 105
38 2 17 49 30 47 3 1 149 7 151 23 108 3 12 28 19 35 26 29 2 29 110 30 97 2 2 16 26 15 3 8 59 19 63 28 46 3 1 200 3 195 8 222 3 3 151 19 188 25 171 2 2 13 26 14 2 4 46 25 64 3 8 52 19 53 28 53 3 5 55 15 57 24 47 3 8 54 19 53 28 50 3 6 102 7 117 25 132 2 6 129 7 117 3 12 29 19 41 26 34 2 9 184 18 155 3 4 136 10 178 11 174 3 10 40 11 30 30 34 2 7 191 13 186 3 2 48 24 46 26 44 2 14 160 24 191 3 25 122 26 127 28 154 3 15 3 17 3 27 3 3 3 156 19 170 25 191 3 15 150 18 147 23 189 3 5 46 15 46 24 52 2 4 33 16 36 3 2 38 24 35 26 39 2 16 41 18 31 3 20 106 28 115 29 139 3 2 38 24 35 26 34 2 8 85 21 84 4 2 43 6 46 22 57 29 53 1 27 179 3 18 164 23 173 28 198 2 10 162 25 179 2 3 75 28 88
37 3 8 53 19 46 28 54 2 17 56 30 47 3 25 113 26 123 28 137 2 17 45 30 57 3 20 126 28 116 29 97 3 18 169 23 167 28 152 3 1 139 7 110 23 152 2 2 16 26 13 2 7 198 13 203 3 3 141 19 167 25 176 2 4 48 25 47 3 1 136 7 136 23 121 2 4 43 16 33 2 17 47 30 48 3 5 57 15 65 24 55 3 2 44 24 35 26 40 3 6 111 7 109 25 128 1 27 157 2 6 115 7 140 3 1 222 3 158 8 183 3 15 154 18 142 23 151 2 17 59 30 55 2 9 178 18 204 3 2 42 24 51 26 39 3 12 32 19 40 26 29 3 4 167 10 175 11 172 3 10 37 11 28 30 37 2 8 102 21 77 2 29 106 30 106 2 7 143 13 143 2 14 182 24 148 3 15 3 17 3 27 3 2 10 173 25 146 3 15 3 17 4 27 4 2 16 41 18 35 4 2 56 6 57 22 58 29 42 2 3 80 28 72
DUE_DATES: 3778 3778 4262 3946 3946 3856 3856 3856 3768 3768 3573 3573 3573 3836 3750 3750 3750 3880 3880 3880 3599 4495 4495 3660 3660 3660 4415 3868 3868 3877 3679 3679 3981 3884 3884 3884 3884 3800 3800 3800 3606 4094 4094 3901 4019 4135 3954 3847 3894 3851
WEIGHTS: 3 2 2 2 1 1 2 1 3 3 2 1 2 3 3 2 2 1 2 2 1 1 1 3 2 3 1 1 3 3 2 2 3 1 2 1 3 1 3 2 2 2 2 1 1 2 3 1 2 3
