50 30
36 2 1 104 23 153 2 2 78 5 104 2 17 80 23 65 3 10 44 18 43 23 49 2 10 143 18 176 4 15 103 16 124 17 104 27 122 2 1 130 23 116 2 3 166 18 191 2 4 58 8 62 3 2 67 5 73 24 77 2 2 117 6 102 2 7 196 24 178 2 3 186 18 174 4 5 132 6 132 8 157 21 146 2 2 85 9 89 3 1 192 11 157 28 170 3 12 114 20 111 25 92 2 6 117 13 137 3 12 91 20 109 25 110 2 2 103 14 113 2 15 184 23 179 2 16 158 18 142 3 18 107 19 120 27 123 2 14 90 20 103 3 11 124 19 108 26 114 2 22 88 27 90 2 17 69 21 62 2 7 184 24 202 2 19 118 23 130 2 17 55 21 73 2 4 108 24 147 3 12 59 24 43 25 56 3 4 67 29 89 30 76 3 10 42 18 44 23 47 2 23 68 28 75 2 22 75 30 111
36 2 1 104 23 153 2 2 78 5 104 2 17 80 23 65 3 10 44 18 43 23 49 2 10 143 18 176 4 15 103 16 124 17 104 27 122 2 1 130 23 116 2 3 166 18 191 2 4 58 8 62 3 2 67 5 73 24 77 2 2 117 6 102 2 7 196 24 178 2 3 186 18 174 4 5 132 6 132 8 157 21 146 2 2 85 9 89 3 1 192 11 157 28 170 3 12 114 20 111 25 92 2 6 117 13 137 3 12 91 20 109 25 110 2 2 103 14 113 2 15 184 23 179 2 16 158 18 142 3 18 107 19 120 27 123 2 14 90 20 103 3 11 124 19 108 26 114 2 22 88 27 90 2 17 69 21 62 2 7 184 24 202 2 19 118 23 130 2 17 55 21 73 2 4 108 24 147 3 12 59 24 43 25 56 3 4 67 29 89 30 76 3 10 42 18 44 23 47 2 23 68 28 75 2 22 75 30 111
35 2 1 107 23 107 3 12 91 20 131 25 99 2 2 101 6 85 2 2 73 5 86 2 2 86 6 88 2 15 145 23 136 2 3 139 18 143 2 4 46 8 64 3 2 86 5 84 24 71 2 7 210 24 192 4 5 146 6 135 8 139 21 149 2 3 168 18 168 2 2 91 9 88 3 10 45 18 35 23 44 4 5 146 6 133 8 154 21 169 2 22 89 30 98 2 4 150 24 127 3 1 142 11 189 28 155 2 6 137 13 126 2 2 104 14 114 2 10 203 18 179 2 16 138 18 122 3 18 134 19 110 27 107 3 12 106 20 131 25 104 2 17 84 23 81 2 17 57 21 77 2 7 208 24 173 2 14 106 20 101 2 22 97 27 77 2 23 64 28 65 3 11 110 19 101 26 93 2 19 137 23 123 3 12 55 24 44 25 45 4 15 101 16 101 17 105 27 104 3 4 87 29 68 30 75
35 2 1 107 23 107 3 12 91 20 131 25 99 2 2 101 6 85 2 2 73 5 86 2 2 86 6 88 2 15 145 23 136 2 3 139 18 143 2 4 46 8 64 3 2 86 5 84 24 71 2 7 210 24 192 4 5 146 6 135 8 139 21 149 2 3 168 18 168 2 2 91 9 88 3 10 45 18 35 23 44 4 5 146 6 133 8 154 21 169 2 22 89 30 98 2 4 150 24 127 3 1 142 11 189 28 155 2 6 137 13 126 2 2 104 14 114 2 10 203 18 179 2 16 138 18 122 3 18 134 19 110 27 107 3 12 106 20 131 25 104 2 17 84 23 81 2 17 57 21 77 2 7 208 24 173 2 14 106 20 101 2 22 97 27 77 2 23 64 28 65 3 11 110 19 101 26 93 2 19 137 23 123 3 12 55 24 44 25 45 4 15 101 16 101 17 105 27 104 3 4 87 29 68 30 75
35 3 1 172 11 143 28 154 2 1 141 23 108 2 2 76 9 83 2 22 84 30 82 2 3 201 18 151 2 4 59 8 50 2 16 143 18 118 2 2 102 5 89 3 2 72 5 86 24 90 3 10 45 18 49 23 46 3 18 130 19 144 27 121 2 2 85 6 89 2 7 215 24 194 4 5 155 6 175 8 144 21 138 2 14 89 20 80 3 10 35 18 48 23 48 3 12 91 20 90 25 119 2 6 98 13 138 2 2 120 14 114 4 5 183 6 182 8 166 21 177 2 15 151 23 159 2 17 77 23 82 2 2 97 14 103 3 12 53 24 53 25 43 2 17 60 21 61 2 23 90 28 79 2 10 201 18 198 3 12 49 24 60 25 47 2 22 89 27 98 2 19 119 23 129 2 22 97 30 89 2 4 147 24 107 3 11 95 19 107 26 97 3 4 86 29 68 30 66 4 15 116 16 108 17 100 27 90
35 3 1 172 11 143 28 154 2 1 141 23 108 2 2 76 9 83 2 22 84 30 82 2 3 201 18 151 2 4 59 8 50 2 16 143 18 118 2 2 102 5 89 3 2 72 5 86 24 90 3 10 45 18 49 23 46 3 18 130 19 144 27 121 2 2 85 6 89 2 7 215 24 194 4 5 155 6 175 8 144 21 138 2 14 89 20 80 3 10 35 18 48 23 48 3 12 91 20 90 25 119 2 6 98 13 138 2 2 120 14 114 4 5 183 6 182 8 166 21 177 2 15 151 23 159 2 17 77 23 82 2 2 97 14 103 3 12 53 24 53 25 43 2 17 60 21 61 2 23 90 28 79 2 10 201 18 198 3 12 49 24 60 25 47 2 22 89 27 98 2 19 119 23 129 2 22 97 30 89 2 4 147 24 107 3 11 95 19 107 26 97 3 4 86 29 68 30 66 4 15 116 16 108 17 100 27 90
35 3 1 172 11 143 28 154 2 1 141 23 108 2 2 76 9 83 2 22 84 30 82 2 3 201 18 151 2 4 59 8 50 2 16 143 18 118 2 2 102 5 89 3 2 72 5 86 24 90 3 10 45 18 49 23 46 3 18 130 19 144 27 121 2 2 85 6 89 2 7 215 24 194 4 5 155 6 175 8 144 21 138 2 14 89 20 80 3 10 35 18 48 23 48 3 12 91 20 90 25 119 2 6 98 13 138 2 2 120 14 114 4 5 183 6 182 8 166 21 177 2 15 151 23 159 2 17 77 23 82 2 2 97 14 103 3 12 53 24 53 25 43 2 17 60 21 61 2 23 90 28 79 2 10 201 18 198 3 12 49 24 60 25 47 2 22 89 27 98 2 19 119 23 129 2 22 97 30 89 2 4 147 24 107 3 11 95 19 107 26 97 3 4 86 29 68 30 66 4 15 116 16 108 17 100 27 90
35 3 1 172 11 143 28 154 2 1 141 23 108 2 2 76 9 83 2 22 84 30 82 2 3 201 18 151 2 4 59 8 50 2 16 143 18 118 2 2 102 5 89 3 2 72 5 86 24 90 3 10 45 18 49 23 46 3 18 130 19 144 27 121 2 2 85 6 89 2 7 215 24 194 4 5 155 6 175 8 144 21 138 2 14 89 20 80 3 10 35 18 48 23 48 3 12 91 20 90 25 119 2 6 98 13 138 2 2 120 14 114 4 5 183 6 182 8 166 21 177 2 15 151 23 159 2 17 77 23 82 2 2 97 14 103 3 12 53 24 53 25 43 2 17 60 21 61 2 23 90 28 79 2 10 201 18 198 3 12 49 24 60 25 47 2 22 89 27 98 2 19 119 23 129 2 22 97 30 89 2 4 147 24 107 3 11 95 19 107 26 97 3 4 86 29 68 30 66 4 15 116 16 108 17 100 27 90
35 3 1 172 11 143 28 154 2 1 141 23 108 2 2 76 9 83 2 22 84 30 82 2 3 201 18 151 2 4 59 8 50 2 16 143 18 118 2 2 102 5 89 3 2 72 5 86 24 90 3 10 45 18 49 23 46 3 18 130 19 144 27 121 2 2 85 6 89 2 7 215 24 194 4 5 155 6 175 8 144 21 138 2 14 89 20 80 3 10 35 18 48 23 48 3 12 91 20 90 25 119 2 6 98 13 138 2 2 120 14 114 4 5 183 6 182 8 166 21 177 2 15 151 23 159 2 17 77 23 82 2 2 97 14 103 3 12 53 24 53 25 43 2 17 60 21 61 2 23 90 28 79 2 10 201 18 198 3 12 49 24 60 25 47 2 22 89 27 98 2 19 119 23 129 2 22 97 30 89 2 4 147 24 107 3 11 95 19 107 26 97 3 4 86 29 68 30 66 4 15 116 16 108 17 100 27 90
35 3 1 172 11 143 28 154 2 1 141 23 108 2 2 76 9 83 2 22 84 30 82 2 3 201 18 151 2 4 59 8 50 2 16 143 18 118 2 2 102 5 89 3 2 72 5 86 24 90 3 10 45 18 49 23 46 3 18 130 19 144 27 121 2 2 85 6 89 2 7 215 24 194 4 5 155 6 175 8 144 21 138 2 14 89 20 80 3 10 35 18 48 23 48 3 12 91 20 90 25 119 2 6 98 13 138 2 2 120 14 114 4 5 183 6 182 8 166 21 177 2 15 151 23 159 2 17 77 23 82 2 2 97 14 103 3 12 53 24 53 25 43 2 17 60 21 61 2 23 90 28 79 2 10 201 18 198 3 12 49 24 60 25 47 2 22 89 27 98 2 19 119 23 129 2 22 97 30 89 2 4 147 24 107 3 11 95 19 107 26 97 3 4 86 29 68 30 66 4 15 116 16 108 17 100 27 90
37 2 1 115 23 106 2 22 90 27 69 2 1 146 23 145 2 2 97 5 93 2 3 205 18 169 2 2 75 5 89 2 4 61 8 49 2 1 151 23 120 3 2 66 5 64 24 69 2 22 97 27 97 2 10 191 18 185 3 11 102 19 129 26 93 4 15 118 16 92 17 106 27 106 2 2 80 6 103 2 7 201 24 211 2 22 77 27 70 4 5 163 6 147 8 183 21 147 2 2 97 6 110 2 2 88 9 91 2 17 55 21 77 3 10 43 18 36 23 45 2 22 95 30 79 3 1 153 11 171 28 145 2 1 104 23 137 2 6 109 13 105 2 4 108 24 123 3 12 110 20 102 25 128 2 2 101 14 125 2 16 158 18 167 3 4 70 29 92 30 65 2 14 110 20 94 2 23 73 28 70 3 18 129 19 106 27 118 2 15 203 23 171 2 17 95 23 74 2 19 137 23 103 3 12 54 24 56 25 58
37 2 1 115 23 106 2 22 90 27 69 2 1 146 23 145 2 2 97 5 93 2 3 205 18 169 2 2 75 5 89 2 4 61 8 49 2 1 151 23 120 3 2 66 5 64 24 69 2 22 97 27 97 2 10 191 18 185 3 11 102 19 129 26 93 4 15 118 16 92 17 106 27 106 2 2 80 6 103 2 7 201 24 211 2 22 77 27 70 4 5 163 6 147 8 183 21 147 2 2 97 6 110 2 2 88 9 91 2 17 55 21 77 3 10 43 18 36 23 45 2 22 95 30 79 3 1 153 11 171 28 145 2 1 104 23 137 2 6 109 13 105 2 4 108 24 123 3 12 110 20 102 25 128 2 2 101 14 125 2 16 158 18 167 3 4 70 29 92 30 65 2 14 110 20 94 2 23 73 28 70 3 18 129 19 106 27 118 2 15 203 23 171 2 17 95 23 74 2 19 137 23 103 3 12 54 24 56 25 58
37 2 1 113 23 149 2 22 77 27 89 2 1 121 23 118 2 2 77 5 85 2 3 145 18 205 2 2 98 5 87 2 4 53 8 58 2 1 139 23 108 3 2 82 5 67 24 70 2 22 96 27 82 2 10 159 18 160 3 11 99 19 102 26 111 4 15 95 16 107 17 87 27 98 2 2 82 6 110 2 7 196 24 166 2 22 95 27 94 4 5 169 6 189 8 174 21 151 2 2 113 6 96 2 2 82 9 82 2 17 69 21 64 3 10 45 18 40 23 42 2 22 89 30 110 3 1 171 11 180 28 151 2 1 129 23 144 2 6 113 13 132 2 4 107 24 147 3 12 103 20 126 25 95 2 2 109 14 110 2 16 133 18 138 3 4 91 29 86 30 93 2 14 95 20 97 2 23 86 28 74 3 18 132 19 115 27 154 2 15 139 23 199 2 17 68 23 96 2 19 147 23 115 3 12 62 24 60 25 51
35 2 6 142 13 119 4 15 121 16 111 17 107 27 113 2 1 124 23 153 2 6 132 13 118 2 4 52 8 60 2 2 89 5 74 2 3 193 18 146 2 2 100 5 89 3 2 64 5 74 24 79 2 2 100 6 78 2 7 200 24 161 4 5 176 6 139 8 158 21 159 2 2 78 9 74 3 12 110 20 92 25 102 2 2 98 14 97 3 10 42 18 50 23 40 2 1 149 23 118 2 16 157 18 158 3 1 162 11 189 28 159 2 15 176 23 152 2 17 69 23 70 2 2 101 14 103 2 10 203 18 138 3 18 152 19 142 27 129 2 14 102 20 91 2 4 133 24 109 2 17 68 21 53 2 22 71 27 75 2 22 80 30 99 3 4 86 29 90 30 93 3 1 140 11 164 28 181 3 11 107 19 105 26 110 2 23 84 28 75 2 19 141 23 147 3 12 48 24 42 25 53
35 2 6 142 13 119 4 15 121 16 111 17 107 27 113 2 1 124 23 153 2 6 132 13 118 2 4 52 8 60 2 2 89 5 74 2 3 193 18 146 2 2 100 5 89 3 2 64 5 74 24 79 2 2 100 6 78 2 7 200 24 161 4 5 176 6 139 8 158 21 159 2 2 78 9 74 3 12 110 20 92 25 102 2 2 98 14 97 3 10 42 18 50 23 40 2 1 149 23 118 2 16 157 18 158 3 1 162 11 189 28 159 2 15 176 23 152 2 17 69 23 70 2 2 101 14 103 2 10 203 18 138 3 18 152 19 142 27 129 2 14 102 20 91 2 4 133 24 109 2 17 68 21 53 2 22 71 27 75 2 22 80 30 99 3 4 86 29 90 30 93 3 1 140 11 164 28 181 3 11 107 19 105 26 110 2 23 84 28 75 2 19 141 23 147 3 12 48 24 42 25 53
35 3 12 116 20 106 25 101 4 5 151 6 139 8 172 21 144 3 12 98 20 118 25 115 2 17 76 21 56 2 1 127 23 109 2 2 94 5 81 2 1 150 23 117 2 3 160 18 145 2 15 170 23 195 2 4 51 8 44 3 2 63 5 71 24 73 2 7 228 24 193 2 3 207 18 192 2 2 99 6 103 3 4 77 29 65 30 92 3 1 185 11 168 28 160 2 4 105 24 147 2 2 85 9 77 2 1 138 23 107 3 10 44 18 36 23 38 3 12 46 24 55 25 62 2 6 114 13 97 2 23 81 28 82 2 2 99 14 120 3 11 106 19 124 26 93 2 19 134 23 110 2 22 110 30 105 2 16 127 18 129 2 17 71 23 96 2 10 170 18 160 2 14 113 20 101 2 2 95 9 78 3 18 108 19 148 27 126 2 22 69 27 89 4 15 116 16 111 17 115 27 110
36 2 1 109 23 117 2 2 98 5 82 2 3 169 18 177 3 18 142 19 141 27 130 2 4 55 8 49 2 2 77 5 97 3 11 90 19 94 26 110 2 19 107 23 123 2 4 54 8 64 3 2 62 5 68 24 83 2 2 116 6 89 2 7 173 24 167 4 5 162 6 189 8 152 21 152 3 12 109 20 114 25 109 3 10 39 18 50 23 35 2 2 90 9 74 3 12 63 24 52 25 54 3 11 94 19 112 26 94 3 1 201 11 157 28 187 2 6 137 13 138 2 2 125 14 95 2 15 145 23 167 3 4 77 29 88 30 64 2 16 159 18 129 2 1 154 23 130 2 17 93 23 73 2 10 206 18 170 2 4 122 24 132 2 22 75 30 96 2 17 67 21 75 2 17 88 23 92 2 14 79 20 79 2 3 193 18 172 4 15 87 16 106 17 94 27 97 2 22 78 27 69 2 23 64 28 79
36 2 1 109 23 117 2 2 98 5 82 2 3 169 18 177 3 18 142 19 141 27 130 2 4 55 8 49 2 2 77 5 97 3 11 90 19 94 26 110 2 19 107 23 123 2 4 54 8 64 3 2 62 5 68 24 83 2 2 116 6 89 2 7 173 24 167 4 5 162 6 189 8 152 21 152 3 12 109 20 114 25 109 3 10 39 18 50 23 35 2 2 90 9 74 3 12 63 24 52 25 54 3 11 94 19 112 26 94 3 1 201 11 157 28 187 2 6 137 13 138 2 2 125 14 95 2 15 145 23 167 3 4 77 29 88 30 64 2 16 159 18 129 2 1 154 23 130 2 17 93 23 73 2 10 206 18 170 2 4 122 24 132 2 22 75 30 96 2 17 67 21 75 2 17 88 23 92 2 14 79 20 79 2 3 193 18 172 4 15 87 16 106 17 94 27 97 2 22 78 27 69 2 23 64 28 79
36 2 1 109 23 117 2 2 98 5 82 2 3 169 18 177 3 18 142 19 141 27 130 2 4 55 8 49 2 2 77 5 97 3 11 90 19 94 26 110 2 19 107 23 123 2 4 54 8 64 3 2 62 5 68 24 83 2 2 116 6 89 2 7 173 24 167 4 5 162 6 189 8 152 21 152 3 12 109 20 114 25 109 3 10 39 18 50 23 35 2 2 90 9 74 3 12 63 24 52 25 54 3 11 94 19 112 26 94 3 1 201 11 157 28 187 2 6 137 13 138 2 2 125 14 95 2 15 145 23 167 3 4 77 29 88 30 64 2 16 159 18 129 2 1 154 23 130 2 17 93 23 73 2 10 206 18 170 2 4 122 24 132 2 22 75 30 96 2 17 67 21 75 2 17 88 23 92 2 14 79 20 79 2 3 193 18 172 4 15 87 16 106 17 94 27 97 2 22 78 27 69 2 23 64 28 79
33 2 1 118 23 119 2 4 115 24 136 2 2 93 5 86 2 3 175 18 139 2 10 174 18 173 2 4 56 8 63 2 2 82 6 82 3 2 67 5 75 24 89 2 14 82 20 80 2 7 159 24 185 2 22 90 27 82 4 5 147 6 131 8 136 21 156 2 2 75 9 89 3 10 45 18 48 23 47 3 1 175 11 202 28 141 2 14 108 20 106 3 12 96 20 125 25 123 2 6 97 13 109 2 2 120 14 97 3 12 51 24 62 25 45 2 15 171 23 169 2 6 98 13 104 2 22 97 30 90 2 17 67 23 75 2 16 164 18 157 3 18 140 19 119 27 153 2 23 65 28 91 2 17 74 21 70 2 19 132 23 134 3 1 166 11 153 28 168 3 11 125 19 114 26 112 3 4 85 29 89 30 85 4 15 112 16 87 17 91 27 117
35 3 12 131 20 127 25 105 4 5 142 6 190 8 185 21 181 3 12 99 20 102 25 111 2 17 77 21 70 2 1 123 23 135 2 2 92 5 83 2 1 127 23 128 2 3 200 18 184 2 15 150 23 200 2 4 56 8 64 3 2 66 5 73 24 85 2 7 216 24 223 2 3 175 18 198 2 2 101 6 109 3 4 79 29 68 30 69 3 1 172 11 183 28 200 2 4 134 24 130 2 2 78 9 92 2 1 120 23 142 3 10 44 18 41 23 44 3 12 62 24 51 25 49 2 6 127 13 128 2 23 78 28 87 2 2 120 14 96 3 11 109 19 89 26 103 2 19 116 23 147 2 22 91 30 89 2 16 163 18 152 2 17 87 23 73 2 10 168 18 192 2 14 81 20 95 2 2 88 9 75 3 18 115 19 126 27 153 2 22 81 27 95 4 15 115 16 105 17 84 27 121
35 3 12 131 20 127 25 105 4 5 142 6 190 8 185 21 181 3 12 99 20 102 25 111 2 17 77 21 70 2 1 123 23 135 2 2 92 5 83 2 1 127 23 128 2 3 200 18 184 2 15 150 23 200 2 4 56 8 64 3 2 66 5 73 24 85 2 7 216 24 223 2 3 175 18 198 2 2 101 6 109 3 4 79 29 68 30 69 3 1 172 11 183 28 200 2 4 134 24 130 2 2 78 9 92 2 1 120 23 142 3 10 44 18 41 23 44 3 12 62 24 51 25 49 2 6 127 13 128 2 23 78 28 87 2 2 120 14 96 3 11 109 19 89 26 103 2 19 116 23 147 2 22 91 30 89 2 16 163 18 152 2 17 87 23 73 2 10 168 18 192 2 14 81 20 95 2 2 88 9 75 3 18 115 19 126 27 153 2 22 81 27 95 4 15 115 16 105 17 84 27 121
38 2 1 116 23 148 2 2 95 6 105 2 7 187 24 227 2 4 46 8 64 2 2 79 5 80 2 2 102 6 93 2 3 179 18 179 2 2 86 6 80 3 2 82 5 72 24 63 4 5 131 6 128 8 139 21 144 3 10 44 18 43 23 42 2 2 91 9 71 2 23 75 28 88 2 2 104 5 101 3 1 160 11 154 28 193 3 12 105 20 106 25 125 2 7 187 24 160 2 6 135 13 138 2 2 87 14 123 3 4 73 29 69 30 69 4 15 95 16 119 17 102 27 107 2 2 123 14 118 2 15 178 23 202 2 22 97 27 82 2 17 68 23 86 2 16 169 18 125 2 10 157 18 167 2 2 95 5 85 3 18 139 19 141 27 120 2 14 78 20 81 3 11 116 19 117 26 106 2 17 54 21 53 2 2 81 6 87 2 19 152 23 133 2 4 105 24 137 3 12 43 24 56 25 48 2 4 115 24 105 2 22 98 30 88
38 2 1 116 23 148 2 2 95 6 105 2 7 187 24 227 2 4 46 8 64 2 2 79 5 80 2 2 102 6 93 2 3 179 18 179 2 2 86 6 80 3 2 82 5 72 24 63 4 5 131 6 128 8 139 21 144 3 10 44 18 43 23 42 2 2 91 9 71 2 23 75 28 88 2 2 104 5 101 3 1 160 11 154 28 193 3 12 105 20 106 25 125 2 7 187 24 160 2 6 135 13 138 2 2 87 14 123 3 4 73 29 69 30 69 4 15 95 16 119 17 102 27 107 2 2 123 14 118 2 15 178 23 202 2 22 97 27 82 2 17 68 23 86 2 16 169 18 125 2 10 157 18 167 2 2 95 5 85 3 18 139 19 141 27 120 2 14 78 20 81 3 11 116 19 117 26 106 2 17 54 21 53 2 2 81 6 87 2 19 152 23 133 2 4 105 24 137 3 12 43 24 56 25 48 2 4 115 24 105 2 22 98 30 88
34 3 2 86 5 79 24 81 2 1 140 23 132 2 2 76 5 97 2 3 140 18 194 3 2 76 5 75 24 79 2 17 75 21 75 2 4 52 8 51 2 7 216 24 230 2 2 75 5 92 2 2 107 6 115 4 5 188 6 158 8 146 21 169 2 15 150 23 188 2 2 93 9 77 3 10 38 18 47 23 36 3 11 121 19 118 26 87 3 1 200 11 155 28 150 3 12 103 20 118 25 118 2 6 115 13 142 2 2 122 14 108 2 16 160 18 157 3 4 75 29 71 30 72 2 19 115 23 119 2 17 78 23 93 3 4 65 29 90 30 87 2 10 150 18 179 2 23 66 28 68 3 18 149 19 153 27 118 2 22 69 27 75 4 5 145 6 189 8 163 21 184 2 14 88 20 97 2 4 119 24 110 3 12 42 24 47 25 54 4 15 105 16 85 17 124 27 91 2 22 91 30 94
34 3 2 86 5 79 24 81 2 1 140 23 132 2 2 76 5 97 2 3 140 18 194 3 2 76 5 75 24 79 2 17 75 21 75 2 4 52 8 51 2 7 216 24 230 2 2 75 5 92 2 2 107 6 115 4 5 188 6 158 8 146 21 169 2 15 150 23 188 2 2 93 9 77 3 10 38 18 47 23 36 3 11 121 19 118 26 87 3 1 200 11 155 28 150 3 12 103 20 118 25 118 2 6 115 13 142 2 2 122 14 108 2 16 160 18 157 3 4 75 29 71 30 72 2 19 115 23 119 2 17 78 23 93 3 4 65 29 90 30 87 2 10 150 18 179 2 23 66 28 68 3 18 149 19 153 27 118 2 22 69 27 75 4 5 145 6 189 8 163 21 184 2 14 88 20 97 2 4 119 24 110 3 12 42 24 47 25 54 4 15 105 16 85 17 124 27 91 2 22 91 30 94
34 3 2 86 5 79 24 81 2 1 140 23 132 2 2 76 5 97 2 3 140 18 194 3 2 76 5 75 24 79 2 17 75 21 75 2 4 52 8 51 2 7 216 24 230 2 2 75 5 92 2 2 107 6 115 4 5 188 6 158 8 146 21 169 2 15 150 23 188 2 2 93 9 77 3 10 38 18 47 23 36 3 11 121 19 118 26 87 3 1 200 11 155 28 150 3 12 103 20 118 25 118 2 6 115 13 142 2 2 122 14 108 2 16 160 18 157 3 4 75 29 71 30 72 2 19 115 23 119 2 17 78 23 93 3 4 65 29 90 30 87 2 10 150 18 179 2 23 66 28 68 3 18 149 19 153 27 118 2 22 69 27 75 4 5 145 6 189 8 163 21 184 2 14 88 20 97 2 4 119 24 110 3 12 42 24 47 25 54 4 15 105 16 85 17 124 27 91 2 22 91 30 94
36 2 1 114 23 112 2 2 86 5 105 2 3 163 18 199 3 18 137 19 140 27 120 2 4 55 8 56 2 2 100 5 90 3 11 93 19 106 26 104 2 19 112 23 131 2 4 51 8 64 3 2 72 5 79 24 71 2 2 104 6 90 2 7 225 24 232 4 5 147 6 130 8 173 21 150 3 12 99 20 100 25 110 3 10 35 18 39 23 37 2 2 75 9 69 3 12 59 24 52 25 63 3 11 105 19 100 26 109 3 1 149 11 151 28 136 2 6 122 13 96 2 2 119 14 117 2 15 197 23 184 3 4 91 29 64 30 76 2 16 171 18 123 2 1 108 23 111 2 17 70 23 97 2 10 188 18 173 2 4 107 24 128 2 22 112 30 106 2 17 69 21 55 2 17 78 23 97 2 14 95 20 81 2 3 204 18 192 4 15 90 16 108 17 101 27 117 2 22 92 27 83 2 23 70 28 81
36 2 1 114 23 112 2 2 86 5 105 2 3 163 18 199 3 18 137 19 140 27 120 2 4 55 8 56 2 2 100 5 90 3 11 93 19 106 26 104 2 19 112 23 131 2 4 51 8 64 3 2 72 5 79 24 71 2 2 104 6 90 2 7 225 24 232 4 5 147 6 130 8 173 21 150 3 12 99 20 100 25 110 3 10 35 18 39 23 37 2 2 75 9 69 3 12 59 24 52 25 63 3 11 105 19 100 26 109 3 1 149 11 151 28 136 2 6 122 13 96 2 2 119 14 117 2 15 197 23 184 3 4 91 29 64 30 76 2 16 171 18 123 2 1 108 23 111 2 17 70 23 97 2 10 188 18 173 2 4 107 24 128 2 22 112 30 106 2 17 69 21 55 2 17 78 23 97 2 14 95 20 81 2 3 204 18 192 4 15 90 16 108 17 101 27 117 2 22 92 27 83 2 23 70 28 81
34 3 2 90 5 80 24 82 2 1 135 23 140 2 2 83 5 77 2 3 164 18 190 3 2 90 5 64 24 63 2 17 61 21 52 2 4 67 8 57 2 7 226 24 209 2 2 81 5 103 2 2 84 6 107 4 5 163 6 183 8 176 21 150 2 15 192 23 200 2 2 98 9 70 3 10 50 18 39 23 41 3 11 107 19 92 26 105 3 1 200 11 147 28 173 3 12 97 20 125 25 122 2 6 100 13 136 2 2 102 14 121 2 16 145 18 133 3 4 75 29 71 30 84 2 19 148 23 143 2 17 72 23 85 3 4 94 29 78 30 66 2 10 155 18 204 2 23 69 28 84 3 18 151 19 147 27 106 2 22 67 27 92 4 5 182 6 173 8 156 21 174 2 14 86 20 86 2 4 120 24 107 3 12 49 24 59 25 63 4 15 114 16 120 17 93 27 113 2 22 89 30 112
34 3 2 90 5 80 24 82 2 1 135 23 140 2 2 83 5 77 2 3 164 18 190 3 2 90 5 64 24 63 2 17 61 21 52 2 4 67 8 57 2 7 226 24 209 2 2 81 5 103 2 2 84 6 107 4 5 163 6 183 8 176 21 150 2 15 192 23 200 2 2 98 9 70 3 10 50 18 39 23 41 3 11 107 19 92 26 105 3 1 200 11 147 28 173 3 12 97 20 125 25 122 2 6 100 13 136 2 2 102 14 121 2 16 145 18 133 3 4 75 29 71 30 84 2 19 148 23 143 2 17 72 23 85 3 4 94 29 78 30 66 2 10 155 18 204 2 23 69 28 84 3 18 151 19 147 27 106 2 22 67 27 92 4 5 182 6 173 8 156 21 174 2 14 86 20 86 2 4 120 24 107 3 12 49 24 59 25 63 4 15 114 16 120 17 93 27 113 2 22 89 30 112
34 3 2 90 5 80 24 82 2 1 135 23 140 2 2 83 5 77 2 3 164 18 190 3 2 90 5 64 24 63 2 17 61 21 52 2 4 67 8 57 2 7 226 24 209 2 2 81 5 103 2 2 84 6 107 4 5 163 6 183 8 176 21 150 2 15 192 23 200 2 2 98 9 70 3 10 50 18 39 23 41 3 11 107 19 92 26 105 3 1 200 11 147 28 173 3 12 97 20 125 25 122 2 6 100 13 136 2 2 102 14 121 2 16 145 18 133 3 4 75 29 71 30 84 2 19 148 23 143 2 17 72 23 85 3 4 94 29 78 30 66 2 10 155 18 204 2 23 69 28 84 3 18 151 19 147 27 106 2 22 67 27 92 4 5 182 6 173 8 156 21 174 2 14 86 20 86 2 4 120 24 107 3 12 49 24 59 25 63 4 15 114 16 120 17 93 27 113 2 22 89 30 112
34 3 2 90 5 80 24 82 2 1 135 23 140 2 2 83 5 77 2 3 164 18 190 3 2 90 5 64 24 63 2 17 61 21 52 2 4 67 8 57 2 7 226 24 209 2 2 81 5 103 2 2 84 6 107 4 5 163 6 183 8 176 21 150 2 15 192 23 200 2 2 98 9 70 3 10 50 18 39 23 41 3 11 107 19 92 26 105 3 1 200 11 147 28 173 3 12 97 20 125 25 122 2 6 100 13 136 2 2 102 14 121 2 16 145 18 133 3 4 75 29 71 30 84 2 19 148 23 143 2 17 72 23 85 3 4 94 29 78 30 66 2 10 155 18 204 2 23 69 28 84 3 18 151 19 147 27 106 2 22 67 27 92 4 5 182 6 173 8 156 21 174 2 14 86 20 86 2 4 120 24 107 3 12 49 24 59 25 63 4 15 114 16 120 17 93 27 113 2 22 89 30 112
35 2 1 131 23 152 2 2 97 5 97 2 3 165 18 204 2 4 62 8 62 2 1 118 23 154 4 15 98 16 119 17 117 27 95 2 4 44 8 59 3 2 69 5 89 24 82 2 17 69 23 82 2 2 79 6 108 2 7 213 24 202 2 3 165 18 189 4 5 179 6 180 8 142 21 175 3 11 122 19 91 26 108 2 2 73 9 82 2 14 99 20 97 3 10 41 18 41 23 49 3 1 156 11 145 28 180 3 12 109 20 92 25 129 2 6 130 13 99 2 2 106 14 125 2 4 147 24 140 2 15 161 23 153 2 16 134 18 130 2 15 185 23 175 2 23 83 28 77 2 10 170 18 177 2 22 98 27 68 3 18 112 19 134 27 106 3 4 84 29 71 30 92 3 12 45 24 57 25 62 2 17 76 21 70 2 19 104 23 129 3 1 194 11 190 28 167 2 22 87 30 111
37 2 1 130 23 129 2 22 68 27 69 2 1 115 23 131 2 2 77 5 71 2 3 153 18 199 2 2 95 5 72 2 4 54 8 51 2 1 104 23 144 3 2 88 5 79 24 64 2 22 82 27 85 2 10 173 18 201 3 11 117 19 122 26 121 4 15 116 16 102 17 90 27 93 2 2 82 6 89 2 7 175 24 160 2 22 72 27 78 4 5 155 6 157 8 160 21 172 2 2 86 6 112 2 2 70 9 98 2 17 56 21 63 3 10 38 18 36 23 42 2 22 109 30 83 3 1 167 11 160 28 146 2 1 138 23 154 2 6 122 13 131 2 4 142 24 119 3 12 109 20 98 25 130 2 2 110 14 125 2 16 135 18 154 3 4 68 29 85 30 82 2 14 105 20 98 2 23 66 28 84 3 18 143 19 110 27 147 2 15 181 23 178 2 17 73 23 72 2 19 106 23 147 3 12 63 24 45 25 54
33 2 1 126 23 111 2 2 109 14 99 2 1 105 23 105 2 2 78 5 80 2 3 155 18 202 2 14 87 20 105 2 4 66 8 66 3 12 125 20 122 25 125 3 2 64 5 66 24 86 2 2 90 5 73 3 4 81 29 65 30 71 2 2 111 6 100 3 11 127 19 89 26 120 2 7 204 24 207 4 5 147 6 168 8 185 21 130 2 22 79 27 88 2 2 78 9 85 4 15 110 16 117 17 112 27 111 2 23 70 28 81 2 2 105 6 116 2 17 66 23 96 3 10 44 18 35 23 43 2 19 143 23 139 3 1 190 11 193 28 166 2 6 139 13 117 2 15 190 23 176 2 10 143 18 187 2 16 130 18 132 3 18 114 19 115 27 136 2 17 55 21 68 3 12 51 24 55 25 50 2 4 125 24 123 2 22 108 30 101
38 2 17 75 23 73 2 22 101 30 75 2 1 104 23 118 2 22 95 30 90 2 2 78 5 94 2 22 106 30 105 2 3 141 18 192 3 10 48 18 50 23 39 2 4 50 8 62 3 2 84 5 70 24 71 2 2 89 6 102 3 10 38 18 42 23 38 2 7 193 24 193 2 23 73 28 91 4 5 160 6 171 8 165 21 164 3 2 72 5 74 24 77 2 14 101 20 91 3 4 79 29 79 30 94 2 2 66 9 69 3 1 143 11 174 28 175 2 10 169 18 205 3 12 92 20 90 25 112 2 22 88 30 104 2 17 78 21 68 2 2 104 14 88 3 18 142 19 138 27 151 4 5 133 6 127 8 178 21 154 2 6 105 13 108 3 12 107 20 107 25 126 2 15 190 23 172 3 4 66 29 74 30 90 2 16 161 18 161 2 22 69 27 72 2 4 123 24 121 2 19 133 23 152 3 12 44 24 53 25 54 3 11 119 19 119 26 109 4 15 124 16 122 17 94 27 106
33 2 1 130 23 117 2 2 111 14 114 2 1 120 23 134 2 2 83 5 90 2 3 206 18 187 2 14 95 20 76 2 4 51 8 54 3 12 119 20 102 25 109 3 2 83 5 74 24 73 2 2 100 5 102 3 4 75 29 73 30 78 2 2 86 6 90 3 11 101 19 105 26 87 2 7 172 24 219 4 5 183 6 165 8 166 21 185 2 22 76 27 93 2 2 97 9 82 4 15 86 16 101 17 118 27 108 2 23 77 28 88 2 2 78 6 95 2 17 94 23 88 3 10 34 18 40 23 37 2 19 140 23 139 3 1 137 11 158 28 148 2 6 140 13 115 2 15 191 23 200 2 10 157 18 145 2 16 152 18 146 3 18 116 19 130 27 144 2 17 72 21 65 3 12 59 24 57 25 43 2 4 127 24 139 2 22 112 30 79
36 2 1 105 23 120 2 2 72 5 79 2 3 182 18 169 3 18 146 19 138 27 136 2 4 64 8 63 2 2 97 5 87 3 11 101 19 98 26 104 2 19 119 23 121 2 4 50 8 66 3 2 70 5 73 24 82 2 2 83 6 112 2 7 223 24 226 4 5 157 6 186 8 181 21 143 3 12 101 20 126 25 92 3 10 47 18 48 23 41 2 2 78 9 68 3 12 48 24 47 25 53 3 11 121 19 122 26 109 3 1 145 11 188 28 193 2 6 118 13 135 2 2 118 14 120 2 15 143 23 154 3 4 86 29 89 30 90 2 16 154 18 131 2 1 113 23 142 2 17 70 23 80 2 10 152 18 170 2 4 110 24 144 2 22 102 30 93 2 17 72 21 74 2 17 86 23 84 2 14 108 20 93 2 3 184 18 204 4 15 92 16 100 17 88 27 100 2 22 93 27 68 2 23 68 28 88
36 2 1 105 23 120 2 2 72 5 79 2 3 182 18 169 3 18 146 19 138 27 136 2 4 64 8 63 2 2 97 5 87 3 11 101 19 98 26 104 2 19 119 23 121 2 4 50 8 66 3 2 70 5 73 24 82 2 2 83 6 112 2 7 223 24 226 4 5 157 6 186 8 181 21 143 3 12 101 20 126 25 92 3 10 47 18 48 23 41 2 2 78 9 68 3 12 48 24 47 25 53 3 11 121 19 122 26 109 3 1 145 11 188 28 193 2 6 118 13 135 2 2 118 14 120 2 15 143 23 154 3 4 86 29 89 30 90 2 16 154 18 131 2 1 113 23 142 2 17 70 23 80 2 10 152 18 170 2 4 110 24 144 2 22 102 30 93 2 17 72 21 74 2 17 86 23 84 2 14 108 20 93 2 3 184 18 204 4 15 92 16 100 17 88 27 100 2 22 93 27 68 2 23 68 28 88
36 2 1 147 23 144 2 2 79 5 103 2 17 73 23 68 3 10 38 18 42 23 35 2 10 163 18 141 4 15 116 16 121 17 97 27 92 2 1 146 23 138 2 3 206 18 160 2 4 46 8 51 3 2 62 5 74 24 90 2 2 104 6 100 2 7 160 24 191 2 3 167 18 192 4 5 184 6 174 8 129 21 151 2 2 94 9 92 3 1 193 11 142 28 152 3 12 98 20 98 25 120 2 6 122 13 129 3 12 116 20 131 25 92 2 2 109 14 102 2 15 189 23 160 2 16 122 18 173 3 18 115 19 106 27 114 2 14 77 20 104 3 11 89 19 109 26 97 2 22 70 27 87 2 17 59 21 55 2 7 209 24 169 2 19 137 23 109 2 17 54 21 62 2 4 145 24 145 3 12 52 24 53 25 60 3 4 67 29 74 30 65 3 10 45 18 47 23 38 2 23 90 28 76 2 22 108 30 111
33 2 1 127 23 113 2 2 91 14 120 2 1 131 23 151 2 2 104 5 72 2 3 191 18 156 2 14 77 20 105 2 4 48 8 51 3 12 106 20 109 25 97 3 2 64 5 76 24 92 2 2 100 5 105 3 4 95 29 84 30 66 2 2 111 6 92 3 11 104 19 117 26 89 2 7 164 24 189 4 5 174 6 183 8 131 21 182 2 22 95 27 99 2 2 90 9 92 4 15 114 16 112 17 97 27 122 2 23 77 28 64 2 2 101 6 117 2 17 80 23 87 3 10 37 18 42 23 42 2 19 131 23 145 3 1 182 11 150 28 138 2 6 108 13 136 2 15 154 23 156 2 10 198 18 142 2 16 118 18 132 3 18 144 19 133 27 144 2 17 60 21 73 3 12 60 24 47 25 54 2 4 110 24 124 2 22 107 30 88
38 2 1 129 23 108 2 2 105 6 97 2 7 184 24 167 2 4 58 8 53 2 2 87 5 87 2 2 115 6 92 2 3 186 18 192 2 2 78 6 108 3 2 63 5 81 24 85 4 5 167 6 159 8 160 21 165 3 10 43 18 40 23 44 2 2 98 9 84 2 23 78 28 92 2 2 86 5 86 3 1 162 11 185 28 186 3 12 101 20 113 25 105 2 7 222 24 186 2 6 117 13 112 2 2 108 14 112 3 4 91 29 75 30 72 4 15 85 16 99 17 104 27 83 2 2 116 14 88 2 15 194 23 193 2 22 68 27 96 2 17 76 23 96 2 16 174 18 124 2 10 188 18 154 2 2 102 5 81 3 18 155 19 151 27 119 2 14 101 20 105 3 11 96 19 92 26 107 2 17 56 21 60 2 2 89 6 83 2 19 130 23 152 2 4 136 24 136 3 12 60 24 56 25 58 2 4 146 24 102 2 22 107 30 93
35 2 1 111 23 144 2 2 75 5 91 2 3 151 18 199 2 4 63 8 53 2 1 133 23 130 4 15 89 16 116 17 90 27 114 2 4 62 8 61 3 2 66 5 86 24 77 2 17 97 23 86 2 2 99 6 97 2 7 197 24 182 2 3 150 18 154 4 5 128 6 157 8 136 21 167 3 11 100 19 100 26 106 2 2 67 9 85 2 14 114 20 107 3 10 50 18 49 23 48 3 1 189 11 156 28 148 3 12 125 20 105 25 102 2 6 98 13 109 2 2 93 14 92 2 4 113 24 104 2 15 146 23 164 2 16 148 18 122 2 15 166 23 162 2 23 66 28 74 2 10 173 18 159 2 22 74 27 91 3 18 105 19 117 27 144 3 4 85 29 77 30 66 3 12 48 24 57 25 58 2 17 69 21 76 2 19 124 23 135 3 1 174 11 164 28 141 2 22 95 30 76
35 2 6 138 13 118 4 15 114 16 85 17 93 27 102 2 1 125 23 154 2 6 135 13 133 2 4 60 8 57 2 2 86 5 104 2 3 140 18 203 2 2 75 5 105 3 2 86 5 64 24 67 2 2 80 6 93 2 7 156 24 223 4 5 168 6 173 8 186 21 166 2 2 98 9 92 3 12 102 20 122 25 107 2 2 122 14 113 3 10 45 18 45 23 47 2 1 130 23 139 2 16 143 18 175 3 1 144 11 179 28 142 2 15 189 23 198 2 17 81 23 71 2 2 124 14 96 2 10 171 18 159 3 18 156 19 132 27 127 2 14 99 20 102 2 4 140 24 106 2 17 72 21 78 2 22 88 27 80 2 22 85 30 96 3 4 86 29 65 30 86 3 1 143 11 203 28 189 3 11 123 19 88 26 124 2 23 65 28 80 2 19 139 23 147 3 12 50 24 46 25 59
37 2 2 114 6 83 2 1 127 23 143 2 2 74 5 100 2 3 199 18 196 2 4 61 8 46 3 2 65 5 76 24 89 2 7 193 24 180 3 1 166 11 173 28 178 2 2 98 6 87 4 5 176 6 159 8 187 21 174 2 22 77 27 97 2 2 94 9 92 3 10 38 18 41 23 50 4 5 167 6 183 8 182 21 188 3 12 92 20 96 25 113 2 6 109 13 109 2 2 115 14 127 2 10 165 18 138 3 12 112 20 101 25 110 2 15 191 23 188 2 16 138 18 141 2 7 168 24 212 2 17 89 23 68 2 7 204 24 221 2 23 87 28 90 2 10 194 18 200 3 18 145 19 143 27 115 3 4 77 29 72 30 78 2 14 115 20 99 2 2 107 6 112 2 17 66 21 70 2 22 103 30 78 4 15 116 16 115 17 114 27 106 2 19 140 23 133 3 12 52 24 61 25 55 2 4 128 24 105 3 11 88 19 104 26 101
37 2 2 114 6 83 2 1 127 23 143 2 2 74 5 100 2 3 199 18 196 2 4 61 8 46 3 2 65 5 76 24 89 2 7 193 24 180 3 1 166 11 173 28 178 2 2 98 6 87 4 5 176 6 159 8 187 21 174 2 22 77 27 97 2 2 94 9 92 3 10 38 18 41 23 50 4 5 167 6 183 8 182 21 188 3 12 92 20 96 25 113 2 6 109 13 109 2 2 115 14 127 2 10 165 18 138 3 12 112 20 101 25 110 2 15 191 23 188 2 16 138 18 141 2 7 168 24 212 2 17 89 23 68 2 7 204 24 221 2 23 87 28 90 2 10 194 18 200 3 18 145 19 143 27 115 3 4 77 29 72 30 78 2 14 115 20 99 2 2 107 6 112 2 17 66 21 70 2 22 103 30 78 4 15 116 16 115 17 114 27 106 2 19 140 23 133 3 12 52 24 61 25 55 2 4 128 24 105 3 11 88 19 104 26 101
35 2 1 118 23 110 2 14 108 20 114 3 2 65 5 83 24 91 3 12 117 20 101 25 130 2 2 100 5 81 3 2 71 5 74 24 66 2 2 96 6 96 2 3 186 18 148 2 2 111 6 90 2 4 55 8 66 2 7 160 24 231 4 5 177 6 166 8 143 21 132 2 4 46 8 45 2 2 96 9 66 2 23 68 28 79 3 10 43 18 39 23 44 3 1 199 11 178 28 190 2 6 134 13 143 2 2 106 14 122 2 17 80 23 77 2 15 141 23 169 2 16 153 18 131 2 23 66 28 80 2 10 175 18 202 3 18 110 19 152 27 106 4 15 85 16 85 17 114 27 83 2 17 58 21 65 2 19 152 23 127 2 4 108 24 104 2 22 67 27 85 3 4 92 29 66 30 77 3 10 46 18 37 23 37 3 11 122 19 113 26 113 3 12 54 24 45 25 57 2 22 97 30 101
33 2 1 155 23 120 2 4 109 24 122 2 2 104 5 106 2 3 207 18 150 2 10 200 18 203 2 4 48 8 51 2 2 95 6 82 3 2 74 5 67 24 71 2 14 78 20 88 2 7 157 24 167 2 22 83 27 98 4 5 162 6 167 8 153 21 140 2 2 72 9 79 3 10 40 18 39 23 35 3 1 149 11 203 28 161 2 14 79 20 82 3 12 131 20 105 25 104 2 6 117 13 128 2 2 109 14 111 3 12 57 24 58 25 45 2 15 177 23 177 2 6 106 13 125 2 22 96 30 102 2 17 87 23 79 2 16 126 18 154 3 18 155 19 138 27 110 2 23 78 28 71 2 17 66 21 68 2 19 134 23 106 3 1 170 11 150 28 150 3 11 111 19 104 26 112 3 4 70 29 75 30 81 4 15 100 16 85 17 108 27 107
34 2 1 141 23 118 2 2 79 5 94 2 2 85 9 70 2 3 192 18 146 3 4 72 29 72 30 76 2 4 63 8 66 3 2 90 5 68 24 68 2 7 204 24 164 2 22 90 27 84 2 4 46 8 47 2 2 105 14 96 2 3 151 18 194 2 2 102 6 100 3 12 63 24 47 25 53 4 5 160 6 174 8 143 21 176 3 10 39 18 36 23 47 3 1 148 11 139 28 175 3 4 74 29 64 30 79 3 12 109 20 93 25 108 2 6 124 13 137 2 15 203 23 171 2 16 145 18 134 2 17 78 23 74 2 10 206 18 146 2 19 118 23 130 3 2 81 5 88 24 86 2 4 150 24 132 2 17 55 21 71 2 23 63 28 73 3 18 153 19 133 27 141 4 15 120 16 85 17 86 27 120 2 14 108 20 113 3 11 90 19 97 26 112 2 22 90 30 101
DUE_DATES: 4515 4515 4397 4397 4192 4192 4192 4192 4192 4192 4568 4568 4557 4377 4377 4407 4390 4390 4390 4074 4577 4577 4680 4680 4216 4216 4216 4445 4445 4272 4272 4272 4272 4578 4506 4099 4543 4110 4469 4469 4490 4065 4788 4351 4534 5005 5005 4101 4094 4142
WEIGHTS: 1 2 2 2 3 2 1 2 2 3 3 1 1 2 1 3 2 2 2 2 2 2 3 2 1 3 2 1 3 1 2 2 3 3 3 3 3 2 2 1 2 2 3 3 2 1 3 2 2 1
