50 30
34 3 1 45 20 52 25 54 3 1 153 5 135 22 124 2 2 84 18 72 4 3 58 7 64 16 45 29 60 3 4 26 25 28 27 29 3 1 157 5 139 22 145 2 2 30 14 24 3 4 129 10 122 14 132 2 7 146 13 155 3 1 58 20 42 25 60 3 2 28 6 24 28 24 2 7 99 8 72 2 4 21 8 24 3 1 38 4 42 19 45 3 6 116 9 97 15 100 3 3 180 11 202 16 205 3 4 114 7 112 12 109 3 4 33 25 25 27 27 3 18 102 21 124 30 123 3 15 62 23 61 25 59 2 18 142 21 161 3 7 46 25 39 26 41 2 16 9 28 10 2 25 117 26 123 3 4 169 12 139 29 129 3 10 129 18 131 26 131 3 5 188 17 204 28 204 3 6 10 17 14 22 11 3 4 39 20 47 21 36 2 14 120 22 104 2 19 59 24 63 3 6 15 17 13 22 11 2 9 190 23 211 2 26 17 27 20
31 2 19 51 24 64 3 4 41 20 38 21 43 3 3 172 11 154 16 211 3 1 46 20 51 25 58 2 2 87 18 94 3 4 151 12 125 29 156 2 16 10 28 9 4 3 57 7 45 16 59 29 51 3 6 14 17 12 22 13 3 15 60 23 50 25 60 3 4 27 25 33 27 28 2 7 126 13 126 3 1 140 5 160 22 150 3 2 25 6 24 28 20 2 7 90 8 92 2 4 21 8 22 3 1 54 20 47 25 61 3 6 105 9 115 15 108 3 4 122 10 163 14 138 3 4 104 7 125 12 96 2 2 26 14 31 3 7 42 25 41 26 52 3 18 141 21 100 30 120 3 10 112 18 147 26 158 3 1 44 4 46 19 38 2 18 154 21 157 2 14 101 22 106 2 9 182 23 189 2 25 113 26 161 2 26 19 27 18 3 5 159 17 155 28 213
35 2 14 123 22 130 3 1 50 20 57 25 45 2 25 145 26 151 2 2 71 18 89 3 6 13 17 12 22 13 2 2 93 18 97 4 3 56 7 59 16 47 29 57 3 4 36 25 26 27 36 3 1 161 5 151 22 141 3 4 115 10 136 14 120 3 1 52 20 45 25 60 2 7 127 13 134 2 18 128 21 142 3 2 27 6 23 28 24 2 7 82 8 89 2 16 8 28 8 2 4 22 8 22 3 6 100 9 103 15 89 3 3 156 11 182 16 185 3 4 119 7 92 12 120 3 15 70 23 53 25 53 2 2 28 14 28 3 4 172 12 119 29 154 3 10 122 18 113 26 149 3 5 198 17 176 28 183 4 3 60 7 52 16 51 29 47 3 1 47 4 36 19 41 3 4 40 20 35 21 34 2 9 195 23 190 2 19 65 24 66 3 7 47 25 56 26 55 2 18 142 21 169 2 26 15 27 21 3 2 28 6 19 28 23 3 18 103 21 109 30 126
35 2 14 123 22 130 3 1 50 20 57 25 45 2 25 145 26 151 2 2 71 18 89 3 6 13 17 12 22 13 2 2 93 18 97 4 3 56 7 59 16 47 29 57 3 4 36 25 26 27 36 3 1 161 5 151 22 141 3 4 115 10 136 14 120 3 1 52 20 45 25 60 2 7 127 13 134 2 18 128 21 142 3 2 27 6 23 28 24 2 7 82 8 89 2 16 8 28 8 2 4 22 8 22 3 6 100 9 103 15 89 3 3 156 11 182 16 185 3 4 119 7 92 12 120 3 15 70 23 53 25 53 2 2 28 14 28 3 4 172 12 119 29 154 3 10 122 18 113 26 149 3 5 198 17 176 28 183 4 3 60 7 52 16 51 29 47 3 1 47 4 36 19 41 3 4 40 20 35 21 34 2 9 195 23 190 2 19 65 24 66 3 7 47 25 56 26 55 2 18 142 21 169 2 26 15 27 21 3 2 28 6 19 28 23 3 18 103 21 109 30 126
35 2 14 123 22 130 3 1 50 20 57 25 45 2 25 145 26 151 2 2 71 18 89 3 6 13 17 12 22 13 2 2 93 18 97 4 3 56 7 59 16 47 29 57 3 4 36 25 26 27 36 3 1 161 5 151 22 141 3 4 115 10 136 14 120 3 1 52 20 45 25 60 2 7 127 13 134 2 18 128 21 142 3 2 27 6 23 28 24 2 7 82 8 89 2 16 8 28 8 2 4 22 8 22 3 6 100 9 103 15 89 3 3 156 11 182 16 185 3 4 119 7 92 12 120 3 15 70 23 53 25 53 2 2 28 14 28 3 4 172 12 119 29 154 3 10 122 18 113 26 149 3 5 198 17 176 28 183 4 3 60 7 52 16 51 29 47 3 1 47 4 36 19 41 3 4 40 20 35 21 34 2 9 195 23 190 2 19 65 24 66 3 7 47 25 56 26 55 2 18 142 21 169 2 26 15 27 21 3 2 28 6 19 28 23 3 18 103 21 109 30 126
35 2 14 98 22 110 3 1 61 20 43 25 55 2 25 159 26 110 2 2 84 18 83 3 6 10 17 12 22 14 2 2 93 18 84 4 3 47 7 51 16 58 29 46 3 4 34 25 24 27 26 3 1 159 5 146 22 144 3 4 146 10 134 14 166 3 1 51 20 52 25 62 2 7 147 13 143 2 18 150 21 174 3 2 27 6 19 28 26 2 7 80 8 97 2 16 9 28 9 2 4 19 8 26 3 6 96 9 109 15 97 3 3 158 11 172 16 212 3 4 113 7 109 12 122 3 15 65 23 63 25 49 2 2 25 14 31 3 4 148 12 164 29 161 3 10 143 18 116 26 130 3 5 193 17 160 28 182 4 3 55 7 48 16 53 29 45 3 1 48 4 37 19 40 3 4 43 20 42 21 45 2 9 171 23 159 2 19 57 24 51 3 7 40 25 50 26 55 2 18 142 21 174 2 26 15 27 14 3 2 25 6 26 28 25 3 18 135 21 110 30 117
35 2 14 98 22 110 3 1 61 20 43 25 55 2 25 159 26 110 2 2 84 18 83 3 6 10 17 12 22 14 2 2 93 18 84 4 3 47 7 51 16 58 29 46 3 4 34 25 24 27 26 3 1 159 5 146 22 144 3 4 146 10 134 14 166 3 1 51 20 52 25 62 2 7 147 13 143 2 18 150 21 174 3 2 27 6 19 28 26 2 7 80 8 97 2 16 9 28 9 2 4 19 8 26 3 6 96 9 109 15 97 3 3 158 11 172 16 212 3 4 113 7 109 12 122 3 15 65 23 63 25 49 2 2 25 14 31 3 4 148 12 164 29 161 3 10 143 18 116 26 130 3 5 193 17 160 28 182 4 3 55 7 48 16 53 29 45 3 1 48 4 37 19 40 3 4 43 20 42 21 45 2 9 171 23 159 2 19 57 24 51 3 7 40 25 50 26 55 2 18 142 21 174 2 26 15 27 14 3 2 25 6 26 28 25 3 18 135 21 110 30 117
35 2 14 98 22 110 3 1 61 20 43 25 55 2 25 159 26 110 2 2 84 18 83 3 6 10 17 12 22 14 2 2 93 18 84 4 3 47 7 51 16 58 29 46 3 4 34 25 24 27 26 3 1 159 5 146 22 144 3 4 146 10 134 14 166 3 1 51 20 52 25 62 2 7 147 13 143 2 18 150 21 174 3 2 27 6 19 28 26 2 7 80 8 97 2 16 9 28 9 2 4 19 8 26 3 6 96 9 109 15 97 3 3 158 11 172 16 212 3 4 113 7 109 12 122 3 15 65 23 63 25 49 2 2 25 14 31 3 4 148 12 164 29 161 3 10 143 18 116 26 130 3 5 193 17 160 28 182 4 3 55 7 48 16 53 29 45 3 1 48 4 37 19 40 3 4 43 20 42 21 45 2 9 171 23 159 2 19 57 24 51 3 7 40 25 50 26 55 2 18 142 21 174 2 26 15 27 14 3 2 25 6 26 28 25 3 18 135 21 110 30 117
35 3 1 51 20 58 25 44 2 2 71 18 88 3 1 51 20 49 25 56 4 3 52 7 45 16 61 29 56 2 2 88 18 96 3 4 36 25 33 27 33 2 2 24 14 24 3 1 128 5 136 22 135 4 3 45 7 50 16 63 29 61 3 2 22 6 23 28 21 3 6 98 9 85 15 88 2 7 77 8 79 2 7 139 13 118 2 4 20 8 18 3 4 119 10 117 14 138 3 3 227 11 174 16 210 3 4 85 7 118 12 116 3 2 26 6 24 28 26 3 15 57 23 68 25 51 2 19 62 24 49 3 3 176 11 220 16 202 2 18 129 21 183 2 16 10 28 8 3 6 14 17 10 22 14 3 10 117 18 145 26 160 3 5 204 17 211 28 174 2 25 163 26 135 2 26 15 27 20 3 4 47 20 35 21 34 3 1 49 4 43 19 35 3 18 124 21 95 30 103 3 7 57 25 45 26 48 2 14 129 22 94 2 9 155 23 195 3 4 133 12 122 29 134
36 3 1 60 20 49 25 55 2 2 98 18 71 3 18 124 21 106 30 123 2 2 83 18 89 4 3 54 7 57 16 51 29 56 2 2 94 18 82 2 26 17 27 17 2 19 56 24 70 3 4 30 25 28 27 28 3 1 142 5 145 22 147 2 25 112 26 141 3 3 154 11 168 16 179 3 4 34 20 40 21 37 3 2 23 6 22 28 24 2 19 69 24 62 2 7 89 8 76 2 26 19 27 14 2 4 21 8 24 2 14 116 22 119 3 6 107 9 116 15 95 3 4 112 10 138 14 139 3 4 105 7 99 12 98 2 7 121 13 133 3 1 37 4 38 19 45 2 2 30 14 34 2 19 54 24 55 3 15 71 23 54 25 57 2 2 84 18 75 2 9 217 23 160 2 16 9 28 9 3 6 15 17 11 22 12 3 10 120 18 153 26 112 2 18 127 21 184 3 7 49 25 57 26 43 3 5 183 17 179 28 216 3 4 141 12 149 29 125
36 3 1 60 20 49 25 55 2 2 98 18 71 3 18 124 21 106 30 123 2 2 83 18 89 4 3 54 7 57 16 51 29 56 2 2 94 18 82 2 26 17 27 17 2 19 56 24 70 3 4 30 25 28 27 28 3 1 142 5 145 22 147 2 25 112 26 141 3 3 154 11 168 16 179 3 4 34 20 40 21 37 3 2 23 6 22 28 24 2 19 69 24 62 2 7 89 8 76 2 26 19 27 14 2 4 21 8 24 2 14 116 22 119 3 6 107 9 116 15 95 3 4 112 10 138 14 139 3 4 105 7 99 12 98 2 7 121 13 133 3 1 37 4 38 19 45 2 2 30 14 34 2 19 54 24 55 3 15 71 23 54 25 57 2 2 84 18 75 2 9 217 23 160 2 16 9 28 9 3 6 15 17 11 22 12 3 10 120 18 153 26 112 2 18 127 21 184 3 7 49 25 57 26 43 3 5 183 17 179 28 216 3 4 141 12 149 29 125
36 3 1 60 20 49 25 55 2 2 98 18 71 3 18 124 21 106 30 123 2 2 83 18 89 4 3 54 7 57 16 51 29 56 2 2 94 18 82 2 26 17 27 17 2 19 56 24 70 3 4 30 25 28 27 28 3 1 142 5 145 22 147 2 25 112 26 141 3 3 154 11 168 16 179 3 4 34 20 40 21 37 3 2 23 6 22 28 24 2 19 69 24 62 2 7 89 8 76 2 26 19 27 14 2 4 21 8 24 2 14 116 22 119 3 6 107 9 116 15 95 3 4 112 10 138 14 139 3 4 105 7 99 12 98 2 7 121 13 133 3 1 37 4 38 19 45 2 2 30 14 34 2 19 54 24 55 3 15 71 23 54 25 57 2 2 84 18 75 2 9 217 23 160 2 16 9 28 9 3 6 15 17 11 22 12 3 10 120 18 153 26 112 2 18 127 21 184 3 7 49 25 57 26 43 3 5 183 17 179 28 216 3 4 141 12 149 29 125
36 3 1 60 20 49 25 55 2 2 98 18 71 3 18 124 21 106 30 123 2 2 83 18 89 4 3 54 7 57 16 51 29 56 2 2 94 18 82 2 26 17 27 17 2 19 56 24 70 3 4 30 25 28 27 28 3 1 142 5 145 22 147 2 25 112 26 141 3 3 154 11 168 16 179 3 4 34 20 40 21 37 3 2 23 6 22 28 24 2 19 69 24 62 2 7 89 8 76 2 26 19 27 14 2 4 21 8 24 2 14 116 22 119 3 6 107 9 116 15 95 3 4 112 10 138 14 139 3 4 105 7 99 12 98 2 7 121 13 133 3 1 37 4 38 19 45 2 2 30 14 34 2 19 54 24 55 3 15 71 23 54 25 57 2 2 84 18 75 2 9 217 23 160 2 16 9 28 9 3 6 15 17 11 22 12 3 10 120 18 153 26 112 2 18 127 21 184 3 7 49 25 57 26 43 3 5 183 17 179 28 216 3 4 141 12 149 29 125
36 3 1 47 20 59 25 51 2 2 82 18 79 3 1 44 20 49 25 49 4 3 58 7 59 16 57 29 52 2 9 155 23 161 2 2 73 18 75 3 4 100 7 93 12 101 2 16 10 28 9 3 4 33 25 35 27 28 3 1 148 5 148 22 135 3 4 112 7 101 12 92 3 2 23 6 24 28 22 2 7 84 8 99 2 4 21 8 26 2 25 129 26 137 3 5 199 17 207 28 171 3 6 107 9 116 15 102 3 4 130 10 165 14 123 3 3 187 11 179 16 185 2 18 141 21 183 3 10 121 18 143 26 157 3 4 164 12 154 29 172 2 7 112 13 122 2 2 24 14 28 3 15 49 23 63 25 66 3 6 11 17 13 22 12 3 1 44 4 48 19 48 3 4 33 20 44 21 36 3 7 46 25 38 26 43 3 2 28 6 24 28 25 2 14 107 22 103 2 7 76 8 86 2 19 72 24 52 2 26 18 27 16 3 5 199 17 165 28 215 3 18 127 21 116 30 132
36 3 1 47 20 59 25 51 2 2 82 18 79 3 1 44 20 49 25 49 4 3 58 7 59 16 57 29 52 2 9 155 23 161 2 2 73 18 75 3 4 100 7 93 12 101 2 16 10 28 9 3 4 33 25 35 27 28 3 1 148 5 148 22 135 3 4 112 7 101 12 92 3 2 23 6 24 28 22 2 7 84 8 99 2 4 21 8 26 2 25 129 26 137 3 5 199 17 207 28 171 3 6 107 9 116 15 102 3 4 130 10 165 14 123 3 3 187 11 179 16 185 2 18 141 21 183 3 10 121 18 143 26 157 3 4 164 12 154 29 172 2 7 112 13 122 2 2 24 14 28 3 15 49 23 63 25 66 3 6 11 17 13 22 12 3 1 44 4 48 19 48 3 4 33 20 44 21 36 3 7 46 25 38 26 43 3 2 28 6 24 28 25 2 14 107 22 103 2 7 76 8 86 2 19 72 24 52 2 26 18 27 16 3 5 199 17 165 28 215 3 18 127 21 116 30 132
36 3 1 59 20 48 25 50 2 2 69 18 71 3 1 52 20 55 25 55 4 3 50 7 52 16 49 29 53 2 9 207 23 174 2 2 68 18 80 3 4 101 7 119 12 103 2 16 9 28 9 3 4 33 25 27 27 28 3 1 119 5 160 22 167 3 4 109 7 115 12 98 3 2 26 6 27 28 26 2 7 93 8 73 2 4 19 8 23 2 25 147 26 145 3 5 186 17 159 28 179 3 6 102 9 108 15 90 3 4 151 10 112 14 146 3 3 197 11 200 16 176 2 18 126 21 150 3 10 152 18 110 26 119 3 4 140 12 144 29 123 2 7 124 13 131 2 2 26 14 26 3 15 61 23 63 25 70 3 6 10 17 13 22 13 3 1 43 4 33 19 39 3 4 46 20 33 21 47 3 7 51 25 51 26 48 3 2 20 6 24 28 22 2 14 117 22 98 2 7 99 8 78 2 19 73 24 63 2 26 21 27 21 3 5 211 17 149 28 185 3 18 113 21 114 30 100
36 3 1 59 20 48 25 50 2 2 69 18 71 3 1 52 20 55 25 55 4 3 50 7 52 16 49 29 53 2 9 207 23 174 2 2 68 18 80 3 4 101 7 119 12 103 2 16 9 28 9 3 4 33 25 27 27 28 3 1 119 5 160 22 167 3 4 109 7 115 12 98 3 2 26 6 27 28 26 2 7 93 8 73 2 4 19 8 23 2 25 147 26 145 3 5 186 17 159 28 179 3 6 102 9 108 15 90 3 4 151 10 112 14 146 3 3 197 11 200 16 176 2 18 126 21 150 3 10 152 18 110 26 119 3 4 140 12 144 29 123 2 7 124 13 131 2 2 26 14 26 3 15 61 23 63 25 70 3 6 10 17 13 22 13 3 1 43 4 33 19 39 3 4 46 20 33 21 47 3 7 51 25 51 26 48 3 2 20 6 24 28 22 2 14 117 22 98 2 7 99 8 78 2 19 73 24 63 2 26 21 27 21 3 5 211 17 149 28 185 3 18 113 21 114 30 100
36 3 1 59 20 48 25 50 2 2 69 18 71 3 1 52 20 55 25 55 4 3 50 7 52 16 49 29 53 2 9 207 23 174 2 2 68 18 80 3 4 101 7 119 12 103 2 16 9 28 9 3 4 33 25 27 27 28 3 1 119 5 160 22 167 3 4 109 7 115 12 98 3 2 26 6 27 28 26 2 7 93 8 73 2 4 19 8 23 2 25 147 26 145 3 5 186 17 159 28 179 3 6 102 9 108 15 90 3 4 151 10 112 14 146 3 3 197 11 200 16 176 2 18 126 21 150 3 10 152 18 110 26 119 3 4 140 12 144 29 123 2 7 124 13 131 2 2 26 14 26 3 15 61 23 63 25 70 3 6 10 17 13 22 13 3 1 43 4 33 19 39 3 4 46 20 33 21 47 3 7 51 25 51 26 48 3 2 20 6 24 28 22 2 14 117 22 98 2 7 99 8 78 2 19 73 24 63 2 26 21 27 21 3 5 211 17 149 28 185 3 18 113 21 114 30 100
37 4 3 58 7 50 16 46 29 63 2 18 187 21 150 3 1 41 20 54 25 58 4 3 45 7 49 16 55 29 44 3 18 96 21 101 30 113 3 1 119 5 148 22 141 2 2 76 18 78 3 10 115 18 147 26 121 3 4 33 25 30 27 30 3 2 24 6 25 28 24 2 7 101 8 81 2 4 23 8 22 3 4 114 7 91 12 95 3 6 113 9 103 15 96 3 10 159 18 111 26 141 3 4 128 10 111 14 145 3 4 33 25 30 27 25 3 3 221 11 204 16 210 3 4 89 7 124 12 90 2 7 154 13 106 2 2 87 18 94 3 6 12 17 11 22 13 3 2 19 6 21 28 26 2 2 33 14 35 3 15 57 23 68 25 64 2 7 121 13 130 2 16 10 28 8 3 4 168 12 144 29 140 3 1 46 4 47 19 43 3 4 42 20 35 21 39 2 14 129 22 93 2 9 165 23 212 2 25 116 26 114 2 19 66 24 49 3 7 54 25 45 26 49 2 26 18 27 17 3 5 211 17 188 28 163
35 2 4 19 8 18 2 18 145 21 131 3 15 72 23 49 25 72 3 4 30 25 33 27 34 3 1 61 20 56 25 47 2 2 81 18 87 2 26 20 27 19 2 14 102 22 122 4 3 61 7 43 16 54 29 56 3 1 122 5 144 22 119 3 1 34 4 47 19 47 3 1 159 5 118 22 152 3 2 25 6 24 28 23 3 7 56 25 39 26 42 3 15 66 23 63 25 55 2 16 10 28 9 2 7 97 8 92 3 6 112 9 112 15 115 2 26 17 27 15 3 4 119 10 157 14 130 3 3 222 11 176 16 159 2 2 88 18 98 3 4 124 7 86 12 91 2 18 171 21 167 2 25 158 26 163 2 7 137 13 122 2 2 25 14 26 3 5 169 17 217 28 172 2 9 199 23 192 3 6 14 17 15 22 11 3 10 138 18 110 26 135 3 4 39 20 34 21 47 3 18 113 21 127 30 127 2 19 56 24 64 3 4 138 12 126 29 162
35 2 4 19 8 18 2 18 145 21 131 3 15 72 23 49 25 72 3 4 30 25 33 27 34 3 1 61 20 56 25 47 2 2 81 18 87 2 26 20 27 19 2 14 102 22 122 4 3 61 7 43 16 54 29 56 3 1 122 5 144 22 119 3 1 34 4 47 19 47 3 1 159 5 118 22 152 3 2 25 6 24 28 23 3 7 56 25 39 26 42 3 15 66 23 63 25 55 2 16 10 28 9 2 7 97 8 92 3 6 112 9 112 15 115 2 26 17 27 15 3 4 119 10 157 14 130 3 3 222 11 176 16 159 2 2 88 18 98 3 4 124 7 86 12 91 2 18 171 21 167 2 25 158 26 163 2 7 137 13 122 2 2 25 14 26 3 5 169 17 217 28 172 2 9 199 23 192 3 6 14 17 15 22 11 3 10 138 18 110 26 135 3 4 39 20 34 21 47 3 18 113 21 127 30 127 2 19 56 24 64 3 4 138 12 126 29 162
36 3 1 52 20 43 25 53 2 2 69 18 99 3 1 45 20 57 25 57 4 3 63 7 44 16 53 29 47 2 9 187 23 205 2 2 68 18 95 3 4 116 7 110 12 124 2 16 10 28 11 3 4 34 25 36 27 25 3 1 135 5 175 22 168 3 4 106 7 112 12 118 3 2 21 6 26 28 23 2 7 73 8 74 2 4 21 8 21 2 25 133 26 162 3 5 175 17 214 28 182 3 6 99 9 86 15 93 3 4 138 10 113 14 130 3 3 178 11 164 16 217 2 18 152 21 132 3 10 133 18 147 26 113 3 4 169 12 130 29 125 2 7 132 13 136 2 2 27 14 30 3 15 55 23 67 25 69 3 6 13 17 14 22 13 3 1 40 4 45 19 43 3 4 38 20 43 21 32 3 7 39 25 46 26 55 3 2 25 6 25 28 24 2 14 102 22 97 2 7 81 8 70 2 19 51 24 48 2 26 17 27 14 3 5 166 17 200 28 152 3 18 123 21 109 30 103
36 3 1 52 20 43 25 53 2 2 69 18 99 3 1 45 20 57 25 57 4 3 63 7 44 16 53 29 47 2 9 187 23 205 2 2 68 18 95 3 4 116 7 110 12 124 2 16 10 28 11 3 4 34 25 36 27 25 3 1 135 5 175 22 168 3 4 106 7 112 12 118 3 2 21 6 26 28 23 2 7 73 8 74 2 4 21 8 21 2 25 133 26 162 3 5 175 17 214 28 182 3 6 99 9 86 15 93 3 4 138 10 113 14 130 3 3 178 11 164 16 217 2 18 152 21 132 3 10 133 18 147 26 113 3 4 169 12 130 29 125 2 7 132 13 136 2 2 27 14 30 3 15 55 23 67 25 69 3 6 13 17 14 22 13 3 1 40 4 45 19 43 3 4 38 20 43 21 32 3 7 39 25 46 26 55 3 2 25 6 25 28 24 2 14 102 22 97 2 7 81 8 70 2 19 51 24 48 2 26 17 27 14 3 5 166 17 200 28 152 3 18 123 21 109 30 103
37 3 1 50 20 60 25 51 3 7 39 25 41 26 56 2 16 11 28 10 4 3 56 7 54 16 63 29 47 3 7 39 25 53 26 51 2 2 78 18 81 4 3 57 7 63 16 58 29 58 3 5 213 17 197 28 161 3 4 27 25 27 27 32 2 7 141 13 109 2 26 19 27 21 3 1 50 20 45 25 46 3 10 132 18 118 26 142 3 1 156 5 142 22 163 2 4 19 8 24 2 25 147 26 150 2 2 34 14 29 3 2 26 6 22 28 27 3 6 101 9 84 15 92 3 1 170 5 176 22 168 2 7 79 8 78 2 4 23 8 22 2 18 146 21 174 3 3 226 11 204 16 190 3 10 132 18 159 26 149 3 4 140 10 127 14 140 3 4 117 7 99 12 108 3 15 67 23 67 25 61 3 6 11 17 12 22 12 2 9 164 23 189 3 4 170 12 120 29 148 3 18 114 21 107 30 107 3 1 45 4 42 19 34 2 14 104 22 108 3 4 37 20 42 21 44 3 4 35 25 35 27 27 2 19 63 24 58
37 3 1 50 20 60 25 51 3 7 39 25 41 26 56 2 16 11 28 10 4 3 56 7 54 16 63 29 47 3 7 39 25 53 26 51 2 2 78 18 81 4 3 57 7 63 16 58 29 58 3 5 213 17 197 28 161 3 4 27 25 27 27 32 2 7 141 13 109 2 26 19 27 21 3 1 50 20 45 25 46 3 10 132 18 118 26 142 3 1 156 5 142 22 163 2 4 19 8 24 2 25 147 26 150 2 2 34 14 29 3 2 26 6 22 28 27 3 6 101 9 84 15 92 3 1 170 5 176 22 168 2 7 79 8 78 2 4 23 8 22 2 18 146 21 174 3 3 226 11 204 16 190 3 10 132 18 159 26 149 3 4 140 10 127 14 140 3 4 117 7 99 12 108 3 15 67 23 67 25 61 3 6 11 17 12 22 12 2 9 164 23 189 3 4 170 12 120 29 148 3 18 114 21 107 30 107 3 1 45 4 42 19 34 2 14 104 22 108 3 4 37 20 42 21 44 3 4 35 25 35 27 27 2 19 63 24 58
31 2 19 71 24 63 3 4 33 20 38 21 34 3 3 179 11 229 16 165 3 1 44 20 56 25 44 2 2 71 18 96 3 4 153 12 161 29 138 2 16 9 28 10 4 3 62 7 62 16 63 29 51 3 6 13 17 14 22 13 3 15 65 23 57 25 65 3 4 35 25 34 27 28 2 7 153 13 141 3 1 172 5 172 22 131 3 2 26 6 25 28 25 2 7 94 8 76 2 4 21 8 22 3 1 52 20 44 25 48 3 6 110 9 96 15 115 3 4 152 10 163 14 120 3 4 91 7 123 12 107 2 2 24 14 30 3 7 48 25 44 26 56 3 18 99 21 132 30 108 3 10 147 18 126 26 120 3 1 38 4 48 19 39 2 18 167 21 128 2 14 107 22 134 2 9 210 23 216 2 25 124 26 155 2 26 17 27 16 3 5 157 17 148 28 190
34 3 1 47 20 46 25 54 2 2 97 18 89 2 7 129 13 116 3 7 44 25 55 26 49 2 2 81 18 81 4 3 64 7 63 16 64 29 57 3 4 30 25 27 27 25 3 1 164 5 171 22 125 3 2 28 6 22 28 22 3 5 152 17 160 28 190 2 2 25 14 34 3 3 155 11 181 16 180 2 7 80 8 100 3 1 153 5 169 22 148 3 10 147 18 138 26 121 2 4 21 8 21 3 6 114 9 86 15 95 3 4 163 10 125 14 135 3 18 101 21 113 30 111 3 4 89 7 105 12 93 3 4 35 20 47 21 46 3 15 65 23 72 25 69 2 16 11 28 10 3 6 11 17 15 22 12 2 26 20 27 17 4 3 62 7 56 16 52 29 44 2 18 181 21 178 3 1 43 4 37 19 40 2 19 67 24 63 2 9 206 23 203 2 14 130 22 97 2 25 149 26 115 3 4 108 7 108 12 86 3 4 137 12 140 29 146
34 3 1 47 20 46 25 54 2 2 97 18 89 2 7 129 13 116 3 7 44 25 55 26 49 2 2 81 18 81 4 3 64 7 63 16 64 29 57 3 4 30 25 27 27 25 3 1 164 5 171 22 125 3 2 28 6 22 28 22 3 5 152 17 160 28 190 2 2 25 14 34 3 3 155 11 181 16 180 2 7 80 8 100 3 1 153 5 169 22 148 3 10 147 18 138 26 121 2 4 21 8 21 3 6 114 9 86 15 95 3 4 163 10 125 14 135 3 18 101 21 113 30 111 3 4 89 7 105 12 93 3 4 35 20 47 21 46 3 15 65 23 72 25 69 2 16 11 28 10 3 6 11 17 15 22 12 2 26 20 27 17 4 3 62 7 56 16 52 29 44 2 18 181 21 178 3 1 43 4 37 19 40 2 19 67 24 63 2 9 206 23 203 2 14 130 22 97 2 25 149 26 115 3 4 108 7 108 12 86 3 4 137 12 140 29 146
35 2 4 25 8 23 2 18 169 21 144 3 15 58 23 72 25 56 3 4 25 25 30 27 31 3 1 59 20 50 25 43 2 2 98 18 69 2 26 16 27 16 2 14 108 22 126 4 3 55 7 63 16 63 29 61 3 1 141 5 170 22 151 3 1 38 4 34 19 45 3 1 172 5 122 22 162 3 2 28 6 21 28 25 3 7 49 25 55 26 55 3 15 70 23 68 25 58 2 16 9 28 9 2 7 94 8 102 3 6 119 9 90 15 97 2 26 19 27 19 3 4 126 10 161 14 158 3 3 198 11 160 16 153 2 2 91 18 75 3 4 96 7 120 12 119 2 18 187 21 143 2 25 157 26 146 2 7 111 13 132 2 2 29 14 34 3 5 187 17 212 28 197 2 9 183 23 199 3 6 14 17 13 22 12 3 10 151 18 111 26 111 3 4 44 20 34 21 32 3 18 98 21 138 30 133 2 19 58 24 53 3 4 144 12 125 29 152
35 2 4 25 8 23 2 18 169 21 144 3 15 58 23 72 25 56 3 4 25 25 30 27 31 3 1 59 20 50 25 43 2 2 98 18 69 2 26 16 27 16 2 14 108 22 126 4 3 55 7 63 16 63 29 61 3 1 141 5 170 22 151 3 1 38 4 34 19 45 3 1 172 5 122 22 162 3 2 28 6 21 28 25 3 7 49 25 55 26 55 3 15 70 23 68 25 58 2 16 9 28 9 2 7 94 8 102 3 6 119 9 90 15 97 2 26 19 27 19 3 4 126 10 161 14 158 3 3 198 11 160 16 153 2 2 91 18 75 3 4 96 7 120 12 119 2 18 187 21 143 2 25 157 26 146 2 7 111 13 132 2 2 29 14 34 3 5 187 17 212 28 197 2 9 183 23 199 3 6 14 17 13 22 12 3 10 151 18 111 26 111 3 4 44 20 34 21 32 3 18 98 21 138 30 133 2 19 58 24 53 3 4 144 12 125 29 152
35 2 4 25 8 23 2 18 169 21 144 3 15 58 23 72 25 56 3 4 25 25 30 27 31 3 1 59 20 50 25 43 2 2 98 18 69 2 26 16 27 16 2 14 108 22 126 4 3 55 7 63 16 63 29 61 3 1 141 5 170 22 151 3 1 38 4 34 19 45 3 1 172 5 122 22 162 3 2 28 6 21 28 25 3 7 49 25 55 26 55 3 15 70 23 68 25 58 2 16 9 28 9 2 7 94 8 102 3 6 119 9 90 15 97 2 26 19 27 19 3 4 126 10 161 14 158 3 3 198 11 160 16 153 2 2 91 18 75 3 4 96 7 120 12 119 2 18 187 21 143 2 25 157 26 146 2 7 111 13 132 2 2 29 14 34 3 5 187 17 212 28 197 2 9 183 23 199 3 6 14 17 13 22 12 3 10 151 18 111 26 111 3 4 44 20 34 21 32 3 18 98 21 138 30 133 2 19 58 24 53 3 4 144 12 125 29 152
35 2 4 25 8 23 2 18 169 21 144 3 15 58 23 72 25 56 3 4 25 25 30 27 31 3 1 59 20 50 25 43 2 2 98 18 69 2 26 16 27 16 2 14 108 22 126 4 3 55 7 63 16 63 29 61 3 1 141 5 170 22 151 3 1 38 4 34 19 45 3 1 172 5 122 22 162 3 2 28 6 21 28 25 3 7 49 25 55 26 55 3 15 70 23 68 25 58 2 16 9 28 9 2 7 94 8 102 3 6 119 9 90 15 97 2 26 19 27 19 3 4 126 10 161 14 158 3 3 198 11 160 16 153 2 2 91 18 75 3 4 96 7 120 12 119 2 18 187 21 143 2 25 157 26 146 2 7 111 13 132 2 2 29 14 34 3 5 187 17 212 28 197 2 9 183 23 199 3 6 14 17 13 22 12 3 10 151 18 111 26 111 3 4 44 20 34 21 32 3 18 98 21 138 30 133 2 19 58 24 53 3 4 144 12 125 29 152
33 3 1 57 20 49 25 47 2 2 68 18 88 4 3 64 7 50 16 51 29 60 3 1 43 20 62 25 43 3 4 33 25 35 27 32 3 1 132 5 131 22 118 3 2 27 6 25 28 23 2 7 72 8 95 3 1 176 5 120 22 167 2 4 21 8 25 3 6 83 9 84 15 108 3 4 133 10 116 14 154 3 3 205 11 200 16 169 2 16 11 28 10 3 15 52 23 49 25 57 3 4 96 7 119 12 120 2 18 153 21 160 2 16 8 28 9 2 7 150 13 123 2 2 27 14 26 3 6 14 17 14 22 10 3 18 112 21 140 30 106 3 10 150 18 110 26 143 2 25 128 26 146 3 1 46 4 44 19 37 3 7 56 25 40 26 54 3 4 43 20 36 21 42 2 14 108 22 131 2 9 160 23 205 2 19 60 24 49 2 26 18 27 20 3 5 204 17 196 28 154 3 4 163 12 176 29 139
36 3 1 61 20 60 25 55 2 2 84 18 78 3 18 110 21 126 30 105 2 2 69 18 76 4 3 43 7 46 16 55 29 58 2 2 78 18 97 2 26 16 27 15 2 19 57 24 51 3 4 35 25 32 27 33 3 1 169 5 137 22 163 2 25 157 26 113 3 3 162 11 188 16 165 3 4 47 20 37 21 47 3 2 25 6 27 28 22 2 19 61 24 51 2 7 97 8 101 2 26 19 27 14 2 4 23 8 19 2 14 101 22 125 3 6 114 9 106 15 94 3 4 165 10 143 14 155 3 4 92 7 105 12 107 2 7 147 13 108 3 1 45 4 42 19 47 2 2 30 14 35 2 19 71 24 57 3 15 68 23 59 25 54 2 2 79 18 81 2 9 215 23 213 2 16 10 28 9 3 6 12 17 11 22 12 3 10 121 18 115 26 144 2 18 151 21 133 3 7 41 25 48 26 54 3 5 216 17 193 28 197 3 4 172 12 126 29 165
36 3 1 61 20 60 25 55 2 2 84 18 78 3 18 110 21 126 30 105 2 2 69 18 76 4 3 43 7 46 16 55 29 58 2 2 78 18 97 2 26 16 27 15 2 19 57 24 51 3 4 35 25 32 27 33 3 1 169 5 137 22 163 2 25 157 26 113 3 3 162 11 188 16 165 3 4 47 20 37 21 47 3 2 25 6 27 28 22 2 19 61 24 51 2 7 97 8 101 2 26 19 27 14 2 4 23 8 19 2 14 101 22 125 3 6 114 9 106 15 94 3 4 165 10 143 14 155 3 4 92 7 105 12 107 2 7 147 13 108 3 1 45 4 42 19 47 2 2 30 14 35 2 19 71 24 57 3 15 68 23 59 25 54 2 2 79 18 81 2 9 215 23 213 2 16 10 28 9 3 6 12 17 11 22 12 3 10 121 18 115 26 144 2 18 151 21 133 3 7 41 25 48 26 54 3 5 216 17 193 28 197 3 4 172 12 126 29 165
31 2 19 51 24 63 3 4 44 20 39 21 39 3 3 165 11 166 16 169 3 1 51 20 54 25 61 2 2 71 18 95 3 4 125 12 170 29 156 2 16 8 28 11 4 3 56 7 51 16 52 29 54 3 6 11 17 15 22 11 3 15 59 23 64 25 51 3 4 30 25 29 27 28 2 7 104 13 124 3 1 139 5 158 22 167 3 2 23 6 25 28 20 2 7 99 8 93 2 4 25 8 26 3 1 59 20 53 25 42 3 6 97 9 80 15 111 3 4 151 10 142 14 113 3 4 107 7 97 12 110 2 2 30 14 29 3 7 48 25 52 26 39 3 18 130 21 133 30 116 3 10 141 18 126 26 143 3 1 35 4 37 19 38 2 18 134 21 143 2 14 126 22 128 2 9 221 23 196 2 25 144 26 149 2 26 18 27 18 3 5 199 17 192 28 190
31 2 19 51 24 63 3 4 44 20 39 21 39 3 3 165 11 166 16 169 3 1 51 20 54 25 61 2 2 71 18 95 3 4 125 12 170 29 156 2 16 8 28 11 4 3 56 7 51 16 52 29 54 3 6 11 17 15 22 11 3 15 59 23 64 25 51 3 4 30 25 29 27 28 2 7 104 13 124 3 1 139 5 158 22 167 3 2 23 6 25 28 20 2 7 99 8 93 2 4 25 8 26 3 1 59 20 53 25 42 3 6 97 9 80 15 111 3 4 151 10 142 14 113 3 4 107 7 97 12 110 2 2 30 14 29 3 7 48 25 52 26 39 3 18 130 21 133 30 116 3 10 141 18 126 26 143 3 1 35 4 37 19 38 2 18 134 21 143 2 14 126 22 128 2 9 221 23 196 2 25 144 26 149 2 26 18 27 18 3 5 199 17 192 28 190
34 3 1 61 20 51 25 52 3 1 176 5 169 22 133 2 2 96 18 72 4 3 57 7 45 16 60 29 50 3 4 33 25 35 27 30 3 1 155 5 130 22 125 2 2 33 14 24 3 4 126 10 134 14 119 2 7 119 13 124 3 1 56 20 46 25 58 3 2 24 6 23 28 22 2 7 100 8 73 2 4 24 8 24 3 1 42 4 48 19 49 3 6 106 9 91 15 106 3 3 225 11 199 16 201 3 4 116 7 90 12 95 3 4 36 25 26 27 35 3 18 106 21 122 30 131 3 15 68 23 65 25 61 2 18 184 21 141 3 7 49 25 40 26 43 2 16 11 28 9 2 25 164 26 144 3 4 123 12 154 29 154 3 10 121 18 112 26 111 3 5 164 17 200 28 174 3 6 14 17 14 22 12 3 4 34 20 38 21 38 2 14 114 22 133 2 19 64 24 51 3 6 14 17 12 22 15 2 9 222 23 215 2 26 15 27 21
35 3 1 55 20 52 25 51 2 2 93 18 80 3 1 46 20 43 25 57 4 3 43 7 45 16 57 29 50 2 2 70 18 79 3 4 35 25 36 27 34 2 2 33 14 26 3 1 118 5 162 22 157 4 3 43 7 44 16 61 29 54 3 2 28 6 23 28 21 3 6 104 9 111 15 113 2 7 102 8 93 2 7 128 13 153 2 4 22 8 27 3 4 145 10 128 14 140 3 3 224 11 229 16 194 3 4 88 7 93 12 108 3 2 20 6 23 28 24 3 15 57 23 61 25 60 2 19 52 24 70 3 3 222 11 207 16 188 2 18 143 21 169 2 16 10 28 8 3 6 11 17 14 22 11 3 10 148 18 156 26 128 3 5 185 17 175 28 187 2 25 111 26 153 2 26 20 27 16 3 4 45 20 37 21 36 3 1 43 4 49 19 44 3 18 100 21 115 30 104 3 7 44 25 57 26 41 2 14 113 22 101 2 9 225 23 160 3 4 168 12 120 29 160
35 3 1 55 20 52 25 51 2 2 93 18 80 3 1 46 20 43 25 57 4 3 43 7 45 16 57 29 50 2 2 70 18 79 3 4 35 25 36 27 34 2 2 33 14 26 3 1 118 5 162 22 157 4 3 43 7 44 16 61 29 54 3 2 28 6 23 28 21 3 6 104 9 111 15 113 2 7 102 8 93 2 7 128 13 153 2 4 22 8 27 3 4 145 10 128 14 140 3 3 224 11 229 16 194 3 4 88 7 93 12 108 3 2 20 6 23 28 24 3 15 57 23 61 25 60 2 19 52 24 70 3 3 222 11 207 16 188 2 18 143 21 169 2 16 10 28 8 3 6 11 17 14 22 11 3 10 148 18 156 26 128 3 5 185 17 175 28 187 2 25 111 26 153 2 26 20 27 16 3 4 45 20 37 21 36 3 1 43 4 49 19 44 3 18 100 21 115 30 104 3 7 44 25 57 26 41 2 14 113 22 101 2 9 225 23 160 3 4 168 12 120 29 160
36 3 1 61 20 45 25 44 2 2 87 18 76 3 1 47 20 53 25 47 4 3 57 7 44 16 46 29 53 2 9 189 23 223 2 2 71 18 93 3 4 96 7 102 12 93 2 16 11 28 9 3 4 29 25 31 27 30 3 1 126 5 149 22 159 3 4 104 7 99 12 120 3 2 22 6 22 28 26 2 7 97 8 81 2 4 21 8 27 2 25 144 26 118 3 5 181 17 159 28 160 3 6 83 9 84 15 95 3 4 138 10 158 14 155 3 3 179 11 226 16 165 2 18 139 21 177 3 10 147 18 123 26 132 3 4 120 12 169 29 169 2 7 133 13 134 2 2 29 14 33 3 15 57 23 54 25 57 3 6 15 17 12 22 13 3 1 36 4 36 19 44 3 4 32 20 33 21 33 3 7 48 25 41 26 39 3 2 27 6 26 28 24 2 14 111 22 104 2 7 87 8 102 2 19 51 24 55 2 26 16 27 16 3 5 169 17 212 28 191 3 18 104 21 109 30 116
36 3 1 54 20 59 25 61 2 2 95 18 77 3 18 139 21 108 30 117 2 2 80 18 99 4 3 48 7 64 16 54 29 61 2 2 89 18 87 2 26 18 27 15 2 19 63 24 59 3 4 31 25 31 27 27 3 1 148 5 138 22 140 2 25 125 26 126 3 3 186 11 157 16 190 3 4 46 20 33 21 34 3 2 26 6 24 28 21 2 19 60 24 66 2 7 90 8 78 2 26 21 27 17 2 4 20 8 22 2 14 110 22 109 3 6 82 9 118 15 87 3 4 119 10 148 14 113 3 4 87 7 93 12 118 2 7 144 13 151 3 1 40 4 42 19 43 2 2 34 14 32 2 19 49 24 49 3 15 62 23 66 25 65 2 2 87 18 98 2 9 157 23 178 2 16 9 28 8 3 6 10 17 15 22 12 3 10 118 18 142 26 149 2 18 145 21 178 3 7 56 25 51 26 56 3 5 209 17 171 28 212 3 4 130 12 137 29 147
36 3 1 54 20 59 25 61 2 2 95 18 77 3 18 139 21 108 30 117 2 2 80 18 99 4 3 48 7 64 16 54 29 61 2 2 89 18 87 2 26 18 27 15 2 19 63 24 59 3 4 31 25 31 27 27 3 1 148 5 138 22 140 2 25 125 26 126 3 3 186 11 157 16 190 3 4 46 20 33 21 34 3 2 26 6 24 28 21 2 19 60 24 66 2 7 90 8 78 2 26 21 27 17 2 4 20 8 22 2 14 110 22 109 3 6 82 9 118 15 87 3 4 119 10 148 14 113 3 4 87 7 93 12 118 2 7 144 13 151 3 1 40 4 42 19 43 2 2 34 14 32 2 19 49 24 49 3 15 62 23 66 25 65 2 2 87 18 98 2 9 157 23 178 2 16 9 28 8 3 6 10 17 15 22 12 3 10 118 18 142 26 149 2 18 145 21 178 3 7 56 25 51 26 56 3 5 209 17 171 28 212 3 4 130 12 137 29 147
35 3 1 41 20 62 25 59 2 2 98 18 81 3 1 41 20 60 25 43 2 14 126 22 131 4 3 43 7 63 16 57 29 52 3 4 166 10 129 14 117 3 3 196 11 165 16 174 3 4 110 7 98 12 105 3 4 34 25 27 27 30 3 1 156 5 123 22 169 2 16 10 28 10 3 2 23 6 26 28 23 2 9 207 23 206 3 3 224 11 214 16 160 3 4 124 12 156 29 168 3 3 165 11 179 16 179 2 7 95 8 73 2 4 26 8 23 3 6 82 9 99 15 85 3 1 168 5 156 22 166 3 15 62 23 69 25 49 2 7 113 13 128 3 5 166 17 150 28 175 3 1 39 4 34 19 44 2 2 33 14 24 3 1 45 4 40 19 38 3 6 10 17 14 22 14 3 10 134 18 110 26 111 3 4 46 20 40 21 44 3 18 99 21 124 30 101 2 18 187 21 170 2 19 71 24 57 2 25 156 26 153 3 7 52 25 47 26 55 2 26 15 27 16
36 3 1 55 20 43 25 58 2 2 91 18 80 3 18 113 21 118 30 100 2 2 66 18 95 4 3 46 7 62 16 54 29 54 2 2 74 18 98 2 26 14 27 15 2 19 59 24 49 3 4 26 25 33 27 33 3 1 160 5 174 22 152 2 25 127 26 124 3 3 165 11 222 16 169 3 4 38 20 44 21 32 3 2 25 6 21 28 22 2 19 61 24 49 2 7 96 8 75 2 26 14 27 20 2 4 22 8 23 2 14 92 22 122 3 6 102 9 94 15 87 3 4 153 10 153 14 145 3 4 118 7 107 12 101 2 7 120 13 117 3 1 47 4 48 19 49 2 2 26 14 35 2 19 68 24 59 3 15 49 23 61 25 66 2 2 77 18 73 2 9 181 23 207 2 16 11 28 11 3 6 12 17 14 22 13 3 10 134 18 148 26 131 2 18 152 21 185 3 7 43 25 45 26 45 3 5 216 17 150 28 174 3 4 130 12 175 29 125
36 3 1 55 20 43 25 58 2 2 91 18 80 3 18 113 21 118 30 100 2 2 66 18 95 4 3 46 7 62 16 54 29 54 2 2 74 18 98 2 26 14 27 15 2 19 59 24 49 3 4 26 25 33 27 33 3 1 160 5 174 22 152 2 25 127 26 124 3 3 165 11 222 16 169 3 4 38 20 44 21 32 3 2 25 6 21 28 22 2 19 61 24 49 2 7 96 8 75 2 26 14 27 20 2 4 22 8 23 2 14 92 22 122 3 6 102 9 94 15 87 3 4 153 10 153 14 145 3 4 118 7 107 12 101 2 7 120 13 117 3 1 47 4 48 19 49 2 2 26 14 35 2 19 68 24 59 3 15 49 23 61 25 66 2 2 77 18 73 2 9 181 23 207 2 16 11 28 11 3 6 12 17 14 22 13 3 10 134 18 148 26 131 2 18 152 21 185 3 7 43 25 45 26 45 3 5 216 17 150 28 174 3 4 130 12 175 29 125
35 3 1 52 20 50 25 44 4 3 44 7 59 16 53 29 48 3 1 58 20 45 25 53 3 1 175 5 133 22 153 3 1 42 20 48 25 44 2 14 113 22 95 2 2 94 18 83 3 3 207 11 224 16 181 3 1 175 5 161 22 170 3 4 28 25 33 27 35 3 2 27 6 26 28 26 2 7 75 8 85 2 4 24 8 25 3 6 105 9 89 15 94 3 7 55 25 44 26 39 3 4 121 10 150 14 112 3 4 107 7 86 12 94 2 19 62 24 69 3 18 132 21 111 30 139 3 5 148 17 204 28 157 2 2 70 18 71 2 7 130 13 140 2 18 145 21 161 2 2 32 14 33 3 15 72 23 66 25 62 2 16 10 28 10 3 6 13 17 11 22 11 3 2 21 6 23 28 24 3 10 127 18 124 26 151 3 1 35 4 45 19 37 3 4 36 20 40 21 47 2 26 19 27 16 2 9 175 23 184 2 25 110 26 136 3 4 143 12 173 29 147
33 3 1 55 20 57 25 42 2 2 87 18 70 4 3 49 7 44 16 51 29 59 3 1 53 20 49 25 62 3 4 27 25 25 27 28 3 1 177 5 151 22 156 3 2 21 6 26 28 24 2 7 98 8 70 3 1 126 5 119 22 123 2 4 27 8 24 3 6 102 9 107 15 81 3 4 122 10 138 14 118 3 3 186 11 169 16 224 2 16 8 28 8 3 15 55 23 57 25 60 3 4 98 7 88 12 118 2 18 168 21 127 2 16 11 28 10 2 7 123 13 136 2 2 32 14 27 3 6 12 17 13 22 10 3 18 117 21 136 30 101 3 10 119 18 140 26 146 2 25 132 26 138 3 1 46 4 41 19 40 3 7 54 25 44 26 51 3 4 41 20 38 21 43 2 14 115 22 138 2 9 156 23 161 2 19 56 24 52 2 26 15 27 17 3 5 204 17 162 28 213 3 4 137 12 146 29 152
37 3 1 50 20 43 25 51 2 2 69 18 87 4 3 48 7 64 16 45 29 47 3 4 30 25 32 27 33 3 4 90 7 88 12 100 4 3 60 7 43 16 54 29 57 3 4 37 20 37 21 47 3 4 34 25 27 27 32 3 7 52 25 57 26 47 3 1 159 5 151 22 144 3 4 122 7 93 12 92 3 2 21 6 24 28 20 2 7 84 8 96 2 14 110 22 104 2 4 19 8 19 2 2 94 18 89 3 6 117 9 111 15 109 3 4 142 10 142 14 115 3 15 50 23 70 25 65 3 3 171 11 160 16 197 3 1 49 20 41 25 43 2 7 141 13 131 2 2 27 14 27 3 5 170 17 187 28 151 3 18 95 21 118 30 142 2 16 9 28 11 2 7 86 8 94 3 6 10 17 12 22 15 2 25 119 26 133 3 10 161 18 121 26 124 2 26 15 27 21 3 1 48 4 43 19 49 2 18 146 21 131 2 9 222 23 163 2 19 68 24 54 3 1 139 5 157 22 148 3 4 159 12 134 29 174
35 3 1 41 20 47 25 55 2 2 70 18 69 3 1 48 20 60 25 49 2 14 110 22 126 4 3 46 7 61 16 55 29 58 3 4 166 10 158 14 152 3 3 211 11 223 16 167 3 4 122 7 112 12 86 3 4 33 25 26 27 34 3 1 160 5 129 22 176 2 16 11 28 11 3 2 27 6 27 28 28 2 9 160 23 170 3 3 198 11 219 16 162 3 4 166 12 123 29 141 3 3 210 11 161 16 163 2 7 91 8 97 2 4 21 8 20 3 6 98 9 80 15 94 3 1 143 5 149 22 156 3 15 49 23 59 25 54 2 7 118 13 116 3 5 152 17 170 28 174 3 1 41 4 36 19 40 2 2 33 14 32 3 1 42 4 33 19 42 3 6 11 17 11 22 12 3 10 119 18 112 26 141 3 4 47 20 43 21 32 3 18 129 21 117 30 108 2 18 159 21 164 2 19 61 24 51 2 25 131 26 162 3 7 46 25 52 26 55 2 26 15 27 18
DUE_DATES: 3091 2876 3210 3210 3210 3225 3225 3225 3217 3196 3196 3196 3196 3369 3369 3334 3334 3334 3400 3345 3345 3341 3341 3390 3390 2940 3258 3258 3387 3387 3387 3387 3042 3281 3281 2900 2900 3137 3308 3308 3364 3232 3232 3510 3224 3224 3191 2986 3379 3449
WEIGHTS: 1 3 2 3 1 2 2 1 1 3 2 2 1 3 1 2 1 1 2 2 2 2 3 1 2 1 3 3 2 1 1 1 2 1 3 1 1 1 2 2 2 1 1 2 3 3 2 2 3 1
