50 30
35 1 6 45 2 8 62 22 77 2 1 173 20 156 2 15 113 28 107 2 1 6 16 6 2 2 94 17 113 3 12 60 21 63 28 57 3 3 93 17 111 18 99 3 8 124 10 100 24 115 2 15 108 28 114 3 1 136 19 132 28 130 2 17 144 20 140 2 3 44 4 57 3 5 81 12 77 25 91 2 7 84 8 63 2 5 157 24 156 2 1 89 29 95 3 8 23 19 19 28 21 2 9 65 29 66 2 13 83 24 91 2 6 101 11 131 2 16 125 18 115 2 4 68 19 73 2 14 199 28 176 3 3 91 17 111 18 107 2 3 163 18 160 3 5 160 6 153 21 153 2 9 12 26 13 2 4 75 19 89 3 4 138 7 130 23 93 2 25 19 28 20 2 17 125 20 116 2 15 109 30 82 3 5 98 12 106 25 87 3 21 109 26 143 27 114
35 1 6 45 2 8 62 22 77 2 1 173 20 156 2 15 113 28 107 2 1 6 16 6 2 2 94 17 113 3 12 60 21 63 28 57 3 3 93 17 111 18 99 3 8 124 10 100 24 115 2 15 108 28 114 3 1 136 19 132 28 130 2 17 144 20 140 2 3 44 4 57 3 5 81 12 77 25 91 2 7 84 8 63 2 5 157 24 156 2 1 89 29 95 3 8 23 19 19 28 21 2 9 65 29 66 2 13 83 24 91 2 6 101 11 131 2 16 125 18 115 2 4 68 19 73 2 14 199 28 176 3 3 91 17 111 18 107 2 3 163 18 160 3 5 160 6 153 21 153 2 9 12 26 13 2 4 75 19 89 3 4 138 7 130 23 93 2 25 19 28 20 2 17 125 20 116 2 15 109 30 82 3 5 98 12 106 25 87 3 21 109 26 143 27 114
38 1 6 54 2 1 6 16 5 1 6 44 3 12 59 21 53 28 48 2 2 113 17 92 3 3 88 17 104 18 110 2 3 44 4 47 3 5 82 12 75 25 96 2 15 105 30 105 2 7 64 8 80 3 8 17 19 20 28 21 2 9 55 29 52 3 8 17 19 20 28 17 3 8 111 10 91 24 102 2 6 98 11 120 2 3 42 4 43 2 9 16 26 16 2 13 93 24 94 2 14 166 28 219 2 9 69 29 75 3 21 107 26 126 27 117 2 7 74 8 80 2 15 95 28 108 2 16 131 18 134 3 5 200 6 156 21 208 2 1 127 20 139 3 1 138 19 106 28 124 2 17 121 20 143 2 1 70 29 66 2 6 114 11 112 2 3 150 18 176 3 4 132 7 127 23 136 2 9 55 29 54 2 4 71 19 74 2 5 145 24 212 2 8 67 22 70 3 3 93 17 115 18 115 2 25 17 28 18
38 1 6 54 2 1 6 16 5 1 6 44 3 12 59 21 53 28 48 2 2 113 17 92 3 3 88 17 104 18 110 2 3 44 4 47 3 5 82 12 75 25 96 2 15 105 30 105 2 7 64 8 80 3 8 17 19 20 28 21 2 9 55 29 52 3 8 17 19 20 28 17 3 8 111 10 91 24 102 2 6 98 11 120 2 3 42 4 43 2 9 16 26 16 2 13 93 24 94 2 14 166 28 219 2 9 69 29 75 3 21 107 26 126 27 117 2 7 74 8 80 2 15 95 28 108 2 16 131 18 134 3 5 200 6 156 21 208 2 1 127 20 139 3 1 138 19 106 28 124 2 17 121 20 143 2 1 70 29 66 2 6 114 11 112 2 3 150 18 176 3 4 132 7 127 23 136 2 9 55 29 54 2 4 71 19 74 2 5 145 24 212 2 8 67 22 70 3 3 93 17 115 18 115 2 25 17 28 18
38 1 6 54 2 1 6 16 5 1 6 44 3 12 59 21 53 28 48 2 2 113 17 92 3 3 88 17 104 18 110 2 3 44 4 47 3 5 82 12 75 25 96 2 15 105 30 105 2 7 64 8 80 3 8 17 19 20 28 21 2 9 55 29 52 3 8 17 19 20 28 17 3 8 111 10 91 24 102 2 6 98 11 120 2 3 42 4 43 2 9 16 26 16 2 13 93 24 94 2 14 166 28 219 2 9 69 29 75 3 21 107 26 126 27 117 2 7 74 8 80 2 15 95 28 108 2 16 131 18 134 3 5 200 6 156 21 208 2 1 127 20 139 3 1 138 19 106 28 124 2 17 121 20 143 2 1 70 29 66 2 6 114 11 112 2 3 150 18 176 3 4 132 7 127 23 136 2 9 55 29 54 2 4 71 19 74 2 5 145 24 212 2 8 67 22 70 3 3 93 17 115 18 115 2 25 17 28 18
36 3 4 109 7 130 23 119 2 1 6 16 6 3 4 139 7 139 23 134 2 2 117 17 88 1 6 43 3 3 114 17 108 18 83 2 15 111 30 109 2 2 109 17 103 2 3 44 4 43 3 5 96 12 100 25 83 2 7 71 8 59 3 8 21 19 16 28 23 2 9 64 29 72 2 15 110 30 86 3 8 122 10 119 24 92 2 6 102 11 101 2 3 42 4 59 3 12 61 21 57 28 62 2 13 95 24 80 2 14 191 28 210 2 15 90 28 110 2 16 133 18 131 2 17 108 20 108 2 3 151 18 163 2 4 98 19 79 3 5 213 6 173 21 175 2 1 149 20 156 2 8 79 22 56 2 5 145 24 187 2 1 4 16 5 2 25 19 28 18 2 5 171 24 179 2 9 13 26 16 3 21 156 26 146 27 115 3 1 123 19 137 28 111 2 1 87 29 87
36 3 4 109 7 130 23 119 2 1 6 16 6 3 4 139 7 139 23 134 2 2 117 17 88 1 6 43 3 3 114 17 108 18 83 2 15 111 30 109 2 2 109 17 103 2 3 44 4 43 3 5 96 12 100 25 83 2 7 71 8 59 3 8 21 19 16 28 23 2 9 64 29 72 2 15 110 30 86 3 8 122 10 119 24 92 2 6 102 11 101 2 3 42 4 59 3 12 61 21 57 28 62 2 13 95 24 80 2 14 191 28 210 2 15 90 28 110 2 16 133 18 131 2 17 108 20 108 2 3 151 18 163 2 4 98 19 79 3 5 213 6 173 21 175 2 1 149 20 156 2 8 79 22 56 2 5 145 24 187 2 1 4 16 5 2 25 19 28 18 2 5 171 24 179 2 9 13 26 16 3 21 156 26 146 27 115 3 1 123 19 137 28 111 2 1 87 29 87
36 3 4 109 7 130 23 119 2 1 6 16 6 3 4 139 7 139 23 134 2 2 117 17 88 1 6 43 3 3 114 17 108 18 83 2 15 111 30 109 2 2 109 17 103 2 3 44 4 43 3 5 96 12 100 25 83 2 7 71 8 59 3 8 21 19 16 28 23 2 9 64 29 72 2 15 110 30 86 3 8 122 10 119 24 92 2 6 102 11 101 2 3 42 4 59 3 12 61 21 57 28 62 2 13 95 24 80 2 14 191 28 210 2 15 90 28 110 2 16 133 18 131 2 17 108 20 108 2 3 151 18 163 2 4 98 19 79 3 5 213 6 173 21 175 2 1 149 20 156 2 8 79 22 56 2 5 145 24 187 2 1 4 16 5 2 25 19 28 18 2 5 171 24 179 2 9 13 26 16 3 21 156 26 146 27 115 3 1 123 19 137 28 111 2 1 87 29 87
37 2 1 5 16 7 2 2 99 17 112 2 14 201 28 156 2 1 5 16 6 2 8 80 22 83 3 3 116 17 93 18 99 2 3 46 4 44 3 5 152 6 158 21 189 3 5 101 12 89 25 74 2 14 204 28 216 1 6 60 2 1 5 16 6 2 7 84 8 79 2 1 96 29 94 3 8 20 19 18 28 23 2 9 54 29 56 3 8 102 10 108 24 94 2 6 132 11 92 3 12 51 21 58 28 60 3 5 75 12 100 25 90 2 13 80 24 81 2 15 110 28 95 2 16 100 18 113 2 3 175 18 159 1 6 58 2 17 99 20 108 2 4 73 19 75 2 16 118 18 104 2 1 177 20 178 3 4 97 7 110 23 99 2 5 169 24 181 2 9 13 26 12 2 25 18 28 18 3 21 156 26 117 27 133 2 2 114 17 115 2 15 101 30 83 3 1 93 19 115 28 96
37 2 1 5 16 7 2 2 99 17 112 2 14 201 28 156 2 1 5 16 6 2 8 80 22 83 3 3 116 17 93 18 99 2 3 46 4 44 3 5 152 6 158 21 189 3 5 101 12 89 25 74 2 14 204 28 216 1 6 60 2 1 5 16 6 2 7 84 8 79 2 1 96 29 94 3 8 20 19 18 28 23 2 9 54 29 56 3 8 102 10 108 24 94 2 6 132 11 92 3 12 51 21 58 28 60 3 5 75 12 100 25 90 2 13 80 24 81 2 15 110 28 95 2 16 100 18 113 2 3 175 18 159 1 6 58 2 17 99 20 108 2 4 73 19 75 2 16 118 18 104 2 1 177 20 178 3 4 97 7 110 23 99 2 5 169 24 181 2 9 13 26 12 2 25 18 28 18 3 21 156 26 117 27 133 2 2 114 17 115 2 15 101 30 83 3 1 93 19 115 28 96
37 2 1 5 16 6 2 2 93 17 95 2 14 204 28 197 2 1 6 16 6 2 8 62 22 83 3 3 108 17 93 18 99 2 3 46 4 54 3 5 210 6 182 21 166 3 5 103 12 76 25 94 2 14 152 28 183 1 6 42 2 1 5 16 6 2 7 65 8 83 2 1 93 29 84 3 8 17 19 23 28 20 2 9 52 29 60 3 8 89 10 92 24 97 2 6 94 11 110 3 12 53 21 50 28 55 3 5 93 12 83 25 99 2 13 81 24 82 2 15 100 28 103 2 16 126 18 109 2 3 129 18 176 1 6 48 2 17 114 20 99 2 4 77 19 81 2 16 112 18 103 2 1 180 20 184 3 4 114 7 126 23 138 2 5 164 24 173 2 9 13 26 15 2 25 22 28 20 3 21 134 26 108 27 106 2 2 105 17 100 2 15 92 30 76 3 1 116 19 109 28 137
37 2 1 5 16 6 2 2 93 17 95 2 14 204 28 197 2 1 6 16 6 2 8 62 22 83 3 3 108 17 93 18 99 2 3 46 4 54 3 5 210 6 182 21 166 3 5 103 12 76 25 94 2 14 152 28 183 1 6 42 2 1 5 16 6 2 7 65 8 83 2 1 93 29 84 3 8 17 19 23 28 20 2 9 52 29 60 3 8 89 10 92 24 97 2 6 94 11 110 3 12 53 21 50 28 55 3 5 93 12 83 25 99 2 13 81 24 82 2 15 100 28 103 2 16 126 18 109 2 3 129 18 176 1 6 48 2 17 114 20 99 2 4 77 19 81 2 16 112 18 103 2 1 180 20 184 3 4 114 7 126 23 138 2 5 164 24 173 2 9 13 26 15 2 25 22 28 20 3 21 134 26 108 27 106 2 2 105 17 100 2 15 92 30 76 3 1 116 19 109 28 137
37 2 1 5 16 6 2 2 93 17 95 2 14 204 28 197 2 1 6 16 6 2 8 62 22 83 3 3 108 17 93 18 99 2 3 46 4 54 3 5 210 6 182 21 166 3 5 103 12 76 25 94 2 14 152 28 183 1 6 42 2 1 5 16 6 2 7 65 8 83 2 1 93 29 84 3 8 17 19 23 28 20 2 9 52 29 60 3 8 89 10 92 24 97 2 6 94 11 110 3 12 53 21 50 28 55 3 5 93 12 83 25 99 2 13 81 24 82 2 15 100 28 103 2 16 126 18 109 2 3 129 18 176 1 6 48 2 17 114 20 99 2 4 77 19 81 2 16 112 18 103 2 1 180 20 184 3 4 114 7 126 23 138 2 5 164 24 173 2 9 13 26 15 2 25 22 28 20 3 21 134 26 108 27 106 2 2 105 17 100 2 15 92 30 76 3 1 116 19 109 28 137
35 2 1 5 16 6 2 2 96 17 98 3 3 88 17 97 18 95 3 8 93 10 123 24 90 2 3 43 4 40 3 5 73 12 93 25 74 3 8 114 10 124 24 109 1 6 42 2 6 136 11 128 1 6 45 2 7 73 8 71 3 8 19 19 21 28 20 2 15 93 28 118 1 6 48 2 9 75 29 57 2 14 192 28 163 3 12 54 21 44 28 63 2 13 92 24 86 2 16 119 18 116 2 17 132 20 120 2 3 135 18 153 2 4 74 19 92 2 1 162 20 152 3 5 190 6 169 21 146 3 21 141 26 110 27 134 2 8 57 22 73 2 5 171 24 192 3 4 101 7 132 23 98 2 17 104 20 130 2 25 19 28 19 2 9 15 26 13 3 1 98 19 99 28 118 2 1 87 29 94 3 12 46 21 58 28 44 2 15 101 30 87
36 3 8 23 19 17 28 21 3 5 146 6 170 21 152 2 1 65 29 78 3 12 47 21 49 28 65 2 1 5 16 6 3 8 19 19 21 28 23 2 2 109 17 91 2 3 49 4 45 2 1 6 16 6 3 3 97 17 101 18 98 3 5 83 12 108 25 80 1 6 43 2 7 74 8 82 2 9 52 29 68 2 1 93 29 90 3 8 126 10 94 24 102 2 14 211 28 179 1 6 45 2 8 63 22 71 2 6 125 11 121 2 13 88 24 89 2 15 110 28 114 2 16 115 18 142 2 17 127 20 133 2 3 167 18 142 2 14 170 28 171 2 4 91 19 79 3 1 132 19 119 28 110 2 1 161 20 148 3 4 106 7 111 23 98 2 5 193 24 164 2 15 104 30 76 2 25 16 28 21 3 3 118 17 121 18 117 2 9 17 26 13 3 21 127 26 112 27 120
36 2 1 5 16 6 2 2 90 17 102 2 6 121 11 121 3 3 119 17 112 18 84 2 3 53 4 57 3 5 102 12 75 25 106 1 6 47 3 5 81 12 108 25 83 2 9 14 26 15 2 7 73 8 87 3 8 17 19 21 28 23 2 9 62 29 70 3 8 119 10 108 24 96 3 12 54 21 51 28 52 2 14 179 28 211 2 15 107 28 131 3 5 104 12 103 25 88 2 13 76 24 80 2 15 77 30 98 2 13 75 24 90 2 16 127 18 120 2 4 97 19 67 2 25 15 28 18 2 17 134 20 123 3 5 82 12 77 25 103 2 3 134 18 160 2 1 127 20 158 3 5 146 6 145 21 159 2 8 78 22 76 2 1 94 29 79 3 4 108 7 110 23 129 2 5 182 24 187 2 1 169 20 158 3 21 121 26 126 27 130 2 1 86 29 96 3 1 121 19 115 28 104
36 2 1 6 16 5 2 15 87 30 76 2 2 117 17 93 3 3 117 17 95 18 115 2 3 57 4 44 2 15 97 28 114 2 15 107 30 112 3 5 88 12 102 25 92 1 6 61 3 5 99 12 80 25 95 2 7 63 8 69 3 8 16 19 18 28 20 2 9 72 29 55 3 8 88 10 102 24 118 2 6 128 11 120 2 25 19 28 18 3 12 59 21 46 28 50 3 4 140 7 127 23 117 2 13 88 24 72 2 14 208 28 178 1 6 41 2 16 100 18 125 2 17 116 20 122 2 3 124 18 137 2 9 13 26 12 2 16 106 18 113 2 4 87 19 68 3 5 201 6 202 21 194 2 1 146 20 127 3 8 107 10 92 24 101 2 1 71 29 88 2 8 74 22 65 2 6 105 11 95 2 5 172 24 170 3 1 136 19 133 28 111 3 21 145 26 144 27 130
36 2 1 6 16 5 2 15 87 30 76 2 2 117 17 93 3 3 117 17 95 18 115 2 3 57 4 44 2 15 97 28 114 2 15 107 30 112 3 5 88 12 102 25 92 1 6 61 3 5 99 12 80 25 95 2 7 63 8 69 3 8 16 19 18 28 20 2 9 72 29 55 3 8 88 10 102 24 118 2 6 128 11 120 2 25 19 28 18 3 12 59 21 46 28 50 3 4 140 7 127 23 117 2 13 88 24 72 2 14 208 28 178 1 6 41 2 16 100 18 125 2 17 116 20 122 2 3 124 18 137 2 9 13 26 12 2 16 106 18 113 2 4 87 19 68 3 5 201 6 202 21 194 2 1 146 20 127 3 8 107 10 92 24 101 2 1 71 29 88 2 8 74 22 65 2 6 105 11 95 2 5 172 24 170 3 1 136 19 133 28 111 3 21 145 26 144 27 130
36 3 4 113 7 119 23 101 2 1 6 16 5 3 4 108 7 133 23 95 2 2 85 17 114 1 6 52 3 3 101 17 113 18 103 2 15 107 30 108 2 2 108 17 102 2 3 54 4 40 3 5 98 12 75 25 86 2 7 65 8 69 3 8 18 19 20 28 19 2 9 65 29 53 2 15 95 30 83 3 8 88 10 116 24 113 2 6 116 11 95 2 3 41 4 47 3 12 60 21 65 28 65 2 13 87 24 90 2 14 218 28 189 2 15 116 28 124 2 16 131 18 138 2 17 127 20 126 2 3 179 18 140 2 4 99 19 85 3 5 145 6 148 21 144 2 1 129 20 153 2 8 69 22 82 2 5 152 24 166 2 1 6 16 5 2 25 19 28 17 2 5 157 24 209 2 9 16 26 14 3 21 138 26 117 27 143 3 1 104 19 123 28 95 2 1 90 29 77
36 3 4 113 7 119 23 101 2 1 6 16 5 3 4 108 7 133 23 95 2 2 85 17 114 1 6 52 3 3 101 17 113 18 103 2 15 107 30 108 2 2 108 17 102 2 3 54 4 40 3 5 98 12 75 25 86 2 7 65 8 69 3 8 18 19 20 28 19 2 9 65 29 53 2 15 95 30 83 3 8 88 10 116 24 113 2 6 116 11 95 2 3 41 4 47 3 12 60 21 65 28 65 2 13 87 24 90 2 14 218 28 189 2 15 116 28 124 2 16 131 18 138 2 17 127 20 126 2 3 179 18 140 2 4 99 19 85 3 5 145 6 148 21 144 2 1 129 20 153 2 8 69 22 82 2 5 152 24 166 2 1 6 16 5 2 25 19 28 17 2 5 157 24 209 2 9 16 26 14 3 21 138 26 117 27 143 3 1 104 19 123 28 95 2 1 90 29 77
36 3 4 113 7 119 23 101 2 1 6 16 5 3 4 108 7 133 23 95 2 2 85 17 114 1 6 52 3 3 101 17 113 18 103 2 15 107 30 108 2 2 108 17 102 2 3 54 4 40 3 5 98 12 75 25 86 2 7 65 8 69 3 8 18 19 20 28 19 2 9 65 29 53 2 15 95 30 83 3 8 88 10 116 24 113 2 6 116 11 95 2 3 41 4 47 3 12 60 21 65 28 65 2 13 87 24 90 2 14 218 28 189 2 15 116 28 124 2 16 131 18 138 2 17 127 20 126 2 3 179 18 140 2 4 99 19 85 3 5 145 6 148 21 144 2 1 129 20 153 2 8 69 22 82 2 5 152 24 166 2 1 6 16 5 2 25 19 28 17 2 5 157 24 209 2 9 16 26 14 3 21 138 26 117 27 143 3 1 104 19 123 28 95 2 1 90 29 77
37 2 1 6 16 6 2 9 53 29 64 2 2 106 17 118 3 12 55 21 58 28 46 3 3 99 17 114 18 98 2 1 86 29 73 3 12 61 21 44 28 44 2 3 55 4 55 3 5 101 12 85 25 94 2 1 71 29 65 2 7 87 8 61 3 12 50 21 56 28 53 2 25 20 28 19 1 6 55 2 8 72 22 66 2 17 140 20 146 3 1 122 19 107 28 121 2 14 150 28 179 2 15 90 30 100 3 8 20 19 23 28 16 3 21 125 26 145 27 156 3 8 127 10 103 24 88 2 15 82 30 82 2 6 131 11 112 2 5 189 24 151 2 13 84 24 70 2 15 88 28 125 2 25 21 28 18 2 16 109 18 124 2 3 133 18 152 2 4 74 19 77 3 5 168 6 157 21 182 2 3 58 4 41 2 1 153 20 161 3 4 94 7 119 23 135 2 1 79 29 94 2 9 15 26 17
36 3 4 107 7 104 23 125 2 1 6 16 5 3 4 97 7 107 23 114 2 2 87 17 87 1 6 50 3 3 102 17 82 18 117 2 15 77 30 112 2 2 113 17 118 2 3 57 4 57 3 5 81 12 97 25 92 2 7 83 8 72 3 8 20 19 19 28 21 2 9 58 29 69 2 15 107 30 81 3 8 114 10 124 24 105 2 6 121 11 129 2 3 48 4 57 3 12 48 21 64 28 53 2 13 74 24 82 2 14 176 28 165 2 15 90 28 106 2 16 117 18 118 2 17 139 20 103 2 3 148 18 126 2 4 94 19 71 3 5 203 6 182 21 151 2 1 161 20 170 2 8 83 22 80 2 5 165 24 213 2 1 5 16 5 2 25 21 28 17 2 5 180 24 144 2 9 12 26 14 3 21 151 26 106 27 113 3 1 138 19 131 28 133 2 1 88 29 84
36 3 4 107 7 104 23 125 2 1 6 16 5 3 4 97 7 107 23 114 2 2 87 17 87 1 6 50 3 3 102 17 82 18 117 2 15 77 30 112 2 2 113 17 118 2 3 57 4 57 3 5 81 12 97 25 92 2 7 83 8 72 3 8 20 19 19 28 21 2 9 58 29 69 2 15 107 30 81 3 8 114 10 124 24 105 2 6 121 11 129 2 3 48 4 57 3 12 48 21 64 28 53 2 13 74 24 82 2 14 176 28 165 2 15 90 28 106 2 16 117 18 118 2 17 139 20 103 2 3 148 18 126 2 4 94 19 71 3 5 203 6 182 21 151 2 1 161 20 170 2 8 83 22 80 2 5 165 24 213 2 1 5 16 5 2 25 21 28 17 2 5 180 24 144 2 9 12 26 14 3 21 151 26 106 27 113 3 1 138 19 131 28 133 2 1 88 29 84
36 2 6 126 11 120 2 1 6 16 6 2 2 95 17 87 3 4 123 7 125 23 119 3 8 18 19 21 28 16 3 3 96 17 111 18 82 2 3 52 4 51 3 5 102 12 99 25 76 1 6 59 2 5 183 24 158 3 5 168 6 161 21 203 2 7 65 8 79 2 17 146 20 106 2 9 73 29 58 3 8 100 10 114 24 103 2 16 123 18 139 2 9 69 29 66 3 12 62 21 55 28 63 3 8 100 10 119 24 98 2 13 93 24 88 2 5 197 24 165 2 14 157 28 220 2 15 101 30 96 2 2 95 17 106 2 8 72 22 83 2 15 93 28 127 2 25 21 28 16 3 21 132 26 123 27 136 2 4 74 19 84 2 3 123 18 162 2 1 158 20 156 2 15 105 30 103 2 1 86 29 69 2 9 16 26 12 2 15 114 28 115 3 1 98 19 120 28 108
37 2 1 5 16 5 2 1 75 29 71 3 8 16 19 22 28 20 2 2 97 17 114 3 3 82 17 106 18 119 3 8 101 10 110 24 122 2 3 56 4 55 3 5 91 12 90 25 77 1 6 46 3 8 21 19 21 28 20 2 7 61 8 82 2 5 205 24 163 1 6 57 2 6 115 11 92 2 7 85 8 68 2 9 75 29 60 3 12 45 21 45 28 50 2 13 75 24 86 1 6 43 2 14 203 28 205 2 15 114 28 101 2 16 127 18 110 2 7 79 8 64 2 15 112 30 108 2 16 138 18 121 2 17 105 20 110 2 3 135 18 164 2 4 78 19 99 2 1 138 20 131 3 5 187 6 161 21 187 3 1 116 19 119 28 97 2 15 95 28 130 3 21 139 26 121 27 120 2 8 61 22 64 3 4 123 7 131 23 119 2 25 17 28 22 2 9 15 26 14
37 2 1 4 16 6 2 9 69 29 57 2 2 120 17 115 3 12 55 21 64 28 46 3 3 107 17 111 18 88 2 1 69 29 85 3 12 47 21 49 28 51 2 3 46 4 57 3 5 93 12 105 25 100 2 1 74 29 71 2 7 70 8 60 3 12 63 21 58 28 50 2 25 15 28 16 1 6 60 2 8 59 22 73 2 17 112 20 121 3 1 109 19 97 28 101 2 14 178 28 167 2 15 87 30 78 3 8 18 19 20 28 23 3 21 150 26 146 27 126 3 8 113 10 111 24 117 2 15 111 30 85 2 6 110 11 97 2 5 173 24 191 2 13 74 24 79 2 15 111 28 107 2 25 21 28 18 2 16 143 18 126 2 3 164 18 140 2 4 88 19 96 3 5 188 6 210 21 153 2 3 59 4 49 2 1 153 20 175 3 4 106 7 103 23 128 2 1 96 29 75 2 9 14 26 14
37 2 1 4 16 6 2 9 69 29 57 2 2 120 17 115 3 12 55 21 64 28 46 3 3 107 17 111 18 88 2 1 69 29 85 3 12 47 21 49 28 51 2 3 46 4 57 3 5 93 12 105 25 100 2 1 74 29 71 2 7 70 8 60 3 12 63 21 58 28 50 2 25 15 28 16 1 6 60 2 8 59 22 73 2 17 112 20 121 3 1 109 19 97 28 101 2 14 178 28 167 2 15 87 30 78 3 8 18 19 20 28 23 3 21 150 26 146 27 126 3 8 113 10 111 24 117 2 15 111 30 85 2 6 110 11 97 2 5 173 24 191 2 13 74 24 79 2 15 111 28 107 2 25 21 28 18 2 16 143 18 126 2 3 164 18 140 2 4 88 19 96 3 5 188 6 210 21 153 2 3 59 4 49 2 1 153 20 175 3 4 106 7 103 23 128 2 1 96 29 75 2 9 14 26 14
38 1 6 61 2 1 6 16 5 1 6 58 3 12 62 21 59 28 45 2 2 100 17 114 3 3 117 17 103 18 93 2 3 50 4 56 3 5 106 12 81 25 93 2 15 104 30 91 2 7 77 8 79 3 8 23 19 19 28 23 2 9 64 29 75 3 8 21 19 17 28 19 3 8 121 10 106 24 111 2 6 110 11 124 2 3 52 4 42 2 9 14 26 17 2 13 95 24 91 2 14 202 28 173 2 9 62 29 57 3 21 149 26 143 27 112 2 7 79 8 85 2 15 93 28 112 2 16 122 18 142 3 5 198 6 152 21 198 2 1 144 20 147 3 1 101 19 124 28 102 2 17 119 20 141 2 1 79 29 67 2 6 121 11 109 2 3 141 18 149 3 4 100 7 114 23 100 2 9 57 29 69 2 4 74 19 94 2 5 185 24 168 2 8 56 22 67 3 3 108 17 89 18 88 2 25 15 28 22
38 1 6 61 2 1 6 16 5 1 6 58 3 12 62 21 59 28 45 2 2 100 17 114 3 3 117 17 103 18 93 2 3 50 4 56 3 5 106 12 81 25 93 2 15 104 30 91 2 7 77 8 79 3 8 23 19 19 28 23 2 9 64 29 75 3 8 21 19 17 28 19 3 8 121 10 106 24 111 2 6 110 11 124 2 3 52 4 42 2 9 14 26 17 2 13 95 24 91 2 14 202 28 173 2 9 62 29 57 3 21 149 26 143 27 112 2 7 79 8 85 2 15 93 28 112 2 16 122 18 142 3 5 198 6 152 21 198 2 1 144 20 147 3 1 101 19 124 28 102 2 17 119 20 141 2 1 79 29 67 2 6 121 11 109 2 3 141 18 149 3 4 100 7 114 23 100 2 9 57 29 69 2 4 74 19 94 2 5 185 24 168 2 8 56 22 67 3 3 108 17 89 18 88 2 25 15 28 22
37 2 3 160 18 167 2 1 6 16 5 2 3 144 18 144 2 2 85 17 85 3 3 106 17 86 18 82 2 3 41 4 43 3 5 85 12 85 25 75 1 6 47 3 3 82 17 108 18 106 2 7 78 8 59 2 5 203 24 157 3 8 22 19 16 28 18 3 5 212 6 150 21 197 2 9 67 29 57 2 2 94 17 88 3 8 121 10 102 24 131 2 6 119 11 127 2 17 148 20 113 2 9 17 26 14 2 9 70 29 59 3 12 46 21 45 28 53 2 17 138 20 133 2 13 78 24 82 3 21 124 26 109 27 151 2 14 179 28 220 2 15 100 28 95 2 16 131 18 118 2 4 100 19 86 2 1 146 20 128 3 8 22 19 16 28 17 2 8 59 22 69 3 4 136 7 108 23 127 2 25 17 28 16 1 6 48 2 1 81 29 71 3 1 121 19 116 28 97 2 15 83 30 76
37 2 3 160 18 167 2 1 6 16 5 2 3 144 18 144 2 2 85 17 85 3 3 106 17 86 18 82 2 3 41 4 43 3 5 85 12 85 25 75 1 6 47 3 3 82 17 108 18 106 2 7 78 8 59 2 5 203 24 157 3 8 22 19 16 28 18 3 5 212 6 150 21 197 2 9 67 29 57 2 2 94 17 88 3 8 121 10 102 24 131 2 6 119 11 127 2 17 148 20 113 2 9 17 26 14 2 9 70 29 59 3 12 46 21 45 28 53 2 17 138 20 133 2 13 78 24 82 3 21 124 26 109 27 151 2 14 179 28 220 2 15 100 28 95 2 16 131 18 118 2 4 100 19 86 2 1 146 20 128 3 8 22 19 16 28 17 2 8 59 22 69 3 4 136 7 108 23 127 2 25 17 28 16 1 6 48 2 1 81 29 71 3 1 121 19 116 28 97 2 15 83 30 76
37 2 3 160 18 167 2 1 6 16 5 2 3 144 18 144 2 2 85 17 85 3 3 106 17 86 18 82 2 3 41 4 43 3 5 85 12 85 25 75 1 6 47 3 3 82 17 108 18 106 2 7 78 8 59 2 5 203 24 157 3 8 22 19 16 28 18 3 5 212 6 150 21 197 2 9 67 29 57 2 2 94 17 88 3 8 121 10 102 24 131 2 6 119 11 127 2 17 148 20 113 2 9 17 26 14 2 9 70 29 59 3 12 46 21 45 28 53 2 17 138 20 133 2 13 78 24 82 3 21 124 26 109 27 151 2 14 179 28 220 2 15 100 28 95 2 16 131 18 118 2 4 100 19 86 2 1 146 20 128 3 8 22 19 16 28 17 2 8 59 22 69 3 4 136 7 108 23 127 2 25 17 28 16 1 6 48 2 1 81 29 71 3 1 121 19 116 28 97 2 15 83 30 76
32 2 1 160 20 168 2 1 7 16 5 2 2 105 17 120 2 16 106 18 109 3 8 100 10 130 24 129 2 16 107 18 106 2 17 132 20 125 3 3 120 17 94 18 101 2 7 61 8 78 2 3 46 4 53 3 5 100 12 94 25 96 1 6 44 3 8 17 19 19 28 21 2 9 68 29 62 2 6 118 11 121 2 15 122 28 93 2 25 15 28 17 2 8 58 22 73 2 7 73 8 87 3 12 51 21 54 28 58 3 5 193 6 156 21 184 2 15 96 30 86 2 13 84 24 76 2 14 172 28 186 2 3 139 18 163 2 5 181 24 169 2 4 71 19 89 2 9 15 26 14 3 4 119 7 114 23 133 3 21 106 26 121 27 142 3 1 102 19 112 28 98 2 1 66 29 66
37 2 3 183 18 156 2 1 5 16 6 2 3 182 18 138 2 2 95 17 104 3 3 103 17 95 18 100 2 3 46 4 51 3 5 92 12 76 25 95 1 6 56 3 3 96 17 117 18 120 2 7 61 8 64 2 5 187 24 215 3 8 18 19 18 28 22 3 5 200 6 199 21 202 2 9 72 29 63 2 2 89 17 81 3 8 120 10 118 24 118 2 6 102 11 91 2 17 145 20 112 2 9 13 26 15 2 9 56 29 64 3 12 48 21 62 28 49 2 17 103 20 102 2 13 88 24 88 3 21 111 26 114 27 154 2 14 200 28 206 2 15 88 28 108 2 16 135 18 142 2 4 83 19 87 2 1 153 20 155 3 8 17 19 20 28 20 2 8 64 22 77 3 4 98 7 108 23 110 2 25 19 28 15 1 6 53 2 1 82 29 82 3 1 110 19 125 28 113 2 15 101 30 108
37 2 1 5 16 4 2 9 66 29 59 2 2 104 17 91 3 12 45 21 54 28 65 3 3 110 17 90 18 95 2 1 82 29 95 3 12 62 21 46 28 56 2 3 52 4 56 3 5 81 12 95 25 104 2 1 97 29 96 2 7 87 8 62 3 12 61 21 63 28 50 2 25 22 28 21 1 6 50 2 8 71 22 56 2 17 126 20 113 3 1 114 19 129 28 134 2 14 194 28 191 2 15 86 30 82 3 8 22 19 18 28 19 3 21 141 26 143 27 152 3 8 103 10 124 24 104 2 15 110 30 95 2 6 104 11 126 2 5 174 24 212 2 13 87 24 86 2 15 105 28 108 2 25 15 28 17 2 16 114 18 132 2 3 176 18 135 2 4 69 19 67 3 5 145 6 159 21 150 2 3 55 4 46 2 1 169 20 180 3 4 117 7 124 23 107 2 1 77 29 94 2 9 17 26 17
35 2 1 5 16 6 2 2 94 17 93 2 14 178 28 174 2 2 108 17 94 2 4 91 19 69 3 3 107 17 91 18 92 2 4 72 19 79 2 3 55 4 48 3 5 79 12 106 25 81 1 6 43 2 4 96 19 91 2 7 79 8 60 3 8 17 19 22 28 22 3 4 138 7 108 23 103 3 3 99 17 93 18 86 2 9 54 29 70 3 8 110 10 104 24 131 2 6 122 11 109 2 9 15 26 15 3 12 64 21 46 28 55 2 13 72 24 94 2 16 144 18 105 2 15 118 28 96 2 17 114 20 102 3 8 99 10 115 24 100 2 3 154 18 181 2 1 176 20 172 2 8 56 22 83 2 5 148 24 195 3 5 175 6 146 21 169 2 25 16 28 18 3 1 101 19 96 28 119 3 21 129 26 125 27 132 2 15 110 30 111 2 1 93 29 95
35 1 6 54 2 8 61 22 82 2 1 154 20 157 2 15 103 28 96 2 1 5 16 5 2 2 105 17 104 3 12 56 21 60 28 54 3 3 93 17 103 18 121 3 8 103 10 88 24 120 2 15 130 28 98 3 1 113 19 139 28 102 2 17 144 20 114 2 3 50 4 43 3 5 102 12 87 25 79 2 7 85 8 74 2 5 169 24 179 2 1 90 29 75 3 8 17 19 17 28 19 2 9 53 29 70 2 13 68 24 65 2 6 123 11 107 2 16 114 18 135 2 4 72 19 74 2 14 189 28 186 3 3 113 17 117 18 86 2 3 144 18 167 3 5 168 6 173 21 172 2 9 12 26 17 2 4 85 19 72 3 4 101 7 109 23 103 2 25 15 28 19 2 17 143 20 131 2 15 89 30 110 3 5 87 12 98 25 103 3 21 140 26 108 27 151
36 2 1 6 16 7 2 15 105 30 108 2 2 88 17 117 3 3 111 17 111 18 107 2 3 59 4 46 2 15 99 28 116 2 15 96 30 103 3 5 106 12 93 25 93 1 6 58 3 5 104 12 91 25 82 2 7 66 8 78 3 8 16 19 20 28 20 2 9 67 29 63 3 8 88 10 113 24 113 2 6 134 11 97 2 25 20 28 17 3 12 59 21 47 28 48 3 4 109 7 136 23 111 2 13 96 24 87 2 14 218 28 199 1 6 47 2 16 114 18 114 2 17 109 20 135 2 3 133 18 163 2 9 13 26 13 2 16 136 18 118 2 4 98 19 68 3 5 201 6 175 21 194 2 1 150 20 131 3 8 92 10 121 24 101 2 1 75 29 89 2 8 69 22 60 2 6 128 11 104 2 5 173 24 209 3 1 124 19 99 28 97 3 21 139 26 151 27 128
33 1 6 50 2 1 6 16 6 2 2 104 17 117 2 16 114 18 144 3 3 116 17 90 18 115 2 3 41 4 55 2 25 18 28 18 2 17 121 20 144 3 5 108 12 104 25 78 1 6 57 2 7 84 8 83 2 15 95 28 98 3 8 20 19 23 28 20 2 1 167 20 174 2 9 55 29 69 3 8 126 10 104 24 115 3 1 133 19 112 28 103 2 6 103 11 115 3 5 157 6 169 21 187 3 12 52 21 61 28 58 2 9 75 29 53 2 1 73 29 74 2 13 88 24 89 2 14 212 28 191 2 3 156 18 126 3 21 153 26 146 27 122 2 9 15 26 14 3 1 106 19 131 28 133 2 4 81 19 74 2 8 61 22 77 3 4 117 7 136 23 99 2 5 186 24 199 2 15 92 30 86
35 2 1 6 16 6 2 2 122 17 121 2 14 154 28 156 2 2 111 17 97 2 4 86 19 92 3 3 113 17 94 18 113 2 4 92 19 84 2 3 57 4 54 3 5 86 12 99 25 105 1 6 43 2 4 72 19 97 2 7 81 8 63 3 8 17 19 18 28 18 3 4 100 7 127 23 129 3 3 87 17 85 18 114 2 9 59 29 56 3 8 130 10 122 24 94 2 6 118 11 119 2 9 17 26 13 3 12 44 21 60 28 63 2 13 77 24 82 2 16 141 18 124 2 15 117 28 111 2 17 107 20 139 3 8 102 10 108 24 111 2 3 178 18 161 2 1 142 20 148 2 8 59 22 74 2 5 193 24 169 3 5 194 6 187 21 179 2 25 22 28 18 3 1 94 19 139 28 114 3 21 141 26 112 27 125 2 15 90 30 86 2 1 94 29 85
35 2 1 6 16 6 2 2 122 17 121 2 14 154 28 156 2 2 111 17 97 2 4 86 19 92 3 3 113 17 94 18 113 2 4 92 19 84 2 3 57 4 54 3 5 86 12 99 25 105 1 6 43 2 4 72 19 97 2 7 81 8 63 3 8 17 19 18 28 18 3 4 100 7 127 23 129 3 3 87 17 85 18 114 2 9 59 29 56 3 8 130 10 122 24 94 2 6 118 11 119 2 9 17 26 13 3 12 44 21 60 28 63 2 13 77 24 82 2 16 141 18 124 2 15 117 28 111 2 17 107 20 139 3 8 102 10 108 24 111 2 3 178 18 161 2 1 142 20 148 2 8 59 22 74 2 5 193 24 169 3 5 194 6 187 21 179 2 25 22 28 18 3 1 94 19 139 28 114 3 21 141 26 112 27 125 2 15 90 30 86 2 1 94 29 85
35 2 1 6 16 6 2 2 122 17 121 2 14 154 28 156 2 2 111 17 97 2 4 86 19 92 3 3 113 17 94 18 113 2 4 92 19 84 2 3 57 4 54 3 5 86 12 99 25 105 1 6 43 2 4 72 19 97 2 7 81 8 63 3 8 17 19 18 28 18 3 4 100 7 127 23 129 3 3 87 17 85 18 114 2 9 59 29 56 3 8 130 10 122 24 94 2 6 118 11 119 2 9 17 26 13 3 12 44 21 60 28 63 2 13 77 24 82 2 16 141 18 124 2 15 117 28 111 2 17 107 20 139 3 8 102 10 108 24 111 2 3 178 18 161 2 1 142 20 148 2 8 59 22 74 2 5 193 24 169 3 5 194 6 187 21 179 2 25 22 28 18 3 1 94 19 139 28 114 3 21 141 26 112 27 125 2 15 90 30 86 2 1 94 29 85
35 3 1 114 19 109 28 129 2 1 6 16 6 3 1 127 19 92 28 100 2 2 94 17 85 3 3 87 17 113 18 105 2 8 64 22 56 2 3 55 4 56 3 1 108 19 114 28 115 3 5 93 12 85 25 98 1 6 58 2 7 63 8 63 3 8 19 19 19 28 19 3 5 81 12 105 25 96 2 9 55 29 64 3 5 98 12 80 25 83 3 8 126 10 97 24 95 2 6 96 11 115 3 12 60 21 51 28 52 2 13 86 24 88 2 14 167 28 152 2 15 103 28 104 2 16 101 18 134 2 17 125 20 124 2 3 168 18 129 3 12 57 21 59 28 52 3 5 198 6 145 21 206 2 4 77 19 81 3 4 110 7 129 23 126 2 1 130 20 134 2 5 149 24 188 2 15 97 30 101 2 25 17 28 16 3 21 150 26 121 27 127 2 1 70 29 68 2 9 16 26 12
37 2 1 4 16 5 2 1 91 29 67 3 8 17 19 16 28 19 2 2 93 17 85 3 3 89 17 82 18 116 3 8 123 10 103 24 117 2 3 43 4 55 3 5 89 12 74 25 82 1 6 53 3 8 20 19 22 28 19 2 7 59 8 66 2 5 184 24 156 1 6 56 2 6 103 11 132 2 7 70 8 72 2 9 56 29 53 3 12 52 21 58 28 55 2 13 74 24 98 1 6 53 2 14 157 28 214 2 15 127 28 129 2 16 114 18 108 2 7 58 8 60 2 15 106 30 112 2 16 108 18 109 2 17 106 20 143 2 3 163 18 148 2 4 92 19 73 2 1 173 20 171 3 5 190 6 195 21 188 3 1 136 19 108 28 134 2 15 111 28 112 3 21 139 26 125 27 115 2 8 77 22 81 3 4 107 7 133 23 140 2 25 19 28 20 2 9 14 26 17
33 3 5 75 12 95 25 72 2 1 6 16 5 2 2 122 17 98 3 5 84 12 80 25 107 3 3 112 17 98 18 119 2 3 51 4 48 2 9 73 29 58 3 12 52 21 60 28 46 1 6 56 2 7 63 8 64 3 8 18 19 22 28 16 3 8 124 10 117 24 103 2 1 95 29 70 2 6 124 11 124 2 13 70 24 75 2 6 100 11 106 2 14 176 28 163 2 15 105 28 88 3 8 23 19 17 28 19 2 16 129 18 112 2 17 122 20 138 2 3 133 18 124 2 4 99 19 73 2 5 202 24 209 2 8 74 22 68 2 1 129 20 184 3 5 204 6 204 21 189 3 4 106 7 116 23 107 3 21 155 26 107 27 134 2 25 19 28 15 2 9 12 26 12 3 1 134 19 135 28 121 2 15 80 30 87
36 3 8 109 10 126 24 131 2 1 5 16 5 2 15 89 28 107 2 2 106 17 109 3 3 84 17 101 18 98 3 8 94 10 109 24 119 2 3 46 4 58 3 5 89 12 93 25 90 1 6 62 2 7 81 8 80 3 8 20 19 19 28 20 3 12 64 21 54 28 65 2 9 74 29 73 2 6 134 11 122 3 21 135 26 146 27 128 2 13 70 24 75 3 4 134 7 134 23 118 3 8 104 10 96 24 94 2 9 14 26 15 2 14 220 28 217 2 16 110 18 107 3 4 115 7 97 23 113 2 17 129 20 118 2 15 90 28 94 2 25 17 28 18 2 16 111 18 120 2 3 125 18 123 2 4 85 19 89 2 1 178 20 168 3 5 189 6 209 21 159 2 8 68 22 63 2 5 193 24 151 2 7 76 8 70 3 1 99 19 105 28 109 2 1 83 29 77 2 15 82 30 88
37 2 3 141 18 178 2 1 5 16 6 2 3 182 18 165 2 2 108 17 107 3 3 91 17 111 18 108 2 3 46 4 51 3 5 90 12 89 25 108 1 6 52 3 3 101 17 117 18 82 2 7 58 8 67 2 5 206 24 209 3 8 20 19 22 28 16 3 5 167 6 201 21 175 2 9 68 29 59 2 2 119 17 91 3 8 128 10 108 24 99 2 6 92 11 116 2 17 137 20 124 2 9 14 26 17 2 9 51 29 70 3 12 61 21 49 28 58 2 17 116 20 126 2 13 86 24 89 3 21 127 26 111 27 121 2 14 149 28 179 2 15 121 28 99 2 16 104 18 136 2 4 83 19 97 2 1 168 20 146 3 8 23 19 19 28 19 2 8 69 22 69 3 4 118 7 121 23 111 2 25 21 28 22 1 6 61 2 1 78 29 83 3 1 108 19 124 28 95 2 15 76 30 105
37 2 3 141 18 178 2 1 5 16 6 2 3 182 18 165 2 2 108 17 107 3 3 91 17 111 18 108 2 3 46 4 51 3 5 90 12 89 25 108 1 6 52 3 3 101 17 117 18 82 2 7 58 8 67 2 5 206 24 209 3 8 20 19 22 28 16 3 5 167 6 201 21 175 2 9 68 29 59 2 2 119 17 91 3 8 128 10 108 24 99 2 6 92 11 116 2 17 137 20 124 2 9 14 26 17 2 9 51 29 70 3 12 61 21 49 28 58 2 17 116 20 126 2 13 86 24 89 3 21 127 26 111 27 121 2 14 149 28 179 2 15 121 28 99 2 16 104 18 136 2 4 83 19 97 2 1 168 20 146 3 8 23 19 19 28 19 2 8 69 22 69 3 4 118 7 121 23 111 2 25 21 28 22 1 6 61 2 1 78 29 83 3 1 108 19 124 28 95 2 15 76 30 105
36 3 8 96 10 108 24 99 2 1 6 16 5 2 15 119 28 90 2 2 114 17 84 3 3 91 17 119 18 104 3 8 99 10 123 24 111 2 3 45 4 49 3 5 91 12 104 25 95 1 6 56 2 7 83 8 70 3 8 17 19 18 28 17 3 12 55 21 52 28 50 2 9 54 29 58 2 6 109 11 100 3 21 127 26 105 27 106 2 13 69 24 97 3 4 135 7 112 23 109 3 8 114 10 123 24 103 2 9 14 26 17 2 14 197 28 167 2 16 124 18 139 3 4 134 7 137 23 107 2 17 128 20 100 2 15 119 28 96 2 25 18 28 21 2 16 132 18 130 2 3 131 18 127 2 4 100 19 80 2 1 182 20 146 3 5 195 6 154 21 208 2 8 63 22 72 2 5 177 24 189 2 7 63 8 85 3 1 113 19 108 28 126 2 1 78 29 77 2 15 103 30 112
DUE_DATES: 3604 3604 3596 3596 3596 3684 3684 3684 3631 3631 3557 3557 3557 3374 3495 3689 3617 3617 3608 3608 3608 3465 3615 3615 3778 3555 3512 3512 3646 3646 3632 3632 3632 3207 3749 3560 3523 3578 3727 3366 3592 3592 3592 3420 3593 3278 3726 3743 3743 3722
WEIGHTS: 3 3 2 3 3 3 1 3 1 2 1 1 1 3 1 3 3 1 1 1 2 3 3 1 2 3 3 3 2 1 3 1 1 3 1 1 1 2 3 1 2 1 2 2 3 3 3 3 2 2
