50 30
33 3 1 43 11 54 29 44 2 1 24 2 26 2 7 176 8 129 2 1 102 3 94 2 7 167 8 134 1 24 72 3 1 217 4 176 5 214 3 1 86 14 93 21 86 2 20 83 26 84 3 1 51 11 50 29 49 2 21 30 27 25 3 8 144 12 179 28 198 3 1 105 5 127 30 130 3 6 30 28 27 29 29 2 7 72 22 93 2 17 18 23 17 2 11 15 26 14 3 9 33 10 34 11 35 2 10 77 23 73 3 12 80 29 104 30 99 3 7 77 13 65 16 55 3 4 160 14 167 21 130 2 15 207 23 224 3 16 144 18 154 25 138 3 12 60 18 62 26 71 2 19 143 20 193 3 5 66 26 69 29 89 3 4 124 20 143 29 184 2 22 160 30 175 3 12 46 24 40 25 45 2 1 19 2 22 2 8 70 23 75 3 11 94 19 86 30 87
38 3 1 51 11 54 29 51 2 1 26 2 23 2 1 107 3 101 3 1 205 4 161 5 154 3 1 103 5 114 30 126 3 1 189 4 196 5 194 3 4 164 20 129 29 156 2 20 75 26 104 3 6 37 28 37 29 33 3 1 122 5 127 30 97 2 7 65 22 89 3 7 62 13 64 16 56 2 7 124 8 175 3 9 34 10 34 11 37 1 24 79 3 12 75 18 66 26 72 3 4 139 14 143 21 147 2 10 98 23 98 2 11 13 26 13 3 4 139 20 146 29 154 2 19 187 20 187 3 12 71 29 90 30 99 2 15 224 23 202 3 1 47 11 54 29 42 3 8 187 12 142 28 144 2 21 29 27 27 3 12 43 24 53 25 47 3 16 122 18 160 25 126 2 17 20 23 18 3 1 49 11 47 29 47 3 1 105 14 81 21 115 2 22 206 30 219 2 19 154 20 139 3 5 63 26 62 29 78 3 9 33 10 32 11 31 2 8 88 23 80 3 1 216 4 193 5 205 3 11 110 19 82 30 85
36 3 1 193 4 158 5 187 3 1 54 11 54 29 41 2 1 20 2 27 2 1 96 3 104 3 4 163 14 117 21 166 3 1 133 5 115 30 124 3 11 95 19 87 30 96 3 6 30 28 35 29 35 2 7 87 22 71 2 7 126 8 144 2 10 92 23 74 3 9 25 10 33 11 36 2 11 16 26 17 3 12 83 29 95 30 73 3 1 121 5 119 30 100 3 7 78 13 55 16 75 2 15 221 23 157 3 16 149 18 130 25 154 3 4 180 20 153 29 170 2 8 62 23 87 3 1 101 5 99 30 111 3 1 101 14 115 21 111 2 8 61 23 77 2 22 194 30 199 2 17 16 23 14 3 11 83 19 104 30 90 3 12 73 18 71 26 65 2 8 91 23 79 2 19 152 20 162 1 24 74 3 12 49 24 54 25 38 2 19 201 20 187 2 20 78 26 106 2 21 32 27 35 3 8 199 12 203 28 177 3 5 81 26 87 29 72
36 3 1 193 4 158 5 187 3 1 54 11 54 29 41 2 1 20 2 27 2 1 96 3 104 3 4 163 14 117 21 166 3 1 133 5 115 30 124 3 11 95 19 87 30 96 3 6 30 28 35 29 35 2 7 87 22 71 2 7 126 8 144 2 10 92 23 74 3 9 25 10 33 11 36 2 11 16 26 17 3 12 83 29 95 30 73 3 1 121 5 119 30 100 3 7 78 13 55 16 75 2 15 221 23 157 3 16 149 18 130 25 154 3 4 180 20 153 29 170 2 8 62 23 87 3 1 101 5 99 30 111 3 1 101 14 115 21 111 2 8 61 23 77 2 22 194 30 199 2 17 16 23 14 3 11 83 19 104 30 90 3 12 73 18 71 26 65 2 8 91 23 79 2 19 152 20 162 1 24 74 3 12 49 24 54 25 38 2 19 201 20 187 2 20 78 26 106 2 21 32 27 35 3 8 199 12 203 28 177 3 5 81 26 87 29 72
36 3 1 193 4 158 5 187 3 1 54 11 54 29 41 2 1 20 2 27 2 1 96 3 104 3 4 163 14 117 21 166 3 1 133 5 115 30 124 3 11 95 19 87 30 96 3 6 30 28 35 29 35 2 7 87 22 71 2 7 126 8 144 2 10 92 23 74 3 9 25 10 33 11 36 2 11 16 26 17 3 12 83 29 95 30 73 3 1 121 5 119 30 100 3 7 78 13 55 16 75 2 15 221 23 157 3 16 149 18 130 25 154 3 4 180 20 153 29 170 2 8 62 23 87 3 1 101 5 99 30 111 3 1 101 14 115 21 111 2 8 61 23 77 2 22 194 30 199 2 17 16 23 14 3 11 83 19 104 30 90 3 12 73 18 71 26 65 2 8 91 23 79 2 19 152 20 162 1 24 74 3 12 49 24 54 25 38 2 19 201 20 187 2 20 78 26 106 2 21 32 27 35 3 8 199 12 203 28 177 3 5 81 26 87 29 72
36 3 4 147 14 117 21 156 3 1 44 11 45 29 56 2 1 26 2 23 2 1 128 3 128 3 1 201 4 194 5 216 3 1 124 5 114 30 133 3 4 164 20 140 29 174 3 6 33 28 36 29 27 3 1 48 11 41 29 41 2 7 86 22 97 2 19 189 20 157 3 1 193 4 193 5 202 2 17 14 23 18 3 1 119 5 124 30 100 3 9 32 10 29 11 27 2 7 165 8 155 2 15 176 23 158 2 10 71 23 81 3 6 38 28 38 29 26 2 11 15 26 15 3 12 79 29 74 30 94 3 7 66 13 66 16 57 3 16 135 18 159 25 113 2 21 30 27 27 3 12 62 18 54 26 58 2 21 29 27 29 3 12 40 24 41 25 52 3 1 83 14 103 21 106 2 8 80 23 76 1 24 75 2 22 172 30 208 3 12 87 29 102 30 72 2 20 77 26 76 3 5 73 26 62 29 67 3 11 91 19 108 30 103 3 8 174 12 174 28 174
36 3 4 147 14 117 21 156 3 1 44 11 45 29 56 2 1 26 2 23 2 1 128 3 128 3 1 201 4 194 5 216 3 1 124 5 114 30 133 3 4 164 20 140 29 174 3 6 33 28 36 29 27 3 1 48 11 41 29 41 2 7 86 22 97 2 19 189 20 157 3 1 193 4 193 5 202 2 17 14 23 18 3 1 119 5 124 30 100 3 9 32 10 29 11 27 2 7 165 8 155 2 15 176 23 158 2 10 71 23 81 3 6 38 28 38 29 26 2 11 15 26 15 3 12 79 29 74 30 94 3 7 66 13 66 16 57 3 16 135 18 159 25 113 2 21 30 27 27 3 12 62 18 54 26 58 2 21 29 27 29 3 12 40 24 41 25 52 3 1 83 14 103 21 106 2 8 80 23 76 1 24 75 2 22 172 30 208 3 12 87 29 102 30 72 2 20 77 26 76 3 5 73 26 62 29 67 3 11 91 19 108 30 103 3 8 174 12 174 28 174
38 2 19 177 20 157 3 1 54 11 43 29 52 2 19 177 20 204 2 7 69 22 75 2 1 25 2 24 2 1 120 3 109 3 5 61 26 66 29 66 2 20 77 26 78 2 1 24 2 23 3 11 105 19 91 30 77 3 12 87 29 101 30 73 3 1 123 5 128 30 124 3 6 26 28 29 29 26 3 1 220 4 164 5 198 3 6 32 28 35 29 36 2 22 175 30 223 2 20 79 26 87 3 12 61 18 54 26 72 2 7 169 8 132 3 9 36 10 27 11 34 2 10 82 23 101 2 11 17 26 13 3 6 34 28 37 29 37 3 7 64 13 63 16 60 3 4 137 14 161 21 155 2 8 86 23 85 2 1 27 2 21 2 15 156 23 214 3 12 75 29 77 30 79 3 16 110 18 150 25 139 2 17 19 23 15 3 8 181 12 188 28 188 3 4 175 20 151 29 132 3 1 88 14 97 21 91 3 12 42 24 46 25 49 2 15 194 23 195 2 21 34 27 32 1 24 67
38 2 19 177 20 157 3 1 54 11 43 29 52 2 19 177 20 204 2 7 69 22 75 2 1 25 2 24 2 1 120 3 109 3 5 61 26 66 29 66 2 20 77 26 78 2 1 24 2 23 3 11 105 19 91 30 77 3 12 87 29 101 30 73 3 1 123 5 128 30 124 3 6 26 28 29 29 26 3 1 220 4 164 5 198 3 6 32 28 35 29 36 2 22 175 30 223 2 20 79 26 87 3 12 61 18 54 26 72 2 7 169 8 132 3 9 36 10 27 11 34 2 10 82 23 101 2 11 17 26 13 3 6 34 28 37 29 37 3 7 64 13 63 16 60 3 4 137 14 161 21 155 2 8 86 23 85 2 1 27 2 21 2 15 156 23 214 3 12 75 29 77 30 79 3 16 110 18 150 25 139 2 17 19 23 15 3 8 181 12 188 28 188 3 4 175 20 151 29 132 3 1 88 14 97 21 91 3 12 42 24 46 25 49 2 15 194 23 195 2 21 34 27 32 1 24 67
36 3 1 43 11 55 29 50 2 1 28 2 20 2 1 94 3 94 3 1 215 4 154 5 211 2 1 97 3 128 3 1 123 5 128 30 135 3 12 60 18 72 26 65 3 6 31 28 37 29 27 2 7 71 22 86 3 12 44 24 42 25 50 3 16 129 18 116 25 121 2 10 73 23 79 2 1 22 2 21 2 20 75 26 102 2 7 147 8 176 3 9 29 10 34 11 26 3 16 141 18 137 25 134 3 1 104 14 117 21 108 2 11 17 26 13 3 12 84 29 95 30 90 3 7 74 13 59 16 54 3 4 133 14 122 21 135 2 7 83 22 71 2 15 210 23 199 2 1 110 3 109 2 17 14 23 17 2 19 156 20 182 2 7 143 8 155 3 4 125 20 185 29 171 2 22 221 30 180 2 8 84 23 83 1 24 75 2 21 28 27 34 3 8 207 12 161 28 163 3 5 76 26 69 29 63 3 11 86 19 92 30 106
36 3 1 43 11 55 29 50 2 1 28 2 20 2 1 94 3 94 3 1 215 4 154 5 211 2 1 97 3 128 3 1 123 5 128 30 135 3 12 60 18 72 26 65 3 6 31 28 37 29 27 2 7 71 22 86 3 12 44 24 42 25 50 3 16 129 18 116 25 121 2 10 73 23 79 2 1 22 2 21 2 20 75 26 102 2 7 147 8 176 3 9 29 10 34 11 26 3 16 141 18 137 25 134 3 1 104 14 117 21 108 2 11 17 26 13 3 12 84 29 95 30 90 3 7 74 13 59 16 54 3 4 133 14 122 21 135 2 7 83 22 71 2 15 210 23 199 2 1 110 3 109 2 17 14 23 17 2 19 156 20 182 2 7 143 8 155 3 4 125 20 185 29 171 2 22 221 30 180 2 8 84 23 83 1 24 75 2 21 28 27 34 3 8 207 12 161 28 163 3 5 76 26 69 29 63 3 11 86 19 92 30 106
36 3 1 43 11 55 29 50 2 1 28 2 20 2 1 94 3 94 3 1 215 4 154 5 211 2 1 97 3 128 3 1 123 5 128 30 135 3 12 60 18 72 26 65 3 6 31 28 37 29 27 2 7 71 22 86 3 12 44 24 42 25 50 3 16 129 18 116 25 121 2 10 73 23 79 2 1 22 2 21 2 20 75 26 102 2 7 147 8 176 3 9 29 10 34 11 26 3 16 141 18 137 25 134 3 1 104 14 117 21 108 2 11 17 26 13 3 12 84 29 95 30 90 3 7 74 13 59 16 54 3 4 133 14 122 21 135 2 7 83 22 71 2 15 210 23 199 2 1 110 3 109 2 17 14 23 17 2 19 156 20 182 2 7 143 8 155 3 4 125 20 185 29 171 2 22 221 30 180 2 8 84 23 83 1 24 75 2 21 28 27 34 3 8 207 12 161 28 163 3 5 76 26 69 29 63 3 11 86 19 92 30 106
33 3 1 42 11 48 29 47 2 1 26 2 22 2 1 90 3 112 3 8 163 12 176 28 207 2 8 61 23 88 3 1 213 4 219 5 218 3 5 76 26 75 29 65 3 1 155 4 165 5 213 2 20 108 26 78 3 4 185 20 137 29 146 3 1 97 5 119 30 119 3 6 32 28 34 29 35 2 7 72 22 79 2 7 128 8 156 3 8 164 12 163 28 191 3 9 36 10 36 11 28 2 10 82 23 87 2 11 17 26 15 3 12 100 29 104 30 85 3 16 158 18 116 25 151 3 7 71 13 58 16 62 2 7 84 22 68 2 19 166 20 176 3 4 139 14 168 21 139 3 11 95 19 75 30 89 2 15 165 23 162 2 17 14 23 14 3 12 68 18 59 26 62 3 1 97 14 81 21 102 3 12 43 24 52 25 48 2 22 205 30 202 1 24 88 2 21 28 27 29
33 3 1 42 11 48 29 47 2 1 26 2 22 2 1 90 3 112 3 8 163 12 176 28 207 2 8 61 23 88 3 1 213 4 219 5 218 3 5 76 26 75 29 65 3 1 155 4 165 5 213 2 20 108 26 78 3 4 185 20 137 29 146 3 1 97 5 119 30 119 3 6 32 28 34 29 35 2 7 72 22 79 2 7 128 8 156 3 8 164 12 163 28 191 3 9 36 10 36 11 28 2 10 82 23 87 2 11 17 26 15 3 12 100 29 104 30 85 3 16 158 18 116 25 151 3 7 71 13 58 16 62 2 7 84 22 68 2 19 166 20 176 3 4 139 14 168 21 139 3 11 95 19 75 30 89 2 15 165 23 162 2 17 14 23 14 3 12 68 18 59 26 62 3 1 97 14 81 21 102 3 12 43 24 52 25 48 2 22 205 30 202 1 24 88 2 21 28 27 29
33 3 1 42 11 48 29 47 2 1 26 2 22 2 1 90 3 112 3 8 163 12 176 28 207 2 8 61 23 88 3 1 213 4 219 5 218 3 5 76 26 75 29 65 3 1 155 4 165 5 213 2 20 108 26 78 3 4 185 20 137 29 146 3 1 97 5 119 30 119 3 6 32 28 34 29 35 2 7 72 22 79 2 7 128 8 156 3 8 164 12 163 28 191 3 9 36 10 36 11 28 2 10 82 23 87 2 11 17 26 15 3 12 100 29 104 30 85 3 16 158 18 116 25 151 3 7 71 13 58 16 62 2 7 84 22 68 2 19 166 20 176 3 4 139 14 168 21 139 3 11 95 19 75 30 89 2 15 165 23 162 2 17 14 23 14 3 12 68 18 59 26 62 3 1 97 14 81 21 102 3 12 43 24 52 25 48 2 22 205 30 202 1 24 88 2 21 28 27 29
34 2 22 155 30 184 3 1 45 11 49 29 43 2 1 27 2 27 2 1 113 3 115 3 1 203 4 175 5 152 2 11 14 26 14 3 1 49 11 53 29 38 3 7 55 13 69 16 52 2 20 89 26 83 3 1 120 5 114 30 102 3 6 36 28 27 29 37 2 1 100 3 116 2 7 70 22 78 3 9 31 10 37 11 31 2 7 171 8 145 3 4 133 20 145 29 134 2 10 70 23 82 2 21 32 27 32 2 7 168 8 118 3 12 81 29 97 30 84 3 4 118 14 162 21 128 2 17 19 23 16 2 15 168 23 196 2 19 154 20 145 3 16 113 18 123 25 136 3 1 118 14 98 21 88 3 11 110 19 84 30 103 2 11 14 26 14 3 8 142 12 180 28 166 3 12 60 18 64 26 73 2 8 62 23 80 1 24 90 3 12 54 24 52 25 52 3 5 72 26 70 29 90
37 3 6 34 28 26 29 32 3 1 43 11 52 29 53 2 1 20 2 26 3 1 44 11 39 29 54 2 1 113 3 123 3 1 44 11 55 29 49 3 1 182 4 196 5 196 3 1 109 5 93 30 133 2 7 83 22 97 2 7 136 8 152 3 1 89 14 114 21 112 3 9 38 10 33 11 28 2 10 84 23 97 3 6 38 28 36 29 30 3 12 72 18 76 26 68 2 11 16 26 14 3 12 86 29 82 30 83 2 17 17 23 20 3 12 53 24 43 25 45 2 19 203 20 164 3 7 60 13 75 16 54 2 20 98 26 103 3 4 155 14 143 21 123 2 21 28 27 31 3 16 127 18 118 25 131 2 19 153 20 197 2 15 174 23 153 2 7 75 22 67 3 4 134 20 156 29 159 3 7 52 13 62 16 62 2 22 204 30 209 3 11 88 19 103 30 85 3 5 64 26 86 29 68 2 7 153 8 128 2 8 84 23 83 1 24 76 3 8 206 12 142 28 140
33 3 1 42 11 37 29 45 2 1 27 2 22 2 7 175 8 118 2 1 90 3 125 2 7 173 8 136 1 24 68 3 1 214 4 153 5 201 3 1 117 14 80 21 94 2 20 91 26 94 3 1 45 11 55 29 48 2 21 33 27 32 3 8 164 12 180 28 176 3 1 120 5 97 30 117 3 6 34 28 34 29 31 2 7 74 22 97 2 17 16 23 18 2 11 14 26 15 3 9 35 10 33 11 31 2 10 102 23 100 3 12 94 29 86 30 75 3 7 53 13 61 16 58 3 4 160 14 125 21 118 2 15 211 23 189 3 16 132 18 153 25 120 3 12 58 18 52 26 67 2 19 171 20 205 3 5 75 26 70 29 80 3 4 147 20 131 29 125 2 22 182 30 193 3 12 40 24 41 25 48 2 1 22 2 24 2 8 73 23 69 3 11 80 19 91 30 107
34 3 1 47 11 54 29 54 2 1 24 2 22 3 12 51 24 54 25 39 3 1 86 14 113 21 116 2 1 120 3 113 3 1 204 4 169 5 198 3 1 37 11 51 29 53 3 1 102 5 127 30 94 3 6 32 28 26 29 35 2 1 94 3 106 2 7 75 22 79 2 17 18 23 19 3 1 101 14 96 21 85 2 7 135 8 135 3 9 35 10 36 11 29 2 10 70 23 85 2 11 17 26 14 3 12 90 29 85 30 94 3 5 73 26 67 29 75 3 7 75 13 77 16 55 3 4 159 14 119 21 131 2 22 156 30 198 2 15 217 23 198 3 16 114 18 122 25 152 3 12 64 18 67 26 68 2 19 151 20 195 3 11 104 19 81 30 79 3 4 151 20 174 29 168 3 8 159 12 181 28 202 3 5 70 26 82 29 86 2 8 82 23 83 1 24 79 2 20 93 26 89 2 21 30 27 29
38 3 1 42 11 42 29 41 2 1 22 2 22 2 1 126 3 101 3 1 184 4 185 5 158 3 1 127 5 99 30 136 3 1 195 4 153 5 191 3 4 184 20 143 29 147 2 20 102 26 92 3 6 33 28 38 29 39 3 1 107 5 123 30 97 2 7 87 22 67 3 7 57 13 59 16 79 2 7 137 8 125 3 9 31 10 30 11 35 1 24 72 3 12 75 18 68 26 71 3 4 119 14 156 21 135 2 10 105 23 103 2 11 15 26 13 3 4 138 20 156 29 181 2 19 194 20 182 3 12 83 29 73 30 100 2 15 208 23 156 3 1 42 11 38 29 47 3 8 154 12 176 28 158 2 21 27 27 29 3 12 56 24 42 25 40 3 16 151 18 111 25 151 2 17 18 23 15 3 1 45 11 52 29 44 3 1 89 14 101 21 105 2 22 187 30 211 2 19 171 20 158 3 5 83 26 72 29 78 3 9 31 10 26 11 37 2 8 69 23 71 3 1 197 4 155 5 186 3 11 93 19 93 30 93
33 3 1 55 11 40 29 47 2 1 19 2 24 2 1 88 3 95 3 8 159 12 181 28 150 2 8 73 23 67 3 1 213 4 188 5 200 3 5 71 26 81 29 83 3 1 178 4 158 5 191 2 20 86 26 82 3 4 160 20 153 29 136 3 1 135 5 115 30 113 3 6 28 28 28 29 33 2 7 66 22 89 2 7 151 8 176 3 8 175 12 155 28 156 3 9 32 10 37 11 33 2 10 103 23 71 2 11 16 26 17 3 12 72 29 98 30 76 3 16 140 18 135 25 127 3 7 77 13 67 16 73 2 7 67 22 91 2 19 173 20 139 3 4 140 14 137 21 118 3 11 88 19 109 30 80 2 15 200 23 212 2 17 14 23 18 3 12 74 18 59 26 68 3 1 94 14 109 21 97 3 12 54 24 56 25 46 2 22 193 30 212 1 24 81 2 21 32 27 30
33 3 1 55 11 40 29 47 2 1 19 2 24 2 1 88 3 95 3 8 159 12 181 28 150 2 8 73 23 67 3 1 213 4 188 5 200 3 5 71 26 81 29 83 3 1 178 4 158 5 191 2 20 86 26 82 3 4 160 20 153 29 136 3 1 135 5 115 30 113 3 6 28 28 28 29 33 2 7 66 22 89 2 7 151 8 176 3 8 175 12 155 28 156 3 9 32 10 37 11 33 2 10 103 23 71 2 11 16 26 17 3 12 72 29 98 30 76 3 16 140 18 135 25 127 3 7 77 13 67 16 73 2 7 67 22 91 2 19 173 20 139 3 4 140 14 137 21 118 3 11 88 19 109 30 80 2 15 200 23 212 2 17 14 23 18 3 12 74 18 59 26 68 3 1 94 14 109 21 97 3 12 54 24 56 25 46 2 22 193 30 212 1 24 81 2 21 32 27 30
34 2 22 177 30 206 3 1 46 11 52 29 55 2 1 28 2 27 2 1 110 3 131 3 1 161 4 189 5 210 2 11 13 26 18 3 1 39 11 54 29 50 3 7 68 13 67 16 66 2 20 108 26 74 3 1 117 5 92 30 98 3 6 39 28 34 29 36 2 1 126 3 94 2 7 75 22 82 3 9 35 10 26 11 33 2 7 134 8 143 3 4 152 20 173 29 156 2 10 89 23 90 2 21 26 27 33 2 7 122 8 119 3 12 103 29 78 30 91 3 4 156 14 121 21 120 2 17 18 23 14 2 15 213 23 214 2 19 200 20 151 3 16 141 18 127 25 143 3 1 91 14 79 21 106 3 11 96 19 85 30 107 2 11 15 26 18 3 8 152 12 202 28 177 3 12 60 18 54 26 57 2 8 65 23 81 1 24 86 3 12 56 24 55 25 53 3 5 70 26 89 29 80
33 3 1 47 11 43 29 44 2 1 22 2 20 2 1 98 3 90 3 8 189 12 143 28 140 2 8 85 23 82 3 1 179 4 173 5 161 3 5 74 26 70 29 81 3 1 211 4 214 5 172 2 20 73 26 87 3 4 166 20 143 29 165 3 1 106 5 136 30 134 3 6 30 28 37 29 37 2 7 71 22 70 2 7 140 8 137 3 8 142 12 172 28 160 3 9 29 10 35 11 35 2 10 78 23 87 2 11 15 26 16 3 12 88 29 76 30 93 3 16 135 18 121 25 125 3 7 59 13 61 16 62 2 7 78 22 85 2 19 162 20 189 3 4 163 14 133 21 161 3 11 83 19 90 30 90 2 15 172 23 215 2 17 18 23 20 3 12 66 18 67 26 56 3 1 116 14 97 21 112 3 12 57 24 55 25 45 2 22 161 30 181 1 24 65 2 21 29 27 30
38 3 1 46 11 45 29 38 2 1 22 2 22 2 1 131 3 93 3 1 42 11 39 29 44 3 1 190 4 155 5 162 2 1 28 2 22 3 12 72 29 75 30 102 3 1 107 5 113 30 130 3 1 55 11 55 29 39 3 6 26 28 30 29 30 3 1 162 4 210 5 187 2 11 18 26 18 3 4 136 20 162 29 163 2 10 99 23 80 3 9 26 10 35 11 26 2 7 76 22 71 2 7 170 8 171 3 7 74 13 77 16 78 3 4 125 14 142 21 132 2 15 169 23 224 3 16 133 18 139 25 138 2 17 18 23 16 3 12 58 18 56 26 72 3 1 39 11 49 29 52 2 19 177 20 138 3 1 82 14 94 21 111 2 22 151 30 201 1 24 66 3 11 110 19 82 30 107 3 12 64 18 62 26 75 3 8 198 12 141 28 152 2 8 85 23 75 2 7 96 22 84 3 12 42 24 39 25 50 2 20 76 26 93 2 15 204 23 183 2 21 32 27 25 3 5 81 26 81 29 91
34 3 1 38 11 38 29 53 2 1 28 2 26 3 12 48 24 46 25 53 3 1 83 14 113 21 92 2 1 97 3 109 3 1 170 4 170 5 174 3 1 50 11 43 29 51 3 1 95 5 97 30 132 3 6 30 28 29 29 27 2 1 124 3 125 2 7 78 22 78 2 17 14 23 19 3 1 100 14 90 21 111 2 7 175 8 173 3 9 34 10 25 11 35 2 10 87 23 88 2 11 16 26 17 3 12 76 29 87 30 73 3 5 77 26 81 29 69 3 7 57 13 67 16 69 3 4 161 14 124 21 126 2 22 192 30 162 2 15 213 23 210 3 16 110 18 150 25 150 3 12 71 18 71 26 76 2 19 159 20 150 3 11 97 19 88 30 103 3 4 159 20 138 29 163 3 8 180 12 205 28 159 3 5 83 26 83 29 80 2 8 69 23 64 1 24 72 2 20 96 26 105 2 21 30 27 29
34 3 1 38 11 38 29 53 2 1 28 2 26 3 12 48 24 46 25 53 3 1 83 14 113 21 92 2 1 97 3 109 3 1 170 4 170 5 174 3 1 50 11 43 29 51 3 1 95 5 97 30 132 3 6 30 28 29 29 27 2 1 124 3 125 2 7 78 22 78 2 17 14 23 19 3 1 100 14 90 21 111 2 7 175 8 173 3 9 34 10 25 11 35 2 10 87 23 88 2 11 16 26 17 3 12 76 29 87 30 73 3 5 77 26 81 29 69 3 7 57 13 67 16 69 3 4 161 14 124 21 126 2 22 192 30 162 2 15 213 23 210 3 16 110 18 150 25 150 3 12 71 18 71 26 76 2 19 159 20 150 3 11 97 19 88 30 103 3 4 159 20 138 29 163 3 8 180 12 205 28 159 3 5 83 26 83 29 80 2 8 69 23 64 1 24 72 2 20 96 26 105 2 21 30 27 29
34 2 22 198 30 209 3 1 55 11 56 29 49 2 1 26 2 22 2 1 102 3 105 3 1 167 4 177 5 186 2 11 14 26 12 3 1 55 11 49 29 40 3 7 78 13 64 16 60 2 20 90 26 99 3 1 110 5 128 30 125 3 6 34 28 30 29 34 2 1 90 3 95 2 7 72 22 72 3 9 34 10 29 11 30 2 7 133 8 149 3 4 127 20 159 29 182 2 10 104 23 76 2 21 29 27 26 2 7 144 8 173 3 12 85 29 83 30 91 3 4 118 14 131 21 146 2 17 16 23 17 2 15 182 23 230 2 19 197 20 184 3 16 115 18 155 25 109 3 1 79 14 113 21 115 3 11 94 19 86 30 74 2 11 18 26 17 3 8 174 12 203 28 181 3 12 71 18 63 26 52 2 8 76 23 77 1 24 82 3 12 46 24 47 25 46 3 5 89 26 61 29 76
38 3 1 38 11 45 29 45 2 1 19 2 24 2 1 92 3 112 3 1 218 4 194 5 174 3 1 98 5 93 30 103 3 1 150 4 180 5 204 3 4 183 20 176 29 183 2 20 98 26 79 3 6 31 28 34 29 38 3 1 126 5 122 30 104 2 7 86 22 76 3 7 66 13 66 16 58 2 7 156 8 131 3 9 29 10 27 11 36 1 24 74 3 12 53 18 53 26 75 3 4 135 14 141 21 165 2 10 72 23 86 2 11 19 26 14 3 4 142 20 156 29 185 2 19 182 20 170 3 12 75 29 77 30 72 2 15 211 23 193 3 1 48 11 38 29 47 3 8 170 12 163 28 160 2 21 25 27 28 3 12 45 24 44 25 51 3 16 113 18 135 25 138 2 17 14 23 14 3 1 50 11 53 29 46 3 1 81 14 98 21 84 2 22 215 30 212 2 19 196 20 178 3 5 86 26 65 29 90 3 9 33 10 30 11 29 2 8 68 23 69 3 1 152 4 194 5 181 3 11 98 19 86 30 93
38 3 1 38 11 45 29 45 2 1 19 2 24 2 1 92 3 112 3 1 218 4 194 5 174 3 1 98 5 93 30 103 3 1 150 4 180 5 204 3 4 183 20 176 29 183 2 20 98 26 79 3 6 31 28 34 29 38 3 1 126 5 122 30 104 2 7 86 22 76 3 7 66 13 66 16 58 2 7 156 8 131 3 9 29 10 27 11 36 1 24 74 3 12 53 18 53 26 75 3 4 135 14 141 21 165 2 10 72 23 86 2 11 19 26 14 3 4 142 20 156 29 185 2 19 182 20 170 3 12 75 29 77 30 72 2 15 211 23 193 3 1 48 11 38 29 47 3 8 170 12 163 28 160 2 21 25 27 28 3 12 45 24 44 25 51 3 16 113 18 135 25 138 2 17 14 23 14 3 1 50 11 53 29 46 3 1 81 14 98 21 84 2 22 215 30 212 2 19 196 20 178 3 5 86 26 65 29 90 3 9 33 10 30 11 29 2 8 68 23 69 3 1 152 4 194 5 181 3 11 98 19 86 30 93
38 3 1 38 11 45 29 45 2 1 19 2 24 2 1 92 3 112 3 1 218 4 194 5 174 3 1 98 5 93 30 103 3 1 150 4 180 5 204 3 4 183 20 176 29 183 2 20 98 26 79 3 6 31 28 34 29 38 3 1 126 5 122 30 104 2 7 86 22 76 3 7 66 13 66 16 58 2 7 156 8 131 3 9 29 10 27 11 36 1 24 74 3 12 53 18 53 26 75 3 4 135 14 141 21 165 2 10 72 23 86 2 11 19 26 14 3 4 142 20 156 29 185 2 19 182 20 170 3 12 75 29 77 30 72 2 15 211 23 193 3 1 48 11 38 29 47 3 8 170 12 163 28 160 2 21 25 27 28 3 12 45 24 44 25 51 3 16 113 18 135 25 138 2 17 14 23 14 3 1 50 11 53 29 46 3 1 81 14 98 21 84 2 22 215 30 212 2 19 196 20 178 3 5 86 26 65 29 90 3 9 33 10 30 11 29 2 8 68 23 69 3 1 152 4 194 5 181 3 11 98 19 86 30 93
38 2 19 178 20 150 3 1 53 11 48 29 50 2 19 146 20 145 2 7 79 22 86 2 1 19 2 19 2 1 119 3 113 3 5 67 26 81 29 79 2 20 87 26 105 2 1 25 2 26 3 11 103 19 97 30 100 3 12 93 29 95 30 79 3 1 125 5 95 30 123 3 6 26 28 28 29 33 3 1 158 4 180 5 156 3 6 37 28 32 29 27 2 22 205 30 164 2 20 87 26 100 3 12 54 18 57 26 64 2 7 136 8 151 3 9 35 10 26 11 30 2 10 76 23 85 2 11 18 26 17 3 6 39 28 31 29 30 3 7 54 13 65 16 67 3 4 132 14 152 21 142 2 8 60 23 65 2 1 23 2 28 2 15 187 23 192 3 12 81 29 84 30 96 3 16 158 18 110 25 120 2 17 15 23 14 3 8 161 12 205 28 165 3 4 152 20 126 29 184 3 1 101 14 116 21 84 3 12 56 24 42 25 40 2 15 194 23 226 2 21 31 27 32 1 24 91
36 3 1 41 11 55 29 51 2 1 28 2 21 2 1 123 3 95 3 1 153 4 183 5 180 2 1 113 3 119 3 1 97 5 104 30 137 3 12 65 18 58 26 72 3 6 27 28 28 29 27 2 7 96 22 68 3 12 48 24 56 25 46 3 16 135 18 131 25 157 2 10 105 23 88 2 1 23 2 25 2 20 102 26 74 2 7 159 8 121 3 9 37 10 31 11 29 3 16 133 18 159 25 131 3 1 112 14 108 21 110 2 11 14 26 16 3 12 104 29 77 30 105 3 7 68 13 65 16 60 3 4 148 14 124 21 154 2 7 78 22 78 2 15 167 23 156 2 1 90 3 130 2 17 15 23 19 2 19 195 20 181 2 7 135 8 159 3 4 133 20 163 29 173 2 22 194 30 214 2 8 86 23 87 1 24 82 2 21 35 27 25 3 8 149 12 178 28 180 3 5 63 26 76 29 84 3 11 98 19 81 30 82
36 3 9 26 10 26 11 29 3 1 52 11 50 29 49 2 1 25 2 19 3 9 27 10 33 11 33 2 1 105 3 113 1 24 68 3 1 218 4 173 5 187 2 19 154 20 150 1 24 90 3 8 162 12 185 28 201 3 11 104 19 87 30 82 3 1 46 11 45 29 53 3 4 151 20 146 29 163 2 15 224 23 158 3 12 97 29 73 30 89 2 21 28 27 28 3 1 129 5 112 30 132 3 1 43 11 55 29 48 3 6 27 28 31 29 30 2 7 83 22 76 2 7 130 8 124 2 10 96 23 91 2 11 14 26 15 3 7 52 13 59 16 69 3 4 169 14 152 21 158 3 16 150 18 141 25 121 3 5 88 26 76 29 65 2 8 87 23 84 2 17 17 23 18 3 12 62 18 63 26 71 1 24 89 3 1 104 14 110 21 82 2 22 204 30 218 3 6 29 28 38 29 28 3 12 42 24 41 25 44 2 20 75 26 103
34 3 1 43 11 49 29 41 2 1 24 2 26 2 1 110 3 102 3 1 205 4 170 5 152 3 7 70 13 54 16 68 3 1 108 5 127 30 119 3 1 203 4 202 5 181 2 17 15 23 16 3 6 27 28 39 29 27 2 7 68 22 91 2 7 152 8 131 3 9 27 10 34 11 32 2 10 104 23 71 2 19 137 20 159 2 11 15 26 18 3 12 70 29 98 30 75 3 4 144 14 149 21 157 2 15 222 23 201 3 4 142 20 170 29 150 3 1 97 14 95 21 115 3 16 116 18 149 25 127 3 12 69 18 67 26 64 2 22 197 30 218 2 8 86 23 84 2 1 28 2 27 1 24 95 3 12 39 24 43 25 46 3 11 88 19 95 30 103 2 20 81 26 105 2 19 168 20 187 2 21 24 27 31 3 8 168 12 172 28 150 3 12 53 24 53 25 48 3 5 87 26 82 29 64
38 3 1 49 11 45 29 45 2 1 24 2 21 2 1 109 3 129 3 1 43 11 41 29 52 3 1 210 4 177 5 163 2 1 23 2 19 3 12 85 29 101 30 74 3 1 128 5 119 30 95 3 1 41 11 42 29 48 3 6 30 28 38 29 27 3 1 201 4 163 5 191 2 11 18 26 17 3 4 177 20 185 29 170 2 10 93 23 97 3 9 31 10 33 11 26 2 7 93 22 84 2 7 177 8 151 3 7 58 13 65 16 53 3 4 130 14 144 21 143 2 15 205 23 186 3 16 154 18 123 25 141 2 17 20 23 14 3 12 69 18 53 26 53 3 1 52 11 49 29 52 2 19 202 20 167 3 1 102 14 98 21 116 2 22 174 30 211 1 24 79 3 11 95 19 95 30 96 3 12 54 18 55 26 66 3 8 159 12 202 28 202 2 8 70 23 66 2 7 95 22 70 3 12 45 24 43 25 53 2 20 96 26 95 2 15 190 23 171 2 21 25 27 34 3 5 71 26 86 29 88
37 3 1 40 11 40 29 40 2 20 103 26 78 3 1 105 5 117 30 117 2 1 20 2 23 3 1 93 5 105 30 107 2 1 121 3 89 2 7 141 8 160 3 1 220 4 189 5 156 3 6 28 28 35 29 28 2 7 89 22 86 3 12 73 18 74 26 71 3 9 32 10 28 11 27 2 10 101 23 74 2 11 15 26 17 3 8 172 12 151 28 204 3 11 77 19 96 30 95 2 1 95 3 114 2 21 31 27 35 3 12 90 29 80 30 86 3 7 59 13 55 16 69 2 21 28 27 29 3 4 129 14 123 21 139 3 1 189 4 185 5 186 2 15 202 23 206 3 16 145 18 160 25 117 2 17 17 23 18 3 12 89 29 101 30 71 2 19 196 20 194 3 4 140 20 133 29 178 2 7 83 22 81 3 1 107 14 112 21 85 2 22 196 30 194 2 8 82 23 64 3 12 47 24 52 25 40 1 24 94 3 12 49 24 49 25 56 3 5 77 26 70 29 70
33 3 1 40 11 44 29 54 2 1 25 2 23 2 1 89 3 107 3 8 208 12 183 28 149 2 8 78 23 68 3 1 157 4 214 5 186 3 5 65 26 73 29 89 3 1 171 4 185 5 202 2 20 98 26 89 3 4 142 20 179 29 146 3 1 110 5 120 30 133 3 6 28 28 36 29 37 2 7 71 22 70 2 7 174 8 118 3 8 166 12 176 28 182 3 9 38 10 35 11 37 2 10 95 23 79 2 11 17 26 18 3 12 89 29 89 30 73 3 16 113 18 152 25 140 3 7 57 13 67 16 56 2 7 97 22 90 2 19 171 20 141 3 4 154 14 158 21 114 3 11 87 19 79 30 106 2 15 208 23 230 2 17 15 23 18 3 12 63 18 74 26 75 3 1 113 14 106 21 103 3 12 41 24 52 25 48 2 22 156 30 214 1 24 83 2 21 30 27 29
33 3 1 43 11 50 29 47 2 1 23 2 25 2 1 98 3 111 3 8 166 12 193 28 148 2 8 76 23 72 3 1 198 4 178 5 162 3 5 79 26 76 29 61 3 1 166 4 191 5 213 2 20 81 26 96 3 4 124 20 170 29 128 3 1 97 5 103 30 92 3 6 38 28 29 29 34 2 7 66 22 86 2 7 137 8 169 3 8 141 12 159 28 189 3 9 28 10 30 11 38 2 10 104 23 91 2 11 14 26 18 3 12 100 29 94 30 82 3 16 112 18 125 25 147 3 7 55 13 57 16 64 2 7 87 22 80 2 19 200 20 201 3 4 151 14 169 21 170 3 11 107 19 78 30 91 2 15 203 23 187 2 17 17 23 14 3 12 66 18 67 26 61 3 1 105 14 102 21 99 3 12 42 24 49 25 55 2 22 157 30 179 1 24 83 2 21 30 27 31
33 3 5 81 26 70 29 78 2 1 91 3 101 3 5 79 26 62 29 72 3 6 30 28 33 29 28 3 9 27 10 26 11 29 2 20 101 26 99 2 19 171 20 168 3 1 45 11 44 29 41 2 8 72 23 65 2 19 162 20 182 2 7 92 22 89 2 1 26 2 26 2 21 24 27 34 3 4 118 14 151 21 156 3 1 196 4 216 5 153 3 1 125 5 124 30 99 2 10 101 23 105 3 12 46 24 42 25 41 2 22 222 30 197 2 7 132 8 134 2 11 18 26 15 3 12 74 29 81 30 79 3 7 76 13 68 16 66 2 15 223 23 205 2 8 80 23 64 3 11 100 19 89 30 82 3 16 155 18 118 25 158 2 17 14 23 16 3 12 52 18 60 26 62 3 8 197 12 188 28 188 3 4 162 20 176 29 124 3 1 118 14 108 21 79 1 24 91
34 3 1 45 11 44 29 39 2 1 28 2 28 2 1 99 3 90 3 1 200 4 173 5 162 3 1 55 11 50 29 47 3 1 115 5 121 30 99 3 6 35 28 35 29 39 2 15 193 23 216 3 1 126 5 93 30 98 2 7 124 8 156 2 7 68 22 86 2 21 34 27 27 3 12 66 18 68 26 65 3 12 89 29 94 30 97 2 7 85 22 77 3 9 29 10 32 11 26 2 10 71 23 105 2 17 14 23 14 3 1 79 14 87 21 114 2 11 15 26 13 3 7 78 13 67 16 64 3 4 148 14 114 21 144 2 21 25 27 27 3 16 158 18 129 25 120 2 19 183 20 199 2 20 91 26 101 3 4 181 20 144 29 168 2 22 212 30 210 3 11 82 19 83 30 92 3 5 68 26 65 29 62 3 8 153 12 144 28 150 2 8 68 23 87 1 24 81 3 12 41 24 38 25 44
34 3 1 45 11 44 29 39 2 1 28 2 28 2 1 99 3 90 3 1 200 4 173 5 162 3 1 55 11 50 29 47 3 1 115 5 121 30 99 3 6 35 28 35 29 39 2 15 193 23 216 3 1 126 5 93 30 98 2 7 124 8 156 2 7 68 22 86 2 21 34 27 27 3 12 66 18 68 26 65 3 12 89 29 94 30 97 2 7 85 22 77 3 9 29 10 32 11 26 2 10 71 23 105 2 17 14 23 14 3 1 79 14 87 21 114 2 11 15 26 13 3 7 78 13 67 16 64 3 4 148 14 114 21 144 2 21 25 27 27 3 16 158 18 129 25 120 2 19 183 20 199 2 20 91 26 101 3 4 181 20 144 29 168 2 22 212 30 210 3 11 82 19 83 30 92 3 5 68 26 65 29 62 3 8 153 12 144 28 150 2 8 68 23 87 1 24 81 3 12 41 24 38 25 44
34 2 22 169 30 150 3 1 39 11 43 29 44 2 1 19 2 22 2 1 107 3 125 3 1 211 4 205 5 165 2 11 15 26 14 3 1 51 11 47 29 49 3 7 78 13 73 16 60 2 20 94 26 91 3 1 117 5 92 30 94 3 6 27 28 30 29 34 2 1 95 3 105 2 7 83 22 85 3 9 25 10 32 11 26 2 7 134 8 124 3 4 153 20 129 29 158 2 10 103 23 101 2 21 33 27 32 2 7 151 8 151 3 12 73 29 91 30 100 3 4 135 14 142 21 159 2 17 16 23 15 2 15 169 23 188 2 19 193 20 139 3 16 138 18 148 25 123 3 1 110 14 116 21 102 3 11 82 19 77 30 89 2 11 16 26 13 3 8 179 12 165 28 165 3 12 75 18 63 26 69 2 8 77 23 77 1 24 70 3 12 53 24 56 25 56 3 5 64 26 77 29 65
36 3 4 133 14 153 21 126 3 1 46 11 39 29 41 2 1 19 2 20 2 1 105 3 121 3 1 178 4 157 5 198 3 1 107 5 106 30 118 3 4 135 20 183 29 128 3 6 34 28 36 29 32 3 1 42 11 44 29 39 2 7 90 22 81 2 19 152 20 139 3 1 170 4 211 5 163 2 17 14 23 18 3 1 115 5 100 30 124 3 9 35 10 36 11 28 2 7 134 8 135 2 15 173 23 204 2 10 82 23 85 3 6 37 28 31 29 29 2 11 15 26 16 3 12 95 29 105 30 105 3 7 72 13 53 16 78 3 16 158 18 142 25 159 2 21 34 27 24 3 12 60 18 64 26 69 2 21 24 27 25 3 12 53 24 47 25 50 3 1 97 14 91 21 80 2 8 81 23 69 1 24 91 2 22 189 30 182 3 12 73 29 87 30 92 2 20 93 26 94 3 5 72 26 69 29 85 3 11 94 19 78 30 104 3 8 190 12 157 28 172
36 1 24 93 3 1 53 11 53 29 51 2 1 20 2 22 1 24 66 3 11 105 19 95 30 92 2 1 20 2 25 2 1 104 3 105 3 11 105 19 84 30 83 3 1 201 4 166 5 211 3 1 115 5 94 30 94 3 6 38 28 38 29 37 2 7 90 22 77 2 7 139 8 130 3 9 36 10 27 11 36 3 12 57 24 54 25 40 3 4 184 20 139 29 180 2 10 86 23 94 2 20 77 26 75 2 11 18 26 13 3 4 125 20 144 29 149 3 12 77 29 81 30 76 3 7 77 13 66 16 64 3 4 128 14 168 21 115 2 15 219 23 219 3 16 132 18 143 25 139 2 17 19 23 19 3 1 114 5 122 30 133 3 1 117 14 99 21 116 3 8 152 12 167 28 178 3 12 54 18 60 26 69 2 19 168 20 144 2 22 192 30 158 2 17 18 23 19 2 8 90 23 71 2 21 30 27 30 3 5 83 26 69 29 80
37 3 6 26 28 29 29 35 3 1 51 11 47 29 41 2 1 27 2 23 3 1 47 11 53 29 45 2 1 132 3 107 3 1 45 11 47 29 52 3 1 180 4 217 5 184 3 1 130 5 102 30 102 2 7 93 22 70 2 7 167 8 156 3 1 92 14 93 21 81 3 9 26 10 27 11 33 2 10 105 23 94 3 6 33 28 33 29 28 3 12 76 18 67 26 57 2 11 13 26 17 3 12 97 29 99 30 88 2 17 16 23 13 3 12 38 24 52 25 44 2 19 175 20 163 3 7 75 13 56 16 64 2 20 86 26 82 3 4 115 14 147 21 143 2 21 31 27 31 3 16 143 18 152 25 123 2 19 171 20 155 2 15 154 23 172 2 7 84 22 92 3 4 148 20 183 29 154 3 7 56 13 67 16 74 2 22 202 30 196 3 11 81 19 96 30 94 3 5 62 26 77 29 70 2 7 122 8 158 2 8 73 23 61 1 24 65 3 8 170 12 199 28 205
37 3 6 35 28 34 29 37 3 1 47 11 54 29 52 2 1 21 2 24 3 1 48 11 41 29 53 2 1 118 3 126 3 1 53 11 43 29 48 3 1 177 4 194 5 193 3 1 127 5 98 30 122 2 7 93 22 67 2 7 118 8 176 3 1 108 14 105 21 104 3 9 35 10 25 11 27 2 10 75 23 77 3 6 27 28 31 29 36 3 12 67 18 69 26 52 2 11 16 26 15 3 12 82 29 97 30 97 2 17 19 23 16 3 12 39 24 50 25 39 2 19 171 20 187 3 7 56 13 55 16 76 2 20 88 26 84 3 4 129 14 122 21 149 2 21 31 27 33 3 16 162 18 148 25 131 2 19 176 20 190 2 15 180 23 197 2 7 93 22 66 3 4 146 20 137 29 130 3 7 66 13 56 16 72 2 22 186 30 191 3 11 103 19 74 30 79 3 5 77 26 80 29 88 2 7 139 8 120 2 8 78 23 88 1 24 84 3 8 168 12 174 28 140
37 3 6 35 28 34 29 37 3 1 47 11 54 29 52 2 1 21 2 24 3 1 48 11 41 29 53 2 1 118 3 126 3 1 53 11 43 29 48 3 1 177 4 194 5 193 3 1 127 5 98 30 122 2 7 93 22 67 2 7 118 8 176 3 1 108 14 105 21 104 3 9 35 10 25 11 27 2 10 75 23 77 3 6 27 28 31 29 36 3 12 67 18 69 26 52 2 11 16 26 15 3 12 82 29 97 30 97 2 17 19 23 16 3 12 39 24 50 25 39 2 19 171 20 187 3 7 56 13 55 16 76 2 20 88 26 84 3 4 129 14 122 21 149 2 21 31 27 33 3 16 162 18 148 25 131 2 19 176 20 190 2 15 180 23 197 2 7 93 22 66 3 4 146 20 137 29 130 3 7 66 13 56 16 72 2 22 186 30 191 3 11 103 19 74 30 79 3 5 77 26 80 29 88 2 7 139 8 120 2 8 78 23 88 1 24 84 3 8 168 12 174 28 140
34 3 1 46 11 49 29 42 2 1 28 2 27 2 1 101 3 94 3 1 167 4 218 5 149 3 1 43 11 52 29 49 3 1 115 5 100 30 100 3 6 27 28 34 29 36 2 15 192 23 226 3 1 121 5 113 30 125 2 7 137 8 170 2 7 74 22 90 2 21 27 27 31 3 12 56 18 51 26 62 3 12 93 29 102 30 79 2 7 68 22 66 3 9 25 10 25 11 36 2 10 103 23 72 2 17 18 23 20 3 1 80 14 88 21 79 2 11 19 26 16 3 7 56 13 78 16 62 3 4 146 14 120 21 121 2 21 28 27 31 3 16 152 18 149 25 158 2 19 139 20 165 2 20 84 26 100 3 4 174 20 126 29 159 2 22 203 30 151 3 11 88 19 91 30 93 3 5 66 26 75 29 83 3 8 157 12 197 28 153 2 8 90 23 63 1 24 67 3 12 39 24 48 25 52
39 3 9 29 10 33 11 35 3 1 44 11 54 29 47 2 1 27 2 28 2 1 117 3 95 3 1 177 4 202 5 168 2 1 104 3 97 3 5 69 26 80 29 86 3 1 112 5 133 30 105 2 22 216 30 193 3 9 26 10 25 11 32 3 11 100 19 110 30 94 3 6 27 28 38 29 37 2 7 84 22 79 2 1 128 3 121 3 4 180 20 132 29 152 2 20 85 26 104 2 7 120 8 160 2 10 91 23 84 2 11 12 26 17 3 4 169 20 138 29 126 3 12 83 29 102 30 104 3 7 71 13 77 16 67 2 8 72 23 71 2 15 178 23 165 3 4 167 14 136 21 158 3 16 137 18 159 25 110 3 6 39 28 31 29 35 2 17 15 23 14 2 1 129 3 102 3 8 174 12 209 28 162 3 5 73 26 75 29 67 3 1 83 14 91 21 113 2 20 93 26 90 3 12 71 18 58 26 58 2 7 92 22 77 3 12 51 24 53 25 44 2 19 168 20 161 1 24 75 2 21 25 27 31
DUE_DATES: 3374 4218 3904 3904 3904 3698 3698 3869 3869 3831 3831 3831 3627 3627 3627 3383 3791 3363 3504 4141 3604 3604 3512 3535 3861 3511 3511 3516 4155 4155 4155 3814 3837 3523 3651 3979 3892 3656 3611 3553 3418 3418 3419 3632 3659 3780 3779 3779 3357 4038
WEIGHTS: 1 3 1 1 1 1 2 3 1 1 3 1 1 3 3 2 3 2 2 2 2 1 2 3 1 3 3 1 3 2 1 3 2 3 3 1 1 2 3 2 2 1 3 3 1 1 1 1 2 2
