50 30
34 2 1 105 9 110 3 2 142 8 121 30 151 3 3 46 4 46 16 55 3 2 132 8 141 30 158 2 6 94 20 116 2 3 90 12 107 2 8 175 9 152 3 11 137 12 140 26 148 2 5 64 29 69 3 7 7 25 7 28 6 3 6 204 17 176 27 155 2 10 72 14 63 2 9 136 19 149 3 7 121 9 123 12 115 3 11 122 12 144 26 123 3 2 207 4 170 13 208 3 14 187 15 216 28 205 2 15 109 18 115 4 3 11 7 14 22 10 24 12 3 14 197 15 212 28 179 2 4 85 16 97 3 5 142 18 143 25 162 3 16 48 18 41 30 49 3 4 113 16 124 17 122 4 3 102 19 81 20 109 29 79 4 4 56 10 74 20 62 30 75 2 28 70 29 76 3 16 82 21 99 28 82 3 7 8 25 7 28 8 3 20 45 22 45 23 52 3 16 122 28 122 29 134 2 24 117 29 150 3 9 92 23 88 30 89 2 22 122 26 127
34 2 1 105 9 110 3 2 142 8 121 30 151 3 3 46 4 46 16 55 3 2 132 8 141 30 158 2 6 94 20 116 2 3 90 12 107 2 8 175 9 152 3 11 137 12 140 26 148 2 5 64 29 69 3 7 7 25 7 28 6 3 6 204 17 176 27 155 2 10 72 14 63 2 9 136 19 149 3 7 121 9 123 12 115 3 11 122 12 144 26 123 3 2 207 4 170 13 208 3 14 187 15 216 28 205 2 15 109 18 115 4 3 11 7 14 22 10 24 12 3 14 197 15 212 28 179 2 4 85 16 97 3 5 142 18 143 25 162 3 16 48 18 41 30 49 3 4 113 16 124 17 122 4 3 102 19 81 20 109 29 79 4 4 56 10 74 20 62 30 75 2 28 70 29 76 3 16 82 21 99 28 82 3 7 8 25 7 28 8 3 20 45 22 45 23 52 3 16 122 28 122 29 134 2 24 117 29 150 3 9 92 23 88 30 89 2 22 122 26 127
34 2 1 105 9 110 3 2 142 8 121 30 151 3 3 46 4 46 16 55 3 2 132 8 141 30 158 2 6 94 20 116 2 3 90 12 107 2 8 175 9 152 3 11 137 12 140 26 148 2 5 64 29 69 3 7 7 25 7 28 6 3 6 204 17 176 27 155 2 10 72 14 63 2 9 136 19 149 3 7 121 9 123 12 115 3 11 122 12 144 26 123 3 2 207 4 170 13 208 3 14 187 15 216 28 205 2 15 109 18 115 4 3 11 7 14 22 10 24 12 3 14 197 15 212 28 179 2 4 85 16 97 3 5 142 18 143 25 162 3 16 48 18 41 30 49 3 4 113 16 124 17 122 4 3 102 19 81 20 109 29 79 4 4 56 10 74 20 62 30 75 2 28 70 29 76 3 16 82 21 99 28 82 3 7 8 25 7 28 8 3 20 45 22 45 23 52 3 16 122 28 122 29 134 2 24 117 29 150 3 9 92 23 88 30 89 2 22 122 26 127
38 3 16 37 18 40 30 45 2 1 118 9 116 3 16 49 18 41 30 45 3 16 123 28 143 29 133 2 1 116 9 116 3 20 38 22 42 23 48 3 2 148 8 160 30 116 2 6 119 20 90 3 20 52 22 48 23 44 2 3 108 12 80 3 20 55 22 51 23 38 3 3 46 4 47 16 59 2 28 73 29 64 3 11 130 12 129 26 147 2 5 55 29 59 3 7 7 25 7 28 9 3 11 150 12 107 26 136 3 14 163 15 227 28 172 2 22 143 26 148 4 4 59 10 58 20 70 30 56 2 15 133 18 108 2 8 171 9 201 2 9 118 19 105 2 10 81 14 83 3 16 86 21 98 28 100 2 8 139 9 171 3 7 162 9 153 12 148 3 5 141 18 139 25 205 3 2 178 4 158 13 152 3 6 156 17 186 27 148 2 4 87 16 83 2 28 75 29 72 3 9 100 23 77 30 80 3 4 96 16 123 17 137 4 3 94 19 91 20 77 29 81 3 5 143 18 198 25 187 4 3 14 7 10 22 13 24 14 2 24 165 29 127
38 3 16 37 18 40 30 45 2 1 118 9 116 3 16 49 18 41 30 45 3 16 123 28 143 29 133 2 1 116 9 116 3 20 38 22 42 23 48 3 2 148 8 160 30 116 2 6 119 20 90 3 20 52 22 48 23 44 2 3 108 12 80 3 20 55 22 51 23 38 3 3 46 4 47 16 59 2 28 73 29 64 3 11 130 12 129 26 147 2 5 55 29 59 3 7 7 25 7 28 9 3 11 150 12 107 26 136 3 14 163 15 227 28 172 2 22 143 26 148 4 4 59 10 58 20 70 30 56 2 15 133 18 108 2 8 171 9 201 2 9 118 19 105 2 10 81 14 83 3 16 86 21 98 28 100 2 8 139 9 171 3 7 162 9 153 12 148 3 5 141 18 139 25 205 3 2 178 4 158 13 152 3 6 156 17 186 27 148 2 4 87 16 83 2 28 75 29 72 3 9 100 23 77 30 80 3 4 96 16 123 17 137 4 3 94 19 91 20 77 29 81 3 5 143 18 198 25 187 4 3 14 7 10 22 13 24 14 2 24 165 29 127
36 3 6 209 17 145 27 161 2 4 97 16 88 3 6 205 17 184 27 175 3 5 202 18 197 25 191 2 1 110 9 96 3 2 124 8 134 30 147 2 3 87 12 102 3 3 58 4 63 16 54 2 28 64 29 76 2 5 66 29 69 2 22 118 26 120 2 6 88 20 94 3 7 8 25 9 28 6 2 8 135 9 155 3 20 53 22 43 23 54 2 9 151 19 147 2 1 116 9 83 2 10 79 14 80 3 11 155 12 141 26 158 3 7 139 9 153 12 145 4 3 10 7 13 22 13 24 12 3 16 105 21 90 28 80 3 2 153 4 170 13 200 3 14 199 15 177 28 187 3 4 94 16 114 17 135 2 6 106 20 102 2 15 122 18 106 3 16 35 18 43 30 50 3 2 135 8 126 30 151 4 3 90 19 75 20 91 29 82 3 2 181 4 186 13 172 3 16 108 28 104 29 125 3 9 94 23 79 30 94 4 4 60 10 59 20 58 30 66 3 2 182 4 208 13 210 2 24 120 29 155
36 3 6 209 17 145 27 161 2 4 97 16 88 3 6 205 17 184 27 175 3 5 202 18 197 25 191 2 1 110 9 96 3 2 124 8 134 30 147 2 3 87 12 102 3 3 58 4 63 16 54 2 28 64 29 76 2 5 66 29 69 2 22 118 26 120 2 6 88 20 94 3 7 8 25 9 28 6 2 8 135 9 155 3 20 53 22 43 23 54 2 9 151 19 147 2 1 116 9 83 2 10 79 14 80 3 11 155 12 141 26 158 3 7 139 9 153 12 145 4 3 10 7 13 22 13 24 12 3 16 105 21 90 28 80 3 2 153 4 170 13 200 3 14 199 15 177 28 187 3 4 94 16 114 17 135 2 6 106 20 102 2 15 122 18 106 3 16 35 18 43 30 50 3 2 135 8 126 30 151 4 3 90 19 75 20 91 29 82 3 2 181 4 186 13 172 3 16 108 28 104 29 125 3 9 94 23 79 30 94 4 4 60 10 59 20 58 30 66 3 2 182 4 208 13 210 2 24 120 29 155
37 2 1 86 9 93 3 2 115 8 139 30 164 2 8 139 9 162 3 3 52 4 58 16 62 2 1 97 9 112 2 3 106 12 95 3 16 37 18 45 30 45 4 4 67 10 61 20 76 30 77 3 16 48 18 42 30 47 2 5 58 29 52 3 16 133 28 134 29 151 2 6 100 20 116 2 10 81 14 60 3 16 140 28 130 29 149 3 7 9 25 7 28 8 2 9 115 19 139 3 11 128 12 147 26 113 3 7 126 9 144 12 156 3 3 67 4 62 16 49 2 4 85 16 67 3 2 163 4 198 13 224 4 3 13 7 11 22 14 24 13 3 14 177 15 221 28 197 2 15 139 18 120 3 4 111 16 101 17 112 4 3 77 19 92 20 107 29 99 2 4 74 16 96 3 16 91 21 92 28 99 3 20 49 22 41 23 49 2 24 128 29 160 3 2 113 8 142 30 158 3 5 198 18 138 25 187 3 2 147 8 135 30 114 2 22 107 26 114 2 28 59 29 78 3 6 202 17 188 27 205 3 9 108 23 79 30 113
37 2 1 86 9 93 3 2 115 8 139 30 164 2 8 139 9 162 3 3 52 4 58 16 62 2 1 97 9 112 2 3 106 12 95 3 16 37 18 45 30 45 4 4 67 10 61 20 76 30 77 3 16 48 18 42 30 47 2 5 58 29 52 3 16 133 28 134 29 151 2 6 100 20 116 2 10 81 14 60 3 16 140 28 130 29 149 3 7 9 25 7 28 8 2 9 115 19 139 3 11 128 12 147 26 113 3 7 126 9 144 12 156 3 3 67 4 62 16 49 2 4 85 16 67 3 2 163 4 198 13 224 4 3 13 7 11 22 14 24 13 3 14 177 15 221 28 197 2 15 139 18 120 3 4 111 16 101 17 112 4 3 77 19 92 20 107 29 99 2 4 74 16 96 3 16 91 21 92 28 99 3 20 49 22 41 23 49 2 24 128 29 160 3 2 113 8 142 30 158 3 5 198 18 138 25 187 3 2 147 8 135 30 114 2 22 107 26 114 2 28 59 29 78 3 6 202 17 188 27 205 3 9 108 23 79 30 113
37 2 1 86 9 93 3 2 115 8 139 30 164 2 8 139 9 162 3 3 52 4 58 16 62 2 1 97 9 112 2 3 106 12 95 3 16 37 18 45 30 45 4 4 67 10 61 20 76 30 77 3 16 48 18 42 30 47 2 5 58 29 52 3 16 133 28 134 29 151 2 6 100 20 116 2 10 81 14 60 3 16 140 28 130 29 149 3 7 9 25 7 28 8 2 9 115 19 139 3 11 128 12 147 26 113 3 7 126 9 144 12 156 3 3 67 4 62 16 49 2 4 85 16 67 3 2 163 4 198 13 224 4 3 13 7 11 22 14 24 13 3 14 177 15 221 28 197 2 15 139 18 120 3 4 111 16 101 17 112 4 3 77 19 92 20 107 29 99 2 4 74 16 96 3 16 91 21 92 28 99 3 20 49 22 41 23 49 2 24 128 29 160 3 2 113 8 142 30 158 3 5 198 18 138 25 187 3 2 147 8 135 30 114 2 22 107 26 114 2 28 59 29 78 3 6 202 17 188 27 205 3 9 108 23 79 30 113
36 2 1 80 9 111 2 15 142 18 104 3 2 133 8 115 30 165 2 3 109 12 81 4 4 76 10 60 20 55 30 76 3 2 113 8 146 30 157 2 9 129 19 116 3 3 67 4 61 16 55 4 4 72 10 55 20 58 30 71 3 9 96 23 97 30 110 2 3 106 12 110 2 5 59 29 57 2 6 100 20 119 2 22 145 26 132 3 7 7 25 7 28 8 2 8 158 9 195 2 10 66 14 66 2 28 74 29 68 3 6 185 17 200 27 173 3 11 122 12 123 26 110 3 7 154 9 143 12 122 3 2 203 4 170 13 216 3 4 112 16 104 17 118 3 14 154 15 217 28 208 4 3 81 19 82 20 77 29 105 2 5 54 29 55 2 4 66 16 86 3 16 43 18 39 30 34 4 4 62 10 61 20 75 30 70 3 16 137 28 132 29 132 3 16 88 21 99 28 78 3 14 194 15 182 28 203 4 3 14 7 12 22 11 24 14 3 20 49 22 54 23 42 2 24 143 29 153 3 5 163 18 162 25 195
37 2 1 102 9 103 3 2 167 8 134 30 123 2 3 77 12 112 3 3 59 4 60 16 51 2 1 115 9 94 2 5 57 29 56 3 2 139 8 161 30 122 2 22 141 26 159 2 6 81 20 118 4 3 108 19 105 20 108 29 104 3 7 7 25 8 28 9 3 16 125 28 147 29 145 2 8 160 9 172 3 7 9 25 9 28 8 2 9 134 19 149 2 28 69 29 68 4 3 78 19 91 20 93 29 107 2 10 79 14 82 3 4 108 16 113 17 131 3 11 121 12 110 26 131 2 24 138 29 125 3 14 200 15 161 28 163 3 7 167 9 148 12 152 3 11 141 12 133 26 149 3 2 175 4 208 13 179 2 15 145 18 132 2 4 70 16 85 3 16 41 18 45 30 34 4 4 75 10 59 20 72 30 60 3 16 86 21 75 28 98 4 3 15 7 15 22 11 24 13 2 5 68 29 59 3 20 49 22 39 23 50 3 5 175 18 160 25 149 2 15 116 18 116 3 6 149 17 188 27 148 3 9 94 23 92 30 114
37 2 1 102 9 103 3 2 167 8 134 30 123 2 3 77 12 112 3 3 59 4 60 16 51 2 1 115 9 94 2 5 57 29 56 3 2 139 8 161 30 122 2 22 141 26 159 2 6 81 20 118 4 3 108 19 105 20 108 29 104 3 7 7 25 8 28 9 3 16 125 28 147 29 145 2 8 160 9 172 3 7 9 25 9 28 8 2 9 134 19 149 2 28 69 29 68 4 3 78 19 91 20 93 29 107 2 10 79 14 82 3 4 108 16 113 17 131 3 11 121 12 110 26 131 2 24 138 29 125 3 14 200 15 161 28 163 3 7 167 9 148 12 152 3 11 141 12 133 26 149 3 2 175 4 208 13 179 2 15 145 18 132 2 4 70 16 85 3 16 41 18 45 30 34 4 4 75 10 59 20 72 30 60 3 16 86 21 75 28 98 4 3 15 7 15 22 11 24 13 2 5 68 29 59 3 20 49 22 39 23 50 3 5 175 18 160 25 149 2 15 116 18 116 3 6 149 17 188 27 148 3 9 94 23 92 30 114
33 2 6 102 20 107 2 1 90 9 87 2 6 103 20 88 3 16 93 21 81 28 86 3 2 124 8 138 30 155 4 3 14 7 11 22 10 24 13 2 3 96 12 96 3 3 60 4 47 16 49 2 4 95 16 74 2 5 63 29 53 2 8 194 9 153 3 7 7 25 9 28 7 2 9 126 19 142 3 16 148 28 109 29 126 2 9 131 19 140 2 10 62 14 78 3 16 95 21 82 28 85 3 11 137 12 119 26 146 3 7 133 9 135 12 142 3 2 182 4 161 13 208 2 15 104 18 128 3 4 95 16 136 17 123 3 14 191 15 220 28 179 2 24 128 29 122 3 16 49 18 47 30 39 4 3 91 19 78 20 109 29 86 4 4 68 10 62 20 74 30 63 2 28 58 29 65 3 9 87 23 88 30 109 3 20 43 22 54 23 49 3 5 180 18 181 25 204 2 22 142 26 144 3 6 196 17 176 27 192
36 3 14 175 15 214 28 184 2 3 77 12 108 2 1 93 9 114 3 4 111 16 96 17 103 3 2 129 8 125 30 118 3 3 58 4 49 16 54 3 14 213 15 219 28 226 3 9 93 23 81 30 76 3 6 161 17 147 27 156 2 9 107 19 126 2 28 61 29 72 2 5 69 29 61 2 6 91 20 102 3 7 6 25 7 28 8 2 5 55 29 56 2 8 183 9 164 2 10 61 14 70 3 9 82 23 113 30 109 3 7 168 9 162 12 145 3 11 157 12 135 26 107 3 5 139 18 157 25 183 3 2 206 4 210 13 212 2 15 110 18 128 3 16 41 18 45 30 48 2 4 83 16 97 4 3 85 19 90 20 85 29 95 3 16 38 18 49 30 34 4 4 66 10 61 20 74 30 70 3 16 75 21 92 28 83 3 3 48 4 53 16 52 4 3 12 7 14 22 14 24 15 2 24 138 29 121 2 10 62 14 62 3 20 37 22 48 23 47 3 16 145 28 146 29 129 2 22 108 26 151
36 3 14 175 15 214 28 184 2 3 77 12 108 2 1 93 9 114 3 4 111 16 96 17 103 3 2 129 8 125 30 118 3 3 58 4 49 16 54 3 14 213 15 219 28 226 3 9 93 23 81 30 76 3 6 161 17 147 27 156 2 9 107 19 126 2 28 61 29 72 2 5 69 29 61 2 6 91 20 102 3 7 6 25 7 28 8 2 5 55 29 56 2 8 183 9 164 2 10 61 14 70 3 9 82 23 113 30 109 3 7 168 9 162 12 145 3 11 157 12 135 26 107 3 5 139 18 157 25 183 3 2 206 4 210 13 212 2 15 110 18 128 3 16 41 18 45 30 48 2 4 83 16 97 4 3 85 19 90 20 85 29 95 3 16 38 18 49 30 34 4 4 66 10 61 20 74 30 70 3 16 75 21 92 28 83 3 3 48 4 53 16 52 4 3 12 7 14 22 14 24 15 2 24 138 29 121 2 10 62 14 62 3 20 37 22 48 23 47 3 16 145 28 146 29 129 2 22 108 26 151
36 3 6 180 17 160 27 169 2 4 73 16 92 3 6 193 17 203 27 146 3 5 171 18 204 25 204 2 1 89 9 105 3 2 149 8 157 30 120 2 3 86 12 104 3 3 56 4 62 16 67 2 28 59 29 73 2 5 61 29 56 2 22 150 26 109 2 6 115 20 99 3 7 8 25 6 28 9 2 8 180 9 145 3 20 49 22 45 23 37 2 9 131 19 103 2 1 90 9 109 2 10 81 14 81 3 11 106 12 114 26 123 3 7 128 9 136 12 159 4 3 13 7 12 22 11 24 14 3 16 97 21 106 28 89 3 2 202 4 193 13 188 3 14 212 15 193 28 201 3 4 130 16 113 17 124 2 6 95 20 92 2 15 100 18 130 3 16 38 18 38 30 42 3 2 119 8 162 30 129 4 3 86 19 102 20 100 29 92 3 2 215 4 201 13 191 3 16 152 28 127 29 137 3 9 84 23 83 30 89 4 4 77 10 73 20 59 30 59 3 2 208 4 198 13 181 2 24 121 29 123
36 3 6 180 17 160 27 169 2 4 73 16 92 3 6 193 17 203 27 146 3 5 171 18 204 25 204 2 1 89 9 105 3 2 149 8 157 30 120 2 3 86 12 104 3 3 56 4 62 16 67 2 28 59 29 73 2 5 61 29 56 2 22 150 26 109 2 6 115 20 99 3 7 8 25 6 28 9 2 8 180 9 145 3 20 49 22 45 23 37 2 9 131 19 103 2 1 90 9 109 2 10 81 14 81 3 11 106 12 114 26 123 3 7 128 9 136 12 159 4 3 13 7 12 22 11 24 14 3 16 97 21 106 28 89 3 2 202 4 193 13 188 3 14 212 15 193 28 201 3 4 130 16 113 17 124 2 6 95 20 92 2 15 100 18 130 3 16 38 18 38 30 42 3 2 119 8 162 30 129 4 3 86 19 102 20 100 29 92 3 2 215 4 201 13 191 3 16 152 28 127 29 137 3 9 84 23 83 30 89 4 4 77 10 73 20 59 30 59 3 2 208 4 198 13 181 2 24 121 29 123
33 2 6 119 20 108 2 1 115 9 106 2 6 117 20 85 3 16 105 21 72 28 94 3 2 112 8 123 30 150 4 3 12 7 13 22 14 24 13 2 3 97 12 109 3 3 56 4 46 16 53 2 4 77 16 75 2 5 67 29 61 2 8 173 9 145 3 7 7 25 9 28 6 2 9 139 19 126 3 16 120 28 133 29 119 2 9 141 19 125 2 10 60 14 70 3 16 101 21 75 28 89 3 11 137 12 116 26 141 3 7 160 9 153 12 167 3 2 155 4 170 13 197 2 15 99 18 111 3 4 102 16 128 17 121 3 14 172 15 191 28 153 2 24 115 29 161 3 16 40 18 49 30 51 4 3 74 19 110 20 98 29 100 4 4 68 10 59 20 79 30 68 2 28 73 29 77 3 9 78 23 110 30 93 3 20 53 22 48 23 41 3 5 145 18 161 25 157 2 22 119 26 145 3 6 196 17 178 27 146
33 2 6 119 20 108 2 1 115 9 106 2 6 117 20 85 3 16 105 21 72 28 94 3 2 112 8 123 30 150 4 3 12 7 13 22 14 24 13 2 3 97 12 109 3 3 56 4 46 16 53 2 4 77 16 75 2 5 67 29 61 2 8 173 9 145 3 7 7 25 9 28 6 2 9 139 19 126 3 16 120 28 133 29 119 2 9 141 19 125 2 10 60 14 70 3 16 101 21 75 28 89 3 11 137 12 116 26 141 3 7 160 9 153 12 167 3 2 155 4 170 13 197 2 15 99 18 111 3 4 102 16 128 17 121 3 14 172 15 191 28 153 2 24 115 29 161 3 16 40 18 49 30 51 4 3 74 19 110 20 98 29 100 4 4 68 10 59 20 79 30 68 2 28 73 29 77 3 9 78 23 110 30 93 3 20 53 22 48 23 41 3 5 145 18 161 25 157 2 22 119 26 145 3 6 196 17 178 27 146
36 3 6 158 17 192 27 195 2 4 84 16 71 3 6 155 17 145 27 178 3 5 171 18 176 25 144 2 1 94 9 95 3 2 149 8 118 30 122 2 3 78 12 84 3 3 58 4 51 16 52 2 28 55 29 60 2 5 50 29 66 2 22 115 26 132 2 6 89 20 98 3 7 8 25 7 28 7 2 8 182 9 197 3 20 36 22 50 23 44 2 9 120 19 131 2 1 97 9 94 2 10 81 14 81 3 11 130 12 136 26 110 3 7 129 9 131 12 163 4 3 10 7 11 22 14 24 12 3 16 91 21 74 28 81 3 2 218 4 169 13 205 3 14 203 15 162 28 221 3 4 98 16 107 17 115 2 6 89 20 87 2 15 138 18 112 3 16 49 18 42 30 48 3 2 130 8 139 30 126 4 3 80 19 91 20 79 29 100 3 2 225 4 185 13 190 3 16 110 28 118 29 146 3 9 106 23 80 30 100 4 4 69 10 74 20 75 30 65 3 2 214 4 164 13 206 2 24 135 29 120
37 2 1 120 9 115 3 2 152 8 121 30 166 2 3 97 12 95 3 3 51 4 49 16 46 2 1 101 9 117 2 5 69 29 71 3 2 147 8 161 30 164 2 22 120 26 143 2 6 102 20 97 4 3 90 19 75 20 86 29 94 3 7 8 25 9 28 6 3 16 135 28 101 29 126 2 8 147 9 181 3 7 9 25 7 28 8 2 9 132 19 137 2 28 60 29 70 4 3 107 19 97 20 105 29 91 2 10 78 14 81 3 4 123 16 103 17 134 3 11 136 12 151 26 127 2 24 124 29 143 3 14 200 15 207 28 207 3 7 150 9 123 12 154 3 11 140 12 144 26 116 3 2 159 4 169 13 159 2 15 101 18 141 2 4 73 16 88 3 16 49 18 47 30 37 4 4 59 10 72 20 79 30 59 3 16 97 21 106 28 98 4 3 14 7 14 22 14 24 15 2 5 57 29 68 3 20 51 22 41 23 46 3 5 159 18 137 25 203 2 15 116 18 115 3 6 194 17 201 27 185 3 9 102 23 99 30 106
35 2 1 117 9 94 3 2 163 8 115 30 151 3 4 129 16 110 17 126 2 3 82 12 104 3 2 128 8 118 30 159 2 28 69 29 63 2 8 170 9 173 3 3 49 4 60 16 48 2 5 65 29 53 3 2 165 4 208 13 178 2 6 105 20 90 3 3 51 4 66 16 64 3 7 7 25 9 28 7 2 9 152 19 105 3 9 79 23 94 30 109 2 15 130 18 100 3 5 178 18 189 25 174 2 10 57 14 60 2 6 91 20 114 3 11 109 12 113 26 106 3 20 55 22 47 23 49 2 9 107 19 151 3 16 124 28 130 29 137 3 7 168 9 161 12 163 2 8 145 9 180 3 14 178 15 210 28 203 2 4 95 16 88 3 16 36 18 36 30 34 4 3 79 19 99 20 106 29 109 4 4 73 10 57 20 57 30 61 2 22 116 26 157 3 16 80 21 86 28 75 3 6 196 17 198 27 199 4 3 14 7 10 22 13 24 13 2 24 134 29 118
35 2 1 117 9 94 3 2 163 8 115 30 151 3 4 129 16 110 17 126 2 3 82 12 104 3 2 128 8 118 30 159 2 28 69 29 63 2 8 170 9 173 3 3 49 4 60 16 48 2 5 65 29 53 3 2 165 4 208 13 178 2 6 105 20 90 3 3 51 4 66 16 64 3 7 7 25 9 28 7 2 9 152 19 105 3 9 79 23 94 30 109 2 15 130 18 100 3 5 178 18 189 25 174 2 10 57 14 60 2 6 91 20 114 3 11 109 12 113 26 106 3 20 55 22 47 23 49 2 9 107 19 151 3 16 124 28 130 29 137 3 7 168 9 161 12 163 2 8 145 9 180 3 14 178 15 210 28 203 2 4 95 16 88 3 16 36 18 36 30 34 4 3 79 19 99 20 106 29 109 4 4 73 10 57 20 57 30 61 2 22 116 26 157 3 16 80 21 86 28 75 3 6 196 17 198 27 199 4 3 14 7 10 22 13 24 13 2 24 134 29 118
38 3 16 45 18 39 30 47 2 1 98 9 119 3 16 45 18 44 30 35 3 16 148 28 150 29 123 2 1 95 9 92 3 20 38 22 46 23 38 3 2 148 8 156 30 122 2 6 111 20 99 3 20 47 22 37 23 47 2 3 87 12 77 3 20 42 22 46 23 41 3 3 58 4 56 16 48 2 28 68 29 72 3 11 107 12 111 26 122 2 5 54 29 50 3 7 8 25 8 28 7 3 11 133 12 125 26 141 3 14 217 15 173 28 200 2 22 111 26 132 4 4 58 10 75 20 72 30 65 2 15 140 18 119 2 8 145 9 179 2 9 129 19 149 2 10 58 14 58 3 16 106 21 99 28 96 2 8 164 9 179 3 7 164 9 151 12 133 3 5 186 18 178 25 144 3 2 209 4 179 13 178 3 6 157 17 170 27 185 2 4 78 16 92 2 28 58 29 69 3 9 77 23 98 30 106 3 4 119 16 100 17 137 4 3 78 19 79 20 93 29 82 3 5 167 18 200 25 166 4 3 10 7 13 22 11 24 12 2 24 147 29 112
38 3 16 45 18 39 30 47 2 1 98 9 119 3 16 45 18 44 30 35 3 16 148 28 150 29 123 2 1 95 9 92 3 20 38 22 46 23 38 3 2 148 8 156 30 122 2 6 111 20 99 3 20 47 22 37 23 47 2 3 87 12 77 3 20 42 22 46 23 41 3 3 58 4 56 16 48 2 28 68 29 72 3 11 107 12 111 26 122 2 5 54 29 50 3 7 8 25 8 28 7 3 11 133 12 125 26 141 3 14 217 15 173 28 200 2 22 111 26 132 4 4 58 10 75 20 72 30 65 2 15 140 18 119 2 8 145 9 179 2 9 129 19 149 2 10 58 14 58 3 16 106 21 99 28 96 2 8 164 9 179 3 7 164 9 151 12 133 3 5 186 18 178 25 144 3 2 209 4 179 13 178 3 6 157 17 170 27 185 2 4 78 16 92 2 28 58 29 69 3 9 77 23 98 30 106 3 4 119 16 100 17 137 4 3 78 19 79 20 93 29 82 3 5 167 18 200 25 166 4 3 10 7 13 22 11 24 12 2 24 147 29 112
36 2 1 86 9 99 2 15 137 18 139 3 2 159 8 147 30 114 2 3 89 12 95 4 4 79 10 70 20 75 30 80 3 2 131 8 162 30 137 2 9 134 19 130 3 3 60 4 62 16 62 4 4 78 10 65 20 78 30 73 3 9 85 23 110 30 108 2 3 102 12 110 2 5 60 29 56 2 6 85 20 107 2 22 122 26 133 3 7 8 25 8 28 7 2 8 200 9 177 2 10 57 14 72 2 28 80 29 78 3 6 168 17 186 27 203 3 11 150 12 125 26 121 3 7 130 9 170 12 132 3 2 157 4 178 13 155 3 4 116 16 97 17 126 3 14 187 15 219 28 164 4 3 106 19 93 20 80 29 89 2 5 63 29 67 2 4 87 16 82 3 16 38 18 40 30 38 4 4 71 10 55 20 78 30 67 3 16 132 28 126 29 109 3 16 91 21 78 28 96 3 14 216 15 226 28 178 4 3 15 7 10 22 14 24 15 3 20 48 22 38 23 52 2 24 126 29 138 3 5 181 18 158 25 163
36 2 1 86 9 99 2 15 137 18 139 3 2 159 8 147 30 114 2 3 89 12 95 4 4 79 10 70 20 75 30 80 3 2 131 8 162 30 137 2 9 134 19 130 3 3 60 4 62 16 62 4 4 78 10 65 20 78 30 73 3 9 85 23 110 30 108 2 3 102 12 110 2 5 60 29 56 2 6 85 20 107 2 22 122 26 133 3 7 8 25 8 28 7 2 8 200 9 177 2 10 57 14 72 2 28 80 29 78 3 6 168 17 186 27 203 3 11 150 12 125 26 121 3 7 130 9 170 12 132 3 2 157 4 178 13 155 3 4 116 16 97 17 126 3 14 187 15 219 28 164 4 3 106 19 93 20 80 29 89 2 5 63 29 67 2 4 87 16 82 3 16 38 18 40 30 38 4 4 71 10 55 20 78 30 67 3 16 132 28 126 29 109 3 16 91 21 78 28 96 3 14 216 15 226 28 178 4 3 15 7 10 22 14 24 15 3 20 48 22 38 23 52 2 24 126 29 138 3 5 181 18 158 25 163
36 2 1 116 9 86 3 11 148 12 120 26 142 3 2 141 8 142 30 145 2 3 94 12 88 3 2 157 8 147 30 139 3 14 217 15 164 28 225 2 5 64 29 64 2 1 120 9 85 3 7 9 25 9 28 7 3 3 56 4 60 16 64 3 7 7 25 7 28 9 2 6 84 20 116 2 8 182 9 196 2 9 112 19 149 2 5 67 29 66 3 4 92 16 117 17 108 2 10 83 14 64 3 16 104 28 102 29 126 3 7 147 9 156 12 150 2 24 138 29 158 3 2 176 4 222 13 171 2 15 108 18 107 3 7 139 9 153 12 165 4 3 13 7 10 22 13 24 14 2 4 79 16 77 4 4 72 10 75 20 61 30 57 3 16 48 18 37 30 47 4 3 81 19 76 20 102 29 75 3 6 180 17 189 27 192 3 20 51 22 50 23 46 3 16 85 21 75 28 101 3 5 195 18 187 25 171 2 6 109 20 101 2 22 159 26 108 3 9 110 23 81 30 96 2 28 66 29 56
34 2 1 102 9 111 3 16 136 28 149 29 111 3 20 37 22 49 23 39 3 16 106 28 142 29 152 2 15 138 18 116 3 2 160 4 191 13 214 2 28 71 29 67 3 2 128 8 139 30 131 2 3 82 12 108 3 3 60 4 65 16 57 2 5 67 29 56 2 6 103 20 113 3 7 8 25 7 28 6 3 6 187 17 159 27 141 2 15 139 18 113 2 8 146 9 193 2 9 109 19 110 2 6 83 20 106 2 10 77 14 83 3 9 78 23 105 30 103 3 11 113 12 118 26 148 3 7 165 9 114 12 137 3 5 188 18 175 25 175 4 3 100 19 83 20 94 29 77 2 22 154 26 115 3 14 206 15 154 28 199 3 16 40 18 49 30 40 2 4 70 16 83 3 4 122 16 116 17 92 4 4 71 10 58 20 63 30 73 2 9 105 19 134 3 16 79 21 77 28 81 4 3 12 7 12 22 13 24 11 2 24 132 29 132
34 2 1 102 9 111 3 16 136 28 149 29 111 3 20 37 22 49 23 39 3 16 106 28 142 29 152 2 15 138 18 116 3 2 160 4 191 13 214 2 28 71 29 67 3 2 128 8 139 30 131 2 3 82 12 108 3 3 60 4 65 16 57 2 5 67 29 56 2 6 103 20 113 3 7 8 25 7 28 6 3 6 187 17 159 27 141 2 15 139 18 113 2 8 146 9 193 2 9 109 19 110 2 6 83 20 106 2 10 77 14 83 3 9 78 23 105 30 103 3 11 113 12 118 26 148 3 7 165 9 114 12 137 3 5 188 18 175 25 175 4 3 100 19 83 20 94 29 77 2 22 154 26 115 3 14 206 15 154 28 199 3 16 40 18 49 30 40 2 4 70 16 83 3 4 122 16 116 17 92 4 4 71 10 58 20 63 30 73 2 9 105 19 134 3 16 79 21 77 28 81 4 3 12 7 12 22 13 24 11 2 24 132 29 132
34 2 1 102 9 83 3 2 121 8 162 30 122 2 1 117 9 86 2 3 84 12 112 3 3 54 4 68 16 45 2 24 134 29 117 3 20 39 22 41 23 37 2 5 48 29 50 3 6 203 17 148 27 144 4 4 54 10 69 20 64 30 59 2 6 87 20 115 3 7 8 25 8 28 8 3 2 115 8 156 30 120 2 4 85 16 73 2 10 67 14 79 2 6 105 20 99 2 8 151 9 152 2 5 55 29 64 4 3 10 7 14 22 10 24 11 2 28 72 29 59 2 22 159 26 157 2 9 113 19 113 3 11 142 12 108 26 150 3 7 156 9 162 12 117 3 14 152 15 184 28 181 3 2 157 4 221 13 215 4 3 110 19 87 20 106 29 107 2 15 112 18 99 3 4 127 16 136 17 132 3 16 43 18 41 30 35 3 5 163 18 183 25 182 3 16 84 21 101 28 82 3 16 130 28 142 29 133 3 9 109 23 92 30 105
34 2 1 112 9 82 3 2 138 8 156 30 141 3 3 67 4 48 16 66 3 2 123 8 163 30 144 2 6 117 20 94 2 3 106 12 92 2 8 186 9 175 3 11 153 12 153 26 132 2 5 49 29 70 3 7 8 25 8 28 8 3 6 181 17 156 27 186 2 10 56 14 70 2 9 131 19 124 3 7 160 9 158 12 155 3 11 138 12 150 26 109 3 2 169 4 157 13 195 3 14 172 15 208 28 152 2 15 130 18 106 4 3 10 7 13 22 14 24 11 3 14 194 15 153 28 195 2 4 87 16 80 3 5 185 18 195 25 185 3 16 37 18 47 30 50 3 4 131 16 104 17 135 4 3 97 19 85 20 95 29 84 4 4 56 10 65 20 77 30 56 2 28 78 29 75 3 16 73 21 96 28 103 3 7 6 25 7 28 7 3 20 44 22 48 23 54 3 16 137 28 140 29 140 2 24 128 29 151 3 9 98 23 103 30 83 2 22 155 26 149
34 2 1 89 9 117 3 2 135 8 115 30 153 3 3 51 4 58 16 61 3 2 138 8 155 30 137 2 6 107 20 118 2 3 102 12 86 2 8 157 9 143 3 11 150 12 142 26 111 2 5 57 29 54 3 7 8 25 6 28 7 3 6 160 17 146 27 195 2 10 70 14 56 2 9 149 19 113 3 7 163 9 124 12 169 3 11 133 12 127 26 110 3 2 201 4 217 13 219 3 14 177 15 213 28 221 2 15 126 18 108 4 3 12 7 11 22 13 24 14 3 14 156 15 171 28 180 2 4 86 16 80 3 5 166 18 143 25 201 3 16 42 18 37 30 50 3 4 120 16 110 17 93 4 3 75 19 93 20 84 29 109 4 4 63 10 72 20 73 30 72 2 28 57 29 64 3 16 72 21 74 28 96 3 7 8 25 7 28 6 3 20 37 22 51 23 53 3 16 126 28 117 29 150 2 24 118 29 129 3 9 111 23 103 30 107 2 22 132 26 121
34 2 1 94 9 114 3 2 165 8 116 30 136 2 1 101 9 105 2 3 90 12 114 3 3 51 4 53 16 53 2 24 121 29 141 3 20 53 22 44 23 38 2 5 48 29 48 3 6 187 17 166 27 146 4 4 61 10 72 20 79 30 55 2 6 117 20 112 3 7 7 25 8 28 8 3 2 128 8 128 30 139 2 4 83 16 79 2 10 76 14 61 2 6 91 20 82 2 8 197 9 173 2 5 64 29 71 4 3 11 7 15 22 13 24 10 2 28 67 29 62 2 22 126 26 110 2 9 141 19 151 3 11 154 12 123 26 146 3 7 161 9 143 12 142 3 14 172 15 214 28 155 3 2 221 4 216 13 215 4 3 81 19 87 20 87 29 76 2 15 144 18 124 3 4 132 16 113 17 135 3 16 42 18 43 30 44 3 5 161 18 179 25 182 3 16 103 21 84 28 88 3 16 152 28 116 29 143 3 9 94 23 98 30 105
35 4 3 14 7 10 22 13 24 12 2 1 81 9 98 2 10 65 14 64 3 3 58 4 61 16 46 2 1 110 9 114 3 2 138 8 127 30 123 2 5 70 29 66 2 3 79 12 102 2 6 116 20 102 3 7 144 9 125 12 158 3 20 54 22 53 23 40 3 7 7 25 9 28 8 4 3 103 19 99 20 103 29 108 2 8 169 9 162 2 22 143 26 135 2 9 131 19 127 4 4 68 10 66 20 59 30 73 3 11 112 12 125 26 133 4 3 92 19 74 20 80 29 110 3 2 209 4 157 13 213 3 14 195 15 198 28 208 2 15 139 18 121 3 6 197 17 209 27 174 2 4 73 16 78 3 7 155 9 138 12 136 3 4 107 16 135 17 117 3 5 154 18 163 25 197 4 4 54 10 79 20 60 30 61 3 16 47 18 39 30 38 3 16 105 21 85 28 74 2 28 62 29 55 3 9 111 23 87 30 114 2 24 124 29 121 2 1 88 9 94 3 16 129 28 124 29 147
40 2 1 87 9 99 2 9 152 19 115 2 1 111 9 94 2 15 146 18 130 3 2 164 8 126 30 159 2 4 78 16 83 2 1 109 9 81 2 3 90 12 84 3 3 60 4 58 16 60 2 10 83 14 78 2 5 60 29 61 2 6 100 20 115 2 4 92 16 69 3 7 162 9 130 12 120 3 7 7 25 6 28 8 4 3 75 19 104 20 108 29 97 4 4 68 10 79 20 61 30 54 3 3 61 4 68 16 47 2 8 163 9 137 2 10 79 14 62 4 3 12 7 11 22 14 24 14 3 11 155 12 142 26 107 2 10 75 14 57 3 2 213 4 162 13 190 3 14 164 15 181 28 210 3 4 96 16 132 17 124 2 4 71 16 89 2 22 123 26 153 2 28 70 29 74 3 2 112 8 124 30 119 3 16 36 18 34 30 48 3 16 94 21 79 28 100 3 7 6 25 9 28 6 3 16 148 28 123 29 121 3 20 50 22 44 23 48 2 24 159 29 136 3 5 158 18 181 25 141 3 6 141 17 197 27 178 3 16 76 21 89 28 86 3 9 110 23 95 30 106
37 2 1 104 9 116 3 2 166 8 113 30 135 2 3 102 12 109 3 3 51 4 46 16 62 2 1 121 9 82 2 5 50 29 54 3 2 112 8 156 30 121 2 22 115 26 129 2 6 96 20 105 4 3 111 19 99 20 108 29 89 3 7 7 25 9 28 9 3 16 104 28 123 29 148 2 8 155 9 150 3 7 6 25 8 28 8 2 9 129 19 138 2 28 70 29 82 4 3 81 19 75 20 97 29 81 2 10 62 14 59 3 4 127 16 124 17 127 3 11 118 12 149 26 138 2 24 144 29 135 3 14 162 15 187 28 216 3 7 127 9 118 12 141 3 11 146 12 143 26 120 3 2 157 4 219 13 155 2 15 112 18 134 2 4 76 16 94 3 16 49 18 37 30 38 4 4 66 10 58 20 66 30 66 3 16 94 21 79 28 79 4 3 13 7 12 22 11 24 10 2 5 54 29 69 3 20 46 22 50 23 47 3 5 162 18 174 25 171 2 15 139 18 121 3 6 199 17 180 27 180 3 9 90 23 104 30 84
37 2 1 104 9 116 3 2 166 8 113 30 135 2 3 102 12 109 3 3 51 4 46 16 62 2 1 121 9 82 2 5 50 29 54 3 2 112 8 156 30 121 2 22 115 26 129 2 6 96 20 105 4 3 111 19 99 20 108 29 89 3 7 7 25 9 28 9 3 16 104 28 123 29 148 2 8 155 9 150 3 7 6 25 8 28 8 2 9 129 19 138 2 28 70 29 82 4 3 81 19 75 20 97 29 81 2 10 62 14 59 3 4 127 16 124 17 127 3 11 118 12 149 26 138 2 24 144 29 135 3 14 162 15 187 28 216 3 7 127 9 118 12 141 3 11 146 12 143 26 120 3 2 157 4 219 13 155 2 15 112 18 134 2 4 76 16 94 3 16 49 18 37 30 38 4 4 66 10 58 20 66 30 66 3 16 94 21 79 28 79 4 3 13 7 12 22 11 24 10 2 5 54 29 69 3 20 46 22 50 23 47 3 5 162 18 174 25 171 2 15 139 18 121 3 6 199 17 180 27 180 3 9 90 23 104 30 84
37 2 1 100 9 112 3 2 159 8 138 30 126 2 8 200 9 147 3 3 48 4 60 16 64 2 1 100 9 106 2 3 88 12 86 3 16 50 18 37 30 34 4 4 70 10 55 20 69 30 65 3 16 35 18 43 30 51 2 5 59 29 66 3 16 108 28 134 29 111 2 6 108 20 105 2 10 63 14 69 3 16 144 28 120 29 136 3 7 6 25 8 28 9 2 9 112 19 108 3 11 145 12 130 26 124 3 7 127 9 152 12 137 3 3 46 4 51 16 48 2 4 81 16 91 3 2 205 4 171 13 155 4 3 15 7 14 22 14 24 12 3 14 162 15 222 28 153 2 15 115 18 135 3 4 132 16 130 17 112 4 3 82 19 92 20 109 29 90 2 4 70 16 71 3 16 81 21 81 28 75 3 20 37 22 41 23 40 2 24 139 29 151 3 2 160 8 151 30 161 3 5 184 18 182 25 142 3 2 132 8 163 30 137 2 22 110 26 129 2 28 66 29 77 3 6 184 17 181 27 177 3 9 102 23 94 30 102
37 2 1 100 9 112 3 2 159 8 138 30 126 2 8 200 9 147 3 3 48 4 60 16 64 2 1 100 9 106 2 3 88 12 86 3 16 50 18 37 30 34 4 4 70 10 55 20 69 30 65 3 16 35 18 43 30 51 2 5 59 29 66 3 16 108 28 134 29 111 2 6 108 20 105 2 10 63 14 69 3 16 144 28 120 29 136 3 7 6 25 8 28 9 2 9 112 19 108 3 11 145 12 130 26 124 3 7 127 9 152 12 137 3 3 46 4 51 16 48 2 4 81 16 91 3 2 205 4 171 13 155 4 3 15 7 14 22 14 24 12 3 14 162 15 222 28 153 2 15 115 18 135 3 4 132 16 130 17 112 4 3 82 19 92 20 109 29 90 2 4 70 16 71 3 16 81 21 81 28 75 3 20 37 22 41 23 40 2 24 139 29 151 3 2 160 8 151 30 161 3 5 184 18 182 25 142 3 2 132 8 163 30 137 2 22 110 26 129 2 28 66 29 77 3 6 184 17 181 27 177 3 9 102 23 94 30 102
36 2 1 93 9 97 2 15 129 18 99 3 2 154 8 141 30 158 2 3 102 12 79 4 4 78 10 77 20 59 30 73 3 2 121 8 166 30 121 2 9 106 19 136 3 3 61 4 58 16 59 4 4 72 10 76 20 79 30 81 3 9 94 23 110 30 109 2 3 103 12 82 2 5 60 29 51 2 6 82 20 93 2 22 156 26 155 3 7 7 25 7 28 8 2 8 161 9 164 2 10 69 14 58 2 28 65 29 71 3 6 203 17 183 27 175 3 11 118 12 126 26 154 3 7 120 9 131 12 136 3 2 171 4 159 13 151 3 4 129 16 106 17 106 3 14 191 15 205 28 201 4 3 87 19 98 20 94 29 77 2 5 50 29 56 2 4 70 16 66 3 16 43 18 37 30 43 4 4 60 10 62 20 54 30 61 3 16 113 28 122 29 135 3 16 84 21 88 28 71 3 14 215 15 152 28 153 4 3 13 7 13 22 11 24 12 3 20 40 22 38 23 40 2 24 146 29 132 3 5 203 18 146 25 167
37 2 1 82 9 117 3 2 157 8 141 30 124 2 3 90 12 102 3 3 46 4 57 16 67 2 1 105 9 85 2 5 60 29 52 3 2 161 8 146 30 152 2 22 109 26 135 2 6 111 20 81 4 3 98 19 80 20 88 29 75 3 7 9 25 9 28 9 3 16 118 28 143 29 121 2 8 145 9 173 3 7 6 25 7 28 6 2 9 123 19 145 2 28 64 29 69 4 3 93 19 87 20 74 29 100 2 10 68 14 64 3 4 104 16 129 17 116 3 11 116 12 112 26 119 2 24 153 29 155 3 14 221 15 185 28 202 3 7 136 9 155 12 130 3 11 131 12 140 26 153 3 2 163 4 159 13 158 2 15 133 18 102 2 4 94 16 69 3 16 42 18 48 30 40 4 4 75 10 77 20 71 30 55 3 16 80 21 80 28 80 4 3 13 7 12 22 11 24 12 2 5 64 29 69 3 20 44 22 41 23 39 3 5 162 18 200 25 174 2 15 111 18 147 3 6 182 17 178 27 141 3 9 110 23 102 30 89
36 2 1 120 9 82 2 15 107 18 143 3 2 151 8 144 30 140 2 3 109 12 85 4 4 68 10 80 20 61 30 69 3 2 131 8 129 30 145 2 9 127 19 141 3 3 61 4 46 16 61 4 4 71 10 68 20 74 30 80 3 9 79 23 83 30 109 2 3 114 12 102 2 5 62 29 59 2 6 99 20 100 2 22 122 26 158 3 7 8 25 8 28 8 2 8 201 9 195 2 10 73 14 64 2 28 70 29 59 3 6 151 17 146 27 192 3 11 147 12 124 26 138 3 7 155 9 149 12 135 3 2 188 4 205 13 210 3 4 110 16 104 17 102 3 14 152 15 218 28 159 4 3 80 19 85 20 80 29 101 2 5 49 29 59 2 4 96 16 92 3 16 36 18 39 30 38 4 4 71 10 71 20 77 30 74 3 16 149 28 137 29 136 3 16 81 21 91 28 83 3 14 192 15 153 28 167 4 3 11 7 14 22 10 24 13 3 20 44 22 52 23 49 2 24 127 29 155 3 5 140 18 169 25 170
36 2 1 120 9 82 2 15 107 18 143 3 2 151 8 144 30 140 2 3 109 12 85 4 4 68 10 80 20 61 30 69 3 2 131 8 129 30 145 2 9 127 19 141 3 3 61 4 46 16 61 4 4 71 10 68 20 74 30 80 3 9 79 23 83 30 109 2 3 114 12 102 2 5 62 29 59 2 6 99 20 100 2 22 122 26 158 3 7 8 25 8 28 8 2 8 201 9 195 2 10 73 14 64 2 28 70 29 59 3 6 151 17 146 27 192 3 11 147 12 124 26 138 3 7 155 9 149 12 135 3 2 188 4 205 13 210 3 4 110 16 104 17 102 3 14 152 15 218 28 159 4 3 80 19 85 20 80 29 101 2 5 49 29 59 2 4 96 16 92 3 16 36 18 39 30 38 4 4 71 10 71 20 77 30 74 3 16 149 28 137 29 136 3 16 81 21 91 28 83 3 14 192 15 153 28 167 4 3 11 7 14 22 10 24 13 3 20 44 22 52 23 49 2 24 127 29 155 3 5 140 18 169 25 170
37 2 1 90 9 109 3 2 117 8 157 30 138 2 8 165 9 134 3 3 58 4 59 16 62 2 1 108 9 112 2 3 95 12 88 3 16 38 18 48 30 49 4 4 76 10 61 20 75 30 61 3 16 50 18 34 30 34 2 5 53 29 54 3 16 108 28 103 29 131 2 6 103 20 106 2 10 77 14 57 3 16 132 28 101 29 110 3 7 7 25 9 28 7 2 9 149 19 135 3 11 157 12 108 26 106 3 7 144 9 145 12 132 3 3 55 4 45 16 53 2 4 76 16 70 3 2 160 4 151 13 218 4 3 14 7 13 22 12 24 14 3 14 154 15 156 28 159 2 15 120 18 136 3 4 122 16 114 17 106 4 3 111 19 110 20 104 29 106 2 4 78 16 94 3 16 82 21 92 28 105 3 20 38 22 52 23 38 2 24 138 29 113 3 2 121 8 166 30 138 3 5 183 18 191 25 171 3 2 149 8 130 30 124 2 22 159 26 152 2 28 59 29 56 3 6 157 17 192 27 188 3 9 98 23 96 30 97
37 2 24 163 29 136 2 1 98 9 98 3 11 146 12 127 26 145 3 2 118 8 139 30 124 2 3 84 12 80 3 11 122 12 120 26 120 3 3 48 4 47 16 52 3 2 207 4 200 13 190 2 5 60 29 71 3 6 200 17 147 27 176 3 2 150 8 128 30 138 2 6 114 20 91 3 7 7 25 9 28 6 2 8 140 9 163 3 16 34 18 45 30 40 2 9 121 19 123 2 10 74 14 65 3 3 60 4 46 16 57 3 7 123 9 166 12 133 3 14 161 15 174 28 164 4 3 79 19 100 20 77 29 93 2 15 113 18 108 3 6 157 17 166 27 168 4 3 15 7 11 22 11 24 14 4 4 56 10 69 20 68 30 70 3 7 7 25 9 28 9 2 4 80 16 75 3 4 92 16 93 17 104 3 16 89 21 73 28 80 3 9 95 23 109 30 82 3 20 49 22 42 23 37 3 7 7 25 7 28 7 3 5 205 18 140 25 140 2 22 113 26 127 4 3 92 19 107 20 95 29 104 2 28 71 29 57 3 16 134 28 110 29 145
34 2 1 92 9 83 3 16 145 28 118 29 135 3 20 40 22 50 23 41 3 16 123 28 103 29 129 2 15 122 18 118 3 2 182 4 201 13 153 2 28 55 29 62 3 2 115 8 161 30 150 2 3 100 12 101 3 3 56 4 67 16 59 2 5 67 29 60 2 6 89 20 81 3 7 9 25 8 28 8 3 6 185 17 146 27 209 2 15 103 18 126 2 8 192 9 152 2 9 146 19 148 2 6 117 20 114 2 10 81 14 82 3 9 76 23 92 30 84 3 11 146 12 123 26 154 3 7 170 9 162 12 126 3 5 189 18 144 25 182 4 3 77 19 91 20 89 29 109 2 22 151 26 126 3 14 153 15 199 28 155 3 16 48 18 36 30 46 2 4 89 16 76 3 4 116 16 109 17 107 4 4 74 10 73 20 59 30 57 2 9 110 19 150 3 16 82 21 85 28 79 4 3 10 7 11 22 13 24 12 2 24 129 29 148
33 2 1 110 9 93 3 2 122 8 144 30 114 2 3 98 12 88 3 16 135 28 106 29 148 3 3 59 4 56 16 65 2 5 60 29 52 3 2 144 8 153 30 124 2 15 101 18 141 2 6 119 20 95 3 16 46 18 49 30 46 3 7 8 25 7 28 9 3 14 194 15 157 28 168 3 6 187 17 151 27 194 2 8 144 9 178 3 16 50 18 50 30 43 2 9 142 19 134 2 10 65 14 64 3 11 136 12 139 26 144 3 7 155 9 152 12 114 3 2 153 4 198 13 209 2 4 82 16 82 3 4 99 16 110 17 99 4 3 84 19 95 20 107 29 96 4 4 70 10 63 20 68 30 71 2 22 152 26 107 3 16 72 21 90 28 88 4 3 13 7 14 22 10 24 14 2 8 150 9 138 3 20 54 22 49 23 37 2 24 111 29 162 3 5 148 18 202 25 202 2 28 79 29 69 3 9 78 23 82 30 93
33 2 1 110 9 93 3 2 122 8 144 30 114 2 3 98 12 88 3 16 135 28 106 29 148 3 3 59 4 56 16 65 2 5 60 29 52 3 2 144 8 153 30 124 2 15 101 18 141 2 6 119 20 95 3 16 46 18 49 30 46 3 7 8 25 7 28 9 3 14 194 15 157 28 168 3 6 187 17 151 27 194 2 8 144 9 178 3 16 50 18 50 30 43 2 9 142 19 134 2 10 65 14 64 3 11 136 12 139 26 144 3 7 155 9 152 12 114 3 2 153 4 198 13 209 2 4 82 16 82 3 4 99 16 110 17 99 4 3 84 19 95 20 107 29 96 4 4 70 10 63 20 68 30 71 2 22 152 26 107 3 16 72 21 90 28 88 4 3 13 7 14 22 10 24 14 2 8 150 9 138 3 20 54 22 49 23 37 2 24 111 29 162 3 5 148 18 202 25 202 2 28 79 29 69 3 9 78 23 82 30 93
DUE_DATES: 3750 3750 3750 4080 4080 4191 4191 4011 4011 4011 3931 3984 3984 3605 3757 3757 4203 4203 3558 3558 4098 4018 3882 3882 4030 4030 3956 3956 3900 3711 3711 3621 3825 3708 3736 3795 4078 3913 3913 3940 3940 3807 3899 3930 3930 3906 3740 3743 3576 3576
WEIGHTS: 1 1 2 3 1 2 2 2 3 2 3 2 2 2 1 2 2 1 3 3 1 3 3 3 2 2 2 2 2 1 1 2 2 1 2 1 1 2 3 3 2 1 2 3 1 2 2 3 2 2
