50 30
33 3 3 57 15 61 24 65 2 1 114 7 146 3 15 85 25 121 29 89 3 2 161 18 187 26 173 3 7 124 8 183 25 173 3 3 22 11 28 25 21 2 4 36 19 29 2 17 135 30 129 2 5 26 10 25 2 6 25 20 23 2 12 147 23 155 3 6 176 7 188 28 145 2 9 100 27 131 2 1 54 11 76 2 7 153 10 139 2 12 111 28 107 2 18 144 21 129 2 26 164 27 143 1 21 48 2 3 176 13 207 3 14 99 17 101 20 91 2 7 192 10 157 2 1 12 16 12 2 20 55 26 62 2 9 111 27 136 2 17 155 26 160 2 5 109 19 122 3 11 17 15 13 22 15 3 7 39 10 36 25 29 3 11 13 15 17 22 15 3 11 175 24 125 27 153 3 10 92 27 65 28 65 2 1 116 29 106
33 3 3 57 15 61 24 65 2 1 114 7 146 3 15 85 25 121 29 89 3 2 161 18 187 26 173 3 7 124 8 183 25 173 3 3 22 11 28 25 21 2 4 36 19 29 2 17 135 30 129 2 5 26 10 25 2 6 25 20 23 2 12 147 23 155 3 6 176 7 188 28 145 2 9 100 27 131 2 1 54 11 76 2 7 153 10 139 2 12 111 28 107 2 18 144 21 129 2 26 164 27 143 1 21 48 2 3 176 13 207 3 14 99 17 101 20 91 2 7 192 10 157 2 1 12 16 12 2 20 55 26 62 2 9 111 27 136 2 17 155 26 160 2 5 109 19 122 3 11 17 15 13 22 15 3 7 39 10 36 25 29 3 11 13 15 17 22 15 3 11 175 24 125 27 153 3 10 92 27 65 28 65 2 1 116 29 106
33 3 3 57 15 61 24 65 2 1 114 7 146 3 15 85 25 121 29 89 3 2 161 18 187 26 173 3 7 124 8 183 25 173 3 3 22 11 28 25 21 2 4 36 19 29 2 17 135 30 129 2 5 26 10 25 2 6 25 20 23 2 12 147 23 155 3 6 176 7 188 28 145 2 9 100 27 131 2 1 54 11 76 2 7 153 10 139 2 12 111 28 107 2 18 144 21 129 2 26 164 27 143 1 21 48 2 3 176 13 207 3 14 99 17 101 20 91 2 7 192 10 157 2 1 12 16 12 2 20 55 26 62 2 9 111 27 136 2 17 155 26 160 2 5 109 19 122 3 11 17 15 13 22 15 3 7 39 10 36 25 29 3 11 13 15 17 22 15 3 11 175 24 125 27 153 3 10 92 27 65 28 65 2 1 116 29 106
35 2 1 116 7 105 1 21 44 2 17 160 26 113 2 1 128 7 103 2 4 35 19 29 3 2 172 18 146 26 179 3 3 26 11 30 25 21 2 5 25 10 20 2 6 25 20 18 3 6 202 7 172 28 195 3 7 150 8 156 25 156 2 9 109 27 135 3 3 73 15 78 24 62 2 1 81 29 120 2 7 201 10 193 2 1 69 11 79 2 17 149 26 117 2 12 114 28 125 2 26 172 27 200 2 17 127 30 144 2 3 220 13 184 3 7 28 10 32 25 36 2 1 10 16 12 3 14 91 17 85 20 113 3 15 108 25 87 29 87 2 18 116 21 144 2 1 119 7 127 2 5 125 19 136 2 1 74 11 77 3 11 125 24 141 27 128 3 11 19 15 13 22 14 2 20 63 26 68 2 9 97 27 111 2 12 164 23 137 3 10 90 27 70 28 90
32 3 14 113 17 95 20 91 1 21 45 2 1 125 7 148 2 20 74 26 68 3 2 203 18 164 26 156 3 3 21 11 27 25 23 2 4 27 19 28 2 1 14 16 11 2 5 21 10 24 3 6 203 7 204 28 201 2 6 21 20 19 2 17 117 26 154 3 7 173 8 163 25 161 2 9 113 27 128 2 7 201 10 164 2 18 106 21 150 2 1 63 11 67 2 1 11 16 13 2 12 111 28 110 3 7 34 10 38 25 32 2 1 110 29 97 2 3 215 13 171 3 15 118 25 95 29 83 2 5 110 19 125 3 3 24 11 30 25 24 3 11 17 15 14 22 17 2 12 138 23 140 3 11 122 24 131 27 149 3 3 72 15 56 24 61 2 26 196 27 184 2 17 126 30 151 3 10 90 27 69 28 85
32 3 14 113 17 95 20 91 1 21 45 2 1 125 7 148 2 20 74 26 68 3 2 203 18 164 26 156 3 3 21 11 27 25 23 2 4 27 19 28 2 1 14 16 11 2 5 21 10 24 3 6 203 7 204 28 201 2 6 21 20 19 2 17 117 26 154 3 7 173 8 163 25 161 2 9 113 27 128 2 7 201 10 164 2 18 106 21 150 2 1 63 11 67 2 1 11 16 13 2 12 111 28 110 3 7 34 10 38 25 32 2 1 110 29 97 2 3 215 13 171 3 15 118 25 95 29 83 2 5 110 19 125 3 3 24 11 30 25 24 3 11 17 15 14 22 17 2 12 138 23 140 3 11 122 24 131 27 149 3 3 72 15 56 24 61 2 26 196 27 184 2 17 126 30 151 3 10 90 27 69 28 85
32 3 14 113 17 95 20 91 1 21 45 2 1 125 7 148 2 20 74 26 68 3 2 203 18 164 26 156 3 3 21 11 27 25 23 2 4 27 19 28 2 1 14 16 11 2 5 21 10 24 3 6 203 7 204 28 201 2 6 21 20 19 2 17 117 26 154 3 7 173 8 163 25 161 2 9 113 27 128 2 7 201 10 164 2 18 106 21 150 2 1 63 11 67 2 1 11 16 13 2 12 111 28 110 3 7 34 10 38 25 32 2 1 110 29 97 2 3 215 13 171 3 15 118 25 95 29 83 2 5 110 19 125 3 3 24 11 30 25 24 3 11 17 15 14 22 17 2 12 138 23 140 3 11 122 24 131 27 149 3 3 72 15 56 24 61 2 26 196 27 184 2 17 126 30 151 3 10 90 27 69 28 85
32 3 14 113 17 95 20 91 1 21 45 2 1 125 7 148 2 20 74 26 68 3 2 203 18 164 26 156 3 3 21 11 27 25 23 2 4 27 19 28 2 1 14 16 11 2 5 21 10 24 3 6 203 7 204 28 201 2 6 21 20 19 2 17 117 26 154 3 7 173 8 163 25 161 2 9 113 27 128 2 7 201 10 164 2 18 106 21 150 2 1 63 11 67 2 1 11 16 13 2 12 111 28 110 3 7 34 10 38 25 32 2 1 110 29 97 2 3 215 13 171 3 15 118 25 95 29 83 2 5 110 19 125 3 3 24 11 30 25 24 3 11 17 15 14 22 17 2 12 138 23 140 3 11 122 24 131 27 149 3 3 72 15 56 24 61 2 26 196 27 184 2 17 126 30 151 3 10 90 27 69 28 85
32 3 14 113 17 95 20 91 1 21 45 2 1 125 7 148 2 20 74 26 68 3 2 203 18 164 26 156 3 3 21 11 27 25 23 2 4 27 19 28 2 1 14 16 11 2 5 21 10 24 3 6 203 7 204 28 201 2 6 21 20 19 2 17 117 26 154 3 7 173 8 163 25 161 2 9 113 27 128 2 7 201 10 164 2 18 106 21 150 2 1 63 11 67 2 1 11 16 13 2 12 111 28 110 3 7 34 10 38 25 32 2 1 110 29 97 2 3 215 13 171 3 15 118 25 95 29 83 2 5 110 19 125 3 3 24 11 30 25 24 3 11 17 15 14 22 17 2 12 138 23 140 3 11 122 24 131 27 149 3 3 72 15 56 24 61 2 26 196 27 184 2 17 126 30 151 3 10 90 27 69 28 85
36 2 1 146 7 133 2 12 151 23 189 2 4 31 19 31 3 2 179 18 139 26 185 2 1 146 7 137 3 3 29 11 29 25 25 2 5 23 10 22 2 17 158 26 120 2 6 23 20 20 2 17 156 26 148 3 6 161 7 173 28 172 3 7 174 8 152 25 130 2 9 133 27 102 2 1 110 29 119 2 1 119 7 122 2 7 203 10 176 3 2 205 18 194 26 171 2 1 71 11 79 2 12 92 28 125 2 3 225 13 150 2 17 130 30 145 2 18 110 21 120 3 14 84 17 117 20 88 2 5 109 19 113 3 15 87 25 93 29 82 2 26 154 27 200 1 21 38 2 1 13 16 10 2 20 68 26 70 3 11 17 15 14 22 18 2 17 117 26 136 3 3 68 15 74 24 75 2 26 157 27 174 3 7 37 10 39 25 32 3 11 132 24 164 27 121 3 10 69 27 71 28 69
36 3 2 200 18 174 26 152 2 1 121 7 101 3 6 179 7 200 28 179 3 11 135 24 157 27 168 3 3 22 11 21 25 22 2 4 37 19 31 2 20 58 26 60 3 11 153 24 137 27 127 2 5 23 10 27 2 6 24 20 18 3 7 138 8 148 25 135 3 11 179 24 146 27 155 2 9 106 27 129 2 7 175 10 188 2 1 80 11 79 2 12 131 28 124 2 3 187 13 200 3 14 91 17 115 20 93 3 11 122 24 150 27 123 3 15 91 25 114 29 92 3 11 13 15 16 22 17 3 11 134 24 129 27 145 2 17 123 26 128 2 1 10 16 12 2 18 115 21 120 2 5 105 19 117 2 17 123 30 107 3 2 170 18 193 26 177 2 1 121 29 81 1 21 35 2 12 169 23 169 3 3 71 15 55 24 77 2 1 79 11 68 3 7 42 10 34 25 37 2 26 142 27 204 3 10 67 27 72 28 86
33 3 3 62 15 63 24 73 2 1 106 7 127 3 15 99 25 88 29 103 3 2 201 18 189 26 182 3 7 130 8 179 25 145 3 3 27 11 22 25 24 2 4 30 19 28 2 17 121 30 131 2 5 24 10 27 2 6 18 20 24 2 12 182 23 160 3 6 161 7 175 28 203 2 9 114 27 117 2 1 62 11 57 2 7 152 10 149 2 12 102 28 124 2 18 130 21 132 2 26 191 27 181 1 21 42 2 3 178 13 210 3 14 93 17 83 20 111 2 7 207 10 176 2 1 11 16 12 2 20 52 26 67 2 9 124 27 115 2 17 130 26 120 2 5 96 19 116 3 11 17 15 18 22 16 3 7 40 10 29 25 33 3 11 18 15 14 22 18 3 11 147 24 123 27 128 3 10 85 27 76 28 71 2 1 110 29 89
35 2 1 114 7 104 3 2 180 18 159 26 175 3 3 22 11 24 25 28 2 4 28 19 36 3 6 156 7 194 28 153 2 5 26 10 24 2 4 31 19 26 2 6 25 20 25 3 7 129 8 129 25 124 3 3 31 11 29 25 23 2 9 96 27 101 2 7 195 10 174 2 1 67 11 74 3 3 68 15 81 24 54 2 12 125 28 128 3 14 105 17 90 20 84 2 3 200 13 163 3 15 95 25 83 29 95 2 1 13 16 13 2 17 152 26 135 2 18 132 21 117 3 3 61 15 62 24 62 2 5 94 19 98 2 1 11 16 14 2 20 75 26 77 2 17 142 26 131 1 21 37 3 11 18 15 14 22 13 2 12 163 23 184 3 7 40 10 29 25 37 2 1 121 29 114 2 26 160 27 150 3 11 182 24 128 27 141 2 17 119 30 138 3 10 61 27 75 28 71
35 2 1 112 7 139 3 2 160 18 189 26 205 3 3 25 11 27 25 23 2 4 36 19 35 3 6 157 7 174 28 165 2 5 26 10 22 2 4 33 19 28 2 6 23 20 24 3 7 157 8 149 25 128 3 3 29 11 26 25 23 2 9 109 27 133 2 7 198 10 167 2 1 67 11 54 3 3 69 15 71 24 77 2 12 125 28 96 3 14 82 17 119 20 105 2 3 215 13 204 3 15 120 25 105 29 117 2 1 9 16 9 2 17 123 26 141 2 18 147 21 115 3 3 63 15 54 24 66 2 5 127 19 101 2 1 9 16 12 2 20 70 26 71 2 17 151 26 123 1 21 49 3 11 17 15 15 22 14 2 12 163 23 144 3 7 40 10 40 25 34 2 1 101 29 117 2 26 185 27 166 3 11 136 24 149 27 147 2 17 134 30 141 3 10 69 27 61 28 66
32 2 1 112 7 108 3 2 186 18 156 26 140 3 3 23 11 27 25 22 2 4 30 19 34 2 5 20 10 23 2 6 17 20 19 3 11 15 15 18 22 13 3 6 165 7 188 28 141 2 12 166 23 177 2 6 19 20 17 3 7 133 8 138 25 161 2 9 98 27 99 2 7 200 10 178 2 1 147 7 110 2 20 73 26 72 2 17 126 26 129 3 14 113 17 95 20 111 2 1 72 11 79 2 5 119 19 121 3 11 158 24 123 27 147 2 12 89 28 129 2 3 151 13 197 2 18 101 21 118 3 15 115 25 92 29 112 3 3 62 15 76 24 68 2 1 12 16 11 1 21 45 3 7 40 10 37 25 38 2 17 123 30 114 2 26 142 27 204 3 10 79 27 62 28 79 2 1 113 29 109
32 2 1 112 7 108 3 2 186 18 156 26 140 3 3 23 11 27 25 22 2 4 30 19 34 2 5 20 10 23 2 6 17 20 19 3 11 15 15 18 22 13 3 6 165 7 188 28 141 2 12 166 23 177 2 6 19 20 17 3 7 133 8 138 25 161 2 9 98 27 99 2 7 200 10 178 2 1 147 7 110 2 20 73 26 72 2 17 126 26 129 3 14 113 17 95 20 111 2 1 72 11 79 2 5 119 19 121 3 11 158 24 123 27 147 2 12 89 28 129 2 3 151 13 197 2 18 101 21 118 3 15 115 25 92 29 112 3 3 62 15 76 24 68 2 1 12 16 11 1 21 45 3 7 40 10 37 25 38 2 17 123 30 114 2 26 142 27 204 3 10 79 27 62 28 79 2 1 113 29 109
32 2 1 112 7 108 3 2 186 18 156 26 140 3 3 23 11 27 25 22 2 4 30 19 34 2 5 20 10 23 2 6 17 20 19 3 11 15 15 18 22 13 3 6 165 7 188 28 141 2 12 166 23 177 2 6 19 20 17 3 7 133 8 138 25 161 2 9 98 27 99 2 7 200 10 178 2 1 147 7 110 2 20 73 26 72 2 17 126 26 129 3 14 113 17 95 20 111 2 1 72 11 79 2 5 119 19 121 3 11 158 24 123 27 147 2 12 89 28 129 2 3 151 13 197 2 18 101 21 118 3 15 115 25 92 29 112 3 3 62 15 76 24 68 2 1 12 16 11 1 21 45 3 7 40 10 37 25 38 2 17 123 30 114 2 26 142 27 204 3 10 79 27 62 28 79 2 1 113 29 109
36 2 1 141 7 124 3 2 178 18 157 26 158 3 11 170 24 156 27 130 3 3 22 11 26 25 26 2 4 33 19 30 2 5 24 10 23 2 6 18 20 20 2 4 36 19 35 2 1 9 16 14 2 1 111 7 133 2 17 107 30 137 2 7 184 10 150 1 21 35 3 6 149 7 194 28 185 3 3 76 15 81 24 58 3 14 80 17 108 20 109 3 7 126 8 151 25 154 3 11 15 15 17 22 16 2 9 109 27 96 2 1 98 29 96 2 26 201 27 172 2 4 35 19 27 2 1 72 11 62 2 5 27 10 27 2 12 107 28 88 2 3 156 13 204 3 15 86 25 83 29 81 2 17 138 26 136 2 18 142 21 116 2 5 103 19 134 3 3 21 11 27 25 23 2 20 73 26 52 2 12 159 23 144 3 6 155 7 157 28 153 3 7 31 10 37 25 29 3 10 89 27 75 28 65
36 2 1 141 7 124 3 2 178 18 157 26 158 3 11 170 24 156 27 130 3 3 22 11 26 25 26 2 4 33 19 30 2 5 24 10 23 2 6 18 20 20 2 4 36 19 35 2 1 9 16 14 2 1 111 7 133 2 17 107 30 137 2 7 184 10 150 1 21 35 3 6 149 7 194 28 185 3 3 76 15 81 24 58 3 14 80 17 108 20 109 3 7 126 8 151 25 154 3 11 15 15 17 22 16 2 9 109 27 96 2 1 98 29 96 2 26 201 27 172 2 4 35 19 27 2 1 72 11 62 2 5 27 10 27 2 12 107 28 88 2 3 156 13 204 3 15 86 25 83 29 81 2 17 138 26 136 2 18 142 21 116 2 5 103 19 134 3 3 21 11 27 25 23 2 20 73 26 52 2 12 159 23 144 3 6 155 7 157 28 153 3 7 31 10 37 25 29 3 10 89 27 75 28 65
36 2 1 141 7 124 3 2 178 18 157 26 158 3 11 170 24 156 27 130 3 3 22 11 26 25 26 2 4 33 19 30 2 5 24 10 23 2 6 18 20 20 2 4 36 19 35 2 1 9 16 14 2 1 111 7 133 2 17 107 30 137 2 7 184 10 150 1 21 35 3 6 149 7 194 28 185 3 3 76 15 81 24 58 3 14 80 17 108 20 109 3 7 126 8 151 25 154 3 11 15 15 17 22 16 2 9 109 27 96 2 1 98 29 96 2 26 201 27 172 2 4 35 19 27 2 1 72 11 62 2 5 27 10 27 2 12 107 28 88 2 3 156 13 204 3 15 86 25 83 29 81 2 17 138 26 136 2 18 142 21 116 2 5 103 19 134 3 3 21 11 27 25 23 2 20 73 26 52 2 12 159 23 144 3 6 155 7 157 28 153 3 7 31 10 37 25 29 3 10 89 27 75 28 65
35 2 1 119 7 109 3 2 167 18 140 26 159 3 3 23 11 21 25 27 2 4 27 19 33 3 6 141 7 156 28 143 2 5 25 10 21 2 4 36 19 28 2 6 23 20 22 3 7 148 8 179 25 173 3 3 24 11 27 25 21 2 9 105 27 125 2 7 143 10 204 2 1 77 11 57 3 3 59 15 65 24 62 2 12 126 28 89 3 14 105 17 106 20 105 2 3 198 13 159 3 15 121 25 97 29 102 2 1 13 16 13 2 17 129 26 129 2 18 144 21 107 3 3 55 15 58 24 54 2 5 102 19 116 2 1 14 16 12 2 20 77 26 64 2 17 114 26 166 1 21 44 3 11 18 15 16 22 13 2 12 172 23 168 3 7 29 10 29 25 38 2 1 100 29 120 2 26 161 27 150 3 11 174 24 124 27 157 2 17 144 30 125 3 10 73 27 69 28 86
35 2 1 119 7 109 3 2 167 18 140 26 159 3 3 23 11 21 25 27 2 4 27 19 33 3 6 141 7 156 28 143 2 5 25 10 21 2 4 36 19 28 2 6 23 20 22 3 7 148 8 179 25 173 3 3 24 11 27 25 21 2 9 105 27 125 2 7 143 10 204 2 1 77 11 57 3 3 59 15 65 24 62 2 12 126 28 89 3 14 105 17 106 20 105 2 3 198 13 159 3 15 121 25 97 29 102 2 1 13 16 13 2 17 129 26 129 2 18 144 21 107 3 3 55 15 58 24 54 2 5 102 19 116 2 1 14 16 12 2 20 77 26 64 2 17 114 26 166 1 21 44 3 11 18 15 16 22 13 2 12 172 23 168 3 7 29 10 29 25 38 2 1 100 29 120 2 26 161 27 150 3 11 174 24 124 27 157 2 17 144 30 125 3 10 73 27 69 28 86
36 2 1 137 7 124 3 2 163 18 171 26 141 3 11 144 24 122 27 177 3 3 23 11 26 25 24 2 4 27 19 24 2 5 22 10 24 2 6 26 20 20 2 4 27 19 32 2 1 12 16 12 2 1 101 7 119 2 17 132 30 138 2 7 171 10 197 1 21 39 3 6 205 7 200 28 180 3 3 57 15 67 24 72 3 14 96 17 81 20 82 3 7 140 8 127 25 143 3 11 17 15 13 22 17 2 9 105 27 128 2 1 102 29 114 2 26 170 27 152 2 4 28 19 30 2 1 63 11 60 2 5 25 10 21 2 12 99 28 121 2 3 203 13 170 3 15 93 25 90 29 100 2 17 131 26 160 2 18 128 21 132 2 5 115 19 138 3 3 30 11 27 25 21 2 20 77 26 59 2 12 149 23 181 3 6 138 7 177 28 141 3 7 43 10 36 25 37 3 10 89 27 85 28 85
38 2 1 105 7 119 3 2 173 18 195 26 180 3 3 28 11 26 25 24 3 14 101 17 86 20 118 2 1 134 7 108 2 4 30 19 32 2 5 24 10 25 2 6 24 20 22 3 6 199 7 172 28 145 2 1 62 11 64 2 7 161 10 167 2 4 36 19 25 3 7 155 8 173 25 165 2 9 102 27 104 2 12 127 28 101 2 17 128 26 162 2 1 137 7 117 2 3 217 13 181 2 1 67 11 56 3 15 115 25 115 29 83 3 14 118 17 90 20 85 2 1 10 16 13 3 2 197 18 172 26 190 2 18 134 21 104 2 26 201 27 146 2 5 121 19 138 2 20 64 26 66 2 3 181 13 178 3 11 160 24 154 27 182 2 1 101 29 113 1 21 38 3 11 13 15 14 22 18 2 12 138 23 199 3 3 57 15 73 24 71 2 17 121 30 111 3 3 21 11 25 25 21 3 7 31 10 37 25 36 3 10 79 27 86 28 91
38 2 1 105 7 119 3 2 173 18 195 26 180 3 3 28 11 26 25 24 3 14 101 17 86 20 118 2 1 134 7 108 2 4 30 19 32 2 5 24 10 25 2 6 24 20 22 3 6 199 7 172 28 145 2 1 62 11 64 2 7 161 10 167 2 4 36 19 25 3 7 155 8 173 25 165 2 9 102 27 104 2 12 127 28 101 2 17 128 26 162 2 1 137 7 117 2 3 217 13 181 2 1 67 11 56 3 15 115 25 115 29 83 3 14 118 17 90 20 85 2 1 10 16 13 3 2 197 18 172 26 190 2 18 134 21 104 2 26 201 27 146 2 5 121 19 138 2 20 64 26 66 2 3 181 13 178 3 11 160 24 154 27 182 2 1 101 29 113 1 21 38 3 11 13 15 14 22 18 2 12 138 23 199 3 3 57 15 73 24 71 2 17 121 30 111 3 3 21 11 25 25 21 3 7 31 10 37 25 36 3 10 79 27 86 28 91
34 2 1 134 7 147 2 9 100 27 92 2 1 150 7 128 3 2 180 18 154 26 189 3 3 22 11 24 25 31 2 1 141 7 122 2 4 35 19 34 2 5 27 10 24 2 6 19 20 24 3 6 151 7 182 28 180 3 7 135 8 161 25 167 3 6 151 7 205 28 166 2 7 156 10 182 2 17 117 30 108 3 14 111 17 93 20 104 2 1 56 11 66 2 12 95 28 113 1 21 42 2 12 112 28 96 2 18 106 21 103 2 3 151 13 185 2 5 97 19 103 3 15 83 25 91 29 101 2 1 10 16 9 2 17 121 26 147 3 3 56 15 62 24 68 2 20 68 26 74 3 11 14 15 16 22 13 3 10 80 27 75 28 81 2 12 163 23 160 3 7 37 10 38 25 42 2 26 145 27 164 3 11 178 24 173 27 181 2 1 96 29 113
34 2 1 134 7 147 2 9 100 27 92 2 1 150 7 128 3 2 180 18 154 26 189 3 3 22 11 24 25 31 2 1 141 7 122 2 4 35 19 34 2 5 27 10 24 2 6 19 20 24 3 6 151 7 182 28 180 3 7 135 8 161 25 167 3 6 151 7 205 28 166 2 7 156 10 182 2 17 117 30 108 3 14 111 17 93 20 104 2 1 56 11 66 2 12 95 28 113 1 21 42 2 12 112 28 96 2 18 106 21 103 2 3 151 13 185 2 5 97 19 103 3 15 83 25 91 29 101 2 1 10 16 9 2 17 121 26 147 3 3 56 15 62 24 68 2 20 68 26 74 3 11 14 15 16 22 13 3 10 80 27 75 28 81 2 12 163 23 160 3 7 37 10 38 25 42 2 26 145 27 164 3 11 178 24 173 27 181 2 1 96 29 113
33 3 3 79 15 73 24 58 2 1 111 7 133 3 15 122 25 108 29 104 3 2 205 18 200 26 147 3 7 139 8 135 25 146 3 3 28 11 25 25 23 2 4 25 19 35 2 17 108 30 106 2 5 25 10 27 2 6 23 20 23 2 12 164 23 156 3 6 189 7 185 28 204 2 9 123 27 125 2 1 73 11 67 2 7 150 10 168 2 12 91 28 114 2 18 143 21 146 2 26 143 27 166 1 21 47 2 3 162 13 208 3 14 83 17 89 20 92 2 7 181 10 148 2 1 13 16 13 2 20 56 26 62 2 9 114 27 96 2 17 142 26 131 2 5 107 19 134 3 11 17 15 14 22 14 3 7 33 10 29 25 40 3 11 13 15 17 22 17 3 11 162 24 161 27 154 3 10 92 27 76 28 65 2 1 82 29 118
36 2 1 103 7 144 2 12 180 23 178 2 4 26 19 29 3 2 153 18 163 26 144 2 1 146 7 137 3 3 21 11 24 25 24 2 5 20 10 22 2 17 119 26 144 2 6 23 20 22 2 17 117 26 154 3 6 153 7 173 28 149 3 7 163 8 180 25 179 2 9 118 27 98 2 1 83 29 120 2 1 146 7 105 2 7 140 10 195 3 2 143 18 190 26 186 2 1 71 11 71 2 12 110 28 91 2 3 199 13 210 2 17 119 30 107 2 18 105 21 150 3 14 101 17 80 20 95 2 5 138 19 137 3 15 95 25 82 29 83 2 26 175 27 195 1 21 42 2 1 12 16 12 2 20 73 26 69 3 11 14 15 14 22 17 2 17 134 26 125 3 3 69 15 63 24 61 2 26 168 27 177 3 7 39 10 40 25 28 3 11 173 24 158 27 173 3 10 79 27 66 28 72
36 2 1 103 7 144 2 12 180 23 178 2 4 26 19 29 3 2 153 18 163 26 144 2 1 146 7 137 3 3 21 11 24 25 24 2 5 20 10 22 2 17 119 26 144 2 6 23 20 22 2 17 117 26 154 3 6 153 7 173 28 149 3 7 163 8 180 25 179 2 9 118 27 98 2 1 83 29 120 2 1 146 7 105 2 7 140 10 195 3 2 143 18 190 26 186 2 1 71 11 71 2 12 110 28 91 2 3 199 13 210 2 17 119 30 107 2 18 105 21 150 3 14 101 17 80 20 95 2 5 138 19 137 3 15 95 25 82 29 83 2 26 175 27 195 1 21 42 2 1 12 16 12 2 20 73 26 69 3 11 14 15 14 22 17 2 17 134 26 125 3 3 69 15 63 24 61 2 26 168 27 177 3 7 39 10 40 25 28 3 11 173 24 158 27 173 3 10 79 27 66 28 72
33 3 3 64 15 72 24 74 2 1 101 7 137 3 15 97 25 109 29 121 3 2 179 18 157 26 137 3 7 136 8 138 25 180 3 3 28 11 22 25 20 2 4 30 19 26 2 17 117 30 129 2 5 20 10 25 2 6 22 20 23 2 12 140 23 148 3 6 195 7 149 28 168 2 9 100 27 103 2 1 71 11 64 2 7 164 10 201 2 12 100 28 104 2 18 118 21 144 2 26 179 27 146 1 21 47 2 3 183 13 202 3 14 118 17 91 20 112 2 7 165 10 142 2 1 9 16 10 2 20 58 26 53 2 9 93 27 128 2 17 136 26 136 2 5 116 19 122 3 11 13 15 18 22 16 3 7 40 10 35 25 30 3 11 15 15 17 22 15 3 11 138 24 162 27 180 3 10 71 27 78 28 79 2 1 85 29 102
33 3 3 64 15 72 24 74 2 1 101 7 137 3 15 97 25 109 29 121 3 2 179 18 157 26 137 3 7 136 8 138 25 180 3 3 28 11 22 25 20 2 4 30 19 26 2 17 117 30 129 2 5 20 10 25 2 6 22 20 23 2 12 140 23 148 3 6 195 7 149 28 168 2 9 100 27 103 2 1 71 11 64 2 7 164 10 201 2 12 100 28 104 2 18 118 21 144 2 26 179 27 146 1 21 47 2 3 183 13 202 3 14 118 17 91 20 112 2 7 165 10 142 2 1 9 16 10 2 20 58 26 53 2 9 93 27 128 2 17 136 26 136 2 5 116 19 122 3 11 13 15 18 22 16 3 7 40 10 35 25 30 3 11 15 15 17 22 15 3 11 138 24 162 27 180 3 10 71 27 78 28 79 2 1 85 29 102
35 2 1 106 7 136 1 21 41 2 17 148 26 160 2 1 103 7 113 2 4 34 19 26 3 2 156 18 148 26 184 3 3 27 11 27 25 21 2 5 21 10 23 2 6 22 20 24 3 6 198 7 173 28 163 3 7 129 8 181 25 158 2 9 105 27 102 3 3 75 15 62 24 69 2 1 110 29 110 2 7 201 10 156 2 1 56 11 72 2 17 156 26 126 2 12 113 28 103 2 26 151 27 186 2 17 127 30 112 2 3 191 13 193 3 7 42 10 40 25 34 2 1 12 16 14 3 14 95 17 95 20 91 3 15 103 25 100 29 91 2 18 124 21 131 2 1 119 7 137 2 5 116 19 109 2 1 78 11 61 3 11 123 24 134 27 127 3 11 13 15 14 22 13 2 20 53 26 65 2 9 110 27 104 2 12 175 23 163 3 10 65 27 84 28 63
34 2 1 139 7 129 2 9 118 27 99 3 2 193 18 199 26 166 2 5 19 10 19 3 3 29 11 25 25 28 2 26 163 27 164 2 12 118 28 127 2 4 32 19 30 2 6 18 20 19 3 6 197 7 190 28 157 3 7 33 10 41 25 33 3 7 160 8 141 25 165 2 7 188 10 163 2 5 24 10 21 2 1 55 11 58 2 18 128 21 102 2 1 73 11 58 2 3 185 13 201 3 14 113 17 81 20 99 3 15 97 25 116 29 101 3 7 178 8 162 25 142 2 1 12 16 10 2 17 116 26 151 2 17 140 30 103 2 5 105 19 122 3 11 158 24 157 27 122 2 20 60 26 54 1 21 38 3 10 85 27 61 28 82 3 11 17 15 15 22 13 2 12 185 23 137 3 3 72 15 64 24 78 2 5 108 19 96 2 1 86 29 115
31 2 1 131 7 141 2 1 120 29 88 3 2 194 18 188 26 170 3 3 24 11 27 25 30 2 4 32 19 32 3 3 21 11 24 25 23 1 21 48 2 5 23 10 23 2 6 22 20 25 3 6 173 7 180 28 189 3 7 181 8 151 25 132 2 9 103 27 104 2 7 159 10 199 2 1 60 11 79 2 17 117 30 144 2 12 131 28 126 2 3 190 13 192 3 14 119 17 111 20 108 3 11 16 15 15 22 15 3 15 85 25 109 29 117 2 1 14 16 13 2 17 153 26 130 2 20 67 26 55 2 18 126 21 146 3 7 38 10 37 25 36 2 12 151 23 172 3 3 59 15 75 24 63 2 26 199 27 210 2 5 103 19 125 3 11 138 24 125 27 170 3 10 71 27 69 28 83
39 2 12 196 23 150 2 1 120 7 121 3 2 194 18 156 26 139 3 3 30 11 29 25 25 2 26 155 27 201 2 4 32 19 29 2 9 131 27 133 2 5 21 10 26 2 12 141 23 171 2 1 99 29 107 2 18 116 21 141 2 1 109 7 134 3 15 122 25 84 29 101 3 7 40 10 40 25 32 2 6 25 20 19 2 26 191 27 182 3 11 172 24 143 27 148 3 6 202 7 170 28 156 3 15 114 25 96 29 107 3 7 164 8 159 25 134 2 1 79 11 58 3 11 179 24 175 27 142 3 10 70 27 87 28 73 3 7 29 10 42 25 37 2 20 55 26 62 2 17 123 30 151 2 7 194 10 174 2 1 13 16 10 2 12 99 28 92 2 3 209 13 163 3 14 82 17 113 20 115 2 1 115 29 93 2 17 163 26 155 2 5 121 19 94 2 18 105 21 104 3 3 65 15 80 24 81 2 26 176 27 210 1 21 52 3 11 12 15 17 22 16
38 2 1 126 7 149 3 2 139 18 170 26 178 3 7 35 10 40 25 38 2 17 162 26 130 3 3 27 11 22 25 25 2 17 125 26 127 3 7 170 8 183 25 143 2 4 32 19 30 2 5 25 10 25 2 1 13 16 11 2 20 67 26 66 2 6 26 20 22 3 3 29 11 22 25 25 3 6 140 7 176 28 169 2 5 25 10 25 2 7 188 10 147 2 9 124 27 122 2 1 65 11 53 2 12 120 28 109 3 7 153 8 147 25 165 2 3 220 13 214 3 7 34 10 40 25 32 3 14 99 17 85 20 106 3 15 105 25 110 29 116 2 1 10 16 12 3 3 67 15 67 24 63 2 18 148 21 119 2 5 116 19 108 2 26 162 27 153 3 7 138 8 164 25 130 1 21 47 3 11 16 15 18 22 15 2 1 106 29 109 2 12 156 23 136 3 11 153 24 179 27 170 3 10 78 27 84 28 77 2 3 155 13 182 2 17 134 30 111
34 2 1 104 7 107 2 9 123 27 118 2 1 148 7 140 3 2 149 18 161 26 191 3 3 26 11 28 25 24 2 1 103 7 134 2 4 26 19 31 2 5 21 10 26 2 6 25 20 23 3 6 179 7 193 28 201 3 7 139 8 146 25 157 3 6 196 7 180 28 201 2 7 177 10 207 2 17 122 30 105 3 14 114 17 119 20 113 2 1 64 11 79 2 12 94 28 102 1 21 48 2 12 93 28 116 2 18 122 21 125 2 3 184 13 166 2 5 123 19 121 3 15 103 25 110 29 109 2 1 13 16 12 2 17 147 26 155 3 3 65 15 60 24 63 2 20 60 26 57 3 11 19 15 16 22 17 3 10 69 27 79 28 65 2 12 183 23 173 3 7 38 10 40 25 35 2 26 156 27 143 3 11 135 24 180 27 124 2 1 114 29 100
33 3 3 69 15 56 24 60 2 1 112 7 112 3 15 111 25 111 29 115 3 2 186 18 200 26 178 3 7 131 8 148 25 166 3 3 31 11 30 25 28 2 4 35 19 36 2 17 129 30 138 2 5 25 10 19 2 6 20 20 22 2 12 187 23 185 3 6 193 7 187 28 202 2 9 134 27 96 2 1 76 11 72 2 7 188 10 160 2 12 101 28 130 2 18 135 21 114 2 26 199 27 182 1 21 44 2 3 225 13 177 3 14 117 17 100 20 114 2 7 152 10 188 2 1 14 16 14 2 20 55 26 57 2 9 132 27 107 2 17 145 26 117 2 5 131 19 137 3 11 16 15 15 22 12 3 7 39 10 33 25 38 3 11 14 15 15 22 14 3 11 143 24 122 27 125 3 10 69 27 80 28 65 2 1 88 29 93
35 2 1 109 7 150 1 21 39 2 17 127 26 135 2 1 144 7 122 2 4 33 19 28 3 2 173 18 139 26 157 3 3 22 11 24 25 23 2 5 20 10 26 2 6 18 20 22 3 6 174 7 193 28 144 3 7 157 8 169 25 134 2 9 132 27 103 3 3 67 15 64 24 80 2 1 86 29 104 2 7 140 10 180 2 1 70 11 58 2 17 138 26 124 2 12 90 28 119 2 26 152 27 188 2 17 115 30 150 2 3 197 13 205 3 7 37 10 30 25 36 2 1 13 16 13 3 14 114 17 104 20 109 3 15 100 25 102 29 95 2 18 124 21 115 2 1 101 7 129 2 5 136 19 115 2 1 59 11 67 3 11 143 24 169 27 129 3 11 17 15 18 22 16 2 20 56 26 55 2 9 126 27 116 2 12 149 23 134 3 10 86 27 68 28 86
36 2 1 129 7 111 3 2 186 18 195 26 156 3 11 132 24 137 27 157 3 3 25 11 26 25 22 2 4 28 19 25 2 5 20 10 22 2 6 26 20 19 2 4 37 19 33 2 1 12 16 12 2 1 121 7 118 2 17 119 30 138 2 7 159 10 179 1 21 37 3 6 147 7 173 28 179 3 3 61 15 69 24 67 3 14 83 17 107 20 105 3 7 149 8 140 25 140 3 11 14 15 19 22 13 2 9 134 27 113 2 1 93 29 96 2 26 144 27 205 2 4 28 19 28 2 1 76 11 77 2 5 27 10 19 2 12 93 28 125 2 3 216 13 167 3 15 122 25 107 29 83 2 17 149 26 146 2 18 107 21 128 2 5 127 19 112 3 3 21 11 21 25 30 2 20 58 26 63 2 12 179 23 189 3 6 144 7 160 28 142 3 7 29 10 38 25 42 3 10 87 27 69 28 70
36 2 1 129 7 111 3 2 186 18 195 26 156 3 11 132 24 137 27 157 3 3 25 11 26 25 22 2 4 28 19 25 2 5 20 10 22 2 6 26 20 19 2 4 37 19 33 2 1 12 16 12 2 1 121 7 118 2 17 119 30 138 2 7 159 10 179 1 21 37 3 6 147 7 173 28 179 3 3 61 15 69 24 67 3 14 83 17 107 20 105 3 7 149 8 140 25 140 3 11 14 15 19 22 13 2 9 134 27 113 2 1 93 29 96 2 26 144 27 205 2 4 28 19 28 2 1 76 11 77 2 5 27 10 19 2 12 93 28 125 2 3 216 13 167 3 15 122 25 107 29 83 2 17 149 26 146 2 18 107 21 128 2 5 127 19 112 3 3 21 11 21 25 30 2 20 58 26 63 2 12 179 23 189 3 6 144 7 160 28 142 3 7 29 10 38 25 42 3 10 87 27 69 28 70
38 2 1 121 7 135 3 2 170 18 200 26 201 3 7 36 10 33 25 40 2 17 114 26 144 3 3 29 11 29 25 23 2 17 132 26 120 3 7 176 8 143 25 145 2 4 32 19 30 2 5 22 10 21 2 1 11 16 10 2 20 69 26 77 2 6 23 20 19 3 3 24 11 27 25 29 3 6 182 7 177 28 183 2 5 25 10 20 2 7 175 10 202 2 9 93 27 133 2 1 54 11 54 2 12 127 28 120 3 7 156 8 180 25 149 2 3 166 13 168 3 7 38 10 35 25 31 3 14 82 17 116 20 108 3 15 113 25 86 29 90 2 1 12 16 12 3 3 57 15 78 24 74 2 18 101 21 118 2 5 130 19 98 2 26 170 27 157 3 7 164 8 158 25 126 1 21 37 3 11 14 15 16 22 17 2 1 99 29 118 2 12 179 23 174 3 11 178 24 125 27 171 3 10 83 27 87 28 72 2 3 179 13 186 2 17 116 30 146
34 2 1 106 7 139 2 9 131 27 118 2 1 144 7 149 3 2 167 18 167 26 189 3 3 22 11 25 25 28 2 1 119 7 135 2 4 28 19 30 2 5 22 10 23 2 6 23 20 21 3 6 171 7 139 28 182 3 7 171 8 139 25 131 3 6 204 7 202 28 171 2 7 195 10 177 2 17 120 30 124 3 14 104 17 87 20 95 2 1 69 11 59 2 12 89 28 100 1 21 41 2 12 108 28 97 2 18 105 21 141 2 3 194 13 161 2 5 105 19 102 3 15 116 25 111 29 94 2 1 12 16 10 2 17 137 26 122 3 3 71 15 68 24 57 2 20 63 26 64 3 11 17 15 16 22 16 3 10 90 27 78 28 78 2 12 183 23 144 3 7 42 10 41 25 29 2 26 148 27 199 3 11 134 24 177 27 146 2 1 88 29 99
34 2 1 106 7 139 2 9 131 27 118 2 1 144 7 149 3 2 167 18 167 26 189 3 3 22 11 25 25 28 2 1 119 7 135 2 4 28 19 30 2 5 22 10 23 2 6 23 20 21 3 6 171 7 139 28 182 3 7 171 8 139 25 131 3 6 204 7 202 28 171 2 7 195 10 177 2 17 120 30 124 3 14 104 17 87 20 95 2 1 69 11 59 2 12 89 28 100 1 21 41 2 12 108 28 97 2 18 105 21 141 2 3 194 13 161 2 5 105 19 102 3 15 116 25 111 29 94 2 1 12 16 10 2 17 137 26 122 3 3 71 15 68 24 57 2 20 63 26 64 3 11 17 15 16 22 16 3 10 90 27 78 28 78 2 12 183 23 144 3 7 42 10 41 25 29 2 26 148 27 199 3 11 134 24 177 27 146 2 1 88 29 99
36 3 2 188 18 186 26 197 2 1 131 7 120 3 6 199 7 191 28 148 3 11 148 24 172 27 167 3 3 21 11 26 25 26 2 4 34 19 32 2 20 67 26 65 3 11 174 24 175 27 140 2 5 28 10 20 2 6 26 20 21 3 7 130 8 180 25 172 3 11 140 24 137 27 168 2 9 102 27 102 2 7 201 10 146 2 1 74 11 74 2 12 96 28 98 2 3 168 13 220 3 14 82 17 80 20 94 3 11 178 24 128 27 139 3 15 118 25 90 29 113 3 11 17 15 15 22 16 3 11 164 24 122 27 174 2 17 168 26 168 2 1 13 16 10 2 18 134 21 137 2 5 136 19 136 2 17 111 30 131 3 2 195 18 169 26 196 2 1 107 29 95 1 21 42 2 12 163 23 172 3 3 69 15 72 24 67 2 1 76 11 64 3 7 36 10 33 25 42 2 26 160 27 170 3 10 79 27 81 28 67
31 2 1 139 7 122 2 1 108 29 98 3 2 178 18 201 26 144 3 3 29 11 26 25 23 2 4 33 19 31 3 3 28 11 21 25 22 1 21 51 2 5 22 10 21 2 6 25 20 23 3 6 206 7 189 28 184 3 7 155 8 168 25 134 2 9 103 27 94 2 7 194 10 187 2 1 72 11 55 2 17 149 30 149 2 12 104 28 93 2 3 173 13 221 3 14 93 17 85 20 88 3 11 16 15 13 22 17 3 15 120 25 100 29 83 2 1 12 16 12 2 17 154 26 121 2 20 74 26 70 2 18 100 21 120 3 7 41 10 32 25 39 2 12 135 23 140 3 3 60 15 66 24 66 2 26 193 27 177 2 5 102 19 123 3 11 148 24 126 27 131 3 10 75 27 87 28 90
39 2 12 178 23 140 2 1 132 7 149 3 2 151 18 184 26 157 3 3 25 11 23 25 28 2 26 195 27 159 2 4 29 19 29 2 9 98 27 112 2 5 19 10 21 2 12 158 23 164 2 1 84 29 82 2 18 128 21 109 2 1 110 7 146 3 15 104 25 115 29 98 3 7 42 10 31 25 41 2 6 25 20 23 2 26 185 27 171 3 11 153 24 157 27 129 3 6 193 7 147 28 170 3 15 83 25 110 29 86 3 7 164 8 182 25 168 2 1 73 11 56 3 11 152 24 181 27 156 3 10 77 27 87 28 81 3 7 30 10 37 25 36 2 20 75 26 74 2 17 135 30 141 2 7 141 10 189 2 1 14 16 10 2 12 106 28 105 2 3 180 13 151 3 14 118 17 85 20 96 2 1 86 29 106 2 17 139 26 160 2 5 122 19 94 2 18 139 21 123 3 3 59 15 75 24 68 2 26 188 27 191 1 21 38 3 11 18 15 17 22 16
39 2 12 178 23 140 2 1 132 7 149 3 2 151 18 184 26 157 3 3 25 11 23 25 28 2 26 195 27 159 2 4 29 19 29 2 9 98 27 112 2 5 19 10 21 2 12 158 23 164 2 1 84 29 82 2 18 128 21 109 2 1 110 7 146 3 15 104 25 115 29 98 3 7 42 10 31 25 41 2 6 25 20 23 2 26 185 27 171 3 11 153 24 157 27 129 3 6 193 7 147 28 170 3 15 83 25 110 29 86 3 7 164 8 182 25 168 2 1 73 11 56 3 11 152 24 181 27 156 3 10 77 27 87 28 81 3 7 30 10 37 25 36 2 20 75 26 74 2 17 135 30 141 2 7 141 10 189 2 1 14 16 10 2 12 106 28 105 2 3 180 13 151 3 14 118 17 85 20 96 2 1 86 29 106 2 17 139 26 160 2 5 122 19 94 2 18 139 21 123 3 3 59 15 75 24 68 2 26 188 27 191 1 21 38 3 11 18 15 17 22 16
36 2 1 137 7 125 3 2 150 18 202 26 182 3 11 174 24 132 27 167 3 3 21 11 27 25 26 2 4 35 19 34 2 5 22 10 25 2 6 25 20 23 2 4 26 19 27 2 1 10 16 12 2 1 146 7 150 2 17 130 30 128 2 7 171 10 160 1 21 38 3 6 196 7 144 28 172 3 3 72 15 71 24 74 3 14 84 17 114 20 90 3 7 141 8 127 25 181 3 11 16 15 18 22 13 2 9 103 27 113 2 1 96 29 107 2 26 195 27 183 2 4 26 19 27 2 1 69 11 61 2 5 25 10 26 2 12 105 28 102 2 3 167 13 203 3 15 112 25 107 29 92 2 17 124 26 158 2 18 129 21 106 2 5 128 19 137 3 3 24 11 22 25 26 2 20 52 26 60 2 12 169 23 137 3 6 190 7 162 28 203 3 7 39 10 28 25 30 3 10 74 27 75 28 73
DUE_DATES: 3754 3754 3754 4114 3531 3531 3531 3531 3531 4461 4341 3742 3652 3782 3518 3518 3518 3776 3776 3776 3655 3655 3850 4400 4400 3946 3946 3732 4418 4418 3673 3673 4002 3794 3568 4830 4259 4057 3856 3994 3843 3843 4259 4001 4001 4499 3451 4727 4727 3907
WEIGHTS: 3 1 3 3 1 2 3 1 3 2 2 3 3 1 1 2 2 3 2 1 3 1 1 3 3 2 3 2 3 3 1 1 2 2 3 1 2 2 2 1 3 2 2 1 1 3 2 2 1 3
