50 30
33 2 1 15 29 15 2 4 121 26 127 2 1 16 29 14 3 2 60 17 61 30 66 3 6 50 13 52 30 41 2 1 14 29 17 3 1 35 3 40 17 30 3 4 72 19 89 28 77 3 17 154 23 112 29 153 2 27 53 28 57 2 2 82 6 72 2 7 111 15 81 3 9 121 19 121 24 136 3 8 2 14 3 24 2 4 3 74 12 72 28 69 30 101 3 2 149 5 117 22 159 4 5 113 6 132 16 108 19 93 3 5 108 7 116 12 118 2 8 128 9 137 2 4 143 16 158 2 8 106 18 84 3 5 192 10 162 14 202 3 4 167 12 143 14 185 2 2 65 6 92 2 18 8 23 8 3 1 156 5 174 11 176 3 13 25 14 23 27 24 3 1 145 2 170 20 136 2 17 112 21 142 2 18 99 24 79 3 18 200 21 190 25 183 2 10 91 28 116 3 16 29 22 27 29 29
33 2 1 17 29 12 2 4 117 26 113 2 1 14 29 15 3 2 68 17 56 30 56 3 6 58 13 59 30 59 2 1 17 29 17 3 1 34 3 29 17 41 3 4 80 19 80 28 82 3 17 126 23 124 29 114 2 27 51 28 56 2 2 90 6 91 2 7 107 15 101 3 9 123 19 122 24 104 3 8 3 14 3 24 2 4 3 77 12 70 28 83 30 85 3 2 168 5 158 22 162 4 5 126 6 134 16 115 19 119 3 5 120 7 82 12 97 2 8 128 9 174 2 4 187 16 147 2 8 93 18 117 3 5 140 10 142 14 157 3 4 181 12 191 14 150 2 2 78 6 72 2 18 8 23 10 3 1 154 5 198 11 184 3 13 27 14 24 27 22 3 1 147 2 156 20 125 2 17 102 21 106 2 18 87 24 79 3 18 208 21 164 25 182 2 10 107 28 93 3 16 29 22 20 29 27
33 2 1 17 29 12 2 4 117 26 113 2 1 14 29 15 3 2 68 17 56 30 56 3 6 58 13 59 30 59 2 1 17 29 17 3 1 34 3 29 17 41 3 4 80 19 80 28 82 3 17 126 23 124 29 114 2 27 51 28 56 2 2 90 6 91 2 7 107 15 101 3 9 123 19 122 24 104 3 8 3 14 3 24 2 4 3 77 12 70 28 83 30 85 3 2 168 5 158 22 162 4 5 126 6 134 16 115 19 119 3 5 120 7 82 12 97 2 8 128 9 174 2 4 187 16 147 2 8 93 18 117 3 5 140 10 142 14 157 3 4 181 12 191 14 150 2 2 78 6 72 2 18 8 23 10 3 1 154 5 198 11 184 3 13 27 14 24 27 22 3 1 147 2 156 20 125 2 17 102 21 106 2 18 87 24 79 3 18 208 21 164 25 182 2 10 107 28 93 3 16 29 22 20 29 27
33 2 1 17 29 16 3 2 69 17 59 30 71 3 1 34 3 34 17 35 3 4 79 19 97 28 90 4 5 125 6 118 16 123 19 102 2 2 65 6 69 2 10 91 28 110 3 5 83 7 86 12 101 2 8 113 18 114 3 8 2 14 2 24 3 2 8 128 9 149 3 16 28 22 28 29 29 3 5 200 10 141 14 149 3 9 106 19 109 24 99 3 2 136 5 151 22 134 3 1 35 3 31 17 33 2 18 11 23 10 3 1 173 5 184 11 192 3 4 161 12 136 14 151 3 6 51 13 47 30 47 3 13 24 14 20 27 28 2 7 86 15 98 2 18 110 24 81 3 1 131 2 121 20 153 2 4 161 16 162 3 8 3 14 3 24 3 3 17 138 23 141 29 135 3 18 169 21 173 25 205 2 17 136 21 118 2 27 53 28 59 3 2 75 17 74 30 73 2 4 105 26 108 4 3 94 12 84 28 96 30 92
33 2 1 17 29 16 3 2 69 17 59 30 71 3 1 34 3 34 17 35 3 4 79 19 97 28 90 4 5 125 6 118 16 123 19 102 2 2 65 6 69 2 10 91 28 110 3 5 83 7 86 12 101 2 8 113 18 114 3 8 2 14 2 24 3 2 8 128 9 149 3 16 28 22 28 29 29 3 5 200 10 141 14 149 3 9 106 19 109 24 99 3 2 136 5 151 22 134 3 1 35 3 31 17 33 2 18 11 23 10 3 1 173 5 184 11 192 3 4 161 12 136 14 151 3 6 51 13 47 30 47 3 13 24 14 20 27 28 2 7 86 15 98 2 18 110 24 81 3 1 131 2 121 20 153 2 4 161 16 162 3 8 3 14 3 24 3 3 17 138 23 141 29 135 3 18 169 21 173 25 205 2 17 136 21 118 2 27 53 28 59 3 2 75 17 74 30 73 2 4 105 26 108 4 3 94 12 84 28 96 30 92
33 2 1 17 29 16 3 2 69 17 59 30 71 3 1 34 3 34 17 35 3 4 79 19 97 28 90 4 5 125 6 118 16 123 19 102 2 2 65 6 69 2 10 91 28 110 3 5 83 7 86 12 101 2 8 113 18 114 3 8 2 14 2 24 3 2 8 128 9 149 3 16 28 22 28 29 29 3 5 200 10 141 14 149 3 9 106 19 109 24 99 3 2 136 5 151 22 134 3 1 35 3 31 17 33 2 18 11 23 10 3 1 173 5 184 11 192 3 4 161 12 136 14 151 3 6 51 13 47 30 47 3 13 24 14 20 27 28 2 7 86 15 98 2 18 110 24 81 3 1 131 2 121 20 153 2 4 161 16 162 3 8 3 14 3 24 3 3 17 138 23 141 29 135 3 18 169 21 173 25 205 2 17 136 21 118 2 27 53 28 59 3 2 75 17 74 30 73 2 4 105 26 108 4 3 94 12 84 28 96 30 92
33 2 1 17 29 16 3 2 69 17 59 30 71 3 1 34 3 34 17 35 3 4 79 19 97 28 90 4 5 125 6 118 16 123 19 102 2 2 65 6 69 2 10 91 28 110 3 5 83 7 86 12 101 2 8 113 18 114 3 8 2 14 2 24 3 2 8 128 9 149 3 16 28 22 28 29 29 3 5 200 10 141 14 149 3 9 106 19 109 24 99 3 2 136 5 151 22 134 3 1 35 3 31 17 33 2 18 11 23 10 3 1 173 5 184 11 192 3 4 161 12 136 14 151 3 6 51 13 47 30 47 3 13 24 14 20 27 28 2 7 86 15 98 2 18 110 24 81 3 1 131 2 121 20 153 2 4 161 16 162 3 8 3 14 3 24 3 3 17 138 23 141 29 135 3 18 169 21 173 25 205 2 17 136 21 118 2 27 53 28 59 3 2 75 17 74 30 73 2 4 105 26 108 4 3 94 12 84 28 96 30 92
33 2 1 17 29 17 2 4 108 26 103 2 1 14 29 15 3 2 80 17 77 30 75 3 6 58 13 58 30 43 2 1 12 29 14 3 1 36 3 36 17 36 3 4 76 19 95 28 72 3 17 112 23 136 29 134 2 27 53 28 47 2 2 91 6 81 2 7 84 15 106 3 9 129 19 135 24 107 3 8 3 14 2 24 2 4 3 75 12 68 28 88 30 69 3 2 165 5 125 22 165 4 5 123 6 110 16 109 19 130 3 5 113 7 105 12 98 2 8 122 9 148 2 4 163 16 146 2 8 96 18 111 3 5 172 10 153 14 176 3 4 138 12 134 14 192 2 2 63 6 71 2 18 11 23 9 3 1 163 5 204 11 205 3 13 23 14 26 27 24 3 1 144 2 153 20 146 2 17 130 21 122 2 18 83 24 92 3 18 173 21 157 25 190 2 10 106 28 93 3 16 23 22 27 29 21
39 2 1 12 29 14 2 18 92 24 114 2 1 14 29 17 3 2 57 17 82 30 73 3 13 28 14 25 27 27 3 2 55 17 71 30 61 3 4 82 19 101 28 96 3 1 34 3 34 17 37 3 17 140 23 130 29 153 4 5 137 6 97 16 119 19 132 3 17 158 23 115 29 136 2 2 93 6 78 3 5 171 10 177 14 205 3 13 24 14 24 27 27 2 7 82 15 83 2 18 113 24 91 3 5 119 7 116 12 97 3 4 100 19 85 28 100 3 8 2 14 3 24 3 2 27 44 28 57 3 4 164 12 140 14 198 3 18 152 21 192 25 165 2 18 9 23 9 2 8 133 9 168 4 3 79 12 88 28 97 30 99 3 1 214 5 167 11 166 3 16 29 22 29 29 28 3 6 49 13 48 30 42 2 1 14 29 16 3 1 141 2 154 20 171 3 1 41 3 41 17 35 2 4 139 16 198 2 8 91 18 95 2 10 111 28 111 3 9 134 19 126 24 119 2 17 132 21 105 3 2 169 5 159 22 134 3 4 180 12 191 14 174 2 4 108 26 117
39 2 1 12 29 14 2 18 92 24 114 2 1 14 29 17 3 2 57 17 82 30 73 3 13 28 14 25 27 27 3 2 55 17 71 30 61 3 4 82 19 101 28 96 3 1 34 3 34 17 37 3 17 140 23 130 29 153 4 5 137 6 97 16 119 19 132 3 17 158 23 115 29 136 2 2 93 6 78 3 5 171 10 177 14 205 3 13 24 14 24 27 27 2 7 82 15 83 2 18 113 24 91 3 5 119 7 116 12 97 3 4 100 19 85 28 100 3 8 2 14 3 24 3 2 27 44 28 57 3 4 164 12 140 14 198 3 18 152 21 192 25 165 2 18 9 23 9 2 8 133 9 168 4 3 79 12 88 28 97 30 99 3 1 214 5 167 11 166 3 16 29 22 29 29 28 3 6 49 13 48 30 42 2 1 14 29 16 3 1 141 2 154 20 171 3 1 41 3 41 17 35 2 4 139 16 198 2 8 91 18 95 2 10 111 28 111 3 9 134 19 126 24 119 2 17 132 21 105 3 2 169 5 159 22 134 3 4 180 12 191 14 174 2 4 108 26 117
37 2 1 14 29 14 3 2 66 17 58 30 74 3 1 37 3 42 17 35 3 4 100 19 85 28 90 3 1 30 3 34 17 33 2 18 9 23 8 4 5 112 6 112 16 106 19 132 3 17 129 23 114 29 126 2 18 8 23 10 2 4 132 26 129 2 2 66 6 63 2 18 11 23 11 3 5 90 7 105 12 95 2 18 85 24 88 4 5 138 6 122 16 137 19 122 3 8 3 14 3 24 2 2 8 165 9 163 3 5 146 10 157 14 201 3 2 155 5 139 22 122 4 3 91 12 68 28 68 30 92 3 8 3 14 2 24 3 3 9 110 19 123 24 131 3 1 199 5 154 11 195 2 8 116 18 89 2 7 105 15 82 3 1 41 3 33 17 31 3 4 150 12 187 14 160 3 13 19 14 28 27 21 3 6 46 13 52 30 53 2 4 147 16 165 3 1 159 2 122 20 126 2 17 123 21 142 3 18 150 21 201 25 175 2 27 54 28 57 2 10 101 28 116 3 6 45 13 50 30 52 3 16 20 22 29 29 21
37 2 1 14 29 14 3 2 66 17 58 30 74 3 1 37 3 42 17 35 3 4 100 19 85 28 90 3 1 30 3 34 17 33 2 18 9 23 8 4 5 112 6 112 16 106 19 132 3 17 129 23 114 29 126 2 18 8 23 10 2 4 132 26 129 2 2 66 6 63 2 18 11 23 11 3 5 90 7 105 12 95 2 18 85 24 88 4 5 138 6 122 16 137 19 122 3 8 3 14 3 24 2 2 8 165 9 163 3 5 146 10 157 14 201 3 2 155 5 139 22 122 4 3 91 12 68 28 68 30 92 3 8 3 14 2 24 3 3 9 110 19 123 24 131 3 1 199 5 154 11 195 2 8 116 18 89 2 7 105 15 82 3 1 41 3 33 17 31 3 4 150 12 187 14 160 3 13 19 14 28 27 21 3 6 46 13 52 30 53 2 4 147 16 165 3 1 159 2 122 20 126 2 17 123 21 142 3 18 150 21 201 25 175 2 27 54 28 57 2 10 101 28 116 3 6 45 13 50 30 52 3 16 20 22 29 29 21
39 3 18 197 21 177 25 150 2 1 13 29 17 3 18 162 21 168 25 199 3 2 67 17 70 30 64 3 1 30 3 34 17 30 3 2 58 17 59 30 56 3 4 70 19 77 28 91 2 2 75 6 64 3 4 80 19 88 28 96 3 16 22 22 29 29 20 2 27 53 28 45 3 4 81 19 92 28 93 3 1 151 5 180 11 175 4 5 133 6 124 16 95 19 95 3 1 163 5 192 11 150 3 5 93 7 111 12 110 2 8 105 18 87 3 8 3 14 2 24 2 2 8 170 9 165 2 2 77 6 76 3 5 159 10 173 14 140 3 4 177 12 148 14 185 3 9 101 19 101 24 120 3 6 60 13 44 30 45 3 13 19 14 20 27 21 2 4 104 26 96 3 1 33 3 33 17 38 2 7 86 15 106 2 1 12 29 16 3 2 119 5 121 22 171 2 4 149 16 178 3 17 147 23 150 29 123 3 1 164 2 125 20 168 2 4 99 26 115 2 17 136 21 127 2 18 10 23 10 2 18 94 24 81 2 10 98 28 92 4 3 89 12 99 28 74 30 70
39 3 18 197 21 177 25 150 2 1 13 29 17 3 18 162 21 168 25 199 3 2 67 17 70 30 64 3 1 30 3 34 17 30 3 2 58 17 59 30 56 3 4 70 19 77 28 91 2 2 75 6 64 3 4 80 19 88 28 96 3 16 22 22 29 29 20 2 27 53 28 45 3 4 81 19 92 28 93 3 1 151 5 180 11 175 4 5 133 6 124 16 95 19 95 3 1 163 5 192 11 150 3 5 93 7 111 12 110 2 8 105 18 87 3 8 3 14 2 24 2 2 8 170 9 165 2 2 77 6 76 3 5 159 10 173 14 140 3 4 177 12 148 14 185 3 9 101 19 101 24 120 3 6 60 13 44 30 45 3 13 19 14 20 27 21 2 4 104 26 96 3 1 33 3 33 17 38 2 7 86 15 106 2 1 12 29 16 3 2 119 5 121 22 171 2 4 149 16 178 3 17 147 23 150 29 123 3 1 164 2 125 20 168 2 4 99 26 115 2 17 136 21 127 2 18 10 23 10 2 18 94 24 81 2 10 98 28 92 4 3 89 12 99 28 74 30 70
39 3 18 197 21 177 25 150 2 1 13 29 17 3 18 162 21 168 25 199 3 2 67 17 70 30 64 3 1 30 3 34 17 30 3 2 58 17 59 30 56 3 4 70 19 77 28 91 2 2 75 6 64 3 4 80 19 88 28 96 3 16 22 22 29 29 20 2 27 53 28 45 3 4 81 19 92 28 93 3 1 151 5 180 11 175 4 5 133 6 124 16 95 19 95 3 1 163 5 192 11 150 3 5 93 7 111 12 110 2 8 105 18 87 3 8 3 14 2 24 2 2 8 170 9 165 2 2 77 6 76 3 5 159 10 173 14 140 3 4 177 12 148 14 185 3 9 101 19 101 24 120 3 6 60 13 44 30 45 3 13 19 14 20 27 21 2 4 104 26 96 3 1 33 3 33 17 38 2 7 86 15 106 2 1 12 29 16 3 2 119 5 121 22 171 2 4 149 16 178 3 17 147 23 150 29 123 3 1 164 2 125 20 168 2 4 99 26 115 2 17 136 21 127 2 18 10 23 10 2 18 94 24 81 2 10 98 28 92 4 3 89 12 99 28 74 30 70
41 2 1 16 29 17 3 2 65 17 65 30 60 3 1 33 3 40 17 31 3 4 88 19 74 28 81 3 16 23 22 28 29 24 2 1 15 29 13 4 5 119 6 131 16 99 19 122 2 17 143 21 124 2 2 78 6 69 4 5 115 6 121 16 137 19 100 3 5 100 7 98 12 106 3 8 2 14 3 24 2 3 13 20 14 25 27 21 3 2 64 17 78 30 65 2 8 153 9 170 3 13 20 14 23 27 23 2 4 106 26 107 3 5 147 10 180 14 193 3 17 154 23 120 29 109 2 17 135 21 132 3 4 170 12 153 14 149 2 8 93 18 118 3 16 27 22 21 29 25 3 1 214 5 171 11 156 2 1 14 29 14 3 6 56 13 55 30 53 2 27 57 28 56 2 7 85 15 89 3 2 66 17 69 30 57 4 3 83 12 91 28 68 30 85 2 8 163 9 166 2 4 139 16 144 3 9 96 19 115 24 108 3 6 47 13 54 30 47 3 1 166 2 115 20 115 3 2 171 5 131 22 167 3 18 167 21 152 25 170 2 18 110 24 83 2 18 10 23 9 2 2 63 6 82 2 10 98 28 87
41 2 1 16 29 17 3 2 65 17 65 30 60 3 1 33 3 40 17 31 3 4 88 19 74 28 81 3 16 23 22 28 29 24 2 1 15 29 13 4 5 119 6 131 16 99 19 122 2 17 143 21 124 2 2 78 6 69 4 5 115 6 121 16 137 19 100 3 5 100 7 98 12 106 3 8 2 14 3 24 2 3 13 20 14 25 27 21 3 2 64 17 78 30 65 2 8 153 9 170 3 13 20 14 23 27 23 2 4 106 26 107 3 5 147 10 180 14 193 3 17 154 23 120 29 109 2 17 135 21 132 3 4 170 12 153 14 149 2 8 93 18 118 3 16 27 22 21 29 25 3 1 214 5 171 11 156 2 1 14 29 14 3 6 56 13 55 30 53 2 27 57 28 56 2 7 85 15 89 3 2 66 17 69 30 57 4 3 83 12 91 28 68 30 85 2 8 163 9 166 2 4 139 16 144 3 9 96 19 115 24 108 3 6 47 13 54 30 47 3 1 166 2 115 20 115 3 2 171 5 131 22 167 3 18 167 21 152 25 170 2 18 110 24 83 2 18 10 23 9 2 2 63 6 82 2 10 98 28 87
39 2 1 16 29 16 2 18 87 24 110 2 1 17 29 14 3 2 57 17 72 30 63 3 13 20 14 21 27 25 3 2 80 17 57 30 82 3 4 84 19 82 28 72 3 1 33 3 40 17 32 3 17 140 23 118 29 134 4 5 129 6 103 16 101 19 99 3 17 141 23 111 29 154 2 2 87 6 76 3 5 171 10 172 14 198 3 13 19 14 26 27 24 2 7 82 15 108 2 18 80 24 110 3 5 86 7 112 12 115 3 4 102 19 98 28 100 3 8 3 14 3 24 3 2 27 42 28 56 3 4 191 12 199 14 168 3 18 150 21 145 25 158 2 18 11 23 9 2 8 153 9 151 4 3 89 12 92 28 75 30 76 3 1 190 5 169 11 200 3 16 24 22 24 29 21 3 6 44 13 56 30 42 2 1 16 29 15 3 1 148 2 170 20 116 3 1 33 3 31 17 39 2 4 148 16 166 2 8 83 18 93 2 10 116 28 117 3 9 94 19 105 24 133 2 17 103 21 140 3 2 131 5 121 22 149 3 4 173 12 187 14 137 2 4 131 26 98
39 2 1 14 29 15 2 4 137 26 134 3 2 56 17 64 30 59 3 1 37 3 30 17 40 3 4 81 19 77 28 78 3 8 2 14 3 24 3 4 5 118 6 97 16 95 19 138 2 2 73 6 91 3 5 114 7 118 12 89 2 8 174 9 158 2 1 13 29 14 3 5 198 10 171 14 207 3 1 196 5 182 11 211 3 8 3 14 3 24 2 3 4 154 12 152 14 195 3 1 33 3 30 17 30 2 4 170 16 155 3 5 120 7 120 12 121 3 9 104 19 106 24 118 2 1 16 29 12 3 6 42 13 57 30 47 3 1 29 3 31 17 40 3 13 26 14 22 27 28 4 5 102 6 126 16 134 19 108 2 7 77 15 99 3 17 124 23 141 29 158 2 2 81 6 74 2 8 97 18 84 3 1 143 2 148 20 142 3 18 147 21 170 25 182 2 17 130 21 102 3 2 128 5 163 22 116 2 18 9 23 9 2 18 102 24 116 4 3 71 12 82 28 97 30 92 3 5 182 10 202 14 163 2 27 47 28 55 3 16 20 22 20 29 20 2 10 97 28 112
34 2 1 13 29 12 2 4 113 26 127 3 2 63 17 56 30 67 3 1 32 3 36 17 39 3 4 94 19 74 28 92 3 16 21 22 21 29 28 4 5 135 6 128 16 93 19 99 2 2 69 6 80 3 17 152 23 138 29 157 3 1 121 2 143 20 168 3 17 122 23 158 29 130 3 5 91 7 115 12 119 3 4 135 12 189 14 153 3 8 2 14 3 24 3 3 9 100 19 121 24 100 2 8 117 9 134 3 5 193 10 201 14 164 3 9 103 19 122 24 108 2 27 55 28 43 3 1 207 5 159 11 149 3 6 41 13 49 30 45 3 18 186 21 182 25 209 2 7 99 15 76 2 4 170 16 182 2 18 9 23 10 3 5 182 10 169 14 188 3 13 22 14 24 27 26 3 2 154 5 145 22 145 2 8 89 18 91 2 17 124 21 140 2 18 89 24 79 3 9 127 19 131 24 126 2 10 87 28 85 4 3 75 12 92 28 98 30 96
34 2 1 16 29 16 2 4 109 26 123 3 2 59 17 60 30 75 3 1 34 3 34 17 39 3 4 99 19 99 28 100 3 16 28 22 24 29 28 4 5 111 6 120 16 137 19 113 2 2 88 6 93 3 17 115 23 151 29 131 3 1 132 2 118 20 149 3 17 119 23 111 29 141 3 5 87 7 89 12 95 3 4 160 12 156 14 199 3 8 3 14 2 24 2 3 9 113 19 97 24 93 2 8 142 9 169 3 5 200 10 195 14 168 3 9 125 19 106 24 101 2 27 46 28 50 3 1 199 5 214 11 179 3 6 49 13 45 30 52 3 18 152 21 197 25 175 2 7 108 15 106 2 4 194 16 182 2 18 10 23 9 3 5 185 10 174 14 168 3 13 25 14 22 27 20 3 2 151 5 170 22 169 2 8 103 18 82 2 17 138 21 132 2 18 86 24 104 3 9 132 19 134 24 102 2 10 105 28 112 4 3 85 12 96 28 87 30 70
34 2 1 16 29 16 2 4 109 26 123 3 2 59 17 60 30 75 3 1 34 3 34 17 39 3 4 99 19 99 28 100 3 16 28 22 24 29 28 4 5 111 6 120 16 137 19 113 2 2 88 6 93 3 17 115 23 151 29 131 3 1 132 2 118 20 149 3 17 119 23 111 29 141 3 5 87 7 89 12 95 3 4 160 12 156 14 199 3 8 3 14 2 24 2 3 9 113 19 97 24 93 2 8 142 9 169 3 5 200 10 195 14 168 3 9 125 19 106 24 101 2 27 46 28 50 3 1 199 5 214 11 179 3 6 49 13 45 30 52 3 18 152 21 197 25 175 2 7 108 15 106 2 4 194 16 182 2 18 10 23 9 3 5 185 10 174 14 168 3 13 25 14 22 27 20 3 2 151 5 170 22 169 2 8 103 18 82 2 17 138 21 132 2 18 86 24 104 3 9 132 19 134 24 102 2 10 105 28 112 4 3 85 12 96 28 87 30 70
36 2 1 12 29 14 3 2 57 17 68 30 67 3 1 41 3 40 17 38 3 4 87 19 69 28 95 2 10 83 28 82 4 5 95 6 134 16 136 19 95 2 2 71 6 85 2 4 99 26 117 2 1 12 29 12 3 5 81 7 113 12 119 3 8 2 14 3 24 3 3 18 189 21 210 25 160 4 3 71 12 71 28 74 30 88 3 4 81 19 78 28 95 2 8 131 9 145 2 10 111 28 111 2 7 96 15 108 3 1 32 3 40 17 41 3 5 178 10 175 14 168 3 1 175 5 172 11 173 3 4 139 12 187 14 195 2 27 55 28 54 3 1 183 5 212 11 204 3 2 124 5 125 22 132 3 6 43 13 55 30 50 2 4 185 16 171 3 13 19 14 21 27 28 2 18 11 23 11 2 17 119 21 134 3 17 108 23 144 29 131 2 1 13 29 13 2 8 85 18 104 3 1 159 2 144 20 120 2 18 109 24 106 3 9 103 19 94 24 98 3 16 24 22 25 29 26
36 2 1 12 29 14 3 2 57 17 68 30 67 3 1 41 3 40 17 38 3 4 87 19 69 28 95 2 10 83 28 82 4 5 95 6 134 16 136 19 95 2 2 71 6 85 2 4 99 26 117 2 1 12 29 12 3 5 81 7 113 12 119 3 8 2 14 3 24 3 3 18 189 21 210 25 160 4 3 71 12 71 28 74 30 88 3 4 81 19 78 28 95 2 8 131 9 145 2 10 111 28 111 2 7 96 15 108 3 1 32 3 40 17 41 3 5 178 10 175 14 168 3 1 175 5 172 11 173 3 4 139 12 187 14 195 2 27 55 28 54 3 1 183 5 212 11 204 3 2 124 5 125 22 132 3 6 43 13 55 30 50 2 4 185 16 171 3 13 19 14 21 27 28 2 18 11 23 11 2 17 119 21 134 3 17 108 23 144 29 131 2 1 13 29 13 2 8 85 18 104 3 1 159 2 144 20 120 2 18 109 24 106 3 9 103 19 94 24 98 3 16 24 22 25 29 26
36 2 1 12 29 14 3 2 57 17 68 30 67 3 1 41 3 40 17 38 3 4 87 19 69 28 95 2 10 83 28 82 4 5 95 6 134 16 136 19 95 2 2 71 6 85 2 4 99 26 117 2 1 12 29 12 3 5 81 7 113 12 119 3 8 2 14 3 24 3 3 18 189 21 210 25 160 4 3 71 12 71 28 74 30 88 3 4 81 19 78 28 95 2 8 131 9 145 2 10 111 28 111 2 7 96 15 108 3 1 32 3 40 17 41 3 5 178 10 175 14 168 3 1 175 5 172 11 173 3 4 139 12 187 14 195 2 27 55 28 54 3 1 183 5 212 11 204 3 2 124 5 125 22 132 3 6 43 13 55 30 50 2 4 185 16 171 3 13 19 14 21 27 28 2 18 11 23 11 2 17 119 21 134 3 17 108 23 144 29 131 2 1 13 29 13 2 8 85 18 104 3 1 159 2 144 20 120 2 18 109 24 106 3 9 103 19 94 24 98 3 16 24 22 25 29 26
37 2 4 175 16 140 2 1 13 29 17 3 2 74 17 72 30 68 2 4 161 16 162 2 17 117 21 122 3 1 34 3 41 17 34 3 18 207 21 176 25 152 2 4 138 16 161 3 4 78 19 87 28 85 2 18 86 24 105 2 8 94 18 116 3 16 24 22 22 29 26 4 5 125 6 107 16 129 19 130 2 2 68 6 79 2 4 104 26 105 3 4 142 12 170 14 196 3 5 91 7 114 12 118 3 18 163 21 193 25 203 3 8 2 14 2 24 2 2 27 54 28 57 2 8 172 9 133 2 8 102 18 88 3 9 97 19 126 24 119 2 4 141 16 150 3 5 199 10 169 14 201 2 7 79 15 99 3 1 167 5 179 11 162 3 8 2 14 3 24 3 3 2 149 5 120 22 147 3 1 36 3 36 17 38 3 6 52 13 53 30 44 2 10 97 28 94 3 17 137 23 140 29 108 2 18 9 23 10 3 13 22 14 26 27 25 3 1 126 2 133 20 169 4 3 88 12 73 28 70 30 86
39 2 1 15 29 13 2 18 95 24 86 2 1 17 29 15 3 2 73 17 81 30 66 3 13 24 14 27 27 23 3 2 63 17 66 30 56 3 4 86 19 88 28 86 3 1 31 3 35 17 35 3 17 117 23 135 29 157 4 5 118 6 117 16 130 19 98 3 17 108 23 152 29 156 2 2 86 6 85 3 5 151 10 193 14 199 3 13 21 14 27 27 21 2 7 81 15 96 2 18 81 24 93 3 5 107 7 114 12 88 3 4 74 19 73 28 80 3 8 3 14 2 24 3 2 27 58 28 59 3 4 167 12 167 14 154 3 18 202 21 168 25 200 2 18 8 23 10 2 8 121 9 149 4 3 99 12 80 28 72 30 98 3 1 176 5 184 11 192 3 16 26 22 23 29 24 3 6 57 13 61 30 45 2 1 13 29 17 3 1 128 2 155 20 142 3 1 34 3 42 17 33 2 4 204 16 144 2 8 101 18 81 2 10 102 28 106 3 9 100 19 122 24 98 2 17 109 21 132 3 2 135 5 126 22 169 3 4 184 12 190 14 163 2 4 103 26 111
35 2 1 16 29 13 3 2 57 17 70 30 58 2 4 198 16 165 3 1 39 3 41 17 34 3 4 90 19 92 28 101 3 18 168 21 142 25 178 3 9 113 19 131 24 128 2 17 133 21 103 3 1 132 2 149 20 127 4 5 135 6 106 16 113 19 132 3 13 22 14 20 27 28 2 2 70 6 86 3 5 94 7 85 12 90 2 8 165 9 130 3 4 154 12 175 14 188 3 6 59 13 51 30 53 3 1 147 2 131 20 148 3 8 3 14 2 24 3 3 1 32 3 28 17 38 3 5 158 10 169 14 170 2 10 96 28 103 3 5 120 7 82 12 82 3 16 22 22 28 29 21 2 2 91 6 75 3 1 213 5 208 11 159 2 7 97 15 76 3 17 149 23 128 29 129 2 27 58 28 48 3 13 21 14 26 27 22 3 2 159 5 162 22 164 2 8 93 18 108 2 18 9 23 9 4 3 96 12 101 28 94 30 91 2 18 84 24 113 2 4 127 26 114
35 2 1 14 29 17 3 2 73 17 58 30 81 2 4 167 16 184 3 1 38 3 37 17 40 3 4 98 19 74 28 89 3 18 178 21 167 25 193 3 9 126 19 120 24 129 2 17 99 21 141 3 1 122 2 145 20 155 4 5 97 6 128 16 129 19 119 3 13 26 14 27 27 19 2 2 66 6 67 3 5 82 7 107 12 120 2 8 160 9 126 3 4 138 12 155 14 198 3 6 42 13 49 30 49 3 1 119 2 151 20 165 3 8 2 14 2 24 2 3 1 29 3 33 17 38 3 5 156 10 153 14 156 2 10 82 28 110 3 5 90 7 115 12 115 3 16 25 22 22 29 28 2 2 71 6 81 3 1 206 5 189 11 206 2 7 105 15 109 3 17 136 23 129 29 152 2 27 47 28 49 3 13 25 14 23 27 23 3 2 166 5 168 22 164 2 8 107 18 97 2 18 11 23 9 4 3 84 12 97 28 77 30 70 2 18 100 24 79 2 4 95 26 105
35 2 1 14 29 17 3 2 73 17 58 30 81 2 4 167 16 184 3 1 38 3 37 17 40 3 4 98 19 74 28 89 3 18 178 21 167 25 193 3 9 126 19 120 24 129 2 17 99 21 141 3 1 122 2 145 20 155 4 5 97 6 128 16 129 19 119 3 13 26 14 27 27 19 2 2 66 6 67 3 5 82 7 107 12 120 2 8 160 9 126 3 4 138 12 155 14 198 3 6 42 13 49 30 49 3 1 119 2 151 20 165 3 8 2 14 2 24 2 3 1 29 3 33 17 38 3 5 156 10 153 14 156 2 10 82 28 110 3 5 90 7 115 12 115 3 16 25 22 22 29 28 2 2 71 6 81 3 1 206 5 189 11 206 2 7 105 15 109 3 17 136 23 129 29 152 2 27 47 28 49 3 13 25 14 23 27 23 3 2 166 5 168 22 164 2 8 107 18 97 2 18 11 23 9 4 3 84 12 97 28 77 30 70 2 18 100 24 79 2 4 95 26 105
41 2 1 16 29 12 3 2 67 17 56 30 57 3 1 40 3 30 17 41 3 4 86 19 101 28 70 3 16 25 22 29 29 29 2 1 14 29 14 4 5 95 6 113 16 115 19 120 2 17 131 21 101 2 2 80 6 92 4 5 122 6 124 16 95 19 94 3 5 83 7 117 12 104 3 8 2 14 3 24 3 3 13 22 14 27 27 23 3 2 71 17 62 30 60 2 8 123 9 130 3 13 28 14 22 27 20 2 4 109 26 108 3 5 182 10 187 14 165 3 17 110 23 117 29 124 2 17 130 21 124 3 4 189 12 199 14 163 2 8 102 18 113 3 16 20 22 25 29 25 3 1 202 5 157 11 201 2 1 17 29 15 3 6 42 13 56 30 41 2 27 49 28 49 2 7 100 15 87 3 2 69 17 68 30 69 4 3 93 12 90 28 70 30 78 2 8 174 9 171 2 4 188 16 179 3 9 120 19 97 24 101 3 6 44 13 56 30 43 3 1 159 2 139 20 139 3 2 122 5 124 22 147 3 18 195 21 194 25 146 2 18 113 24 104 2 18 10 23 10 2 2 65 6 74 2 10 112 28 86
41 2 1 16 29 12 3 2 67 17 56 30 57 3 1 40 3 30 17 41 3 4 86 19 101 28 70 3 16 25 22 29 29 29 2 1 14 29 14 4 5 95 6 113 16 115 19 120 2 17 131 21 101 2 2 80 6 92 4 5 122 6 124 16 95 19 94 3 5 83 7 117 12 104 3 8 2 14 3 24 3 3 13 22 14 27 27 23 3 2 71 17 62 30 60 2 8 123 9 130 3 13 28 14 22 27 20 2 4 109 26 108 3 5 182 10 187 14 165 3 17 110 23 117 29 124 2 17 130 21 124 3 4 189 12 199 14 163 2 8 102 18 113 3 16 20 22 25 29 25 3 1 202 5 157 11 201 2 1 17 29 15 3 6 42 13 56 30 41 2 27 49 28 49 2 7 100 15 87 3 2 69 17 68 30 69 4 3 93 12 90 28 70 30 78 2 8 174 9 171 2 4 188 16 179 3 9 120 19 97 24 101 3 6 44 13 56 30 43 3 1 159 2 139 20 139 3 2 122 5 124 22 147 3 18 195 21 194 25 146 2 18 113 24 104 2 18 10 23 10 2 2 65 6 74 2 10 112 28 86
36 2 1 15 29 15 3 2 58 17 74 30 73 3 1 39 3 33 17 40 3 4 96 19 72 28 85 3 5 84 7 85 12 120 2 8 138 9 120 4 5 137 6 104 16 104 19 132 2 7 77 15 108 3 4 90 19 74 28 68 3 6 54 13 46 30 56 4 5 93 6 114 16 94 19 103 2 27 56 28 54 4 3 97 12 100 28 82 30 77 2 2 92 6 63 2 8 149 9 117 3 17 117 23 153 29 112 3 2 74 17 78 30 66 2 4 156 16 169 2 10 94 28 113 3 9 122 19 134 24 124 3 8 2 14 3 24 2 3 5 149 10 157 14 183 3 13 27 14 28 27 26 3 1 209 5 207 11 160 2 18 87 24 115 3 4 157 12 135 14 162 2 8 88 18 95 3 1 123 2 143 20 140 2 17 145 21 115 2 10 100 28 115 3 2 158 5 137 22 132 3 13 27 14 22 27 21 2 18 8 23 9 3 18 183 21 193 25 207 2 4 94 26 108 3 16 28 22 27 29 28
38 3 18 171 21 143 25 179 2 1 17 29 17 3 18 185 21 174 25 206 3 2 61 17 56 30 60 3 1 28 3 35 17 40 3 4 90 19 96 28 94 4 5 109 6 113 16 98 19 100 2 2 91 6 71 3 2 74 17 65 30 67 3 6 41 13 41 30 44 3 5 120 7 86 12 114 3 8 2 14 2 24 2 2 8 122 9 133 3 6 60 13 51 30 58 3 5 200 10 158 14 152 3 1 151 5 189 11 198 3 18 163 21 195 25 142 3 4 187 12 144 14 151 4 5 125 6 124 16 111 19 130 3 13 25 14 25 27 27 2 7 75 15 107 2 4 174 16 145 2 18 10 23 8 3 17 160 23 122 29 145 3 18 158 21 180 25 178 2 8 88 18 104 2 7 105 15 104 3 16 29 22 26 29 27 3 9 113 19 113 24 114 3 1 142 2 172 20 130 4 3 90 12 96 28 97 30 98 2 17 133 21 100 2 27 50 28 42 3 2 143 5 116 22 149 2 18 93 24 105 3 1 197 5 206 11 164 2 4 107 26 104 2 10 112 28 93
33 2 1 13 29 12 3 2 70 17 71 30 73 3 1 33 3 33 17 32 3 4 98 19 76 28 94 4 5 114 6 98 16 136 19 129 2 2 79 6 78 2 10 119 28 88 3 5 104 7 98 12 89 2 8 109 18 81 3 8 3 14 3 24 3 2 8 159 9 160 3 16 27 22 20 29 28 3 5 170 10 165 14 176 3 9 119 19 127 24 133 3 2 122 5 173 22 119 3 1 32 3 28 17 38 2 18 9 23 8 3 1 188 5 188 11 153 3 4 175 12 140 14 168 3 6 57 13 44 30 42 3 13 22 14 26 27 19 2 7 92 15 111 2 18 98 24 98 3 1 155 2 123 20 157 2 4 138 16 178 3 8 3 14 3 24 2 3 17 155 23 128 29 125 3 18 196 21 205 25 162 2 17 100 21 118 2 27 58 28 43 3 2 66 17 77 30 59 2 4 116 26 113 4 3 83 12 76 28 81 30 73
39 2 1 17 29 17 2 18 93 24 115 2 1 14 29 15 3 2 78 17 72 30 72 3 13 25 14 19 27 21 3 2 69 17 74 30 57 3 4 81 19 90 28 93 3 1 31 3 41 17 42 3 17 127 23 121 29 116 4 5 93 6 93 16 121 19 106 3 17 160 23 124 29 126 2 2 69 6 71 3 5 200 10 153 14 156 3 13 25 14 25 27 27 2 7 104 15 95 2 18 81 24 107 3 5 101 7 102 12 107 3 4 69 19 79 28 82 3 8 2 14 3 24 2 2 27 59 28 41 3 4 150 12 199 14 163 3 18 166 21 166 25 187 2 18 9 23 8 2 8 133 9 171 4 3 79 12 82 28 79 30 92 3 1 211 5 178 11 159 3 16 25 22 20 29 21 3 6 49 13 59 30 45 2 1 15 29 16 3 1 160 2 153 20 119 3 1 42 3 35 17 38 2 4 188 16 177 2 8 109 18 86 2 10 92 28 94 3 9 137 19 111 24 102 2 17 131 21 130 3 2 158 5 126 22 158 3 4 143 12 183 14 195 2 4 121 26 98
39 2 1 17 29 17 2 18 93 24 115 2 1 14 29 15 3 2 78 17 72 30 72 3 13 25 14 19 27 21 3 2 69 17 74 30 57 3 4 81 19 90 28 93 3 1 31 3 41 17 42 3 17 127 23 121 29 116 4 5 93 6 93 16 121 19 106 3 17 160 23 124 29 126 2 2 69 6 71 3 5 200 10 153 14 156 3 13 25 14 25 27 27 2 7 104 15 95 2 18 81 24 107 3 5 101 7 102 12 107 3 4 69 19 79 28 82 3 8 2 14 3 24 2 2 27 59 28 41 3 4 150 12 199 14 163 3 18 166 21 166 25 187 2 18 9 23 8 2 8 133 9 171 4 3 79 12 82 28 79 30 92 3 1 211 5 178 11 159 3 16 25 22 20 29 21 3 6 49 13 59 30 45 2 1 15 29 16 3 1 160 2 153 20 119 3 1 42 3 35 17 38 2 4 188 16 177 2 8 109 18 86 2 10 92 28 94 3 9 137 19 111 24 102 2 17 131 21 130 3 2 158 5 126 22 158 3 4 143 12 183 14 195 2 4 121 26 98
36 2 1 13 29 14 3 2 64 17 71 30 70 3 1 41 3 42 17 32 3 2 66 17 67 30 72 3 4 97 19 95 28 95 4 5 93 6 137 16 111 19 98 2 2 79 6 70 3 18 185 21 177 25 205 3 4 84 19 102 28 80 3 8 2 14 3 24 2 3 5 97 7 104 12 105 4 5 100 6 97 16 137 19 133 2 8 163 9 150 3 5 207 10 169 14 170 4 3 90 12 73 28 73 30 91 3 1 155 5 214 11 160 3 4 152 12 151 14 148 3 6 59 13 59 30 54 2 4 197 16 196 2 7 88 15 108 3 13 19 14 20 27 20 3 17 133 23 132 29 134 2 8 90 18 89 3 9 105 19 115 24 111 3 1 160 2 124 20 127 3 6 58 13 46 30 41 2 17 125 21 133 2 10 91 28 95 3 1 204 5 202 11 197 3 2 128 5 128 22 158 2 18 10 23 11 2 18 112 24 95 2 4 135 26 139 3 16 25 22 25 29 26 2 7 81 15 89 2 27 55 28 43
36 2 1 13 29 14 3 2 64 17 71 30 70 3 1 41 3 42 17 32 3 2 66 17 67 30 72 3 4 97 19 95 28 95 4 5 93 6 137 16 111 19 98 2 2 79 6 70 3 18 185 21 177 25 205 3 4 84 19 102 28 80 3 8 2 14 3 24 2 3 5 97 7 104 12 105 4 5 100 6 97 16 137 19 133 2 8 163 9 150 3 5 207 10 169 14 170 4 3 90 12 73 28 73 30 91 3 1 155 5 214 11 160 3 4 152 12 151 14 148 3 6 59 13 59 30 54 2 4 197 16 196 2 7 88 15 108 3 13 19 14 20 27 20 3 17 133 23 132 29 134 2 8 90 18 89 3 9 105 19 115 24 111 3 1 160 2 124 20 127 3 6 58 13 46 30 41 2 17 125 21 133 2 10 91 28 95 3 1 204 5 202 11 197 3 2 128 5 128 22 158 2 18 10 23 11 2 18 112 24 95 2 4 135 26 139 3 16 25 22 25 29 26 2 7 81 15 89 2 27 55 28 43
36 2 1 13 29 16 3 2 72 17 77 30 65 3 1 38 3 33 17 31 3 2 82 17 82 30 68 3 4 87 19 88 28 79 4 5 118 6 109 16 138 19 104 2 2 91 6 84 3 18 208 21 180 25 146 3 4 72 19 97 28 103 3 8 2 14 2 24 3 3 5 116 7 105 12 118 4 5 115 6 130 16 125 19 118 2 8 149 9 165 3 5 146 10 165 14 154 4 3 93 12 91 28 80 30 68 3 1 158 5 165 11 151 3 4 162 12 138 14 138 3 6 53 13 60 30 58 2 4 171 16 203 2 7 108 15 86 3 13 20 14 27 27 19 3 17 125 23 113 29 135 2 8 93 18 96 3 9 109 19 94 24 128 3 1 129 2 167 20 151 3 6 42 13 48 30 52 2 17 109 21 135 2 10 118 28 108 3 1 204 5 153 11 202 3 2 121 5 152 22 134 2 18 11 23 11 2 18 114 24 112 2 4 107 26 138 3 16 20 22 22 29 29 2 7 78 15 86 2 27 47 28 54
33 2 1 15 29 17 2 4 120 26 106 2 1 12 29 15 3 2 56 17 72 30 74 3 6 44 13 43 30 46 2 1 15 29 13 3 1 36 3 33 17 43 3 4 102 19 97 28 96 3 17 114 23 130 29 140 2 27 49 28 46 2 2 94 6 74 2 7 102 15 86 3 9 113 19 92 24 124 3 8 2 14 3 24 2 4 3 77 12 82 28 100 30 92 3 2 118 5 141 22 135 4 5 125 6 94 16 94 19 122 3 5 120 7 103 12 91 2 8 118 9 139 2 4 148 16 172 2 8 100 18 105 3 5 160 10 167 14 203 3 4 199 12 151 14 144 2 2 88 6 93 2 18 11 23 8 3 1 144 5 213 11 175 3 13 21 14 21 27 20 3 1 138 2 138 20 140 2 17 130 21 111 2 18 103 24 89 3 18 159 21 153 25 170 2 10 90 28 82 3 16 27 22 26 29 24
36 2 1 14 29 17 3 2 56 17 71 30 74 3 1 43 3 30 17 40 3 2 56 17 82 30 55 3 4 81 19 88 28 70 4 5 124 6 135 16 115 19 136 2 2 63 6 70 3 18 171 21 154 25 210 3 4 70 19 76 28 79 3 8 2 14 2 24 2 3 5 110 7 84 12 83 4 5 120 6 133 16 123 19 107 2 8 157 9 117 3 5 161 10 156 14 145 4 3 82 12 80 28 99 30 97 3 1 170 5 159 11 198 3 4 195 12 167 14 135 3 6 48 13 47 30 56 2 4 186 16 177 2 7 112 15 90 3 13 25 14 25 27 20 3 17 148 23 154 29 126 2 8 120 18 82 3 9 136 19 102 24 137 3 1 165 2 153 20 140 3 6 54 13 55 30 60 2 17 129 21 100 2 10 118 28 102 3 1 186 5 204 11 182 3 2 158 5 139 22 168 2 18 11 23 9 2 18 87 24 112 2 4 110 26 112 3 16 21 22 28 29 21 2 7 103 15 112 2 27 49 28 46
35 2 1 14 29 14 2 17 114 21 98 3 2 59 17 56 30 79 2 17 136 21 100 3 1 33 3 29 17 40 3 4 98 19 70 28 87 4 5 98 6 98 16 98 19 137 2 2 92 6 63 3 5 89 7 93 12 103 3 17 148 23 136 29 152 3 8 2 14 2 24 2 3 4 188 12 190 14 181 3 6 52 13 49 30 61 4 5 104 6 110 16 94 19 117 2 8 129 9 173 3 5 146 10 169 14 141 4 5 138 6 121 16 136 19 101 3 1 199 5 159 11 202 3 13 19 14 23 27 22 2 7 78 15 108 3 16 20 22 21 29 20 3 1 205 5 168 11 169 4 3 86 12 88 28 101 30 100 3 1 36 3 37 17 37 2 4 197 16 199 2 27 41 28 44 2 8 100 18 100 3 9 107 19 115 24 130 2 10 87 28 121 3 1 172 2 124 20 161 2 4 127 26 99 3 18 178 21 181 25 147 3 2 169 5 124 22 149 2 18 10 23 8 2 18 90 24 101
41 2 1 14 29 15 3 2 69 17 66 30 59 3 1 31 3 38 17 29 3 4 98 19 95 28 96 3 16 23 22 28 29 29 2 1 16 29 12 4 5 133 6 116 16 113 19 105 2 17 125 21 99 2 2 63 6 85 4 5 134 6 102 16 107 19 121 3 5 86 7 98 12 81 3 8 3 14 3 24 2 3 13 20 14 26 27 22 3 2 74 17 55 30 65 2 8 155 9 161 3 13 20 14 21 27 26 2 4 98 26 114 3 5 165 10 176 14 203 3 17 147 23 121 29 151 2 17 121 21 122 3 4 143 12 181 14 136 2 8 111 18 99 3 16 20 22 25 29 24 3 1 183 5 158 11 152 2 1 17 29 17 3 6 52 13 42 30 46 2 27 53 28 40 2 7 93 15 107 3 2 64 17 76 30 68 4 3 99 12 79 28 93 30 68 2 8 122 9 155 2 4 149 16 180 3 9 109 19 111 24 112 3 6 43 13 42 30 50 3 1 153 2 152 20 165 3 2 141 5 125 22 131 3 18 182 21 185 25 152 2 18 93 24 82 2 18 8 23 10 2 2 71 6 82 2 10 89 28 86
37 2 4 157 16 150 2 1 17 29 17 3 2 61 17 55 30 68 2 4 137 16 137 2 17 119 21 126 3 1 34 3 35 17 37 3 18 191 21 197 25 152 2 4 202 16 142 3 4 95 19 75 28 74 2 18 83 24 95 2 8 92 18 97 3 16 27 22 22 29 22 4 5 95 6 129 16 94 19 109 2 2 72 6 91 2 4 136 26 124 3 4 148 12 173 14 177 3 5 118 7 83 12 90 3 18 155 21 144 25 144 3 8 3 14 3 24 2 2 27 41 28 59 2 8 144 9 130 2 8 90 18 102 3 9 95 19 124 24 101 2 4 183 16 191 3 5 168 10 160 14 163 2 7 101 15 91 3 1 208 5 176 11 172 3 8 2 14 2 24 2 3 2 147 5 170 22 145 3 1 41 3 31 17 39 3 6 45 13 56 30 56 2 10 105 28 112 3 17 131 23 155 29 151 2 18 11 23 8 3 13 24 14 19 27 21 3 1 151 2 163 20 155 4 3 92 12 91 28 101 30 83
37 2 4 157 16 150 2 1 17 29 17 3 2 61 17 55 30 68 2 4 137 16 137 2 17 119 21 126 3 1 34 3 35 17 37 3 18 191 21 197 25 152 2 4 202 16 142 3 4 95 19 75 28 74 2 18 83 24 95 2 8 92 18 97 3 16 27 22 22 29 22 4 5 95 6 129 16 94 19 109 2 2 72 6 91 2 4 136 26 124 3 4 148 12 173 14 177 3 5 118 7 83 12 90 3 18 155 21 144 25 144 3 8 3 14 3 24 2 2 27 41 28 59 2 8 144 9 130 2 8 90 18 102 3 9 95 19 124 24 101 2 4 183 16 191 3 5 168 10 160 14 163 2 7 101 15 91 3 1 208 5 176 11 172 3 8 2 14 2 24 2 3 2 147 5 170 22 145 3 1 41 3 31 17 39 3 6 45 13 56 30 56 2 10 105 28 112 3 17 131 23 155 29 151 2 18 11 23 8 3 13 24 14 19 27 21 3 1 151 2 163 20 155 4 3 92 12 91 28 101 30 83
38 2 18 8 23 10 2 4 100 26 120 2 1 15 29 12 2 4 129 26 125 4 5 124 6 117 16 102 19 93 2 4 133 26 128 2 2 76 6 92 3 2 61 17 80 30 69 2 4 133 26 108 3 1 36 3 42 17 41 3 4 86 19 94 28 88 3 5 121 7 89 12 97 3 8 3 14 3 24 2 2 8 155 9 117 2 4 174 16 184 3 5 186 10 155 14 183 2 18 8 23 8 3 1 158 5 208 11 145 3 6 42 13 50 30 52 3 4 167 12 167 14 174 3 8 2 14 2 24 2 3 13 26 14 22 27 27 3 16 24 22 28 29 22 2 7 89 15 108 2 8 138 9 140 3 17 139 23 135 29 147 4 3 88 12 88 28 94 30 86 2 8 82 18 85 3 9 123 19 108 24 107 2 1 16 29 12 3 1 141 2 146 20 162 2 17 121 21 117 3 2 135 5 152 22 124 2 18 84 24 103 3 2 127 5 122 22 156 2 27 46 28 52 3 18 174 21 174 25 154 2 10 115 28 118
35 2 1 12 29 12 3 2 59 17 64 30 69 2 4 140 16 192 3 1 34 3 43 17 41 3 4 93 19 84 28 97 3 18 148 21 191 25 186 3 9 107 19 121 24 95 2 17 125 21 107 3 1 147 2 123 20 163 4 5 98 6 123 16 98 19 96 3 13 20 14 27 27 23 2 2 73 6 75 3 5 90 7 116 12 121 2 8 145 9 154 3 4 200 12 139 14 143 3 6 46 13 53 30 52 3 1 142 2 123 20 144 3 8 3 14 2 24 3 3 1 30 3 30 17 42 3 5 142 10 188 14 207 2 10 98 28 111 3 5 118 7 106 12 97 3 16 27 22 21 29 20 2 2 94 6 64 3 1 144 5 173 11 161 2 7 104 15 110 3 17 131 23 138 29 153 2 27 53 28 52 3 13 22 14 26 27 26 3 2 121 5 146 22 116 2 8 81 18 98 2 18 9 23 10 4 3 80 12 89 28 69 30 72 2 18 101 24 116 2 4 117 26 126
37 2 4 183 16 170 2 1 12 29 17 3 2 80 17 72 30 68 2 4 162 16 148 2 17 109 21 98 3 1 36 3 32 17 31 3 18 179 21 196 25 153 2 4 164 16 181 3 4 91 19 88 28 71 2 18 95 24 105 2 8 94 18 113 3 16 24 22 28 29 29 4 5 118 6 128 16 128 19 135 2 2 79 6 92 2 4 101 26 132 3 4 185 12 143 14 142 3 5 84 7 115 12 119 3 18 169 21 147 25 178 3 8 3 14 2 24 2 2 27 49 28 54 2 8 149 9 141 2 8 89 18 119 3 9 126 19 135 24 119 2 4 182 16 198 3 5 195 10 173 14 172 2 7 111 15 105 3 1 147 5 162 11 193 3 8 3 14 2 24 2 3 2 130 5 119 22 116 3 1 36 3 31 17 32 3 6 42 13 48 30 54 2 10 104 28 100 3 17 118 23 160 29 120 2 18 10 23 11 3 13 23 14 22 27 26 3 1 148 2 152 20 117 4 3 77 12 69 28 93 30 95
41 2 1 17 29 14 3 2 66 17 70 30 65 3 1 35 3 35 17 28 3 4 97 19 95 28 95 3 16 22 22 28 29 22 2 1 12 29 12 4 5 93 6 106 16 99 19 119 2 17 119 21 142 2 2 82 6 89 4 5 127 6 95 16 101 19 105 3 5 105 7 83 12 111 3 8 2 14 3 24 3 3 13 22 14 20 27 26 3 2 61 17 70 30 62 2 8 162 9 141 3 13 23 14 27 27 25 2 4 116 26 104 3 5 141 10 174 14 156 3 17 127 23 157 29 111 2 17 129 21 97 3 4 158 12 143 14 141 2 8 102 18 99 3 16 21 22 21 29 29 3 1 173 5 197 11 208 2 1 14 29 14 3 6 48 13 49 30 42 2 27 45 28 58 2 7 105 15 106 3 2 78 17 71 30 65 4 3 83 12 87 28 87 30 83 2 8 128 9 174 2 4 189 16 184 3 9 121 19 133 24 107 3 6 49 13 44 30 42 3 1 169 2 122 20 144 3 2 116 5 143 22 171 3 18 188 21 186 25 172 2 18 96 24 81 2 18 10 23 8 2 2 79 6 75 2 10 101 28 107
DUE_DATES: 2842 2828 2828 2794 2794 2794 2794 2808 3444 3444 2982 2982 3441 3441 3441 3379 3379 3326 3325 3233 3327 3327 3125 3125 3125 3449 3337 3128 3115 3115 3413 3413 3203 3676 2828 3343 3343 3350 3350 3317 2774 3328 3283 3342 3466 3466 3363 3064 3510 3412
WEIGHTS: 3 3 2 1 3 1 3 1 2 2 2 2 2 2 2 1 2 2 1 2 2 1 3 3 2 1 2 2 1 2 1 3 1 3 1 1 1 1 3 3 1 2 1 3 2 1 1 1 3 2
