50 30
37 2 12 90 26 73 2 1 130 2 138 3 2 72 8 55 25 77 3 12 162 13 167 24 164 4 3 18 10 22 20 22 27 17 3 12 162 13 187 24 197 2 22 21 30 19 2 12 77 26 69 2 4 3 8 3 2 11 24 18 21 2 5 124 29 141 2 22 21 30 23 3 6 161 16 150 20 167 2 7 212 18 175 4 3 17 10 17 20 17 27 22 2 9 13 21 14 3 3 114 8 117 11 103 3 3 71 10 75 15 81 3 11 32 24 41 30 42 2 14 8 22 7 3 3 93 10 72 15 84 2 10 5 14 5 3 11 37 24 34 30 41 3 15 211 16 166 30 166 3 19 162 21 186 24 217 2 1 83 16 92 3 14 175 17 216 29 207 2 11 169 23 212 3 6 123 16 138 20 157 3 19 11 23 12 29 10 2 9 108 25 95 2 8 50 21 52 3 9 194 19 152 27 181 3 6 104 18 100 20 112 2 16 88 26 100 3 21 175 27 127 28 140 2 22 64 29 85
37 2 12 90 26 73 2 1 130 2 138 3 2 72 8 55 25 77 3 12 162 13 167 24 164 4 3 18 10 22 20 22 27 17 3 12 162 13 187 24 197 2 22 21 30 19 2 12 77 26 69 2 4 3 8 3 2 11 24 18 21 2 5 124 29 141 2 22 21 30 23 3 6 161 16 150 20 167 2 7 212 18 175 4 3 17 10 17 20 17 27 22 2 9 13 21 14 3 3 114 8 117 11 103 3 3 71 10 75 15 81 3 11 32 24 41 30 42 2 14 8 22 7 3 3 93 10 72 15 84 2 10 5 14 5 3 11 37 24 34 30 41 3 15 211 16 166 30 166 3 19 162 21 186 24 217 2 1 83 16 92 3 14 175 17 216 29 207 2 11 169 23 212 3 6 123 16 138 20 157 3 19 11 23 12 29 10 2 9 108 25 95 2 8 50 21 52 3 9 194 19 152 27 181 3 6 104 18 100 20 112 2 16 88 26 100 3 21 175 27 127 28 140 2 22 64 29 85
36 2 1 122 2 128 3 2 56 8 55 25 60 3 3 90 10 75 15 84 4 3 16 10 23 20 18 27 21 2 10 5 14 5 2 1 111 2 103 2 4 3 8 4 2 5 140 29 121 3 6 99 18 92 20 109 2 14 8 22 8 3 6 138 16 151 20 150 2 9 88 25 83 2 7 192 18 146 3 3 122 8 128 11 104 2 9 10 21 10 3 6 87 18 98 20 103 3 11 36 24 39 30 34 2 12 84 26 76 3 12 167 13 227 24 185 3 6 129 16 155 20 152 3 15 211 16 160 30 167 3 9 170 19 173 27 179 3 21 159 27 161 28 144 2 1 85 16 93 4 3 16 10 22 20 20 27 17 2 8 52 21 55 3 14 223 17 187 29 171 2 11 24 18 23 3 19 13 23 11 29 13 2 11 171 23 209 3 9 172 19 178 27 178 3 19 191 21 160 24 231 2 9 9 21 14 2 22 79 29 65 2 16 91 26 91 2 22 16 30 19
36 2 1 129 2 108 3 2 55 8 56 25 59 3 3 88 10 71 15 77 4 3 21 10 17 20 16 27 21 2 10 5 14 5 2 1 111 2 104 2 4 3 8 3 2 5 135 29 151 3 6 83 18 111 20 88 2 14 7 22 8 3 6 147 16 112 20 112 2 9 102 25 107 2 7 176 18 199 3 3 104 8 104 11 134 2 9 11 21 13 3 6 110 18 101 20 112 3 11 42 24 29 30 37 2 12 81 26 86 3 12 164 13 172 24 175 3 6 134 16 165 20 167 3 15 187 16 172 30 179 3 9 182 19 160 27 191 3 21 138 27 175 28 167 2 1 87 16 93 4 3 20 10 20 20 23 27 19 2 8 68 21 51 3 14 235 17 205 29 226 2 11 26 18 29 3 19 13 23 9 29 13 2 11 179 23 196 3 9 158 19 154 27 167 3 19 160 21 227 24 197 2 9 14 21 12 2 22 95 29 66 2 16 80 26 85 2 22 16 30 23
36 2 1 129 2 108 3 2 55 8 56 25 59 3 3 88 10 71 15 77 4 3 21 10 17 20 16 27 21 2 10 5 14 5 2 1 111 2 104 2 4 3 8 3 2 5 135 29 151 3 6 83 18 111 20 88 2 14 7 22 8 3 6 147 16 112 20 112 2 9 102 25 107 2 7 176 18 199 3 3 104 8 104 11 134 2 9 11 21 13 3 6 110 18 101 20 112 3 11 42 24 29 30 37 2 12 81 26 86 3 12 164 13 172 24 175 3 6 134 16 165 20 167 3 15 187 16 172 30 179 3 9 182 19 160 27 191 3 21 138 27 175 28 167 2 1 87 16 93 4 3 20 10 20 20 23 27 19 2 8 68 21 51 3 14 235 17 205 29 226 2 11 26 18 29 3 19 13 23 9 29 13 2 11 179 23 196 3 9 158 19 154 27 167 3 19 160 21 227 24 197 2 9 14 21 12 2 22 95 29 66 2 16 80 26 85 2 22 16 30 23
36 2 1 129 2 108 3 2 55 8 56 25 59 3 3 88 10 71 15 77 4 3 21 10 17 20 16 27 21 2 10 5 14 5 2 1 111 2 104 2 4 3 8 3 2 5 135 29 151 3 6 83 18 111 20 88 2 14 7 22 8 3 6 147 16 112 20 112 2 9 102 25 107 2 7 176 18 199 3 3 104 8 104 11 134 2 9 11 21 13 3 6 110 18 101 20 112 3 11 42 24 29 30 37 2 12 81 26 86 3 12 164 13 172 24 175 3 6 134 16 165 20 167 3 15 187 16 172 30 179 3 9 182 19 160 27 191 3 21 138 27 175 28 167 2 1 87 16 93 4 3 20 10 20 20 23 27 19 2 8 68 21 51 3 14 235 17 205 29 226 2 11 26 18 29 3 19 13 23 9 29 13 2 11 179 23 196 3 9 158 19 154 27 167 3 19 160 21 227 24 197 2 9 14 21 12 2 22 95 29 66 2 16 80 26 85 2 22 16 30 23
34 2 1 116 2 114 3 2 59 8 63 25 65 4 3 19 10 16 20 16 27 19 2 1 100 2 134 2 4 4 8 4 2 5 109 29 141 3 3 123 8 121 11 94 2 1 113 2 98 3 6 121 16 150 20 163 2 7 207 18 197 2 9 11 21 10 2 22 79 29 71 2 11 180 23 209 3 3 95 10 64 15 76 3 11 42 24 32 30 38 2 12 63 26 67 3 12 205 13 174 24 199 2 10 5 14 4 3 9 210 19 175 27 171 2 14 6 22 9 3 15 160 16 210 30 220 2 1 63 16 89 3 14 218 17 176 29 237 2 11 23 18 21 3 19 9 23 11 29 13 3 6 115 18 88 20 88 3 15 161 16 190 30 200 2 8 64 21 55 3 19 194 21 188 24 167 3 3 83 10 65 15 78 2 9 104 25 94 2 16 106 26 100 3 21 134 27 122 28 155 2 22 20 30 19
34 2 1 116 2 114 3 2 59 8 63 25 65 4 3 19 10 16 20 16 27 19 2 1 100 2 134 2 4 4 8 4 2 5 109 29 141 3 3 123 8 121 11 94 2 1 113 2 98 3 6 121 16 150 20 163 2 7 207 18 197 2 9 11 21 10 2 22 79 29 71 2 11 180 23 209 3 3 95 10 64 15 76 3 11 42 24 32 30 38 2 12 63 26 67 3 12 205 13 174 24 199 2 10 5 14 4 3 9 210 19 175 27 171 2 14 6 22 9 3 15 160 16 210 30 220 2 1 63 16 89 3 14 218 17 176 29 237 2 11 23 18 21 3 19 9 23 11 29 13 3 6 115 18 88 20 88 3 15 161 16 190 30 200 2 8 64 21 55 3 19 194 21 188 24 167 3 3 83 10 65 15 78 2 9 104 25 94 2 16 106 26 100 3 21 134 27 122 28 155 2 22 20 30 19
35 2 1 124 2 118 3 2 71 8 75 25 56 4 3 21 10 20 20 21 27 22 2 4 3 8 4 2 5 104 29 114 3 6 149 16 162 20 133 2 7 217 18 199 3 3 130 8 124 11 108 2 9 11 21 12 3 3 78 10 90 15 72 3 11 33 24 34 30 33 2 12 88 26 62 3 12 165 13 168 24 189 3 6 83 18 90 20 102 2 10 5 14 5 3 19 11 23 10 29 9 3 19 220 21 168 24 181 3 15 175 16 201 30 162 2 1 79 16 90 2 14 9 22 9 3 14 186 17 190 29 238 2 14 7 22 7 2 11 29 18 30 2 8 64 21 64 2 22 18 30 20 2 11 156 23 164 2 9 104 25 113 2 10 5 14 5 3 21 125 27 141 28 158 3 2 59 8 59 25 57 2 16 88 26 81 3 2 76 8 57 25 73 2 22 73 29 64 2 7 211 18 158 3 9 158 19 175 27 208
38 2 22 17 30 21 2 9 13 21 13 2 1 134 2 120 3 2 61 8 64 25 63 2 22 19 30 16 4 3 19 10 16 20 19 27 17 2 12 78 26 64 2 9 11 21 12 2 4 3 8 3 2 5 107 29 140 3 6 164 16 115 20 160 2 22 19 30 16 3 14 176 17 185 29 175 2 7 146 18 155 2 12 86 26 84 3 21 128 27 121 28 156 3 3 129 8 100 11 95 2 9 115 25 115 3 19 220 21 218 24 201 3 15 161 16 179 30 181 2 11 23 18 24 3 3 82 10 73 15 84 3 11 43 24 43 30 38 2 7 149 18 155 3 12 194 13 222 24 176 2 8 60 21 61 4 3 20 10 20 20 17 27 16 2 10 4 14 5 2 14 8 22 8 2 22 68 29 79 3 3 97 8 116 11 107 2 1 90 16 91 3 19 10 23 13 29 13 3 6 106 18 115 20 89 2 11 149 23 190 3 9 172 19 218 27 180 2 7 148 18 146 2 16 91 26 110
38 2 22 17 30 21 2 9 13 21 13 2 1 134 2 120 3 2 61 8 64 25 63 2 22 19 30 16 4 3 19 10 16 20 19 27 17 2 12 78 26 64 2 9 11 21 12 2 4 3 8 3 2 5 107 29 140 3 6 164 16 115 20 160 2 22 19 30 16 3 14 176 17 185 29 175 2 7 146 18 155 2 12 86 26 84 3 21 128 27 121 28 156 3 3 129 8 100 11 95 2 9 115 25 115 3 19 220 21 218 24 201 3 15 161 16 179 30 181 2 11 23 18 24 3 3 82 10 73 15 84 3 11 43 24 43 30 38 2 7 149 18 155 3 12 194 13 222 24 176 2 8 60 21 61 4 3 20 10 20 20 17 27 16 2 10 4 14 5 2 14 8 22 8 2 22 68 29 79 3 3 97 8 116 11 107 2 1 90 16 91 3 19 10 23 13 29 13 3 6 106 18 115 20 89 2 11 149 23 190 3 9 172 19 218 27 180 2 7 148 18 146 2 16 91 26 110
36 2 1 143 2 110 3 2 67 8 61 25 67 3 3 88 10 95 15 64 4 3 22 10 22 20 23 27 19 2 10 5 14 5 2 1 132 2 133 2 4 3 8 4 2 5 131 29 120 3 6 113 18 118 20 83 2 14 8 22 9 3 6 112 16 136 20 117 2 9 88 25 89 2 7 170 18 195 3 3 96 8 93 11 125 2 9 12 21 13 3 6 89 18 110 20 106 3 11 31 24 34 30 34 2 12 69 26 84 3 12 212 13 217 24 213 3 6 156 16 162 20 120 3 15 186 16 195 30 225 3 9 159 19 194 27 203 3 21 127 27 174 28 132 2 1 68 16 62 4 3 17 10 19 20 22 27 23 2 8 69 21 53 3 14 175 17 206 29 164 2 11 23 18 26 3 19 10 23 12 29 14 2 11 162 23 210 3 9 215 19 210 27 183 3 19 210 21 191 24 181 2 9 14 21 13 2 22 68 29 95 2 16 85 26 106 2 22 23 30 22
35 2 1 131 2 125 3 2 59 8 55 25 66 2 1 106 2 121 4 3 16 10 20 20 20 27 20 2 4 4 8 4 3 19 208 21 203 24 185 3 2 62 8 55 25 56 3 6 84 18 105 20 104 2 5 146 29 147 3 6 138 16 165 20 163 3 14 192 17 200 29 162 2 7 161 18 214 2 12 71 26 71 3 19 12 23 14 29 11 3 3 97 8 105 11 124 2 9 10 21 10 3 11 43 24 31 30 40 3 3 91 10 64 15 67 3 12 167 13 185 24 165 2 22 71 29 93 3 15 192 16 172 30 173 2 10 5 14 4 2 4 4 8 3 2 1 93 16 71 2 11 21 18 22 2 8 54 21 71 2 14 8 22 9 2 11 153 23 154 2 9 113 25 110 3 19 173 21 216 24 173 2 16 91 26 90 3 9 211 19 151 27 221 3 21 157 27 130 28 163 3 14 182 17 161 29 207 2 22 19 30 18
35 2 1 131 2 125 3 2 59 8 55 25 66 2 1 106 2 121 4 3 16 10 20 20 20 27 20 2 4 4 8 4 3 19 208 21 203 24 185 3 2 62 8 55 25 56 3 6 84 18 105 20 104 2 5 146 29 147 3 6 138 16 165 20 163 3 14 192 17 200 29 162 2 7 161 18 214 2 12 71 26 71 3 19 12 23 14 29 11 3 3 97 8 105 11 124 2 9 10 21 10 3 11 43 24 31 30 40 3 3 91 10 64 15 67 3 12 167 13 185 24 165 2 22 71 29 93 3 15 192 16 172 30 173 2 10 5 14 4 2 4 4 8 3 2 1 93 16 71 2 11 21 18 22 2 8 54 21 71 2 14 8 22 9 2 11 153 23 154 2 9 113 25 110 3 19 173 21 216 24 173 2 16 91 26 90 3 9 211 19 151 27 221 3 21 157 27 130 28 163 3 14 182 17 161 29 207 2 22 19 30 18
38 2 22 22 30 16 2 9 13 21 10 2 1 136 2 115 3 2 71 8 66 25 71 2 22 21 30 16 4 3 23 10 16 20 21 27 20 2 12 77 26 71 2 9 11 21 10 2 4 4 8 4 2 5 124 29 144 3 6 138 16 158 20 134 2 22 16 30 21 3 14 194 17 228 29 186 2 7 217 18 191 2 12 61 26 65 3 21 118 27 144 28 130 3 3 127 8 117 11 109 2 9 112 25 82 3 19 214 21 179 24 215 3 15 187 16 181 30 205 2 11 30 18 24 3 3 95 10 78 15 84 3 11 35 24 42 30 34 2 7 172 18 176 3 12 231 13 209 24 200 2 8 69 21 69 4 3 18 10 22 20 19 27 17 2 10 4 14 4 2 14 8 22 7 2 22 86 29 85 3 3 108 8 123 11 93 2 1 78 16 70 3 19 11 23 10 29 11 3 6 84 18 86 20 94 2 11 172 23 176 3 9 164 19 173 27 160 2 7 210 18 193 2 16 90 26 105
36 2 1 134 2 140 3 14 221 17 212 29 210 2 1 136 2 134 3 2 63 8 77 25 64 2 1 97 2 103 3 19 9 23 11 29 12 4 3 23 10 21 20 19 27 20 2 14 7 22 7 3 15 169 16 160 30 153 2 22 18 30 23 2 4 4 8 3 2 5 122 29 127 3 6 81 18 83 20 94 3 6 158 16 135 20 115 2 22 20 30 21 2 11 199 23 157 3 14 197 17 239 29 164 2 7 206 18 168 3 3 116 8 129 11 118 3 9 189 19 162 27 207 2 10 4 14 5 2 9 12 21 10 3 19 170 21 161 24 164 3 21 174 27 129 28 129 3 3 90 10 64 15 77 3 11 31 24 38 30 34 2 12 86 26 76 3 3 128 8 123 11 112 3 12 173 13 214 24 220 2 1 80 16 67 2 11 24 18 25 2 8 57 21 74 2 9 106 25 108 2 16 83 26 82 3 12 183 13 235 24 225 2 22 89 29 80
35 3 6 118 18 90 20 99 2 1 103 2 144 3 6 95 18 118 20 115 3 2 55 8 68 25 58 2 12 81 26 82 2 7 217 18 147 4 3 23 10 16 20 23 27 17 2 7 178 18 188 3 21 156 27 147 28 137 2 4 3 8 4 2 9 12 21 12 3 15 225 16 214 30 212 2 1 118 2 129 3 19 10 23 14 29 13 2 5 123 29 110 3 6 144 16 118 20 138 2 16 106 26 113 3 3 127 8 96 11 93 3 12 190 13 205 24 232 3 19 176 21 171 24 157 2 14 7 22 8 3 3 86 10 91 15 74 3 14 229 17 228 29 163 2 9 93 25 88 3 11 41 24 37 30 31 2 10 5 14 4 2 1 74 16 69 2 4 4 8 4 2 11 27 18 27 2 1 139 2 103 2 8 66 21 61 3 9 181 19 170 27 197 2 11 214 23 173 2 22 70 29 87 2 22 21 30 17
34 2 1 124 2 100 3 6 118 18 94 20 85 3 2 74 8 73 25 58 2 4 4 8 4 4 3 18 10 20 20 19 27 20 2 5 145 29 121 2 22 20 30 22 3 6 135 16 154 20 150 2 7 181 18 157 2 11 21 18 28 4 3 17 10 22 20 16 27 16 3 3 112 8 125 11 115 2 7 148 18 187 2 14 7 22 8 2 9 12 21 12 3 3 74 10 79 15 77 3 11 39 24 34 30 41 2 12 61 26 73 2 8 54 21 54 3 6 111 18 91 20 112 3 12 214 13 193 24 172 3 9 171 19 197 27 209 2 10 4 14 5 3 19 164 21 202 24 162 2 8 74 21 59 3 15 156 16 183 30 175 2 1 89 16 87 3 14 220 17 167 29 203 2 9 86 25 104 3 19 11 23 11 29 13 3 21 168 27 155 28 166 2 11 219 23 193 2 16 77 26 98 2 22 71 29 82
33 2 10 5 14 4 2 1 113 2 121 2 5 139 29 115 3 2 64 8 58 25 71 4 3 18 10 17 20 17 27 21 3 6 156 16 146 20 156 2 4 3 8 3 2 7 206 18 189 2 11 23 18 21 3 3 94 8 129 11 115 2 9 9 21 11 3 3 79 10 81 15 67 2 1 112 2 132 3 11 29 24 33 30 32 2 12 83 26 81 2 7 212 18 152 3 12 221 13 178 24 194 3 15 202 16 192 30 196 2 1 64 16 86 2 8 57 21 61 3 14 182 17 191 29 235 3 19 9 23 10 29 11 3 6 116 18 111 20 117 2 14 7 22 6 2 11 198 23 188 3 19 184 21 156 24 159 3 9 219 19 185 27 173 3 19 10 23 10 29 13 3 21 163 27 162 28 131 2 9 106 25 100 2 16 87 26 100 2 22 85 29 77 2 22 16 30 23
34 2 1 112 2 113 3 11 36 24 33 30 37 3 2 71 8 54 25 68 3 11 35 24 35 30 37 3 19 192 21 216 24 200 4 3 17 10 22 20 21 27 16 2 4 4 8 3 2 5 125 29 136 3 6 166 16 141 20 128 2 7 179 18 186 3 3 106 8 95 11 133 3 2 66 8 79 25 73 2 9 10 21 12 4 3 20 10 20 20 22 27 18 2 16 85 26 96 3 3 85 10 66 15 93 2 12 70 26 78 2 11 29 18 24 2 9 116 25 82 3 12 216 13 186 24 177 2 10 5 14 4 3 15 206 16 166 30 215 2 1 90 16 63 3 9 162 19 207 27 197 3 14 207 17 239 29 230 3 6 85 18 100 20 106 3 19 11 23 10 29 10 2 8 74 21 63 3 15 160 16 220 30 211 2 22 22 30 17 2 14 7 22 6 2 11 193 23 160 3 21 141 27 145 28 155 2 22 88 29 69
34 2 1 135 2 106 3 6 104 18 100 20 88 3 2 60 8 69 25 77 2 4 4 8 4 4 3 19 10 21 20 17 27 22 2 5 128 29 124 2 22 21 30 22 3 6 162 16 167 20 145 2 7 187 18 158 2 11 25 18 24 4 3 20 10 21 20 21 27 22 3 3 107 8 132 11 120 2 7 217 18 165 2 14 8 22 6 2 9 10 21 12 3 3 75 10 84 15 75 3 11 30 24 40 30 33 2 12 90 26 80 2 8 71 21 64 3 6 88 18 111 20 112 3 12 212 13 163 24 177 3 9 203 19 186 27 166 2 10 4 14 5 3 19 161 21 188 24 225 2 8 57 21 55 3 15 197 16 171 30 225 2 1 78 16 71 3 14 237 17 223 29 168 2 9 108 25 97 3 19 13 23 11 29 13 3 21 129 27 147 28 150 2 11 209 23 160 2 16 102 26 82 2 22 69 29 88
34 2 1 135 2 106 3 6 104 18 100 20 88 3 2 60 8 69 25 77 2 4 4 8 4 4 3 19 10 21 20 17 27 22 2 5 128 29 124 2 22 21 30 22 3 6 162 16 167 20 145 2 7 187 18 158 2 11 25 18 24 4 3 20 10 21 20 21 27 22 3 3 107 8 132 11 120 2 7 217 18 165 2 14 8 22 6 2 9 10 21 12 3 3 75 10 84 15 75 3 11 30 24 40 30 33 2 12 90 26 80 2 8 71 21 64 3 6 88 18 111 20 112 3 12 212 13 163 24 177 3 9 203 19 186 27 166 2 10 4 14 5 3 19 161 21 188 24 225 2 8 57 21 55 3 15 197 16 171 30 225 2 1 78 16 71 3 14 237 17 223 29 168 2 9 108 25 97 3 19 13 23 11 29 13 3 21 129 27 147 28 150 2 11 209 23 160 2 16 102 26 82 2 22 69 29 88
34 2 1 105 2 144 3 11 33 24 30 30 39 3 2 69 8 70 25 76 3 11 36 24 31 30 36 3 19 179 21 155 24 200 4 3 22 10 18 20 20 27 18 2 4 3 8 4 2 5 109 29 145 3 6 119 16 120 20 165 2 7 200 18 209 3 3 97 8 136 11 114 3 2 65 8 70 25 72 2 9 13 21 11 4 3 22 10 20 20 23 27 18 2 16 81 26 99 3 3 65 10 73 15 95 2 12 84 26 90 2 11 26 18 29 2 9 110 25 98 3 12 198 13 165 24 166 2 10 5 14 4 3 15 193 16 207 30 225 2 1 74 16 87 3 9 215 19 157 27 221 3 14 224 17 210 29 200 3 6 87 18 88 20 102 3 19 13 23 11 29 14 2 8 57 21 57 3 15 167 16 187 30 171 2 22 22 30 23 2 14 8 22 7 2 11 189 23 172 3 21 123 27 123 28 165 2 22 64 29 71
34 2 1 105 2 144 3 11 33 24 30 30 39 3 2 69 8 70 25 76 3 11 36 24 31 30 36 3 19 179 21 155 24 200 4 3 22 10 18 20 20 27 18 2 4 3 8 4 2 5 109 29 145 3 6 119 16 120 20 165 2 7 200 18 209 3 3 97 8 136 11 114 3 2 65 8 70 25 72 2 9 13 21 11 4 3 22 10 20 20 23 27 18 2 16 81 26 99 3 3 65 10 73 15 95 2 12 84 26 90 2 11 26 18 29 2 9 110 25 98 3 12 198 13 165 24 166 2 10 5 14 4 3 15 193 16 207 30 225 2 1 74 16 87 3 9 215 19 157 27 221 3 14 224 17 210 29 200 3 6 87 18 88 20 102 3 19 13 23 11 29 14 2 8 57 21 57 3 15 167 16 187 30 171 2 22 22 30 23 2 14 8 22 7 2 11 189 23 172 3 21 123 27 123 28 165 2 22 64 29 71
34 2 1 139 2 131 3 2 65 8 53 25 78 4 3 23 10 22 20 22 27 22 2 1 145 2 98 2 4 4 8 3 2 5 117 29 149 3 3 126 8 108 11 126 2 1 114 2 120 3 6 156 16 119 20 145 2 7 157 18 204 2 9 14 21 10 2 22 89 29 94 2 11 213 23 157 3 3 81 10 91 15 74 3 11 30 24 42 30 34 2 12 81 26 74 3 12 218 13 231 24 194 2 10 4 14 4 3 9 214 19 173 27 171 2 14 9 22 6 3 15 201 16 194 30 227 2 1 70 16 77 3 14 200 17 231 29 190 2 11 29 18 29 3 19 11 23 11 29 13 3 6 98 18 106 20 109 3 15 183 16 214 30 212 2 8 74 21 71 3 19 168 21 225 24 207 3 3 66 10 77 15 65 2 9 105 25 104 2 16 102 26 95 3 21 163 27 158 28 164 2 22 19 30 19
34 2 1 139 2 131 3 2 65 8 53 25 78 4 3 23 10 22 20 22 27 22 2 1 145 2 98 2 4 4 8 3 2 5 117 29 149 3 3 126 8 108 11 126 2 1 114 2 120 3 6 156 16 119 20 145 2 7 157 18 204 2 9 14 21 10 2 22 89 29 94 2 11 213 23 157 3 3 81 10 91 15 74 3 11 30 24 42 30 34 2 12 81 26 74 3 12 218 13 231 24 194 2 10 4 14 4 3 9 214 19 173 27 171 2 14 9 22 6 3 15 201 16 194 30 227 2 1 70 16 77 3 14 200 17 231 29 190 2 11 29 18 29 3 19 11 23 11 29 13 3 6 98 18 106 20 109 3 15 183 16 214 30 212 2 8 74 21 71 3 19 168 21 225 24 207 3 3 66 10 77 15 65 2 9 105 25 104 2 16 102 26 95 3 21 163 27 158 28 164 2 22 19 30 19
38 2 1 96 2 103 2 11 182 23 173 2 1 101 2 132 3 2 52 8 70 25 64 3 11 30 24 34 30 33 4 3 19 10 23 20 22 27 21 3 2 59 8 74 25 66 3 21 159 27 167 28 169 2 4 4 8 4 2 5 109 29 134 3 19 13 23 10 29 14 3 6 160 16 125 20 144 3 14 219 17 161 29 220 2 7 173 18 172 3 6 103 18 95 20 81 3 19 13 23 9 29 10 3 3 111 8 93 11 94 2 9 13 21 12 3 11 37 24 38 30 29 3 3 66 10 75 15 94 2 12 79 26 74 3 12 183 13 223 24 202 2 10 5 14 5 3 15 188 16 215 30 223 2 1 76 16 89 2 4 3 8 3 2 14 6 22 9 2 22 20 30 16 2 16 96 26 90 2 9 104 25 114 2 11 29 18 21 3 21 138 27 142 28 155 2 8 69 21 57 3 19 195 21 205 24 177 3 2 67 8 55 25 58 3 9 194 19 220 27 174 3 3 79 10 84 15 89 2 22 83 29 79
34 2 1 100 2 115 3 2 72 8 60 25 70 4 3 22 10 19 20 16 27 22 2 1 112 2 99 2 4 3 8 4 2 5 135 29 122 3 3 131 8 114 11 116 2 1 117 2 109 3 6 160 16 152 20 121 2 7 175 18 201 2 9 10 21 11 2 22 91 29 79 2 11 179 23 182 3 3 93 10 78 15 79 3 11 37 24 29 30 41 2 12 82 26 79 3 12 227 13 231 24 234 2 10 5 14 5 3 9 186 19 181 27 180 2 14 9 22 8 3 15 174 16 156 30 166 2 1 65 16 89 3 14 184 17 160 29 174 2 11 22 18 25 3 19 12 23 9 29 10 3 6 92 18 88 20 99 3 15 181 16 163 30 225 2 8 60 21 60 3 19 214 21 208 24 161 3 3 83 10 75 15 76 2 9 115 25 105 2 16 98 26 109 3 21 140 27 147 28 160 2 22 16 30 20
35 3 6 113 18 107 20 87 2 1 121 2 139 3 6 110 18 83 20 90 3 2 71 8 78 25 64 2 12 90 26 77 2 7 160 18 148 4 3 20 10 18 20 21 27 23 2 7 189 18 159 3 21 164 27 153 28 171 2 4 4 8 4 2 9 13 21 12 3 15 178 16 200 30 161 2 1 114 2 140 3 19 13 23 11 29 14 2 5 147 29 103 3 6 128 16 138 20 153 2 16 102 26 88 3 3 94 8 97 11 106 3 12 189 13 204 24 199 3 19 217 21 177 24 178 2 14 7 22 8 3 3 83 10 68 15 80 3 14 205 17 234 29 166 2 9 99 25 79 3 11 30 24 38 30 39 2 10 4 14 5 2 1 88 16 85 2 4 4 8 4 2 11 24 18 26 2 1 112 2 144 2 8 57 21 72 3 9 210 19 150 27 156 2 11 182 23 216 2 22 89 29 69 2 22 19 30 20
35 3 6 113 18 107 20 87 2 1 121 2 139 3 6 110 18 83 20 90 3 2 71 8 78 25 64 2 12 90 26 77 2 7 160 18 148 4 3 20 10 18 20 21 27 23 2 7 189 18 159 3 21 164 27 153 28 171 2 4 4 8 4 2 9 13 21 12 3 15 178 16 200 30 161 2 1 114 2 140 3 19 13 23 11 29 14 2 5 147 29 103 3 6 128 16 138 20 153 2 16 102 26 88 3 3 94 8 97 11 106 3 12 189 13 204 24 199 3 19 217 21 177 24 178 2 14 7 22 8 3 3 83 10 68 15 80 3 14 205 17 234 29 166 2 9 99 25 79 3 11 30 24 38 30 39 2 10 4 14 5 2 1 88 16 85 2 4 4 8 4 2 11 24 18 26 2 1 112 2 144 2 8 57 21 72 3 9 210 19 150 27 156 2 11 182 23 216 2 22 89 29 69 2 22 19 30 20
36 2 5 152 29 110 2 22 73 29 88 2 5 137 29 145 2 9 12 21 13 2 1 123 2 121 3 2 67 8 55 25 63 4 3 19 10 23 20 22 27 21 2 4 4 8 4 2 8 51 21 68 3 6 114 16 143 20 151 2 22 23 30 22 2 1 121 2 120 2 7 184 18 145 3 11 43 24 38 30 40 2 8 51 21 64 3 3 133 8 97 11 120 3 3 73 10 87 15 88 3 6 88 18 110 20 117 2 11 212 23 148 3 12 221 13 183 24 228 2 16 76 26 100 3 19 11 23 11 29 12 3 11 34 24 39 30 35 2 12 78 26 79 2 10 4 14 5 2 1 62 16 63 3 15 179 16 196 30 213 3 14 219 17 228 29 186 3 9 160 19 197 27 194 2 14 8 22 9 3 3 92 8 96 11 100 2 11 27 18 21 3 6 114 18 99 20 103 3 21 133 27 133 28 153 2 9 100 25 103 3 19 189 21 160 24 228
38 2 1 135 2 139 3 3 129 8 102 11 121 3 2 65 8 65 25 53 3 3 137 8 127 11 120 4 3 20 10 16 20 20 27 21 2 9 10 21 11 3 2 58 8 56 25 72 2 4 3 8 3 2 1 82 16 77 2 5 108 29 126 3 6 136 16 112 20 152 2 7 177 18 145 3 3 90 10 67 15 77 2 10 4 14 4 3 11 41 24 42 30 41 3 2 63 8 68 25 73 2 12 63 26 74 3 12 213 13 233 24 187 3 3 125 8 127 11 134 3 19 11 23 12 29 11 3 15 183 16 210 30 184 2 8 70 21 72 3 21 151 27 137 28 140 3 14 197 17 222 29 205 2 11 204 23 174 2 22 18 30 22 2 11 23 18 31 2 9 80 25 98 3 6 161 16 131 20 117 2 16 79 26 89 3 19 12 23 11 29 13 3 6 83 18 119 20 113 2 14 8 22 9 2 5 152 29 147 3 19 190 21 230 24 158 3 6 114 16 166 20 139 3 9 164 19 201 27 209 2 22 92 29 94
38 2 1 135 2 139 3 3 129 8 102 11 121 3 2 65 8 65 25 53 3 3 137 8 127 11 120 4 3 20 10 16 20 20 27 21 2 9 10 21 11 3 2 58 8 56 25 72 2 4 3 8 3 2 1 82 16 77 2 5 108 29 126 3 6 136 16 112 20 152 2 7 177 18 145 3 3 90 10 67 15 77 2 10 4 14 4 3 11 41 24 42 30 41 3 2 63 8 68 25 73 2 12 63 26 74 3 12 213 13 233 24 187 3 3 125 8 127 11 134 3 19 11 23 12 29 11 3 15 183 16 210 30 184 2 8 70 21 72 3 21 151 27 137 28 140 3 14 197 17 222 29 205 2 11 204 23 174 2 22 18 30 22 2 11 23 18 31 2 9 80 25 98 3 6 161 16 131 20 117 2 16 79 26 89 3 19 12 23 11 29 13 3 6 83 18 119 20 113 2 14 8 22 9 2 5 152 29 147 3 19 190 21 230 24 158 3 6 114 16 166 20 139 3 9 164 19 201 27 209 2 22 92 29 94
38 2 1 141 2 120 3 3 134 8 107 11 132 3 2 62 8 65 25 77 3 3 107 8 126 11 103 4 3 22 10 21 20 17 27 19 2 9 11 21 12 3 2 56 8 72 25 59 2 4 3 8 4 2 1 70 16 76 2 5 125 29 132 3 6 158 16 144 20 130 2 7 174 18 153 3 3 84 10 82 15 91 2 10 4 14 5 3 11 41 24 41 30 43 3 2 64 8 70 25 74 2 12 78 26 80 3 12 170 13 168 24 178 3 3 127 8 92 11 106 3 19 9 23 13 29 13 3 15 218 16 213 30 160 2 8 70 21 74 3 21 144 27 174 28 169 3 14 173 17 239 29 161 2 11 172 23 148 2 22 21 30 19 2 11 27 18 22 2 9 94 25 91 3 6 144 16 138 20 125 2 16 107 26 82 3 19 10 23 12 29 10 3 6 116 18 95 20 119 2 14 7 22 7 2 5 143 29 131 3 19 171 21 194 24 228 3 6 119 16 160 20 115 3 9 217 19 221 27 205 2 22 78 29 90
34 2 1 122 2 128 3 6 92 18 105 20 81 3 2 53 8 72 25 63 2 4 3 8 4 4 3 18 10 18 20 23 27 19 2 5 129 29 143 2 22 22 30 18 3 6 148 16 118 20 167 2 7 166 18 147 2 11 27 18 23 4 3 21 10 17 20 16 27 18 3 3 107 8 103 11 115 2 7 172 18 171 2 14 6 22 9 2 9 14 21 12 3 3 91 10 72 15 89 3 11 30 24 40 30 39 2 12 87 26 61 2 8 71 21 61 3 6 93 18 104 20 116 3 12 188 13 232 24 231 3 9 148 19 213 27 217 2 10 5 14 5 3 19 212 21 158 24 193 2 8 61 21 73 3 15 207 16 190 30 159 2 1 65 16 91 3 14 176 17 220 29 233 2 9 84 25 113 3 19 12 23 10 29 11 3 21 118 27 148 28 156 2 11 180 23 213 2 16 107 26 82 2 22 66 29 89
38 2 1 101 2 121 3 3 118 8 103 11 95 3 2 59 8 53 25 68 3 3 126 8 105 11 123 4 3 17 10 22 20 21 27 23 2 9 13 21 9 3 2 56 8 63 25 64 2 4 3 8 4 2 1 85 16 91 2 5 143 29 109 3 6 121 16 138 20 118 2 7 159 18 210 3 3 87 10 71 15 89 2 10 5 14 5 3 11 31 24 42 30 34 3 2 55 8 62 25 54 2 12 86 26 78 3 12 223 13 198 24 207 3 3 97 8 121 11 115 3 19 12 23 11 29 10 3 15 158 16 179 30 224 2 8 53 21 58 3 21 136 27 152 28 146 3 14 197 17 198 29 193 2 11 209 23 194 2 22 16 30 17 2 11 26 18 30 2 9 82 25 106 3 6 122 16 160 20 149 2 16 105 26 91 3 19 10 23 11 29 12 3 6 92 18 80 20 95 2 14 8 22 6 2 5 116 29 132 3 19 172 21 194 24 184 3 6 148 16 139 20 116 3 9 163 19 176 27 214 2 22 90 29 95
36 2 22 78 29 73 2 1 136 2 122 3 3 85 10 69 15 75 3 2 63 8 76 25 64 2 10 5 14 5 2 9 90 25 108 4 3 21 10 23 20 22 27 19 2 4 3 8 4 2 5 149 29 135 3 6 118 16 128 20 125 2 1 124 2 98 2 7 212 18 193 3 3 92 8 123 11 100 2 9 14 21 10 3 11 32 24 39 30 42 2 11 204 23 170 2 12 63 26 85 3 12 192 13 178 24 163 2 1 73 16 89 2 11 24 18 23 2 9 11 21 11 3 15 180 16 208 30 226 2 22 87 29 89 3 19 9 23 13 29 13 3 14 179 17 230 29 182 3 3 87 10 79 15 68 3 19 210 21 185 24 183 3 6 116 18 104 20 110 2 8 53 21 50 2 14 9 22 6 2 10 4 14 5 2 16 111 26 104 3 9 161 19 219 27 173 3 21 119 27 171 28 160 2 4 4 8 4 2 22 23 30 21
34 2 1 121 2 142 3 11 37 24 44 30 36 3 2 76 8 54 25 65 3 11 36 24 37 30 37 3 19 230 21 180 24 172 4 3 16 10 20 20 18 27 22 2 4 3 8 3 2 5 116 29 141 3 6 143 16 162 20 149 2 7 165 18 197 3 3 106 8 115 11 92 3 2 68 8 62 25 65 2 9 10 21 11 4 3 17 10 17 20 23 27 17 2 16 104 26 78 3 3 84 10 95 15 95 2 12 72 26 87 2 11 21 18 25 2 9 94 25 109 3 12 189 13 183 24 198 2 10 5 14 4 3 15 186 16 213 30 215 2 1 72 16 67 3 9 155 19 219 27 217 3 14 178 17 166 29 190 3 6 101 18 96 20 107 3 19 13 23 12 29 12 2 8 69 21 74 3 15 167 16 200 30 215 2 22 16 30 23 2 14 6 22 7 2 11 182 23 206 3 21 124 27 143 28 131 2 22 94 29 79
37 3 6 103 18 107 20 101 2 11 170 23 210 2 22 17 30 22 2 1 123 2 111 2 11 22 18 30 2 22 19 30 21 3 2 73 8 62 25 61 4 3 18 10 16 20 18 27 18 2 7 216 18 167 2 4 4 8 4 4 3 20 10 19 20 22 27 22 2 5 106 29 110 3 11 41 24 40 30 43 3 6 129 16 124 20 128 3 6 85 18 81 20 113 3 3 133 8 120 11 110 2 9 12 21 9 3 9 177 19 160 27 182 3 11 38 24 44 30 35 3 3 76 10 92 15 79 2 12 69 26 87 3 6 115 16 131 20 127 2 16 84 26 78 2 14 7 22 7 2 1 109 2 107 3 12 221 13 182 24 158 3 15 158 16 192 30 177 3 2 63 8 76 25 68 2 10 4 14 4 2 1 85 16 80 3 14 174 17 224 29 221 3 19 12 23 10 29 9 2 8 67 21 69 3 19 209 21 169 24 190 2 9 116 25 95 3 21 128 27 135 28 132 2 22 68 29 90
35 2 1 101 2 128 3 2 76 8 71 25 78 4 3 16 10 23 20 19 27 21 2 4 4 8 4 2 5 134 29 140 3 6 121 16 158 20 114 2 7 169 18 185 3 3 119 8 103 11 97 2 9 11 21 13 3 3 80 10 80 15 70 3 11 44 24 32 30 30 2 12 69 26 67 3 12 180 13 163 24 178 3 6 91 18 105 20 96 2 10 4 14 4 3 19 10 23 14 29 11 3 19 181 21 160 24 215 3 15 208 16 157 30 218 2 1 92 16 88 2 14 6 22 9 3 14 173 17 185 29 160 2 14 7 22 6 2 11 30 18 21 2 8 53 21 70 2 22 22 30 16 2 11 214 23 150 2 9 99 25 99 2 10 4 14 5 3 21 119 27 128 28 132 3 2 74 8 58 25 69 2 16 94 26 105 3 2 54 8 72 25 70 2 22 89 29 86 2 7 212 18 164 3 9 171 19 180 27 200
34 2 1 115 2 133 3 6 93 18 82 20 87 3 2 69 8 61 25 57 2 4 3 8 4 4 3 17 10 16 20 16 27 18 2 5 126 29 145 2 22 20 30 20 3 6 141 16 126 20 162 2 7 152 18 160 2 11 26 18 23 4 3 18 10 23 20 19 27 19 3 3 101 8 124 11 137 2 7 191 18 168 2 14 8 22 8 2 9 12 21 13 3 3 94 10 91 15 70 3 11 40 24 32 30 33 2 12 70 26 85 2 8 55 21 57 3 6 89 18 88 20 118 3 12 211 13 201 24 235 3 9 208 19 203 27 160 2 10 4 14 4 3 19 179 21 230 24 155 2 8 54 21 65 3 15 190 16 199 30 155 2 1 70 16 70 3 14 219 17 201 29 167 2 9 117 25 81 3 19 11 23 12 29 9 3 21 155 27 149 28 149 2 11 218 23 150 2 16 107 26 92 2 22 85 29 68
38 2 1 142 2 118 3 3 115 8 118 11 92 3 2 63 8 65 25 61 3 3 101 8 118 11 97 4 3 23 10 20 20 17 27 18 2 9 12 21 10 3 2 57 8 73 25 69 2 4 3 8 4 2 1 78 16 84 2 5 144 29 133 3 6 127 16 114 20 154 2 7 185 18 164 3 3 71 10 76 15 95 2 10 5 14 5 3 11 43 24 32 30 35 3 2 56 8 54 25 74 2 12 66 26 77 3 12 170 13 160 24 188 3 3 128 8 98 11 114 3 19 11 23 11 29 10 3 15 157 16 179 30 207 2 8 57 21 56 3 21 171 27 123 28 169 3 14 227 17 173 29 167 2 11 148 23 182 2 22 16 30 17 2 11 30 18 24 2 9 102 25 112 3 6 164 16 152 20 124 2 16 90 26 92 3 19 9 23 14 29 12 3 6 119 18 109 20 100 2 14 9 22 7 2 5 130 29 115 3 19 187 21 161 24 189 3 6 116 16 146 20 162 3 9 160 19 200 27 154 2 22 89 29 72
35 3 6 91 18 81 20 93 2 1 133 2 139 3 6 110 18 92 20 109 3 2 57 8 77 25 58 2 12 89 26 74 2 7 197 18 161 4 3 22 10 20 20 16 27 19 2 7 183 18 155 3 21 147 27 119 28 168 2 4 3 8 3 2 9 11 21 12 3 15 153 16 219 30 160 2 1 105 2 108 3 19 10 23 14 29 11 2 5 117 29 125 3 6 155 16 120 20 118 2 16 112 26 78 3 3 104 8 92 11 99 3 12 226 13 175 24 165 3 19 175 21 209 24 191 2 14 7 22 7 3 3 95 10 91 15 66 3 14 172 17 196 29 204 2 9 91 25 84 3 11 43 24 39 30 40 2 10 5 14 4 2 1 79 16 73 2 4 4 8 3 2 11 22 18 28 2 1 110 2 113 2 8 59 21 58 3 9 188 19 196 27 151 2 11 181 23 186 2 22 86 29 77 2 22 19 30 19
34 2 1 113 2 106 3 11 42 24 35 30 40 3 2 69 8 67 25 77 3 11 39 24 39 30 31 3 19 161 21 165 24 189 4 3 16 10 23 20 16 27 19 2 4 3 8 4 2 5 140 29 126 3 6 152 16 157 20 117 2 7 157 18 172 3 3 106 8 117 11 114 3 2 65 8 56 25 78 2 9 11 21 12 4 3 18 10 22 20 16 27 20 2 16 109 26 78 3 3 70 10 86 15 72 2 12 84 26 68 2 11 22 18 26 2 9 103 25 82 3 12 174 13 171 24 173 2 10 5 14 5 3 15 210 16 221 30 226 2 1 64 16 69 3 9 211 19 212 27 214 3 14 184 17 208 29 217 3 6 106 18 118 20 109 3 19 11 23 11 29 10 2 8 55 21 58 3 15 157 16 219 30 210 2 22 23 30 17 2 14 8 22 8 2 11 214 23 218 3 21 161 27 162 28 132 2 22 88 29 68
38 3 11 37 24 30 30 44 2 12 65 26 83 3 11 42 24 34 30 40 2 22 68 29 66 2 12 73 26 75 2 1 102 2 113 3 2 69 8 54 25 65 3 3 96 8 117 11 109 4 3 17 10 17 20 18 27 18 2 9 116 25 100 2 4 3 8 4 2 11 22 18 24 2 5 103 29 123 3 6 123 16 123 20 151 2 7 181 18 187 2 16 109 26 76 3 2 60 8 65 25 56 3 6 90 18 119 20 104 2 9 14 21 13 2 11 22 18 27 3 3 67 10 70 15 89 4 3 18 10 23 20 18 27 17 3 9 220 19 160 27 160 3 6 102 18 85 20 105 3 12 199 13 184 24 194 3 2 78 8 64 25 72 2 10 4 14 4 3 15 153 16 189 30 189 2 1 74 16 88 3 14 169 17 223 29 174 3 19 13 23 12 29 11 3 14 163 17 237 29 227 2 8 68 21 65 2 14 6 22 8 2 11 174 23 156 3 19 192 21 161 24 229 3 21 154 27 120 28 163 2 22 18 30 21
37 2 12 85 26 63 2 1 135 2 141 3 2 54 8 76 25 72 3 12 162 13 217 24 234 4 3 16 10 21 20 21 27 22 3 12 189 13 204 24 208 2 22 19 30 19 2 12 82 26 69 2 4 3 8 4 2 11 24 18 26 2 5 123 29 102 2 22 17 30 23 3 6 128 16 122 20 141 2 7 153 18 161 4 3 17 10 16 20 18 27 21 2 9 10 21 10 3 3 93 8 105 11 130 3 3 73 10 89 15 76 3 11 34 24 31 30 36 2 14 6 22 6 3 3 82 10 88 15 83 2 10 4 14 5 3 11 37 24 43 30 38 3 15 187 16 152 30 166 3 19 162 21 227 24 156 2 1 70 16 75 3 14 173 17 184 29 217 2 11 205 23 154 3 6 116 16 150 20 137 3 19 10 23 10 29 10 2 9 113 25 90 2 8 67 21 56 3 9 163 19 204 27 178 3 6 93 18 110 20 112 2 16 99 26 76 3 21 123 27 129 28 164 2 22 85 29 82
35 2 1 96 2 138 3 2 68 8 55 25 60 4 3 21 10 17 20 21 27 19 2 4 4 8 4 2 5 115 29 133 3 6 132 16 150 20 112 2 7 183 18 208 3 3 92 8 123 11 132 2 9 12 21 12 3 3 81 10 71 15 68 3 11 39 24 43 30 34 2 12 65 26 80 3 12 232 13 193 24 234 3 6 94 18 107 20 90 2 10 4 14 4 3 19 12 23 10 29 13 3 19 209 21 198 24 226 3 15 171 16 216 30 205 2 1 86 16 82 2 14 7 22 8 3 14 180 17 229 29 196 2 14 9 22 8 2 11 26 18 26 2 8 64 21 54 2 22 23 30 17 2 11 158 23 189 2 9 89 25 95 2 10 5 14 4 3 21 142 27 144 28 173 3 2 62 8 68 25 73 2 16 106 26 113 3 2 72 8 71 25 56 2 22 88 29 93 2 7 204 18 199 3 9 216 19 166 27 163
34 2 1 118 2 109 3 2 76 8 64 25 78 4 3 21 10 16 20 20 27 23 2 1 110 2 121 2 4 3 8 3 2 5 129 29 106 3 3 131 8 96 11 135 2 1 128 2 138 3 6 126 16 144 20 133 2 7 179 18 217 2 9 11 21 12 2 22 69 29 81 2 11 203 23 181 3 3 95 10 78 15 79 3 11 42 24 30 30 41 2 12 89 26 73 3 12 187 13 178 24 204 2 10 4 14 5 3 9 173 19 190 27 193 2 14 8 22 6 3 15 156 16 152 30 161 2 1 74 16 76 3 14 174 17 201 29 183 2 11 26 18 23 3 19 10 23 11 29 10 3 6 106 18 104 20 80 3 15 192 16 223 30 153 2 8 59 21 64 3 19 199 21 180 24 213 3 3 74 10 77 15 90 2 9 114 25 106 2 16 79 26 109 3 21 168 27 172 28 164 2 22 22 30 22
32 2 1 113 2 135 3 2 75 8 58 25 75 2 22 20 30 17 3 14 184 17 180 29 219 4 3 21 10 23 20 20 27 18 2 4 3 8 4 3 3 93 8 107 11 131 2 5 121 29 152 3 6 127 16 125 20 119 2 9 12 21 10 2 7 216 18 176 3 14 196 17 195 29 190 3 3 76 10 92 15 86 3 11 37 24 40 30 37 2 12 71 26 85 3 12 166 13 173 24 236 2 10 5 14 5 2 9 80 25 85 3 15 164 16 180 30 164 3 9 211 19 192 27 157 2 8 60 21 53 2 1 79 16 81 2 5 151 29 133 2 11 217 23 180 2 11 20 18 24 3 6 88 18 105 20 103 3 19 223 21 177 24 176 3 19 13 23 12 29 13 2 14 6 22 9 2 16 93 26 83 3 21 166 27 120 28 172 2 22 73 29 67
36 2 22 73 29 64 2 1 130 2 144 3 3 93 10 77 15 92 3 2 58 8 64 25 53 2 10 5 14 5 2 9 117 25 85 4 3 17 10 23 20 17 27 16 2 4 4 8 4 2 5 144 29 124 3 6 114 16 125 20 122 2 1 103 2 121 2 7 203 18 173 3 3 99 8 97 11 109 2 9 11 21 13 3 11 39 24 32 30 34 2 11 176 23 196 2 12 73 26 71 3 12 176 13 229 24 179 2 1 66 16 69 2 11 22 18 24 2 9 13 21 10 3 15 161 16 184 30 178 2 22 92 29 71 3 19 12 23 13 29 10 3 14 230 17 167 29 193 3 3 84 10 91 15 88 3 19 164 21 188 24 186 3 6 103 18 117 20 108 2 8 64 21 50 2 14 8 22 9 2 10 4 14 4 2 16 88 26 88 3 9 159 19 208 27 149 3 21 128 27 154 28 148 2 4 3 8 4 2 22 20 30 16
DUE_DATES: 3739 3739 3692 3740 3740 3740 3649 3649 3425 3690 3690 3779 3695 3695 3834 3955 3735 3493 3503 3509 3557 3557 3470 3470 3830 3830 3698 3665 3691 3691 3736 4045 4045 4005 3539 3944 3484 3502 3592 3407 3497 3882 3586 3492 3671 3648 3564 3690 3461 3367
WEIGHTS: 3 1 1 1 1 2 2 3 2 3 2 2 1 3 2 3 2 2 2 1 2 1 2 1 2 3 3 2 1 1 1 1 3 3 3 1 2 1 3 3 1 1 3 1 3 1 2 2 2 3
