50 30
38 2 1 32 11 38 2 8 168 22 192 2 1 37 11 39 3 1 165 2 162 28 145 3 3 28 15 32 22 28 2 8 144 22 194 3 4 38 19 51 24 45 3 1 100 10 91 13 83 3 5 156 7 134 17 134 2 3 87 5 102 3 3 33 15 34 22 29 4 8 153 11 137 27 162 28 146 3 7 49 19 50 23 42 3 3 26 15 30 22 31 3 21 127 24 168 29 151 3 3 14 6 12 10 12 2 28 180 29 190 2 1 40 11 41 3 8 19 26 21 27 19 3 8 163 17 161 26 164 2 19 62 22 55 3 4 132 28 133 30 120 2 14 9 24 6 3 1 146 2 145 28 120 2 2 63 9 53 4 10 8 12 10 13 10 30 9 4 8 156 11 163 27 179 28 138 4 7 178 17 145 18 174 21 137 4 8 191 11 139 27 190 28 188 3 2 108 5 105 12 138 2 14 135 16 172 3 17 81 25 81 28 69 3 6 181 15 154 25 184 4 7 104 16 97 20 88 25 100 3 10 74 13 55 20 62 3 13 131 14 145 26 109 2 27 61 30 50 2 18 8 30 7
38 2 1 32 11 38 2 8 168 22 192 2 1 37 11 39 3 1 165 2 162 28 145 3 3 28 15 32 22 28 2 8 144 22 194 3 4 38 19 51 24 45 3 1 100 10 91 13 83 3 5 156 7 134 17 134 2 3 87 5 102 3 3 33 15 34 22 29 4 8 153 11 137 27 162 28 146 3 7 49 19 50 23 42 3 3 26 15 30 22 31 3 21 127 24 168 29 151 3 3 14 6 12 10 12 2 28 180 29 190 2 1 40 11 41 3 8 19 26 21 27 19 3 8 163 17 161 26 164 2 19 62 22 55 3 4 132 28 133 30 120 2 14 9 24 6 3 1 146 2 145 28 120 2 2 63 9 53 4 10 8 12 10 13 10 30 9 4 8 156 11 163 27 179 28 138 4 7 178 17 145 18 174 21 137 4 8 191 11 139 27 190 28 188 3 2 108 5 105 12 138 2 14 135 16 172 3 17 81 25 81 28 69 3 6 181 15 154 25 184 4 7 104 16 97 20 88 25 100 3 10 74 13 55 20 62 3 13 131 14 145 26 109 2 27 61 30 50 2 18 8 30 7
35 2 1 42 11 43 2 18 9 30 10 2 1 46 11 38 3 1 142 2 128 28 144 3 3 30 15 34 22 29 2 1 33 11 41 3 4 43 19 36 24 35 3 10 64 13 60 20 60 3 1 95 10 112 13 84 2 3 94 5 79 3 3 13 6 16 10 13 3 5 139 7 126 17 152 3 8 28 26 23 27 24 2 2 55 9 53 4 10 7 12 9 13 10 30 10 4 8 193 11 169 27 154 28 173 3 4 52 19 43 24 45 2 14 150 16 119 3 2 128 5 130 12 101 3 6 136 15 128 25 161 2 8 141 22 165 4 7 79 16 101 20 100 25 98 3 8 143 17 123 26 149 3 17 71 25 95 28 96 4 7 149 17 171 18 149 21 158 3 3 16 6 11 10 13 3 21 126 24 139 29 146 2 19 55 22 64 2 28 190 29 188 3 6 161 15 167 25 168 3 7 44 19 49 23 41 2 14 6 24 7 3 4 135 28 118 30 114 3 13 123 14 105 26 107 2 27 51 30 59
35 2 1 42 11 43 2 18 9 30 10 2 1 46 11 38 3 1 142 2 128 28 144 3 3 30 15 34 22 29 2 1 33 11 41 3 4 43 19 36 24 35 3 10 64 13 60 20 60 3 1 95 10 112 13 84 2 3 94 5 79 3 3 13 6 16 10 13 3 5 139 7 126 17 152 3 8 28 26 23 27 24 2 2 55 9 53 4 10 7 12 9 13 10 30 10 4 8 193 11 169 27 154 28 173 3 4 52 19 43 24 45 2 14 150 16 119 3 2 128 5 130 12 101 3 6 136 15 128 25 161 2 8 141 22 165 4 7 79 16 101 20 100 25 98 3 8 143 17 123 26 149 3 17 71 25 95 28 96 4 7 149 17 171 18 149 21 158 3 3 16 6 11 10 13 3 21 126 24 139 29 146 2 19 55 22 64 2 28 190 29 188 3 6 161 15 167 25 168 3 7 44 19 49 23 41 2 14 6 24 7 3 4 135 28 118 30 114 3 13 123 14 105 26 107 2 27 51 30 59
35 2 1 42 11 43 2 18 9 30 10 2 1 46 11 38 3 1 142 2 128 28 144 3 3 30 15 34 22 29 2 1 33 11 41 3 4 43 19 36 24 35 3 10 64 13 60 20 60 3 1 95 10 112 13 84 2 3 94 5 79 3 3 13 6 16 10 13 3 5 139 7 126 17 152 3 8 28 26 23 27 24 2 2 55 9 53 4 10 7 12 9 13 10 30 10 4 8 193 11 169 27 154 28 173 3 4 52 19 43 24 45 2 14 150 16 119 3 2 128 5 130 12 101 3 6 136 15 128 25 161 2 8 141 22 165 4 7 79 16 101 20 100 25 98 3 8 143 17 123 26 149 3 17 71 25 95 28 96 4 7 149 17 171 18 149 21 158 3 3 16 6 11 10 13 3 21 126 24 139 29 146 2 19 55 22 64 2 28 190 29 188 3 6 161 15 167 25 168 3 7 44 19 49 23 41 2 14 6 24 7 3 4 135 28 118 30 114 3 13 123 14 105 26 107 2 27 51 30 59
34 2 1 44 11 33 3 1 169 2 128 28 162 3 7 56 19 57 23 56 2 14 7 24 7 3 3 31 15 31 22 32 4 8 167 11 174 27 177 28 170 2 14 142 16 162 3 5 145 7 151 17 154 2 19 50 22 54 3 4 50 19 50 24 39 2 28 159 29 147 2 14 160 16 167 3 6 149 15 132 25 181 3 10 61 13 53 20 55 2 3 105 5 77 3 3 15 6 14 10 13 3 8 143 17 159 26 148 4 10 7 12 10 13 9 30 7 3 8 24 26 20 27 24 2 2 71 9 63 3 7 43 19 57 23 52 3 2 140 5 125 12 115 2 28 161 29 176 2 27 57 30 65 3 1 94 10 91 13 104 4 7 83 16 92 20 98 25 78 2 18 7 30 9 4 7 123 17 173 18 132 21 171 3 1 164 2 136 28 172 3 21 123 24 147 29 179 2 8 140 22 192 3 13 106 14 108 26 131 3 4 165 28 131 30 154 3 17 99 25 89 28 97
34 2 1 44 11 33 3 1 169 2 128 28 162 3 7 56 19 57 23 56 2 14 7 24 7 3 3 31 15 31 22 32 4 8 167 11 174 27 177 28 170 2 14 142 16 162 3 5 145 7 151 17 154 2 19 50 22 54 3 4 50 19 50 24 39 2 28 159 29 147 2 14 160 16 167 3 6 149 15 132 25 181 3 10 61 13 53 20 55 2 3 105 5 77 3 3 15 6 14 10 13 3 8 143 17 159 26 148 4 10 7 12 10 13 9 30 7 3 8 24 26 20 27 24 2 2 71 9 63 3 7 43 19 57 23 52 3 2 140 5 125 12 115 2 28 161 29 176 2 27 57 30 65 3 1 94 10 91 13 104 4 7 83 16 92 20 98 25 78 2 18 7 30 9 4 7 123 17 173 18 132 21 171 3 1 164 2 136 28 172 3 21 123 24 147 29 179 2 8 140 22 192 3 13 106 14 108 26 131 3 4 165 28 131 30 154 3 17 99 25 89 28 97
39 2 1 40 11 39 3 1 129 2 120 28 134 3 3 28 15 37 22 33 3 4 37 19 43 24 50 3 3 35 15 27 22 28 3 1 82 10 116 13 107 3 7 56 19 53 23 53 3 3 31 15 26 22 35 3 8 20 26 26 27 21 2 3 103 5 89 3 4 45 19 50 24 50 3 13 106 14 106 26 140 3 3 11 6 12 10 15 3 5 124 7 156 17 121 2 2 50 9 51 4 7 106 16 91 20 108 25 95 3 3 36 15 33 22 28 4 10 9 12 7 13 9 30 10 3 2 105 5 124 12 100 4 8 149 11 167 27 195 28 179 2 14 168 16 171 3 6 140 15 125 25 171 3 3 14 6 13 10 15 3 8 154 17 145 26 116 3 2 123 5 143 12 135 4 7 166 17 142 18 136 21 179 4 7 86 16 77 20 102 25 75 2 19 48 22 65 3 10 59 13 59 20 68 2 8 139 22 139 2 27 54 30 69 3 21 167 24 160 29 173 2 3 82 5 99 2 14 6 24 9 2 3 98 5 103 2 28 188 29 143 3 17 83 25 94 28 74 2 18 8 30 7 3 4 131 28 151 30 143
39 2 1 40 11 39 3 1 129 2 120 28 134 3 3 28 15 37 22 33 3 4 37 19 43 24 50 3 3 35 15 27 22 28 3 1 82 10 116 13 107 3 7 56 19 53 23 53 3 3 31 15 26 22 35 3 8 20 26 26 27 21 2 3 103 5 89 3 4 45 19 50 24 50 3 13 106 14 106 26 140 3 3 11 6 12 10 15 3 5 124 7 156 17 121 2 2 50 9 51 4 7 106 16 91 20 108 25 95 3 3 36 15 33 22 28 4 10 9 12 7 13 9 30 10 3 2 105 5 124 12 100 4 8 149 11 167 27 195 28 179 2 14 168 16 171 3 6 140 15 125 25 171 3 3 14 6 13 10 15 3 8 154 17 145 26 116 3 2 123 5 143 12 135 4 7 166 17 142 18 136 21 179 4 7 86 16 77 20 102 25 75 2 19 48 22 65 3 10 59 13 59 20 68 2 8 139 22 139 2 27 54 30 69 3 21 167 24 160 29 173 2 3 82 5 99 2 14 6 24 9 2 3 98 5 103 2 28 188 29 143 3 17 83 25 94 28 74 2 18 8 30 7 3 4 131 28 151 30 143
33 2 1 42 11 37 2 14 9 24 6 3 1 154 2 162 28 118 3 3 33 15 31 22 25 2 2 70 9 64 2 28 151 29 172 3 4 44 19 41 24 37 2 3 97 5 101 3 8 137 17 159 26 167 3 3 11 6 12 10 13 3 4 37 19 49 24 49 3 5 163 7 180 17 151 3 2 105 5 111 12 131 3 8 23 26 27 27 24 4 10 10 12 7 13 8 30 7 4 8 150 11 157 27 142 28 177 3 1 103 10 121 13 88 2 14 148 16 142 3 6 178 15 179 25 182 4 7 93 16 102 20 104 25 81 3 17 75 25 84 28 79 4 7 136 17 160 18 173 21 126 3 8 20 26 22 27 25 2 19 59 22 64 3 10 54 13 60 20 72 2 18 10 30 7 2 2 71 9 54 3 21 132 24 140 29 135 2 8 138 22 162 3 7 45 19 56 23 54 3 13 118 14 133 26 137 3 4 164 28 167 30 121 2 27 62 30 46
33 2 1 43 11 43 3 1 168 2 128 28 166 2 19 47 22 45 3 3 34 15 36 22 26 3 4 46 19 35 24 42 2 3 96 5 79 3 3 11 6 15 10 12 3 7 52 19 60 23 45 3 5 146 7 127 17 165 3 8 19 26 23 27 23 3 17 81 25 80 28 95 2 2 64 9 63 3 8 24 26 26 27 21 4 10 8 12 8 13 8 30 8 4 8 156 11 152 27 183 28 159 3 2 98 5 142 12 142 3 1 112 10 91 13 96 2 27 61 30 60 2 14 127 16 142 2 18 10 30 10 3 6 173 15 151 25 153 4 7 82 16 110 20 107 25 88 4 7 158 17 134 18 170 21 144 3 21 151 24 169 29 126 3 8 118 17 114 26 115 2 8 171 22 144 3 10 65 13 77 20 70 2 14 6 24 6 3 6 158 15 150 25 167 3 13 131 14 122 26 150 3 4 163 28 131 30 113 2 1 45 11 47 2 28 185 29 148
37 2 1 47 11 38 3 6 158 15 142 25 128 3 5 136 7 155 17 170 4 7 121 17 135 18 178 21 131 3 7 43 19 49 23 56 2 14 148 16 152 2 28 191 29 149 3 1 138 2 145 28 171 2 14 132 16 169 3 3 27 15 36 22 30 3 3 14 6 16 10 12 4 7 125 17 128 18 161 21 145 3 8 22 26 25 27 27 4 8 180 11 188 27 140 28 166 3 10 55 13 53 20 74 4 7 174 17 136 18 122 21 171 3 4 46 19 49 24 36 2 3 87 5 81 2 2 58 9 62 2 18 10 30 8 2 19 49 22 56 3 1 92 10 115 13 103 4 10 8 12 7 13 9 30 8 3 2 133 5 121 12 100 3 3 14 6 15 10 14 4 7 86 16 103 20 93 25 91 3 8 165 17 166 26 164 3 1 112 10 96 13 91 3 21 140 24 174 29 151 2 14 9 24 9 3 7 51 19 46 23 56 2 27 64 30 67 2 8 133 22 144 2 18 7 30 9 3 17 94 25 80 28 77 3 13 127 14 113 26 133 3 4 146 28 125 30 159
38 2 1 41 11 38 2 8 156 22 142 2 1 38 11 36 3 1 175 2 160 28 162 3 3 32 15 35 22 37 2 8 140 22 182 3 4 38 19 45 24 51 3 1 102 10 115 13 88 3 5 147 7 166 17 161 2 3 97 5 87 3 3 27 15 37 22 36 4 8 171 11 170 27 138 28 133 3 7 41 19 50 23 59 3 3 28 15 25 22 30 3 21 164 24 174 29 172 3 3 12 6 16 10 14 2 28 193 29 189 2 1 39 11 34 3 8 20 26 24 27 24 3 8 159 17 136 26 149 2 19 56 22 51 3 4 115 28 134 30 166 2 14 8 24 8 3 1 173 2 171 28 132 2 2 58 9 71 4 10 9 12 9 13 7 30 8 4 8 138 11 178 27 142 28 136 4 7 178 17 143 18 168 21 167 4 8 180 11 178 27 192 28 136 3 2 139 5 118 12 113 2 14 118 16 146 3 17 100 25 78 28 101 3 6 129 15 144 25 126 4 7 98 16 78 20 109 25 99 3 10 75 13 55 20 71 3 13 122 14 119 26 150 2 27 64 30 69 2 18 9 30 7
38 2 1 41 11 38 2 8 156 22 142 2 1 38 11 36 3 1 175 2 160 28 162 3 3 32 15 35 22 37 2 8 140 22 182 3 4 38 19 45 24 51 3 1 102 10 115 13 88 3 5 147 7 166 17 161 2 3 97 5 87 3 3 27 15 37 22 36 4 8 171 11 170 27 138 28 133 3 7 41 19 50 23 59 3 3 28 15 25 22 30 3 21 164 24 174 29 172 3 3 12 6 16 10 14 2 28 193 29 189 2 1 39 11 34 3 8 20 26 24 27 24 3 8 159 17 136 26 149 2 19 56 22 51 3 4 115 28 134 30 166 2 14 8 24 8 3 1 173 2 171 28 132 2 2 58 9 71 4 10 9 12 9 13 7 30 8 4 8 138 11 178 27 142 28 136 4 7 178 17 143 18 168 21 167 4 8 180 11 178 27 192 28 136 3 2 139 5 118 12 113 2 14 118 16 146 3 17 100 25 78 28 101 3 6 129 15 144 25 126 4 7 98 16 78 20 109 25 99 3 10 75 13 55 20 71 3 13 122 14 119 26 150 2 27 64 30 69 2 18 9 30 7
34 4 7 168 17 165 18 152 21 160 2 28 180 29 198 4 7 149 17 134 18 143 21 159 3 3 13 6 14 10 16 2 1 35 11 41 3 1 134 2 118 28 165 3 3 31 15 35 22 31 3 4 43 19 38 24 42 3 21 126 24 127 29 131 2 3 90 5 75 3 5 158 7 157 17 121 3 3 13 6 16 10 13 3 8 27 26 20 27 21 3 10 54 13 73 20 67 2 19 54 22 50 2 3 76 5 91 2 2 57 9 71 4 10 8 12 8 13 9 30 8 4 8 146 11 170 27 131 28 180 3 2 106 5 129 12 126 3 6 141 15 134 25 128 3 1 113 10 106 13 115 3 7 51 19 41 23 59 2 3 76 5 74 2 27 47 30 60 2 14 139 16 169 4 7 94 16 109 20 86 25 82 3 8 133 17 157 26 129 2 8 194 22 177 2 14 8 24 6 3 13 140 14 152 26 148 3 17 69 25 90 28 70 3 4 144 28 140 30 147 2 18 10 30 10
34 4 7 171 17 126 18 126 21 179 2 28 141 29 164 4 7 140 17 168 18 133 21 172 3 3 13 6 16 10 15 2 1 42 11 42 3 1 143 2 166 28 124 3 3 32 15 34 22 35 3 4 46 19 43 24 40 3 21 182 24 142 29 126 2 3 104 5 74 3 5 126 7 142 17 138 3 3 14 6 11 10 11 3 8 26 26 24 27 24 3 10 53 13 71 20 60 2 19 49 22 45 2 3 99 5 78 2 2 64 9 49 4 10 9 12 9 13 8 30 9 4 8 193 11 170 27 193 28 145 3 2 144 5 106 12 109 3 6 176 15 178 25 124 3 1 111 10 83 13 98 3 7 46 19 43 23 41 2 3 75 5 75 2 27 47 30 54 2 14 126 16 169 4 7 76 16 83 20 111 25 98 3 8 167 17 139 26 162 2 8 180 22 165 2 14 9 24 8 3 13 112 14 120 26 151 3 17 85 25 88 28 99 3 4 121 28 150 30 167 2 18 7 30 8
34 4 7 171 17 126 18 126 21 179 2 28 141 29 164 4 7 140 17 168 18 133 21 172 3 3 13 6 16 10 15 2 1 42 11 42 3 1 143 2 166 28 124 3 3 32 15 34 22 35 3 4 46 19 43 24 40 3 21 182 24 142 29 126 2 3 104 5 74 3 5 126 7 142 17 138 3 3 14 6 11 10 11 3 8 26 26 24 27 24 3 10 53 13 71 20 60 2 19 49 22 45 2 3 99 5 78 2 2 64 9 49 4 10 9 12 9 13 8 30 9 4 8 193 11 170 27 193 28 145 3 2 144 5 106 12 109 3 6 176 15 178 25 124 3 1 111 10 83 13 98 3 7 46 19 43 23 41 2 3 75 5 75 2 27 47 30 54 2 14 126 16 169 4 7 76 16 83 20 111 25 98 3 8 167 17 139 26 162 2 8 180 22 165 2 14 9 24 8 3 13 112 14 120 26 151 3 17 85 25 88 28 99 3 4 121 28 150 30 167 2 18 7 30 8
36 2 1 45 11 41 2 2 62 9 65 3 1 160 2 141 28 161 3 3 29 15 36 22 26 3 13 150 14 153 26 119 3 4 43 19 47 24 51 2 3 90 5 100 4 7 80 16 86 20 96 25 110 3 17 90 25 87 28 72 3 13 138 14 145 26 154 3 3 15 6 12 10 14 3 5 165 7 122 17 122 2 3 72 5 82 3 8 24 26 25 27 23 4 10 8 12 9 13 7 30 8 3 5 135 7 129 17 130 4 8 153 11 131 27 142 28 147 3 6 145 15 137 25 135 3 5 180 7 142 17 141 3 2 126 5 129 12 112 3 1 106 10 116 13 95 2 14 127 16 119 3 8 137 17 118 26 166 4 7 150 17 141 18 123 21 121 3 4 138 28 132 30 142 2 19 62 22 44 3 21 140 24 124 29 180 3 13 131 14 124 26 122 3 10 67 13 67 20 63 2 8 140 22 191 3 7 47 19 46 23 41 2 27 57 30 47 3 17 99 25 82 28 87 2 14 6 24 6 2 28 145 29 191 2 18 7 30 8
39 4 7 75 16 89 20 90 25 84 2 1 36 11 40 3 8 21 26 27 27 25 2 1 44 11 36 3 17 76 25 86 28 68 3 8 28 26 19 27 20 2 27 69 30 60 3 8 26 26 25 27 19 3 1 133 2 135 28 172 3 3 37 15 32 22 26 3 8 169 17 149 26 156 3 1 114 10 90 13 118 3 4 39 19 36 24 49 3 2 132 5 120 12 112 2 1 32 11 45 2 3 83 5 75 3 3 13 6 11 10 16 2 19 44 22 59 4 7 77 16 99 20 96 25 102 3 5 142 7 126 17 178 2 18 10 30 10 3 13 114 14 153 26 107 2 8 132 22 131 3 1 103 10 117 13 115 2 2 69 9 53 3 3 38 15 27 22 36 4 10 8 12 7 13 9 30 8 3 8 24 26 26 27 22 4 8 131 11 136 27 175 28 185 2 14 175 16 147 3 13 125 14 122 26 105 3 21 135 24 131 29 165 3 6 174 15 181 25 176 2 14 9 24 8 4 7 162 17 162 18 134 21 170 3 10 65 13 55 20 52 2 28 146 29 141 3 7 43 19 47 23 45 3 4 147 28 126 30 158
39 4 7 75 16 89 20 90 25 84 2 1 36 11 40 3 8 21 26 27 27 25 2 1 44 11 36 3 17 76 25 86 28 68 3 8 28 26 19 27 20 2 27 69 30 60 3 8 26 26 25 27 19 3 1 133 2 135 28 172 3 3 37 15 32 22 26 3 8 169 17 149 26 156 3 1 114 10 90 13 118 3 4 39 19 36 24 49 3 2 132 5 120 12 112 2 1 32 11 45 2 3 83 5 75 3 3 13 6 11 10 16 2 19 44 22 59 4 7 77 16 99 20 96 25 102 3 5 142 7 126 17 178 2 18 10 30 10 3 13 114 14 153 26 107 2 8 132 22 131 3 1 103 10 117 13 115 2 2 69 9 53 3 3 38 15 27 22 36 4 10 8 12 7 13 9 30 8 3 8 24 26 26 27 22 4 8 131 11 136 27 175 28 185 2 14 175 16 147 3 13 125 14 122 26 105 3 21 135 24 131 29 165 3 6 174 15 181 25 176 2 14 9 24 8 4 7 162 17 162 18 134 21 170 3 10 65 13 55 20 52 2 28 146 29 141 3 7 43 19 47 23 45 3 4 147 28 126 30 158
35 2 1 41 11 45 3 1 172 2 145 28 171 3 3 27 15 27 22 31 3 2 106 5 125 12 101 3 4 43 19 50 24 43 2 3 76 5 78 3 3 12 6 16 10 14 3 10 75 13 68 20 77 3 1 106 10 115 13 94 3 1 131 2 122 28 139 2 8 138 22 182 2 27 49 30 52 3 3 27 15 35 22 27 2 28 173 29 168 4 8 138 11 167 27 135 28 164 2 14 127 16 135 3 7 60 19 60 23 48 3 5 147 7 161 17 142 3 1 164 2 136 28 145 3 8 151 17 160 26 155 3 8 23 26 22 27 27 2 2 60 9 70 4 10 8 12 9 13 10 30 8 3 6 155 15 152 25 144 4 7 97 16 85 20 104 25 95 2 19 49 22 49 4 10 10 12 10 13 8 30 10 4 7 147 17 141 18 166 21 171 3 21 163 24 125 29 138 2 14 9 24 7 3 17 100 25 94 28 87 3 7 41 19 51 23 52 3 13 106 14 127 26 111 3 4 129 28 164 30 129 2 18 8 30 10
35 2 1 41 11 45 3 1 172 2 145 28 171 3 3 27 15 27 22 31 3 2 106 5 125 12 101 3 4 43 19 50 24 43 2 3 76 5 78 3 3 12 6 16 10 14 3 10 75 13 68 20 77 3 1 106 10 115 13 94 3 1 131 2 122 28 139 2 8 138 22 182 2 27 49 30 52 3 3 27 15 35 22 27 2 28 173 29 168 4 8 138 11 167 27 135 28 164 2 14 127 16 135 3 7 60 19 60 23 48 3 5 147 7 161 17 142 3 1 164 2 136 28 145 3 8 151 17 160 26 155 3 8 23 26 22 27 27 2 2 60 9 70 4 10 8 12 9 13 10 30 8 3 6 155 15 152 25 144 4 7 97 16 85 20 104 25 95 2 19 49 22 49 4 10 10 12 10 13 8 30 10 4 7 147 17 141 18 166 21 171 3 21 163 24 125 29 138 2 14 9 24 7 3 17 100 25 94 28 87 3 7 41 19 51 23 52 3 13 106 14 127 26 111 3 4 129 28 164 30 129 2 18 8 30 10
37 4 7 96 16 94 20 82 25 84 2 1 43 11 47 3 2 118 5 142 12 103 3 1 147 2 157 28 170 4 7 108 16 102 20 94 25 85 3 3 37 15 30 22 30 2 27 52 30 51 3 4 49 19 37 24 49 2 3 90 5 98 2 1 40 11 38 3 3 11 6 14 10 14 3 5 137 7 169 17 151 3 13 141 14 133 26 117 3 1 92 10 99 13 109 3 8 26 26 24 27 19 3 17 73 25 79 28 89 2 3 96 5 83 2 2 50 9 62 2 14 166 16 147 4 10 7 12 7 13 8 30 7 4 8 191 11 189 27 165 28 194 4 7 177 17 143 18 126 21 126 3 8 22 26 21 27 24 2 28 179 29 197 3 1 126 2 141 28 124 3 6 179 15 170 25 176 3 8 118 17 157 26 120 2 19 57 22 56 3 10 69 13 59 20 74 3 4 126 28 115 30 153 3 21 141 24 173 29 162 3 4 135 28 122 30 128 2 14 7 24 6 2 8 167 22 194 3 7 49 19 51 23 57 2 3 106 5 91 2 18 10 30 10
33 2 1 35 11 37 2 14 6 24 7 3 1 135 2 126 28 150 3 3 33 15 32 22 34 2 2 57 9 49 2 28 181 29 139 3 4 43 19 43 24 37 2 3 72 5 82 3 8 127 17 160 26 122 3 3 12 6 14 10 12 3 4 41 19 47 24 36 3 5 159 7 139 17 162 3 2 121 5 102 12 98 3 8 20 26 27 27 20 4 10 10 12 9 13 8 30 7 4 8 138 11 159 27 186 28 190 3 1 91 10 100 13 100 2 14 164 16 126 3 6 148 15 135 25 148 4 7 101 16 108 20 81 25 110 3 17 74 25 70 28 94 4 7 162 17 134 18 141 21 148 3 8 25 26 23 27 22 2 19 50 22 48 3 10 75 13 59 20 76 2 18 7 30 7 2 2 50 9 69 3 21 160 24 168 29 159 2 8 135 22 139 3 7 50 19 55 23 44 3 13 145 14 150 26 143 3 4 143 28 156 30 166 2 27 63 30 55
33 2 1 35 11 37 2 14 6 24 7 3 1 135 2 126 28 150 3 3 33 15 32 22 34 2 2 57 9 49 2 28 181 29 139 3 4 43 19 43 24 37 2 3 72 5 82 3 8 127 17 160 26 122 3 3 12 6 14 10 12 3 4 41 19 47 24 36 3 5 159 7 139 17 162 3 2 121 5 102 12 98 3 8 20 26 27 27 20 4 10 10 12 9 13 8 30 7 4 8 138 11 159 27 186 28 190 3 1 91 10 100 13 100 2 14 164 16 126 3 6 148 15 135 25 148 4 7 101 16 108 20 81 25 110 3 17 74 25 70 28 94 4 7 162 17 134 18 141 21 148 3 8 25 26 23 27 22 2 19 50 22 48 3 10 75 13 59 20 76 2 18 7 30 7 2 2 50 9 69 3 21 160 24 168 29 159 2 8 135 22 139 3 7 50 19 55 23 44 3 13 145 14 150 26 143 3 4 143 28 156 30 166 2 27 63 30 55
39 2 1 38 11 43 3 1 137 2 161 28 127 3 3 35 15 30 22 36 3 4 37 19 37 24 51 3 3 32 15 34 22 32 3 1 115 10 114 13 83 3 7 47 19 46 23 40 3 3 28 15 37 22 36 3 8 27 26 21 27 25 2 3 101 5 97 3 4 40 19 35 24 52 3 13 154 14 110 26 156 3 3 16 6 13 10 12 3 5 154 7 165 17 169 2 2 56 9 56 4 7 91 16 110 20 80 25 95 3 3 28 15 28 22 38 4 10 7 12 9 13 8 30 8 3 2 102 5 141 12 127 4 8 154 11 141 27 160 28 175 2 14 149 16 132 3 6 183 15 176 25 140 3 3 15 6 15 10 13 3 8 152 17 157 26 170 3 2 122 5 100 12 118 4 7 175 17 175 18 145 21 167 4 7 86 16 88 20 79 25 77 2 19 59 22 54 3 10 71 13 54 20 69 2 8 196 22 140 2 27 68 30 58 3 21 132 24 137 29 180 2 3 86 5 101 2 14 7 24 8 2 3 77 5 92 2 28 177 29 152 3 17 78 25 91 28 89 2 18 8 30 10 3 4 144 28 132 30 126
37 4 7 85 16 85 20 74 25 105 2 1 45 11 36 3 2 118 5 114 12 111 3 1 174 2 173 28 176 4 7 90 16 74 20 80 25 75 3 3 26 15 33 22 27 2 27 66 30 56 3 4 39 19 39 24 50 2 3 106 5 97 2 1 36 11 43 3 3 14 6 13 10 12 3 5 176 7 170 17 157 3 13 151 14 146 26 151 3 1 87 10 114 13 100 3 8 22 26 20 27 19 3 17 91 25 79 28 87 2 3 94 5 82 2 2 56 9 57 2 14 139 16 151 4 10 7 12 8 13 7 30 7 4 8 140 11 146 27 174 28 135 4 7 127 17 167 18 163 21 161 3 8 27 26 19 27 23 2 28 156 29 167 3 1 168 2 167 28 149 3 6 144 15 138 25 125 3 8 150 17 151 26 146 2 19 60 22 48 3 10 71 13 66 20 56 3 4 118 28 167 30 118 3 21 162 24 176 29 122 3 4 139 28 160 30 135 2 14 8 24 8 2 8 180 22 149 3 7 52 19 58 23 55 2 3 97 5 81 2 18 10 30 8
34 4 7 147 17 164 18 173 21 139 2 28 176 29 153 4 7 135 17 167 18 162 21 154 3 3 15 6 14 10 14 2 1 46 11 33 3 1 142 2 154 28 118 3 3 38 15 30 22 27 3 4 36 19 44 24 37 3 21 159 24 156 29 165 2 3 71 5 73 3 5 146 7 122 17 171 3 3 13 6 11 10 13 3 8 22 26 27 27 22 3 10 69 13 73 20 62 2 19 64 22 62 2 3 94 5 93 2 2 53 9 62 4 10 8 12 9 13 7 30 9 4 8 138 11 148 27 157 28 189 3 2 125 5 145 12 109 3 6 140 15 173 25 137 3 1 121 10 85 13 99 3 7 48 19 44 23 48 2 3 95 5 76 2 27 52 30 66 2 14 168 16 117 4 7 99 16 77 20 83 25 100 3 8 167 17 157 26 122 2 8 190 22 170 2 14 7 24 6 3 13 153 14 117 26 152 3 17 97 25 94 28 97 3 4 157 28 157 30 147 2 18 10 30 8
36 3 7 58 19 55 23 56 2 1 47 11 43 2 19 47 22 44 3 1 174 2 134 28 133 2 19 54 22 55 3 8 143 17 149 26 118 3 3 31 15 30 22 28 3 4 35 19 52 24 52 2 3 74 5 97 3 3 12 6 15 10 14 3 5 146 7 125 17 127 3 8 28 26 21 27 26 2 28 152 29 153 2 14 133 16 146 2 1 34 11 42 2 2 64 9 71 4 10 9 12 9 13 9 30 10 3 21 143 24 178 29 157 4 10 9 12 10 13 7 30 9 4 8 183 11 173 27 164 28 164 3 2 111 5 99 12 118 2 27 60 30 68 2 8 161 22 132 3 2 138 5 109 12 130 3 1 102 10 82 13 97 3 6 153 15 169 25 144 3 3 31 15 37 22 34 3 13 116 14 117 26 152 4 7 88 16 92 20 78 25 106 3 8 147 17 168 26 168 4 7 154 17 121 18 128 21 172 3 17 88 25 92 28 95 3 10 74 13 75 20 61 2 14 8 24 7 3 4 120 28 156 30 137 2 18 7 30 10
39 4 7 107 16 83 20 102 25 75 2 1 38 11 38 3 8 20 26 19 27 27 2 1 32 11 34 3 17 74 25 69 28 93 3 8 25 26 24 27 26 2 27 50 30 62 3 8 22 26 28 27 25 3 1 166 2 131 28 141 3 3 36 15 33 22 27 3 8 144 17 148 26 155 3 1 105 10 99 13 84 3 4 49 19 41 24 37 3 2 101 5 120 12 104 2 1 44 11 45 2 3 86 5 77 3 3 13 6 16 10 11 2 19 53 22 44 4 7 75 16 90 20 105 25 89 3 5 154 7 175 17 130 2 18 7 30 10 3 13 135 14 136 26 109 2 8 151 22 180 3 1 83 10 97 13 120 2 2 63 9 49 3 3 29 15 32 22 29 4 10 8 12 7 13 9 30 10 3 8 26 26 28 27 23 4 8 138 11 142 27 185 28 140 2 14 165 16 137 3 13 152 14 143 26 118 3 21 125 24 168 29 127 3 6 167 15 129 25 153 2 14 8 24 7 4 7 147 17 155 18 147 21 130 3 10 66 13 59 20 53 2 28 164 29 143 3 7 45 19 44 23 60 3 4 166 28 121 30 129
38 2 1 36 11 47 2 8 191 22 150 2 1 37 11 33 3 1 164 2 128 28 174 3 3 26 15 37 22 31 2 8 184 22 167 3 4 39 19 38 24 38 3 1 117 10 88 13 102 3 5 164 7 146 17 121 2 3 106 5 100 3 3 29 15 29 22 36 4 8 172 11 154 27 132 28 164 3 7 49 19 61 23 57 3 3 36 15 30 22 34 3 21 168 24 141 29 171 3 3 14 6 12 10 15 2 28 178 29 178 2 1 45 11 37 3 8 22 26 21 27 24 3 8 148 17 167 26 163 2 19 61 22 63 3 4 124 28 113 30 136 2 14 9 24 7 3 1 147 2 152 28 160 2 2 64 9 56 4 10 9 12 9 13 8 30 8 4 8 149 11 186 27 168 28 142 4 7 140 17 162 18 153 21 148 4 8 168 11 140 27 169 28 157 3 2 141 5 119 12 104 2 14 170 16 176 3 17 71 25 70 28 98 3 6 137 15 149 25 179 4 7 75 16 84 20 83 25 79 3 10 68 13 55 20 75 3 13 140 14 153 26 138 2 27 57 30 57 2 18 9 30 8
38 2 1 45 11 33 2 8 148 22 192 2 1 34 11 42 3 1 160 2 126 28 154 3 3 31 15 33 22 26 2 8 150 22 139 3 4 42 19 52 24 48 3 1 115 10 120 13 95 3 5 143 7 128 17 170 2 3 81 5 72 3 3 31 15 34 22 37 4 8 185 11 192 27 151 28 149 3 7 45 19 46 23 52 3 3 33 15 32 22 29 3 21 150 24 125 29 152 3 3 12 6 14 10 12 2 28 142 29 153 2 1 40 11 37 3 8 28 26 25 27 22 3 8 152 17 146 26 167 2 19 45 22 56 3 4 134 28 151 30 119 2 14 7 24 7 3 1 164 2 127 28 129 2 2 56 9 49 4 10 9 12 8 13 8 30 8 4 8 159 11 138 27 132 28 131 4 7 175 17 155 18 138 21 151 4 8 143 11 131 27 177 28 179 3 2 128 5 113 12 98 2 14 158 16 156 3 17 99 25 77 28 81 3 6 127 15 162 25 166 4 7 89 16 108 20 106 25 78 3 10 72 13 57 20 54 3 13 108 14 130 26 110 2 27 54 30 51 2 18 7 30 9
38 2 1 45 11 33 2 8 148 22 192 2 1 34 11 42 3 1 160 2 126 28 154 3 3 31 15 33 22 26 2 8 150 22 139 3 4 42 19 52 24 48 3 1 115 10 120 13 95 3 5 143 7 128 17 170 2 3 81 5 72 3 3 31 15 34 22 37 4 8 185 11 192 27 151 28 149 3 7 45 19 46 23 52 3 3 33 15 32 22 29 3 21 150 24 125 29 152 3 3 12 6 14 10 12 2 28 142 29 153 2 1 40 11 37 3 8 28 26 25 27 22 3 8 152 17 146 26 167 2 19 45 22 56 3 4 134 28 151 30 119 2 14 7 24 7 3 1 164 2 127 28 129 2 2 56 9 49 4 10 9 12 8 13 8 30 8 4 8 159 11 138 27 132 28 131 4 7 175 17 155 18 138 21 151 4 8 143 11 131 27 177 28 179 3 2 128 5 113 12 98 2 14 158 16 156 3 17 99 25 77 28 81 3 6 127 15 162 25 166 4 7 89 16 108 20 106 25 78 3 10 72 13 57 20 54 3 13 108 14 130 26 110 2 27 54 30 51 2 18 7 30 9
38 2 1 45 11 33 2 8 148 22 192 2 1 34 11 42 3 1 160 2 126 28 154 3 3 31 15 33 22 26 2 8 150 22 139 3 4 42 19 52 24 48 3 1 115 10 120 13 95 3 5 143 7 128 17 170 2 3 81 5 72 3 3 31 15 34 22 37 4 8 185 11 192 27 151 28 149 3 7 45 19 46 23 52 3 3 33 15 32 22 29 3 21 150 24 125 29 152 3 3 12 6 14 10 12 2 28 142 29 153 2 1 40 11 37 3 8 28 26 25 27 22 3 8 152 17 146 26 167 2 19 45 22 56 3 4 134 28 151 30 119 2 14 7 24 7 3 1 164 2 127 28 129 2 2 56 9 49 4 10 9 12 8 13 8 30 8 4 8 159 11 138 27 132 28 131 4 7 175 17 155 18 138 21 151 4 8 143 11 131 27 177 28 179 3 2 128 5 113 12 98 2 14 158 16 156 3 17 99 25 77 28 81 3 6 127 15 162 25 166 4 7 89 16 108 20 106 25 78 3 10 72 13 57 20 54 3 13 108 14 130 26 110 2 27 54 30 51 2 18 7 30 9
35 3 1 118 2 147 28 123 2 1 46 11 38 3 4 38 19 49 24 40 3 3 34 15 28 22 26 3 8 131 17 121 26 149 2 3 71 5 101 3 3 16 6 14 10 16 3 6 142 15 154 25 155 3 5 169 7 180 17 162 2 28 206 29 143 4 8 162 11 178 27 184 28 142 3 8 19 26 26 27 22 2 2 49 9 50 2 3 76 5 72 4 10 8 12 9 13 9 30 8 3 2 121 5 118 12 127 3 10 66 13 71 20 77 3 1 99 10 93 13 91 2 14 152 16 136 2 19 44 22 47 4 7 104 16 82 20 75 25 86 3 4 163 28 135 30 132 4 7 160 17 168 18 170 21 132 4 7 81 16 81 20 90 25 93 3 21 128 24 150 29 148 3 3 11 6 14 10 15 3 17 75 25 91 28 95 3 4 113 28 117 30 129 2 8 145 22 171 2 18 8 30 10 2 1 32 11 36 2 27 63 30 58 3 13 157 14 119 26 128 3 7 50 19 51 23 44 2 14 8 24 6
35 3 1 118 2 147 28 123 2 1 46 11 38 3 4 38 19 49 24 40 3 3 34 15 28 22 26 3 8 131 17 121 26 149 2 3 71 5 101 3 3 16 6 14 10 16 3 6 142 15 154 25 155 3 5 169 7 180 17 162 2 28 206 29 143 4 8 162 11 178 27 184 28 142 3 8 19 26 26 27 22 2 2 49 9 50 2 3 76 5 72 4 10 8 12 9 13 9 30 8 3 2 121 5 118 12 127 3 10 66 13 71 20 77 3 1 99 10 93 13 91 2 14 152 16 136 2 19 44 22 47 4 7 104 16 82 20 75 25 86 3 4 163 28 135 30 132 4 7 160 17 168 18 170 21 132 4 7 81 16 81 20 90 25 93 3 21 128 24 150 29 148 3 3 11 6 14 10 15 3 17 75 25 91 28 95 3 4 113 28 117 30 129 2 8 145 22 171 2 18 8 30 10 2 1 32 11 36 2 27 63 30 58 3 13 157 14 119 26 128 3 7 50 19 51 23 44 2 14 8 24 6
35 2 1 36 11 33 3 1 174 2 131 28 127 3 3 36 15 30 22 28 3 2 126 5 126 12 110 3 4 48 19 35 24 41 2 3 72 5 97 3 3 15 6 13 10 15 3 10 63 13 70 20 68 3 1 96 10 113 13 100 3 1 121 2 171 28 152 2 8 194 22 143 2 27 47 30 65 3 3 26 15 31 22 30 2 28 142 29 196 4 8 142 11 131 27 145 28 160 2 14 132 16 169 3 7 43 19 46 23 53 3 5 131 7 122 17 135 3 1 160 2 161 28 126 3 8 165 17 123 26 134 3 8 23 26 24 27 24 2 2 71 9 62 4 10 8 12 10 13 8 30 8 3 6 146 15 174 25 167 4 7 93 16 111 20 84 25 79 2 19 57 22 55 4 10 9 12 7 13 8 30 7 4 7 121 17 143 18 152 21 150 3 21 166 24 162 29 137 2 14 8 24 8 3 17 94 25 75 28 84 3 7 44 19 57 23 45 3 13 130 14 107 26 141 3 4 147 28 131 30 159 2 18 7 30 10
35 2 1 36 11 33 3 1 174 2 131 28 127 3 3 36 15 30 22 28 3 2 126 5 126 12 110 3 4 48 19 35 24 41 2 3 72 5 97 3 3 15 6 13 10 15 3 10 63 13 70 20 68 3 1 96 10 113 13 100 3 1 121 2 171 28 152 2 8 194 22 143 2 27 47 30 65 3 3 26 15 31 22 30 2 28 142 29 196 4 8 142 11 131 27 145 28 160 2 14 132 16 169 3 7 43 19 46 23 53 3 5 131 7 122 17 135 3 1 160 2 161 28 126 3 8 165 17 123 26 134 3 8 23 26 24 27 24 2 2 71 9 62 4 10 8 12 10 13 8 30 8 3 6 146 15 174 25 167 4 7 93 16 111 20 84 25 79 2 19 57 22 55 4 10 9 12 7 13 8 30 7 4 7 121 17 143 18 152 21 150 3 21 166 24 162 29 137 2 14 8 24 8 3 17 94 25 75 28 84 3 7 44 19 57 23 45 3 13 130 14 107 26 141 3 4 147 28 131 30 159 2 18 7 30 10
35 2 1 44 11 41 2 18 10 30 10 2 1 44 11 37 3 1 125 2 174 28 143 3 3 33 15 27 22 25 2 1 32 11 42 3 4 46 19 50 24 36 3 10 58 13 72 20 69 3 1 96 10 100 13 97 2 3 86 5 72 3 3 11 6 14 10 15 3 5 133 7 170 17 134 3 8 19 26 23 27 20 2 2 68 9 66 4 10 10 12 9 13 9 30 9 4 8 168 11 160 27 192 28 150 3 4 37 19 40 24 39 2 14 142 16 143 3 2 123 5 103 12 125 3 6 161 15 156 25 147 2 8 170 22 184 4 7 82 16 81 20 104 25 97 3 8 166 17 137 26 113 3 17 97 25 97 28 88 4 7 141 17 120 18 166 21 177 3 3 15 6 15 10 14 3 21 163 24 161 29 153 2 19 64 22 63 2 28 138 29 145 3 6 175 15 172 25 146 3 7 42 19 45 23 60 2 14 7 24 7 3 4 145 28 164 30 139 3 13 137 14 117 26 110 2 27 51 30 50
35 2 1 44 11 41 2 18 10 30 10 2 1 44 11 37 3 1 125 2 174 28 143 3 3 33 15 27 22 25 2 1 32 11 42 3 4 46 19 50 24 36 3 10 58 13 72 20 69 3 1 96 10 100 13 97 2 3 86 5 72 3 3 11 6 14 10 15 3 5 133 7 170 17 134 3 8 19 26 23 27 20 2 2 68 9 66 4 10 10 12 9 13 9 30 9 4 8 168 11 160 27 192 28 150 3 4 37 19 40 24 39 2 14 142 16 143 3 2 123 5 103 12 125 3 6 161 15 156 25 147 2 8 170 22 184 4 7 82 16 81 20 104 25 97 3 8 166 17 137 26 113 3 17 97 25 97 28 88 4 7 141 17 120 18 166 21 177 3 3 15 6 15 10 14 3 21 163 24 161 29 153 2 19 64 22 63 2 28 138 29 145 3 6 175 15 172 25 146 3 7 42 19 45 23 60 2 14 7 24 7 3 4 145 28 164 30 139 3 13 137 14 117 26 110 2 27 51 30 50
36 2 1 33 11 39 2 2 71 9 48 3 1 172 2 145 28 145 3 3 35 15 33 22 26 3 13 134 14 143 26 146 3 4 36 19 42 24 39 2 3 85 5 103 4 7 79 16 85 20 93 25 105 3 17 77 25 72 28 101 3 13 114 14 110 26 146 3 3 16 6 16 10 15 3 5 143 7 164 17 164 2 3 101 5 102 3 8 25 26 20 27 24 4 10 7 12 9 13 7 30 9 3 5 176 7 161 17 149 4 8 139 11 166 27 159 28 195 3 6 178 15 176 25 147 3 5 176 7 137 17 123 3 2 128 5 137 12 141 3 1 84 10 92 13 118 2 14 123 16 132 3 8 142 17 138 26 152 4 7 179 17 167 18 174 21 166 3 4 121 28 132 30 148 2 19 60 22 53 3 21 158 24 151 29 176 3 13 142 14 156 26 111 3 10 69 13 52 20 75 2 8 136 22 190 3 7 60 19 45 23 53 2 27 69 30 51 3 17 77 25 75 28 89 2 14 7 24 7 2 28 174 29 186 2 18 8 30 7
37 2 2 69 9 61 4 8 157 11 160 27 176 28 136 2 1 45 11 47 3 3 30 15 27 22 29 3 1 167 2 165 28 163 3 4 38 19 47 24 49 2 27 54 30 67 3 8 155 17 128 26 169 2 27 59 30 67 3 6 129 15 159 25 137 3 21 177 24 136 29 145 2 3 90 5 79 3 3 14 6 11 10 11 3 1 128 2 156 28 139 3 4 154 28 149 30 118 3 5 129 7 172 17 155 4 7 105 16 83 20 84 25 92 3 8 25 26 26 27 25 4 7 97 16 78 20 97 25 97 3 7 56 19 52 23 60 4 10 9 12 7 13 10 30 10 3 1 100 10 102 13 122 3 4 40 19 46 24 46 3 17 74 25 68 28 71 3 4 42 19 51 24 40 3 2 123 5 137 12 112 2 18 8 30 8 2 19 61 22 53 2 14 154 16 142 3 13 151 14 137 26 148 3 6 168 15 177 25 139 2 8 192 22 176 4 7 134 17 171 18 125 21 128 3 10 63 13 72 20 65 3 5 123 7 138 17 147 2 28 204 29 187 2 14 8 24 7
37 2 2 69 9 61 4 8 157 11 160 27 176 28 136 2 1 45 11 47 3 3 30 15 27 22 29 3 1 167 2 165 28 163 3 4 38 19 47 24 49 2 27 54 30 67 3 8 155 17 128 26 169 2 27 59 30 67 3 6 129 15 159 25 137 3 21 177 24 136 29 145 2 3 90 5 79 3 3 14 6 11 10 11 3 1 128 2 156 28 139 3 4 154 28 149 30 118 3 5 129 7 172 17 155 4 7 105 16 83 20 84 25 92 3 8 25 26 26 27 25 4 7 97 16 78 20 97 25 97 3 7 56 19 52 23 60 4 10 9 12 7 13 10 30 10 3 1 100 10 102 13 122 3 4 40 19 46 24 46 3 17 74 25 68 28 71 3 4 42 19 51 24 40 3 2 123 5 137 12 112 2 18 8 30 8 2 19 61 22 53 2 14 154 16 142 3 13 151 14 137 26 148 3 6 168 15 177 25 139 2 8 192 22 176 4 7 134 17 171 18 125 21 128 3 10 63 13 72 20 65 3 5 123 7 138 17 147 2 28 204 29 187 2 14 8 24 7
37 2 2 69 9 61 4 8 157 11 160 27 176 28 136 2 1 45 11 47 3 3 30 15 27 22 29 3 1 167 2 165 28 163 3 4 38 19 47 24 49 2 27 54 30 67 3 8 155 17 128 26 169 2 27 59 30 67 3 6 129 15 159 25 137 3 21 177 24 136 29 145 2 3 90 5 79 3 3 14 6 11 10 11 3 1 128 2 156 28 139 3 4 154 28 149 30 118 3 5 129 7 172 17 155 4 7 105 16 83 20 84 25 92 3 8 25 26 26 27 25 4 7 97 16 78 20 97 25 97 3 7 56 19 52 23 60 4 10 9 12 7 13 10 30 10 3 1 100 10 102 13 122 3 4 40 19 46 24 46 3 17 74 25 68 28 71 3 4 42 19 51 24 40 3 2 123 5 137 12 112 2 18 8 30 8 2 19 61 22 53 2 14 154 16 142 3 13 151 14 137 26 148 3 6 168 15 177 25 139 2 8 192 22 176 4 7 134 17 171 18 125 21 128 3 10 63 13 72 20 65 3 5 123 7 138 17 147 2 28 204 29 187 2 14 8 24 7
37 4 7 77 16 93 20 90 25 109 2 1 39 11 46 3 2 126 5 126 12 112 3 1 158 2 141 28 158 4 7 81 16 100 20 82 25 104 3 3 29 15 33 22 35 2 27 55 30 60 3 4 44 19 35 24 51 2 3 92 5 106 2 1 35 11 39 3 3 11 6 12 10 15 3 5 142 7 159 17 137 3 13 113 14 125 26 111 3 1 95 10 87 13 107 3 8 20 26 23 27 24 3 17 95 25 86 28 100 2 3 79 5 88 2 2 55 9 70 2 14 120 16 170 4 10 7 12 9 13 9 30 10 4 8 155 11 168 27 187 28 131 4 7 130 17 137 18 172 21 153 3 8 27 26 23 27 22 2 28 183 29 170 3 1 162 2 158 28 160 3 6 155 15 137 25 175 3 8 129 17 146 26 138 2 19 61 22 61 3 10 65 13 76 20 58 3 4 138 28 156 30 151 3 21 144 24 172 29 144 3 4 113 28 114 30 125 2 14 8 24 6 2 8 174 22 196 3 7 55 19 45 23 60 2 3 103 5 83 2 18 7 30 7
33 2 1 42 11 32 3 1 136 2 129 28 151 2 19 52 22 63 3 3 26 15 27 22 34 3 4 40 19 43 24 37 2 3 78 5 94 3 3 15 6 12 10 11 3 7 57 19 50 23 58 3 5 171 7 141 17 164 3 8 25 26 26 27 20 3 17 94 25 87 28 74 2 2 51 9 51 3 8 21 26 24 27 25 4 10 9 12 10 13 9 30 10 4 8 165 11 153 27 164 28 156 3 2 118 5 129 12 139 3 1 89 10 94 13 84 2 27 51 30 57 2 14 131 16 158 2 18 7 30 9 3 6 169 15 177 25 165 4 7 102 16 94 20 99 25 87 4 7 167 17 148 18 123 21 157 3 21 147 24 146 29 132 3 8 135 17 158 26 165 2 8 156 22 157 3 10 54 13 60 20 54 2 14 8 24 7 3 6 151 15 171 25 176 3 13 114 14 134 26 123 3 4 119 28 120 30 145 2 1 37 11 36 2 28 203 29 176
33 2 1 46 11 32 3 1 152 2 176 28 144 3 3 35 15 34 22 29 3 4 47 19 43 24 37 3 3 33 15 35 22 27 2 3 81 5 105 3 3 15 6 15 10 16 2 2 65 9 65 3 17 100 25 88 28 85 3 5 145 7 129 17 159 3 8 26 26 25 27 22 4 10 7 12 7 13 8 30 9 4 8 158 11 173 27 139 28 195 3 2 142 5 127 12 134 3 1 87 10 86 13 108 3 21 156 24 150 29 131 2 14 160 16 149 3 6 172 15 176 25 155 4 7 110 16 98 20 76 25 109 3 1 109 10 108 13 110 3 13 108 14 133 26 128 2 19 62 22 60 3 8 157 17 126 26 158 2 28 189 29 140 4 7 146 17 121 18 133 21 137 3 10 70 13 52 20 58 2 8 153 22 179 3 4 132 28 166 30 158 3 7 44 19 50 23 57 2 14 7 24 7 3 8 24 26 27 27 21 2 27 49 30 56 2 18 8 30 10
37 2 2 54 9 59 4 8 134 11 146 27 188 28 179 2 1 42 11 40 3 3 25 15 30 22 32 3 1 130 2 160 28 128 3 4 43 19 40 24 36 2 27 57 30 52 3 8 126 17 168 26 164 2 27 62 30 60 3 6 156 15 183 25 152 3 21 161 24 159 29 160 2 3 87 5 104 3 3 14 6 11 10 15 3 1 131 2 149 28 133 3 4 138 28 116 30 122 3 5 162 7 160 17 133 4 7 95 16 103 20 104 25 93 3 8 22 26 20 27 20 4 7 76 16 109 20 88 25 78 3 7 46 19 60 23 46 4 10 8 12 10 13 7 30 9 3 1 92 10 88 13 91 3 4 45 19 35 24 48 3 17 69 25 95 28 72 3 4 47 19 38 24 52 3 2 109 5 132 12 112 2 18 10 30 8 2 19 47 22 54 2 14 164 16 134 3 13 134 14 116 26 146 3 6 169 15 126 25 147 2 8 165 22 182 4 7 164 17 178 18 175 21 168 3 10 69 13 64 20 53 3 5 146 7 151 17 147 2 28 198 29 146 2 14 7 24 8
35 2 1 37 11 46 3 1 132 2 126 28 162 3 3 27 15 28 22 35 3 2 138 5 104 12 103 3 4 43 19 50 24 47 2 3 99 5 93 3 3 13 6 12 10 11 3 10 53 13 66 20 66 3 1 108 10 89 13 120 3 1 121 2 163 28 174 2 8 192 22 184 2 27 61 30 53 3 3 31 15 36 22 33 2 28 180 29 164 4 8 164 11 151 27 145 28 156 2 14 144 16 146 3 7 44 19 58 23 57 3 5 159 7 149 17 143 3 1 141 2 163 28 161 3 8 123 17 115 26 131 3 8 27 26 25 27 27 2 2 55 9 62 4 10 7 12 9 13 8 30 8 3 6 143 15 169 25 132 4 7 84 16 106 20 80 25 86 2 19 55 22 50 4 10 7 12 8 13 8 30 9 4 7 167 17 164 18 152 21 129 3 21 175 24 159 29 130 2 14 6 24 7 3 17 80 25 101 28 82 3 7 48 19 47 23 60 3 13 134 14 141 26 117 3 4 162 28 151 30 131 2 18 10 30 7
36 2 1 47 11 38 2 2 60 9 59 3 1 154 2 128 28 128 3 3 31 15 37 22 31 3 13 153 14 116 26 143 3 4 51 19 35 24 40 2 3 89 5 92 4 7 88 16 75 20 102 25 106 3 17 90 25 88 28 94 3 13 113 14 110 26 131 3 3 13 6 15 10 13 3 5 126 7 130 17 178 2 3 97 5 78 3 8 24 26 24 27 22 4 10 9 12 7 13 9 30 10 3 5 137 7 154 17 158 4 8 165 11 152 27 190 28 175 3 6 184 15 155 25 143 3 5 166 7 140 17 160 3 2 106 5 105 12 98 3 1 118 10 86 13 108 2 14 130 16 131 3 8 122 17 125 26 135 4 7 124 17 154 18 147 21 146 3 4 150 28 142 30 124 2 19 64 22 48 3 21 169 24 179 29 145 3 13 126 14 129 26 106 3 10 61 13 64 20 70 2 8 190 22 179 3 7 48 19 60 23 49 2 27 50 30 67 3 17 93 25 88 28 88 2 14 6 24 7 2 28 185 29 147 2 18 10 30 10
DUE_DATES: 3444 3444 2865 2865 2865 3200 3200 3169 3169 2805 2851 3248 3464 3464 2972 2964 2964 3286 3103 3103 2994 2994 3321 2720 2720 3226 3289 3022 3018 3062 3486 3313 3313 3313 2948 2948 2994 2994 2931 2931 3447 3391 3391 3391 3287 2856 2856 3321 3048 3350
WEIGHTS: 2 2 2 3 2 2 2 3 1 1 3 3 3 3 1 1 1 2 2 3 2 2 1 2 1 3 2 3 2 1 3 2 1 2 2 3 1 2 2 1 1 3 1 2 1 3 2 2 3 3
