50 30
38 2 1 97 10 133 2 17 39 23 43 2 1 123 10 119 3 2 120 7 121 26 104 2 22 98 24 104 3 3 115 12 144 28 118 2 1 125 10 90 2 19 9 25 9 3 4 57 5 47 16 52 2 5 164 22 156 3 2 95 7 111 26 94 2 6 10 26 8 3 7 41 21 49 22 35 3 2 91 7 122 26 91 2 8 4 10 3 2 9 152 13 156 2 5 66 10 64 2 11 157 26 125 2 14 38 20 45 3 7 72 12 93 30 92 2 5 62 10 52 2 14 8 30 8 3 8 71 17 77 21 72 2 9 57 13 62 3 3 162 12 153 28 136 3 2 137 5 139 15 149 2 1 7 16 8 2 18 87 20 89 2 9 62 13 50 3 8 77 13 78 27 96 2 25 142 26 200 3 3 129 12 140 28 138 2 19 76 21 87 2 24 166 26 215 3 1 67 24 64 26 59 1 28 9 2 20 44 29 59 3 16 24 24 23 30 25
37 3 7 94 12 69 30 71 2 9 165 13 162 2 1 121 10 134 2 24 181 26 206 3 7 86 12 76 30 87 2 5 119 22 175 3 2 97 7 98 26 118 3 1 68 24 79 26 84 3 3 114 12 121 28 118 3 2 119 7 98 26 104 2 14 9 30 10 3 8 85 13 82 27 101 2 11 149 26 115 3 4 49 5 40 16 45 2 5 133 22 175 2 6 10 26 10 3 7 41 21 42 22 38 2 8 4 10 4 3 7 84 12 79 30 76 3 2 109 5 137 15 142 2 14 11 30 9 2 5 56 10 49 2 9 50 13 56 2 1 6 16 8 2 24 195 26 203 3 8 84 17 91 21 69 2 19 9 25 9 2 14 50 20 43 2 18 73 20 74 3 16 26 24 26 30 21 2 14 46 20 49 2 19 71 21 70 2 22 127 24 123 2 17 39 23 42 2 25 201 26 208 1 28 13 2 20 59 29 44
37 3 7 94 12 69 30 71 2 9 165 13 162 2 1 121 10 134 2 24 181 26 206 3 7 86 12 76 30 87 2 5 119 22 175 3 2 97 7 98 26 118 3 1 68 24 79 26 84 3 3 114 12 121 28 118 3 2 119 7 98 26 104 2 14 9 30 10 3 8 85 13 82 27 101 2 11 149 26 115 3 4 49 5 40 16 45 2 5 133 22 175 2 6 10 26 10 3 7 41 21 42 22 38 2 8 4 10 4 3 7 84 12 79 30 76 3 2 109 5 137 15 142 2 14 11 30 9 2 5 56 10 49 2 9 50 13 56 2 1 6 16 8 2 24 195 26 203 3 8 84 17 91 21 69 2 19 9 25 9 2 14 50 20 43 2 18 73 20 74 3 16 26 24 26 30 21 2 14 46 20 49 2 19 71 21 70 2 22 127 24 123 2 17 39 23 42 2 25 201 26 208 1 28 13 2 20 59 29 44
37 3 7 94 12 69 30 71 2 9 165 13 162 2 1 121 10 134 2 24 181 26 206 3 7 86 12 76 30 87 2 5 119 22 175 3 2 97 7 98 26 118 3 1 68 24 79 26 84 3 3 114 12 121 28 118 3 2 119 7 98 26 104 2 14 9 30 10 3 8 85 13 82 27 101 2 11 149 26 115 3 4 49 5 40 16 45 2 5 133 22 175 2 6 10 26 10 3 7 41 21 42 22 38 2 8 4 10 4 3 7 84 12 79 30 76 3 2 109 5 137 15 142 2 14 11 30 9 2 5 56 10 49 2 9 50 13 56 2 1 6 16 8 2 24 195 26 203 3 8 84 17 91 21 69 2 19 9 25 9 2 14 50 20 43 2 18 73 20 74 3 16 26 24 26 30 21 2 14 46 20 49 2 19 71 21 70 2 22 127 24 123 2 17 39 23 42 2 25 201 26 208 1 28 13 2 20 59 29 44
37 3 7 94 12 69 30 71 2 9 165 13 162 2 1 121 10 134 2 24 181 26 206 3 7 86 12 76 30 87 2 5 119 22 175 3 2 97 7 98 26 118 3 1 68 24 79 26 84 3 3 114 12 121 28 118 3 2 119 7 98 26 104 2 14 9 30 10 3 8 85 13 82 27 101 2 11 149 26 115 3 4 49 5 40 16 45 2 5 133 22 175 2 6 10 26 10 3 7 41 21 42 22 38 2 8 4 10 4 3 7 84 12 79 30 76 3 2 109 5 137 15 142 2 14 11 30 9 2 5 56 10 49 2 9 50 13 56 2 1 6 16 8 2 24 195 26 203 3 8 84 17 91 21 69 2 19 9 25 9 2 14 50 20 43 2 18 73 20 74 3 16 26 24 26 30 21 2 14 46 20 49 2 19 71 21 70 2 22 127 24 123 2 17 39 23 42 2 25 201 26 208 1 28 13 2 20 59 29 44
38 2 1 108 10 104 3 2 96 7 102 26 122 3 3 157 12 132 28 117 3 4 56 5 43 16 46 2 11 161 26 159 2 1 91 10 101 2 5 169 22 142 2 6 8 26 9 3 7 46 21 43 22 34 2 8 3 10 3 2 1 6 16 7 3 2 118 7 121 26 128 3 8 89 17 90 21 71 2 6 9 26 8 2 14 8 30 9 2 9 124 13 130 3 2 115 7 121 26 121 2 5 62 10 53 3 16 23 24 20 30 27 3 2 109 5 108 15 152 2 6 10 26 7 3 7 84 12 73 30 90 2 9 58 13 59 2 20 56 29 55 2 18 76 20 80 3 8 97 17 79 21 77 2 24 149 26 199 2 19 11 25 9 2 14 36 20 49 1 28 14 2 19 73 21 100 2 18 84 20 93 2 17 43 23 47 2 6 7 26 7 2 22 91 24 112 3 1 62 24 61 26 79 2 25 140 26 205 3 8 80 13 89 27 94
38 2 1 108 10 104 3 2 96 7 102 26 122 3 3 157 12 132 28 117 3 4 56 5 43 16 46 2 11 161 26 159 2 1 91 10 101 2 5 169 22 142 2 6 8 26 9 3 7 46 21 43 22 34 2 8 3 10 3 2 1 6 16 7 3 2 118 7 121 26 128 3 8 89 17 90 21 71 2 6 9 26 8 2 14 8 30 9 2 9 124 13 130 3 2 115 7 121 26 121 2 5 62 10 53 3 16 23 24 20 30 27 3 2 109 5 108 15 152 2 6 10 26 7 3 7 84 12 73 30 90 2 9 58 13 59 2 20 56 29 55 2 18 76 20 80 3 8 97 17 79 21 77 2 24 149 26 199 2 19 11 25 9 2 14 36 20 49 1 28 14 2 19 73 21 100 2 18 84 20 93 2 17 43 23 47 2 6 7 26 7 2 22 91 24 112 3 1 62 24 61 26 79 2 25 140 26 205 3 8 80 13 89 27 94
35 2 9 44 13 43 2 1 91 10 126 2 5 176 22 123 3 2 103 7 111 26 114 2 9 42 13 48 3 3 153 12 114 28 142 3 4 46 5 50 16 53 1 28 11 2 18 65 20 79 2 24 197 26 190 2 9 58 13 56 3 1 77 24 81 26 80 2 6 7 26 9 3 7 41 21 42 22 34 2 8 3 10 4 2 17 46 23 46 2 24 180 26 165 2 9 152 13 118 2 5 66 10 62 2 11 154 26 137 3 4 47 5 50 16 41 3 7 80 12 78 30 73 2 14 8 30 11 2 19 10 25 11 2 25 153 26 142 3 2 135 5 130 15 137 2 1 8 16 8 3 8 81 17 83 21 91 2 14 50 20 38 2 19 92 21 84 3 2 110 5 144 15 118 2 22 134 24 123 3 8 74 13 87 27 73 2 20 52 29 47 3 16 24 24 20 30 19
36 1 28 14 2 1 126 10 125 3 2 127 7 113 26 128 3 3 160 12 118 28 160 1 28 13 3 4 58 5 40 16 43 2 24 168 26 177 3 4 44 5 56 16 59 2 5 152 22 131 2 6 7 26 9 2 14 38 20 39 3 2 108 5 141 15 154 3 7 38 21 36 22 48 2 8 4 10 4 2 1 130 10 97 2 9 136 13 133 2 9 53 13 61 2 5 49 10 50 3 16 22 24 24 30 22 2 22 91 24 106 2 11 155 26 110 3 16 18 24 25 30 26 2 18 74 20 73 2 14 11 30 10 2 20 62 29 54 2 5 61 10 48 3 7 88 12 94 30 84 2 1 6 16 6 2 19 8 25 8 2 25 167 26 141 2 17 43 23 41 2 19 78 21 91 3 8 74 17 84 21 85 2 14 34 20 47 3 8 99 13 90 27 87 3 1 61 24 76 26 79
34 2 1 99 10 103 2 17 38 23 49 3 2 118 7 94 26 110 3 3 161 12 123 28 155 3 4 41 5 53 16 48 3 8 66 17 82 21 72 2 20 60 29 47 3 7 98 12 77 30 83 2 5 124 22 134 2 6 7 26 7 3 2 108 5 137 15 139 3 7 48 21 45 22 33 2 8 4 10 4 2 9 114 13 162 2 11 140 26 143 2 1 6 16 6 2 5 61 10 54 3 8 68 13 78 27 93 2 25 168 26 198 2 14 45 20 43 3 7 79 12 92 30 94 2 9 56 13 42 2 9 164 13 140 2 19 10 25 11 2 9 144 13 141 2 14 9 30 8 2 18 70 20 76 1 28 11 2 6 8 26 9 2 19 103 21 71 2 22 98 24 106 3 1 83 24 80 26 83 2 24 186 26 210 3 16 27 24 20 30 26
34 2 1 99 10 103 2 17 38 23 49 3 2 118 7 94 26 110 3 3 161 12 123 28 155 3 4 41 5 53 16 48 3 8 66 17 82 21 72 2 20 60 29 47 3 7 98 12 77 30 83 2 5 124 22 134 2 6 7 26 7 3 2 108 5 137 15 139 3 7 48 21 45 22 33 2 8 4 10 4 2 9 114 13 162 2 11 140 26 143 2 1 6 16 6 2 5 61 10 54 3 8 68 13 78 27 93 2 25 168 26 198 2 14 45 20 43 3 7 79 12 92 30 94 2 9 56 13 42 2 9 164 13 140 2 19 10 25 11 2 9 144 13 141 2 14 9 30 8 2 18 70 20 76 1 28 11 2 6 8 26 9 2 19 103 21 71 2 22 98 24 106 3 1 83 24 80 26 83 2 24 186 26 210 3 16 27 24 20 30 26
34 2 1 99 10 103 2 17 38 23 49 3 2 118 7 94 26 110 3 3 161 12 123 28 155 3 4 41 5 53 16 48 3 8 66 17 82 21 72 2 20 60 29 47 3 7 98 12 77 30 83 2 5 124 22 134 2 6 7 26 7 3 2 108 5 137 15 139 3 7 48 21 45 22 33 2 8 4 10 4 2 9 114 13 162 2 11 140 26 143 2 1 6 16 6 2 5 61 10 54 3 8 68 13 78 27 93 2 25 168 26 198 2 14 45 20 43 3 7 79 12 92 30 94 2 9 56 13 42 2 9 164 13 140 2 19 10 25 11 2 9 144 13 141 2 14 9 30 8 2 18 70 20 76 1 28 11 2 6 8 26 9 2 19 103 21 71 2 22 98 24 106 3 1 83 24 80 26 83 2 24 186 26 210 3 16 27 24 20 30 26
32 2 1 92 10 104 2 17 43 23 35 3 7 39 21 45 22 44 3 2 122 7 126 26 99 3 3 131 12 144 28 138 2 14 45 20 42 3 4 56 5 52 16 41 2 22 130 24 134 2 5 122 22 127 2 1 126 10 93 2 6 10 26 9 2 8 4 10 4 2 9 154 13 158 2 5 54 10 46 3 1 59 24 85 26 69 2 11 154 26 160 3 7 96 12 79 30 81 2 24 160 26 175 2 9 59 13 45 2 14 9 30 8 3 2 135 5 113 15 118 3 8 84 17 78 21 87 2 20 55 29 60 2 24 190 26 204 2 1 8 16 7 2 18 66 20 71 2 19 8 25 8 2 19 92 21 82 2 25 198 26 172 3 8 89 13 101 27 100 3 16 19 24 22 30 26 1 28 10
32 2 1 92 10 104 2 17 43 23 35 3 7 39 21 45 22 44 3 2 122 7 126 26 99 3 3 131 12 144 28 138 2 14 45 20 42 3 4 56 5 52 16 41 2 22 130 24 134 2 5 122 22 127 2 1 126 10 93 2 6 10 26 9 2 8 4 10 4 2 9 154 13 158 2 5 54 10 46 3 1 59 24 85 26 69 2 11 154 26 160 3 7 96 12 79 30 81 2 24 160 26 175 2 9 59 13 45 2 14 9 30 8 3 2 135 5 113 15 118 3 8 84 17 78 21 87 2 20 55 29 60 2 24 190 26 204 2 1 8 16 7 2 18 66 20 71 2 19 8 25 8 2 19 92 21 82 2 25 198 26 172 3 8 89 13 101 27 100 3 16 19 24 22 30 26 1 28 10
33 2 1 128 10 104 3 2 98 7 102 26 112 3 3 160 12 155 28 149 3 4 53 5 57 16 50 2 5 137 22 171 3 4 59 5 47 16 47 2 18 69 20 90 2 6 8 26 8 2 9 59 13 52 3 8 83 13 70 27 94 2 19 102 21 77 3 7 48 21 48 22 46 2 8 4 10 4 3 16 24 24 23 30 26 2 25 166 26 160 2 9 52 13 51 2 9 121 13 134 3 8 87 13 81 27 100 2 5 54 10 55 2 11 111 26 164 3 7 72 12 93 30 72 2 14 11 30 10 3 2 133 5 125 15 119 2 1 8 16 6 3 8 85 17 70 21 68 2 19 9 25 8 2 22 132 24 101 2 14 37 20 40 2 17 46 23 39 3 1 67 24 65 26 71 2 24 182 26 162 1 28 12 2 20 44 29 44
33 2 1 128 10 104 3 2 98 7 102 26 112 3 3 160 12 155 28 149 3 4 53 5 57 16 50 2 5 137 22 171 3 4 59 5 47 16 47 2 18 69 20 90 2 6 8 26 8 2 9 59 13 52 3 8 83 13 70 27 94 2 19 102 21 77 3 7 48 21 48 22 46 2 8 4 10 4 3 16 24 24 23 30 26 2 25 166 26 160 2 9 52 13 51 2 9 121 13 134 3 8 87 13 81 27 100 2 5 54 10 55 2 11 111 26 164 3 7 72 12 93 30 72 2 14 11 30 10 3 2 133 5 125 15 119 2 1 8 16 6 3 8 85 17 70 21 68 2 19 9 25 8 2 22 132 24 101 2 14 37 20 40 2 17 46 23 39 3 1 67 24 65 26 71 2 24 182 26 162 1 28 12 2 20 44 29 44
33 2 1 128 10 104 3 2 98 7 102 26 112 3 3 160 12 155 28 149 3 4 53 5 57 16 50 2 5 137 22 171 3 4 59 5 47 16 47 2 18 69 20 90 2 6 8 26 8 2 9 59 13 52 3 8 83 13 70 27 94 2 19 102 21 77 3 7 48 21 48 22 46 2 8 4 10 4 3 16 24 24 23 30 26 2 25 166 26 160 2 9 52 13 51 2 9 121 13 134 3 8 87 13 81 27 100 2 5 54 10 55 2 11 111 26 164 3 7 72 12 93 30 72 2 14 11 30 10 3 2 133 5 125 15 119 2 1 8 16 6 3 8 85 17 70 21 68 2 19 9 25 8 2 22 132 24 101 2 14 37 20 40 2 17 46 23 39 3 1 67 24 65 26 71 2 24 182 26 162 1 28 12 2 20 44 29 44
33 2 1 128 10 104 3 2 98 7 102 26 112 3 3 160 12 155 28 149 3 4 53 5 57 16 50 2 5 137 22 171 3 4 59 5 47 16 47 2 18 69 20 90 2 6 8 26 8 2 9 59 13 52 3 8 83 13 70 27 94 2 19 102 21 77 3 7 48 21 48 22 46 2 8 4 10 4 3 16 24 24 23 30 26 2 25 166 26 160 2 9 52 13 51 2 9 121 13 134 3 8 87 13 81 27 100 2 5 54 10 55 2 11 111 26 164 3 7 72 12 93 30 72 2 14 11 30 10 3 2 133 5 125 15 119 2 1 8 16 6 3 8 85 17 70 21 68 2 19 9 25 8 2 22 132 24 101 2 14 37 20 40 2 17 46 23 39 3 1 67 24 65 26 71 2 24 182 26 162 1 28 12 2 20 44 29 44
38 2 17 50 23 51 3 4 58 5 52 16 56 2 20 48 29 47 2 1 98 10 126 3 2 129 7 107 26 109 3 4 58 5 59 16 43 3 8 71 13 78 27 96 2 20 53 29 58 3 3 149 12 145 28 135 2 5 141 22 126 3 8 90 13 69 27 93 2 6 8 26 7 3 7 40 21 50 22 45 2 8 4 10 4 2 9 122 13 155 2 5 49 10 55 1 28 12 3 4 44 5 56 16 45 3 7 86 12 80 30 100 3 1 85 24 56 26 78 2 1 5 16 6 2 11 119 26 138 2 9 56 13 46 2 14 10 30 11 2 6 9 26 8 2 24 187 26 218 2 8 3 10 3 3 2 113 5 138 15 141 3 8 76 17 88 21 90 2 25 186 26 163 3 2 97 7 99 26 99 2 22 93 24 95 2 18 87 20 87 2 19 10 25 10 2 14 43 20 42 3 1 67 24 62 26 78 2 19 100 21 92 3 16 27 24 23 30 19
32 2 1 103 10 112 2 17 42 23 49 3 7 38 21 43 22 38 3 2 110 7 130 26 125 3 3 131 12 116 28 114 2 14 48 20 46 3 4 58 5 42 16 53 2 22 100 24 94 2 5 145 22 138 2 1 100 10 127 2 6 9 26 7 2 8 3 10 3 2 9 137 13 117 2 5 44 10 55 3 1 60 24 58 26 62 2 11 114 26 161 3 7 75 12 99 30 81 2 24 220 26 197 2 9 46 13 46 2 14 11 30 8 3 2 153 5 112 15 130 3 8 96 17 71 21 87 2 20 58 29 57 2 24 189 26 167 2 1 8 16 6 2 18 87 20 94 2 19 10 25 8 2 19 72 21 95 2 25 172 26 186 3 8 79 13 83 27 89 3 16 22 24 22 30 21 1 28 14
32 2 1 103 10 112 2 17 42 23 49 3 7 38 21 43 22 38 3 2 110 7 130 26 125 3 3 131 12 116 28 114 2 14 48 20 46 3 4 58 5 42 16 53 2 22 100 24 94 2 5 145 22 138 2 1 100 10 127 2 6 9 26 7 2 8 3 10 3 2 9 137 13 117 2 5 44 10 55 3 1 60 24 58 26 62 2 11 114 26 161 3 7 75 12 99 30 81 2 24 220 26 197 2 9 46 13 46 2 14 11 30 8 3 2 153 5 112 15 130 3 8 96 17 71 21 87 2 20 58 29 57 2 24 189 26 167 2 1 8 16 6 2 18 87 20 94 2 19 10 25 8 2 19 72 21 95 2 25 172 26 186 3 8 79 13 83 27 89 3 16 22 24 22 30 21 1 28 14
32 2 1 103 10 112 2 17 42 23 49 3 7 38 21 43 22 38 3 2 110 7 130 26 125 3 3 131 12 116 28 114 2 14 48 20 46 3 4 58 5 42 16 53 2 22 100 24 94 2 5 145 22 138 2 1 100 10 127 2 6 9 26 7 2 8 3 10 3 2 9 137 13 117 2 5 44 10 55 3 1 60 24 58 26 62 2 11 114 26 161 3 7 75 12 99 30 81 2 24 220 26 197 2 9 46 13 46 2 14 11 30 8 3 2 153 5 112 15 130 3 8 96 17 71 21 87 2 20 58 29 57 2 24 189 26 167 2 1 8 16 6 2 18 87 20 94 2 19 10 25 8 2 19 72 21 95 2 25 172 26 186 3 8 79 13 83 27 89 3 16 22 24 22 30 21 1 28 14
32 2 1 103 10 112 2 17 42 23 49 3 7 38 21 43 22 38 3 2 110 7 130 26 125 3 3 131 12 116 28 114 2 14 48 20 46 3 4 58 5 42 16 53 2 22 100 24 94 2 5 145 22 138 2 1 100 10 127 2 6 9 26 7 2 8 3 10 3 2 9 137 13 117 2 5 44 10 55 3 1 60 24 58 26 62 2 11 114 26 161 3 7 75 12 99 30 81 2 24 220 26 197 2 9 46 13 46 2 14 11 30 8 3 2 153 5 112 15 130 3 8 96 17 71 21 87 2 20 58 29 57 2 24 189 26 167 2 1 8 16 6 2 18 87 20 94 2 19 10 25 8 2 19 72 21 95 2 25 172 26 186 3 8 79 13 83 27 89 3 16 22 24 22 30 21 1 28 14
37 2 1 116 10 124 2 19 97 21 81 3 2 102 7 108 26 118 3 3 150 12 133 28 126 3 4 53 5 43 16 57 2 5 152 22 127 2 6 8 26 8 2 18 95 20 89 1 28 12 3 3 121 12 143 28 147 2 20 55 29 53 3 7 50 21 38 22 49 2 8 4 10 4 2 9 157 13 139 2 25 140 26 176 3 8 76 13 95 27 77 1 28 10 2 5 46 10 61 2 8 3 10 3 3 1 63 24 58 26 72 2 8 4 10 3 2 11 116 26 130 3 7 70 12 86 30 89 3 3 135 12 118 28 123 2 9 45 13 49 2 14 11 30 11 2 19 8 25 11 3 2 125 5 104 15 143 2 1 7 16 5 3 8 77 17 96 21 88 2 9 58 13 51 2 14 50 20 46 3 8 78 13 79 27 87 2 24 167 26 208 2 22 97 24 124 2 17 46 23 48 3 16 19 24 18 30 19
38 2 17 37 23 41 3 4 55 5 46 16 56 2 20 42 29 46 2 1 134 10 104 3 2 104 7 99 26 111 3 4 51 5 44 16 45 3 8 71 13 85 27 81 2 20 55 29 42 3 3 146 12 147 28 124 2 5 172 22 123 3 8 79 13 76 27 96 2 6 7 26 10 3 7 45 21 35 22 42 2 8 3 10 4 2 9 149 13 123 2 5 49 10 55 1 28 14 3 4 50 5 47 16 53 3 7 69 12 70 30 94 3 1 69 24 60 26 71 2 1 6 16 6 2 11 159 26 128 2 9 48 13 58 2 14 8 30 11 2 6 8 26 8 2 24 214 26 158 2 8 3 10 3 3 2 106 5 131 15 123 3 8 71 17 66 21 84 2 25 159 26 161 3 2 116 7 94 26 126 2 22 98 24 116 2 18 92 20 71 2 19 11 25 10 2 14 49 20 42 3 1 72 24 79 26 71 2 19 94 21 91 3 16 21 24 27 30 20
38 2 17 37 23 41 3 4 55 5 46 16 56 2 20 42 29 46 2 1 134 10 104 3 2 104 7 99 26 111 3 4 51 5 44 16 45 3 8 71 13 85 27 81 2 20 55 29 42 3 3 146 12 147 28 124 2 5 172 22 123 3 8 79 13 76 27 96 2 6 7 26 10 3 7 45 21 35 22 42 2 8 3 10 4 2 9 149 13 123 2 5 49 10 55 1 28 14 3 4 50 5 47 16 53 3 7 69 12 70 30 94 3 1 69 24 60 26 71 2 1 6 16 6 2 11 159 26 128 2 9 48 13 58 2 14 8 30 11 2 6 8 26 8 2 24 214 26 158 2 8 3 10 3 3 2 106 5 131 15 123 3 8 71 17 66 21 84 2 25 159 26 161 3 2 116 7 94 26 126 2 22 98 24 116 2 18 92 20 71 2 19 11 25 10 2 14 49 20 42 3 1 72 24 79 26 71 2 19 94 21 91 3 16 21 24 27 30 20
37 3 7 42 21 41 22 44 2 1 6 16 8 2 5 148 22 120 2 1 130 10 110 3 3 147 12 140 28 136 2 1 124 10 125 3 2 110 7 126 26 95 3 4 42 5 46 16 48 2 6 9 26 8 2 17 40 23 47 3 7 80 12 95 30 83 2 14 37 20 40 2 20 43 29 57 2 6 8 26 8 1 28 12 2 8 3 10 4 2 5 151 22 121 2 5 60 10 58 2 9 121 13 141 2 1 6 16 6 2 14 10 30 9 2 11 143 26 111 2 9 63 13 45 3 2 152 5 136 15 122 2 19 11 25 9 3 8 95 17 74 21 89 2 17 50 23 44 2 18 94 20 72 2 17 41 23 36 2 19 71 21 75 2 24 205 26 187 2 22 127 24 133 2 14 50 20 40 3 1 65 24 66 26 70 2 25 163 26 142 3 8 100 13 69 27 83 3 16 26 24 25 30 26
37 3 7 42 21 41 22 44 2 1 6 16 8 2 5 148 22 120 2 1 130 10 110 3 3 147 12 140 28 136 2 1 124 10 125 3 2 110 7 126 26 95 3 4 42 5 46 16 48 2 6 9 26 8 2 17 40 23 47 3 7 80 12 95 30 83 2 14 37 20 40 2 20 43 29 57 2 6 8 26 8 1 28 12 2 8 3 10 4 2 5 151 22 121 2 5 60 10 58 2 9 121 13 141 2 1 6 16 6 2 14 10 30 9 2 11 143 26 111 2 9 63 13 45 3 2 152 5 136 15 122 2 19 11 25 9 3 8 95 17 74 21 89 2 17 50 23 44 2 18 94 20 72 2 17 41 23 36 2 19 71 21 75 2 24 205 26 187 2 22 127 24 133 2 14 50 20 40 3 1 65 24 66 26 70 2 25 163 26 142 3 8 100 13 69 27 83 3 16 26 24 25 30 26
37 3 7 42 21 41 22 44 2 1 6 16 8 2 5 148 22 120 2 1 130 10 110 3 3 147 12 140 28 136 2 1 124 10 125 3 2 110 7 126 26 95 3 4 42 5 46 16 48 2 6 9 26 8 2 17 40 23 47 3 7 80 12 95 30 83 2 14 37 20 40 2 20 43 29 57 2 6 8 26 8 1 28 12 2 8 3 10 4 2 5 151 22 121 2 5 60 10 58 2 9 121 13 141 2 1 6 16 6 2 14 10 30 9 2 11 143 26 111 2 9 63 13 45 3 2 152 5 136 15 122 2 19 11 25 9 3 8 95 17 74 21 89 2 17 50 23 44 2 18 94 20 72 2 17 41 23 36 2 19 71 21 75 2 24 205 26 187 2 22 127 24 133 2 14 50 20 40 3 1 65 24 66 26 70 2 25 163 26 142 3 8 100 13 69 27 83 3 16 26 24 25 30 26
37 3 7 100 12 86 30 70 2 9 136 13 115 2 1 121 10 94 2 24 214 26 183 3 7 99 12 74 30 82 2 5 125 22 140 3 2 105 7 96 26 109 3 1 57 24 65 26 64 3 3 124 12 134 28 137 3 2 101 7 119 26 110 2 14 10 30 10 3 8 72 13 69 27 75 2 11 128 26 141 3 4 56 5 40 16 56 2 5 142 22 124 2 6 7 26 7 3 7 35 21 34 22 37 2 8 3 10 3 3 7 89 12 90 30 92 3 2 114 5 146 15 107 2 14 9 30 8 2 5 54 10 55 2 9 47 13 55 2 1 7 16 8 2 24 163 26 212 3 8 65 17 87 21 80 2 19 11 25 11 2 14 44 20 35 2 18 80 20 72 3 16 23 24 19 30 21 2 14 38 20 36 2 19 84 21 102 2 22 122 24 128 2 17 52 23 46 2 25 154 26 163 1 28 10 2 20 43 29 55
37 3 7 100 12 86 30 70 2 9 136 13 115 2 1 121 10 94 2 24 214 26 183 3 7 99 12 74 30 82 2 5 125 22 140 3 2 105 7 96 26 109 3 1 57 24 65 26 64 3 3 124 12 134 28 137 3 2 101 7 119 26 110 2 14 10 30 10 3 8 72 13 69 27 75 2 11 128 26 141 3 4 56 5 40 16 56 2 5 142 22 124 2 6 7 26 7 3 7 35 21 34 22 37 2 8 3 10 3 3 7 89 12 90 30 92 3 2 114 5 146 15 107 2 14 9 30 8 2 5 54 10 55 2 9 47 13 55 2 1 7 16 8 2 24 163 26 212 3 8 65 17 87 21 80 2 19 11 25 11 2 14 44 20 35 2 18 80 20 72 3 16 23 24 19 30 21 2 14 38 20 36 2 19 84 21 102 2 22 122 24 128 2 17 52 23 46 2 25 154 26 163 1 28 10 2 20 43 29 55
31 3 4 58 5 45 16 50 2 5 47 10 46 2 9 45 13 44 2 6 8 26 10 2 1 106 10 118 3 2 129 7 105 26 87 3 3 161 12 137 28 156 2 11 135 26 160 2 14 50 20 34 2 5 134 22 121 3 7 42 21 44 22 36 2 8 4 10 3 2 9 138 13 135 2 5 156 22 153 3 7 86 12 80 30 86 2 14 11 30 9 3 2 133 5 154 15 120 2 18 74 20 72 2 1 6 16 6 3 8 75 17 87 21 97 2 19 9 25 10 2 19 101 21 73 3 8 71 13 89 27 83 1 28 13 2 22 108 24 103 2 17 38 23 38 3 1 62 24 77 26 71 2 25 174 26 171 2 24 148 26 209 3 16 25 24 27 30 23 2 20 61 29 60
34 2 1 107 10 119 3 3 136 12 132 28 162 3 2 138 5 122 15 130 2 19 76 21 90 2 17 47 23 35 3 2 100 7 106 26 93 2 14 8 30 11 3 4 53 5 55 16 43 2 5 137 22 167 2 14 9 30 11 2 24 219 26 182 2 6 10 26 10 3 7 38 21 41 22 37 2 5 148 22 136 2 8 3 10 4 2 9 141 13 138 2 18 66 20 83 3 2 117 7 115 26 130 2 5 58 10 51 2 11 158 26 159 2 9 47 13 55 3 3 113 12 160 28 124 3 7 85 12 76 30 102 2 1 8 16 6 2 25 181 26 143 3 8 85 17 72 21 88 1 28 14 2 19 9 25 8 2 22 116 24 102 2 14 43 20 39 3 1 71 24 57 26 76 3 8 91 13 77 27 96 2 20 51 29 57 3 16 21 24 26 30 18
38 2 1 112 10 119 3 2 111 7 113 26 87 3 3 135 12 118 28 119 2 20 56 29 61 2 22 134 24 95 3 4 52 5 51 16 58 2 5 146 22 163 2 6 8 26 10 2 5 152 22 127 2 19 93 21 91 2 24 149 26 170 2 5 160 22 168 3 16 21 24 24 30 21 3 7 41 21 36 22 47 2 8 3 10 3 2 9 145 13 166 2 5 58 10 66 2 11 129 26 115 3 7 92 12 74 30 72 3 2 115 5 155 15 140 2 19 9 25 11 3 7 76 12 98 30 101 2 9 42 13 45 3 7 37 21 50 22 40 2 14 11 30 11 2 1 6 16 6 3 7 80 12 79 30 87 2 17 51 23 36 2 19 8 25 11 3 8 66 17 77 21 94 2 8 4 10 3 3 1 78 24 77 26 79 2 5 159 22 130 2 18 67 20 94 2 14 37 20 50 2 25 149 26 178 1 28 11 3 8 71 13 98 27 69
34 2 1 124 10 122 3 3 115 12 115 28 119 3 2 141 5 155 15 150 2 19 73 21 94 2 17 38 23 52 3 2 106 7 113 26 118 2 14 10 30 9 3 4 42 5 55 16 48 2 5 171 22 174 2 14 9 30 8 2 24 188 26 181 2 6 9 26 9 3 7 46 21 39 22 43 2 5 136 22 130 2 8 3 10 4 2 9 124 13 148 2 18 65 20 94 3 2 101 7 93 26 101 2 5 65 10 61 2 11 109 26 152 2 9 58 13 43 3 3 125 12 115 28 133 3 7 77 12 102 30 75 2 1 6 16 6 2 25 179 26 175 3 8 78 17 75 21 76 1 28 12 2 19 8 25 8 2 22 109 24 105 2 14 43 20 34 3 1 74 24 77 26 84 3 8 84 13 94 27 83 2 20 53 29 60 3 16 19 24 19 30 19
31 3 4 45 5 51 16 48 2 5 54 10 52 2 9 60 13 47 2 6 10 26 10 2 1 131 10 113 3 2 91 7 123 26 103 3 3 163 12 141 28 110 2 11 129 26 142 2 14 50 20 41 2 5 122 22 156 3 7 35 21 33 22 35 2 8 3 10 4 2 9 134 13 153 2 5 176 22 176 3 7 84 12 89 30 78 2 14 10 30 8 3 2 106 5 136 15 147 2 18 72 20 76 2 1 6 16 8 3 8 79 17 81 21 66 2 19 9 25 8 2 19 95 21 70 3 8 71 13 93 27 100 1 28 14 2 22 106 24 92 2 17 42 23 51 3 1 67 24 85 26 84 2 25 153 26 182 2 24 158 26 200 3 16 21 24 26 30 20 2 20 58 29 51
34 2 1 98 10 95 3 3 113 12 122 28 124 3 2 122 5 135 15 155 2 19 74 21 104 2 17 52 23 48 3 2 99 7 107 26 102 2 14 9 30 11 3 4 46 5 44 16 49 2 5 172 22 139 2 14 9 30 8 2 24 148 26 157 2 6 7 26 9 3 7 49 21 46 22 41 2 5 120 22 149 2 8 3 10 4 2 9 146 13 167 2 18 94 20 82 3 2 96 7 109 26 91 2 5 45 10 54 2 11 140 26 153 2 9 59 13 43 3 3 145 12 113 28 129 3 7 81 12 73 30 93 2 1 5 16 6 2 25 207 26 173 3 8 76 17 72 21 92 1 28 13 2 19 11 25 8 2 22 132 24 107 2 14 45 20 47 3 1 82 24 68 26 63 3 8 74 13 80 27 68 2 20 44 29 48 3 16 24 24 20 30 21
34 2 1 98 10 95 3 3 113 12 122 28 124 3 2 122 5 135 15 155 2 19 74 21 104 2 17 52 23 48 3 2 99 7 107 26 102 2 14 9 30 11 3 4 46 5 44 16 49 2 5 172 22 139 2 14 9 30 8 2 24 148 26 157 2 6 7 26 9 3 7 49 21 46 22 41 2 5 120 22 149 2 8 3 10 4 2 9 146 13 167 2 18 94 20 82 3 2 96 7 109 26 91 2 5 45 10 54 2 11 140 26 153 2 9 59 13 43 3 3 145 12 113 28 129 3 7 81 12 73 30 93 2 1 5 16 6 2 25 207 26 173 3 8 76 17 72 21 92 1 28 13 2 19 11 25 8 2 22 132 24 107 2 14 45 20 47 3 1 82 24 68 26 63 3 8 74 13 80 27 68 2 20 44 29 48 3 16 24 24 20 30 21
37 2 1 92 10 111 2 19 90 21 94 3 2 106 7 120 26 112 3 3 121 12 119 28 147 3 4 59 5 56 16 47 2 5 168 22 171 2 6 8 26 8 2 18 77 20 70 1 28 14 3 3 155 12 142 28 147 2 20 60 29 47 3 7 49 21 37 22 37 2 8 4 10 4 2 9 168 13 148 2 25 169 26 163 3 8 99 13 84 27 73 1 28 11 2 5 52 10 54 2 8 3 10 3 3 1 62 24 64 26 60 2 8 4 10 3 2 11 160 26 152 3 7 73 12 82 30 86 3 3 112 12 157 28 123 2 9 59 13 59 2 14 11 30 11 2 19 11 25 8 3 2 151 5 104 15 108 2 1 6 16 7 3 8 84 17 70 21 78 2 9 54 13 56 2 14 45 20 38 3 8 84 13 100 27 68 2 24 212 26 176 2 22 108 24 126 2 17 51 23 37 3 16 23 24 21 30 23
37 2 1 92 10 111 2 19 90 21 94 3 2 106 7 120 26 112 3 3 121 12 119 28 147 3 4 59 5 56 16 47 2 5 168 22 171 2 6 8 26 8 2 18 77 20 70 1 28 14 3 3 155 12 142 28 147 2 20 60 29 47 3 7 49 21 37 22 37 2 8 4 10 4 2 9 168 13 148 2 25 169 26 163 3 8 99 13 84 27 73 1 28 11 2 5 52 10 54 2 8 3 10 3 3 1 62 24 64 26 60 2 8 4 10 3 2 11 160 26 152 3 7 73 12 82 30 86 3 3 112 12 157 28 123 2 9 59 13 59 2 14 11 30 11 2 19 11 25 8 3 2 151 5 104 15 108 2 1 6 16 7 3 8 84 17 70 21 78 2 9 54 13 56 2 14 45 20 38 3 8 84 13 100 27 68 2 24 212 26 176 2 22 108 24 126 2 17 51 23 37 3 16 23 24 21 30 23
37 2 1 92 10 111 2 19 90 21 94 3 2 106 7 120 26 112 3 3 121 12 119 28 147 3 4 59 5 56 16 47 2 5 168 22 171 2 6 8 26 8 2 18 77 20 70 1 28 14 3 3 155 12 142 28 147 2 20 60 29 47 3 7 49 21 37 22 37 2 8 4 10 4 2 9 168 13 148 2 25 169 26 163 3 8 99 13 84 27 73 1 28 11 2 5 52 10 54 2 8 3 10 3 3 1 62 24 64 26 60 2 8 4 10 3 2 11 160 26 152 3 7 73 12 82 30 86 3 3 112 12 157 28 123 2 9 59 13 59 2 14 11 30 11 2 19 11 25 8 3 2 151 5 104 15 108 2 1 6 16 7 3 8 84 17 70 21 78 2 9 54 13 56 2 14 45 20 38 3 8 84 13 100 27 68 2 24 212 26 176 2 22 108 24 126 2 17 51 23 37 3 16 23 24 21 30 23
37 2 1 92 10 111 2 19 90 21 94 3 2 106 7 120 26 112 3 3 121 12 119 28 147 3 4 59 5 56 16 47 2 5 168 22 171 2 6 8 26 8 2 18 77 20 70 1 28 14 3 3 155 12 142 28 147 2 20 60 29 47 3 7 49 21 37 22 37 2 8 4 10 4 2 9 168 13 148 2 25 169 26 163 3 8 99 13 84 27 73 1 28 11 2 5 52 10 54 2 8 3 10 3 3 1 62 24 64 26 60 2 8 4 10 3 2 11 160 26 152 3 7 73 12 82 30 86 3 3 112 12 157 28 123 2 9 59 13 59 2 14 11 30 11 2 19 11 25 8 3 2 151 5 104 15 108 2 1 6 16 7 3 8 84 17 70 21 78 2 9 54 13 56 2 14 45 20 38 3 8 84 13 100 27 68 2 24 212 26 176 2 22 108 24 126 2 17 51 23 37 3 16 23 24 21 30 23
33 2 1 116 10 125 3 2 110 7 91 26 127 3 3 149 12 127 28 162 3 4 41 5 46 16 53 2 5 131 22 128 3 4 43 5 50 16 46 2 18 72 20 66 2 6 8 26 7 2 9 56 13 53 3 8 91 13 88 27 99 2 19 99 21 71 3 7 47 21 35 22 34 2 8 4 10 4 3 16 19 24 21 30 20 2 25 160 26 157 2 9 43 13 44 2 9 130 13 132 3 8 94 13 76 27 70 2 5 51 10 57 2 11 128 26 127 3 7 95 12 98 30 97 2 14 9 30 11 3 2 125 5 128 15 119 2 1 5 16 6 3 8 72 17 66 21 67 2 19 10 25 11 2 22 114 24 108 2 14 34 20 34 2 17 36 23 39 3 1 75 24 70 26 78 2 24 187 26 218 1 28 10 2 20 58 29 55
33 2 1 130 10 104 3 2 96 7 103 26 122 3 3 138 12 112 28 122 3 4 54 5 45 16 57 2 5 147 22 160 3 4 49 5 41 16 51 2 18 82 20 94 2 6 8 26 8 2 9 62 13 59 3 8 78 13 74 27 77 2 19 84 21 89 3 7 49 21 49 22 49 2 8 4 10 4 3 16 19 24 20 30 21 2 25 140 26 154 2 9 52 13 59 2 9 168 13 158 3 8 75 13 69 27 79 2 5 49 10 47 2 11 149 26 162 3 7 93 12 91 30 90 2 14 8 30 10 3 2 123 5 127 15 152 2 1 6 16 7 3 8 81 17 81 21 72 2 19 9 25 9 2 22 120 24 112 2 14 42 20 38 2 17 50 23 40 3 1 82 24 82 26 60 2 24 178 26 177 1 28 11 2 20 44 29 62
38 2 17 46 23 47 3 4 49 5 57 16 49 2 20 53 29 58 2 1 124 10 122 3 2 93 7 121 26 109 3 4 40 5 51 16 45 3 8 85 13 84 27 100 2 20 58 29 49 3 3 148 12 128 28 121 2 5 129 22 121 3 8 82 13 68 27 83 2 6 10 26 8 3 7 43 21 40 22 48 2 8 4 10 4 2 9 158 13 169 2 5 49 10 51 1 28 11 3 4 48 5 41 16 53 3 7 72 12 89 30 98 3 1 66 24 69 26 77 2 1 5 16 6 2 11 150 26 142 2 9 56 13 59 2 14 10 30 8 2 6 10 26 8 2 24 153 26 204 2 8 3 10 3 3 2 113 5 151 15 142 3 8 90 17 91 21 77 2 25 140 26 181 3 2 108 7 105 26 123 2 22 103 24 112 2 18 85 20 68 2 19 9 25 10 2 14 41 20 48 3 1 75 24 67 26 79 2 19 75 21 102 3 16 23 24 20 30 20
36 1 28 14 2 1 118 10 124 3 2 117 7 126 26 117 3 3 126 12 121 28 143 1 28 14 3 4 57 5 43 16 45 2 24 169 26 202 3 4 54 5 46 16 53 2 5 158 22 176 2 6 8 26 10 2 14 45 20 50 3 2 117 5 137 15 137 3 7 46 21 40 22 46 2 8 3 10 4 2 1 92 10 107 2 9 166 13 152 2 9 60 13 50 2 5 49 10 64 3 16 25 24 22 30 20 2 22 119 24 99 2 11 159 26 126 3 16 24 24 20 30 21 2 18 78 20 90 2 14 9 30 11 2 20 61 29 44 2 5 65 10 60 3 7 83 12 94 30 78 2 1 6 16 5 2 19 8 25 10 2 25 143 26 142 2 17 46 23 45 2 19 93 21 70 3 8 75 17 77 21 86 2 14 40 20 48 3 8 89 13 77 27 71 3 1 68 24 60 26 63
33 2 1 124 10 107 3 2 124 7 112 26 113 3 3 152 12 148 28 131 3 4 54 5 55 16 45 2 5 166 22 123 3 4 59 5 43 16 53 2 18 85 20 91 2 6 8 26 7 2 9 47 13 60 3 8 91 13 79 27 75 2 19 85 21 71 3 7 37 21 50 22 39 2 8 4 10 3 3 16 26 24 22 30 27 2 25 197 26 195 2 9 59 13 49 2 9 134 13 118 3 8 70 13 97 27 83 2 5 52 10 45 2 11 135 26 146 3 7 76 12 95 30 96 2 14 10 30 8 3 2 122 5 106 15 127 2 1 7 16 5 3 8 85 17 68 21 72 2 19 11 25 10 2 22 127 24 109 2 14 37 20 40 2 17 51 23 40 3 1 69 24 72 26 83 2 24 191 26 216 1 28 12 2 20 53 29 63
38 2 1 101 10 98 3 2 105 7 126 26 117 3 3 120 12 139 28 131 2 20 62 29 63 2 22 91 24 117 3 4 47 5 54 16 40 2 5 170 22 134 2 6 7 26 8 2 5 147 22 138 2 19 77 21 94 2 24 211 26 203 2 5 166 22 143 3 16 23 24 21 30 21 3 7 47 21 33 22 36 2 8 4 10 3 2 9 141 13 141 2 5 50 10 56 2 11 161 26 147 3 7 76 12 96 30 83 3 2 108 5 133 15 120 2 19 11 25 8 3 7 87 12 94 30 76 2 9 43 13 47 3 7 39 21 42 22 44 2 14 11 30 10 2 1 5 16 6 3 7 102 12 77 30 101 2 17 39 23 42 2 19 9 25 10 3 8 92 17 83 21 72 2 8 4 10 4 3 1 79 24 64 26 71 2 5 174 22 171 2 18 73 20 75 2 14 50 20 48 2 25 172 26 164 1 28 13 3 8 71 13 96 27 81
36 1 28 13 2 1 97 10 125 3 2 88 7 115 26 100 3 3 162 12 139 28 123 1 28 14 3 4 44 5 59 16 56 2 24 172 26 210 3 4 48 5 58 16 43 2 5 145 22 135 2 6 8 26 7 2 14 43 20 39 3 2 125 5 115 15 141 3 7 42 21 36 22 40 2 8 3 10 4 2 1 113 10 97 2 9 146 13 142 2 9 59 13 42 2 5 61 10 53 3 16 26 24 27 30 25 2 22 91 24 117 2 11 143 26 140 3 16 19 24 25 30 24 2 18 83 20 84 2 14 8 30 8 2 20 56 29 47 2 5 63 10 57 3 7 88 12 77 30 72 2 1 7 16 7 2 19 9 25 11 2 25 164 26 192 2 17 47 23 36 2 19 72 21 100 3 8 78 17 71 21 81 2 14 37 20 37 3 8 80 13 93 27 85 3 1 83 24 70 26 72
38 2 17 50 23 38 3 4 44 5 45 16 54 2 20 56 29 61 2 1 135 10 96 3 2 124 7 127 26 108 3 4 58 5 55 16 44 3 8 68 13 82 27 88 2 20 52 29 51 3 3 134 12 151 28 129 2 5 134 22 160 3 8 93 13 71 27 70 2 6 9 26 10 3 7 34 21 36 22 42 2 8 3 10 4 2 9 127 13 136 2 5 59 10 52 1 28 11 3 4 42 5 57 16 52 3 7 71 12 100 30 74 3 1 57 24 83 26 62 2 1 8 16 6 2 11 123 26 153 2 9 57 13 46 2 14 8 30 11 2 6 10 26 10 2 24 195 26 164 2 8 3 10 3 3 2 140 5 142 15 132 3 8 75 17 77 21 80 2 25 154 26 182 3 2 120 7 108 26 113 2 22 130 24 123 2 18 75 20 73 2 19 10 25 8 2 14 42 20 34 3 1 65 24 72 26 70 2 19 84 21 101 3 16 26 24 26 30 18
DUE_DATES: 4174 3986 3986 3986 3986 3724 3724 3612 3398 3527 3527 3527 3451 3451 3249 3249 3249 3249 3613 3400 3400 3400 3400 3565 3535 3535 3549 3549 3549 3793 3793 3201 3588 3896 3551 3224 3504 3504 3656 3656 3656 3656 3196 3297 3610 3448 3333 3964 3404 3597
WEIGHTS: 2 2 1 3 3 1 3 3 1 1 2 3 1 1 3 3 1 1 3 1 1 1 3 2 2 3 3 1 1 1 2 1 2 1 1 1 3 2 2 1 2 1 3 1 3 1 1 1 1 1
