50 30
39 1 1 158 2 2 78 11 72 2 19 76 25 54 2 4 90 28 116 1 1 169 2 3 136 30 135 3 5 22 7 19 22 17 3 6 10 12 12 26 12 2 2 75 11 73 3 3 206 8 231 24 215 3 2 95 7 120 11 104 3 8 21 10 27 20 28 2 12 49 13 64 3 9 150 19 119 22 136 3 1 44 15 51 16 56 3 3 101 9 101 10 77 2 19 69 25 79 2 11 60 23 59 2 3 154 30 133 2 14 62 23 55 3 15 93 24 108 28 113 2 18 25 26 23 3 24 30 27 30 28 43 2 12 46 29 59 3 3 167 8 217 24 213 2 14 46 19 44 2 18 26 26 23 4 13 141 18 165 20 158 30 142 3 15 193 18 204 30 206 2 5 203 17 199 2 13 132 19 141 2 11 48 23 60 2 9 53 20 47 2 5 176 17 213 2 12 152 22 166 3 5 181 21 138 29 138 3 6 192 13 209 27 203 2 12 192 22 196 2 26 187 29 200
38 3 5 178 21 200 29 160 1 1 196 3 5 154 21 156 29 167 2 2 66 11 78 2 3 127 30 135 1 1 210 2 4 129 28 117 3 5 19 7 18 22 23 3 24 32 27 32 28 39 3 6 10 12 10 26 10 3 2 96 7 119 11 96 3 8 22 10 24 20 24 2 13 155 19 153 2 2 88 11 77 2 12 67 13 63 2 2 86 11 95 2 11 55 23 61 3 6 196 13 205 27 193 2 14 61 23 49 2 3 137 30 158 3 9 144 19 107 22 141 3 3 85 9 96 10 84 2 9 52 20 43 2 12 50 29 59 2 12 52 13 69 2 14 37 19 35 3 15 115 24 110 28 95 2 14 53 23 54 3 1 45 15 46 16 52 2 5 223 17 166 2 18 19 26 26 2 14 48 19 34 3 15 215 18 191 30 173 2 12 191 22 165 4 13 181 18 190 20 168 30 168 2 26 171 29 169 3 3 195 8 185 24 171 2 19 77 25 59
38 3 5 178 21 200 29 160 1 1 196 3 5 154 21 156 29 167 2 2 66 11 78 2 3 127 30 135 1 1 210 2 4 129 28 117 3 5 19 7 18 22 23 3 24 32 27 32 28 39 3 6 10 12 10 26 10 3 2 96 7 119 11 96 3 8 22 10 24 20 24 2 13 155 19 153 2 2 88 11 77 2 12 67 13 63 2 2 86 11 95 2 11 55 23 61 3 6 196 13 205 27 193 2 14 61 23 49 2 3 137 30 158 3 9 144 19 107 22 141 3 3 85 9 96 10 84 2 9 52 20 43 2 12 50 29 59 2 12 52 13 69 2 14 37 19 35 3 15 115 24 110 28 95 2 14 53 23 54 3 1 45 15 46 16 52 2 5 223 17 166 2 18 19 26 26 2 14 48 19 34 3 15 215 18 191 30 173 2 12 191 22 165 4 13 181 18 190 20 168 30 168 2 26 171 29 169 3 3 195 8 185 24 171 2 19 77 25 59
36 1 1 157 2 2 81 11 82 2 3 115 30 146 1 1 151 2 4 133 28 124 2 3 154 30 134 3 5 23 7 17 22 19 2 4 101 28 132 2 14 42 19 46 2 13 128 19 115 3 6 12 12 9 26 9 2 14 46 23 56 3 2 84 7 93 11 104 3 8 25 10 20 20 27 3 6 176 13 198 27 185 3 9 119 19 118 22 110 2 12 185 22 169 3 2 109 7 88 11 113 3 3 93 9 74 10 95 2 11 46 23 46 2 18 21 26 18 2 26 168 29 165 3 5 133 21 170 29 151 2 12 52 29 63 2 9 44 20 53 2 14 57 23 41 2 5 168 17 227 2 12 49 13 59 3 1 53 15 51 16 43 3 15 84 24 94 28 85 2 12 72 13 60 3 15 193 18 173 30 221 3 3 220 8 205 24 170 2 19 69 25 67 3 24 29 27 37 28 29 4 13 150 18 141 20 157 30 130
36 1 1 157 2 2 81 11 82 2 3 115 30 146 1 1 151 2 4 133 28 124 2 3 154 30 134 3 5 23 7 17 22 19 2 4 101 28 132 2 14 42 19 46 2 13 128 19 115 3 6 12 12 9 26 9 2 14 46 23 56 3 2 84 7 93 11 104 3 8 25 10 20 20 27 3 6 176 13 198 27 185 3 9 119 19 118 22 110 2 12 185 22 169 3 2 109 7 88 11 113 3 3 93 9 74 10 95 2 11 46 23 46 2 18 21 26 18 2 26 168 29 165 3 5 133 21 170 29 151 2 12 52 29 63 2 9 44 20 53 2 14 57 23 41 2 5 168 17 227 2 12 49 13 59 3 1 53 15 51 16 43 3 15 84 24 94 28 85 2 12 72 13 60 3 15 193 18 173 30 221 3 3 220 8 205 24 170 2 19 69 25 67 3 24 29 27 37 28 29 4 13 150 18 141 20 157 30 130
36 1 1 157 2 2 81 11 82 2 3 115 30 146 1 1 151 2 4 133 28 124 2 3 154 30 134 3 5 23 7 17 22 19 2 4 101 28 132 2 14 42 19 46 2 13 128 19 115 3 6 12 12 9 26 9 2 14 46 23 56 3 2 84 7 93 11 104 3 8 25 10 20 20 27 3 6 176 13 198 27 185 3 9 119 19 118 22 110 2 12 185 22 169 3 2 109 7 88 11 113 3 3 93 9 74 10 95 2 11 46 23 46 2 18 21 26 18 2 26 168 29 165 3 5 133 21 170 29 151 2 12 52 29 63 2 9 44 20 53 2 14 57 23 41 2 5 168 17 227 2 12 49 13 59 3 1 53 15 51 16 43 3 15 84 24 94 28 85 2 12 72 13 60 3 15 193 18 173 30 221 3 3 220 8 205 24 170 2 19 69 25 67 3 24 29 27 37 28 29 4 13 150 18 141 20 157 30 130
34 1 1 186 2 12 64 29 64 2 2 75 11 66 3 3 179 8 173 24 191 2 2 75 11 91 2 3 153 30 118 2 4 94 28 113 2 11 48 23 64 3 5 22 7 16 22 23 3 6 9 12 12 26 11 3 2 91 7 114 11 82 3 8 24 10 30 20 28 3 6 196 13 201 27 179 2 18 24 26 18 2 19 66 25 72 3 9 135 19 130 22 118 3 3 80 9 77 10 97 2 12 52 13 50 2 19 62 25 61 2 14 40 19 42 2 14 49 23 57 3 15 115 24 106 28 97 1 1 209 3 1 54 15 55 16 63 2 5 230 17 228 3 15 156 18 153 30 174 2 13 114 19 155 2 9 45 20 53 3 5 170 21 159 29 199 2 12 138 22 165 3 24 28 27 31 28 29 2 18 22 26 27 2 26 217 29 234 4 13 165 18 171 20 177 30 145
34 1 1 186 2 12 64 29 64 2 2 75 11 66 3 3 179 8 173 24 191 2 2 75 11 91 2 3 153 30 118 2 4 94 28 113 2 11 48 23 64 3 5 22 7 16 22 23 3 6 9 12 12 26 11 3 2 91 7 114 11 82 3 8 24 10 30 20 28 3 6 196 13 201 27 179 2 18 24 26 18 2 19 66 25 72 3 9 135 19 130 22 118 3 3 80 9 77 10 97 2 12 52 13 50 2 19 62 25 61 2 14 40 19 42 2 14 49 23 57 3 15 115 24 106 28 97 1 1 209 3 1 54 15 55 16 63 2 5 230 17 228 3 15 156 18 153 30 174 2 13 114 19 155 2 9 45 20 53 3 5 170 21 159 29 199 2 12 138 22 165 3 24 28 27 31 28 29 2 18 22 26 27 2 26 217 29 234 4 13 165 18 171 20 177 30 145
34 1 1 186 2 12 64 29 64 2 2 75 11 66 3 3 179 8 173 24 191 2 2 75 11 91 2 3 153 30 118 2 4 94 28 113 2 11 48 23 64 3 5 22 7 16 22 23 3 6 9 12 12 26 11 3 2 91 7 114 11 82 3 8 24 10 30 20 28 3 6 196 13 201 27 179 2 18 24 26 18 2 19 66 25 72 3 9 135 19 130 22 118 3 3 80 9 77 10 97 2 12 52 13 50 2 19 62 25 61 2 14 40 19 42 2 14 49 23 57 3 15 115 24 106 28 97 1 1 209 3 1 54 15 55 16 63 2 5 230 17 228 3 15 156 18 153 30 174 2 13 114 19 155 2 9 45 20 53 3 5 170 21 159 29 199 2 12 138 22 165 3 24 28 27 31 28 29 2 18 22 26 27 2 26 217 29 234 4 13 165 18 171 20 177 30 145
34 1 1 186 2 12 64 29 64 2 2 75 11 66 3 3 179 8 173 24 191 2 2 75 11 91 2 3 153 30 118 2 4 94 28 113 2 11 48 23 64 3 5 22 7 16 22 23 3 6 9 12 12 26 11 3 2 91 7 114 11 82 3 8 24 10 30 20 28 3 6 196 13 201 27 179 2 18 24 26 18 2 19 66 25 72 3 9 135 19 130 22 118 3 3 80 9 77 10 97 2 12 52 13 50 2 19 62 25 61 2 14 40 19 42 2 14 49 23 57 3 15 115 24 106 28 97 1 1 209 3 1 54 15 55 16 63 2 5 230 17 228 3 15 156 18 153 30 174 2 13 114 19 155 2 9 45 20 53 3 5 170 21 159 29 199 2 12 138 22 165 3 24 28 27 31 28 29 2 18 22 26 27 2 26 217 29 234 4 13 165 18 171 20 177 30 145
34 1 1 195 2 2 78 11 72 2 3 158 30 166 2 4 124 28 131 3 5 20 7 18 22 22 3 2 86 7 89 11 99 3 3 227 8 223 24 178 3 6 10 12 10 26 9 3 8 26 10 22 20 21 3 9 113 19 126 22 115 2 14 43 19 48 3 6 173 13 159 27 177 3 3 104 9 78 10 89 3 8 26 10 27 20 23 2 11 58 23 63 2 12 43 29 47 2 12 51 13 73 3 15 92 24 86 28 99 3 1 55 15 49 16 62 3 6 9 12 10 26 11 2 5 174 17 184 2 13 154 19 121 3 15 182 18 154 30 222 2 18 25 26 26 2 9 37 20 37 3 9 151 19 152 22 116 3 5 196 21 188 29 166 2 12 197 22 174 2 9 51 20 44 2 19 64 25 75 2 14 42 23 47 3 24 39 27 29 28 39 2 26 168 29 231 4 13 134 18 162 20 147 30 140
34 1 1 195 2 2 78 11 72 2 3 158 30 166 2 4 124 28 131 3 5 20 7 18 22 22 3 2 86 7 89 11 99 3 3 227 8 223 24 178 3 6 10 12 10 26 9 3 8 26 10 22 20 21 3 9 113 19 126 22 115 2 14 43 19 48 3 6 173 13 159 27 177 3 3 104 9 78 10 89 3 8 26 10 27 20 23 2 11 58 23 63 2 12 43 29 47 2 12 51 13 73 3 15 92 24 86 28 99 3 1 55 15 49 16 62 3 6 9 12 10 26 11 2 5 174 17 184 2 13 154 19 121 3 15 182 18 154 30 222 2 18 25 26 26 2 9 37 20 37 3 9 151 19 152 22 116 3 5 196 21 188 29 166 2 12 197 22 174 2 9 51 20 44 2 19 64 25 75 2 14 42 23 47 3 24 39 27 29 28 39 2 26 168 29 231 4 13 134 18 162 20 147 30 140
38 3 5 160 21 191 29 179 1 1 188 3 5 159 21 149 29 146 2 2 88 11 69 2 3 161 30 136 1 1 207 2 4 101 28 117 3 5 22 7 20 22 22 3 24 29 27 34 28 32 3 6 11 12 11 26 12 3 2 112 7 120 11 104 3 8 30 10 28 20 23 2 13 150 19 106 2 2 89 11 93 2 12 59 13 70 2 2 91 11 97 2 11 63 23 59 3 6 157 13 230 27 177 2 14 59 23 48 2 3 133 30 147 3 9 145 19 156 22 145 3 3 86 9 91 10 94 2 9 46 20 45 2 12 44 29 55 2 12 71 13 68 2 14 50 19 39 3 15 121 24 107 28 119 2 14 57 23 50 3 1 43 15 57 16 55 2 5 228 17 163 2 18 20 26 21 2 14 47 19 48 3 15 153 18 217 30 160 2 12 141 22 184 4 13 169 18 152 20 148 30 155 2 26 201 29 168 3 3 213 8 174 24 211 2 19 68 25 64
34 2 13 143 19 113 1 1 177 2 2 96 11 77 2 3 147 30 128 2 4 120 28 99 2 2 75 11 79 3 5 22 7 16 22 23 3 6 9 12 8 26 12 2 4 125 28 97 3 2 99 7 120 11 105 3 8 26 10 26 20 28 3 9 128 19 126 22 156 2 12 51 29 48 3 3 83 9 93 10 86 2 11 61 23 61 2 12 67 13 64 3 1 51 15 47 16 49 3 3 101 9 75 10 102 3 24 32 27 42 28 34 2 5 195 17 215 2 14 39 19 41 3 15 99 24 114 28 112 3 15 151 18 159 30 204 2 9 48 20 41 3 5 181 21 153 29 141 2 5 217 17 162 4 13 161 18 156 20 150 30 160 3 6 195 13 231 27 160 2 19 68 25 74 2 18 26 26 26 2 12 140 22 156 3 3 225 8 198 24 206 2 14 49 23 49 2 26 227 29 228
34 2 13 143 19 113 1 1 177 2 2 96 11 77 2 3 147 30 128 2 4 120 28 99 2 2 75 11 79 3 5 22 7 16 22 23 3 6 9 12 8 26 12 2 4 125 28 97 3 2 99 7 120 11 105 3 8 26 10 26 20 28 3 9 128 19 126 22 156 2 12 51 29 48 3 3 83 9 93 10 86 2 11 61 23 61 2 12 67 13 64 3 1 51 15 47 16 49 3 3 101 9 75 10 102 3 24 32 27 42 28 34 2 5 195 17 215 2 14 39 19 41 3 15 99 24 114 28 112 3 15 151 18 159 30 204 2 9 48 20 41 3 5 181 21 153 29 141 2 5 217 17 162 4 13 161 18 156 20 150 30 160 3 6 195 13 231 27 160 2 19 68 25 74 2 18 26 26 26 2 12 140 22 156 3 3 225 8 198 24 206 2 14 49 23 49 2 26 227 29 228
35 2 13 125 19 122 1 1 195 3 5 134 21 137 29 175 2 13 107 19 116 2 2 97 11 84 2 5 197 17 219 2 14 53 23 58 2 12 54 29 55 2 3 144 30 113 2 4 95 28 104 3 5 20 7 16 22 23 2 3 158 30 118 4 13 147 18 145 20 193 30 171 3 6 9 12 9 26 10 3 2 107 7 104 11 115 2 18 21 26 24 3 8 27 10 21 20 27 3 9 157 19 125 22 154 3 3 99 9 88 10 79 2 11 53 23 47 2 3 118 30 129 2 12 52 13 60 3 2 109 7 99 11 120 2 14 47 19 33 3 9 121 19 127 22 112 3 24 37 27 37 28 38 2 26 219 29 195 3 3 222 8 199 24 209 3 15 120 24 116 28 117 3 6 178 13 232 27 168 3 1 57 15 45 16 44 3 15 181 18 190 30 220 2 9 39 20 39 2 12 181 22 205 2 19 68 25 71
39 1 1 195 3 6 174 13 218 27 164 2 2 81 11 89 2 3 145 30 117 2 4 101 28 135 3 6 229 13 186 27 219 3 5 22 7 18 22 21 3 6 12 12 11 26 11 3 2 100 7 82 11 90 3 8 22 10 29 20 21 3 6 10 12 13 26 11 2 14 59 23 49 3 9 121 19 145 22 155 2 2 69 11 90 3 3 99 9 102 10 97 2 4 100 28 100 3 15 91 24 98 28 97 2 12 51 13 66 2 12 143 22 171 2 9 39 20 49 2 14 42 19 36 2 12 45 29 53 2 4 91 28 133 3 24 36 27 30 28 37 3 6 9 12 10 26 10 2 11 54 23 44 3 1 50 15 43 16 44 3 6 9 12 11 26 9 2 5 178 17 224 3 15 211 18 182 30 183 2 19 73 25 65 4 13 158 18 140 20 160 30 135 2 13 145 19 125 2 14 51 23 49 3 5 183 21 156 29 140 2 2 74 11 82 3 3 233 8 182 24 195 2 18 27 26 27 2 26 202 29 232
34 1 1 197 2 2 84 11 72 2 3 120 30 134 2 4 93 28 110 3 5 23 7 22 22 20 3 2 106 7 83 11 104 3 3 183 8 205 24 202 3 6 9 12 9 26 10 3 8 25 10 25 20 28 3 9 156 19 159 22 139 2 14 38 19 47 3 6 177 13 192 27 193 3 3 79 9 93 10 73 3 8 23 10 27 20 26 2 11 52 23 48 2 12 61 29 62 2 12 56 13 61 3 15 108 24 120 28 102 3 1 45 15 61 16 49 3 6 9 12 12 26 11 2 5 225 17 202 2 13 148 19 146 3 15 202 18 178 30 171 2 18 22 26 24 2 9 46 20 53 3 9 111 19 114 22 143 3 5 146 21 168 29 138 2 12 172 22 161 2 9 42 20 48 2 19 69 25 54 2 14 44 23 53 3 24 29 27 41 28 32 2 26 170 29 189 4 13 169 18 133 20 142 30 192
34 1 1 197 2 2 84 11 72 2 3 120 30 134 2 4 93 28 110 3 5 23 7 22 22 20 3 2 106 7 83 11 104 3 3 183 8 205 24 202 3 6 9 12 9 26 10 3 8 25 10 25 20 28 3 9 156 19 159 22 139 2 14 38 19 47 3 6 177 13 192 27 193 3 3 79 9 93 10 73 3 8 23 10 27 20 26 2 11 52 23 48 2 12 61 29 62 2 12 56 13 61 3 15 108 24 120 28 102 3 1 45 15 61 16 49 3 6 9 12 12 26 11 2 5 225 17 202 2 13 148 19 146 3 15 202 18 178 30 171 2 18 22 26 24 2 9 46 20 53 3 9 111 19 114 22 143 3 5 146 21 168 29 138 2 12 172 22 161 2 9 42 20 48 2 19 69 25 54 2 14 44 23 53 3 24 29 27 41 28 32 2 26 170 29 189 4 13 169 18 133 20 142 30 192
39 1 1 205 2 2 90 11 72 1 1 177 2 3 159 30 152 2 4 129 28 133 3 5 17 7 20 22 17 2 4 105 28 128 3 6 9 12 10 26 11 3 2 111 7 89 11 83 3 8 25 10 29 20 24 3 9 124 19 136 22 141 3 3 93 9 82 10 87 3 15 113 24 106 28 106 3 2 97 7 101 11 119 2 13 112 19 142 2 18 26 26 20 3 5 23 7 18 22 22 3 3 221 8 179 24 177 3 9 134 19 156 22 132 2 11 63 23 43 1 1 207 3 1 60 15 61 16 57 2 4 129 28 103 2 12 57 29 58 2 12 58 13 52 2 14 37 19 46 2 14 47 23 47 3 1 48 15 45 16 49 2 5 175 17 159 3 15 159 18 207 30 191 2 19 76 25 56 1 1 174 3 6 226 13 196 27 177 2 9 53 20 48 4 13 180 18 180 20 153 30 168 3 5 193 21 188 29 189 2 12 183 22 185 2 26 203 29 189 3 24 31 27 31 28 41
39 1 1 205 2 2 90 11 72 1 1 177 2 3 159 30 152 2 4 129 28 133 3 5 17 7 20 22 17 2 4 105 28 128 3 6 9 12 10 26 11 3 2 111 7 89 11 83 3 8 25 10 29 20 24 3 9 124 19 136 22 141 3 3 93 9 82 10 87 3 15 113 24 106 28 106 3 2 97 7 101 11 119 2 13 112 19 142 2 18 26 26 20 3 5 23 7 18 22 22 3 3 221 8 179 24 177 3 9 134 19 156 22 132 2 11 63 23 43 1 1 207 3 1 60 15 61 16 57 2 4 129 28 103 2 12 57 29 58 2 12 58 13 52 2 14 37 19 46 2 14 47 23 47 3 1 48 15 45 16 49 2 5 175 17 159 3 15 159 18 207 30 191 2 19 76 25 56 1 1 174 3 6 226 13 196 27 177 2 9 53 20 48 4 13 180 18 180 20 153 30 168 3 5 193 21 188 29 189 2 12 183 22 185 2 26 203 29 189 3 24 31 27 31 28 41
39 1 1 195 2 2 75 11 70 2 19 57 25 78 2 4 102 28 92 1 1 169 2 3 167 30 140 3 5 23 7 16 22 18 3 6 11 12 10 26 11 2 2 92 11 83 3 3 187 8 221 24 160 3 2 101 7 101 11 109 3 8 29 10 26 20 20 2 12 51 13 62 3 9 108 19 121 22 117 3 1 46 15 50 16 49 3 3 106 9 104 10 107 2 19 66 25 54 2 11 58 23 53 2 3 113 30 115 2 14 46 23 54 3 15 110 24 104 28 87 2 18 23 26 18 3 24 36 27 39 28 41 2 12 55 29 47 3 3 161 8 216 24 204 2 14 33 19 38 2 18 20 26 23 4 13 140 18 151 20 190 30 130 3 15 192 18 163 30 199 2 5 167 17 194 2 13 128 19 113 2 11 44 23 49 2 9 36 20 51 2 5 232 17 218 2 12 203 22 151 3 5 149 21 140 29 197 3 6 208 13 230 27 219 2 12 202 22 162 2 26 199 29 189
34 2 13 145 19 108 1 1 198 2 2 71 11 77 2 3 135 30 160 2 4 130 28 100 2 2 85 11 72 3 5 20 7 16 22 22 3 6 10 12 9 26 10 2 4 119 28 120 3 2 99 7 85 11 85 3 8 25 10 21 20 22 3 9 141 19 148 22 131 2 12 54 29 45 3 3 106 9 80 10 76 2 11 43 23 46 2 12 65 13 57 3 1 58 15 42 16 53 3 3 77 9 73 10 105 3 24 35 27 41 28 33 2 5 221 17 231 2 14 50 19 43 3 15 104 24 86 28 106 3 15 157 18 208 30 169 2 9 53 20 37 3 5 188 21 134 29 164 2 5 194 17 202 4 13 139 18 129 20 153 30 145 3 6 199 13 167 27 219 2 19 78 25 76 2 18 21 26 24 2 12 178 22 189 3 3 172 8 224 24 184 2 14 51 23 61 2 26 167 29 204
34 1 1 204 2 5 189 17 187 1 1 203 3 24 38 27 31 28 38 2 2 83 11 96 3 24 39 27 37 28 32 2 19 54 25 72 2 3 158 30 153 3 8 26 10 30 20 21 2 12 186 22 202 2 4 111 28 131 3 5 23 7 16 22 16 3 6 9 12 9 26 9 3 9 138 19 158 22 131 3 2 94 7 94 11 114 3 3 78 9 96 10 100 2 11 53 23 58 2 3 155 30 157 2 12 62 29 59 3 6 227 13 197 27 227 2 12 56 13 71 4 13 170 18 165 20 185 30 175 2 18 20 26 24 2 14 49 19 42 3 15 103 24 101 28 109 3 8 27 10 23 20 30 2 14 58 23 55 3 1 50 15 45 16 43 3 15 219 18 224 30 167 2 9 44 20 47 2 13 133 19 111 2 26 157 29 177 3 5 139 21 168 29 145 3 3 197 8 234 24 207
34 1 1 204 2 5 189 17 187 1 1 203 3 24 38 27 31 28 38 2 2 83 11 96 3 24 39 27 37 28 32 2 19 54 25 72 2 3 158 30 153 3 8 26 10 30 20 21 2 12 186 22 202 2 4 111 28 131 3 5 23 7 16 22 16 3 6 9 12 9 26 9 3 9 138 19 158 22 131 3 2 94 7 94 11 114 3 3 78 9 96 10 100 2 11 53 23 58 2 3 155 30 157 2 12 62 29 59 3 6 227 13 197 27 227 2 12 56 13 71 4 13 170 18 165 20 185 30 175 2 18 20 26 24 2 14 49 19 42 3 15 103 24 101 28 109 3 8 27 10 23 20 30 2 14 58 23 55 3 1 50 15 45 16 43 3 15 219 18 224 30 167 2 9 44 20 47 2 13 133 19 111 2 26 157 29 177 3 5 139 21 168 29 145 3 3 197 8 234 24 207
34 1 1 204 2 5 189 17 187 1 1 203 3 24 38 27 31 28 38 2 2 83 11 96 3 24 39 27 37 28 32 2 19 54 25 72 2 3 158 30 153 3 8 26 10 30 20 21 2 12 186 22 202 2 4 111 28 131 3 5 23 7 16 22 16 3 6 9 12 9 26 9 3 9 138 19 158 22 131 3 2 94 7 94 11 114 3 3 78 9 96 10 100 2 11 53 23 58 2 3 155 30 157 2 12 62 29 59 3 6 227 13 197 27 227 2 12 56 13 71 4 13 170 18 165 20 185 30 175 2 18 20 26 24 2 14 49 19 42 3 15 103 24 101 28 109 3 8 27 10 23 20 30 2 14 58 23 55 3 1 50 15 45 16 43 3 15 219 18 224 30 167 2 9 44 20 47 2 13 133 19 111 2 26 157 29 177 3 5 139 21 168 29 145 3 3 197 8 234 24 207
35 1 1 180 4 13 173 18 167 20 179 30 160 2 2 82 11 91 2 3 127 30 126 3 5 170 21 137 29 198 3 1 55 15 51 16 47 2 4 96 28 101 3 5 21 7 16 22 16 2 2 66 11 82 3 6 12 12 12 26 9 3 2 121 7 110 11 117 2 14 48 19 44 3 8 30 10 24 20 24 3 9 159 19 154 22 134 3 3 102 9 74 10 79 2 5 174 17 213 1 1 197 2 13 141 19 146 2 11 59 23 56 3 15 87 24 83 28 94 2 12 62 29 46 2 12 55 13 64 3 6 215 13 162 27 176 3 1 59 15 60 16 52 3 15 211 18 198 30 195 3 15 87 24 106 28 98 2 9 49 20 36 2 12 171 22 145 2 14 43 23 51 2 12 61 13 50 3 3 191 8 215 24 183 2 19 72 25 75 2 26 230 29 204 2 18 25 26 22 3 24 37 27 28 28 35
38 3 5 146 21 144 29 184 1 1 158 3 5 156 21 139 29 175 2 2 82 11 69 2 3 166 30 156 1 1 152 2 4 124 28 114 3 5 18 7 21 22 18 3 24 34 27 39 28 40 3 6 12 12 10 26 11 3 2 85 7 86 11 108 3 8 30 10 26 20 24 2 13 127 19 117 2 2 91 11 79 2 12 62 13 64 2 2 88 11 86 2 11 57 23 50 3 6 168 13 184 27 231 2 14 46 23 57 2 3 118 30 143 3 9 127 19 134 22 126 3 3 95 9 75 10 80 2 9 53 20 44 2 12 50 29 47 2 12 69 13 71 2 14 44 19 49 3 15 84 24 92 28 99 2 14 58 23 55 3 1 61 15 60 16 53 2 5 177 17 224 2 18 19 26 23 2 14 46 19 47 3 15 224 18 170 30 221 2 12 186 22 195 4 13 139 18 164 20 169 30 156 2 26 166 29 193 3 3 224 8 206 24 195 2 19 62 25 68
38 3 5 146 21 144 29 184 1 1 158 3 5 156 21 139 29 175 2 2 82 11 69 2 3 166 30 156 1 1 152 2 4 124 28 114 3 5 18 7 21 22 18 3 24 34 27 39 28 40 3 6 12 12 10 26 11 3 2 85 7 86 11 108 3 8 30 10 26 20 24 2 13 127 19 117 2 2 91 11 79 2 12 62 13 64 2 2 88 11 86 2 11 57 23 50 3 6 168 13 184 27 231 2 14 46 23 57 2 3 118 30 143 3 9 127 19 134 22 126 3 3 95 9 75 10 80 2 9 53 20 44 2 12 50 29 47 2 12 69 13 71 2 14 44 19 49 3 15 84 24 92 28 99 2 14 58 23 55 3 1 61 15 60 16 53 2 5 177 17 224 2 18 19 26 23 2 14 46 19 47 3 15 224 18 170 30 221 2 12 186 22 195 4 13 139 18 164 20 169 30 156 2 26 166 29 193 3 3 224 8 206 24 195 2 19 62 25 68
38 3 5 146 21 144 29 184 1 1 158 3 5 156 21 139 29 175 2 2 82 11 69 2 3 166 30 156 1 1 152 2 4 124 28 114 3 5 18 7 21 22 18 3 24 34 27 39 28 40 3 6 12 12 10 26 11 3 2 85 7 86 11 108 3 8 30 10 26 20 24 2 13 127 19 117 2 2 91 11 79 2 12 62 13 64 2 2 88 11 86 2 11 57 23 50 3 6 168 13 184 27 231 2 14 46 23 57 2 3 118 30 143 3 9 127 19 134 22 126 3 3 95 9 75 10 80 2 9 53 20 44 2 12 50 29 47 2 12 69 13 71 2 14 44 19 49 3 15 84 24 92 28 99 2 14 58 23 55 3 1 61 15 60 16 53 2 5 177 17 224 2 18 19 26 23 2 14 46 19 47 3 15 224 18 170 30 221 2 12 186 22 195 4 13 139 18 164 20 169 30 156 2 26 166 29 193 3 3 224 8 206 24 195 2 19 62 25 68
40 2 5 212 17 230 2 12 57 13 64 2 5 184 17 160 2 3 136 30 130 2 12 49 13 54 1 1 145 2 5 222 17 197 2 2 91 11 84 2 3 122 30 119 2 4 112 28 104 3 3 95 9 84 10 82 2 14 58 23 61 3 5 17 7 20 22 21 2 13 134 19 147 3 9 157 19 151 22 155 3 6 11 12 10 26 12 3 2 112 7 91 11 103 3 8 26 10 22 20 21 2 11 59 23 48 2 12 59 29 44 2 14 43 19 37 3 15 99 24 95 28 116 3 1 61 15 48 16 44 3 9 125 19 157 22 134 3 15 168 18 190 30 221 2 9 40 20 50 2 26 186 29 164 3 5 193 21 189 29 191 2 12 55 29 57 2 12 167 22 143 3 15 180 18 192 30 211 3 3 229 8 201 24 182 2 12 49 29 52 2 19 56 25 76 3 3 100 9 76 10 74 3 24 30 27 39 28 32 3 8 29 10 26 20 26 2 18 21 26 25 3 6 210 13 228 27 170 4 13 135 18 147 20 193 30 149
35 2 12 57 13 68 1 1 185 2 12 49 13 54 2 2 96 11 96 2 3 164 30 132 2 4 95 28 119 2 3 140 30 138 3 5 23 7 17 22 21 3 6 9 12 12 26 11 1 1 171 3 1 55 15 51 16 52 3 2 101 7 81 11 105 3 8 21 10 21 20 30 3 9 154 19 113 22 131 3 1 57 15 49 16 58 3 3 78 9 75 10 106 2 12 196 22 163 3 3 165 8 206 24 157 3 15 92 24 105 28 105 3 9 133 19 140 22 115 2 11 58 23 44 2 12 45 29 64 2 14 43 19 36 2 5 227 17 223 3 15 222 18 194 30 202 2 14 53 23 62 2 13 142 19 129 3 6 187 13 167 27 175 2 9 42 20 42 3 5 148 21 151 29 135 2 19 61 25 65 2 18 26 26 25 3 24 33 27 39 28 31 2 26 195 29 202 4 13 186 18 150 20 158 30 183
35 2 13 121 19 115 1 1 213 3 5 168 21 170 29 155 2 13 107 19 123 2 2 95 11 80 2 5 188 17 190 2 14 48 23 46 2 12 63 29 61 2 3 148 30 122 2 4 90 28 91 3 5 17 7 23 22 18 2 3 167 30 148 4 13 151 18 181 20 168 30 151 3 6 12 12 10 26 9 3 2 92 7 89 11 105 2 18 19 26 22 3 8 21 10 26 20 20 3 9 152 19 108 22 149 3 3 78 9 104 10 95 2 11 62 23 62 2 3 141 30 133 2 12 61 13 63 3 2 106 7 118 11 103 2 14 41 19 47 3 9 149 19 107 22 106 3 24 39 27 34 28 37 2 26 218 29 169 3 3 169 8 226 24 168 3 15 86 24 99 28 85 3 6 219 13 158 27 166 3 1 63 15 55 16 59 3 15 172 18 225 30 222 2 9 39 20 45 2 12 187 22 158 2 19 76 25 67
41 1 1 188 2 2 75 11 89 2 3 145 30 164 3 5 181 21 167 29 180 2 4 131 28 122 1 1 202 3 5 23 7 17 22 23 3 6 12 12 11 26 12 3 2 88 7 86 11 118 1 1 186 3 8 23 10 30 20 30 2 2 92 11 97 3 9 113 19 152 22 152 2 9 45 20 47 3 5 19 7 16 22 19 2 13 151 19 155 3 3 78 9 105 10 105 2 11 48 23 53 2 12 55 29 52 3 24 41 27 33 28 29 2 12 58 13 53 3 1 47 15 45 16 52 2 14 37 19 50 2 2 77 11 89 2 14 56 23 51 2 4 93 28 132 3 15 108 24 104 28 107 2 5 191 17 210 2 2 88 11 68 2 18 20 26 24 2 5 226 17 223 3 15 206 18 192 30 203 3 5 17 7 16 22 18 2 19 67 25 69 2 12 145 22 189 2 12 51 29 53 3 3 177 8 176 24 194 3 6 215 13 157 27 214 2 11 58 23 45 2 26 168 29 177 4 13 160 18 168 20 157 30 132
41 1 1 188 2 2 75 11 89 2 3 145 30 164 3 5 181 21 167 29 180 2 4 131 28 122 1 1 202 3 5 23 7 17 22 23 3 6 12 12 11 26 12 3 2 88 7 86 11 118 1 1 186 3 8 23 10 30 20 30 2 2 92 11 97 3 9 113 19 152 22 152 2 9 45 20 47 3 5 19 7 16 22 19 2 13 151 19 155 3 3 78 9 105 10 105 2 11 48 23 53 2 12 55 29 52 3 24 41 27 33 28 29 2 12 58 13 53 3 1 47 15 45 16 52 2 14 37 19 50 2 2 77 11 89 2 14 56 23 51 2 4 93 28 132 3 15 108 24 104 28 107 2 5 191 17 210 2 2 88 11 68 2 18 20 26 24 2 5 226 17 223 3 15 206 18 192 30 203 3 5 17 7 16 22 18 2 19 67 25 69 2 12 145 22 189 2 12 51 29 53 3 3 177 8 176 24 194 3 6 215 13 157 27 214 2 11 58 23 45 2 26 168 29 177 4 13 160 18 168 20 157 30 132
40 2 5 179 17 158 2 12 65 13 61 2 5 203 17 175 2 3 135 30 147 2 12 58 13 64 1 1 169 2 5 209 17 193 2 2 71 11 87 2 3 166 30 137 2 4 114 28 97 3 3 86 9 92 10 101 2 14 46 23 58 3 5 20 7 18 22 19 2 13 113 19 121 3 9 119 19 155 22 128 3 6 8 12 12 26 9 3 2 100 7 96 11 104 3 8 27 10 28 20 27 2 11 61 23 48 2 12 61 29 63 2 14 44 19 50 3 15 121 24 105 28 96 3 1 45 15 55 16 45 3 9 120 19 135 22 144 3 15 182 18 215 30 194 2 9 50 20 37 2 26 186 29 218 3 5 195 21 178 29 157 2 12 56 29 61 2 12 139 22 145 3 15 172 18 180 30 165 3 3 210 8 231 24 234 2 12 45 29 51 2 19 70 25 75 3 3 76 9 101 10 79 3 24 38 27 36 28 33 3 8 26 10 23 20 24 2 18 25 26 19 3 6 191 13 161 27 234 4 13 160 18 193 20 191 30 145
40 2 5 179 17 158 2 12 65 13 61 2 5 203 17 175 2 3 135 30 147 2 12 58 13 64 1 1 169 2 5 209 17 193 2 2 71 11 87 2 3 166 30 137 2 4 114 28 97 3 3 86 9 92 10 101 2 14 46 23 58 3 5 20 7 18 22 19 2 13 113 19 121 3 9 119 19 155 22 128 3 6 8 12 12 26 9 3 2 100 7 96 11 104 3 8 27 10 28 20 27 2 11 61 23 48 2 12 61 29 63 2 14 44 19 50 3 15 121 24 105 28 96 3 1 45 15 55 16 45 3 9 120 19 135 22 144 3 15 182 18 215 30 194 2 9 50 20 37 2 26 186 29 218 3 5 195 21 178 29 157 2 12 56 29 61 2 12 139 22 145 3 15 172 18 180 30 165 3 3 210 8 231 24 234 2 12 45 29 51 2 19 70 25 75 3 3 76 9 101 10 79 3 24 38 27 36 28 33 3 8 26 10 23 20 24 2 18 25 26 19 3 6 191 13 161 27 234 4 13 160 18 193 20 191 30 145
40 2 5 179 17 158 2 12 65 13 61 2 5 203 17 175 2 3 135 30 147 2 12 58 13 64 1 1 169 2 5 209 17 193 2 2 71 11 87 2 3 166 30 137 2 4 114 28 97 3 3 86 9 92 10 101 2 14 46 23 58 3 5 20 7 18 22 19 2 13 113 19 121 3 9 119 19 155 22 128 3 6 8 12 12 26 9 3 2 100 7 96 11 104 3 8 27 10 28 20 27 2 11 61 23 48 2 12 61 29 63 2 14 44 19 50 3 15 121 24 105 28 96 3 1 45 15 55 16 45 3 9 120 19 135 22 144 3 15 182 18 215 30 194 2 9 50 20 37 2 26 186 29 218 3 5 195 21 178 29 157 2 12 56 29 61 2 12 139 22 145 3 15 172 18 180 30 165 3 3 210 8 231 24 234 2 12 45 29 51 2 19 70 25 75 3 3 76 9 101 10 79 3 24 38 27 36 28 33 3 8 26 10 23 20 24 2 18 25 26 19 3 6 191 13 161 27 234 4 13 160 18 193 20 191 30 145
40 2 5 179 17 158 2 12 65 13 61 2 5 203 17 175 2 3 135 30 147 2 12 58 13 64 1 1 169 2 5 209 17 193 2 2 71 11 87 2 3 166 30 137 2 4 114 28 97 3 3 86 9 92 10 101 2 14 46 23 58 3 5 20 7 18 22 19 2 13 113 19 121 3 9 119 19 155 22 128 3 6 8 12 12 26 9 3 2 100 7 96 11 104 3 8 27 10 28 20 27 2 11 61 23 48 2 12 61 29 63 2 14 44 19 50 3 15 121 24 105 28 96 3 1 45 15 55 16 45 3 9 120 19 135 22 144 3 15 182 18 215 30 194 2 9 50 20 37 2 26 186 29 218 3 5 195 21 178 29 157 2 12 56 29 61 2 12 139 22 145 3 15 172 18 180 30 165 3 3 210 8 231 24 234 2 12 45 29 51 2 19 70 25 75 3 3 76 9 101 10 79 3 24 38 27 36 28 33 3 8 26 10 23 20 24 2 18 25 26 19 3 6 191 13 161 27 234 4 13 160 18 193 20 191 30 145
36 1 1 167 2 2 77 11 81 2 3 118 30 135 1 1 212 2 4 93 28 106 2 3 132 30 141 3 5 18 7 16 22 17 2 4 91 28 120 2 14 35 19 36 2 13 138 19 129 3 6 11 12 12 26 9 2 14 49 23 43 3 2 117 7 92 11 100 3 8 24 10 22 20 26 3 6 215 13 202 27 227 3 9 129 19 109 22 116 2 12 163 22 156 3 2 101 7 85 11 87 3 3 108 9 101 10 79 2 11 62 23 54 2 18 20 26 22 2 26 183 29 187 3 5 169 21 167 29 188 2 12 63 29 55 2 9 49 20 50 2 14 58 23 55 2 5 161 17 181 2 12 64 13 69 3 1 46 15 56 16 61 3 15 105 24 97 28 103 2 12 50 13 70 3 15 187 18 203 30 169 3 3 169 8 217 24 216 2 19 68 25 59 3 24 37 27 36 28 36 4 13 147 18 153 20 182 30 184
36 1 1 167 2 2 77 11 81 2 3 118 30 135 1 1 212 2 4 93 28 106 2 3 132 30 141 3 5 18 7 16 22 17 2 4 91 28 120 2 14 35 19 36 2 13 138 19 129 3 6 11 12 12 26 9 2 14 49 23 43 3 2 117 7 92 11 100 3 8 24 10 22 20 26 3 6 215 13 202 27 227 3 9 129 19 109 22 116 2 12 163 22 156 3 2 101 7 85 11 87 3 3 108 9 101 10 79 2 11 62 23 54 2 18 20 26 22 2 26 183 29 187 3 5 169 21 167 29 188 2 12 63 29 55 2 9 49 20 50 2 14 58 23 55 2 5 161 17 181 2 12 64 13 69 3 1 46 15 56 16 61 3 15 105 24 97 28 103 2 12 50 13 70 3 15 187 18 203 30 169 3 3 169 8 217 24 216 2 19 68 25 59 3 24 37 27 36 28 36 4 13 147 18 153 20 182 30 184
35 1 1 197 4 13 193 18 188 20 187 30 177 2 2 71 11 90 2 3 116 30 144 3 5 186 21 137 29 188 3 1 49 15 52 16 60 2 4 131 28 90 3 5 18 7 21 22 19 2 2 83 11 66 3 6 10 12 8 26 11 3 2 91 7 112 11 120 2 14 41 19 48 3 8 23 10 27 20 21 3 9 137 19 152 22 127 3 3 106 9 97 10 88 2 5 223 17 226 1 1 167 2 13 155 19 133 2 11 58 23 58 3 15 100 24 95 28 110 2 12 56 29 53 2 12 50 13 61 3 6 193 13 168 27 161 3 1 48 15 45 16 45 3 15 186 18 206 30 207 3 15 95 24 124 28 116 2 9 42 20 50 2 12 199 22 168 2 14 44 23 60 2 12 63 13 62 3 3 191 8 220 24 199 2 19 76 25 77 2 26 191 29 193 2 18 24 26 20 3 24 32 27 33 28 29
36 2 12 66 13 64 1 1 173 2 12 54 13 55 2 2 96 11 81 2 11 62 23 49 3 6 9 12 10 26 10 2 3 118 30 156 3 5 20 7 22 22 19 2 9 46 20 45 2 11 62 23 49 2 18 25 26 23 2 9 47 20 41 2 4 104 28 97 3 2 90 7 104 11 97 3 5 165 21 162 29 167 2 12 170 22 195 3 8 29 10 28 20 25 2 14 50 23 44 3 9 127 19 107 22 147 2 4 111 28 117 3 3 75 9 86 10 85 2 12 64 29 45 2 14 49 19 36 3 15 96 24 83 28 90 3 6 169 13 164 27 230 3 1 52 15 46 16 56 3 9 122 19 110 22 117 2 5 195 17 233 3 15 170 18 168 30 220 2 13 113 19 146 3 3 191 8 184 24 187 2 19 57 25 62 3 24 36 27 32 28 37 3 5 149 21 138 29 192 4 13 171 18 190 20 175 30 137 2 26 174 29 192
34 2 2 68 11 94 1 1 184 2 3 155 30 150 3 1 50 15 50 16 46 3 5 16 7 19 22 16 2 12 54 13 50 3 15 100 24 115 28 94 2 4 134 28 112 2 12 60 13 56 2 11 57 23 52 3 6 12 12 11 26 10 3 2 118 7 89 11 115 2 3 125 30 155 3 8 28 10 21 20 29 3 9 154 19 159 22 148 3 3 80 9 98 10 78 2 14 46 23 54 3 15 164 18 199 30 185 2 12 46 29 56 3 24 33 27 33 28 38 3 3 228 8 177 24 185 1 1 178 2 13 120 19 156 2 14 38 19 37 2 5 181 17 197 2 9 42 20 53 3 24 42 27 37 28 29 3 5 196 21 169 29 189 2 12 153 22 164 2 26 218 29 197 2 19 66 25 67 2 18 20 26 22 4 13 162 18 179 20 143 30 189 3 6 163 13 178 27 184
34 1 1 214 2 14 52 23 47 2 2 69 11 81 1 1 145 2 3 127 30 142 1 1 179 2 4 119 28 111 3 5 22 7 19 22 23 3 6 9 12 9 26 10 2 14 38 19 46 3 9 158 19 146 22 146 3 6 11 12 9 26 9 3 3 220 8 170 24 217 3 2 113 7 102 11 88 3 8 26 10 24 20 25 3 3 107 9 99 10 91 2 11 50 23 63 2 12 49 29 47 2 12 137 22 154 3 15 151 18 156 30 165 2 12 54 13 56 3 15 121 24 95 28 107 2 14 52 23 52 3 1 58 15 53 16 60 2 5 184 17 173 2 13 136 19 115 2 9 43 20 46 3 5 184 21 153 29 163 2 19 78 25 63 2 18 24 26 22 3 24 33 27 29 28 35 3 6 215 13 212 27 202 2 26 174 29 159 4 13 158 18 164 20 179 30 140
34 1 1 214 2 14 52 23 47 2 2 69 11 81 1 1 145 2 3 127 30 142 1 1 179 2 4 119 28 111 3 5 22 7 19 22 23 3 6 9 12 9 26 10 2 14 38 19 46 3 9 158 19 146 22 146 3 6 11 12 9 26 9 3 3 220 8 170 24 217 3 2 113 7 102 11 88 3 8 26 10 24 20 25 3 3 107 9 99 10 91 2 11 50 23 63 2 12 49 29 47 2 12 137 22 154 3 15 151 18 156 30 165 2 12 54 13 56 3 15 121 24 95 28 107 2 14 52 23 52 3 1 58 15 53 16 60 2 5 184 17 173 2 13 136 19 115 2 9 43 20 46 3 5 184 21 153 29 163 2 19 78 25 63 2 18 24 26 22 3 24 33 27 29 28 35 3 6 215 13 212 27 202 2 26 174 29 159 4 13 158 18 164 20 179 30 140
39 1 1 159 3 6 231 13 164 27 231 2 2 77 11 77 2 3 165 30 116 2 4 134 28 115 3 6 184 13 189 27 234 3 5 21 7 16 22 18 3 6 11 12 11 26 11 3 2 94 7 118 11 106 3 8 27 10 27 20 29 3 6 12 12 13 26 10 2 14 45 23 55 3 9 133 19 128 22 151 2 2 67 11 81 3 3 73 9 89 10 92 2 4 113 28 94 3 15 91 24 96 28 84 2 12 62 13 54 2 12 141 22 167 2 9 42 20 43 2 14 41 19 45 2 12 52 29 63 2 4 127 28 106 3 24 42 27 31 28 37 3 6 12 12 10 26 12 2 11 52 23 46 3 1 63 15 56 16 50 3 6 8 12 10 26 12 2 5 225 17 197 3 15 210 18 209 30 211 2 19 77 25 65 4 13 161 18 131 20 174 30 167 2 13 147 19 114 2 14 53 23 54 3 5 153 21 166 29 187 2 2 91 11 88 3 3 176 8 159 24 213 2 18 25 26 23 2 26 186 29 162
41 1 1 181 2 2 95 11 79 2 3 161 30 118 3 5 155 21 158 29 155 2 4 94 28 99 1 1 196 3 5 18 7 23 22 16 3 6 9 12 10 26 11 3 2 81 7 105 11 117 1 1 198 3 8 29 10 30 20 22 2 2 71 11 94 3 9 135 19 129 22 145 2 9 36 20 40 3 5 21 7 17 22 22 2 13 133 19 150 3 3 76 9 76 10 102 2 11 43 23 47 2 12 53 29 63 3 24 39 27 33 28 37 2 12 65 13 69 3 1 51 15 43 16 58 2 14 34 19 42 2 2 68 11 85 2 14 49 23 49 2 4 129 28 103 3 15 106 24 116 28 99 2 5 180 17 221 2 2 86 11 75 2 18 23 26 25 2 5 172 17 190 3 15 157 18 155 30 202 3 5 23 7 17 22 21 2 19 76 25 68 2 12 204 22 156 2 12 63 29 61 3 3 175 8 163 24 209 3 6 167 13 234 27 171 2 11 51 23 51 2 26 228 29 182 4 13 181 18 131 20 184 30 157
35 1 1 179 4 13 142 18 151 20 151 30 192 2 2 98 11 90 2 3 133 30 164 3 5 135 21 137 29 172 3 1 43 15 45 16 58 2 4 97 28 98 3 5 20 7 21 22 21 2 2 87 11 67 3 6 10 12 11 26 12 3 2 107 7 94 11 102 2 14 39 19 49 3 8 23 10 26 20 22 3 9 121 19 139 22 110 3 3 94 9 94 10 97 2 5 160 17 205 1 1 211 2 13 143 19 135 2 11 64 23 58 3 15 100 24 124 28 110 2 12 45 29 59 2 12 58 13 60 3 6 186 13 182 27 233 3 1 62 15 43 16 62 3 15 180 18 180 30 192 3 15 84 24 84 28 122 2 9 51 20 40 2 12 144 22 188 2 14 59 23 52 2 12 55 13 51 3 3 231 8 211 24 201 2 19 71 25 66 2 26 209 29 227 2 18 19 26 22 3 24 31 27 31 28 39
36 1 1 156 2 2 88 11 91 2 3 149 30 127 1 1 192 2 4 108 28 96 3 5 19 7 21 22 22 3 6 10 12 12 26 10 2 4 135 28 128 3 2 108 7 104 11 118 2 3 142 30 132 3 8 28 10 23 20 30 2 26 184 29 211 2 14 50 23 51 3 9 113 19 124 22 142 2 18 21 26 22 3 3 82 9 102 10 91 2 11 61 23 56 2 12 56 29 56 3 1 48 15 43 16 54 2 12 72 13 63 2 19 67 25 63 2 14 39 19 49 2 12 146 22 200 3 6 222 13 226 27 228 3 15 113 24 103 28 93 2 5 188 17 180 2 3 154 30 122 3 15 198 18 204 30 156 2 13 136 19 147 2 26 190 29 158 2 9 48 20 37 3 5 167 21 186 29 197 3 24 30 27 31 28 29 3 3 216 8 207 24 223 3 8 29 10 26 20 26 4 13 170 18 187 20 167 30 146
DUE_DATES: 6835 6449 6449 5812 5812 5812 5614 5614 5614 5614 5372 5372 6440 5805 5805 6095 6083 5318 5318 6920 6920 6740 5796 5864 5864 5864 5830 6278 6278 6278 6829 5929 6039 6905 6905 6840 6840 6840 6840 5994 5994 5935 5821 5724 5576 5576 6074 6736 5852 6395
WEIGHTS: 1 2 3 3 2 3 1 2 1 2 3 3 2 1 2 3 3 3 2 1 2 3 1 1 2 3 3 2 1 3 1 3 3 3 2 1 3 2 3 1 2 3 2 2 3 1 1 2 3 3
