50 30
35 2 9 163 19 199 2 4 134 7 150 3 1 147 13 139 27 142 2 4 139 7 111 3 1 65 22 64 25 76 3 2 104 21 136 28 143 2 4 117 7 128 2 3 139 15 125 3 4 39 5 30 23 35 3 2 180 6 182 25 165 2 7 76 26 78 3 9 91 26 95 27 117 3 6 142 11 139 21 124 3 8 112 10 122 24 106 3 3 78 8 72 10 66 3 11 127 21 116 28 135 3 12 135 13 175 30 182 3 2 129 21 114 28 134 3 9 135 21 174 23 171 2 13 147 30 151 3 14 132 18 123 24 104 3 23 117 25 112 26 118 3 14 136 18 118 24 106 3 8 82 15 68 27 70 2 7 199 16 205 3 1 74 11 74 17 87 2 23 146 30 167 2 4 200 27 163 3 7 89 18 86 21 74 2 6 180 20 147 2 13 83 24 108 3 3 81 8 73 10 82 3 11 75 20 89 26 74 3 5 115 11 143 28 119 3 10 123 24 94 29 96
36 2 4 117 7 112 3 1 125 13 148 27 151 3 2 119 21 102 28 148 2 23 138 30 181 3 2 124 21 124 28 139 2 6 217 20 155 2 3 165 15 112 2 6 196 20 166 3 4 33 5 37 23 38 3 2 177 6 182 25 156 2 7 60 26 64 3 4 36 5 39 23 40 3 8 127 10 122 24 133 3 12 127 13 180 30 138 2 4 128 7 126 3 9 91 26 97 27 85 3 3 88 8 72 10 82 3 11 102 21 127 28 121 2 13 163 30 179 3 14 113 18 98 24 95 3 8 79 15 57 27 56 2 7 191 16 196 2 13 119 24 107 3 1 95 11 91 17 94 3 7 85 18 63 21 74 3 9 136 21 150 23 141 3 9 119 26 114 27 121 2 9 195 19 150 3 6 150 11 127 21 161 3 10 92 24 118 29 115 2 4 146 27 185 3 11 60 20 87 26 71 3 23 125 25 115 26 124 3 6 148 11 152 21 130 3 1 79 22 58 25 78 3 5 111 11 133 28 113
36 2 4 117 7 112 3 1 125 13 148 27 151 3 2 119 21 102 28 148 2 23 138 30 181 3 2 124 21 124 28 139 2 6 217 20 155 2 3 165 15 112 2 6 196 20 166 3 4 33 5 37 23 38 3 2 177 6 182 25 156 2 7 60 26 64 3 4 36 5 39 23 40 3 8 127 10 122 24 133 3 12 127 13 180 30 138 2 4 128 7 126 3 9 91 26 97 27 85 3 3 88 8 72 10 82 3 11 102 21 127 28 121 2 13 163 30 179 3 14 113 18 98 24 95 3 8 79 15 57 27 56 2 7 191 16 196 2 13 119 24 107 3 1 95 11 91 17 94 3 7 85 18 63 21 74 3 9 136 21 150 23 141 3 9 119 26 114 27 121 2 9 195 19 150 3 6 150 11 127 21 161 3 10 92 24 118 29 115 2 4 146 27 185 3 11 60 20 87 26 71 3 23 125 25 115 26 124 3 6 148 11 152 21 130 3 1 79 22 58 25 78 3 5 111 11 133 28 113
36 2 4 117 7 112 3 1 125 13 148 27 151 3 2 119 21 102 28 148 2 23 138 30 181 3 2 124 21 124 28 139 2 6 217 20 155 2 3 165 15 112 2 6 196 20 166 3 4 33 5 37 23 38 3 2 177 6 182 25 156 2 7 60 26 64 3 4 36 5 39 23 40 3 8 127 10 122 24 133 3 12 127 13 180 30 138 2 4 128 7 126 3 9 91 26 97 27 85 3 3 88 8 72 10 82 3 11 102 21 127 28 121 2 13 163 30 179 3 14 113 18 98 24 95 3 8 79 15 57 27 56 2 7 191 16 196 2 13 119 24 107 3 1 95 11 91 17 94 3 7 85 18 63 21 74 3 9 136 21 150 23 141 3 9 119 26 114 27 121 2 9 195 19 150 3 6 150 11 127 21 161 3 10 92 24 118 29 115 2 4 146 27 185 3 11 60 20 87 26 71 3 23 125 25 115 26 124 3 6 148 11 152 21 130 3 1 79 22 58 25 78 3 5 111 11 133 28 113
36 2 4 117 7 112 3 1 125 13 148 27 151 3 2 119 21 102 28 148 2 23 138 30 181 3 2 124 21 124 28 139 2 6 217 20 155 2 3 165 15 112 2 6 196 20 166 3 4 33 5 37 23 38 3 2 177 6 182 25 156 2 7 60 26 64 3 4 36 5 39 23 40 3 8 127 10 122 24 133 3 12 127 13 180 30 138 2 4 128 7 126 3 9 91 26 97 27 85 3 3 88 8 72 10 82 3 11 102 21 127 28 121 2 13 163 30 179 3 14 113 18 98 24 95 3 8 79 15 57 27 56 2 7 191 16 196 2 13 119 24 107 3 1 95 11 91 17 94 3 7 85 18 63 21 74 3 9 136 21 150 23 141 3 9 119 26 114 27 121 2 9 195 19 150 3 6 150 11 127 21 161 3 10 92 24 118 29 115 2 4 146 27 185 3 11 60 20 87 26 71 3 23 125 25 115 26 124 3 6 148 11 152 21 130 3 1 79 22 58 25 78 3 5 111 11 133 28 113
36 2 4 117 7 112 3 1 125 13 148 27 151 3 2 119 21 102 28 148 2 23 138 30 181 3 2 124 21 124 28 139 2 6 217 20 155 2 3 165 15 112 2 6 196 20 166 3 4 33 5 37 23 38 3 2 177 6 182 25 156 2 7 60 26 64 3 4 36 5 39 23 40 3 8 127 10 122 24 133 3 12 127 13 180 30 138 2 4 128 7 126 3 9 91 26 97 27 85 3 3 88 8 72 10 82 3 11 102 21 127 28 121 2 13 163 30 179 3 14 113 18 98 24 95 3 8 79 15 57 27 56 2 7 191 16 196 2 13 119 24 107 3 1 95 11 91 17 94 3 7 85 18 63 21 74 3 9 136 21 150 23 141 3 9 119 26 114 27 121 2 9 195 19 150 3 6 150 11 127 21 161 3 10 92 24 118 29 115 2 4 146 27 185 3 11 60 20 87 26 71 3 23 125 25 115 26 124 3 6 148 11 152 21 130 3 1 79 22 58 25 78 3 5 111 11 133 28 113
35 3 1 112 13 154 27 138 3 2 105 21 119 28 116 3 1 84 11 85 17 94 2 3 150 15 148 3 1 88 11 96 17 68 2 4 151 7 145 3 1 113 13 139 27 116 3 4 28 5 29 23 32 2 3 125 15 120 3 9 152 21 179 23 164 3 2 212 6 188 25 188 3 23 124 25 115 26 132 3 9 83 26 85 27 123 2 7 69 26 82 3 14 138 18 138 24 123 2 4 152 27 182 3 8 101 10 111 24 104 3 3 61 8 87 10 89 3 11 100 21 102 28 112 3 1 72 22 65 25 64 3 6 118 11 124 21 135 3 23 127 25 106 26 120 3 10 118 24 120 29 90 3 5 152 11 140 28 114 3 12 168 13 147 30 176 2 9 157 19 186 2 13 164 30 210 3 14 137 18 124 24 120 3 8 63 15 77 27 60 2 23 191 30 142 2 7 181 16 189 3 7 89 18 89 21 83 3 11 60 20 89 26 68 2 6 157 20 206 2 13 89 24 100
35 3 1 132 13 116 27 131 3 2 104 21 139 28 102 3 12 131 13 171 30 171 3 1 126 13 111 27 145 3 4 29 5 34 23 39 2 3 161 15 129 2 4 124 7 113 3 2 192 6 224 25 161 2 7 71 26 69 3 1 95 11 75 17 67 2 7 64 26 59 3 11 98 21 98 28 117 3 11 76 20 72 26 72 3 2 217 6 225 25 158 3 8 105 10 89 24 117 3 9 98 26 106 27 112 3 3 73 8 61 10 80 2 7 189 16 184 2 6 209 20 176 2 4 176 27 158 3 1 67 22 67 25 78 2 13 145 30 197 3 11 108 21 118 28 101 3 14 118 18 110 24 139 3 8 68 15 72 27 57 3 6 154 11 162 21 132 3 23 108 25 110 26 140 3 7 81 18 84 21 91 2 9 170 19 157 2 13 99 24 116 3 9 129 21 165 23 127 3 5 159 11 136 28 151 3 4 28 5 29 23 31 3 10 114 24 118 29 105 2 23 133 30 190
35 3 1 132 13 116 27 131 3 2 104 21 139 28 102 3 12 131 13 171 30 171 3 1 126 13 111 27 145 3 4 29 5 34 23 39 2 3 161 15 129 2 4 124 7 113 3 2 192 6 224 25 161 2 7 71 26 69 3 1 95 11 75 17 67 2 7 64 26 59 3 11 98 21 98 28 117 3 11 76 20 72 26 72 3 2 217 6 225 25 158 3 8 105 10 89 24 117 3 9 98 26 106 27 112 3 3 73 8 61 10 80 2 7 189 16 184 2 6 209 20 176 2 4 176 27 158 3 1 67 22 67 25 78 2 13 145 30 197 3 11 108 21 118 28 101 3 14 118 18 110 24 139 3 8 68 15 72 27 57 3 6 154 11 162 21 132 3 23 108 25 110 26 140 3 7 81 18 84 21 91 2 9 170 19 157 2 13 99 24 116 3 9 129 21 165 23 127 3 5 159 11 136 28 151 3 4 28 5 29 23 31 3 10 114 24 118 29 105 2 23 133 30 190
38 3 1 145 13 138 27 110 3 2 137 21 128 28 125 2 3 147 15 165 2 4 108 7 119 3 4 33 5 27 23 31 2 3 133 15 160 3 14 123 18 110 24 138 3 2 169 6 158 25 220 2 7 78 26 64 3 8 97 10 123 24 110 3 9 112 26 103 27 94 3 2 149 21 119 28 139 3 3 85 8 72 10 73 3 11 122 21 93 28 136 2 4 134 7 141 2 6 156 20 160 3 8 130 10 119 24 119 3 12 173 13 141 30 159 2 23 177 30 181 3 5 115 11 132 28 163 3 10 119 24 85 29 100 2 13 174 30 167 3 8 80 15 69 27 59 3 14 108 18 112 24 110 3 1 67 22 58 25 73 2 7 210 16 212 3 1 94 11 85 17 82 3 8 132 10 102 24 94 2 4 178 27 178 3 7 63 18 62 21 82 2 9 183 19 192 3 10 89 24 101 29 111 3 6 141 11 124 21 122 3 11 65 20 64 26 81 3 9 164 21 166 23 135 3 4 34 5 39 23 33 2 13 102 24 87 3 23 142 25 139 26 111
38 3 1 145 13 138 27 110 3 2 137 21 128 28 125 2 3 147 15 165 2 4 108 7 119 3 4 33 5 27 23 31 2 3 133 15 160 3 14 123 18 110 24 138 3 2 169 6 158 25 220 2 7 78 26 64 3 8 97 10 123 24 110 3 9 112 26 103 27 94 3 2 149 21 119 28 139 3 3 85 8 72 10 73 3 11 122 21 93 28 136 2 4 134 7 141 2 6 156 20 160 3 8 130 10 119 24 119 3 12 173 13 141 30 159 2 23 177 30 181 3 5 115 11 132 28 163 3 10 119 24 85 29 100 2 13 174 30 167 3 8 80 15 69 27 59 3 14 108 18 112 24 110 3 1 67 22 58 25 73 2 7 210 16 212 3 1 94 11 85 17 82 3 8 132 10 102 24 94 2 4 178 27 178 3 7 63 18 62 21 82 2 9 183 19 192 3 10 89 24 101 29 111 3 6 141 11 124 21 122 3 11 65 20 64 26 81 3 9 164 21 166 23 135 3 4 34 5 39 23 33 2 13 102 24 87 3 23 142 25 139 26 111
38 3 1 145 13 138 27 110 3 2 137 21 128 28 125 2 3 147 15 165 2 4 108 7 119 3 4 33 5 27 23 31 2 3 133 15 160 3 14 123 18 110 24 138 3 2 169 6 158 25 220 2 7 78 26 64 3 8 97 10 123 24 110 3 9 112 26 103 27 94 3 2 149 21 119 28 139 3 3 85 8 72 10 73 3 11 122 21 93 28 136 2 4 134 7 141 2 6 156 20 160 3 8 130 10 119 24 119 3 12 173 13 141 30 159 2 23 177 30 181 3 5 115 11 132 28 163 3 10 119 24 85 29 100 2 13 174 30 167 3 8 80 15 69 27 59 3 14 108 18 112 24 110 3 1 67 22 58 25 73 2 7 210 16 212 3 1 94 11 85 17 82 3 8 132 10 102 24 94 2 4 178 27 178 3 7 63 18 62 21 82 2 9 183 19 192 3 10 89 24 101 29 111 3 6 141 11 124 21 122 3 11 65 20 64 26 81 3 9 164 21 166 23 135 3 4 34 5 39 23 33 2 13 102 24 87 3 23 142 25 139 26 111
38 3 1 141 13 147 27 110 3 10 112 24 119 29 123 3 1 112 13 128 27 154 3 2 118 21 107 28 147 2 9 161 19 158 2 3 161 15 153 2 4 149 7 140 3 4 35 5 35 23 39 2 7 190 16 178 2 9 197 19 172 3 14 127 18 107 24 106 3 2 210 6 214 25 176 2 7 79 26 80 3 8 126 10 133 24 123 3 14 130 18 114 24 95 3 1 82 22 56 25 56 3 8 64 15 79 27 65 3 9 120 26 96 27 124 3 3 63 8 73 10 62 3 11 99 21 120 28 125 3 9 111 26 105 27 111 3 6 153 11 139 21 156 2 4 142 7 157 3 12 166 13 135 30 131 3 4 34 5 40 23 40 2 13 146 30 168 3 5 113 11 151 28 136 3 1 73 11 93 17 75 3 9 161 21 145 23 149 3 7 84 18 90 21 86 3 2 110 21 109 28 128 2 6 154 20 148 3 12 136 13 171 30 152 2 4 183 27 168 2 23 135 30 179 2 13 98 24 90 3 23 111 25 125 26 102 3 11 65 20 87 26 65
33 3 1 153 13 107 27 153 3 2 116 21 113 28 117 2 4 153 7 145 3 1 139 13 106 27 149 2 3 122 15 125 3 4 29 5 30 23 34 3 12 136 13 175 30 150 3 2 173 6 153 25 174 2 9 151 19 155 2 7 76 26 72 2 23 174 30 148 3 8 96 10 100 24 127 3 9 94 26 109 27 107 3 3 90 8 75 10 75 2 7 74 26 68 3 1 75 22 72 25 78 3 11 127 21 92 28 123 3 14 129 18 99 24 117 2 13 201 30 177 3 8 64 15 83 27 70 2 7 216 16 221 3 10 119 24 93 29 98 3 1 79 11 77 17 65 3 7 71 18 64 21 79 2 6 150 20 205 3 6 158 11 166 21 168 3 9 132 21 142 23 132 2 13 116 24 85 3 23 119 25 123 26 114 3 11 63 20 64 26 66 2 4 163 27 161 3 12 167 13 184 30 159 3 5 112 11 165 28 115
37 3 1 119 13 112 27 124 3 2 151 21 119 28 107 2 3 137 15 129 2 7 157 16 190 3 11 78 20 89 26 87 2 7 174 16 218 2 4 156 7 116 2 23 163 30 134 3 4 28 5 39 23 32 3 2 167 6 225 25 160 2 4 118 7 111 3 12 183 13 187 30 157 2 7 60 26 71 3 7 86 18 61 21 85 3 6 132 11 146 21 122 2 3 146 15 143 3 8 93 10 121 24 120 2 9 156 19 164 3 9 109 26 101 27 102 3 23 134 25 115 26 101 3 3 66 8 83 10 76 3 11 99 21 97 28 109 2 13 199 30 195 2 23 144 30 132 3 9 153 21 143 23 128 3 14 126 18 96 24 122 3 5 137 11 114 28 154 3 8 68 15 74 27 67 3 1 69 11 67 17 78 2 6 189 20 153 3 2 145 21 130 28 106 2 4 202 27 152 3 1 61 22 72 25 59 2 9 175 19 148 2 13 105 24 114 2 6 148 20 168 3 10 121 24 120 29 122
37 3 1 119 13 112 27 124 3 2 151 21 119 28 107 2 3 137 15 129 2 7 157 16 190 3 11 78 20 89 26 87 2 7 174 16 218 2 4 156 7 116 2 23 163 30 134 3 4 28 5 39 23 32 3 2 167 6 225 25 160 2 4 118 7 111 3 12 183 13 187 30 157 2 7 60 26 71 3 7 86 18 61 21 85 3 6 132 11 146 21 122 2 3 146 15 143 3 8 93 10 121 24 120 2 9 156 19 164 3 9 109 26 101 27 102 3 23 134 25 115 26 101 3 3 66 8 83 10 76 3 11 99 21 97 28 109 2 13 199 30 195 2 23 144 30 132 3 9 153 21 143 23 128 3 14 126 18 96 24 122 3 5 137 11 114 28 154 3 8 68 15 74 27 67 3 1 69 11 67 17 78 2 6 189 20 153 3 2 145 21 130 28 106 2 4 202 27 152 3 1 61 22 72 25 59 2 9 175 19 148 2 13 105 24 114 2 6 148 20 168 3 10 121 24 120 29 122
35 3 1 110 13 115 27 123 3 2 127 21 105 28 135 3 12 174 13 129 30 136 3 1 135 13 153 27 152 3 4 30 5 32 23 27 2 3 137 15 117 2 4 144 7 139 3 2 191 6 180 25 218 2 7 83 26 61 3 1 95 11 71 17 82 2 7 69 26 72 3 11 119 21 120 28 96 3 11 82 20 66 26 78 3 2 192 6 195 25 209 3 8 92 10 116 24 125 3 9 98 26 109 27 103 3 3 82 8 80 10 66 2 7 167 16 215 2 6 209 20 175 2 4 145 27 168 3 1 71 22 74 25 78 2 13 193 30 154 3 11 101 21 97 28 104 3 14 122 18 129 24 98 3 8 60 15 65 27 75 3 6 143 11 117 21 133 3 23 123 25 130 26 120 3 7 87 18 67 21 87 2 9 142 19 149 2 13 107 24 93 3 9 156 21 185 23 163 3 5 153 11 148 28 162 3 4 32 5 32 23 38 3 10 106 24 91 29 89 2 23 173 30 190
35 3 1 110 13 115 27 123 3 2 127 21 105 28 135 3 12 174 13 129 30 136 3 1 135 13 153 27 152 3 4 30 5 32 23 27 2 3 137 15 117 2 4 144 7 139 3 2 191 6 180 25 218 2 7 83 26 61 3 1 95 11 71 17 82 2 7 69 26 72 3 11 119 21 120 28 96 3 11 82 20 66 26 78 3 2 192 6 195 25 209 3 8 92 10 116 24 125 3 9 98 26 109 27 103 3 3 82 8 80 10 66 2 7 167 16 215 2 6 209 20 175 2 4 145 27 168 3 1 71 22 74 25 78 2 13 193 30 154 3 11 101 21 97 28 104 3 14 122 18 129 24 98 3 8 60 15 65 27 75 3 6 143 11 117 21 133 3 23 123 25 130 26 120 3 7 87 18 67 21 87 2 9 142 19 149 2 13 107 24 93 3 9 156 21 185 23 163 3 5 153 11 148 28 162 3 4 32 5 32 23 38 3 10 106 24 91 29 89 2 23 173 30 190
41 3 1 143 13 111 27 125 3 1 94 11 80 17 75 3 1 107 13 140 27 110 3 2 116 21 123 28 130 2 3 154 15 134 2 4 135 7 160 3 4 33 5 28 23 29 3 2 179 6 201 25 212 2 7 69 26 64 2 3 152 15 128 3 8 118 10 91 24 95 3 3 86 8 62 10 70 3 1 131 13 128 27 117 3 9 114 26 93 27 112 3 11 119 21 101 28 135 3 1 79 11 74 17 95 3 1 56 22 78 25 71 3 3 83 8 87 10 77 3 12 167 13 138 30 164 3 3 78 8 72 10 78 2 13 194 30 152 3 14 108 18 113 24 94 2 13 213 30 197 2 6 218 20 212 3 8 83 15 71 27 58 2 7 162 16 210 3 2 121 21 141 28 120 3 9 157 21 130 23 184 2 9 207 19 150 3 7 90 18 69 21 73 3 6 153 11 166 21 152 2 23 158 30 166 3 10 99 24 106 29 94 2 9 196 19 165 2 13 83 24 118 3 7 72 18 88 21 66 3 23 112 25 132 26 98 2 4 167 27 176 3 6 133 11 146 21 157 3 11 69 20 60 26 76 3 5 142 11 119 28 139
41 3 1 143 13 111 27 125 3 1 94 11 80 17 75 3 1 107 13 140 27 110 3 2 116 21 123 28 130 2 3 154 15 134 2 4 135 7 160 3 4 33 5 28 23 29 3 2 179 6 201 25 212 2 7 69 26 64 2 3 152 15 128 3 8 118 10 91 24 95 3 3 86 8 62 10 70 3 1 131 13 128 27 117 3 9 114 26 93 27 112 3 11 119 21 101 28 135 3 1 79 11 74 17 95 3 1 56 22 78 25 71 3 3 83 8 87 10 77 3 12 167 13 138 30 164 3 3 78 8 72 10 78 2 13 194 30 152 3 14 108 18 113 24 94 2 13 213 30 197 2 6 218 20 212 3 8 83 15 71 27 58 2 7 162 16 210 3 2 121 21 141 28 120 3 9 157 21 130 23 184 2 9 207 19 150 3 7 90 18 69 21 73 3 6 153 11 166 21 152 2 23 158 30 166 3 10 99 24 106 29 94 2 9 196 19 165 2 13 83 24 118 3 7 72 18 88 21 66 3 23 112 25 132 26 98 2 4 167 27 176 3 6 133 11 146 21 157 3 11 69 20 60 26 76 3 5 142 11 119 28 139
41 3 1 143 13 111 27 125 3 1 94 11 80 17 75 3 1 107 13 140 27 110 3 2 116 21 123 28 130 2 3 154 15 134 2 4 135 7 160 3 4 33 5 28 23 29 3 2 179 6 201 25 212 2 7 69 26 64 2 3 152 15 128 3 8 118 10 91 24 95 3 3 86 8 62 10 70 3 1 131 13 128 27 117 3 9 114 26 93 27 112 3 11 119 21 101 28 135 3 1 79 11 74 17 95 3 1 56 22 78 25 71 3 3 83 8 87 10 77 3 12 167 13 138 30 164 3 3 78 8 72 10 78 2 13 194 30 152 3 14 108 18 113 24 94 2 13 213 30 197 2 6 218 20 212 3 8 83 15 71 27 58 2 7 162 16 210 3 2 121 21 141 28 120 3 9 157 21 130 23 184 2 9 207 19 150 3 7 90 18 69 21 73 3 6 153 11 166 21 152 2 23 158 30 166 3 10 99 24 106 29 94 2 9 196 19 165 2 13 83 24 118 3 7 72 18 88 21 66 3 23 112 25 132 26 98 2 4 167 27 176 3 6 133 11 146 21 157 3 11 69 20 60 26 76 3 5 142 11 119 28 139
35 2 9 174 19 146 2 4 112 7 160 3 1 113 13 118 27 112 2 4 119 7 111 3 1 67 22 82 25 65 3 2 102 21 150 28 103 2 4 119 7 146 2 3 141 15 125 3 4 40 5 40 23 29 3 2 204 6 216 25 181 2 7 65 26 80 3 9 97 26 90 27 85 3 6 127 11 116 21 117 3 8 99 10 106 24 115 3 3 62 8 73 10 82 3 11 106 21 98 28 120 3 12 171 13 132 30 151 3 2 131 21 143 28 129 3 9 163 21 186 23 131 2 13 211 30 182 3 14 125 18 123 24 102 3 23 123 25 95 26 99 3 14 138 18 124 24 100 3 8 56 15 71 27 59 2 7 200 16 185 3 1 65 11 70 17 85 2 23 132 30 174 2 4 181 27 204 3 7 86 18 63 21 64 2 6 198 20 216 2 13 104 24 113 3 3 86 8 72 10 69 3 11 77 20 80 26 89 3 5 141 11 116 28 117 3 10 84 24 112 29 107
35 3 1 128 13 124 27 115 3 2 107 21 137 28 127 3 1 77 11 81 17 86 2 3 159 15 137 3 1 73 11 71 17 81 2 4 143 7 155 3 1 151 13 138 27 134 3 4 33 5 37 23 32 2 3 163 15 153 3 9 161 21 182 23 178 3 2 219 6 164 25 206 3 23 114 25 132 26 98 3 9 91 26 124 27 85 2 7 62 26 73 3 14 109 18 101 24 136 2 4 157 27 204 3 8 89 10 109 24 95 3 3 67 8 76 10 89 3 11 135 21 121 28 102 3 1 67 22 57 25 62 3 6 134 11 128 21 114 3 23 101 25 96 26 121 3 10 107 24 95 29 119 3 5 141 11 145 28 113 3 12 133 13 128 30 160 2 9 146 19 150 2 13 203 30 193 3 14 140 18 126 24 133 3 8 77 15 57 27 82 2 23 147 30 166 2 7 184 16 209 3 7 86 18 79 21 65 3 11 86 20 77 26 74 2 6 180 20 185 2 13 92 24 92
38 3 1 127 13 150 27 141 3 10 116 24 102 29 115 3 1 113 13 148 27 120 3 2 114 21 125 28 144 2 9 178 19 163 2 3 161 15 155 2 4 110 7 137 3 4 31 5 29 23 33 2 7 210 16 201 2 9 202 19 179 3 14 116 18 101 24 120 3 2 165 6 219 25 155 2 7 66 26 71 3 8 95 10 118 24 119 3 14 98 18 130 24 117 3 1 69 22 81 25 77 3 8 83 15 60 27 61 3 9 84 26 105 27 116 3 3 79 8 64 10 69 3 11 109 21 101 28 129 3 9 92 26 85 27 120 3 6 130 11 143 21 118 2 4 160 7 138 3 12 165 13 139 30 145 3 4 29 5 33 23 29 2 13 172 30 184 3 5 115 11 138 28 126 3 1 73 11 82 17 73 3 9 153 21 174 23 172 3 7 61 18 82 21 85 3 2 144 21 132 28 142 2 6 158 20 199 3 12 129 13 182 30 168 2 4 195 27 178 2 23 144 30 184 2 13 80 24 99 3 23 117 25 129 26 99 3 11 62 20 88 26 85
38 3 1 127 13 150 27 141 3 10 116 24 102 29 115 3 1 113 13 148 27 120 3 2 114 21 125 28 144 2 9 178 19 163 2 3 161 15 155 2 4 110 7 137 3 4 31 5 29 23 33 2 7 210 16 201 2 9 202 19 179 3 14 116 18 101 24 120 3 2 165 6 219 25 155 2 7 66 26 71 3 8 95 10 118 24 119 3 14 98 18 130 24 117 3 1 69 22 81 25 77 3 8 83 15 60 27 61 3 9 84 26 105 27 116 3 3 79 8 64 10 69 3 11 109 21 101 28 129 3 9 92 26 85 27 120 3 6 130 11 143 21 118 2 4 160 7 138 3 12 165 13 139 30 145 3 4 29 5 33 23 29 2 13 172 30 184 3 5 115 11 138 28 126 3 1 73 11 82 17 73 3 9 153 21 174 23 172 3 7 61 18 82 21 85 3 2 144 21 132 28 142 2 6 158 20 199 3 12 129 13 182 30 168 2 4 195 27 178 2 23 144 30 184 2 13 80 24 99 3 23 117 25 129 26 99 3 11 62 20 88 26 85
38 3 1 127 13 150 27 141 3 10 116 24 102 29 115 3 1 113 13 148 27 120 3 2 114 21 125 28 144 2 9 178 19 163 2 3 161 15 155 2 4 110 7 137 3 4 31 5 29 23 33 2 7 210 16 201 2 9 202 19 179 3 14 116 18 101 24 120 3 2 165 6 219 25 155 2 7 66 26 71 3 8 95 10 118 24 119 3 14 98 18 130 24 117 3 1 69 22 81 25 77 3 8 83 15 60 27 61 3 9 84 26 105 27 116 3 3 79 8 64 10 69 3 11 109 21 101 28 129 3 9 92 26 85 27 120 3 6 130 11 143 21 118 2 4 160 7 138 3 12 165 13 139 30 145 3 4 29 5 33 23 29 2 13 172 30 184 3 5 115 11 138 28 126 3 1 73 11 82 17 73 3 9 153 21 174 23 172 3 7 61 18 82 21 85 3 2 144 21 132 28 142 2 6 158 20 199 3 12 129 13 182 30 168 2 4 195 27 178 2 23 144 30 184 2 13 80 24 99 3 23 117 25 129 26 99 3 11 62 20 88 26 85
38 3 1 127 13 150 27 141 3 10 116 24 102 29 115 3 1 113 13 148 27 120 3 2 114 21 125 28 144 2 9 178 19 163 2 3 161 15 155 2 4 110 7 137 3 4 31 5 29 23 33 2 7 210 16 201 2 9 202 19 179 3 14 116 18 101 24 120 3 2 165 6 219 25 155 2 7 66 26 71 3 8 95 10 118 24 119 3 14 98 18 130 24 117 3 1 69 22 81 25 77 3 8 83 15 60 27 61 3 9 84 26 105 27 116 3 3 79 8 64 10 69 3 11 109 21 101 28 129 3 9 92 26 85 27 120 3 6 130 11 143 21 118 2 4 160 7 138 3 12 165 13 139 30 145 3 4 29 5 33 23 29 2 13 172 30 184 3 5 115 11 138 28 126 3 1 73 11 82 17 73 3 9 153 21 174 23 172 3 7 61 18 82 21 85 3 2 144 21 132 28 142 2 6 158 20 199 3 12 129 13 182 30 168 2 4 195 27 178 2 23 144 30 184 2 13 80 24 99 3 23 117 25 129 26 99 3 11 62 20 88 26 85
37 3 1 131 13 120 27 113 3 2 132 21 118 28 139 2 3 151 15 115 2 7 200 16 205 3 11 69 20 82 26 83 2 7 208 16 159 2 4 122 7 119 2 23 163 30 175 3 4 29 5 38 23 33 3 2 222 6 153 25 180 2 4 122 7 140 3 12 127 13 170 30 176 2 7 60 26 58 3 7 63 18 78 21 70 3 6 166 11 155 21 155 2 3 131 15 165 3 8 92 10 94 24 113 2 9 155 19 143 3 9 97 26 116 27 121 3 23 105 25 137 26 95 3 3 61 8 68 10 62 3 11 122 21 136 28 109 2 13 201 30 175 2 23 191 30 166 3 9 148 21 147 23 143 3 14 110 18 128 24 118 3 5 124 11 138 28 138 3 8 81 15 82 27 59 3 1 86 11 84 17 71 2 6 197 20 212 3 2 112 21 130 28 124 2 4 205 27 149 3 1 73 22 74 25 57 2 9 165 19 196 2 13 84 24 117 2 6 210 20 153 3 10 105 24 118 29 105
37 3 1 131 13 120 27 113 3 2 132 21 118 28 139 2 3 151 15 115 2 7 200 16 205 3 11 69 20 82 26 83 2 7 208 16 159 2 4 122 7 119 2 23 163 30 175 3 4 29 5 38 23 33 3 2 222 6 153 25 180 2 4 122 7 140 3 12 127 13 170 30 176 2 7 60 26 58 3 7 63 18 78 21 70 3 6 166 11 155 21 155 2 3 131 15 165 3 8 92 10 94 24 113 2 9 155 19 143 3 9 97 26 116 27 121 3 23 105 25 137 26 95 3 3 61 8 68 10 62 3 11 122 21 136 28 109 2 13 201 30 175 2 23 191 30 166 3 9 148 21 147 23 143 3 14 110 18 128 24 118 3 5 124 11 138 28 138 3 8 81 15 82 27 59 3 1 86 11 84 17 71 2 6 197 20 212 3 2 112 21 130 28 124 2 4 205 27 149 3 1 73 22 74 25 57 2 9 165 19 196 2 13 84 24 117 2 6 210 20 153 3 10 105 24 118 29 105
36 2 4 125 7 149 3 1 155 13 146 27 158 3 2 139 21 129 28 111 2 23 176 30 139 3 2 126 21 131 28 105 2 6 217 20 177 2 3 115 15 158 2 6 197 20 211 3 4 37 5 27 23 40 3 2 181 6 183 25 171 2 7 83 26 75 3 4 32 5 34 23 29 3 8 95 10 118 24 116 3 12 179 13 142 30 180 2 4 136 7 129 3 9 122 26 119 27 107 3 3 79 8 69 10 82 3 11 119 21 109 28 99 2 13 144 30 182 3 14 128 18 134 24 120 3 8 76 15 83 27 82 2 7 168 16 190 2 13 116 24 108 3 1 74 11 80 17 67 3 7 64 18 78 21 75 3 9 160 21 185 23 168 3 9 117 26 120 27 95 2 9 176 19 200 3 6 145 11 135 21 140 3 10 111 24 97 29 92 2 4 159 27 141 3 11 89 20 65 26 67 3 23 119 25 121 26 109 3 6 134 11 160 21 124 3 1 75 22 76 25 78 3 5 127 11 136 28 111
34 3 1 156 13 120 27 143 2 6 149 20 217 3 2 129 21 106 28 113 2 6 198 20 202 2 3 137 15 163 2 4 162 7 114 3 4 38 5 39 23 32 3 2 223 6 188 25 176 3 9 175 21 184 23 138 3 1 141 13 113 27 125 2 7 66 26 66 3 8 93 10 106 24 112 3 9 112 26 96 27 83 3 3 80 8 63 10 61 3 11 116 21 103 28 118 3 6 149 11 155 21 163 3 10 85 24 121 29 102 2 13 168 30 190 3 12 173 13 127 30 138 3 14 102 18 112 24 133 3 11 88 20 77 26 89 2 13 94 24 107 3 8 71 15 63 27 81 2 4 187 27 203 3 7 76 18 73 21 68 3 6 116 11 139 21 145 3 1 75 22 74 25 71 2 7 154 16 191 3 1 88 11 74 17 71 3 23 106 25 103 26 127 2 9 196 19 189 2 4 190 27 159 3 5 130 11 145 28 155 2 23 164 30 140
34 3 1 156 13 120 27 143 2 6 149 20 217 3 2 129 21 106 28 113 2 6 198 20 202 2 3 137 15 163 2 4 162 7 114 3 4 38 5 39 23 32 3 2 223 6 188 25 176 3 9 175 21 184 23 138 3 1 141 13 113 27 125 2 7 66 26 66 3 8 93 10 106 24 112 3 9 112 26 96 27 83 3 3 80 8 63 10 61 3 11 116 21 103 28 118 3 6 149 11 155 21 163 3 10 85 24 121 29 102 2 13 168 30 190 3 12 173 13 127 30 138 3 14 102 18 112 24 133 3 11 88 20 77 26 89 2 13 94 24 107 3 8 71 15 63 27 81 2 4 187 27 203 3 7 76 18 73 21 68 3 6 116 11 139 21 145 3 1 75 22 74 25 71 2 7 154 16 191 3 1 88 11 74 17 71 3 23 106 25 103 26 127 2 9 196 19 189 2 4 190 27 159 3 5 130 11 145 28 155 2 23 164 30 140
35 3 1 127 13 136 27 112 3 2 146 21 107 28 124 3 1 80 11 82 17 85 2 3 162 15 112 3 1 68 11 76 17 83 2 4 141 7 127 3 1 145 13 125 27 128 3 4 30 5 38 23 30 2 3 128 15 122 3 9 154 21 158 23 171 3 2 209 6 174 25 200 3 23 142 25 117 26 124 3 9 96 26 90 27 88 2 7 84 26 69 3 14 129 18 129 24 105 2 4 195 27 147 3 8 116 10 99 24 120 3 3 78 8 71 10 83 3 11 104 21 129 28 131 3 1 78 22 58 25 66 3 6 121 11 146 21 168 3 23 130 25 122 26 131 3 10 120 24 95 29 109 3 5 117 11 123 28 114 3 12 177 13 132 30 141 2 9 187 19 170 2 13 200 30 148 3 14 119 18 102 24 131 3 8 66 15 56 27 75 2 23 191 30 185 2 7 171 16 167 3 7 91 18 90 21 65 3 11 67 20 78 26 86 2 6 159 20 150 2 13 82 24 82
34 3 1 115 13 115 27 130 3 11 111 21 109 28 95 3 1 142 13 140 27 116 3 12 164 13 175 30 185 3 2 140 21 151 28 112 2 3 128 15 142 2 4 151 7 129 3 4 38 5 40 23 27 3 1 123 13 116 27 151 2 13 99 24 86 2 7 62 26 58 3 2 222 6 168 25 213 3 8 129 10 108 24 128 3 9 90 26 83 27 95 3 8 93 10 122 24 122 3 3 82 8 68 10 67 2 13 186 30 182 3 4 32 5 29 23 28 3 14 122 18 102 24 137 3 8 68 15 80 27 81 3 5 152 11 141 28 155 2 7 169 16 151 3 1 85 11 88 17 90 3 7 76 18 85 21 74 2 9 205 19 187 2 6 208 20 177 3 6 144 11 152 21 165 3 1 82 22 59 25 73 3 23 120 25 138 26 97 3 9 138 21 140 23 177 3 11 77 20 63 26 60 2 4 190 27 146 3 10 124 24 86 29 89 2 23 154 30 154
34 3 1 115 13 115 27 130 3 11 111 21 109 28 95 3 1 142 13 140 27 116 3 12 164 13 175 30 185 3 2 140 21 151 28 112 2 3 128 15 142 2 4 151 7 129 3 4 38 5 40 23 27 3 1 123 13 116 27 151 2 13 99 24 86 2 7 62 26 58 3 2 222 6 168 25 213 3 8 129 10 108 24 128 3 9 90 26 83 27 95 3 8 93 10 122 24 122 3 3 82 8 68 10 67 2 13 186 30 182 3 4 32 5 29 23 28 3 14 122 18 102 24 137 3 8 68 15 80 27 81 3 5 152 11 141 28 155 2 7 169 16 151 3 1 85 11 88 17 90 3 7 76 18 85 21 74 2 9 205 19 187 2 6 208 20 177 3 6 144 11 152 21 165 3 1 82 22 59 25 73 3 23 120 25 138 26 97 3 9 138 21 140 23 177 3 11 77 20 63 26 60 2 4 190 27 146 3 10 124 24 86 29 89 2 23 154 30 154
38 3 9 179 21 169 23 146 3 1 140 13 107 27 126 3 2 145 21 102 28 109 3 8 92 10 96 24 119 3 1 126 13 130 27 135 2 3 124 15 142 3 11 105 21 114 28 103 2 4 131 7 132 3 9 138 21 147 23 164 3 3 64 8 64 10 61 3 4 34 5 34 23 34 3 6 163 11 152 21 119 3 1 70 22 66 25 70 2 4 153 27 147 3 2 227 6 193 25 180 2 7 64 26 61 3 11 109 21 126 28 122 3 9 86 26 95 27 104 3 12 162 13 141 30 186 2 7 164 16 204 2 13 207 30 150 3 14 120 18 97 24 140 3 8 77 15 66 27 80 3 3 70 8 70 10 85 2 9 185 19 152 3 1 80 11 67 17 95 3 7 86 18 68 21 62 2 4 156 7 146 2 6 211 20 195 3 5 163 11 119 28 127 3 11 132 21 117 28 118 3 11 89 20 74 26 74 2 13 82 24 117 3 7 65 18 74 21 69 3 23 134 25 137 26 132 3 10 102 24 100 29 89 2 4 187 27 154 2 23 156 30 142
37 3 1 150 13 131 27 115 3 2 114 21 130 28 140 2 3 160 15 122 2 7 187 16 221 3 11 88 20 87 26 67 2 7 190 16 180 2 4 137 7 109 2 23 136 30 131 3 4 31 5 32 23 33 3 2 216 6 153 25 219 2 4 117 7 113 3 12 151 13 166 30 159 2 7 73 26 71 3 7 90 18 61 21 66 3 6 165 11 131 21 118 2 3 115 15 111 3 8 102 10 129 24 102 2 9 181 19 169 3 9 102 26 105 27 112 3 23 97 25 100 26 124 3 3 80 8 74 10 64 3 11 122 21 118 28 128 2 13 152 30 150 2 23 163 30 165 3 9 134 21 143 23 162 3 14 111 18 101 24 95 3 5 134 11 129 28 130 3 8 77 15 62 27 62 3 1 78 11 70 17 75 2 6 178 20 216 3 2 104 21 127 28 124 2 4 189 27 155 3 1 60 22 62 25 78 2 9 168 19 148 2 13 98 24 112 2 6 150 20 188 3 10 94 24 91 29 118
35 3 1 125 13 115 27 145 3 2 149 21 125 28 124 3 12 161 13 163 30 159 3 1 120 13 112 27 114 3 4 34 5 30 23 32 2 3 164 15 119 2 4 128 7 123 3 2 157 6 173 25 227 2 7 66 26 72 3 1 95 11 91 17 76 2 7 70 26 72 3 11 118 21 110 28 130 3 11 61 20 78 26 83 3 2 218 6 201 25 179 3 8 122 10 131 24 109 3 9 102 26 120 27 108 3 3 61 8 87 10 88 2 7 190 16 217 2 6 153 20 169 2 4 191 27 148 3 1 60 22 65 25 66 2 13 198 30 157 3 11 99 21 97 28 124 3 14 136 18 119 24 102 3 8 59 15 74 27 62 3 6 128 11 160 21 131 3 23 136 25 136 26 99 3 7 90 18 81 21 67 2 9 176 19 162 2 13 99 24 84 3 9 137 21 172 23 137 3 5 116 11 160 28 131 3 4 39 5 36 23 38 3 10 89 24 120 29 86 2 23 169 30 165
32 3 1 105 13 124 27 132 3 1 60 22 81 25 72 3 2 147 21 112 28 104 2 3 112 15 161 3 1 131 13 128 27 142 2 4 152 7 121 3 14 129 18 137 24 95 3 9 114 26 92 27 111 3 8 119 10 121 24 102 3 4 31 5 38 23 28 3 2 123 21 130 28 109 3 2 198 6 187 25 176 3 6 144 11 165 21 132 2 23 151 30 166 2 7 67 26 70 3 11 130 21 93 28 124 3 3 67 8 77 10 61 3 12 150 13 188 30 152 2 13 144 30 183 3 8 62 15 61 27 68 2 7 206 16 208 3 1 94 11 81 17 89 3 7 73 18 77 21 87 2 9 179 19 149 2 6 186 20 197 2 13 103 24 118 3 9 140 21 162 23 167 3 23 128 25 142 26 134 3 11 82 20 75 26 62 3 5 141 11 128 28 125 3 10 84 24 119 29 94 2 4 201 27 148
35 3 1 139 13 125 27 131 3 2 130 21 119 28 134 3 12 161 13 179 30 127 3 1 125 13 134 27 117 3 4 32 5 33 23 30 2 3 151 15 119 2 4 150 7 124 3 2 168 6 214 25 218 2 7 59 26 82 3 1 94 11 65 17 80 2 7 76 26 77 3 11 121 21 137 28 120 3 11 88 20 68 26 89 3 2 203 6 222 25 212 3 8 97 10 102 24 94 3 9 84 26 117 27 105 3 3 91 8 75 10 66 2 7 196 16 163 2 6 195 20 208 2 4 205 27 193 3 1 57 22 67 25 68 2 13 205 30 171 3 11 102 21 101 28 105 3 14 138 18 99 24 95 3 8 75 15 61 27 73 3 6 121 11 161 21 147 3 23 114 25 103 26 131 3 7 69 18 79 21 76 2 9 191 19 170 2 13 87 24 114 3 9 126 21 170 23 164 3 5 120 11 160 28 113 3 4 27 5 31 23 28 3 10 99 24 125 29 125 2 23 175 30 173
33 3 1 107 13 116 27 121 3 2 118 21 108 28 109 2 4 141 7 161 3 1 119 13 127 27 148 2 3 161 15 157 3 4 30 5 35 23 37 3 12 132 13 172 30 148 3 2 215 6 197 25 201 2 9 179 19 182 2 7 80 26 61 2 23 144 30 185 3 8 105 10 92 24 127 3 9 92 26 112 27 96 3 3 88 8 77 10 80 2 7 68 26 84 3 1 66 22 75 25 60 3 11 111 21 110 28 133 3 14 101 18 132 24 118 2 13 148 30 159 3 8 59 15 69 27 57 2 7 211 16 204 3 10 102 24 119 29 99 3 1 73 11 82 17 88 3 7 61 18 83 21 67 2 6 205 20 167 3 6 137 11 113 21 126 3 9 178 21 188 23 145 2 13 83 24 112 3 23 109 25 108 26 95 3 11 66 20 79 26 60 2 4 168 27 186 3 12 156 13 159 30 146 3 5 113 11 129 28 152
35 3 1 135 13 125 27 131 3 2 113 21 114 28 124 3 1 88 11 83 17 80 2 3 166 15 153 3 1 84 11 85 17 80 2 4 119 7 126 3 1 144 13 141 27 119 3 4 37 5 37 23 27 2 3 154 15 119 3 9 183 21 144 23 181 3 2 163 6 219 25 160 3 23 103 25 99 26 139 3 9 85 26 105 27 84 2 7 57 26 64 3 14 97 18 119 24 124 2 4 167 27 182 3 8 95 10 95 24 104 3 3 86 8 65 10 84 3 11 116 21 122 28 121 3 1 70 22 78 25 71 3 6 136 11 126 21 132 3 23 135 25 127 26 140 3 10 102 24 114 29 107 3 5 113 11 135 28 114 3 12 166 13 134 30 189 2 9 170 19 168 2 13 163 30 161 3 14 129 18 103 24 95 3 8 66 15 57 27 79 2 23 135 30 184 2 7 204 16 166 3 7 82 18 86 21 66 3 11 68 20 88 26 82 2 6 186 20 195 2 13 101 24 96
36 2 4 125 7 152 3 1 153 13 139 27 155 3 2 106 21 123 28 140 2 23 138 30 142 3 2 111 21 146 28 149 2 6 199 20 156 2 3 151 15 113 2 6 170 20 151 3 4 33 5 30 23 32 3 2 197 6 182 25 160 2 7 68 26 63 3 4 29 5 28 23 27 3 8 114 10 93 24 112 3 12 175 13 169 30 147 2 4 159 7 112 3 9 101 26 99 27 124 3 3 89 8 86 10 77 3 11 119 21 133 28 97 2 13 168 30 156 3 14 133 18 133 24 118 3 8 71 15 78 27 67 2 7 197 16 222 2 13 86 24 81 3 1 83 11 88 17 76 3 7 89 18 61 21 85 3 9 144 21 153 23 157 3 9 106 26 121 27 119 2 9 160 19 167 3 6 157 11 140 21 123 3 10 100 24 121 29 120 2 4 191 27 178 3 11 73 20 75 26 71 3 23 112 25 100 26 127 3 6 161 11 157 21 161 3 1 61 22 69 25 57 3 5 142 11 150 28 129
37 3 1 138 13 148 27 145 3 2 118 21 121 28 133 2 3 129 15 157 2 7 186 16 214 3 11 80 20 72 26 83 2 7 186 16 169 2 4 142 7 157 2 23 158 30 139 3 4 29 5 37 23 31 3 2 188 6 168 25 158 2 4 113 7 152 3 12 171 13 135 30 143 2 7 82 26 79 3 7 63 18 87 21 81 3 6 140 11 121 21 142 2 3 134 15 151 3 8 100 10 128 24 111 2 9 157 19 204 3 9 122 26 106 27 123 3 23 127 25 125 26 113 3 3 87 8 84 10 90 3 11 110 21 104 28 114 2 13 201 30 166 2 23 137 30 130 3 9 150 21 169 23 131 3 14 127 18 112 24 140 3 5 118 11 147 28 143 3 8 56 15 65 27 65 3 1 93 11 84 17 80 2 6 191 20 158 3 2 148 21 141 28 119 2 4 168 27 165 3 1 78 22 72 25 81 2 9 148 19 206 2 13 92 24 107 2 6 174 20 203 3 10 104 24 99 29 120
34 3 1 148 13 137 27 147 3 2 132 21 118 28 148 2 3 120 15 147 2 4 161 7 124 3 4 33 5 35 23 29 3 2 155 6 212 25 180 2 4 136 7 113 2 7 71 26 68 2 3 156 15 118 3 8 116 10 91 24 113 3 9 96 26 116 27 96 2 7 184 16 182 3 3 65 8 64 10 78 2 9 208 19 144 3 11 86 20 65 26 82 3 9 169 21 145 23 130 3 11 104 21 118 28 99 2 9 156 19 157 3 12 167 13 171 30 130 3 6 131 11 123 21 162 2 13 185 30 192 3 5 127 11 116 28 162 3 14 127 18 109 24 125 3 8 68 15 76 27 72 3 1 79 11 90 17 87 3 7 79 18 65 21 71 2 6 159 20 206 2 13 86 24 105 3 1 68 22 73 25 60 3 2 222 6 164 25 217 2 23 167 30 160 3 23 134 25 135 26 109 2 4 177 27 191 3 10 85 24 123 29 111
33 3 1 112 13 136 27 141 3 2 150 21 123 28 110 2 4 152 7 154 3 1 131 13 150 27 111 2 3 162 15 145 3 4 39 5 38 23 30 3 12 178 13 148 30 172 3 2 205 6 161 25 174 2 9 205 19 196 2 7 58 26 67 2 23 152 30 185 3 8 97 10 120 24 106 3 9 108 26 100 27 88 3 3 79 8 84 10 83 2 7 58 26 70 3 1 58 22 75 25 59 3 11 94 21 130 28 105 3 14 95 18 111 24 127 2 13 210 30 150 3 8 65 15 82 27 76 2 7 221 16 181 3 10 122 24 100 29 87 3 1 68 11 73 17 82 3 7 86 18 62 21 79 2 6 181 20 215 3 6 121 11 146 21 126 3 9 168 21 126 23 138 2 13 107 24 119 3 23 140 25 130 26 122 3 11 79 20 83 26 81 2 4 146 27 190 3 12 167 13 155 30 157 3 5 116 11 148 28 134
34 3 14 107 18 127 24 100 3 1 120 13 107 27 112 3 2 102 21 102 28 108 2 3 133 15 143 3 12 178 13 188 30 132 2 4 159 7 145 3 4 31 5 30 23 36 3 2 128 21 131 28 144 3 6 116 11 125 21 153 2 7 80 26 61 3 2 181 6 219 25 207 2 9 210 19 194 3 11 116 21 134 28 101 3 14 97 18 95 24 125 3 8 104 10 101 24 120 3 9 92 26 86 27 96 3 3 84 8 91 10 77 3 5 151 11 152 28 149 2 13 194 30 163 3 4 37 5 33 23 34 3 8 76 15 60 27 83 3 6 146 11 115 21 117 2 23 138 30 139 3 9 173 21 180 23 148 2 7 194 16 164 3 1 88 11 85 17 67 2 4 139 27 194 3 7 86 18 62 21 82 2 6 162 20 205 2 13 113 24 112 3 1 64 22 63 25 57 3 23 124 25 136 26 128 3 11 68 20 84 26 66 3 10 124 24 116 29 85
38 3 1 128 13 115 27 123 3 2 121 21 135 28 146 2 3 138 15 138 2 4 153 7 160 3 4 38 5 28 23 34 2 3 123 15 146 3 14 128 18 135 24 101 3 2 225 6 209 25 219 2 7 71 26 76 3 8 119 10 127 24 125 3 9 88 26 118 27 112 3 2 147 21 144 28 118 3 3 85 8 86 10 62 3 11 96 21 135 28 114 2 4 118 7 149 2 6 189 20 164 3 8 133 10 89 24 99 3 12 168 13 158 30 131 2 23 191 30 141 3 5 133 11 141 28 115 3 10 95 24 120 29 113 2 13 152 30 186 3 8 71 15 72 27 75 3 14 131 18 103 24 116 3 1 70 22 65 25 79 2 7 203 16 151 3 1 88 11 76 17 87 3 8 116 10 108 24 95 2 4 179 27 151 3 7 86 18 81 21 68 2 9 197 19 148 3 10 91 24 110 29 88 3 6 120 11 161 21 149 3 11 66 20 64 26 60 3 9 175 21 179 23 169 3 4 33 5 30 23 33 2 13 115 24 92 3 23 128 25 108 26 101
38 3 1 113 13 106 27 150 3 2 136 21 123 28 107 2 3 117 15 160 2 4 108 7 139 3 4 33 5 28 23 31 2 3 158 15 164 3 14 114 18 139 24 99 3 2 187 6 188 25 191 2 7 74 26 82 3 8 134 10 121 24 91 3 9 112 26 101 27 113 3 2 115 21 118 28 152 3 3 65 8 70 10 80 3 11 102 21 124 28 115 2 4 161 7 124 2 6 185 20 150 3 8 111 10 110 24 91 3 12 146 13 172 30 131 2 23 153 30 145 3 5 136 11 121 28 142 3 10 86 24 99 29 101 2 13 169 30 185 3 8 67 15 81 27 82 3 14 115 18 140 24 97 3 1 58 22 66 25 77 2 7 185 16 211 3 1 92 11 94 17 64 3 8 96 10 124 24 102 2 4 187 27 159 3 7 70 18 85 21 69 2 9 147 19 173 3 10 116 24 100 29 91 3 6 120 11 144 21 132 3 11 71 20 77 26 63 3 9 146 21 140 23 130 3 4 38 5 31 23 27 2 13 84 24 81 3 23 103 25 116 26 119
35 3 1 155 13 119 27 138 2 3 125 15 120 3 2 144 21 121 28 137 3 4 30 5 39 23 28 3 23 109 25 141 26 113 2 4 146 7 155 3 2 206 6 212 25 174 3 10 97 24 106 29 107 2 4 162 7 110 2 7 64 26 57 3 8 112 10 103 24 118 2 4 144 7 117 3 9 84 26 93 27 92 2 7 166 16 221 3 3 67 8 78 10 67 3 11 110 21 120 28 105 2 13 186 30 195 3 1 133 13 123 27 124 3 1 69 22 81 25 73 3 8 69 15 64 27 60 3 3 80 8 63 10 71 3 12 183 13 149 30 183 2 13 105 24 112 2 4 185 27 142 3 1 80 11 86 17 84 3 14 101 18 117 24 95 3 7 65 18 89 21 63 2 6 190 20 204 2 9 192 19 186 3 6 158 11 113 21 140 3 5 125 11 156 28 154 3 4 30 5 35 23 39 2 23 161 30 166 3 9 162 21 143 23 143 3 11 62 20 64 26 68
DUE_DATES: 4400 4516 4516 4516 4516 4516 4445 4333 4333 4752 4752 4752 4826 4154 4831 4831 4360 4360 5246 5246 5246 4363 4432 4855 4855 4855 4855 4969 4969 4620 4504 4504 4375 4257 4257 4787 4804 4355 4095 4451 4175 4376 4561 4985 4469 4255 4245 4762 4622 4360
WEIGHTS: 1 1 3 3 3 2 1 1 2 3 1 2 1 1 1 2 2 2 3 2 3 3 1 1 1 3 1 2 3 1 1 1 2 1 3 3 3 1 1 2 1 1 2 3 3 2 3 2 2 2
