50 30
34 3 1 33 20 32 28 32 2 6 84 27 100 3 1 81 20 88 28 63 3 1 33 20 27 28 30 2 2 54 13 56 3 3 16 17 12 23 11 3 4 130 11 140 19 181 2 5 186 13 219 2 6 131 26 107 3 6 184 7 169 13 198 3 16 139 17 114 26 144 2 6 78 27 98 3 1 87 8 107 15 124 3 4 144 8 201 9 143 3 4 137 10 112 28 127 3 11 126 23 141 30 135 2 6 127 12 131 3 1 86 20 75 28 79 2 23 63 30 81 2 13 29 15 28 3 1 75 5 65 14 61 3 12 82 15 58 23 66 2 5 113 28 141 2 3 196 17 176 2 16 4 25 4 2 16 164 18 113 3 3 13 17 14 23 12 2 5 79 19 74 3 3 40 23 34 24 50 2 20 9 23 12 2 21 29 22 29 2 11 57 21 49 3 13 58 20 56 29 61 2 8 62 26 56
34 3 1 33 20 32 28 32 2 6 84 27 100 3 1 81 20 88 28 63 3 1 33 20 27 28 30 2 2 54 13 56 3 3 16 17 12 23 11 3 4 130 11 140 19 181 2 5 186 13 219 2 6 131 26 107 3 6 184 7 169 13 198 3 16 139 17 114 26 144 2 6 78 27 98 3 1 87 8 107 15 124 3 4 144 8 201 9 143 3 4 137 10 112 28 127 3 11 126 23 141 30 135 2 6 127 12 131 3 1 86 20 75 28 79 2 23 63 30 81 2 13 29 15 28 3 1 75 5 65 14 61 3 12 82 15 58 23 66 2 5 113 28 141 2 3 196 17 176 2 16 4 25 4 2 16 164 18 113 3 3 13 17 14 23 12 2 5 79 19 74 3 3 40 23 34 24 50 2 20 9 23 12 2 21 29 22 29 2 11 57 21 49 3 13 58 20 56 29 61 2 8 62 26 56
35 3 1 26 20 26 28 29 2 2 58 13 54 3 1 117 8 107 15 97 2 2 48 13 48 3 3 15 17 13 23 11 2 5 175 13 190 3 4 161 11 138 19 154 3 13 74 20 60 29 68 3 16 109 17 147 26 149 2 6 152 26 136 3 6 220 7 201 13 201 3 4 198 8 139 9 163 3 4 160 10 152 28 143 2 21 28 22 33 3 11 152 23 125 30 179 2 6 121 12 145 3 16 107 17 141 26 117 2 13 28 15 32 3 1 83 20 91 28 64 3 1 78 5 65 14 66 2 23 76 30 70 2 20 12 23 11 3 3 43 23 35 24 48 2 3 168 17 186 3 16 109 17 108 26 141 3 12 70 15 70 23 82 2 5 123 28 142 3 1 116 8 123 15 117 2 16 129 18 148 2 5 75 19 77 2 16 5 25 4 3 16 127 17 146 26 150 2 11 43 21 46 2 8 53 26 46 2 6 90 27 80
35 3 1 26 20 26 28 29 2 2 58 13 54 3 1 117 8 107 15 97 2 2 48 13 48 3 3 15 17 13 23 11 2 5 175 13 190 3 4 161 11 138 19 154 3 13 74 20 60 29 68 3 16 109 17 147 26 149 2 6 152 26 136 3 6 220 7 201 13 201 3 4 198 8 139 9 163 3 4 160 10 152 28 143 2 21 28 22 33 3 11 152 23 125 30 179 2 6 121 12 145 3 16 107 17 141 26 117 2 13 28 15 32 3 1 83 20 91 28 64 3 1 78 5 65 14 66 2 23 76 30 70 2 20 12 23 11 3 3 43 23 35 24 48 2 3 168 17 186 3 16 109 17 108 26 141 3 12 70 15 70 23 82 2 5 123 28 142 3 1 116 8 123 15 117 2 16 129 18 148 2 5 75 19 77 2 16 5 25 4 3 16 127 17 146 26 150 2 11 43 21 46 2 8 53 26 46 2 6 90 27 80
35 3 1 26 20 26 28 29 2 2 58 13 54 3 1 117 8 107 15 97 2 2 48 13 48 3 3 15 17 13 23 11 2 5 175 13 190 3 4 161 11 138 19 154 3 13 74 20 60 29 68 3 16 109 17 147 26 149 2 6 152 26 136 3 6 220 7 201 13 201 3 4 198 8 139 9 163 3 4 160 10 152 28 143 2 21 28 22 33 3 11 152 23 125 30 179 2 6 121 12 145 3 16 107 17 141 26 117 2 13 28 15 32 3 1 83 20 91 28 64 3 1 78 5 65 14 66 2 23 76 30 70 2 20 12 23 11 3 3 43 23 35 24 48 2 3 168 17 186 3 16 109 17 108 26 141 3 12 70 15 70 23 82 2 5 123 28 142 3 1 116 8 123 15 117 2 16 129 18 148 2 5 75 19 77 2 16 5 25 4 3 16 127 17 146 26 150 2 11 43 21 46 2 8 53 26 46 2 6 90 27 80
32 3 1 34 20 38 28 27 2 6 122 12 140 2 2 64 13 55 3 3 11 17 16 23 13 2 5 207 13 198 3 4 170 11 180 19 175 2 6 111 26 117 3 13 51 20 71 29 53 3 3 46 23 36 24 34 3 1 27 20 29 28 34 3 6 157 7 201 13 227 3 1 89 8 124 15 109 3 4 196 8 200 9 181 3 4 162 10 122 28 161 2 16 133 18 167 3 4 148 8 195 9 178 3 11 162 23 176 30 150 2 13 32 15 33 3 1 58 5 82 14 58 3 1 76 20 87 28 79 3 12 78 15 81 23 83 3 16 131 17 140 26 139 2 3 186 17 184 2 5 68 19 76 2 11 51 21 50 2 21 38 22 32 2 16 4 25 5 2 6 92 27 82 2 20 13 23 8 2 8 61 26 57 2 5 119 28 114 2 23 87 30 71
32 3 1 34 20 38 28 27 2 6 122 12 140 2 2 64 13 55 3 3 11 17 16 23 13 2 5 207 13 198 3 4 170 11 180 19 175 2 6 111 26 117 3 13 51 20 71 29 53 3 3 46 23 36 24 34 3 1 27 20 29 28 34 3 6 157 7 201 13 227 3 1 89 8 124 15 109 3 4 196 8 200 9 181 3 4 162 10 122 28 161 2 16 133 18 167 3 4 148 8 195 9 178 3 11 162 23 176 30 150 2 13 32 15 33 3 1 58 5 82 14 58 3 1 76 20 87 28 79 3 12 78 15 81 23 83 3 16 131 17 140 26 139 2 3 186 17 184 2 5 68 19 76 2 11 51 21 50 2 21 38 22 32 2 16 4 25 5 2 6 92 27 82 2 20 13 23 8 2 8 61 26 57 2 5 119 28 114 2 23 87 30 71
37 3 1 31 20 35 28 37 2 2 69 13 56 3 3 15 17 15 23 15 3 13 59 20 54 29 71 2 2 51 13 50 3 4 161 11 158 19 142 2 5 237 13 220 2 6 125 26 156 3 6 225 7 179 13 219 3 4 207 8 145 9 178 3 1 34 20 37 28 33 3 1 116 8 119 15 105 3 4 147 8 189 9 197 3 4 160 10 166 28 161 3 6 152 7 205 13 179 3 11 169 23 128 30 145 3 12 71 15 68 23 69 2 2 64 13 55 2 6 137 12 118 3 4 191 8 153 9 171 2 13 25 15 31 2 3 193 17 200 3 1 74 5 76 14 71 3 16 102 17 130 26 116 2 16 137 18 141 2 5 70 19 66 3 1 85 20 78 28 86 2 11 42 21 51 2 21 36 22 34 2 20 11 23 11 3 3 41 23 47 24 42 2 5 104 28 102 2 16 4 25 5 3 3 48 23 41 24 34 2 8 56 26 65 2 6 105 27 103 2 23 82 30 74
34 3 1 97 8 95 15 108 2 2 48 13 58 2 20 10 23 10 2 6 150 26 152 3 1 37 20 32 28 30 2 23 84 30 89 3 3 13 17 11 23 16 3 4 190 11 174 19 155 2 16 5 25 4 2 2 68 13 60 2 5 227 13 202 3 6 204 7 168 13 216 3 4 173 8 203 9 182 3 4 125 10 141 28 147 3 1 99 8 89 15 123 3 11 173 23 163 30 156 2 6 137 12 130 2 13 27 15 33 3 1 62 5 77 14 61 3 12 83 15 74 23 63 3 16 114 17 121 26 126 2 16 133 18 159 2 11 58 21 42 2 3 180 17 146 2 5 73 19 79 2 8 56 26 64 3 3 39 23 36 24 36 3 1 86 20 79 28 62 3 16 141 17 140 26 128 2 21 37 22 36 2 6 106 27 102 2 5 141 28 145 2 6 138 12 135 3 13 75 20 72 29 65
34 3 1 97 8 95 15 108 2 2 48 13 58 2 20 10 23 10 2 6 150 26 152 3 1 37 20 32 28 30 2 23 84 30 89 3 3 13 17 11 23 16 3 4 190 11 174 19 155 2 16 5 25 4 2 2 68 13 60 2 5 227 13 202 3 6 204 7 168 13 216 3 4 173 8 203 9 182 3 4 125 10 141 28 147 3 1 99 8 89 15 123 3 11 173 23 163 30 156 2 6 137 12 130 2 13 27 15 33 3 1 62 5 77 14 61 3 12 83 15 74 23 63 3 16 114 17 121 26 126 2 16 133 18 159 2 11 58 21 42 2 3 180 17 146 2 5 73 19 79 2 8 56 26 64 3 3 39 23 36 24 36 3 1 86 20 79 28 62 3 16 141 17 140 26 128 2 21 37 22 36 2 6 106 27 102 2 5 141 28 145 2 6 138 12 135 3 13 75 20 72 29 65
34 3 1 31 20 37 28 29 3 12 57 15 74 23 65 3 1 27 20 31 28 26 2 2 55 13 51 3 3 43 23 50 24 39 3 3 13 17 12 23 16 3 4 136 11 139 19 160 2 5 198 13 232 2 6 148 26 151 3 6 160 7 227 13 209 2 6 99 12 133 2 5 58 19 78 3 1 125 8 118 15 121 3 12 74 15 61 23 81 3 4 144 8 153 9 153 3 4 122 10 142 28 139 3 11 170 23 144 30 138 2 13 25 15 27 3 1 61 5 59 14 59 3 16 103 17 111 26 137 2 3 167 17 139 2 8 60 26 61 2 16 165 18 124 3 1 86 20 69 28 79 2 6 81 27 80 2 23 64 30 69 2 21 34 22 38 2 11 49 21 47 2 6 109 12 122 2 5 126 28 128 2 16 5 25 5 3 3 11 17 13 23 15 2 20 12 23 10 3 13 52 20 57 29 59
34 3 1 31 20 37 28 29 3 12 57 15 74 23 65 3 1 27 20 31 28 26 2 2 55 13 51 3 3 43 23 50 24 39 3 3 13 17 12 23 16 3 4 136 11 139 19 160 2 5 198 13 232 2 6 148 26 151 3 6 160 7 227 13 209 2 6 99 12 133 2 5 58 19 78 3 1 125 8 118 15 121 3 12 74 15 61 23 81 3 4 144 8 153 9 153 3 4 122 10 142 28 139 3 11 170 23 144 30 138 2 13 25 15 27 3 1 61 5 59 14 59 3 16 103 17 111 26 137 2 3 167 17 139 2 8 60 26 61 2 16 165 18 124 3 1 86 20 69 28 79 2 6 81 27 80 2 23 64 30 69 2 21 34 22 38 2 11 49 21 47 2 6 109 12 122 2 5 126 28 128 2 16 5 25 5 3 3 11 17 13 23 15 2 20 12 23 10 3 13 52 20 57 29 59
34 3 1 31 20 37 28 29 3 12 57 15 74 23 65 3 1 27 20 31 28 26 2 2 55 13 51 3 3 43 23 50 24 39 3 3 13 17 12 23 16 3 4 136 11 139 19 160 2 5 198 13 232 2 6 148 26 151 3 6 160 7 227 13 209 2 6 99 12 133 2 5 58 19 78 3 1 125 8 118 15 121 3 12 74 15 61 23 81 3 4 144 8 153 9 153 3 4 122 10 142 28 139 3 11 170 23 144 30 138 2 13 25 15 27 3 1 61 5 59 14 59 3 16 103 17 111 26 137 2 3 167 17 139 2 8 60 26 61 2 16 165 18 124 3 1 86 20 69 28 79 2 6 81 27 80 2 23 64 30 69 2 21 34 22 38 2 11 49 21 47 2 6 109 12 122 2 5 126 28 128 2 16 5 25 5 3 3 11 17 13 23 15 2 20 12 23 10 3 13 52 20 57 29 59
36 3 1 37 20 29 28 31 2 2 57 13 69 3 3 15 17 12 23 11 3 4 145 11 145 19 165 3 3 16 17 15 23 15 2 23 79 30 91 2 5 195 13 233 2 6 126 26 157 3 6 161 7 152 13 182 3 1 118 8 98 15 103 3 4 156 8 185 9 204 3 4 150 11 163 19 132 2 13 29 15 24 2 20 11 23 13 3 13 66 20 69 29 64 2 6 77 27 99 2 13 32 15 24 3 11 163 23 144 30 174 3 3 50 23 40 24 44 3 4 117 10 128 28 117 2 6 132 12 142 3 1 73 5 79 14 63 3 12 65 15 70 23 78 3 1 78 20 89 28 84 3 16 140 17 145 26 146 2 6 107 12 125 2 3 147 17 184 2 6 131 12 114 2 16 150 18 149 2 5 67 19 62 2 11 42 21 45 2 21 40 22 30 2 5 97 28 141 2 16 4 25 5 3 1 36 20 32 28 31 2 8 50 26 61
36 3 1 37 20 29 28 31 2 2 57 13 69 3 3 15 17 12 23 11 3 4 145 11 145 19 165 3 3 16 17 15 23 15 2 23 79 30 91 2 5 195 13 233 2 6 126 26 157 3 6 161 7 152 13 182 3 1 118 8 98 15 103 3 4 156 8 185 9 204 3 4 150 11 163 19 132 2 13 29 15 24 2 20 11 23 13 3 13 66 20 69 29 64 2 6 77 27 99 2 13 32 15 24 3 11 163 23 144 30 174 3 3 50 23 40 24 44 3 4 117 10 128 28 117 2 6 132 12 142 3 1 73 5 79 14 63 3 12 65 15 70 23 78 3 1 78 20 89 28 84 3 16 140 17 145 26 146 2 6 107 12 125 2 3 147 17 184 2 6 131 12 114 2 16 150 18 149 2 5 67 19 62 2 11 42 21 45 2 21 40 22 30 2 5 97 28 141 2 16 4 25 5 3 1 36 20 32 28 31 2 8 50 26 61
36 3 1 37 20 29 28 31 2 2 57 13 69 3 3 15 17 12 23 11 3 4 145 11 145 19 165 3 3 16 17 15 23 15 2 23 79 30 91 2 5 195 13 233 2 6 126 26 157 3 6 161 7 152 13 182 3 1 118 8 98 15 103 3 4 156 8 185 9 204 3 4 150 11 163 19 132 2 13 29 15 24 2 20 11 23 13 3 13 66 20 69 29 64 2 6 77 27 99 2 13 32 15 24 3 11 163 23 144 30 174 3 3 50 23 40 24 44 3 4 117 10 128 28 117 2 6 132 12 142 3 1 73 5 79 14 63 3 12 65 15 70 23 78 3 1 78 20 89 28 84 3 16 140 17 145 26 146 2 6 107 12 125 2 3 147 17 184 2 6 131 12 114 2 16 150 18 149 2 5 67 19 62 2 11 42 21 45 2 21 40 22 30 2 5 97 28 141 2 16 4 25 5 3 1 36 20 32 28 31 2 8 50 26 61
37 3 1 28 20 31 28 32 2 2 61 13 57 3 3 15 17 14 23 16 3 13 56 20 56 29 69 2 2 59 13 55 3 4 149 11 172 19 194 2 5 236 13 213 2 6 136 26 135 3 6 197 7 197 13 180 3 4 166 8 155 9 162 3 1 31 20 29 28 35 3 1 121 8 115 15 127 3 4 166 8 150 9 140 3 4 125 10 145 28 154 3 6 202 7 187 13 186 3 11 146 23 125 30 176 3 12 65 15 71 23 80 2 2 63 13 49 2 6 100 12 112 3 4 164 8 192 9 139 2 13 22 15 27 2 3 189 17 146 3 1 73 5 65 14 76 3 16 128 17 101 26 122 2 16 146 18 139 2 5 58 19 62 3 1 67 20 78 28 69 2 11 52 21 41 2 21 29 22 29 2 20 10 23 12 3 3 45 23 48 24 41 2 5 99 28 141 2 16 5 25 5 3 3 40 23 45 24 35 2 8 64 26 50 2 6 83 27 113 2 23 86 30 63
37 3 1 28 20 31 28 32 2 2 61 13 57 3 3 15 17 14 23 16 3 13 56 20 56 29 69 2 2 59 13 55 3 4 149 11 172 19 194 2 5 236 13 213 2 6 136 26 135 3 6 197 7 197 13 180 3 4 166 8 155 9 162 3 1 31 20 29 28 35 3 1 121 8 115 15 127 3 4 166 8 150 9 140 3 4 125 10 145 28 154 3 6 202 7 187 13 186 3 11 146 23 125 30 176 3 12 65 15 71 23 80 2 2 63 13 49 2 6 100 12 112 3 4 164 8 192 9 139 2 13 22 15 27 2 3 189 17 146 3 1 73 5 65 14 76 3 16 128 17 101 26 122 2 16 146 18 139 2 5 58 19 62 3 1 67 20 78 28 69 2 11 52 21 41 2 21 29 22 29 2 20 10 23 12 3 3 45 23 48 24 41 2 5 99 28 141 2 16 5 25 5 3 3 40 23 45 24 35 2 8 64 26 50 2 6 83 27 113 2 23 86 30 63
38 3 1 26 20 33 28 26 3 1 75 20 74 28 67 2 6 82 27 87 3 4 180 8 187 9 141 3 1 81 20 72 28 75 3 1 71 5 64 14 60 3 11 149 23 146 30 123 2 2 59 13 58 2 3 203 17 170 2 6 101 27 94 3 3 16 17 13 23 13 3 4 190 11 134 19 163 3 4 153 10 150 28 125 3 13 52 20 51 29 52 3 4 147 10 165 28 151 2 13 31 15 32 2 2 47 13 51 3 1 124 8 87 15 86 3 4 146 11 160 19 160 2 16 115 18 159 2 5 237 13 208 2 6 118 26 143 3 6 164 7 193 13 153 2 6 128 12 135 2 5 188 13 216 3 12 65 15 70 23 62 3 4 147 10 167 28 116 2 21 32 22 38 3 16 120 17 136 26 102 2 5 63 19 62 2 11 42 21 53 3 3 36 23 39 24 41 2 20 11 23 11 2 16 5 25 5 2 5 128 28 135 2 3 192 17 196 2 8 54 26 51 2 23 79 30 89
38 3 1 26 20 33 28 26 3 1 75 20 74 28 67 2 6 82 27 87 3 4 180 8 187 9 141 3 1 81 20 72 28 75 3 1 71 5 64 14 60 3 11 149 23 146 30 123 2 2 59 13 58 2 3 203 17 170 2 6 101 27 94 3 3 16 17 13 23 13 3 4 190 11 134 19 163 3 4 153 10 150 28 125 3 13 52 20 51 29 52 3 4 147 10 165 28 151 2 13 31 15 32 2 2 47 13 51 3 1 124 8 87 15 86 3 4 146 11 160 19 160 2 16 115 18 159 2 5 237 13 208 2 6 118 26 143 3 6 164 7 193 13 153 2 6 128 12 135 2 5 188 13 216 3 12 65 15 70 23 62 3 4 147 10 167 28 116 2 21 32 22 38 3 16 120 17 136 26 102 2 5 63 19 62 2 11 42 21 53 3 3 36 23 39 24 41 2 20 11 23 11 2 16 5 25 5 2 5 128 28 135 2 3 192 17 196 2 8 54 26 51 2 23 79 30 89
38 3 1 26 20 33 28 26 3 1 75 20 74 28 67 2 6 82 27 87 3 4 180 8 187 9 141 3 1 81 20 72 28 75 3 1 71 5 64 14 60 3 11 149 23 146 30 123 2 2 59 13 58 2 3 203 17 170 2 6 101 27 94 3 3 16 17 13 23 13 3 4 190 11 134 19 163 3 4 153 10 150 28 125 3 13 52 20 51 29 52 3 4 147 10 165 28 151 2 13 31 15 32 2 2 47 13 51 3 1 124 8 87 15 86 3 4 146 11 160 19 160 2 16 115 18 159 2 5 237 13 208 2 6 118 26 143 3 6 164 7 193 13 153 2 6 128 12 135 2 5 188 13 216 3 12 65 15 70 23 62 3 4 147 10 167 28 116 2 21 32 22 38 3 16 120 17 136 26 102 2 5 63 19 62 2 11 42 21 53 3 3 36 23 39 24 41 2 20 11 23 11 2 16 5 25 5 2 5 128 28 135 2 3 192 17 196 2 8 54 26 51 2 23 79 30 89
34 3 1 35 20 37 28 34 3 12 66 15 73 23 72 3 1 29 20 37 28 36 2 2 69 13 57 3 3 39 23 46 24 50 3 3 13 17 13 23 13 3 4 191 11 164 19 179 2 5 176 13 198 2 6 141 26 158 3 6 174 7 207 13 196 2 6 118 12 142 2 5 69 19 63 3 1 121 8 95 15 102 3 12 58 15 57 23 80 3 4 140 8 173 9 195 3 4 132 10 125 28 141 3 11 143 23 130 30 168 2 13 25 15 26 3 1 74 5 63 14 57 3 16 119 17 137 26 113 2 3 142 17 162 2 8 53 26 49 2 16 150 18 132 3 1 79 20 82 28 89 2 6 100 27 85 2 23 81 30 69 2 21 43 22 36 2 11 56 21 55 2 6 111 12 145 2 5 129 28 129 2 16 5 25 4 3 3 13 17 13 23 12 2 20 10 23 12 3 13 72 20 66 29 66
34 3 1 35 20 37 28 34 3 12 66 15 73 23 72 3 1 29 20 37 28 36 2 2 69 13 57 3 3 39 23 46 24 50 3 3 13 17 13 23 13 3 4 191 11 164 19 179 2 5 176 13 198 2 6 141 26 158 3 6 174 7 207 13 196 2 6 118 12 142 2 5 69 19 63 3 1 121 8 95 15 102 3 12 58 15 57 23 80 3 4 140 8 173 9 195 3 4 132 10 125 28 141 3 11 143 23 130 30 168 2 13 25 15 26 3 1 74 5 63 14 57 3 16 119 17 137 26 113 2 3 142 17 162 2 8 53 26 49 2 16 150 18 132 3 1 79 20 82 28 89 2 6 100 27 85 2 23 81 30 69 2 21 43 22 36 2 11 56 21 55 2 6 111 12 145 2 5 129 28 129 2 16 5 25 4 3 3 13 17 13 23 12 2 20 10 23 12 3 13 72 20 66 29 66
36 3 1 38 20 36 28 28 2 2 68 13 62 3 3 13 17 13 23 16 3 4 183 11 131 19 138 2 5 175 13 181 2 6 112 26 129 2 2 58 13 48 2 5 64 19 71 3 12 69 15 72 23 67 2 8 47 26 46 2 13 31 15 26 3 6 172 7 153 13 220 3 1 100 8 104 15 92 2 8 54 26 63 3 4 149 8 161 9 162 2 21 33 22 32 2 11 58 21 43 3 4 149 10 160 28 155 3 1 69 5 68 14 71 2 8 66 26 51 3 16 126 17 107 26 128 3 11 158 23 125 30 163 2 5 121 28 112 2 6 130 12 120 2 5 100 28 124 2 3 175 17 156 2 16 114 18 116 3 11 129 23 168 30 123 2 16 4 25 4 3 13 54 20 53 29 74 3 1 72 20 73 28 62 2 8 68 26 60 2 20 12 23 11 3 3 48 23 40 24 50 2 6 108 27 96 2 23 83 30 63
36 3 1 38 20 36 28 28 2 2 68 13 62 3 3 13 17 13 23 16 3 4 183 11 131 19 138 2 5 175 13 181 2 6 112 26 129 2 2 58 13 48 2 5 64 19 71 3 12 69 15 72 23 67 2 8 47 26 46 2 13 31 15 26 3 6 172 7 153 13 220 3 1 100 8 104 15 92 2 8 54 26 63 3 4 149 8 161 9 162 2 21 33 22 32 2 11 58 21 43 3 4 149 10 160 28 155 3 1 69 5 68 14 71 2 8 66 26 51 3 16 126 17 107 26 128 3 11 158 23 125 30 163 2 5 121 28 112 2 6 130 12 120 2 5 100 28 124 2 3 175 17 156 2 16 114 18 116 3 11 129 23 168 30 123 2 16 4 25 4 3 13 54 20 53 29 74 3 1 72 20 73 28 62 2 8 68 26 60 2 20 12 23 11 3 3 48 23 40 24 50 2 6 108 27 96 2 23 83 30 63
37 3 1 34 20 36 28 25 2 2 68 13 59 3 3 15 17 11 23 11 3 13 61 20 75 29 61 2 2 70 13 66 3 4 166 11 173 19 158 2 5 235 13 182 2 6 152 26 137 3 6 180 7 184 13 169 3 4 155 8 203 9 153 3 1 32 20 29 28 36 3 1 123 8 118 15 112 3 4 159 8 191 9 157 3 4 154 10 150 28 118 3 6 175 7 227 13 168 3 11 145 23 164 30 153 3 12 83 15 83 23 66 2 2 64 13 50 2 6 135 12 143 3 4 189 8 179 9 153 2 13 24 15 29 2 3 164 17 186 3 1 79 5 60 14 58 3 16 119 17 128 26 134 2 16 143 18 134 2 5 72 19 74 3 1 74 20 70 28 89 2 11 57 21 51 2 21 33 22 31 2 20 9 23 12 3 3 37 23 36 24 47 2 5 125 28 109 2 16 4 25 5 3 3 43 23 44 24 44 2 8 59 26 67 2 6 111 27 96 2 23 83 30 76
37 3 1 34 20 36 28 25 2 2 68 13 59 3 3 15 17 11 23 11 3 13 61 20 75 29 61 2 2 70 13 66 3 4 166 11 173 19 158 2 5 235 13 182 2 6 152 26 137 3 6 180 7 184 13 169 3 4 155 8 203 9 153 3 1 32 20 29 28 36 3 1 123 8 118 15 112 3 4 159 8 191 9 157 3 4 154 10 150 28 118 3 6 175 7 227 13 168 3 11 145 23 164 30 153 3 12 83 15 83 23 66 2 2 64 13 50 2 6 135 12 143 3 4 189 8 179 9 153 2 13 24 15 29 2 3 164 17 186 3 1 79 5 60 14 58 3 16 119 17 128 26 134 2 16 143 18 134 2 5 72 19 74 3 1 74 20 70 28 89 2 11 57 21 51 2 21 33 22 31 2 20 9 23 12 3 3 37 23 36 24 47 2 5 125 28 109 2 16 4 25 5 3 3 43 23 44 24 44 2 8 59 26 67 2 6 111 27 96 2 23 83 30 76
37 3 1 34 20 36 28 25 2 2 68 13 59 3 3 15 17 11 23 11 3 13 61 20 75 29 61 2 2 70 13 66 3 4 166 11 173 19 158 2 5 235 13 182 2 6 152 26 137 3 6 180 7 184 13 169 3 4 155 8 203 9 153 3 1 32 20 29 28 36 3 1 123 8 118 15 112 3 4 159 8 191 9 157 3 4 154 10 150 28 118 3 6 175 7 227 13 168 3 11 145 23 164 30 153 3 12 83 15 83 23 66 2 2 64 13 50 2 6 135 12 143 3 4 189 8 179 9 153 2 13 24 15 29 2 3 164 17 186 3 1 79 5 60 14 58 3 16 119 17 128 26 134 2 16 143 18 134 2 5 72 19 74 3 1 74 20 70 28 89 2 11 57 21 51 2 21 33 22 31 2 20 9 23 12 3 3 37 23 36 24 47 2 5 125 28 109 2 16 4 25 5 3 3 43 23 44 24 44 2 8 59 26 67 2 6 111 27 96 2 23 83 30 76
38 3 1 27 20 36 28 34 2 2 53 13 50 3 3 14 17 16 23 14 3 4 194 11 182 19 188 2 20 12 23 11 3 1 92 8 94 15 126 2 6 113 26 115 2 5 219 13 209 3 6 157 7 188 13 213 2 20 12 23 10 3 4 195 8 143 9 186 3 4 145 10 166 28 153 3 11 144 23 170 30 128 2 6 85 27 106 3 11 177 23 167 30 160 2 6 140 12 122 2 2 67 13 68 2 13 26 15 26 3 4 191 8 160 9 201 3 1 81 5 82 14 82 3 12 64 15 71 23 76 3 4 182 11 162 19 145 3 16 106 17 144 26 123 2 3 142 17 165 3 3 16 17 11 23 13 2 16 146 18 165 3 12 72 15 74 23 69 2 5 54 19 63 2 11 40 21 44 3 1 66 20 66 28 72 2 5 115 28 114 3 13 52 20 73 29 50 2 21 42 22 36 3 3 35 23 49 24 46 2 16 4 25 5 2 8 52 26 47 2 3 175 17 186 2 23 85 30 87
38 3 1 27 20 36 28 34 2 2 53 13 50 3 3 14 17 16 23 14 3 4 194 11 182 19 188 2 20 12 23 11 3 1 92 8 94 15 126 2 6 113 26 115 2 5 219 13 209 3 6 157 7 188 13 213 2 20 12 23 10 3 4 195 8 143 9 186 3 4 145 10 166 28 153 3 11 144 23 170 30 128 2 6 85 27 106 3 11 177 23 167 30 160 2 6 140 12 122 2 2 67 13 68 2 13 26 15 26 3 4 191 8 160 9 201 3 1 81 5 82 14 82 3 12 64 15 71 23 76 3 4 182 11 162 19 145 3 16 106 17 144 26 123 2 3 142 17 165 3 3 16 17 11 23 13 2 16 146 18 165 3 12 72 15 74 23 69 2 5 54 19 63 2 11 40 21 44 3 1 66 20 66 28 72 2 5 115 28 114 3 13 52 20 73 29 50 2 21 42 22 36 3 3 35 23 49 24 46 2 16 4 25 5 2 8 52 26 47 2 3 175 17 186 2 23 85 30 87
38 3 1 27 20 36 28 34 2 2 53 13 50 3 3 14 17 16 23 14 3 4 194 11 182 19 188 2 20 12 23 11 3 1 92 8 94 15 126 2 6 113 26 115 2 5 219 13 209 3 6 157 7 188 13 213 2 20 12 23 10 3 4 195 8 143 9 186 3 4 145 10 166 28 153 3 11 144 23 170 30 128 2 6 85 27 106 3 11 177 23 167 30 160 2 6 140 12 122 2 2 67 13 68 2 13 26 15 26 3 4 191 8 160 9 201 3 1 81 5 82 14 82 3 12 64 15 71 23 76 3 4 182 11 162 19 145 3 16 106 17 144 26 123 2 3 142 17 165 3 3 16 17 11 23 13 2 16 146 18 165 3 12 72 15 74 23 69 2 5 54 19 63 2 11 40 21 44 3 1 66 20 66 28 72 2 5 115 28 114 3 13 52 20 73 29 50 2 21 42 22 36 3 3 35 23 49 24 46 2 16 4 25 5 2 8 52 26 47 2 3 175 17 186 2 23 85 30 87
32 3 1 32 20 34 28 33 2 6 109 12 139 2 2 70 13 64 3 3 13 17 14 23 14 2 5 185 13 201 3 4 158 11 173 19 146 2 6 135 26 121 3 13 54 20 56 29 56 3 3 46 23 37 24 38 3 1 29 20 29 28 30 3 6 209 7 174 13 201 3 1 87 8 87 15 102 3 4 139 8 178 9 170 3 4 127 10 137 28 116 2 16 145 18 141 3 4 151 8 171 9 186 3 11 170 23 178 30 122 2 13 30 15 33 3 1 77 5 67 14 61 3 1 71 20 87 28 78 3 12 73 15 58 23 79 3 16 114 17 112 26 110 2 3 172 17 176 2 5 62 19 67 2 11 58 21 58 2 21 38 22 40 2 16 4 25 4 2 6 91 27 78 2 20 12 23 11 2 8 53 26 50 2 5 118 28 115 2 23 78 30 68
32 3 1 32 20 34 28 33 2 6 109 12 139 2 2 70 13 64 3 3 13 17 14 23 14 2 5 185 13 201 3 4 158 11 173 19 146 2 6 135 26 121 3 13 54 20 56 29 56 3 3 46 23 37 24 38 3 1 29 20 29 28 30 3 6 209 7 174 13 201 3 1 87 8 87 15 102 3 4 139 8 178 9 170 3 4 127 10 137 28 116 2 16 145 18 141 3 4 151 8 171 9 186 3 11 170 23 178 30 122 2 13 30 15 33 3 1 77 5 67 14 61 3 1 71 20 87 28 78 3 12 73 15 58 23 79 3 16 114 17 112 26 110 2 3 172 17 176 2 5 62 19 67 2 11 58 21 58 2 21 38 22 40 2 16 4 25 4 2 6 91 27 78 2 20 12 23 11 2 8 53 26 50 2 5 118 28 115 2 23 78 30 68
38 3 1 32 20 28 28 37 3 1 62 20 67 28 83 2 6 90 27 112 3 4 186 8 203 9 196 3 1 69 20 87 28 88 3 1 70 5 69 14 82 3 11 158 23 135 30 175 2 2 62 13 68 2 3 188 17 140 2 6 84 27 103 3 3 12 17 14 23 13 3 4 138 11 146 19 185 3 4 134 10 161 28 113 3 13 51 20 68 29 52 3 4 166 10 135 28 146 2 13 25 15 31 2 2 50 13 48 3 1 124 8 94 15 90 3 4 136 11 138 19 189 2 16 163 18 131 2 5 197 13 233 2 6 126 26 151 3 6 153 7 178 13 209 2 6 126 12 108 2 5 171 13 220 3 12 80 15 76 23 59 3 4 130 10 154 28 140 2 21 39 22 38 3 16 136 17 134 26 103 2 5 76 19 79 2 11 46 21 46 3 3 40 23 41 24 36 2 20 9 23 12 2 16 5 25 5 2 5 105 28 104 2 3 146 17 136 2 8 55 26 53 2 23 88 30 62
36 3 1 33 20 31 28 26 2 2 47 13 68 3 3 12 17 14 23 14 3 4 195 11 131 19 167 3 3 12 17 11 23 11 2 23 64 30 80 2 5 177 13 186 2 6 130 26 138 3 6 223 7 226 13 166 3 1 117 8 96 15 104 3 4 158 8 175 9 171 3 4 176 11 174 19 187 2 13 23 15 28 2 20 11 23 9 3 13 57 20 71 29 68 2 6 108 27 102 2 13 28 15 24 3 11 170 23 167 30 172 3 3 46 23 49 24 45 3 4 137 10 151 28 154 2 6 98 12 122 3 1 61 5 80 14 63 3 12 75 15 61 23 77 3 1 84 20 83 28 67 3 16 150 17 132 26 118 2 6 103 12 140 2 3 163 17 140 2 6 132 12 110 2 16 145 18 146 2 5 70 19 72 2 11 44 21 42 2 21 34 22 41 2 5 121 28 130 2 16 4 25 4 3 1 34 20 26 28 26 2 8 50 26 66
36 3 1 33 20 31 28 26 2 2 47 13 68 3 3 12 17 14 23 14 3 4 195 11 131 19 167 3 3 12 17 11 23 11 2 23 64 30 80 2 5 177 13 186 2 6 130 26 138 3 6 223 7 226 13 166 3 1 117 8 96 15 104 3 4 158 8 175 9 171 3 4 176 11 174 19 187 2 13 23 15 28 2 20 11 23 9 3 13 57 20 71 29 68 2 6 108 27 102 2 13 28 15 24 3 11 170 23 167 30 172 3 3 46 23 49 24 45 3 4 137 10 151 28 154 2 6 98 12 122 3 1 61 5 80 14 63 3 12 75 15 61 23 77 3 1 84 20 83 28 67 3 16 150 17 132 26 118 2 6 103 12 140 2 3 163 17 140 2 6 132 12 110 2 16 145 18 146 2 5 70 19 72 2 11 44 21 42 2 21 34 22 41 2 5 121 28 130 2 16 4 25 4 3 1 34 20 26 28 26 2 8 50 26 66
36 3 1 33 20 31 28 26 2 2 47 13 68 3 3 12 17 14 23 14 3 4 195 11 131 19 167 3 3 12 17 11 23 11 2 23 64 30 80 2 5 177 13 186 2 6 130 26 138 3 6 223 7 226 13 166 3 1 117 8 96 15 104 3 4 158 8 175 9 171 3 4 176 11 174 19 187 2 13 23 15 28 2 20 11 23 9 3 13 57 20 71 29 68 2 6 108 27 102 2 13 28 15 24 3 11 170 23 167 30 172 3 3 46 23 49 24 45 3 4 137 10 151 28 154 2 6 98 12 122 3 1 61 5 80 14 63 3 12 75 15 61 23 77 3 1 84 20 83 28 67 3 16 150 17 132 26 118 2 6 103 12 140 2 3 163 17 140 2 6 132 12 110 2 16 145 18 146 2 5 70 19 72 2 11 44 21 42 2 21 34 22 41 2 5 121 28 130 2 16 4 25 4 3 1 34 20 26 28 26 2 8 50 26 66
36 2 5 139 28 130 3 1 91 8 110 15 109 2 5 100 28 104 3 1 32 20 27 28 27 2 2 59 13 69 3 3 14 17 12 23 11 3 4 145 11 164 19 169 2 5 167 13 239 2 8 62 26 58 3 3 16 17 16 23 12 2 6 143 26 114 3 6 213 7 212 13 152 3 4 143 8 198 9 182 3 4 118 10 125 28 136 2 11 51 21 46 3 11 160 23 136 30 142 2 6 145 12 118 2 13 29 15 30 2 21 40 22 31 2 5 107 28 109 3 1 82 5 74 14 67 3 11 160 23 180 30 170 2 3 149 17 170 2 20 9 23 12 2 16 4 25 4 2 6 85 27 78 3 12 62 15 67 23 73 3 16 111 17 126 26 130 2 20 8 23 8 2 16 147 18 153 2 5 60 19 63 2 6 110 12 119 3 1 77 20 83 28 91 3 3 47 23 44 24 47 3 13 74 20 50 29 69 2 23 82 30 83
36 2 5 139 28 130 3 1 91 8 110 15 109 2 5 100 28 104 3 1 32 20 27 28 27 2 2 59 13 69 3 3 14 17 12 23 11 3 4 145 11 164 19 169 2 5 167 13 239 2 8 62 26 58 3 3 16 17 16 23 12 2 6 143 26 114 3 6 213 7 212 13 152 3 4 143 8 198 9 182 3 4 118 10 125 28 136 2 11 51 21 46 3 11 160 23 136 30 142 2 6 145 12 118 2 13 29 15 30 2 21 40 22 31 2 5 107 28 109 3 1 82 5 74 14 67 3 11 160 23 180 30 170 2 3 149 17 170 2 20 9 23 12 2 16 4 25 4 2 6 85 27 78 3 12 62 15 67 23 73 3 16 111 17 126 26 130 2 20 8 23 8 2 16 147 18 153 2 5 60 19 63 2 6 110 12 119 3 1 77 20 83 28 91 3 3 47 23 44 24 47 3 13 74 20 50 29 69 2 23 82 30 83
36 3 1 33 20 30 28 34 2 2 48 13 60 3 3 16 17 11 23 16 3 4 194 11 169 19 134 3 3 11 17 12 23 11 2 23 83 30 72 2 5 191 13 201 2 6 147 26 113 3 6 209 7 205 13 178 3 1 115 8 107 15 120 3 4 166 8 178 9 152 3 4 168 11 158 19 134 2 13 24 15 29 2 20 9 23 10 3 13 72 20 59 29 63 2 6 106 27 109 2 13 28 15 23 3 11 172 23 163 30 170 3 3 41 23 38 24 37 3 4 139 10 160 28 115 2 6 108 12 101 3 1 63 5 65 14 65 3 12 63 15 83 23 82 3 1 78 20 84 28 83 3 16 151 17 102 26 148 2 6 104 12 112 2 3 166 17 194 2 6 119 12 133 2 16 130 18 130 2 5 55 19 73 2 11 41 21 41 2 21 39 22 40 2 5 135 28 111 2 16 4 25 4 3 1 35 20 28 28 34 2 8 63 26 53
34 3 1 34 20 33 28 28 2 2 64 13 69 3 1 82 20 76 28 63 3 3 16 17 15 23 11 3 4 163 11 148 19 183 2 5 204 13 184 2 6 138 26 154 3 6 164 7 155 13 164 3 1 112 8 90 15 105 3 4 139 8 198 9 199 2 16 4 25 4 3 6 214 7 198 13 170 2 8 58 26 64 3 4 130 10 167 28 154 3 11 173 23 131 30 125 2 16 4 25 4 2 6 141 12 145 3 6 181 7 195 13 226 2 13 27 15 29 2 6 87 27 85 3 4 166 10 167 28 160 3 1 74 5 82 14 58 3 13 60 20 75 29 60 3 12 58 15 70 23 62 3 16 112 17 113 26 136 2 3 196 17 140 2 16 144 18 160 2 5 75 19 57 2 11 56 21 45 3 3 37 23 44 24 36 2 5 98 28 104 2 21 30 22 41 2 23 77 30 74 2 20 10 23 9
34 3 1 34 20 33 28 28 2 2 64 13 69 3 1 82 20 76 28 63 3 3 16 17 15 23 11 3 4 163 11 148 19 183 2 5 204 13 184 2 6 138 26 154 3 6 164 7 155 13 164 3 1 112 8 90 15 105 3 4 139 8 198 9 199 2 16 4 25 4 3 6 214 7 198 13 170 2 8 58 26 64 3 4 130 10 167 28 154 3 11 173 23 131 30 125 2 16 4 25 4 2 6 141 12 145 3 6 181 7 195 13 226 2 13 27 15 29 2 6 87 27 85 3 4 166 10 167 28 160 3 1 74 5 82 14 58 3 13 60 20 75 29 60 3 12 58 15 70 23 62 3 16 112 17 113 26 136 2 3 196 17 140 2 16 144 18 160 2 5 75 19 57 2 11 56 21 45 3 3 37 23 44 24 36 2 5 98 28 104 2 21 30 22 41 2 23 77 30 74 2 20 10 23 9
35 3 1 35 20 37 28 31 2 16 5 25 4 2 2 63 13 65 3 3 14 17 15 23 15 3 4 159 8 196 9 205 3 4 154 11 139 19 157 2 20 10 23 11 2 5 103 28 100 3 1 27 20 32 28 33 3 16 110 17 131 26 144 3 12 79 15 65 23 57 2 23 64 30 90 3 4 163 8 168 9 146 2 8 66 26 65 2 21 36 22 30 3 1 68 5 66 14 60 2 16 5 25 5 3 1 78 20 88 28 68 2 5 227 13 212 3 16 139 17 143 26 128 3 4 118 10 118 28 138 2 6 135 26 139 3 6 183 7 173 13 157 3 13 65 20 58 29 56 3 1 114 8 113 15 97 3 11 128 23 160 30 182 2 13 27 15 31 2 6 104 12 141 2 3 183 17 170 2 5 72 19 79 2 16 117 18 151 2 11 56 21 55 2 6 83 27 90 3 1 25 20 36 28 33 3 3 36 23 39 24 36
35 3 1 35 20 37 28 31 2 16 5 25 4 2 2 63 13 65 3 3 14 17 15 23 15 3 4 159 8 196 9 205 3 4 154 11 139 19 157 2 20 10 23 11 2 5 103 28 100 3 1 27 20 32 28 33 3 16 110 17 131 26 144 3 12 79 15 65 23 57 2 23 64 30 90 3 4 163 8 168 9 146 2 8 66 26 65 2 21 36 22 30 3 1 68 5 66 14 60 2 16 5 25 5 3 1 78 20 88 28 68 2 5 227 13 212 3 16 139 17 143 26 128 3 4 118 10 118 28 138 2 6 135 26 139 3 6 183 7 173 13 157 3 13 65 20 58 29 56 3 1 114 8 113 15 97 3 11 128 23 160 30 182 2 13 27 15 31 2 6 104 12 141 2 3 183 17 170 2 5 72 19 79 2 16 117 18 151 2 11 56 21 55 2 6 83 27 90 3 1 25 20 36 28 33 3 3 36 23 39 24 36
35 3 1 35 20 37 28 31 2 16 5 25 4 2 2 63 13 65 3 3 14 17 15 23 15 3 4 159 8 196 9 205 3 4 154 11 139 19 157 2 20 10 23 11 2 5 103 28 100 3 1 27 20 32 28 33 3 16 110 17 131 26 144 3 12 79 15 65 23 57 2 23 64 30 90 3 4 163 8 168 9 146 2 8 66 26 65 2 21 36 22 30 3 1 68 5 66 14 60 2 16 5 25 5 3 1 78 20 88 28 68 2 5 227 13 212 3 16 139 17 143 26 128 3 4 118 10 118 28 138 2 6 135 26 139 3 6 183 7 173 13 157 3 13 65 20 58 29 56 3 1 114 8 113 15 97 3 11 128 23 160 30 182 2 13 27 15 31 2 6 104 12 141 2 3 183 17 170 2 5 72 19 79 2 16 117 18 151 2 11 56 21 55 2 6 83 27 90 3 1 25 20 36 28 33 3 3 36 23 39 24 36
38 3 1 30 20 28 28 31 2 2 67 13 66 3 3 11 17 11 23 11 3 4 135 11 183 19 174 2 20 10 23 9 3 1 92 8 112 15 122 2 6 156 26 107 2 5 238 13 198 3 6 207 7 158 13 201 2 20 10 23 10 3 4 176 8 181 9 161 3 4 136 10 154 28 145 3 11 183 23 135 30 124 2 6 81 27 97 3 11 179 23 162 30 131 2 6 123 12 119 2 2 56 13 65 2 13 25 15 24 3 4 200 8 189 9 203 3 1 67 5 61 14 70 3 12 83 15 63 23 77 3 4 188 11 186 19 146 3 16 106 17 107 26 110 2 3 141 17 156 3 3 11 17 14 23 14 2 16 156 18 136 3 12 64 15 56 23 75 2 5 66 19 78 2 11 53 21 51 3 1 75 20 82 28 75 2 5 134 28 138 3 13 55 20 69 29 64 2 21 42 22 28 3 3 39 23 45 24 44 2 16 5 25 4 2 8 51 26 61 2 3 143 17 171 2 23 87 30 61
34 3 1 33 20 35 28 33 2 2 59 13 53 2 3 199 17 141 3 3 16 17 13 23 11 3 16 110 17 147 26 140 2 3 200 17 143 3 4 176 11 163 19 185 2 5 169 13 194 3 11 166 23 164 30 154 3 16 120 17 134 26 128 3 13 50 20 53 29 59 2 6 144 26 126 3 6 166 7 218 13 177 3 4 136 10 114 28 154 3 1 100 8 108 15 96 3 3 36 23 45 24 36 3 13 62 20 67 29 74 3 4 142 8 174 9 178 2 6 123 12 99 2 13 24 15 29 2 11 49 21 57 3 1 76 5 69 14 59 2 5 132 28 131 3 1 59 5 62 14 58 3 12 68 15 57 23 72 2 16 161 18 169 2 8 58 26 50 2 5 59 19 79 3 1 74 20 69 28 65 2 20 10 23 11 2 21 31 22 42 2 16 4 25 5 2 6 92 27 107 2 23 77 30 79
37 3 1 31 20 29 28 35 2 2 47 13 66 3 3 14 17 16 23 12 3 13 66 20 60 29 62 2 2 49 13 66 3 4 170 11 183 19 142 2 5 180 13 198 2 6 158 26 144 3 6 206 7 178 13 199 3 4 146 8 174 9 160 3 1 32 20 29 28 35 3 1 123 8 116 15 92 3 4 177 8 181 9 154 3 4 132 10 129 28 152 3 6 198 7 208 13 164 3 11 179 23 150 30 161 3 12 61 15 58 23 79 2 2 67 13 54 2 6 130 12 126 3 4 148 8 139 9 141 2 13 32 15 22 2 3 196 17 161 3 1 71 5 58 14 58 3 16 137 17 136 26 125 2 16 131 18 160 2 5 58 19 80 3 1 79 20 63 28 82 2 11 41 21 40 2 21 32 22 31 2 20 13 23 9 3 3 38 23 41 24 44 2 5 98 28 111 2 16 4 25 5 3 3 44 23 42 24 47 2 8 52 26 64 2 6 101 27 112 2 23 70 30 86
34 3 1 28 20 36 28 26 2 6 102 27 83 3 1 90 20 79 28 86 3 1 29 20 36 28 30 2 2 70 13 53 3 3 13 17 14 23 14 3 4 174 11 186 19 161 2 5 237 13 197 2 6 129 26 136 3 6 177 7 196 13 178 3 16 146 17 137 26 150 2 6 103 27 96 3 1 102 8 112 15 95 3 4 151 8 184 9 182 3 4 142 10 144 28 117 3 11 180 23 135 30 164 2 6 98 12 115 3 1 78 20 67 28 84 2 23 88 30 67 2 13 24 15 23 3 1 62 5 82 14 66 3 12 63 15 74 23 66 2 5 108 28 111 2 3 155 17 182 2 16 4 25 4 2 16 133 18 146 3 3 12 17 12 23 16 2 5 77 19 68 3 3 44 23 35 24 36 2 20 10 23 8 2 21 40 22 32 2 11 46 21 44 3 13 69 20 66 29 54 2 8 62 26 60
38 3 1 35 20 28 28 29 3 1 72 20 69 28 84 2 6 108 27 98 3 4 152 8 188 9 164 3 1 79 20 72 28 89 3 1 61 5 76 14 59 3 11 143 23 159 30 169 2 2 62 13 62 2 3 144 17 197 2 6 94 27 89 3 3 11 17 12 23 11 3 4 139 11 184 19 180 3 4 113 10 116 28 144 3 13 52 20 54 29 71 3 4 146 10 163 28 147 2 13 29 15 30 2 2 50 13 69 3 1 122 8 113 15 107 3 4 154 11 144 19 134 2 16 122 18 130 2 5 174 13 237 2 6 118 26 136 3 6 210 7 198 13 165 2 6 137 12 112 2 5 175 13 191 3 12 75 15 60 23 76 3 4 167 10 116 28 143 2 21 34 22 30 3 16 104 17 115 26 124 2 5 53 19 79 2 11 45 21 53 3 3 43 23 37 24 38 2 20 12 23 12 2 16 5 25 4 2 5 111 28 127 2 3 179 17 178 2 8 63 26 51 2 23 78 30 66
DUE_DATES: 3287 3287 3749 3749 3749 3438 3438 4022 3737 3737 3297 3297 3297 3659 3659 3659 3874 3874 4264 4264 4264 3392 3392 3528 3528 4006 4006 4006 4077 4077 4077 3264 3264 4240 3666 3666 3666 3685 3685 3634 3714 3714 3499 3499 3499 4035 3579 3898 3365 4216
WEIGHTS: 1 2 1 1 1 3 3 2 1 2 3 2 2 1 2 1 3 1 3 2 1 1 1 3 3 2 2 2 3 3 1 1 2 1 2 3 1 3 3 2 1 1 3 2 2 3 3 3 2 3
