50 30
33 2 1 68 26 81 2 3 51 27 58 3 2 204 17 178 23 143 3 10 139 13 158 30 156 3 4 47 8 35 28 39 2 25 196 28 189 3 5 184 8 185 12 152 3 4 39 8 45 28 46 2 6 92 13 122 3 7 94 19 84 23 111 3 4 86 18 61 26 68 2 8 74 24 90 3 2 103 9 150 15 111 3 4 60 11 76 21 68 2 10 87 24 91 3 1 153 12 139 13 163 2 7 161 13 131 3 16 129 18 97 24 125 3 2 180 17 154 23 189 2 8 117 28 146 2 14 149 29 190 2 10 9 17 11 2 3 53 23 68 2 2 197 15 168 3 8 10 10 13 22 12 3 16 105 19 85 29 97 3 3 47 29 39 30 43 3 5 55 6 53 20 48 3 11 28 14 29 21 37 2 3 65 23 57 2 24 36 26 40 3 23 147 25 104 26 112 3 25 130 27 148 30 122
35 2 1 85 26 80 3 2 180 17 169 23 197 3 7 90 19 87 23 109 2 3 52 27 69 3 4 47 8 49 28 36 2 1 72 26 62 3 10 147 13 159 30 149 3 16 119 19 101 29 96 3 5 170 8 175 12 155 2 6 100 13 90 2 8 96 24 78 3 2 115 9 130 15 121 3 5 51 6 67 20 51 2 10 94 24 90 3 4 65 11 76 21 81 3 1 169 12 178 13 125 2 7 142 13 114 2 14 141 29 153 2 2 164 15 171 2 7 122 13 160 3 16 108 18 91 24 125 2 8 150 28 164 2 10 11 17 11 3 11 38 14 40 21 31 3 8 11 10 13 22 9 3 10 160 13 145 30 123 3 4 79 18 87 26 76 3 23 139 25 103 26 104 2 3 69 23 57 2 24 39 26 42 3 2 143 9 123 15 138 2 25 168 28 154 2 8 125 28 152 3 25 146 27 150 30 138 3 3 39 29 45 30 42
35 2 1 85 26 80 3 2 180 17 169 23 197 3 7 90 19 87 23 109 2 3 52 27 69 3 4 47 8 49 28 36 2 1 72 26 62 3 10 147 13 159 30 149 3 16 119 19 101 29 96 3 5 170 8 175 12 155 2 6 100 13 90 2 8 96 24 78 3 2 115 9 130 15 121 3 5 51 6 67 20 51 2 10 94 24 90 3 4 65 11 76 21 81 3 1 169 12 178 13 125 2 7 142 13 114 2 14 141 29 153 2 2 164 15 171 2 7 122 13 160 3 16 108 18 91 24 125 2 8 150 28 164 2 10 11 17 11 3 11 38 14 40 21 31 3 8 11 10 13 22 9 3 10 160 13 145 30 123 3 4 79 18 87 26 76 3 23 139 25 103 26 104 2 3 69 23 57 2 24 39 26 42 3 2 143 9 123 15 138 2 25 168 28 154 2 8 125 28 152 3 25 146 27 150 30 138 3 3 39 29 45 30 42
35 2 1 85 26 80 3 2 180 17 169 23 197 3 7 90 19 87 23 109 2 3 52 27 69 3 4 47 8 49 28 36 2 1 72 26 62 3 10 147 13 159 30 149 3 16 119 19 101 29 96 3 5 170 8 175 12 155 2 6 100 13 90 2 8 96 24 78 3 2 115 9 130 15 121 3 5 51 6 67 20 51 2 10 94 24 90 3 4 65 11 76 21 81 3 1 169 12 178 13 125 2 7 142 13 114 2 14 141 29 153 2 2 164 15 171 2 7 122 13 160 3 16 108 18 91 24 125 2 8 150 28 164 2 10 11 17 11 3 11 38 14 40 21 31 3 8 11 10 13 22 9 3 10 160 13 145 30 123 3 4 79 18 87 26 76 3 23 139 25 103 26 104 2 3 69 23 57 2 24 39 26 42 3 2 143 9 123 15 138 2 25 168 28 154 2 8 125 28 152 3 25 146 27 150 30 138 3 3 39 29 45 30 42
35 2 1 85 26 80 3 2 180 17 169 23 197 3 7 90 19 87 23 109 2 3 52 27 69 3 4 47 8 49 28 36 2 1 72 26 62 3 10 147 13 159 30 149 3 16 119 19 101 29 96 3 5 170 8 175 12 155 2 6 100 13 90 2 8 96 24 78 3 2 115 9 130 15 121 3 5 51 6 67 20 51 2 10 94 24 90 3 4 65 11 76 21 81 3 1 169 12 178 13 125 2 7 142 13 114 2 14 141 29 153 2 2 164 15 171 2 7 122 13 160 3 16 108 18 91 24 125 2 8 150 28 164 2 10 11 17 11 3 11 38 14 40 21 31 3 8 11 10 13 22 9 3 10 160 13 145 30 123 3 4 79 18 87 26 76 3 23 139 25 103 26 104 2 3 69 23 57 2 24 39 26 42 3 2 143 9 123 15 138 2 25 168 28 154 2 8 125 28 152 3 25 146 27 150 30 138 3 3 39 29 45 30 42
37 2 1 61 26 69 2 25 190 28 217 2 10 9 17 9 2 25 176 28 155 3 2 192 17 159 23 192 2 3 63 27 70 3 4 45 8 34 28 49 3 5 143 8 136 12 141 2 6 111 13 109 3 7 85 19 99 23 94 2 6 128 13 100 3 16 88 19 115 29 103 2 2 224 15 174 3 4 37 8 45 28 41 2 8 86 24 94 2 8 156 28 151 3 8 13 10 9 22 13 3 2 121 9 139 15 120 3 16 93 19 116 29 122 2 10 120 24 124 2 10 11 17 8 3 4 74 11 58 21 59 3 1 128 12 138 13 185 2 7 116 13 136 2 14 128 29 175 3 16 115 18 116 24 108 3 3 49 29 58 30 46 2 3 65 23 54 3 4 63 18 77 26 59 3 2 149 9 134 15 116 3 5 51 6 54 20 56 3 11 35 14 28 21 37 2 24 41 26 39 3 23 125 25 112 26 109 3 25 152 27 106 30 143 2 14 143 29 162 3 10 132 13 121 30 144
37 2 1 61 26 69 2 25 190 28 217 2 10 9 17 9 2 25 176 28 155 3 2 192 17 159 23 192 2 3 63 27 70 3 4 45 8 34 28 49 3 5 143 8 136 12 141 2 6 111 13 109 3 7 85 19 99 23 94 2 6 128 13 100 3 16 88 19 115 29 103 2 2 224 15 174 3 4 37 8 45 28 41 2 8 86 24 94 2 8 156 28 151 3 8 13 10 9 22 13 3 2 121 9 139 15 120 3 16 93 19 116 29 122 2 10 120 24 124 2 10 11 17 8 3 4 74 11 58 21 59 3 1 128 12 138 13 185 2 7 116 13 136 2 14 128 29 175 3 16 115 18 116 24 108 3 3 49 29 58 30 46 2 3 65 23 54 3 4 63 18 77 26 59 3 2 149 9 134 15 116 3 5 51 6 54 20 56 3 11 35 14 28 21 37 2 24 41 26 39 3 23 125 25 112 26 109 3 25 152 27 106 30 143 2 14 143 29 162 3 10 132 13 121 30 144
37 2 1 61 26 69 2 25 190 28 217 2 10 9 17 9 2 25 176 28 155 3 2 192 17 159 23 192 2 3 63 27 70 3 4 45 8 34 28 49 3 5 143 8 136 12 141 2 6 111 13 109 3 7 85 19 99 23 94 2 6 128 13 100 3 16 88 19 115 29 103 2 2 224 15 174 3 4 37 8 45 28 41 2 8 86 24 94 2 8 156 28 151 3 8 13 10 9 22 13 3 2 121 9 139 15 120 3 16 93 19 116 29 122 2 10 120 24 124 2 10 11 17 8 3 4 74 11 58 21 59 3 1 128 12 138 13 185 2 7 116 13 136 2 14 128 29 175 3 16 115 18 116 24 108 3 3 49 29 58 30 46 2 3 65 23 54 3 4 63 18 77 26 59 3 2 149 9 134 15 116 3 5 51 6 54 20 56 3 11 35 14 28 21 37 2 24 41 26 39 3 23 125 25 112 26 109 3 25 152 27 106 30 143 2 14 143 29 162 3 10 132 13 121 30 144
37 2 10 103 24 94 2 14 156 29 175 2 1 69 26 82 2 10 109 24 92 3 5 49 6 68 20 57 2 1 60 26 79 3 2 170 17 155 23 170 2 3 65 27 70 3 4 33 8 42 28 43 2 10 85 24 87 3 5 138 8 155 12 141 3 5 67 6 63 20 70 2 6 121 13 96 3 7 110 19 80 23 79 2 3 65 27 51 3 16 119 18 101 24 107 2 8 106 24 81 3 2 141 9 108 15 117 3 23 108 25 142 26 122 2 25 215 28 159 2 7 131 13 146 3 4 87 11 75 21 87 2 8 76 24 97 3 1 156 12 127 13 151 2 2 215 15 186 2 10 8 17 8 2 8 119 28 119 3 11 37 14 35 21 32 3 4 82 18 72 26 60 3 16 102 19 124 29 106 3 8 9 10 10 22 11 2 3 66 23 74 3 3 58 29 46 30 47 2 24 36 26 40 2 10 105 24 116 3 25 136 27 127 30 115 3 10 138 13 165 30 157
36 2 1 62 26 74 3 2 198 17 146 23 152 2 2 179 15 166 2 3 56 27 57 3 4 39 8 42 28 49 3 2 163 17 161 23 144 2 8 131 28 132 3 5 153 8 178 12 181 2 6 112 13 86 3 7 80 19 109 23 113 3 2 171 17 197 23 193 2 8 80 24 89 3 2 119 9 112 15 118 2 25 206 28 208 2 10 90 24 117 3 10 164 13 163 30 135 3 4 65 11 65 21 68 3 5 139 8 164 12 147 3 1 185 12 167 13 124 3 16 133 18 133 24 108 3 7 112 19 102 23 112 2 7 155 13 130 3 4 72 18 58 26 74 2 14 190 29 135 3 25 151 27 110 30 121 3 8 10 10 14 22 12 2 10 11 17 8 3 16 107 19 111 29 92 2 3 67 27 57 3 5 53 6 60 20 66 3 11 40 14 30 21 33 3 23 122 25 145 26 123 2 3 62 23 78 2 24 41 26 47 3 1 171 12 146 13 144 3 3 50 29 49 30 43
36 2 1 62 26 74 3 2 198 17 146 23 152 2 2 179 15 166 2 3 56 27 57 3 4 39 8 42 28 49 3 2 163 17 161 23 144 2 8 131 28 132 3 5 153 8 178 12 181 2 6 112 13 86 3 7 80 19 109 23 113 3 2 171 17 197 23 193 2 8 80 24 89 3 2 119 9 112 15 118 2 25 206 28 208 2 10 90 24 117 3 10 164 13 163 30 135 3 4 65 11 65 21 68 3 5 139 8 164 12 147 3 1 185 12 167 13 124 3 16 133 18 133 24 108 3 7 112 19 102 23 112 2 7 155 13 130 3 4 72 18 58 26 74 2 14 190 29 135 3 25 151 27 110 30 121 3 8 10 10 14 22 12 2 10 11 17 8 3 16 107 19 111 29 92 2 3 67 27 57 3 5 53 6 60 20 66 3 11 40 14 30 21 33 3 23 122 25 145 26 123 2 3 62 23 78 2 24 41 26 47 3 1 171 12 146 13 144 3 3 50 29 49 30 43
37 3 25 149 27 148 30 123 3 11 37 14 30 21 28 3 16 125 19 86 29 90 3 25 141 27 152 30 139 2 1 82 26 71 3 16 114 18 105 24 101 3 2 179 17 141 23 178 3 3 50 29 53 30 53 2 3 57 27 67 3 2 202 17 172 23 196 3 4 41 8 33 28 40 3 5 161 8 191 12 153 3 4 39 8 45 28 48 3 5 50 6 66 20 60 2 6 97 13 100 2 10 10 17 10 3 7 113 19 113 23 101 2 3 69 27 71 2 8 100 24 89 3 2 132 9 126 15 109 3 4 70 11 65 21 78 2 10 94 24 91 3 1 161 12 161 13 155 2 7 162 13 160 3 2 158 17 141 23 194 3 4 63 18 85 26 61 2 8 142 28 138 2 1 86 26 68 2 14 165 29 144 2 2 157 15 177 3 23 110 25 110 26 132 3 8 13 10 11 22 11 2 24 52 26 49 3 4 73 18 83 26 74 2 3 56 23 76 2 25 149 28 216 3 10 169 13 115 30 121
38 3 16 98 18 114 24 112 3 23 115 25 141 26 135 2 1 84 26 67 3 2 198 17 167 23 167 3 23 139 25 121 26 139 3 5 165 8 154 12 182 2 8 117 28 156 3 23 148 25 139 26 112 2 3 59 27 62 3 4 38 8 43 28 43 2 6 106 13 88 3 16 86 19 94 29 114 3 7 96 19 90 23 82 2 8 103 24 81 3 2 153 9 112 15 135 2 8 96 24 106 2 10 111 24 84 2 25 156 28 179 3 4 73 11 83 21 68 3 1 136 12 163 13 136 2 7 150 13 157 3 4 61 18 65 26 66 2 3 62 27 56 2 14 154 29 188 3 25 141 27 114 30 132 2 10 93 24 124 3 3 55 29 54 30 49 2 2 195 15 178 3 5 158 8 158 12 145 3 8 14 10 12 22 12 2 10 9 17 11 3 5 66 6 61 20 53 3 7 82 19 82 23 94 3 11 31 14 28 21 32 2 3 55 23 59 3 4 78 11 61 21 74 2 24 45 26 49 3 10 150 13 153 30 131
37 2 10 124 24 96 2 14 142 29 175 2 1 86 26 84 2 10 85 24 94 3 5 68 6 56 20 61 2 1 81 26 62 3 2 152 17 200 23 158 2 3 58 27 68 3 4 44 8 43 28 45 2 10 107 24 98 3 5 162 8 193 12 141 3 5 68 6 49 20 50 2 6 98 13 110 3 7 85 19 91 23 111 2 3 70 27 56 3 16 99 18 123 24 97 2 8 97 24 85 3 2 154 9 147 15 136 3 23 100 25 145 26 133 2 25 174 28 180 2 7 137 13 154 3 4 60 11 77 21 84 2 8 73 24 97 3 1 148 12 168 13 139 2 2 183 15 192 2 10 10 17 9 2 8 120 28 130 3 11 37 14 40 21 38 3 4 73 18 77 26 71 3 16 109 19 98 29 113 3 8 11 10 12 22 10 2 3 66 23 73 3 3 41 29 46 30 40 2 24 46 26 37 2 10 118 24 120 3 25 117 27 110 30 111 3 10 155 13 134 30 166
37 2 10 124 24 96 2 14 142 29 175 2 1 86 26 84 2 10 85 24 94 3 5 68 6 56 20 61 2 1 81 26 62 3 2 152 17 200 23 158 2 3 58 27 68 3 4 44 8 43 28 45 2 10 107 24 98 3 5 162 8 193 12 141 3 5 68 6 49 20 50 2 6 98 13 110 3 7 85 19 91 23 111 2 3 70 27 56 3 16 99 18 123 24 97 2 8 97 24 85 3 2 154 9 147 15 136 3 23 100 25 145 26 133 2 25 174 28 180 2 7 137 13 154 3 4 60 11 77 21 84 2 8 73 24 97 3 1 148 12 168 13 139 2 2 183 15 192 2 10 10 17 9 2 8 120 28 130 3 11 37 14 40 21 38 3 4 73 18 77 26 71 3 16 109 19 98 29 113 3 8 11 10 12 22 10 2 3 66 23 73 3 3 41 29 46 30 40 2 24 46 26 37 2 10 118 24 120 3 25 117 27 110 30 111 3 10 155 13 134 30 166
35 2 1 84 26 59 3 2 168 17 152 23 142 2 3 63 27 49 3 4 42 8 48 28 46 3 5 146 8 175 12 150 2 7 120 13 152 3 8 14 10 10 22 10 2 6 87 13 112 3 7 88 19 97 23 112 2 25 205 28 200 2 8 81 24 72 2 2 182 15 167 3 2 111 9 104 15 147 2 10 86 24 105 3 3 58 29 57 30 40 2 10 104 24 101 3 1 182 12 131 13 164 2 10 10 17 8 3 4 70 18 83 26 76 2 3 55 27 60 3 4 63 11 72 21 75 2 14 144 29 166 3 1 145 12 178 13 183 3 16 94 18 117 24 113 3 23 143 25 129 26 126 3 16 84 19 87 29 116 3 23 120 25 142 26 118 3 5 47 6 61 20 70 3 11 31 14 30 21 33 2 3 78 23 73 2 24 49 26 46 3 25 143 27 119 30 135 2 10 11 17 11 3 10 164 13 127 30 156 2 8 166 28 121
38 3 16 113 18 129 24 125 3 23 107 25 132 26 110 2 1 69 26 76 3 2 144 17 164 23 196 3 23 122 25 125 26 136 3 5 196 8 187 12 189 2 8 123 28 152 3 23 116 25 146 26 134 2 3 53 27 53 3 4 41 8 38 28 43 2 6 112 13 107 3 16 115 19 112 29 101 3 7 110 19 89 23 82 2 8 78 24 78 3 2 141 9 141 15 107 2 8 101 24 84 2 10 112 24 92 2 25 201 28 159 3 4 76 11 74 21 67 3 1 184 12 166 13 182 2 7 132 13 108 3 4 72 18 70 26 76 2 3 52 27 70 2 14 145 29 170 3 25 147 27 152 30 131 2 10 118 24 88 3 3 55 29 57 30 57 2 2 214 15 163 3 5 195 8 194 12 196 3 8 10 10 10 22 13 2 10 10 17 11 3 5 57 6 58 20 61 3 7 87 19 100 23 111 3 11 37 14 32 21 34 2 3 58 23 74 3 4 65 11 64 21 84 2 24 50 26 37 3 10 146 13 165 30 166
33 2 3 59 27 64 2 1 64 26 86 3 2 181 17 204 23 196 3 4 36 8 48 28 43 3 5 136 8 144 12 147 2 2 184 15 184 2 6 109 13 113 3 7 115 19 114 23 110 2 8 94 24 97 3 2 111 9 119 15 136 2 10 102 24 86 3 4 66 11 70 21 70 2 8 147 28 151 3 1 181 12 181 13 153 3 25 152 27 131 30 111 3 4 81 18 59 26 65 2 7 113 13 116 3 5 186 8 164 12 193 2 14 186 29 174 3 5 70 6 49 20 62 3 8 13 10 13 22 13 3 16 91 18 108 24 104 2 10 11 17 11 3 4 86 11 65 21 75 3 16 106 19 110 29 95 3 11 29 14 39 21 34 2 3 60 23 68 2 24 49 26 47 2 25 213 28 187 3 23 101 25 143 26 139 2 10 10 17 10 3 3 44 29 56 30 55 3 10 161 13 154 30 121
38 2 25 191 28 171 2 7 139 13 140 2 25 203 28 157 2 1 62 26 69 3 2 146 17 160 23 175 2 6 89 13 117 3 23 142 25 114 26 128 3 8 10 10 12 22 10 2 8 142 28 129 2 24 44 26 37 2 8 156 28 166 2 3 49 27 59 3 3 43 29 56 30 42 3 4 34 8 49 28 37 3 5 134 8 153 12 189 3 7 96 19 97 23 114 2 8 88 24 99 3 5 53 6 54 20 47 3 1 146 12 168 13 184 3 23 119 25 137 26 127 3 2 152 9 110 15 129 2 8 138 28 142 2 10 116 24 95 3 5 190 8 136 12 177 3 4 73 11 76 21 69 2 3 78 23 72 2 14 159 29 180 2 2 172 15 189 2 6 107 13 102 3 16 115 18 115 24 113 3 1 149 12 127 13 137 3 16 91 19 118 29 103 3 10 117 13 170 30 137 3 25 159 27 131 30 129 2 8 148 28 133 2 10 10 17 9 3 11 29 14 35 21 33 3 4 60 18 82 26 71
38 2 25 191 28 171 2 7 139 13 140 2 25 203 28 157 2 1 62 26 69 3 2 146 17 160 23 175 2 6 89 13 117 3 23 142 25 114 26 128 3 8 10 10 12 22 10 2 8 142 28 129 2 24 44 26 37 2 8 156 28 166 2 3 49 27 59 3 3 43 29 56 30 42 3 4 34 8 49 28 37 3 5 134 8 153 12 189 3 7 96 19 97 23 114 2 8 88 24 99 3 5 53 6 54 20 47 3 1 146 12 168 13 184 3 23 119 25 137 26 127 3 2 152 9 110 15 129 2 8 138 28 142 2 10 116 24 95 3 5 190 8 136 12 177 3 4 73 11 76 21 69 2 3 78 23 72 2 14 159 29 180 2 2 172 15 189 2 6 107 13 102 3 16 115 18 115 24 113 3 1 149 12 127 13 137 3 16 91 19 118 29 103 3 10 117 13 170 30 137 3 25 159 27 131 30 129 2 8 148 28 133 2 10 10 17 9 3 11 29 14 35 21 33 3 4 60 18 82 26 71
38 2 25 191 28 171 2 7 139 13 140 2 25 203 28 157 2 1 62 26 69 3 2 146 17 160 23 175 2 6 89 13 117 3 23 142 25 114 26 128 3 8 10 10 12 22 10 2 8 142 28 129 2 24 44 26 37 2 8 156 28 166 2 3 49 27 59 3 3 43 29 56 30 42 3 4 34 8 49 28 37 3 5 134 8 153 12 189 3 7 96 19 97 23 114 2 8 88 24 99 3 5 53 6 54 20 47 3 1 146 12 168 13 184 3 23 119 25 137 26 127 3 2 152 9 110 15 129 2 8 138 28 142 2 10 116 24 95 3 5 190 8 136 12 177 3 4 73 11 76 21 69 2 3 78 23 72 2 14 159 29 180 2 2 172 15 189 2 6 107 13 102 3 16 115 18 115 24 113 3 1 149 12 127 13 137 3 16 91 19 118 29 103 3 10 117 13 170 30 137 3 25 159 27 131 30 129 2 8 148 28 133 2 10 10 17 9 3 11 29 14 35 21 33 3 4 60 18 82 26 71
38 2 25 191 28 171 2 7 139 13 140 2 25 203 28 157 2 1 62 26 69 3 2 146 17 160 23 175 2 6 89 13 117 3 23 142 25 114 26 128 3 8 10 10 12 22 10 2 8 142 28 129 2 24 44 26 37 2 8 156 28 166 2 3 49 27 59 3 3 43 29 56 30 42 3 4 34 8 49 28 37 3 5 134 8 153 12 189 3 7 96 19 97 23 114 2 8 88 24 99 3 5 53 6 54 20 47 3 1 146 12 168 13 184 3 23 119 25 137 26 127 3 2 152 9 110 15 129 2 8 138 28 142 2 10 116 24 95 3 5 190 8 136 12 177 3 4 73 11 76 21 69 2 3 78 23 72 2 14 159 29 180 2 2 172 15 189 2 6 107 13 102 3 16 115 18 115 24 113 3 1 149 12 127 13 137 3 16 91 19 118 29 103 3 10 117 13 170 30 137 3 25 159 27 131 30 129 2 8 148 28 133 2 10 10 17 9 3 11 29 14 35 21 33 3 4 60 18 82 26 71
38 2 25 191 28 171 2 7 139 13 140 2 25 203 28 157 2 1 62 26 69 3 2 146 17 160 23 175 2 6 89 13 117 3 23 142 25 114 26 128 3 8 10 10 12 22 10 2 8 142 28 129 2 24 44 26 37 2 8 156 28 166 2 3 49 27 59 3 3 43 29 56 30 42 3 4 34 8 49 28 37 3 5 134 8 153 12 189 3 7 96 19 97 23 114 2 8 88 24 99 3 5 53 6 54 20 47 3 1 146 12 168 13 184 3 23 119 25 137 26 127 3 2 152 9 110 15 129 2 8 138 28 142 2 10 116 24 95 3 5 190 8 136 12 177 3 4 73 11 76 21 69 2 3 78 23 72 2 14 159 29 180 2 2 172 15 189 2 6 107 13 102 3 16 115 18 115 24 113 3 1 149 12 127 13 137 3 16 91 19 118 29 103 3 10 117 13 170 30 137 3 25 159 27 131 30 129 2 8 148 28 133 2 10 10 17 9 3 11 29 14 35 21 33 3 4 60 18 82 26 71
36 2 1 60 26 85 3 2 168 17 141 23 190 2 2 230 15 232 2 3 67 27 67 3 4 48 8 43 28 36 3 2 149 17 163 23 161 2 8 156 28 132 3 5 167 8 168 12 166 2 6 100 13 92 3 7 89 19 113 23 100 3 2 142 17 199 23 188 2 8 87 24 106 3 2 119 9 123 15 123 2 25 210 28 165 2 10 118 24 117 3 10 159 13 162 30 125 3 4 80 11 59 21 71 3 5 167 8 133 12 173 3 1 184 12 179 13 170 3 16 112 18 120 24 116 3 7 81 19 89 23 101 2 7 125 13 109 3 4 64 18 82 26 66 2 14 184 29 135 3 25 125 27 128 30 150 3 8 13 10 14 22 13 2 10 10 17 9 3 16 119 19 119 29 91 2 3 60 27 52 3 5 70 6 47 20 55 3 11 30 14 39 21 36 3 23 139 25 111 26 144 2 3 63 23 54 2 24 50 26 48 3 1 164 12 131 13 145 3 3 49 29 40 30 58
36 2 1 66 26 71 3 2 175 17 203 23 201 2 3 63 27 68 3 4 42 8 39 28 49 3 5 162 8 163 12 180 2 6 115 13 127 3 7 109 19 108 23 79 2 8 78 24 94 3 2 149 9 133 15 116 2 10 95 24 113 2 1 74 26 88 3 4 63 11 83 21 76 3 1 157 12 181 13 185 2 25 202 28 189 2 7 123 13 158 3 2 205 17 191 23 186 3 16 116 18 130 24 114 2 10 118 24 104 2 14 139 29 140 2 2 221 15 190 3 4 72 11 78 21 69 2 10 10 17 10 3 4 59 18 76 26 87 3 16 89 19 124 29 93 3 5 70 6 50 20 50 3 25 150 27 133 30 149 3 11 27 14 39 21 40 3 3 56 29 55 30 39 2 8 79 24 101 2 8 131 28 117 2 24 52 26 46 3 23 114 25 105 26 118 3 11 40 14 35 21 28 3 8 11 10 10 22 10 2 3 75 23 57 3 10 164 13 163 30 155
36 2 1 66 26 71 3 2 175 17 203 23 201 2 3 63 27 68 3 4 42 8 39 28 49 3 5 162 8 163 12 180 2 6 115 13 127 3 7 109 19 108 23 79 2 8 78 24 94 3 2 149 9 133 15 116 2 10 95 24 113 2 1 74 26 88 3 4 63 11 83 21 76 3 1 157 12 181 13 185 2 25 202 28 189 2 7 123 13 158 3 2 205 17 191 23 186 3 16 116 18 130 24 114 2 10 118 24 104 2 14 139 29 140 2 2 221 15 190 3 4 72 11 78 21 69 2 10 10 17 10 3 4 59 18 76 26 87 3 16 89 19 124 29 93 3 5 70 6 50 20 50 3 25 150 27 133 30 149 3 11 27 14 39 21 40 3 3 56 29 55 30 39 2 8 79 24 101 2 8 131 28 117 2 24 52 26 46 3 23 114 25 105 26 118 3 11 40 14 35 21 28 3 8 11 10 10 22 10 2 3 75 23 57 3 10 164 13 163 30 155
36 2 1 66 26 71 3 2 175 17 203 23 201 2 3 63 27 68 3 4 42 8 39 28 49 3 5 162 8 163 12 180 2 6 115 13 127 3 7 109 19 108 23 79 2 8 78 24 94 3 2 149 9 133 15 116 2 10 95 24 113 2 1 74 26 88 3 4 63 11 83 21 76 3 1 157 12 181 13 185 2 25 202 28 189 2 7 123 13 158 3 2 205 17 191 23 186 3 16 116 18 130 24 114 2 10 118 24 104 2 14 139 29 140 2 2 221 15 190 3 4 72 11 78 21 69 2 10 10 17 10 3 4 59 18 76 26 87 3 16 89 19 124 29 93 3 5 70 6 50 20 50 3 25 150 27 133 30 149 3 11 27 14 39 21 40 3 3 56 29 55 30 39 2 8 79 24 101 2 8 131 28 117 2 24 52 26 46 3 23 114 25 105 26 118 3 11 40 14 35 21 28 3 8 11 10 10 22 10 2 3 75 23 57 3 10 164 13 163 30 155
35 2 1 66 26 75 3 2 146 17 166 23 138 2 3 48 27 60 2 1 64 26 68 2 24 52 26 47 3 2 135 9 149 15 138 2 8 83 24 100 3 4 47 8 36 28 45 3 5 189 8 187 12 135 2 3 64 27 55 2 7 128 13 152 3 1 158 12 167 13 163 2 8 83 24 81 3 16 105 19 120 29 100 2 6 101 13 102 3 25 142 27 141 30 111 3 7 109 19 87 23 99 2 10 87 24 97 3 4 59 11 59 21 85 2 14 165 29 159 3 5 48 6 68 20 66 3 5 146 8 195 12 196 3 8 11 10 9 22 12 2 2 182 15 159 2 25 188 28 155 3 16 93 18 92 24 133 3 4 87 18 63 26 69 3 3 48 29 40 30 51 2 7 153 13 129 2 10 10 17 11 3 23 114 25 136 26 118 3 10 142 13 124 30 165 3 11 31 14 28 21 38 2 3 63 23 76 2 8 134 28 142
36 2 1 72 26 81 3 2 159 17 188 23 139 2 1 59 26 84 2 3 62 27 61 3 4 42 8 35 28 48 3 5 162 8 154 12 179 3 4 44 8 45 28 40 2 8 90 24 88 3 5 67 6 55 20 61 2 6 109 13 122 2 25 175 28 180 3 7 97 19 107 23 99 3 2 109 9 108 15 113 2 10 113 24 120 3 23 108 25 144 26 126 3 4 64 11 86 21 65 3 16 97 19 109 29 90 3 25 140 27 127 30 145 3 1 151 12 184 13 149 3 4 86 11 62 21 85 2 10 11 17 11 2 10 110 24 96 2 7 142 13 153 2 14 183 29 181 2 3 53 23 63 3 4 86 18 72 26 73 2 2 184 15 228 3 7 92 19 78 23 99 3 16 109 18 128 24 109 2 7 145 13 117 3 11 31 14 36 21 36 3 8 13 10 13 22 10 3 3 56 29 50 30 56 2 24 45 26 35 3 10 129 13 165 30 149 2 8 137 28 124
36 2 1 72 26 81 3 2 159 17 188 23 139 2 1 59 26 84 2 3 62 27 61 3 4 42 8 35 28 48 3 5 162 8 154 12 179 3 4 44 8 45 28 40 2 8 90 24 88 3 5 67 6 55 20 61 2 6 109 13 122 2 25 175 28 180 3 7 97 19 107 23 99 3 2 109 9 108 15 113 2 10 113 24 120 3 23 108 25 144 26 126 3 4 64 11 86 21 65 3 16 97 19 109 29 90 3 25 140 27 127 30 145 3 1 151 12 184 13 149 3 4 86 11 62 21 85 2 10 11 17 11 2 10 110 24 96 2 7 142 13 153 2 14 183 29 181 2 3 53 23 63 3 4 86 18 72 26 73 2 2 184 15 228 3 7 92 19 78 23 99 3 16 109 18 128 24 109 2 7 145 13 117 3 11 31 14 36 21 36 3 8 13 10 13 22 10 3 3 56 29 50 30 56 2 24 45 26 35 3 10 129 13 165 30 149 2 8 137 28 124
38 2 25 176 28 189 2 1 79 26 75 3 2 163 17 148 23 155 2 1 79 26 64 2 3 56 27 52 3 4 37 8 34 28 45 3 5 181 8 157 12 177 2 6 115 13 96 3 5 183 8 145 12 159 3 4 81 11 75 21 76 3 7 114 19 91 23 88 2 8 79 24 104 2 7 157 13 141 3 2 204 17 150 23 180 3 2 148 9 115 15 129 2 3 51 27 57 2 10 96 24 118 3 1 139 12 127 13 149 2 24 44 26 35 2 25 147 28 204 2 14 161 29 157 2 2 180 15 168 3 3 51 29 40 30 39 3 7 94 19 89 23 92 3 16 131 18 129 24 94 2 10 11 17 11 3 4 45 8 42 28 35 2 3 70 23 71 3 4 69 18 70 26 64 3 16 105 19 88 29 94 3 5 68 6 69 20 61 3 2 149 9 124 15 145 3 11 39 14 29 21 27 3 25 149 27 106 30 109 3 23 141 25 127 26 110 3 10 161 13 131 30 123 3 8 13 10 9 22 10 2 8 163 28 150
38 2 25 176 28 189 2 1 79 26 75 3 2 163 17 148 23 155 2 1 79 26 64 2 3 56 27 52 3 4 37 8 34 28 45 3 5 181 8 157 12 177 2 6 115 13 96 3 5 183 8 145 12 159 3 4 81 11 75 21 76 3 7 114 19 91 23 88 2 8 79 24 104 2 7 157 13 141 3 2 204 17 150 23 180 3 2 148 9 115 15 129 2 3 51 27 57 2 10 96 24 118 3 1 139 12 127 13 149 2 24 44 26 35 2 25 147 28 204 2 14 161 29 157 2 2 180 15 168 3 3 51 29 40 30 39 3 7 94 19 89 23 92 3 16 131 18 129 24 94 2 10 11 17 11 3 4 45 8 42 28 35 2 3 70 23 71 3 4 69 18 70 26 64 3 16 105 19 88 29 94 3 5 68 6 69 20 61 3 2 149 9 124 15 145 3 11 39 14 29 21 27 3 25 149 27 106 30 109 3 23 141 25 127 26 110 3 10 161 13 131 30 123 3 8 13 10 9 22 10 2 8 163 28 150
37 2 1 87 26 81 3 2 157 17 193 23 197 2 1 77 26 77 2 3 63 27 51 2 1 77 26 63 3 4 49 8 37 28 49 3 5 169 8 178 12 155 2 6 121 13 116 3 7 105 19 78 23 80 2 8 87 24 106 3 2 126 9 129 15 118 3 4 60 18 86 26 69 2 25 209 28 190 2 10 104 24 106 3 7 89 19 100 23 110 3 3 49 29 42 30 45 3 1 152 12 186 13 163 3 2 136 9 107 15 120 3 4 84 11 72 21 86 3 11 27 14 28 21 34 2 7 124 13 118 2 14 150 29 147 2 2 229 15 191 2 25 214 28 169 3 16 117 19 100 29 116 3 16 108 18 118 24 127 2 8 140 28 165 3 4 61 18 59 26 68 2 10 11 17 8 3 5 48 6 57 20 66 3 8 12 10 12 22 12 3 16 116 18 98 24 131 2 3 69 23 76 2 24 51 26 49 3 23 131 25 125 26 131 3 25 114 27 131 30 144 3 10 150 13 133 30 142
35 2 1 63 26 69 3 2 144 17 151 23 159 3 7 93 19 96 23 107 2 3 50 27 50 3 4 43 8 41 28 49 2 1 66 26 70 3 10 151 13 124 30 152 3 16 91 19 87 29 84 3 5 183 8 139 12 145 2 6 129 13 103 2 8 79 24 104 3 2 141 9 122 15 129 3 5 69 6 52 20 64 2 10 92 24 85 3 4 77 11 78 21 64 3 1 144 12 164 13 144 2 7 125 13 161 2 14 173 29 137 2 2 174 15 165 2 7 123 13 135 3 16 102 18 120 24 100 2 8 169 28 137 2 10 9 17 11 3 11 33 14 31 21 39 3 8 9 10 14 22 9 3 10 168 13 123 30 169 3 4 60 18 85 26 73 3 23 104 25 143 26 99 2 3 56 23 69 2 24 44 26 46 3 2 151 9 142 15 134 2 25 204 28 190 2 8 150 28 157 3 25 106 27 156 30 151 3 3 55 29 42 30 54
35 2 1 63 26 69 3 2 144 17 151 23 159 3 7 93 19 96 23 107 2 3 50 27 50 3 4 43 8 41 28 49 2 1 66 26 70 3 10 151 13 124 30 152 3 16 91 19 87 29 84 3 5 183 8 139 12 145 2 6 129 13 103 2 8 79 24 104 3 2 141 9 122 15 129 3 5 69 6 52 20 64 2 10 92 24 85 3 4 77 11 78 21 64 3 1 144 12 164 13 144 2 7 125 13 161 2 14 173 29 137 2 2 174 15 165 2 7 123 13 135 3 16 102 18 120 24 100 2 8 169 28 137 2 10 9 17 11 3 11 33 14 31 21 39 3 8 9 10 14 22 9 3 10 168 13 123 30 169 3 4 60 18 85 26 73 3 23 104 25 143 26 99 2 3 56 23 69 2 24 44 26 46 3 2 151 9 142 15 134 2 25 204 28 190 2 8 150 28 157 3 25 106 27 156 30 151 3 3 55 29 42 30 54
35 2 1 63 26 69 3 2 144 17 151 23 159 3 7 93 19 96 23 107 2 3 50 27 50 3 4 43 8 41 28 49 2 1 66 26 70 3 10 151 13 124 30 152 3 16 91 19 87 29 84 3 5 183 8 139 12 145 2 6 129 13 103 2 8 79 24 104 3 2 141 9 122 15 129 3 5 69 6 52 20 64 2 10 92 24 85 3 4 77 11 78 21 64 3 1 144 12 164 13 144 2 7 125 13 161 2 14 173 29 137 2 2 174 15 165 2 7 123 13 135 3 16 102 18 120 24 100 2 8 169 28 137 2 10 9 17 11 3 11 33 14 31 21 39 3 8 9 10 14 22 9 3 10 168 13 123 30 169 3 4 60 18 85 26 73 3 23 104 25 143 26 99 2 3 56 23 69 2 24 44 26 46 3 2 151 9 142 15 134 2 25 204 28 190 2 8 150 28 157 3 25 106 27 156 30 151 3 3 55 29 42 30 54
37 2 10 91 24 114 2 14 141 29 129 2 1 80 26 60 2 10 89 24 106 3 5 69 6 55 20 70 2 1 71 26 73 3 2 203 17 144 23 160 2 3 71 27 59 3 4 37 8 41 28 34 2 10 122 24 126 3 5 133 8 176 12 195 3 5 58 6 57 20 67 2 6 127 13 102 3 7 79 19 82 23 81 2 3 66 27 49 3 16 95 18 115 24 134 2 8 99 24 106 3 2 139 9 126 15 132 3 23 121 25 109 26 137 2 25 198 28 159 2 7 135 13 130 3 4 80 11 72 21 67 2 8 89 24 103 3 1 157 12 177 13 180 2 2 208 15 158 2 10 9 17 9 2 8 142 28 117 3 11 28 14 39 21 28 3 4 82 18 76 26 68 3 16 87 19 116 29 86 3 8 9 10 13 22 13 2 3 62 23 54 3 3 51 29 55 30 51 2 24 39 26 38 2 10 100 24 92 3 25 153 27 111 30 156 3 10 123 13 160 30 124
37 2 1 75 26 81 3 2 153 17 142 23 193 2 8 75 24 105 2 8 167 28 159 2 14 140 29 162 3 3 42 29 58 30 47 2 3 58 27 57 3 3 54 29 46 30 52 2 2 203 15 229 3 4 40 8 36 28 42 3 4 72 11 70 21 83 3 5 147 8 174 12 140 2 6 93 13 107 2 8 125 28 157 3 16 108 19 119 29 99 2 8 88 24 100 3 7 98 19 99 23 77 3 5 66 6 67 20 50 3 4 41 8 42 28 48 2 24 47 26 36 3 2 140 9 132 15 138 2 3 61 23 68 3 2 197 17 190 23 150 2 10 97 24 90 2 7 136 13 156 3 10 118 13 125 30 169 3 1 135 12 149 13 176 3 16 102 18 126 24 115 3 25 123 27 109 30 111 2 3 61 27 49 2 10 9 17 10 3 4 79 18 74 26 82 3 11 38 14 31 21 29 2 14 167 29 188 3 8 12 10 9 22 9 2 25 161 28 210 3 23 112 25 126 26 111
37 2 1 75 26 81 3 2 153 17 142 23 193 2 8 75 24 105 2 8 167 28 159 2 14 140 29 162 3 3 42 29 58 30 47 2 3 58 27 57 3 3 54 29 46 30 52 2 2 203 15 229 3 4 40 8 36 28 42 3 4 72 11 70 21 83 3 5 147 8 174 12 140 2 6 93 13 107 2 8 125 28 157 3 16 108 19 119 29 99 2 8 88 24 100 3 7 98 19 99 23 77 3 5 66 6 67 20 50 3 4 41 8 42 28 48 2 24 47 26 36 3 2 140 9 132 15 138 2 3 61 23 68 3 2 197 17 190 23 150 2 10 97 24 90 2 7 136 13 156 3 10 118 13 125 30 169 3 1 135 12 149 13 176 3 16 102 18 126 24 115 3 25 123 27 109 30 111 2 3 61 27 49 2 10 9 17 10 3 4 79 18 74 26 82 3 11 38 14 31 21 29 2 14 167 29 188 3 8 12 10 9 22 9 2 25 161 28 210 3 23 112 25 126 26 111
38 2 1 78 26 63 3 3 50 29 55 30 58 2 1 61 26 69 3 2 199 17 197 23 188 3 3 45 29 42 30 58 2 3 54 27 62 2 1 68 26 75 3 4 46 8 41 28 46 3 5 140 8 138 12 191 2 1 70 26 71 2 6 108 13 119 3 7 101 19 93 23 108 2 14 162 29 191 2 3 62 27 60 2 3 62 23 78 2 8 101 24 104 2 6 123 13 125 3 2 154 9 128 15 105 2 25 203 28 174 2 10 92 24 103 3 10 132 13 157 30 170 3 4 60 11 86 21 77 3 1 179 12 137 13 162 2 7 152 13 118 3 4 81 18 85 26 84 3 5 58 6 59 20 48 2 2 225 15 227 3 16 130 18 119 24 114 2 10 10 17 11 2 3 53 23 61 3 25 144 27 151 30 109 2 8 91 24 71 2 8 146 28 167 3 8 13 10 11 22 9 3 16 103 19 119 29 119 3 11 38 14 38 21 28 2 24 47 26 42 3 23 110 25 131 26 110
38 2 25 205 28 218 2 1 74 26 87 3 2 202 17 198 23 145 2 1 63 26 74 2 3 65 27 52 3 4 36 8 34 28 33 3 5 193 8 164 12 144 2 6 127 13 97 3 5 146 8 188 12 172 3 4 76 11 67 21 79 3 7 90 19 113 23 109 2 8 92 24 73 2 7 123 13 113 3 2 139 17 185 23 188 3 2 126 9 132 15 115 2 3 50 27 53 2 10 108 24 119 3 1 159 12 183 13 170 2 24 49 26 47 2 25 148 28 210 2 14 172 29 147 2 2 198 15 174 3 3 42 29 50 30 49 3 7 103 19 111 23 94 3 16 132 18 127 24 116 2 10 9 17 9 3 4 33 8 38 28 40 2 3 72 23 73 3 4 69 18 63 26 76 3 16 85 19 106 29 92 3 5 59 6 47 20 54 3 2 105 9 115 15 148 3 11 32 14 34 21 36 3 25 148 27 157 30 142 3 23 131 25 106 26 124 3 10 152 13 151 30 168 3 8 10 10 11 22 13 2 8 166 28 165
38 2 25 205 28 218 2 1 74 26 87 3 2 202 17 198 23 145 2 1 63 26 74 2 3 65 27 52 3 4 36 8 34 28 33 3 5 193 8 164 12 144 2 6 127 13 97 3 5 146 8 188 12 172 3 4 76 11 67 21 79 3 7 90 19 113 23 109 2 8 92 24 73 2 7 123 13 113 3 2 139 17 185 23 188 3 2 126 9 132 15 115 2 3 50 27 53 2 10 108 24 119 3 1 159 12 183 13 170 2 24 49 26 47 2 25 148 28 210 2 14 172 29 147 2 2 198 15 174 3 3 42 29 50 30 49 3 7 103 19 111 23 94 3 16 132 18 127 24 116 2 10 9 17 9 3 4 33 8 38 28 40 2 3 72 23 73 3 4 69 18 63 26 76 3 16 85 19 106 29 92 3 5 59 6 47 20 54 3 2 105 9 115 15 148 3 11 32 14 34 21 36 3 25 148 27 157 30 142 3 23 131 25 106 26 124 3 10 152 13 151 30 168 3 8 10 10 11 22 13 2 8 166 28 165
37 2 10 85 24 87 2 14 143 29 164 2 1 69 26 65 2 10 87 24 110 3 5 69 6 51 20 55 2 1 67 26 59 3 2 165 17 201 23 139 2 3 62 27 55 3 4 42 8 40 28 39 2 10 109 24 97 3 5 150 8 144 12 187 3 5 64 6 53 20 64 2 6 108 13 111 3 7 112 19 82 23 99 2 3 51 27 49 3 16 127 18 112 24 97 2 8 90 24 78 3 2 143 9 103 15 135 3 23 103 25 126 26 123 2 25 158 28 213 2 7 159 13 155 3 4 74 11 82 21 86 2 8 78 24 81 3 1 176 12 147 13 174 2 2 208 15 212 2 10 11 17 8 2 8 131 28 115 3 11 31 14 33 21 33 3 4 77 18 74 26 82 3 16 95 19 107 29 94 3 8 10 10 10 22 10 2 3 64 23 73 3 3 48 29 48 30 43 2 24 51 26 48 2 10 94 24 98 3 25 147 27 118 30 146 3 10 124 13 150 30 168
37 2 10 108 24 102 2 14 188 29 149 2 1 82 26 74 2 10 117 24 92 3 5 70 6 64 20 61 2 1 59 26 82 3 2 193 17 160 23 144 2 3 67 27 71 3 4 33 8 45 28 44 2 10 112 24 108 3 5 167 8 169 12 163 3 5 51 6 55 20 62 2 6 117 13 113 3 7 102 19 88 23 108 2 3 65 27 69 3 16 112 18 130 24 125 2 8 73 24 91 3 2 128 9 149 15 129 3 23 144 25 105 26 127 2 25 167 28 196 2 7 111 13 140 3 4 75 11 59 21 64 2 8 92 24 83 3 1 185 12 158 13 130 2 2 197 15 163 2 10 10 17 11 2 8 145 28 138 3 11 30 14 39 21 34 3 4 78 18 76 26 87 3 16 111 19 94 29 122 3 8 10 10 11 22 13 2 3 75 23 74 3 3 50 29 48 30 50 2 24 38 26 50 2 10 102 24 86 3 25 146 27 154 30 141 3 10 138 13 121 30 129
37 2 10 108 24 102 2 14 188 29 149 2 1 82 26 74 2 10 117 24 92 3 5 70 6 64 20 61 2 1 59 26 82 3 2 193 17 160 23 144 2 3 67 27 71 3 4 33 8 45 28 44 2 10 112 24 108 3 5 167 8 169 12 163 3 5 51 6 55 20 62 2 6 117 13 113 3 7 102 19 88 23 108 2 3 65 27 69 3 16 112 18 130 24 125 2 8 73 24 91 3 2 128 9 149 15 129 3 23 144 25 105 26 127 2 25 167 28 196 2 7 111 13 140 3 4 75 11 59 21 64 2 8 92 24 83 3 1 185 12 158 13 130 2 2 197 15 163 2 10 10 17 11 2 8 145 28 138 3 11 30 14 39 21 34 3 4 78 18 76 26 87 3 16 111 19 94 29 122 3 8 10 10 11 22 13 2 3 75 23 74 3 3 50 29 48 30 50 2 24 38 26 50 2 10 102 24 86 3 25 146 27 154 30 141 3 10 138 13 121 30 129
33 2 3 50 27 49 2 1 64 26 67 3 2 140 17 163 23 141 3 4 34 8 48 28 40 3 5 136 8 139 12 184 2 2 229 15 158 2 6 120 13 92 3 7 105 19 112 23 93 2 8 104 24 85 3 2 136 9 136 15 114 2 10 124 24 124 3 4 63 11 77 21 63 2 8 122 28 164 3 1 181 12 129 13 158 3 25 115 27 156 30 136 3 4 82 18 83 26 66 2 7 138 13 149 3 5 160 8 192 12 137 2 14 155 29 157 3 5 69 6 64 20 66 3 8 10 10 11 22 12 3 16 120 18 108 24 104 2 10 11 17 10 3 4 82 11 65 21 86 3 16 91 19 88 29 116 3 11 37 14 40 21 38 2 3 64 23 63 2 24 43 26 35 2 25 199 28 205 3 23 104 25 128 26 138 2 10 8 17 10 3 3 54 29 43 30 49 3 10 120 13 141 30 150
31 3 2 116 9 148 15 110 2 1 69 26 86 3 4 65 11 70 21 70 3 7 92 19 107 23 86 3 2 174 17 148 23 200 2 3 66 27 59 3 4 45 8 37 28 42 3 5 189 8 172 12 187 2 3 64 23 59 2 6 88 13 108 3 10 129 13 155 30 161 2 8 93 24 79 2 10 117 24 126 3 25 114 27 135 30 157 2 8 157 28 133 2 3 74 23 71 3 16 97 19 103 29 94 3 1 172 12 178 13 130 2 7 150 13 134 2 14 184 29 151 2 2 200 15 188 2 10 11 17 11 3 16 129 18 114 24 100 3 4 69 18 86 26 59 3 5 55 6 57 20 54 3 3 48 29 58 30 44 3 11 34 14 35 21 35 3 8 10 10 9 22 11 2 24 36 26 52 2 25 214 28 203 3 23 118 25 114 26 120
41 3 16 108 19 97 29 115 3 4 59 18 79 26 69 3 16 108 19 108 29 114 2 1 73 26 76 3 2 160 17 148 23 177 2 3 48 27 65 3 23 123 25 118 26 136 3 16 94 19 115 29 99 3 4 38 8 45 28 46 2 1 85 26 65 3 5 175 8 177 12 196 2 1 74 26 62 2 6 94 13 87 2 1 80 26 65 3 7 103 19 79 23 107 3 10 157 13 124 30 128 2 8 76 24 104 2 6 115 13 97 3 2 134 9 107 15 135 2 10 102 24 123 3 4 77 11 85 21 82 3 1 171 12 140 13 178 2 7 148 13 124 3 23 115 25 115 26 113 2 14 191 29 165 2 2 229 15 230 3 23 129 25 117 26 140 3 5 53 6 53 20 59 3 16 119 18 133 24 91 2 10 9 17 9 3 11 40 14 31 21 38 3 8 11 10 11 22 9 2 3 65 23 74 3 11 31 14 30 21 30 2 24 35 26 35 2 25 169 28 177 3 7 105 19 104 23 113 2 8 146 28 156 2 7 140 13 118 3 25 120 27 139 30 156 3 3 53 29 41 30 51
31 3 2 140 9 131 15 153 2 1 87 26 77 3 4 78 11 61 21 61 3 7 88 19 115 23 89 3 2 195 17 159 23 138 2 3 66 27 63 3 4 46 8 39 28 49 3 5 186 8 183 12 170 2 3 56 23 57 2 6 122 13 100 3 10 138 13 170 30 143 2 8 71 24 79 2 10 95 24 95 3 25 119 27 140 30 114 2 8 119 28 125 2 3 54 23 63 3 16 94 19 106 29 98 3 1 181 12 153 13 176 2 7 124 13 158 2 14 178 29 190 2 2 160 15 208 2 10 11 17 11 3 16 99 18 109 24 123 3 4 62 18 78 26 74 3 5 62 6 66 20 58 3 3 49 29 47 30 58 3 11 35 14 30 21 32 3 8 13 10 12 22 10 2 24 35 26 46 2 25 216 28 147 3 23 134 25 125 26 102
31 3 2 124 9 121 15 113 2 1 73 26 83 3 4 85 11 75 21 82 3 7 108 19 102 23 97 3 2 194 17 181 23 197 2 3 59 27 71 3 4 35 8 49 28 45 3 5 183 8 184 12 165 2 3 75 23 69 2 6 119 13 100 3 10 116 13 144 30 131 2 8 100 24 71 2 10 122 24 87 3 25 138 27 146 30 141 2 8 127 28 149 2 3 78 23 70 3 16 87 19 99 29 100 3 1 141 12 173 13 131 2 7 132 13 135 2 14 147 29 182 2 2 183 15 210 2 10 9 17 9 3 16 106 18 119 24 98 3 4 61 18 63 26 79 3 5 49 6 58 20 47 3 3 51 29 54 30 47 3 11 34 14 37 21 37 3 8 12 10 10 22 10 2 24 40 26 48 2 25 190 28 183 3 23 133 25 145 26 144
DUE_DATES: 3485 3845 3845 3845 3845 3975 3975 3975 3818 4103 4103 4026 4107 3868 3868 3689 4215 3563 4456 4456 4456 4456 4456 4157 3951 3951 3951 3747 3840 3840 4175 4175 4114 3854 3854 3854 3835 4018 4018 4011 4299 4299 3824 3910 3910 3499 3380 4414 3307 3361
WEIGHTS: 2 1 1 1 3 3 2 1 3 1 1 3 1 1 2 3 1 1 2 2 1 1 2 2 3 3 3 3 2 2 1 3 3 2 2 1 3 3 3 1 1 1 3 2 2 2 2 2 3 3
