50 30
35 2 3 178 6 172 3 2 186 15 163 26 172 2 14 128 19 124 3 12 127 13 133 22 108 3 8 100 17 108 30 88 3 12 114 13 113 22 104 2 11 88 26 93 3 5 167 8 163 9 191 3 1 18 10 20 12 20 1 4 62 3 5 41 11 48 24 49 3 6 24 13 23 21 26 2 10 159 18 154 2 17 93 24 109 3 7 75 14 60 24 71 2 10 178 18 166 3 5 59 8 58 9 67 3 6 23 10 23 27 23 2 12 32 13 27 3 8 106 17 112 30 82 2 15 33 23 45 3 16 131 22 173 24 177 2 17 83 25 78 3 15 76 19 78 28 72 2 17 83 25 74 2 16 142 20 115 4 15 93 21 105 22 107 30 118 2 17 174 22 189 2 17 89 25 86 2 16 73 23 79 3 11 198 17 170 26 177 2 21 2 25 2 3 2 66 17 80 27 90 3 16 133 24 122 28 101 2 14 83 29 75
35 2 3 178 6 172 3 2 186 15 163 26 172 2 14 128 19 124 3 12 127 13 133 22 108 3 8 100 17 108 30 88 3 12 114 13 113 22 104 2 11 88 26 93 3 5 167 8 163 9 191 3 1 18 10 20 12 20 1 4 62 3 5 41 11 48 24 49 3 6 24 13 23 21 26 2 10 159 18 154 2 17 93 24 109 3 7 75 14 60 24 71 2 10 178 18 166 3 5 59 8 58 9 67 3 6 23 10 23 27 23 2 12 32 13 27 3 8 106 17 112 30 82 2 15 33 23 45 3 16 131 22 173 24 177 2 17 83 25 78 3 15 76 19 78 28 72 2 17 83 25 74 2 16 142 20 115 4 15 93 21 105 22 107 30 118 2 17 174 22 189 2 17 89 25 86 2 16 73 23 79 3 11 198 17 170 26 177 2 21 2 25 2 3 2 66 17 80 27 90 3 16 133 24 122 28 101 2 14 83 29 75
35 2 3 178 6 172 3 2 186 15 163 26 172 2 14 128 19 124 3 12 127 13 133 22 108 3 8 100 17 108 30 88 3 12 114 13 113 22 104 2 11 88 26 93 3 5 167 8 163 9 191 3 1 18 10 20 12 20 1 4 62 3 5 41 11 48 24 49 3 6 24 13 23 21 26 2 10 159 18 154 2 17 93 24 109 3 7 75 14 60 24 71 2 10 178 18 166 3 5 59 8 58 9 67 3 6 23 10 23 27 23 2 12 32 13 27 3 8 106 17 112 30 82 2 15 33 23 45 3 16 131 22 173 24 177 2 17 83 25 78 3 15 76 19 78 28 72 2 17 83 25 74 2 16 142 20 115 4 15 93 21 105 22 107 30 118 2 17 174 22 189 2 17 89 25 86 2 16 73 23 79 3 11 198 17 170 26 177 2 21 2 25 2 3 2 66 17 80 27 90 3 16 133 24 122 28 101 2 14 83 29 75
39 3 1 17 10 15 12 20 3 2 148 15 202 26 157 2 3 229 6 218 3 2 137 15 189 26 191 1 4 62 3 6 27 10 31 27 23 3 5 59 11 60 24 58 3 6 21 13 26 21 23 3 7 51 14 65 24 75 2 3 204 6 191 3 5 67 8 64 9 72 3 11 154 17 163 26 173 2 12 30 13 31 3 5 170 8 178 9 142 3 6 30 10 25 27 31 2 11 105 26 100 3 12 130 13 139 22 139 2 14 124 19 132 3 1 21 10 17 12 19 2 15 41 23 46 3 5 42 11 43 24 55 3 16 173 22 163 24 189 2 17 93 25 98 3 5 46 11 44 24 43 2 10 145 18 155 3 15 84 19 72 28 71 3 2 168 15 152 26 187 2 16 148 20 121 4 15 93 21 108 22 99 30 88 3 8 95 17 109 30 97 2 17 132 22 163 2 16 78 23 72 2 21 1 25 2 3 2 68 17 91 27 91 2 10 142 18 172 2 14 105 29 98 2 17 134 22 145 2 17 113 24 112 3 16 102 24 126 28 119
34 3 11 164 17 218 26 167 3 1 15 10 21 12 18 3 2 135 15 193 26 175 2 3 162 6 202 1 4 89 3 5 44 11 58 24 49 3 6 21 13 20 21 27 3 11 157 17 164 26 217 3 7 72 14 61 24 61 3 5 73 8 79 9 59 3 5 166 8 198 9 190 3 7 55 14 68 24 76 3 8 103 17 95 30 101 3 6 22 10 32 27 27 2 15 46 23 34 2 11 108 26 73 3 12 110 13 106 22 105 2 12 26 13 30 2 14 122 19 100 3 16 171 22 188 24 194 2 17 97 25 66 2 14 88 29 109 2 16 69 23 80 2 17 174 22 164 2 10 179 18 172 1 4 86 3 16 116 24 123 28 108 3 15 85 19 87 28 85 2 16 138 20 131 4 15 99 21 112 22 118 30 116 2 17 98 24 89 1 4 85 2 21 1 25 2 3 2 78 17 67 27 62
34 3 11 164 17 218 26 167 3 1 15 10 21 12 18 3 2 135 15 193 26 175 2 3 162 6 202 1 4 89 3 5 44 11 58 24 49 3 6 21 13 20 21 27 3 11 157 17 164 26 217 3 7 72 14 61 24 61 3 5 73 8 79 9 59 3 5 166 8 198 9 190 3 7 55 14 68 24 76 3 8 103 17 95 30 101 3 6 22 10 32 27 27 2 15 46 23 34 2 11 108 26 73 3 12 110 13 106 22 105 2 12 26 13 30 2 14 122 19 100 3 16 171 22 188 24 194 2 17 97 25 66 2 14 88 29 109 2 16 69 23 80 2 17 174 22 164 2 10 179 18 172 1 4 86 3 16 116 24 123 28 108 3 15 85 19 87 28 85 2 16 138 20 131 4 15 99 21 112 22 118 30 116 2 17 98 24 89 1 4 85 2 21 1 25 2 3 2 78 17 67 27 62
34 2 10 186 18 139 3 1 15 10 19 12 17 2 10 144 18 165 3 2 152 15 180 26 202 2 3 193 6 224 1 4 78 3 5 58 11 47 24 55 2 17 161 22 155 3 1 19 10 17 12 21 3 6 27 13 21 21 24 2 14 126 19 127 3 7 62 14 69 24 63 3 5 53 8 63 9 74 3 5 144 8 150 9 177 3 6 33 10 32 27 33 2 11 90 26 108 3 5 154 8 194 9 172 2 21 2 25 2 2 16 69 23 83 3 12 137 13 109 22 118 2 12 35 13 34 3 15 75 19 69 28 71 2 15 35 23 39 2 17 128 24 127 3 2 63 17 66 27 84 3 8 80 17 93 30 107 3 16 160 22 160 24 139 3 16 120 24 134 28 134 2 16 132 20 153 4 15 117 21 83 22 83 30 108 2 17 92 25 68 2 11 77 26 87 3 11 219 17 151 26 153 2 14 96 29 108
35 3 1 17 10 16 12 18 2 17 187 22 141 3 2 201 15 137 26 184 2 3 196 6 168 3 1 19 10 18 12 18 3 15 65 19 73 28 70 3 5 54 11 48 24 51 3 7 70 14 55 24 61 2 21 1 25 1 1 4 61 2 3 200 6 225 3 6 20 13 23 21 23 2 14 92 29 90 2 16 64 23 87 3 5 70 8 67 9 60 3 5 194 8 193 9 156 2 17 118 24 99 3 6 29 10 28 27 31 2 11 107 26 80 3 12 114 13 110 22 117 2 16 76 23 81 2 12 25 13 25 2 14 104 19 99 2 15 32 23 32 2 16 127 20 138 2 14 106 29 81 3 2 69 17 81 27 79 3 8 111 17 109 30 81 3 16 173 22 134 24 188 2 17 86 25 72 3 16 115 24 116 28 98 2 16 106 20 146 2 10 130 18 160 4 15 114 21 94 22 112 30 112 3 11 208 17 175 26 165
39 3 1 19 10 17 12 15 3 2 167 15 183 26 183 2 3 158 6 184 3 2 186 15 191 26 177 1 4 89 3 6 30 10 26 27 29 3 5 56 11 53 24 55 3 6 26 13 24 21 24 3 7 61 14 70 24 61 2 3 213 6 209 3 5 77 8 55 9 57 3 11 175 17 167 26 150 2 12 35 13 34 3 5 181 8 145 9 204 3 6 27 10 32 27 30 2 11 102 26 102 3 12 115 13 98 22 126 2 14 125 19 120 3 1 18 10 18 12 20 2 15 46 23 44 3 5 49 11 43 24 49 3 16 155 22 142 24 160 2 17 96 25 87 3 5 57 11 51 24 42 2 10 127 18 149 3 15 85 19 59 28 64 3 2 179 15 144 26 180 2 16 131 20 135 4 15 113 21 90 22 110 30 88 3 8 86 17 88 30 102 2 17 146 22 155 2 16 70 23 68 2 21 1 25 2 3 2 85 17 79 27 86 2 10 171 18 155 2 14 93 29 88 2 17 170 22 158 2 17 125 24 125 3 16 132 24 127 28 93
35 3 1 22 10 22 12 22 2 17 187 22 179 3 2 201 15 187 26 193 2 3 160 6 228 3 1 20 10 19 12 22 3 15 71 19 65 28 80 3 5 50 11 58 24 48 3 7 68 14 55 24 63 2 21 2 25 1 1 4 89 2 3 187 6 214 3 6 28 13 22 21 24 2 14 87 29 104 2 16 79 23 78 3 5 64 8 67 9 57 3 5 174 8 198 9 186 2 17 103 24 90 3 6 31 10 31 27 25 2 11 73 26 82 3 12 120 13 111 22 110 2 16 80 23 67 2 12 27 13 36 2 14 120 19 112 2 15 45 23 45 2 16 147 20 108 2 14 101 29 88 3 2 81 17 69 27 74 3 8 114 17 114 30 105 3 16 177 22 176 24 191 2 17 73 25 84 3 16 119 24 124 28 125 2 16 141 20 143 2 10 176 18 156 4 15 113 21 98 22 107 30 113 3 11 184 17 208 26 180
35 3 1 22 10 22 12 22 2 17 187 22 179 3 2 201 15 187 26 193 2 3 160 6 228 3 1 20 10 19 12 22 3 15 71 19 65 28 80 3 5 50 11 58 24 48 3 7 68 14 55 24 63 2 21 2 25 1 1 4 89 2 3 187 6 214 3 6 28 13 22 21 24 2 14 87 29 104 2 16 79 23 78 3 5 64 8 67 9 57 3 5 174 8 198 9 186 2 17 103 24 90 3 6 31 10 31 27 25 2 11 73 26 82 3 12 120 13 111 22 110 2 16 80 23 67 2 12 27 13 36 2 14 120 19 112 2 15 45 23 45 2 16 147 20 108 2 14 101 29 88 3 2 81 17 69 27 74 3 8 114 17 114 30 105 3 16 177 22 176 24 191 2 17 73 25 84 3 16 119 24 124 28 125 2 16 141 20 143 2 10 176 18 156 4 15 113 21 98 22 107 30 113 3 11 184 17 208 26 180
35 3 1 22 10 22 12 22 2 17 187 22 179 3 2 201 15 187 26 193 2 3 160 6 228 3 1 20 10 19 12 22 3 15 71 19 65 28 80 3 5 50 11 58 24 48 3 7 68 14 55 24 63 2 21 2 25 1 1 4 89 2 3 187 6 214 3 6 28 13 22 21 24 2 14 87 29 104 2 16 79 23 78 3 5 64 8 67 9 57 3 5 174 8 198 9 186 2 17 103 24 90 3 6 31 10 31 27 25 2 11 73 26 82 3 12 120 13 111 22 110 2 16 80 23 67 2 12 27 13 36 2 14 120 19 112 2 15 45 23 45 2 16 147 20 108 2 14 101 29 88 3 2 81 17 69 27 74 3 8 114 17 114 30 105 3 16 177 22 176 24 191 2 17 73 25 84 3 16 119 24 124 28 125 2 16 141 20 143 2 10 176 18 156 4 15 113 21 98 22 107 30 113 3 11 184 17 208 26 180
32 3 1 15 10 15 12 22 3 2 177 15 146 26 138 2 3 227 6 198 2 16 107 20 154 1 4 74 3 16 135 22 132 24 166 3 8 77 17 96 30 85 3 5 58 11 54 24 61 3 2 157 15 201 26 190 3 6 26 13 26 21 24 2 17 172 22 137 2 12 33 13 32 3 7 75 14 67 24 70 3 16 98 24 120 28 93 3 2 66 17 73 27 65 3 16 182 22 146 24 161 3 5 58 8 59 9 63 2 17 77 25 78 3 5 140 8 188 9 183 2 14 93 19 89 3 6 30 10 23 27 29 4 15 113 21 86 22 113 30 85 2 11 75 26 78 3 12 96 13 114 22 121 2 14 100 29 76 2 15 35 23 33 2 21 1 25 1 2 10 168 18 144 3 15 59 19 63 28 69 2 16 74 23 77 2 17 99 24 95 3 11 180 17 179 26 203
32 3 1 15 10 15 12 22 3 2 177 15 146 26 138 2 3 227 6 198 2 16 107 20 154 1 4 74 3 16 135 22 132 24 166 3 8 77 17 96 30 85 3 5 58 11 54 24 61 3 2 157 15 201 26 190 3 6 26 13 26 21 24 2 17 172 22 137 2 12 33 13 32 3 7 75 14 67 24 70 3 16 98 24 120 28 93 3 2 66 17 73 27 65 3 16 182 22 146 24 161 3 5 58 8 59 9 63 2 17 77 25 78 3 5 140 8 188 9 183 2 14 93 19 89 3 6 30 10 23 27 29 4 15 113 21 86 22 113 30 85 2 11 75 26 78 3 12 96 13 114 22 121 2 14 100 29 76 2 15 35 23 33 2 21 1 25 1 2 10 168 18 144 3 15 59 19 63 28 69 2 16 74 23 77 2 17 99 24 95 3 11 180 17 179 26 203
36 3 1 20 10 20 12 21 3 2 171 15 198 26 180 2 11 92 26 90 2 3 192 6 187 2 10 147 18 185 1 4 63 2 17 135 22 157 3 1 17 10 17 12 17 3 6 30 10 22 27 33 3 5 54 11 49 24 56 3 6 20 13 29 21 26 3 7 53 14 59 24 53 3 5 141 8 172 9 161 2 11 90 26 81 3 5 63 8 72 9 56 2 14 122 19 97 3 12 130 13 110 22 122 2 12 28 13 27 2 11 93 26 75 2 21 1 25 1 3 7 60 14 61 24 76 2 15 33 23 39 3 16 176 22 151 24 143 2 17 68 25 86 3 5 51 11 62 24 50 3 15 73 19 66 28 78 2 16 138 20 134 2 17 119 24 125 4 15 100 21 85 22 117 30 82 3 5 54 11 49 24 58 2 16 80 23 88 3 8 107 17 89 30 109 3 11 209 17 200 26 217 3 2 89 17 69 27 82 3 16 118 24 101 28 124 2 14 83 29 91
32 3 1 18 10 17 12 16 3 2 173 15 195 26 142 2 3 169 6 197 2 16 139 20 155 1 4 67 3 16 140 22 139 24 145 3 8 102 17 77 30 106 3 5 49 11 50 24 58 3 2 148 15 152 26 193 3 6 28 13 21 21 29 2 17 169 22 163 2 12 34 13 26 3 7 69 14 75 24 53 3 16 117 24 130 28 122 3 2 82 17 64 27 78 3 16 150 22 153 24 187 3 5 59 8 69 9 66 2 17 76 25 88 3 5 201 8 164 9 160 2 14 128 19 101 3 6 29 10 27 27 31 4 15 110 21 107 22 98 30 98 2 11 87 26 96 3 12 105 13 105 22 109 2 14 100 29 77 2 15 46 23 40 2 21 2 25 1 2 10 139 18 148 3 15 60 19 63 28 74 2 16 78 23 78 2 17 99 24 122 3 11 176 17 222 26 169
32 3 1 18 10 17 12 16 3 2 173 15 195 26 142 2 3 169 6 197 2 16 139 20 155 1 4 67 3 16 140 22 139 24 145 3 8 102 17 77 30 106 3 5 49 11 50 24 58 3 2 148 15 152 26 193 3 6 28 13 21 21 29 2 17 169 22 163 2 12 34 13 26 3 7 69 14 75 24 53 3 16 117 24 130 28 122 3 2 82 17 64 27 78 3 16 150 22 153 24 187 3 5 59 8 69 9 66 2 17 76 25 88 3 5 201 8 164 9 160 2 14 128 19 101 3 6 29 10 27 27 31 4 15 110 21 107 22 98 30 98 2 11 87 26 96 3 12 105 13 105 22 109 2 14 100 29 77 2 15 46 23 40 2 21 2 25 1 2 10 139 18 148 3 15 60 19 63 28 74 2 16 78 23 78 2 17 99 24 122 3 11 176 17 222 26 169
38 3 1 20 10 18 12 19 2 17 148 22 144 3 2 177 15 174 26 186 2 3 209 6 170 2 17 72 25 65 3 6 33 10 27 27 29 3 8 101 17 107 30 98 1 4 75 3 5 60 11 60 24 42 3 1 20 10 17 12 22 3 6 29 13 21 21 25 3 6 33 10 22 27 32 3 7 56 14 52 24 65 3 5 54 8 74 9 57 2 17 110 24 128 3 1 17 10 18 12 21 3 16 191 22 149 24 192 3 5 164 8 153 9 143 2 11 90 26 91 3 12 101 13 135 22 110 2 14 81 29 78 2 16 74 23 89 3 5 173 8 150 9 195 2 12 28 13 36 2 14 124 19 96 2 15 43 23 46 3 16 158 22 178 24 180 2 10 152 18 168 3 12 99 13 98 22 97 3 16 120 24 134 28 105 3 15 81 19 78 28 77 2 16 75 23 89 3 2 81 17 76 27 76 2 16 66 23 69 2 21 2 25 1 2 16 155 20 114 4 15 116 21 97 22 114 30 111 3 11 160 17 197 26 182
38 3 6 33 10 22 27 27 3 15 68 19 86 28 82 2 16 84 23 64 3 1 19 10 19 12 19 2 11 98 26 99 3 12 130 13 108 22 102 2 17 98 25 71 3 2 195 15 196 26 149 2 16 76 23 70 2 3 159 6 163 1 4 87 2 16 75 23 82 4 15 93 21 97 22 103 30 83 3 5 56 11 59 24 56 3 15 77 19 83 28 79 3 6 24 13 27 21 20 2 10 171 18 186 3 7 57 14 74 24 74 3 5 56 8 65 9 69 3 12 135 13 123 22 126 3 5 163 8 172 9 141 2 17 166 22 170 2 3 219 6 168 2 12 27 13 32 3 2 84 17 61 27 91 3 12 100 13 116 22 119 3 16 100 24 90 28 105 3 8 95 17 93 30 82 2 14 133 19 93 2 15 46 23 36 3 16 158 22 193 24 151 2 17 68 25 97 3 11 175 17 164 26 181 2 15 33 23 37 2 16 149 20 121 2 14 98 29 110 2 17 95 24 98 2 21 1 25 2
38 3 6 33 10 22 27 27 3 15 68 19 86 28 82 2 16 84 23 64 3 1 19 10 19 12 19 2 11 98 26 99 3 12 130 13 108 22 102 2 17 98 25 71 3 2 195 15 196 26 149 2 16 76 23 70 2 3 159 6 163 1 4 87 2 16 75 23 82 4 15 93 21 97 22 103 30 83 3 5 56 11 59 24 56 3 15 77 19 83 28 79 3 6 24 13 27 21 20 2 10 171 18 186 3 7 57 14 74 24 74 3 5 56 8 65 9 69 3 12 135 13 123 22 126 3 5 163 8 172 9 141 2 17 166 22 170 2 3 219 6 168 2 12 27 13 32 3 2 84 17 61 27 91 3 12 100 13 116 22 119 3 16 100 24 90 28 105 3 8 95 17 93 30 82 2 14 133 19 93 2 15 46 23 36 3 16 158 22 193 24 151 2 17 68 25 97 3 11 175 17 164 26 181 2 15 33 23 37 2 16 149 20 121 2 14 98 29 110 2 17 95 24 98 2 21 1 25 2
34 3 11 189 17 219 26 198 3 1 18 10 22 12 18 3 2 159 15 138 26 161 2 3 229 6 207 1 4 81 3 5 50 11 57 24 46 3 6 26 13 24 21 20 3 11 194 17 179 26 214 3 7 54 14 53 24 57 3 5 75 8 69 9 77 3 5 188 8 204 9 182 3 7 75 14 64 24 57 3 8 102 17 85 30 112 3 6 32 10 30 27 25 2 15 43 23 41 2 11 108 26 100 3 12 141 13 122 22 96 2 12 30 13 31 2 14 104 19 104 3 16 163 22 171 24 148 2 17 79 25 90 2 14 97 29 108 2 16 81 23 79 2 17 130 22 178 2 10 181 18 178 1 4 85 3 16 100 24 104 28 134 3 15 77 19 66 28 76 2 16 122 20 153 4 15 106 21 100 22 112 30 121 2 17 115 24 86 1 4 67 2 21 2 25 1 3 2 82 17 71 27 62
37 3 1 20 10 15 12 22 3 2 145 15 160 26 171 2 15 42 23 47 2 3 225 6 165 1 4 72 3 5 59 11 43 24 49 2 16 72 23 89 3 5 166 8 200 9 158 3 6 26 13 22 21 24 3 7 59 14 71 24 73 3 5 61 8 60 9 77 3 5 186 8 149 9 146 3 6 32 10 26 27 32 2 16 114 20 127 2 14 84 29 102 2 11 100 26 92 2 14 79 29 93 3 12 123 13 114 22 101 3 16 170 22 153 24 191 2 17 76 25 65 3 5 163 8 143 9 146 2 12 32 13 32 2 14 114 19 113 3 1 18 10 19 12 20 3 2 65 17 71 27 85 2 10 128 18 161 3 2 84 17 67 27 85 3 16 100 24 101 28 123 2 11 108 26 96 3 15 86 19 83 28 75 2 17 116 24 121 4 15 114 21 91 22 111 30 121 2 17 169 22 181 2 21 2 25 2 3 11 157 17 163 26 174 3 1 19 10 18 12 15 3 8 94 17 111 30 81
34 1 4 64 2 15 46 23 43 3 16 103 24 107 28 119 1 4 78 2 14 102 19 132 3 11 199 17 208 26 149 1 4 89 3 5 75 8 57 9 73 3 15 63 19 61 28 64 3 11 156 17 221 26 216 3 8 96 17 79 30 104 2 14 103 29 93 3 8 114 17 111 30 88 3 1 19 10 20 12 19 3 7 57 14 73 24 54 3 2 160 15 173 26 137 2 3 166 6 206 2 17 102 24 99 3 5 58 11 52 24 55 3 2 72 17 74 27 69 3 6 23 13 21 21 20 2 17 87 25 85 3 6 27 10 31 27 29 3 5 150 8 206 9 198 2 10 129 18 164 2 11 99 26 96 3 12 115 13 97 22 132 4 15 94 21 99 22 120 30 84 2 12 27 13 29 2 21 1 25 1 2 17 178 22 145 3 16 133 22 175 24 174 2 16 145 20 118 2 16 66 23 64
36 3 1 18 10 16 12 16 3 2 198 15 159 26 195 2 11 84 26 86 2 3 159 6 186 2 10 128 18 169 1 4 71 2 17 138 22 138 3 1 17 10 22 12 18 3 6 26 10 23 27 25 3 5 49 11 62 24 57 3 6 25 13 24 21 26 3 7 56 14 57 24 68 3 5 202 8 200 9 171 2 11 84 26 79 3 5 69 8 71 9 78 2 14 124 19 100 3 12 123 13 107 22 131 2 12 33 13 29 2 11 87 26 101 2 21 2 25 2 3 7 55 14 72 24 73 2 15 42 23 41 3 16 131 22 192 24 185 2 17 73 25 73 3 5 52 11 53 24 53 3 15 73 19 79 28 88 2 16 132 20 154 2 17 91 24 104 4 15 121 21 83 22 102 30 122 3 5 41 11 44 24 41 2 16 70 23 91 3 8 93 17 109 30 77 3 11 166 17 216 26 174 3 2 78 17 70 27 67 3 16 128 24 107 28 131 2 14 94 29 101
36 3 1 18 10 16 12 16 3 2 198 15 159 26 195 2 11 84 26 86 2 3 159 6 186 2 10 128 18 169 1 4 71 2 17 138 22 138 3 1 17 10 22 12 18 3 6 26 10 23 27 25 3 5 49 11 62 24 57 3 6 25 13 24 21 26 3 7 56 14 57 24 68 3 5 202 8 200 9 171 2 11 84 26 79 3 5 69 8 71 9 78 2 14 124 19 100 3 12 123 13 107 22 131 2 12 33 13 29 2 11 87 26 101 2 21 2 25 2 3 7 55 14 72 24 73 2 15 42 23 41 3 16 131 22 192 24 185 2 17 73 25 73 3 5 52 11 53 24 53 3 15 73 19 79 28 88 2 16 132 20 154 2 17 91 24 104 4 15 121 21 83 22 102 30 122 3 5 41 11 44 24 41 2 16 70 23 91 3 8 93 17 109 30 77 3 11 166 17 216 26 174 3 2 78 17 70 27 67 3 16 128 24 107 28 131 2 14 94 29 101
35 3 1 20 10 17 12 15 2 17 184 22 160 3 2 167 15 140 26 166 2 3 192 6 195 3 1 22 10 19 12 20 3 15 60 19 60 28 60 3 5 58 11 57 24 52 3 7 59 14 53 24 68 2 21 2 25 1 1 4 61 2 3 210 6 182 3 6 27 13 28 21 26 2 14 100 29 95 2 16 74 23 73 3 5 76 8 66 9 62 3 5 140 8 183 9 187 2 17 97 24 96 3 6 22 10 27 27 32 2 11 97 26 103 3 12 117 13 98 22 121 2 16 71 23 69 2 12 32 13 24 2 14 120 19 132 2 15 32 23 36 2 16 118 20 131 2 14 88 29 84 3 2 91 17 70 27 87 3 8 97 17 94 30 77 3 16 147 22 144 24 186 2 17 94 25 71 3 16 91 24 101 28 114 2 16 147 20 111 2 10 166 18 171 4 15 89 21 96 22 100 30 109 3 11 165 17 207 26 218
35 3 1 20 10 17 12 15 2 17 184 22 160 3 2 167 15 140 26 166 2 3 192 6 195 3 1 22 10 19 12 20 3 15 60 19 60 28 60 3 5 58 11 57 24 52 3 7 59 14 53 24 68 2 21 2 25 1 1 4 61 2 3 210 6 182 3 6 27 13 28 21 26 2 14 100 29 95 2 16 74 23 73 3 5 76 8 66 9 62 3 5 140 8 183 9 187 2 17 97 24 96 3 6 22 10 27 27 32 2 11 97 26 103 3 12 117 13 98 22 121 2 16 71 23 69 2 12 32 13 24 2 14 120 19 132 2 15 32 23 36 2 16 118 20 131 2 14 88 29 84 3 2 91 17 70 27 87 3 8 97 17 94 30 77 3 16 147 22 144 24 186 2 17 94 25 71 3 16 91 24 101 28 114 2 16 147 20 111 2 10 166 18 171 4 15 89 21 96 22 100 30 109 3 11 165 17 207 26 218
33 3 1 19 10 21 12 20 3 2 150 15 192 26 197 2 14 94 29 78 3 11 188 17 219 26 157 3 1 19 10 17 12 20 2 17 89 25 98 2 14 99 19 100 4 15 98 21 87 22 112 30 98 2 3 208 6 162 1 4 89 3 5 56 11 48 24 53 3 6 25 13 21 21 22 3 7 56 14 74 24 69 3 5 57 8 57 9 68 3 5 172 8 163 9 178 2 16 70 23 85 2 17 146 22 165 3 6 24 10 29 27 24 3 12 131 13 109 22 117 2 16 78 23 81 2 11 83 26 97 2 12 28 13 37 3 15 62 19 74 28 76 2 16 142 20 122 3 11 169 17 190 26 168 2 15 34 23 33 3 16 187 22 157 24 134 2 10 132 18 180 2 17 117 24 114 2 21 1 25 2 3 2 61 17 90 27 77 3 16 90 24 109 28 128 3 8 89 17 105 30 88
34 3 1 21 10 21 12 17 3 2 167 15 193 26 191 2 3 211 6 189 3 6 25 13 20 21 25 1 4 65 3 5 52 11 60 24 61 2 3 174 6 173 3 7 57 14 58 24 72 3 5 51 11 59 24 41 3 5 58 8 73 9 69 3 5 200 8 181 9 155 3 16 146 22 139 24 195 3 6 32 10 32 27 24 2 11 85 26 106 3 5 68 8 60 9 63 2 17 131 22 184 2 17 95 25 66 4 15 88 21 117 22 101 30 117 3 12 107 13 103 22 134 2 12 33 13 36 2 14 125 19 110 2 15 38 23 44 3 15 65 19 88 28 62 2 14 109 29 75 2 16 107 20 121 2 10 140 18 142 3 8 93 17 83 30 114 2 16 70 23 81 2 17 119 24 120 2 21 1 25 2 2 15 40 23 46 3 16 132 24 94 28 110 3 11 151 17 214 26 187 3 2 62 17 77 27 75
34 3 1 21 10 21 12 17 3 2 167 15 193 26 191 2 3 211 6 189 3 6 25 13 20 21 25 1 4 65 3 5 52 11 60 24 61 2 3 174 6 173 3 7 57 14 58 24 72 3 5 51 11 59 24 41 3 5 58 8 73 9 69 3 5 200 8 181 9 155 3 16 146 22 139 24 195 3 6 32 10 32 27 24 2 11 85 26 106 3 5 68 8 60 9 63 2 17 131 22 184 2 17 95 25 66 4 15 88 21 117 22 101 30 117 3 12 107 13 103 22 134 2 12 33 13 36 2 14 125 19 110 2 15 38 23 44 3 15 65 19 88 28 62 2 14 109 29 75 2 16 107 20 121 2 10 140 18 142 3 8 93 17 83 30 114 2 16 70 23 81 2 17 119 24 120 2 21 1 25 2 2 15 40 23 46 3 16 132 24 94 28 110 3 11 151 17 214 26 187 3 2 62 17 77 27 75
35 3 1 20 10 20 12 21 2 17 150 22 141 3 2 196 15 143 26 192 2 3 182 6 183 3 1 20 10 16 12 21 3 15 67 19 61 28 67 3 5 59 11 61 24 46 3 7 51 14 60 24 56 2 21 2 25 1 1 4 87 2 3 156 6 230 3 6 28 13 26 21 22 2 14 83 29 105 2 16 75 23 76 3 5 53 8 53 9 72 3 5 189 8 156 9 173 2 17 115 24 100 3 6 25 10 31 27 25 2 11 76 26 86 3 12 96 13 120 22 104 2 16 80 23 68 2 12 26 13 37 2 14 121 19 111 2 15 33 23 32 2 16 137 20 119 2 14 87 29 101 3 2 90 17 92 27 76 3 8 82 17 85 30 89 3 16 171 22 144 24 136 2 17 72 25 97 3 16 131 24 100 28 113 2 16 145 20 135 2 10 160 18 137 4 15 99 21 110 22 117 30 89 3 11 187 17 171 26 167
35 3 1 20 10 20 12 21 2 17 150 22 141 3 2 196 15 143 26 192 2 3 182 6 183 3 1 20 10 16 12 21 3 15 67 19 61 28 67 3 5 59 11 61 24 46 3 7 51 14 60 24 56 2 21 2 25 1 1 4 87 2 3 156 6 230 3 6 28 13 26 21 22 2 14 83 29 105 2 16 75 23 76 3 5 53 8 53 9 72 3 5 189 8 156 9 173 2 17 115 24 100 3 6 25 10 31 27 25 2 11 76 26 86 3 12 96 13 120 22 104 2 16 80 23 68 2 12 26 13 37 2 14 121 19 111 2 15 33 23 32 2 16 137 20 119 2 14 87 29 101 3 2 90 17 92 27 76 3 8 82 17 85 30 89 3 16 171 22 144 24 136 2 17 72 25 97 3 16 131 24 100 28 113 2 16 145 20 135 2 10 160 18 137 4 15 99 21 110 22 117 30 89 3 11 187 17 171 26 167
34 3 1 19 10 18 12 19 3 2 139 15 169 26 169 2 3 189 6 167 3 6 26 13 28 21 27 1 4 74 3 5 43 11 45 24 61 2 3 227 6 207 3 7 64 14 61 24 70 3 5 51 11 48 24 46 3 5 54 8 53 9 69 3 5 155 8 198 9 190 3 16 183 22 152 24 135 3 6 24 10 31 27 27 2 11 94 26 85 3 5 64 8 61 9 60 2 17 153 22 150 2 17 88 25 74 4 15 102 21 90 22 120 30 83 3 12 107 13 112 22 117 2 12 35 13 36 2 14 125 19 103 2 15 42 23 34 3 15 80 19 83 28 65 2 14 79 29 74 2 16 154 20 142 2 10 166 18 128 3 8 104 17 93 30 88 2 16 91 23 72 2 17 110 24 117 2 21 2 25 1 2 15 45 23 42 3 16 127 24 91 28 125 3 11 206 17 198 26 185 3 2 64 17 89 27 79
34 3 1 19 10 18 12 19 3 2 139 15 169 26 169 2 3 189 6 167 3 6 26 13 28 21 27 1 4 74 3 5 43 11 45 24 61 2 3 227 6 207 3 7 64 14 61 24 70 3 5 51 11 48 24 46 3 5 54 8 53 9 69 3 5 155 8 198 9 190 3 16 183 22 152 24 135 3 6 24 10 31 27 27 2 11 94 26 85 3 5 64 8 61 9 60 2 17 153 22 150 2 17 88 25 74 4 15 102 21 90 22 120 30 83 3 12 107 13 112 22 117 2 12 35 13 36 2 14 125 19 103 2 15 42 23 34 3 15 80 19 83 28 65 2 14 79 29 74 2 16 154 20 142 2 10 166 18 128 3 8 104 17 93 30 88 2 16 91 23 72 2 17 110 24 117 2 21 2 25 1 2 15 45 23 42 3 16 127 24 91 28 125 3 11 206 17 198 26 185 3 2 64 17 89 27 79
38 3 1 19 10 17 12 18 2 17 178 22 177 3 2 180 15 167 26 199 2 3 210 6 166 2 17 73 25 84 3 6 27 10 31 27 23 3 8 84 17 103 30 100 1 4 70 3 5 54 11 46 24 47 3 1 15 10 16 12 22 3 6 29 13 24 21 24 3 6 30 10 27 27 27 3 7 52 14 64 24 55 3 5 69 8 66 9 67 2 17 110 24 129 3 1 16 10 21 12 16 3 16 187 22 171 24 192 3 5 159 8 192 9 142 2 11 104 26 95 3 12 134 13 111 22 116 2 14 97 29 109 2 16 80 23 65 3 5 182 8 170 9 190 2 12 35 13 36 2 14 92 19 118 2 15 38 23 40 3 16 156 22 187 24 157 2 10 171 18 126 3 12 141 13 138 22 125 3 16 124 24 119 28 134 3 15 63 19 59 28 79 2 16 75 23 83 3 2 71 17 75 27 80 2 16 65 23 78 2 21 1 25 1 2 16 105 20 154 4 15 111 21 98 22 121 30 103 3 11 217 17 192 26 177
36 3 1 20 10 18 12 18 3 2 192 15 162 26 171 2 11 77 26 101 2 3 228 6 158 2 10 135 18 126 1 4 88 2 17 175 22 177 3 1 15 10 21 12 20 3 6 27 10 26 27 33 3 5 49 11 54 24 58 3 6 28 13 23 21 25 3 7 61 14 53 24 59 3 5 205 8 197 9 151 2 11 95 26 105 3 5 66 8 65 9 65 2 14 89 19 108 3 12 99 13 112 22 114 2 12 36 13 33 2 11 96 26 94 2 21 2 25 1 3 7 76 14 55 24 53 2 15 35 23 33 3 16 186 22 177 24 184 2 17 83 25 77 3 5 46 11 57 24 60 3 15 78 19 83 28 87 2 16 132 20 114 2 17 91 24 90 4 15 100 21 91 22 109 30 107 3 5 61 11 43 24 53 2 16 88 23 71 3 8 106 17 92 30 94 3 11 160 17 212 26 202 3 2 89 17 67 27 90 3 16 107 24 92 28 116 2 14 101 29 86
34 3 2 82 17 83 27 68 3 1 20 10 17 12 17 3 6 28 10 28 27 25 3 11 184 17 214 26 190 3 1 15 10 19 12 20 3 2 185 15 141 26 142 3 5 205 8 164 9 204 2 3 213 6 229 2 14 117 19 108 2 17 164 22 137 1 4 83 2 12 27 13 25 3 12 102 13 128 22 139 3 6 22 13 29 21 23 3 5 43 11 53 24 51 3 7 57 14 61 24 55 3 5 67 8 67 9 58 2 11 94 26 97 2 12 34 13 33 2 15 36 23 40 2 21 2 25 1 1 4 63 3 16 187 22 181 24 169 2 21 1 25 2 2 17 96 24 106 2 17 72 25 86 2 10 131 18 128 3 15 88 19 80 28 78 2 16 146 20 131 4 15 86 21 109 22 94 30 120 2 16 64 23 69 3 8 105 17 101 30 87 3 16 98 24 116 28 92 2 14 104 29 107
35 3 1 19 10 21 12 19 2 17 161 22 136 3 2 172 15 188 26 183 2 3 192 6 233 3 1 19 10 15 12 22 3 15 77 19 60 28 79 3 5 48 11 54 24 54 3 7 57 14 71 24 72 2 21 2 25 2 1 4 77 2 3 179 6 202 3 6 25 13 29 21 21 2 14 89 29 76 2 16 63 23 75 3 5 66 8 77 9 67 3 5 181 8 205 9 201 2 17 87 24 120 3 6 29 10 28 27 32 2 11 98 26 102 3 12 108 13 104 22 131 2 16 83 23 65 2 12 33 13 30 2 14 127 19 109 2 15 39 23 42 2 16 146 20 148 2 14 88 29 105 3 2 84 17 71 27 75 3 8 100 17 86 30 89 3 16 141 22 187 24 159 2 17 97 25 72 3 16 112 24 128 28 101 2 16 138 20 113 2 10 162 18 155 4 15 95 21 122 22 94 30 119 3 11 163 17 207 26 221
35 3 1 19 10 21 12 19 2 17 161 22 136 3 2 172 15 188 26 183 2 3 192 6 233 3 1 19 10 15 12 22 3 15 77 19 60 28 79 3 5 48 11 54 24 54 3 7 57 14 71 24 72 2 21 2 25 2 1 4 77 2 3 179 6 202 3 6 25 13 29 21 21 2 14 89 29 76 2 16 63 23 75 3 5 66 8 77 9 67 3 5 181 8 205 9 201 2 17 87 24 120 3 6 29 10 28 27 32 2 11 98 26 102 3 12 108 13 104 22 131 2 16 83 23 65 2 12 33 13 30 2 14 127 19 109 2 15 39 23 42 2 16 146 20 148 2 14 88 29 105 3 2 84 17 71 27 75 3 8 100 17 86 30 89 3 16 141 22 187 24 159 2 17 97 25 72 3 16 112 24 128 28 101 2 16 138 20 113 2 10 162 18 155 4 15 95 21 122 22 94 30 119 3 11 163 17 207 26 221
35 3 1 19 10 21 12 19 2 17 161 22 136 3 2 172 15 188 26 183 2 3 192 6 233 3 1 19 10 15 12 22 3 15 77 19 60 28 79 3 5 48 11 54 24 54 3 7 57 14 71 24 72 2 21 2 25 2 1 4 77 2 3 179 6 202 3 6 25 13 29 21 21 2 14 89 29 76 2 16 63 23 75 3 5 66 8 77 9 67 3 5 181 8 205 9 201 2 17 87 24 120 3 6 29 10 28 27 32 2 11 98 26 102 3 12 108 13 104 22 131 2 16 83 23 65 2 12 33 13 30 2 14 127 19 109 2 15 39 23 42 2 16 146 20 148 2 14 88 29 105 3 2 84 17 71 27 75 3 8 100 17 86 30 89 3 16 141 22 187 24 159 2 17 97 25 72 3 16 112 24 128 28 101 2 16 138 20 113 2 10 162 18 155 4 15 95 21 122 22 94 30 119 3 11 163 17 207 26 221
34 3 11 171 17 167 26 222 3 1 20 10 17 12 15 3 2 148 15 187 26 191 2 3 181 6 192 1 4 81 3 5 50 11 56 24 57 3 6 28 13 27 21 28 3 11 221 17 161 26 185 3 7 63 14 72 24 69 3 5 78 8 66 9 76 3 5 155 8 156 9 186 3 7 55 14 66 24 51 3 8 82 17 82 30 99 3 6 24 10 29 27 31 2 15 39 23 36 2 11 107 26 108 3 12 131 13 100 22 124 2 12 34 13 29 2 14 98 19 113 3 16 144 22 183 24 140 2 17 90 25 86 2 14 108 29 108 2 16 85 23 89 2 17 179 22 168 2 10 150 18 157 1 4 78 3 16 104 24 92 28 124 3 15 87 19 75 28 68 2 16 111 20 130 4 15 97 21 94 22 105 30 118 2 17 93 24 122 1 4 63 2 21 2 25 1 3 2 85 17 82 27 62
34 3 11 171 17 167 26 222 3 1 20 10 17 12 15 3 2 148 15 187 26 191 2 3 181 6 192 1 4 81 3 5 50 11 56 24 57 3 6 28 13 27 21 28 3 11 221 17 161 26 185 3 7 63 14 72 24 69 3 5 78 8 66 9 76 3 5 155 8 156 9 186 3 7 55 14 66 24 51 3 8 82 17 82 30 99 3 6 24 10 29 27 31 2 15 39 23 36 2 11 107 26 108 3 12 131 13 100 22 124 2 12 34 13 29 2 14 98 19 113 3 16 144 22 183 24 140 2 17 90 25 86 2 14 108 29 108 2 16 85 23 89 2 17 179 22 168 2 10 150 18 157 1 4 78 3 16 104 24 92 28 124 3 15 87 19 75 28 68 2 16 111 20 130 4 15 97 21 94 22 105 30 118 2 17 93 24 122 1 4 63 2 21 2 25 1 3 2 85 17 82 27 62
36 3 1 21 10 16 12 20 3 2 165 15 153 26 148 3 1 17 10 21 12 17 2 14 90 29 108 2 3 159 6 163 3 2 145 15 199 26 143 3 7 66 14 66 24 54 4 15 83 21 100 22 121 30 122 1 4 89 3 16 130 24 127 28 90 2 10 162 18 132 2 3 169 6 222 3 6 27 10 28 27 24 3 5 43 11 43 24 53 3 6 23 13 23 21 29 2 16 140 20 113 3 15 72 19 87 28 66 2 14 110 19 99 3 5 68 8 58 9 59 3 5 192 8 139 9 181 2 11 91 26 107 2 12 34 13 34 3 11 201 17 171 26 213 3 16 176 22 150 24 195 3 12 121 13 102 22 95 2 15 38 23 35 3 5 158 8 206 9 196 2 17 94 25 93 2 17 160 22 127 3 16 126 24 93 28 102 2 16 69 23 79 2 17 120 24 106 2 12 28 13 29 2 21 1 25 1 3 2 83 17 74 27 81 3 8 95 17 105 30 113
38 3 1 21 10 18 12 19 3 2 189 15 190 26 142 3 1 19 10 22 12 15 3 6 22 13 28 21 28 3 1 18 10 21 12 17 2 16 128 20 116 2 3 160 6 215 2 16 145 20 107 2 15 42 23 43 2 3 221 6 232 2 21 1 25 1 2 15 41 23 40 1 4 82 3 5 54 11 61 24 53 3 7 74 14 52 24 58 2 10 129 18 187 2 17 75 25 77 3 5 69 8 54 9 64 3 6 26 13 23 21 25 3 5 152 8 145 9 166 2 21 2 25 1 2 16 64 23 85 3 6 26 10 29 27 30 3 16 146 22 167 24 182 2 11 90 26 80 3 5 61 8 54 9 72 3 12 111 13 140 22 141 2 12 33 13 27 2 14 114 19 97 3 15 62 19 87 28 69 2 17 111 24 126 2 14 105 29 76 4 15 112 21 101 22 107 30 86 3 11 162 17 187 26 162 2 17 133 22 126 3 16 121 24 91 28 107 3 2 70 17 86 27 72 3 8 78 17 103 30 93
35 3 8 91 17 99 30 79 3 1 21 10 17 12 20 3 2 136 15 201 26 171 2 3 199 6 226 1 4 74 3 5 48 11 57 24 56 4 15 89 21 117 22 108 30 88 3 6 26 13 20 21 21 2 11 90 26 73 2 17 91 25 72 3 7 63 14 64 24 64 4 15 109 21 120 22 87 30 105 3 5 66 8 65 9 74 3 5 140 8 155 9 173 3 2 161 15 178 26 198 3 6 32 10 25 27 24 3 12 106 13 125 22 113 2 21 1 25 2 2 12 30 13 32 2 14 104 19 108 2 17 132 22 154 2 15 41 23 42 3 16 155 22 145 24 167 2 11 80 26 102 2 10 139 18 174 3 15 68 19 63 28 67 2 16 129 20 148 2 14 99 29 92 3 16 99 24 112 28 102 3 5 75 8 55 9 65 2 16 64 23 68 2 17 125 24 124 3 11 183 17 154 26 180 2 17 166 22 130 3 2 72 17 71 27 87
35 2 3 230 6 164 3 2 171 15 163 26 147 2 14 127 19 88 3 12 122 13 112 22 107 3 8 92 17 108 30 95 3 12 138 13 97 22 104 2 11 106 26 86 3 5 195 8 187 9 172 3 1 21 10 22 12 21 1 4 85 3 5 46 11 58 24 59 3 6 21 13 22 21 23 2 10 168 18 159 2 17 88 24 89 3 7 64 14 55 24 59 2 10 146 18 157 3 5 56 8 65 9 70 3 6 31 10 33 27 28 2 12 27 13 35 3 8 112 17 83 30 78 2 15 42 23 47 3 16 162 22 165 24 166 2 17 67 25 93 3 15 87 19 75 28 84 2 17 74 25 67 2 16 117 20 123 4 15 113 21 85 22 103 30 117 2 17 138 22 153 2 17 95 25 87 2 16 75 23 85 3 11 167 17 217 26 181 2 21 1 25 1 3 2 66 17 66 27 63 3 16 99 24 117 28 104 2 14 77 29 111
34 3 1 15 10 18 12 18 4 15 111 21 101 22 119 30 99 3 1 22 10 17 12 16 3 2 191 15 154 26 202 3 1 16 10 20 12 17 2 14 87 29 87 2 3 189 6 180 1 4 88 3 15 64 19 67 28 75 3 11 162 17 188 26 175 3 5 56 11 51 24 54 3 6 20 13 23 21 24 3 7 61 14 68 24 63 3 5 70 8 59 9 71 3 1 16 10 19 12 15 3 5 181 8 189 9 198 3 6 26 10 22 27 28 2 11 104 26 88 3 12 99 13 129 22 114 2 12 32 13 34 2 14 115 19 107 2 15 33 23 34 3 16 191 22 139 24 152 2 17 74 25 73 2 17 91 24 116 2 10 152 18 155 2 16 127 20 136 2 17 136 22 165 2 16 64 23 89 2 21 1 25 1 3 12 119 13 116 22 100 3 8 105 17 85 30 78 3 2 81 17 86 27 70 3 16 103 24 109 28 98
34 3 11 161 17 215 26 189 3 1 19 10 19 12 20 3 2 164 15 199 26 138 2 3 191 6 181 1 4 68 3 5 56 11 45 24 61 3 6 27 13 24 21 23 3 11 221 17 189 26 175 3 7 71 14 59 24 52 3 5 60 8 73 9 55 3 5 183 8 166 9 158 3 7 63 14 67 24 74 3 8 82 17 104 30 85 3 6 32 10 23 27 25 2 15 46 23 36 2 11 84 26 89 3 12 124 13 134 22 96 2 12 25 13 26 2 14 94 19 114 3 16 192 22 167 24 151 2 17 70 25 72 2 14 85 29 84 2 16 82 23 67 2 17 132 22 127 2 10 157 18 140 1 4 77 3 16 125 24 104 28 132 3 15 61 19 68 28 63 2 16 144 20 152 4 15 109 21 97 22 98 30 106 2 17 101 24 118 1 4 79 2 21 1 25 2 3 2 72 17 73 27 82
34 3 11 179 17 218 26 202 3 1 21 10 18 12 17 3 2 141 15 155 26 174 2 3 159 6 198 1 4 72 3 5 49 11 42 24 50 3 6 21 13 28 21 27 3 11 210 17 156 26 199 3 7 68 14 76 24 59 3 5 79 8 60 9 62 3 5 144 8 173 9 199 3 7 55 14 53 24 54 3 8 108 17 102 30 94 3 6 33 10 26 27 24 2 15 42 23 37 2 11 97 26 99 3 12 110 13 121 22 132 2 12 36 13 31 2 14 89 19 113 3 16 159 22 135 24 156 2 17 73 25 81 2 14 91 29 74 2 16 80 23 76 2 17 128 22 175 2 10 141 18 154 1 4 84 3 16 108 24 95 28 125 3 15 72 19 74 28 63 2 16 131 20 140 4 15 117 21 85 22 116 30 86 2 17 125 24 106 1 4 66 2 21 1 25 1 3 2 87 17 63 27 91
34 3 11 179 17 218 26 202 3 1 21 10 18 12 17 3 2 141 15 155 26 174 2 3 159 6 198 1 4 72 3 5 49 11 42 24 50 3 6 21 13 28 21 27 3 11 210 17 156 26 199 3 7 68 14 76 24 59 3 5 79 8 60 9 62 3 5 144 8 173 9 199 3 7 55 14 53 24 54 3 8 108 17 102 30 94 3 6 33 10 26 27 24 2 15 42 23 37 2 11 97 26 99 3 12 110 13 121 22 132 2 12 36 13 31 2 14 89 19 113 3 16 159 22 135 24 156 2 17 73 25 81 2 14 91 29 74 2 16 80 23 76 2 17 128 22 175 2 10 141 18 154 1 4 84 3 16 108 24 95 28 125 3 15 72 19 74 28 63 2 16 131 20 140 4 15 117 21 85 22 116 30 86 2 17 125 24 106 1 4 66 2 21 1 25 1 3 2 87 17 63 27 91
DUE_DATES: 3774 3774 3774 4341 3707 3707 3727 3708 4316 3895 3895 3895 3424 3424 3580 3513 3513 3911 4037 4037 3740 3853 3643 3575 3575 3703 3703 3471 3548 3548 3672 3672 3559 3559 4014 3603 3335 3827 3827 3827 3653 3653 3923 3674 3767 3732 3329 3556 3564 3564
WEIGHTS: 3 3 1 3 2 3 3 1 1 3 1 1 3 2 1 1 3 3 2 1 3 1 1 2 2 3 1 2 2 3 2 1 3 1 2 3 2 2 3 3 3 1 2 1 3 2 2 1 2 3
