50 30
33 3 1 20 8 30 20 27 3 2 38 3 44 6 51 3 2 57 3 43 12 50 3 4 154 28 149 29 160 3 14 173 19 159 27 143 3 2 133 25 155 29 128 3 4 185 28 182 29 143 2 5 43 19 45 3 2 48 3 52 12 44 2 6 152 9 112 3 7 34 10 41 16 45 2 8 175 20 153 3 13 93 19 89 29 102 2 9 118 12 87 2 10 9 25 11 2 15 133 29 133 2 11 137 26 102 3 3 53 5 46 12 59 2 13 121 21 165 3 3 178 16 188 20 169 3 17 45 18 48 25 39 3 1 22 8 26 20 27 2 18 43 24 54 2 11 158 20 139 2 5 199 19 147 3 20 123 23 166 26 149 3 18 53 21 55 27 52 2 2 185 27 193 2 16 148 23 180 2 26 145 28 118 2 22 181 25 163 2 23 169 24 147 2 29 129 30 148
33 3 1 20 8 30 20 27 3 2 38 3 44 6 51 3 2 57 3 43 12 50 3 4 154 28 149 29 160 3 14 173 19 159 27 143 3 2 133 25 155 29 128 3 4 185 28 182 29 143 2 5 43 19 45 3 2 48 3 52 12 44 2 6 152 9 112 3 7 34 10 41 16 45 2 8 175 20 153 3 13 93 19 89 29 102 2 9 118 12 87 2 10 9 25 11 2 15 133 29 133 2 11 137 26 102 3 3 53 5 46 12 59 2 13 121 21 165 3 3 178 16 188 20 169 3 17 45 18 48 25 39 3 1 22 8 26 20 27 2 18 43 24 54 2 11 158 20 139 2 5 199 19 147 3 20 123 23 166 26 149 3 18 53 21 55 27 52 2 2 185 27 193 2 16 148 23 180 2 26 145 28 118 2 22 181 25 163 2 23 169 24 147 2 29 129 30 148
37 3 1 31 8 26 20 28 3 2 45 3 40 6 40 2 22 178 25 138 3 2 54 3 39 12 43 3 4 165 28 184 29 185 2 22 169 25 160 2 5 59 19 48 2 22 140 25 159 2 6 144 9 108 3 1 26 8 21 20 30 3 7 44 10 42 16 41 2 8 148 20 134 2 9 93 12 115 3 4 137 28 159 29 170 2 10 10 25 9 3 2 47 3 39 12 40 2 16 167 23 172 2 11 98 26 114 3 3 53 5 55 12 51 2 13 125 21 138 3 14 165 19 180 27 154 3 1 25 8 31 20 21 2 15 112 29 99 2 2 161 27 157 2 5 155 19 164 3 20 144 23 128 26 113 2 23 197 24 208 3 3 212 16 187 20 183 2 11 160 20 176 3 17 48 18 41 25 49 3 2 41 3 54 12 43 2 29 164 30 139 3 18 47 21 63 27 42 3 13 121 19 88 29 109 2 18 43 24 50 3 2 169 25 183 29 151 2 26 134 28 108
37 3 1 31 8 26 20 28 3 2 45 3 40 6 40 2 22 178 25 138 3 2 54 3 39 12 43 3 4 165 28 184 29 185 2 22 169 25 160 2 5 59 19 48 2 22 140 25 159 2 6 144 9 108 3 1 26 8 21 20 30 3 7 44 10 42 16 41 2 8 148 20 134 2 9 93 12 115 3 4 137 28 159 29 170 2 10 10 25 9 3 2 47 3 39 12 40 2 16 167 23 172 2 11 98 26 114 3 3 53 5 55 12 51 2 13 125 21 138 3 14 165 19 180 27 154 3 1 25 8 31 20 21 2 15 112 29 99 2 2 161 27 157 2 5 155 19 164 3 20 144 23 128 26 113 2 23 197 24 208 3 3 212 16 187 20 183 2 11 160 20 176 3 17 48 18 41 25 49 3 2 41 3 54 12 43 2 29 164 30 139 3 18 47 21 63 27 42 3 13 121 19 88 29 109 2 18 43 24 50 3 2 169 25 183 29 151 2 26 134 28 108
38 3 7 38 10 42 16 33 3 1 22 8 27 20 25 2 26 143 28 100 3 7 33 10 38 16 38 3 2 37 3 46 6 46 3 2 43 3 56 12 45 3 4 132 28 137 29 168 3 13 88 19 92 29 102 2 29 176 30 176 3 2 53 3 56 12 40 3 17 38 18 36 25 44 2 15 132 29 105 2 22 163 25 187 3 2 42 3 53 12 56 2 5 44 19 48 2 6 142 9 137 2 8 195 20 153 2 9 94 12 86 3 18 42 21 50 27 60 2 10 12 25 12 2 11 115 26 139 3 3 47 5 48 12 65 2 13 155 21 158 2 2 196 27 207 2 15 103 29 138 3 3 185 16 203 20 171 2 13 149 21 165 3 14 136 19 169 27 155 2 9 92 12 113 2 18 47 24 41 2 5 186 19 176 3 3 170 16 178 20 155 2 11 126 20 160 3 2 180 25 140 29 131 2 23 157 24 214 3 20 123 23 158 26 150 2 22 169 25 136 2 16 156 23 143
38 3 7 38 10 42 16 33 3 1 22 8 27 20 25 2 26 143 28 100 3 7 33 10 38 16 38 3 2 37 3 46 6 46 3 2 43 3 56 12 45 3 4 132 28 137 29 168 3 13 88 19 92 29 102 2 29 176 30 176 3 2 53 3 56 12 40 3 17 38 18 36 25 44 2 15 132 29 105 2 22 163 25 187 3 2 42 3 53 12 56 2 5 44 19 48 2 6 142 9 137 2 8 195 20 153 2 9 94 12 86 3 18 42 21 50 27 60 2 10 12 25 12 2 11 115 26 139 3 3 47 5 48 12 65 2 13 155 21 158 2 2 196 27 207 2 15 103 29 138 3 3 185 16 203 20 171 2 13 149 21 165 3 14 136 19 169 27 155 2 9 92 12 113 2 18 47 24 41 2 5 186 19 176 3 3 170 16 178 20 155 2 11 126 20 160 3 2 180 25 140 29 131 2 23 157 24 214 3 20 123 23 158 26 150 2 22 169 25 136 2 16 156 23 143
38 3 7 38 10 42 16 33 3 1 22 8 27 20 25 2 26 143 28 100 3 7 33 10 38 16 38 3 2 37 3 46 6 46 3 2 43 3 56 12 45 3 4 132 28 137 29 168 3 13 88 19 92 29 102 2 29 176 30 176 3 2 53 3 56 12 40 3 17 38 18 36 25 44 2 15 132 29 105 2 22 163 25 187 3 2 42 3 53 12 56 2 5 44 19 48 2 6 142 9 137 2 8 195 20 153 2 9 94 12 86 3 18 42 21 50 27 60 2 10 12 25 12 2 11 115 26 139 3 3 47 5 48 12 65 2 13 155 21 158 2 2 196 27 207 2 15 103 29 138 3 3 185 16 203 20 171 2 13 149 21 165 3 14 136 19 169 27 155 2 9 92 12 113 2 18 47 24 41 2 5 186 19 176 3 3 170 16 178 20 155 2 11 126 20 160 3 2 180 25 140 29 131 2 23 157 24 214 3 20 123 23 158 26 150 2 22 169 25 136 2 16 156 23 143
34 2 11 165 20 177 3 1 23 8 24 20 26 2 29 140 30 174 3 2 34 3 50 6 45 2 29 191 30 178 3 2 49 3 46 12 53 3 4 136 28 131 29 157 2 5 48 19 51 2 6 103 9 135 2 8 196 20 167 3 7 41 10 35 16 44 3 18 61 21 57 27 50 2 9 92 12 96 2 10 9 25 9 2 11 102 26 117 3 3 51 5 63 12 48 2 11 137 20 127 2 13 118 21 158 3 7 37 10 41 16 40 3 14 187 19 136 27 146 2 22 172 25 200 2 15 100 29 129 2 16 204 23 144 3 3 56 5 64 12 56 3 3 211 16 211 20 214 3 17 44 18 41 25 39 2 18 48 24 45 3 13 118 19 121 29 98 2 2 152 27 143 3 20 164 23 124 26 159 2 5 167 19 136 3 2 182 25 177 29 134 2 23 207 24 170 2 26 126 28 126
34 2 11 165 20 177 3 1 23 8 24 20 26 2 29 140 30 174 3 2 34 3 50 6 45 2 29 191 30 178 3 2 49 3 46 12 53 3 4 136 28 131 29 157 2 5 48 19 51 2 6 103 9 135 2 8 196 20 167 3 7 41 10 35 16 44 3 18 61 21 57 27 50 2 9 92 12 96 2 10 9 25 9 2 11 102 26 117 3 3 51 5 63 12 48 2 11 137 20 127 2 13 118 21 158 3 7 37 10 41 16 40 3 14 187 19 136 27 146 2 22 172 25 200 2 15 100 29 129 2 16 204 23 144 3 3 56 5 64 12 56 3 3 211 16 211 20 214 3 17 44 18 41 25 39 2 18 48 24 45 3 13 118 19 121 29 98 2 2 152 27 143 3 20 164 23 124 26 159 2 5 167 19 136 3 2 182 25 177 29 134 2 23 207 24 170 2 26 126 28 126
34 2 11 165 20 177 3 1 23 8 24 20 26 2 29 140 30 174 3 2 34 3 50 6 45 2 29 191 30 178 3 2 49 3 46 12 53 3 4 136 28 131 29 157 2 5 48 19 51 2 6 103 9 135 2 8 196 20 167 3 7 41 10 35 16 44 3 18 61 21 57 27 50 2 9 92 12 96 2 10 9 25 9 2 11 102 26 117 3 3 51 5 63 12 48 2 11 137 20 127 2 13 118 21 158 3 7 37 10 41 16 40 3 14 187 19 136 27 146 2 22 172 25 200 2 15 100 29 129 2 16 204 23 144 3 3 56 5 64 12 56 3 3 211 16 211 20 214 3 17 44 18 41 25 39 2 18 48 24 45 3 13 118 19 121 29 98 2 2 152 27 143 3 20 164 23 124 26 159 2 5 167 19 136 3 2 182 25 177 29 134 2 23 207 24 170 2 26 126 28 126
34 2 11 165 20 177 3 1 23 8 24 20 26 2 29 140 30 174 3 2 34 3 50 6 45 2 29 191 30 178 3 2 49 3 46 12 53 3 4 136 28 131 29 157 2 5 48 19 51 2 6 103 9 135 2 8 196 20 167 3 7 41 10 35 16 44 3 18 61 21 57 27 50 2 9 92 12 96 2 10 9 25 9 2 11 102 26 117 3 3 51 5 63 12 48 2 11 137 20 127 2 13 118 21 158 3 7 37 10 41 16 40 3 14 187 19 136 27 146 2 22 172 25 200 2 15 100 29 129 2 16 204 23 144 3 3 56 5 64 12 56 3 3 211 16 211 20 214 3 17 44 18 41 25 39 2 18 48 24 45 3 13 118 19 121 29 98 2 2 152 27 143 3 20 164 23 124 26 159 2 5 167 19 136 3 2 182 25 177 29 134 2 23 207 24 170 2 26 126 28 126
36 2 29 175 30 166 3 1 22 8 30 20 29 2 5 161 19 170 3 1 20 8 26 20 24 3 2 40 3 48 6 37 3 14 140 19 158 27 184 3 2 43 3 52 12 57 3 18 43 21 50 27 43 3 4 170 28 148 29 161 3 2 56 3 46 12 44 2 5 42 19 54 2 6 137 9 149 2 5 197 19 160 3 7 43 10 45 16 36 2 16 178 23 161 3 20 126 23 145 26 130 2 8 141 20 191 2 9 111 12 96 3 7 35 10 44 16 34 2 10 13 25 13 2 11 123 20 154 2 11 130 26 128 3 3 52 5 54 12 57 2 13 165 21 120 2 15 144 29 105 3 13 110 19 102 29 112 3 3 198 16 216 20 189 3 17 41 18 43 25 48 3 13 97 19 89 29 98 2 26 139 28 130 2 18 52 24 41 2 22 171 25 188 3 2 152 25 137 29 155 2 2 150 27 161 3 4 141 28 127 29 158 2 23 220 24 189
36 2 29 175 30 166 3 1 22 8 30 20 29 2 5 161 19 170 3 1 20 8 26 20 24 3 2 40 3 48 6 37 3 14 140 19 158 27 184 3 2 43 3 52 12 57 3 18 43 21 50 27 43 3 4 170 28 148 29 161 3 2 56 3 46 12 44 2 5 42 19 54 2 6 137 9 149 2 5 197 19 160 3 7 43 10 45 16 36 2 16 178 23 161 3 20 126 23 145 26 130 2 8 141 20 191 2 9 111 12 96 3 7 35 10 44 16 34 2 10 13 25 13 2 11 123 20 154 2 11 130 26 128 3 3 52 5 54 12 57 2 13 165 21 120 2 15 144 29 105 3 13 110 19 102 29 112 3 3 198 16 216 20 189 3 17 41 18 43 25 48 3 13 97 19 89 29 98 2 26 139 28 130 2 18 52 24 41 2 22 171 25 188 3 2 152 25 137 29 155 2 2 150 27 161 3 4 141 28 127 29 158 2 23 220 24 189
36 2 29 175 30 166 3 1 22 8 30 20 29 2 5 161 19 170 3 1 20 8 26 20 24 3 2 40 3 48 6 37 3 14 140 19 158 27 184 3 2 43 3 52 12 57 3 18 43 21 50 27 43 3 4 170 28 148 29 161 3 2 56 3 46 12 44 2 5 42 19 54 2 6 137 9 149 2 5 197 19 160 3 7 43 10 45 16 36 2 16 178 23 161 3 20 126 23 145 26 130 2 8 141 20 191 2 9 111 12 96 3 7 35 10 44 16 34 2 10 13 25 13 2 11 123 20 154 2 11 130 26 128 3 3 52 5 54 12 57 2 13 165 21 120 2 15 144 29 105 3 13 110 19 102 29 112 3 3 198 16 216 20 189 3 17 41 18 43 25 48 3 13 97 19 89 29 98 2 26 139 28 130 2 18 52 24 41 2 22 171 25 188 3 2 152 25 137 29 155 2 2 150 27 161 3 4 141 28 127 29 158 2 23 220 24 189
32 3 1 30 8 21 20 21 2 22 157 25 170 3 1 25 8 27 20 27 3 17 43 18 50 25 38 3 2 49 3 38 6 34 3 2 46 3 54 12 48 3 17 35 18 47 25 47 3 4 128 28 148 29 162 2 5 46 19 42 2 6 127 9 131 3 20 152 23 115 26 136 3 7 46 10 41 16 42 2 8 167 20 137 2 9 117 12 88 2 10 9 25 12 2 11 166 20 174 2 11 97 26 136 3 3 46 5 52 12 61 2 13 119 21 163 3 14 148 19 163 27 131 2 15 122 29 105 3 3 150 16 200 20 172 2 18 51 24 57 2 5 161 19 175 2 26 101 28 105 2 16 148 23 212 3 18 60 21 53 27 51 3 2 167 25 171 29 171 2 23 163 24 167 2 2 175 27 210 3 13 91 19 99 29 87 2 29 166 30 147
32 3 1 30 8 21 20 21 2 22 157 25 170 3 1 25 8 27 20 27 3 17 43 18 50 25 38 3 2 49 3 38 6 34 3 2 46 3 54 12 48 3 17 35 18 47 25 47 3 4 128 28 148 29 162 2 5 46 19 42 2 6 127 9 131 3 20 152 23 115 26 136 3 7 46 10 41 16 42 2 8 167 20 137 2 9 117 12 88 2 10 9 25 12 2 11 166 20 174 2 11 97 26 136 3 3 46 5 52 12 61 2 13 119 21 163 3 14 148 19 163 27 131 2 15 122 29 105 3 3 150 16 200 20 172 2 18 51 24 57 2 5 161 19 175 2 26 101 28 105 2 16 148 23 212 3 18 60 21 53 27 51 3 2 167 25 171 29 171 2 23 163 24 167 2 2 175 27 210 3 13 91 19 99 29 87 2 29 166 30 147
32 3 1 25 8 22 20 26 2 22 146 25 172 3 1 25 8 21 20 29 3 17 47 18 37 25 40 3 2 47 3 49 6 47 3 2 57 3 56 12 54 3 17 37 18 38 25 37 3 4 153 28 151 29 134 2 5 59 19 42 2 6 116 9 122 3 20 139 23 136 26 116 3 7 46 10 39 16 33 2 8 143 20 183 2 9 95 12 91 2 10 12 25 12 2 11 140 20 164 2 11 104 26 127 3 3 65 5 55 12 58 2 13 113 21 157 3 14 149 19 168 27 144 2 15 118 29 142 3 3 176 16 198 20 145 2 18 42 24 41 2 5 178 19 155 2 26 104 28 134 2 16 193 23 180 3 18 44 21 53 27 48 3 2 171 25 128 29 130 2 23 207 24 178 2 2 173 27 188 3 13 95 19 112 29 107 2 29 145 30 177
35 3 2 170 25 174 29 148 3 1 28 8 23 20 22 3 2 37 3 37 6 38 2 29 171 30 176 3 2 49 3 49 12 48 3 4 169 28 184 29 185 2 5 46 19 41 3 3 53 5 53 12 60 2 6 140 9 116 3 4 166 28 149 29 153 3 13 103 19 123 29 118 3 3 166 16 156 20 196 3 7 43 10 32 16 40 2 8 186 20 181 2 23 187 24 183 3 13 98 19 97 29 100 2 9 122 12 105 2 18 45 24 53 2 10 11 25 11 2 11 104 26 135 2 11 133 20 153 2 23 165 24 194 2 13 134 21 131 3 14 158 19 146 27 135 3 17 42 18 41 25 38 2 15 107 29 107 2 5 152 19 141 3 2 172 25 160 29 160 3 18 55 21 59 27 53 3 20 130 23 143 26 130 2 11 95 26 98 2 22 191 25 138 2 16 202 23 180 2 2 194 27 176 2 26 100 28 124
36 3 1 29 8 23 20 29 2 11 152 20 124 3 1 28 8 22 20 23 2 13 123 21 137 3 2 46 3 44 6 51 3 2 57 3 55 12 53 3 4 184 28 141 29 178 2 5 56 19 58 2 6 144 9 123 3 7 43 10 35 16 43 3 2 164 25 163 29 142 2 8 196 20 179 2 9 114 12 101 2 18 42 24 50 3 2 170 25 166 29 135 3 14 129 19 164 27 189 3 7 44 10 32 16 35 2 29 141 30 162 3 18 53 21 62 27 47 3 13 103 19 89 29 123 2 16 170 23 202 2 10 11 25 9 2 29 191 30 144 2 15 125 29 124 2 29 168 30 178 2 26 126 28 144 2 11 114 26 113 3 17 46 18 50 25 44 2 5 198 19 183 3 3 49 5 55 12 48 2 23 194 24 148 3 3 161 16 196 20 217 2 16 197 23 170 2 22 142 25 171 3 20 114 23 150 26 111 2 2 148 27 195
37 3 1 28 8 24 20 29 3 2 36 3 40 6 34 2 9 87 12 121 3 2 53 3 54 12 49 2 2 154 27 193 3 4 138 28 147 29 161 2 2 197 27 163 2 5 43 19 45 2 2 152 27 155 3 20 137 23 112 26 145 2 2 196 27 195 2 6 115 9 137 2 2 177 27 146 3 7 38 10 45 16 32 2 10 9 25 9 3 17 38 18 42 25 51 2 8 135 20 145 2 11 127 26 103 3 3 65 5 47 12 49 2 13 113 21 158 2 29 148 30 159 3 4 137 28 160 29 174 3 14 183 19 173 27 132 2 15 131 29 134 3 3 172 16 212 20 181 2 18 56 24 49 2 5 190 19 176 2 11 120 26 100 3 13 123 19 109 29 103 2 11 135 20 152 2 22 189 25 195 3 18 59 21 55 27 48 2 16 157 23 154 2 11 158 20 163 2 23 161 24 205 3 2 188 25 186 29 150 2 26 130 28 133
35 3 2 155 25 129 29 159 3 1 24 8 30 20 24 3 2 41 3 46 6 40 2 29 152 30 130 3 2 39 3 39 12 54 3 4 166 28 128 29 151 2 5 56 19 57 3 3 64 5 47 12 44 2 6 116 9 133 3 4 187 28 175 29 131 3 13 88 19 119 29 117 3 3 207 16 151 20 145 3 7 44 10 35 16 46 2 8 190 20 195 2 23 178 24 174 3 13 112 19 121 29 122 2 9 88 12 101 2 18 55 24 45 2 10 9 25 8 2 11 133 26 124 2 11 137 20 172 2 23 147 24 154 2 13 157 21 129 3 14 186 19 137 27 183 3 17 35 18 51 25 45 2 15 141 29 113 2 5 195 19 194 3 2 170 25 175 29 183 3 18 55 21 45 27 61 3 20 152 23 153 26 129 2 11 95 26 105 2 22 137 25 146 2 16 146 23 156 2 2 198 27 211 2 26 135 28 148
35 3 2 155 25 129 29 159 3 1 24 8 30 20 24 3 2 41 3 46 6 40 2 29 152 30 130 3 2 39 3 39 12 54 3 4 166 28 128 29 151 2 5 56 19 57 3 3 64 5 47 12 44 2 6 116 9 133 3 4 187 28 175 29 131 3 13 88 19 119 29 117 3 3 207 16 151 20 145 3 7 44 10 35 16 46 2 8 190 20 195 2 23 178 24 174 3 13 112 19 121 29 122 2 9 88 12 101 2 18 55 24 45 2 10 9 25 8 2 11 133 26 124 2 11 137 20 172 2 23 147 24 154 2 13 157 21 129 3 14 186 19 137 27 183 3 17 35 18 51 25 45 2 15 141 29 113 2 5 195 19 194 3 2 170 25 175 29 183 3 18 55 21 45 27 61 3 20 152 23 153 26 129 2 11 95 26 105 2 22 137 25 146 2 16 146 23 156 2 2 198 27 211 2 26 135 28 148
35 3 2 155 25 129 29 159 3 1 24 8 30 20 24 3 2 41 3 46 6 40 2 29 152 30 130 3 2 39 3 39 12 54 3 4 166 28 128 29 151 2 5 56 19 57 3 3 64 5 47 12 44 2 6 116 9 133 3 4 187 28 175 29 131 3 13 88 19 119 29 117 3 3 207 16 151 20 145 3 7 44 10 35 16 46 2 8 190 20 195 2 23 178 24 174 3 13 112 19 121 29 122 2 9 88 12 101 2 18 55 24 45 2 10 9 25 8 2 11 133 26 124 2 11 137 20 172 2 23 147 24 154 2 13 157 21 129 3 14 186 19 137 27 183 3 17 35 18 51 25 45 2 15 141 29 113 2 5 195 19 194 3 2 170 25 175 29 183 3 18 55 21 45 27 61 3 20 152 23 153 26 129 2 11 95 26 105 2 22 137 25 146 2 16 146 23 156 2 2 198 27 211 2 26 135 28 148
36 3 1 20 8 30 20 27 3 2 49 3 36 6 44 2 23 194 24 183 3 2 57 3 54 12 52 3 4 174 28 177 29 174 2 5 46 19 56 2 23 161 24 196 2 6 112 9 118 3 13 122 19 109 29 94 3 2 39 3 36 6 44 3 7 32 10 38 16 38 2 8 138 20 156 3 4 189 28 146 29 172 2 9 113 12 117 2 13 133 21 129 2 11 149 20 130 2 10 9 25 9 2 15 126 29 141 2 11 100 26 132 3 7 45 10 39 16 40 3 3 45 5 46 12 53 3 14 159 19 133 27 190 2 29 189 30 160 2 2 186 27 153 3 3 211 16 211 20 153 3 4 187 28 141 29 141 3 17 50 18 47 25 44 3 3 44 5 58 12 57 2 18 51 24 52 2 5 168 19 198 3 18 46 21 44 27 43 2 26 121 28 140 2 22 172 25 133 2 16 175 23 145 3 2 173 25 134 29 133 3 20 147 23 126 26 121
35 3 1 27 8 24 20 26 3 2 48 3 49 6 40 3 1 27 8 24 20 26 3 2 40 3 49 12 41 3 4 163 28 188 29 160 2 5 50 19 55 3 4 158 28 134 29 128 2 6 137 9 111 3 7 32 10 44 16 39 2 29 131 30 152 3 7 38 10 44 16 40 2 9 94 12 103 2 8 139 20 182 3 14 141 19 171 27 141 3 17 48 18 51 25 39 2 26 120 28 108 2 10 10 25 11 2 11 125 26 113 3 18 53 21 60 27 48 2 15 125 29 117 3 17 36 18 48 25 52 2 22 167 25 151 2 18 56 24 43 3 3 46 5 59 12 49 2 13 122 21 145 2 5 152 19 196 2 15 104 29 130 3 3 179 16 152 20 170 2 11 173 20 138 2 2 171 27 145 2 16 170 23 192 2 23 164 24 209 3 2 157 25 175 29 138 3 20 158 23 121 26 164 3 13 90 19 100 29 91
32 3 1 24 8 21 20 26 2 22 181 25 156 3 1 21 8 30 20 27 3 17 50 18 49 25 42 3 2 41 3 35 6 39 3 2 45 3 44 12 41 3 17 39 18 47 25 38 3 4 151 28 147 29 176 2 5 42 19 59 2 6 112 9 134 3 20 151 23 128 26 139 3 7 36 10 44 16 32 2 8 151 20 161 2 9 91 12 126 2 10 12 25 8 2 11 142 20 173 2 11 98 26 116 3 3 58 5 50 12 58 2 13 119 21 132 3 14 146 19 130 27 166 2 15 139 29 136 3 3 201 16 156 20 202 2 18 54 24 48 2 5 190 19 184 2 26 111 28 125 2 16 194 23 174 3 18 56 21 43 27 62 3 2 171 25 134 29 180 2 23 218 24 168 2 2 162 27 192 3 13 94 19 91 29 100 2 29 152 30 191
37 3 1 22 8 27 20 29 3 2 42 3 39 6 41 2 22 158 25 171 3 2 47 3 53 12 45 3 4 140 28 157 29 168 2 22 195 25 141 2 5 49 19 58 2 22 166 25 188 2 6 108 9 140 3 1 31 8 21 20 29 3 7 39 10 47 16 39 2 8 192 20 149 2 9 100 12 89 3 4 156 28 149 29 145 2 10 11 25 9 3 2 45 3 57 12 39 2 16 199 23 168 2 11 97 26 118 3 3 61 5 63 12 59 2 13 127 21 155 3 14 159 19 150 27 160 3 1 29 8 25 20 24 2 15 103 29 103 2 2 146 27 178 2 5 181 19 164 3 20 119 23 152 26 146 2 23 166 24 200 3 3 213 16 150 20 208 2 11 141 20 149 3 17 48 18 46 25 49 3 2 55 3 40 12 50 2 29 156 30 153 3 18 44 21 45 27 57 3 13 124 19 120 29 89 2 18 48 24 44 3 2 140 25 156 29 138 2 26 123 28 104
37 3 1 22 8 27 20 29 3 2 42 3 39 6 41 2 22 158 25 171 3 2 47 3 53 12 45 3 4 140 28 157 29 168 2 22 195 25 141 2 5 49 19 58 2 22 166 25 188 2 6 108 9 140 3 1 31 8 21 20 29 3 7 39 10 47 16 39 2 8 192 20 149 2 9 100 12 89 3 4 156 28 149 29 145 2 10 11 25 9 3 2 45 3 57 12 39 2 16 199 23 168 2 11 97 26 118 3 3 61 5 63 12 59 2 13 127 21 155 3 14 159 19 150 27 160 3 1 29 8 25 20 24 2 15 103 29 103 2 2 146 27 178 2 5 181 19 164 3 20 119 23 152 26 146 2 23 166 24 200 3 3 213 16 150 20 208 2 11 141 20 149 3 17 48 18 46 25 49 3 2 55 3 40 12 50 2 29 156 30 153 3 18 44 21 45 27 57 3 13 124 19 120 29 89 2 18 48 24 44 3 2 140 25 156 29 138 2 26 123 28 104
35 3 1 27 8 25 20 23 3 2 44 3 35 6 49 3 2 42 3 46 12 55 3 4 154 28 138 29 141 3 14 186 19 141 27 127 3 2 184 25 176 29 190 3 3 196 16 187 20 190 2 26 129 28 126 2 5 58 19 54 2 6 109 9 137 3 2 140 25 161 29 143 3 17 49 18 40 25 45 2 5 55 19 43 3 20 151 23 142 26 132 3 7 43 10 35 16 33 2 8 154 20 159 2 18 51 24 54 3 14 156 19 167 27 137 2 22 148 25 171 2 9 126 12 123 2 23 183 24 164 2 10 10 25 10 2 11 134 20 170 2 11 93 26 115 2 5 172 19 157 3 3 61 5 51 12 54 2 13 162 21 118 2 15 143 29 143 2 29 152 30 162 2 2 157 27 208 2 11 109 26 130 3 18 62 21 61 27 55 2 11 119 26 137 2 16 145 23 198 3 13 112 19 87 29 113
35 3 1 27 8 25 20 23 3 2 44 3 35 6 49 3 2 42 3 46 12 55 3 4 154 28 138 29 141 3 14 186 19 141 27 127 3 2 184 25 176 29 190 3 3 196 16 187 20 190 2 26 129 28 126 2 5 58 19 54 2 6 109 9 137 3 2 140 25 161 29 143 3 17 49 18 40 25 45 2 5 55 19 43 3 20 151 23 142 26 132 3 7 43 10 35 16 33 2 8 154 20 159 2 18 51 24 54 3 14 156 19 167 27 137 2 22 148 25 171 2 9 126 12 123 2 23 183 24 164 2 10 10 25 10 2 11 134 20 170 2 11 93 26 115 2 5 172 19 157 3 3 61 5 51 12 54 2 13 162 21 118 2 15 143 29 143 2 29 152 30 162 2 2 157 27 208 2 11 109 26 130 3 18 62 21 61 27 55 2 11 119 26 137 2 16 145 23 198 3 13 112 19 87 29 113
36 2 29 136 30 175 3 1 24 8 24 20 29 2 5 159 19 164 3 1 26 8 23 20 28 3 2 34 3 46 6 46 3 14 185 19 149 27 152 3 2 45 3 45 12 48 3 18 57 21 50 27 60 3 4 189 28 175 29 181 3 2 58 3 53 12 39 2 5 53 19 47 2 6 115 9 150 2 5 184 19 175 3 7 32 10 33 16 35 2 16 159 23 182 3 20 161 23 145 26 145 2 8 155 20 143 2 9 97 12 123 3 7 39 10 42 16 35 2 10 10 25 10 2 11 161 20 163 2 11 134 26 125 3 3 55 5 59 12 48 2 13 149 21 151 2 15 126 29 98 3 13 122 19 120 29 94 3 3 158 16 145 20 216 3 17 44 18 35 25 47 3 13 112 19 85 29 111 2 26 132 28 128 2 18 46 24 48 2 22 187 25 180 3 2 167 25 138 29 166 2 2 156 27 159 3 4 173 28 161 29 142 2 23 201 24 167
35 3 2 145 25 159 29 168 3 1 25 8 29 20 23 3 2 37 3 44 6 38 2 29 151 30 135 3 2 46 3 57 12 52 3 4 131 28 151 29 144 2 5 56 19 58 3 3 46 5 48 12 44 2 6 119 9 130 3 4 176 28 147 29 146 3 13 113 19 91 29 89 3 3 148 16 181 20 192 3 7 35 10 37 16 41 2 8 191 20 188 2 23 163 24 190 3 13 94 19 100 29 102 2 9 110 12 95 2 18 40 24 48 2 10 10 25 11 2 11 105 26 124 2 11 174 20 166 2 23 184 24 178 2 13 166 21 122 3 14 144 19 174 27 138 3 17 49 18 44 25 39 2 15 102 29 102 2 5 139 19 172 3 2 154 25 175 29 167 3 18 47 21 48 27 62 3 20 122 23 123 26 148 2 11 132 26 133 2 22 160 25 149 2 16 161 23 167 2 2 172 27 145 2 26 119 28 144
34 2 5 157 19 153 3 1 30 8 23 20 27 3 13 86 19 92 29 92 3 1 25 8 23 20 24 3 2 46 3 39 6 42 2 5 171 19 166 3 3 157 16 163 20 178 2 9 109 12 88 3 2 51 3 39 12 53 3 4 145 28 143 29 149 2 5 49 19 47 3 3 57 5 49 12 55 2 6 130 9 149 3 18 49 21 47 27 62 3 7 37 10 36 16 47 2 2 197 27 154 2 6 106 9 130 2 8 150 20 150 2 11 95 26 138 2 18 47 24 44 2 11 150 20 139 2 10 11 25 10 2 13 158 21 116 3 14 185 19 181 27 163 2 15 101 29 132 3 2 179 25 157 29 135 2 16 149 23 211 3 4 164 28 170 29 175 3 17 41 18 43 25 44 2 22 193 25 193 2 23 179 24 171 2 26 135 28 124 3 20 149 23 154 26 119 2 29 157 30 144
34 2 5 157 19 153 3 1 30 8 23 20 27 3 13 86 19 92 29 92 3 1 25 8 23 20 24 3 2 46 3 39 6 42 2 5 171 19 166 3 3 157 16 163 20 178 2 9 109 12 88 3 2 51 3 39 12 53 3 4 145 28 143 29 149 2 5 49 19 47 3 3 57 5 49 12 55 2 6 130 9 149 3 18 49 21 47 27 62 3 7 37 10 36 16 47 2 2 197 27 154 2 6 106 9 130 2 8 150 20 150 2 11 95 26 138 2 18 47 24 44 2 11 150 20 139 2 10 11 25 10 2 13 158 21 116 3 14 185 19 181 27 163 2 15 101 29 132 3 2 179 25 157 29 135 2 16 149 23 211 3 4 164 28 170 29 175 3 17 41 18 43 25 44 2 22 193 25 193 2 23 179 24 171 2 26 135 28 124 3 20 149 23 154 26 119 2 29 157 30 144
38 3 7 38 10 35 16 40 3 1 29 8 29 20 28 2 26 137 28 117 3 7 36 10 42 16 39 3 2 50 3 36 6 46 3 2 51 3 55 12 56 3 4 130 28 184 29 170 3 13 109 19 124 29 116 2 29 174 30 175 3 2 53 3 57 12 43 3 17 46 18 52 25 41 2 15 140 29 99 2 22 135 25 197 3 2 53 3 56 12 43 2 5 56 19 60 2 6 144 9 121 2 8 170 20 197 2 9 96 12 108 3 18 49 21 44 27 55 2 10 11 25 12 2 11 108 26 138 3 3 56 5 61 12 63 2 13 165 21 147 2 2 192 27 157 2 15 128 29 113 3 3 206 16 190 20 202 2 13 119 21 154 3 14 148 19 128 27 145 2 9 128 12 117 2 18 53 24 44 2 5 139 19 159 3 3 197 16 169 20 154 2 11 128 20 173 3 2 144 25 146 29 168 2 23 158 24 215 3 20 152 23 148 26 142 2 22 146 25 196 2 16 165 23 184
38 3 7 38 10 35 16 40 3 1 29 8 29 20 28 2 26 137 28 117 3 7 36 10 42 16 39 3 2 50 3 36 6 46 3 2 51 3 55 12 56 3 4 130 28 184 29 170 3 13 109 19 124 29 116 2 29 174 30 175 3 2 53 3 57 12 43 3 17 46 18 52 25 41 2 15 140 29 99 2 22 135 25 197 3 2 53 3 56 12 43 2 5 56 19 60 2 6 144 9 121 2 8 170 20 197 2 9 96 12 108 3 18 49 21 44 27 55 2 10 11 25 12 2 11 108 26 138 3 3 56 5 61 12 63 2 13 165 21 147 2 2 192 27 157 2 15 128 29 113 3 3 206 16 190 20 202 2 13 119 21 154 3 14 148 19 128 27 145 2 9 128 12 117 2 18 53 24 44 2 5 139 19 159 3 3 197 16 169 20 154 2 11 128 20 173 3 2 144 25 146 29 168 2 23 158 24 215 3 20 152 23 148 26 142 2 22 146 25 196 2 16 165 23 184
36 2 29 191 30 142 3 1 22 8 31 20 26 2 5 177 19 137 3 1 25 8 27 20 20 3 2 47 3 44 6 36 3 14 150 19 168 27 150 3 2 47 3 48 12 57 3 18 58 21 46 27 60 3 4 181 28 183 29 134 3 2 49 3 43 12 42 2 5 49 19 46 2 6 151 9 124 2 5 142 19 188 3 7 33 10 41 16 35 2 16 174 23 160 3 20 161 23 115 26 149 2 8 172 20 165 2 9 114 12 110 3 7 46 10 38 16 40 2 10 13 25 10 2 11 161 20 179 2 11 120 26 135 3 3 63 5 62 12 50 2 13 139 21 123 2 15 130 29 123 3 13 120 19 92 29 96 3 3 155 16 145 20 172 3 17 42 18 37 25 40 3 13 124 19 112 29 120 2 26 135 28 121 2 18 52 24 41 2 22 152 25 138 3 2 141 25 172 29 152 2 2 165 27 176 3 4 156 28 186 29 139 2 23 193 24 174
35 3 2 145 25 159 29 165 3 1 27 8 26 20 22 3 2 42 3 42 6 35 2 29 136 30 183 3 2 51 3 54 12 42 3 4 174 28 173 29 162 2 5 53 19 50 3 3 55 5 53 12 44 2 6 143 9 122 3 4 148 28 154 29 150 3 13 113 19 121 29 88 3 3 203 16 195 20 187 3 7 35 10 42 16 45 2 8 136 20 137 2 23 182 24 151 3 13 89 19 87 29 95 2 9 97 12 106 2 18 38 24 44 2 10 8 25 11 2 11 100 26 128 2 11 167 20 143 2 23 196 24 150 2 13 168 21 118 3 14 143 19 163 27 149 3 17 42 18 52 25 38 2 15 101 29 145 2 5 192 19 161 3 2 177 25 163 29 180 3 18 43 21 57 27 54 3 20 139 23 155 26 131 2 11 110 26 111 2 22 178 25 181 2 16 144 23 163 2 2 160 27 204 2 26 134 28 121
35 3 1 27 8 26 20 25 3 2 38 3 37 6 40 3 1 24 8 21 20 23 3 2 46 3 50 12 40 3 4 134 28 145 29 161 2 5 45 19 54 3 4 177 28 154 29 184 2 6 115 9 131 3 7 38 10 47 16 45 2 29 178 30 184 3 7 45 10 39 16 43 2 9 100 12 111 2 8 161 20 175 3 14 185 19 133 27 169 3 17 36 18 49 25 45 2 26 123 28 141 2 10 11 25 10 2 11 98 26 105 3 18 43 21 50 27 59 2 15 138 29 100 3 17 50 18 39 25 40 2 22 167 25 180 2 18 43 24 47 3 3 56 5 63 12 65 2 13 169 21 127 2 5 164 19 183 2 15 99 29 113 3 3 182 16 171 20 161 2 11 137 20 155 2 2 190 27 185 2 16 166 23 206 2 23 169 24 184 3 2 180 25 128 29 148 3 20 125 23 164 26 158 3 13 113 19 84 29 93
35 3 1 27 8 26 20 25 3 2 38 3 37 6 40 3 1 24 8 21 20 23 3 2 46 3 50 12 40 3 4 134 28 145 29 161 2 5 45 19 54 3 4 177 28 154 29 184 2 6 115 9 131 3 7 38 10 47 16 45 2 29 178 30 184 3 7 45 10 39 16 43 2 9 100 12 111 2 8 161 20 175 3 14 185 19 133 27 169 3 17 36 18 49 25 45 2 26 123 28 141 2 10 11 25 10 2 11 98 26 105 3 18 43 21 50 27 59 2 15 138 29 100 3 17 50 18 39 25 40 2 22 167 25 180 2 18 43 24 47 3 3 56 5 63 12 65 2 13 169 21 127 2 5 164 19 183 2 15 99 29 113 3 3 182 16 171 20 161 2 11 137 20 155 2 2 190 27 185 2 16 166 23 206 2 23 169 24 184 3 2 180 25 128 29 148 3 20 125 23 164 26 158 3 13 113 19 84 29 93
37 3 2 52 3 41 12 51 3 1 24 8 23 20 25 3 2 36 3 42 6 48 3 1 24 8 28 20 24 3 18 63 21 55 27 54 3 4 169 28 157 29 182 2 11 126 20 146 2 29 188 30 166 2 5 55 19 52 2 18 51 24 42 3 2 46 3 43 12 46 2 6 126 9 116 2 26 109 28 122 2 10 11 25 10 3 18 54 21 45 27 56 2 22 200 25 142 3 2 41 3 44 6 35 3 7 37 10 38 16 39 3 2 167 25 189 29 172 2 23 171 24 200 2 8 149 20 149 2 9 106 12 87 3 3 208 16 213 20 205 2 11 128 26 111 3 3 64 5 51 12 58 2 13 128 21 166 3 14 147 19 183 27 127 3 3 192 16 156 20 200 2 15 100 29 126 2 26 99 28 141 3 20 114 23 131 26 133 3 17 41 18 43 25 44 2 5 144 19 185 2 29 157 30 190 2 16 176 23 190 2 2 202 27 169 3 13 97 19 121 29 84
36 3 1 24 8 22 20 22 3 2 36 3 41 6 45 2 23 181 24 161 3 2 40 3 48 12 44 3 4 151 28 133 29 145 2 5 45 19 52 2 23 152 24 214 2 6 135 9 134 3 13 104 19 113 29 120 3 2 46 3 49 6 48 3 7 47 10 44 16 40 2 8 199 20 156 3 4 139 28 154 29 138 2 9 125 12 94 2 13 120 21 147 2 11 165 20 129 2 10 12 25 12 2 15 128 29 112 2 11 120 26 111 3 7 32 10 39 16 40 3 3 51 5 52 12 57 3 14 132 19 188 27 160 2 29 158 30 166 2 2 210 27 152 3 3 160 16 181 20 194 3 4 189 28 189 29 167 3 17 35 18 50 25 38 3 3 57 5 56 12 63 2 18 56 24 47 2 5 178 19 167 3 18 55 21 43 27 51 2 26 136 28 119 2 22 191 25 165 2 16 143 23 213 3 2 189 25 183 29 145 3 20 111 23 122 26 159
36 3 1 24 8 22 20 22 3 2 36 3 41 6 45 2 23 181 24 161 3 2 40 3 48 12 44 3 4 151 28 133 29 145 2 5 45 19 52 2 23 152 24 214 2 6 135 9 134 3 13 104 19 113 29 120 3 2 46 3 49 6 48 3 7 47 10 44 16 40 2 8 199 20 156 3 4 139 28 154 29 138 2 9 125 12 94 2 13 120 21 147 2 11 165 20 129 2 10 12 25 12 2 15 128 29 112 2 11 120 26 111 3 7 32 10 39 16 40 3 3 51 5 52 12 57 3 14 132 19 188 27 160 2 29 158 30 166 2 2 210 27 152 3 3 160 16 181 20 194 3 4 189 28 189 29 167 3 17 35 18 50 25 38 3 3 57 5 56 12 63 2 18 56 24 47 2 5 178 19 167 3 18 55 21 43 27 51 2 26 136 28 119 2 22 191 25 165 2 16 143 23 213 3 2 189 25 183 29 145 3 20 111 23 122 26 159
35 3 1 31 8 22 20 28 3 2 45 3 41 6 42 3 1 28 8 27 20 24 3 2 49 3 41 12 57 3 4 185 28 187 29 167 2 5 55 19 41 3 4 179 28 165 29 176 2 6 140 9 103 3 7 41 10 46 16 45 2 29 139 30 154 3 7 37 10 36 16 39 2 9 115 12 87 2 8 183 20 169 3 14 169 19 127 27 162 3 17 50 18 37 25 49 2 26 139 28 110 2 10 10 25 11 2 11 106 26 97 3 18 54 21 62 27 52 2 15 117 29 122 3 17 43 18 43 25 41 2 22 149 25 184 2 18 53 24 45 3 3 45 5 55 12 48 2 13 148 21 149 2 5 153 19 142 2 15 110 29 116 3 3 194 16 204 20 166 2 11 175 20 129 2 2 198 27 200 2 16 189 23 184 2 23 181 24 194 3 2 129 25 178 29 186 3 20 146 23 143 26 123 3 13 95 19 90 29 114
34 3 1 30 8 25 20 27 3 2 45 3 43 6 47 3 2 47 3 52 12 52 3 4 189 28 151 29 184 2 29 142 30 131 3 2 58 3 44 12 41 2 18 48 24 39 2 5 46 19 44 3 3 46 5 53 12 56 2 6 143 9 145 2 22 173 25 135 3 3 64 5 62 12 59 3 20 117 23 145 26 140 3 17 46 18 37 25 40 3 4 173 28 133 29 185 3 7 38 10 32 16 46 2 8 190 20 198 2 16 212 23 182 3 13 99 19 103 29 122 2 9 109 12 93 2 13 155 21 128 2 10 9 25 11 2 11 109 26 140 3 14 159 19 163 27 161 2 29 133 30 189 2 15 137 29 112 2 11 133 20 146 2 26 141 28 138 3 3 154 16 163 20 163 2 5 134 19 183 3 18 57 21 58 27 49 2 23 192 24 160 2 2 163 27 196 3 2 138 25 154 29 133
34 3 1 30 8 25 20 27 3 2 45 3 43 6 47 3 2 47 3 52 12 52 3 4 189 28 151 29 184 2 29 142 30 131 3 2 58 3 44 12 41 2 18 48 24 39 2 5 46 19 44 3 3 46 5 53 12 56 2 6 143 9 145 2 22 173 25 135 3 3 64 5 62 12 59 3 20 117 23 145 26 140 3 17 46 18 37 25 40 3 4 173 28 133 29 185 3 7 38 10 32 16 46 2 8 190 20 198 2 16 212 23 182 3 13 99 19 103 29 122 2 9 109 12 93 2 13 155 21 128 2 10 9 25 11 2 11 109 26 140 3 14 159 19 163 27 161 2 29 133 30 189 2 15 137 29 112 2 11 133 20 146 2 26 141 28 138 3 3 154 16 163 20 163 2 5 134 19 183 3 18 57 21 58 27 49 2 23 192 24 160 2 2 163 27 196 3 2 138 25 154 29 133
37 3 1 28 8 30 20 27 3 2 35 3 49 6 44 2 22 149 25 185 3 2 42 3 44 12 45 3 4 136 28 149 29 189 2 22 160 25 172 2 5 41 19 52 2 22 177 25 184 2 6 112 9 105 3 1 22 8 23 20 26 3 7 36 10 47 16 42 2 8 143 20 133 2 9 121 12 88 3 4 145 28 179 29 130 2 10 10 25 12 3 2 50 3 52 12 53 2 16 202 23 207 2 11 123 26 138 3 3 44 5 61 12 61 2 13 128 21 143 3 14 173 19 151 27 188 3 1 21 8 31 20 21 2 15 124 29 101 2 2 161 27 196 2 5 168 19 163 3 20 130 23 112 26 119 2 23 190 24 162 3 3 146 16 153 20 215 2 11 174 20 144 3 17 36 18 39 25 39 3 2 42 3 49 12 49 2 29 133 30 153 3 18 53 21 60 27 51 3 13 105 19 86 29 85 2 18 43 24 55 3 2 128 25 143 29 165 2 26 147 28 133
35 3 2 148 25 157 29 155 3 1 28 8 29 20 28 3 2 39 3 42 6 50 2 29 128 30 132 3 2 40 3 50 12 49 3 4 163 28 150 29 147 2 5 60 19 54 3 3 57 5 62 12 55 2 6 144 9 144 3 4 130 28 183 29 142 3 13 112 19 90 29 88 3 3 161 16 177 20 207 3 7 35 10 35 16 43 2 8 199 20 139 2 23 198 24 182 3 13 91 19 124 29 94 2 9 113 12 87 2 18 39 24 40 2 10 12 25 9 2 11 139 26 120 2 11 152 20 123 2 23 192 24 183 2 13 162 21 155 3 14 134 19 183 27 128 3 17 44 18 43 25 48 2 15 138 29 133 2 5 185 19 196 3 2 144 25 170 29 169 3 18 54 21 56 27 60 3 20 163 23 112 26 139 2 11 94 26 120 2 22 146 25 197 2 16 209 23 207 2 2 171 27 169 2 26 130 28 135
35 3 1 31 8 28 20 27 3 2 37 3 43 6 46 3 2 43 3 49 12 39 3 4 132 28 129 29 182 3 14 135 19 181 27 133 3 2 184 25 180 29 160 3 3 151 16 182 20 182 2 26 144 28 106 2 5 53 19 45 2 6 124 9 136 3 2 134 25 189 29 174 3 17 45 18 49 25 39 2 5 44 19 60 3 20 122 23 125 26 159 3 7 35 10 41 16 42 2 8 148 20 165 2 18 41 24 41 3 14 178 19 171 27 179 2 22 162 25 176 2 9 122 12 104 2 23 181 24 209 2 10 12 25 9 2 11 141 20 151 2 11 131 26 102 2 5 147 19 141 3 3 50 5 64 12 45 2 13 146 21 135 2 15 137 29 116 2 29 191 30 160 2 2 213 27 148 2 11 135 26 137 3 18 42 21 58 27 51 2 11 99 26 128 2 16 152 23 211 3 13 112 19 89 29 101
34 3 1 27 8 27 20 30 3 2 48 3 42 6 42 3 2 41 3 41 12 53 3 4 150 28 153 29 129 2 29 179 30 188 3 2 49 3 52 12 52 2 18 47 24 54 2 5 59 19 53 3 3 52 5 44 12 53 2 6 133 9 139 2 22 198 25 167 3 3 54 5 48 12 45 3 20 139 23 121 26 164 3 17 45 18 38 25 45 3 4 160 28 138 29 168 3 7 34 10 33 16 40 2 8 137 20 193 2 16 192 23 180 3 13 123 19 109 29 85 2 9 114 12 117 2 13 118 21 136 2 10 9 25 11 2 11 120 26 105 3 14 165 19 181 27 161 2 29 147 30 162 2 15 139 29 99 2 11 132 20 167 2 26 102 28 117 3 3 189 16 182 20 182 2 5 190 19 200 3 18 59 21 51 27 52 2 23 208 24 191 2 2 160 27 183 3 2 187 25 188 29 174
DUE_DATES: 3650 3650 4031 4031 4313 4313 4313 3880 3880 3880 3880 4036 4036 4036 3456 3456 3459 4158 4244 4585 4191 4191 4191 4080 3755 3533 4044 4044 4085 4085 4047 4089 3886 3886 4407 4407 3998 4136 3857 3857 4119 4126 4126 3872 3890 3890 4038 4236 4087 3966
WEIGHTS: 1 3 3 1 3 3 3 2 2 3 2 1 2 3 3 3 1 1 1 3 1 1 1 3 1 2 3 3 1 3 2 1 3 3 1 3 3 3 2 2 2 2 1 3 1 3 1 2 1 1
