50 30
32 3 1 33 4 30 25 38 3 2 124 9 88 20 126 3 3 138 6 128 30 109 2 16 120 17 116 3 7 113 16 151 27 166 1 4 180 3 11 76 25 76 30 61 3 5 1 24 1 28 1 3 3 154 6 117 30 156 3 2 97 6 94 23 112 2 8 71 17 58 2 23 183 26 139 2 2 10 22 11 3 17 111 26 88 30 112 3 7 71 9 76 27 82 2 5 124 12 135 2 9 143 13 126 2 4 111 20 96 3 10 76 12 67 16 86 3 17 82 18 77 19 61 3 6 26 11 31 15 32 2 8 149 13 144 3 3 129 9 111 15 133 3 3 131 21 170 29 132 3 12 70 14 59 28 77 3 3 191 5 168 16 152 3 2 118 6 116 23 82 2 9 16 19 12 3 5 45 25 44 28 61 3 2 59 22 66 23 52 3 14 47 21 37 29 45 3 3 170 23 160 24 186
32 3 1 33 4 30 25 38 3 2 124 9 88 20 126 3 3 138 6 128 30 109 2 16 120 17 116 3 7 113 16 151 27 166 1 4 180 3 11 76 25 76 30 61 3 5 1 24 1 28 1 3 3 154 6 117 30 156 3 2 97 6 94 23 112 2 8 71 17 58 2 23 183 26 139 2 2 10 22 11 3 17 111 26 88 30 112 3 7 71 9 76 27 82 2 5 124 12 135 2 9 143 13 126 2 4 111 20 96 3 10 76 12 67 16 86 3 17 82 18 77 19 61 3 6 26 11 31 15 32 2 8 149 13 144 3 3 129 9 111 15 133 3 3 131 21 170 29 132 3 12 70 14 59 28 77 3 3 191 5 168 16 152 3 2 118 6 116 23 82 2 9 16 19 12 3 5 45 25 44 28 61 3 2 59 22 66 23 52 3 14 47 21 37 29 45 3 3 170 23 160 24 186
36 3 17 81 18 67 19 71 3 1 33 4 41 25 41 3 17 66 18 71 19 79 3 2 101 9 121 20 97 3 3 107 6 139 30 156 1 4 159 2 8 67 17 61 3 3 129 6 106 30 108 3 3 165 5 185 16 145 3 5 1 24 1 28 1 3 3 194 23 144 24 179 3 5 46 25 60 28 66 3 2 94 6 90 23 102 3 17 124 26 87 30 101 3 7 148 16 120 27 147 3 1 29 4 33 25 28 2 9 140 13 134 3 10 84 12 67 16 59 3 6 28 11 28 15 33 3 10 86 12 69 16 66 2 5 144 12 154 2 8 192 13 163 3 12 58 14 70 28 83 3 3 112 9 137 15 122 2 16 113 17 134 2 9 13 19 17 2 4 125 20 106 2 9 126 13 120 3 14 42 21 44 29 39 3 3 140 21 177 29 121 3 5 1 24 1 28 1 3 2 45 22 59 23 47 2 23 165 26 140 2 2 13 22 11 3 11 74 25 76 30 71 3 7 61 9 62 27 73
36 3 17 81 18 67 19 71 3 1 33 4 41 25 41 3 17 66 18 71 19 79 3 2 101 9 121 20 97 3 3 107 6 139 30 156 1 4 159 2 8 67 17 61 3 3 129 6 106 30 108 3 3 165 5 185 16 145 3 5 1 24 1 28 1 3 3 194 23 144 24 179 3 5 46 25 60 28 66 3 2 94 6 90 23 102 3 17 124 26 87 30 101 3 7 148 16 120 27 147 3 1 29 4 33 25 28 2 9 140 13 134 3 10 84 12 67 16 59 3 6 28 11 28 15 33 3 10 86 12 69 16 66 2 5 144 12 154 2 8 192 13 163 3 12 58 14 70 28 83 3 3 112 9 137 15 122 2 16 113 17 134 2 9 13 19 17 2 4 125 20 106 2 9 126 13 120 3 14 42 21 44 29 39 3 3 140 21 177 29 121 3 5 1 24 1 28 1 3 2 45 22 59 23 47 2 23 165 26 140 2 2 13 22 11 3 11 74 25 76 30 71 3 7 61 9 62 27 73
36 3 1 31 4 36 25 35 3 3 116 6 107 30 123 3 2 91 9 89 20 93 3 3 122 6 137 30 128 1 4 153 3 3 143 6 148 30 158 2 9 120 13 137 3 5 65 25 61 28 58 3 3 170 5 151 16 145 3 5 1 24 1 28 1 3 2 119 6 121 23 90 3 3 162 21 164 29 120 3 2 122 9 107 20 112 3 3 141 23 196 24 137 2 23 138 26 182 3 7 156 16 158 27 165 2 8 74 17 78 3 10 82 12 84 16 76 3 6 25 11 24 15 29 3 3 132 9 97 15 97 2 9 113 13 146 3 2 50 22 46 23 66 3 1 37 4 31 25 34 2 5 127 12 128 2 8 170 13 138 3 12 63 14 83 28 60 2 16 113 17 107 3 5 54 25 60 28 56 3 17 79 18 62 19 81 3 7 77 9 70 27 72 2 9 17 19 15 2 4 107 20 106 2 2 11 22 10 3 17 86 26 120 30 127 3 11 64 25 62 30 57 3 14 48 21 37 29 49
36 3 1 31 4 36 25 35 3 3 116 6 107 30 123 3 2 91 9 89 20 93 3 3 122 6 137 30 128 1 4 153 3 3 143 6 148 30 158 2 9 120 13 137 3 5 65 25 61 28 58 3 3 170 5 151 16 145 3 5 1 24 1 28 1 3 2 119 6 121 23 90 3 3 162 21 164 29 120 3 2 122 9 107 20 112 3 3 141 23 196 24 137 2 23 138 26 182 3 7 156 16 158 27 165 2 8 74 17 78 3 10 82 12 84 16 76 3 6 25 11 24 15 29 3 3 132 9 97 15 97 2 9 113 13 146 3 2 50 22 46 23 66 3 1 37 4 31 25 34 2 5 127 12 128 2 8 170 13 138 3 12 63 14 83 28 60 2 16 113 17 107 3 5 54 25 60 28 56 3 17 79 18 62 19 81 3 7 77 9 70 27 72 2 9 17 19 15 2 4 107 20 106 2 2 11 22 10 3 17 86 26 120 30 127 3 11 64 25 62 30 57 3 14 48 21 37 29 49
36 2 9 14 19 13 3 1 32 4 28 25 34 2 9 17 19 14 3 2 112 6 85 23 86 3 2 105 9 116 20 124 3 3 113 6 121 30 153 3 2 107 9 120 20 92 2 4 115 20 87 1 4 208 2 9 17 19 16 3 17 89 26 124 30 117 3 2 104 6 110 23 122 3 3 119 9 131 15 134 3 5 1 24 1 28 1 3 7 138 16 131 27 126 2 5 106 12 111 2 8 68 17 54 2 9 98 13 101 3 2 50 22 48 23 63 3 10 70 12 62 16 63 3 2 101 9 109 20 121 3 6 30 11 27 15 31 3 3 155 23 139 24 135 3 11 57 25 72 30 83 2 8 147 13 138 3 12 65 14 66 28 70 3 3 155 5 178 16 157 3 7 68 9 64 27 85 3 14 45 21 48 29 50 3 17 78 18 78 19 60 2 2 11 22 12 2 16 122 17 106 1 4 180 3 3 170 21 122 29 174 2 23 161 26 164 3 5 51 25 63 28 52
36 2 9 14 19 13 3 1 32 4 28 25 34 2 9 17 19 14 3 2 112 6 85 23 86 3 2 105 9 116 20 124 3 3 113 6 121 30 153 3 2 107 9 120 20 92 2 4 115 20 87 1 4 208 2 9 17 19 16 3 17 89 26 124 30 117 3 2 104 6 110 23 122 3 3 119 9 131 15 134 3 5 1 24 1 28 1 3 7 138 16 131 27 126 2 5 106 12 111 2 8 68 17 54 2 9 98 13 101 3 2 50 22 48 23 63 3 10 70 12 62 16 63 3 2 101 9 109 20 121 3 6 30 11 27 15 31 3 3 155 23 139 24 135 3 11 57 25 72 30 83 2 8 147 13 138 3 12 65 14 66 28 70 3 3 155 5 178 16 157 3 7 68 9 64 27 85 3 14 45 21 48 29 50 3 17 78 18 78 19 60 2 2 11 22 12 2 16 122 17 106 1 4 180 3 3 170 21 122 29 174 2 23 161 26 164 3 5 51 25 63 28 52
35 3 1 37 4 35 25 32 3 2 99 9 98 20 128 3 1 29 4 39 25 38 3 11 67 25 81 30 57 3 3 122 6 144 30 143 1 4 162 3 17 103 26 104 30 101 3 5 1 24 1 28 1 3 2 110 6 84 23 89 3 7 158 16 119 27 131 3 14 42 21 49 29 41 2 8 75 17 68 3 17 72 18 69 19 59 2 9 126 13 129 3 10 78 12 60 16 62 3 6 31 11 30 15 26 3 17 107 26 109 30 98 2 8 149 13 187 2 5 126 12 121 2 8 184 13 174 3 12 66 14 68 28 83 3 3 109 9 106 15 112 2 9 15 19 16 3 3 194 5 145 16 199 2 2 9 22 12 3 5 59 25 54 28 62 3 2 46 22 50 23 65 2 16 125 17 139 3 14 38 21 41 29 43 2 4 103 20 102 3 3 137 21 160 29 162 3 5 47 25 59 28 57 3 3 157 23 154 24 191 2 23 152 26 140 3 7 80 9 86 27 69
33 2 8 80 17 56 3 1 30 4 33 25 28 3 10 65 12 60 16 82 3 2 98 9 117 20 97 3 3 142 6 123 30 120 1 4 220 2 9 17 19 16 3 7 149 16 115 27 115 3 5 1 24 1 28 1 3 2 99 6 118 23 95 2 9 129 13 131 3 6 26 11 27 15 24 2 4 85 20 85 2 9 145 13 106 2 5 153 12 111 2 8 161 13 138 3 1 29 4 35 25 31 2 2 12 22 13 3 17 90 26 123 30 115 3 14 44 21 40 29 54 3 12 66 14 63 28 84 3 3 146 23 135 24 198 3 3 127 9 134 15 134 3 3 160 5 166 16 173 2 16 128 17 142 3 17 70 18 82 19 77 3 3 162 21 174 29 171 3 2 61 22 57 23 45 3 11 65 25 80 30 63 2 23 171 26 155 2 8 175 13 144 3 7 81 9 78 27 71 3 5 52 25 53 28 49
33 2 8 80 17 56 3 1 30 4 33 25 28 3 10 65 12 60 16 82 3 2 98 9 117 20 97 3 3 142 6 123 30 120 1 4 220 2 9 17 19 16 3 7 149 16 115 27 115 3 5 1 24 1 28 1 3 2 99 6 118 23 95 2 9 129 13 131 3 6 26 11 27 15 24 2 4 85 20 85 2 9 145 13 106 2 5 153 12 111 2 8 161 13 138 3 1 29 4 35 25 31 2 2 12 22 13 3 17 90 26 123 30 115 3 14 44 21 40 29 54 3 12 66 14 63 28 84 3 3 146 23 135 24 198 3 3 127 9 134 15 134 3 3 160 5 166 16 173 2 16 128 17 142 3 17 70 18 82 19 77 3 3 162 21 174 29 171 3 2 61 22 57 23 45 3 11 65 25 80 30 63 2 23 171 26 155 2 8 175 13 144 3 7 81 9 78 27 71 3 5 52 25 53 28 49
33 2 8 80 17 56 3 1 30 4 33 25 28 3 10 65 12 60 16 82 3 2 98 9 117 20 97 3 3 142 6 123 30 120 1 4 220 2 9 17 19 16 3 7 149 16 115 27 115 3 5 1 24 1 28 1 3 2 99 6 118 23 95 2 9 129 13 131 3 6 26 11 27 15 24 2 4 85 20 85 2 9 145 13 106 2 5 153 12 111 2 8 161 13 138 3 1 29 4 35 25 31 2 2 12 22 13 3 17 90 26 123 30 115 3 14 44 21 40 29 54 3 12 66 14 63 28 84 3 3 146 23 135 24 198 3 3 127 9 134 15 134 3 3 160 5 166 16 173 2 16 128 17 142 3 17 70 18 82 19 77 3 3 162 21 174 29 171 3 2 61 22 57 23 45 3 11 65 25 80 30 63 2 23 171 26 155 2 8 175 13 144 3 7 81 9 78 27 71 3 5 52 25 53 28 49
36 3 5 58 25 60 28 57 2 9 132 13 138 3 1 36 4 39 25 41 3 5 47 25 61 28 65 2 5 140 12 121 3 2 105 9 111 20 125 3 5 1 24 1 28 1 3 3 146 5 160 16 137 3 3 151 6 158 30 145 1 4 216 2 2 13 22 14 3 2 100 6 109 23 105 3 7 158 16 114 27 139 3 17 94 26 105 30 113 3 11 84 25 74 30 83 2 8 69 17 60 2 9 139 13 109 3 17 75 18 80 19 59 3 10 64 12 83 16 68 3 12 61 14 84 28 58 3 3 113 9 131 15 137 3 6 33 11 31 15 25 3 11 64 25 83 30 65 2 8 147 13 178 3 2 109 9 106 20 91 2 16 115 17 103 2 9 15 19 16 2 4 113 20 103 3 3 191 5 196 16 149 3 2 48 22 48 23 56 3 14 41 21 54 29 42 3 2 98 9 116 20 97 2 23 142 26 146 3 3 135 21 132 29 126 3 3 138 23 149 24 164 3 7 70 9 72 27 84
36 3 5 58 25 60 28 57 2 9 132 13 138 3 1 36 4 39 25 41 3 5 47 25 61 28 65 2 5 140 12 121 3 2 105 9 111 20 125 3 5 1 24 1 28 1 3 3 146 5 160 16 137 3 3 151 6 158 30 145 1 4 216 2 2 13 22 14 3 2 100 6 109 23 105 3 7 158 16 114 27 139 3 17 94 26 105 30 113 3 11 84 25 74 30 83 2 8 69 17 60 2 9 139 13 109 3 17 75 18 80 19 59 3 10 64 12 83 16 68 3 12 61 14 84 28 58 3 3 113 9 131 15 137 3 6 33 11 31 15 25 3 11 64 25 83 30 65 2 8 147 13 178 3 2 109 9 106 20 91 2 16 115 17 103 2 9 15 19 16 2 4 113 20 103 3 3 191 5 196 16 149 3 2 48 22 48 23 56 3 14 41 21 54 29 42 3 2 98 9 116 20 97 2 23 142 26 146 3 3 135 21 132 29 126 3 3 138 23 149 24 164 3 7 70 9 72 27 84
36 3 5 58 25 60 28 57 2 9 132 13 138 3 1 36 4 39 25 41 3 5 47 25 61 28 65 2 5 140 12 121 3 2 105 9 111 20 125 3 5 1 24 1 28 1 3 3 146 5 160 16 137 3 3 151 6 158 30 145 1 4 216 2 2 13 22 14 3 2 100 6 109 23 105 3 7 158 16 114 27 139 3 17 94 26 105 30 113 3 11 84 25 74 30 83 2 8 69 17 60 2 9 139 13 109 3 17 75 18 80 19 59 3 10 64 12 83 16 68 3 12 61 14 84 28 58 3 3 113 9 131 15 137 3 6 33 11 31 15 25 3 11 64 25 83 30 65 2 8 147 13 178 3 2 109 9 106 20 91 2 16 115 17 103 2 9 15 19 16 2 4 113 20 103 3 3 191 5 196 16 149 3 2 48 22 48 23 56 3 14 41 21 54 29 42 3 2 98 9 116 20 97 2 23 142 26 146 3 3 135 21 132 29 126 3 3 138 23 149 24 164 3 7 70 9 72 27 84
36 3 1 32 4 36 25 40 3 2 91 9 121 20 122 3 3 156 6 127 30 116 1 4 206 2 8 174 13 160 3 5 1 24 1 28 1 2 8 144 13 159 3 2 97 6 83 23 106 3 7 165 16 111 27 111 2 8 73 17 68 2 8 170 13 173 2 9 111 13 137 3 6 29 11 30 15 22 3 5 1 24 1 28 1 2 16 139 17 110 3 10 79 12 78 16 87 3 6 22 11 30 15 24 3 3 163 5 174 16 174 2 23 170 26 165 2 5 140 12 132 3 17 68 18 80 19 66 3 3 168 23 150 24 199 3 12 74 14 64 28 82 3 3 125 9 119 15 127 3 5 62 25 45 28 57 1 4 181 2 9 12 19 17 3 3 121 21 144 29 126 3 2 66 22 47 23 51 2 4 103 20 98 3 7 82 9 63 27 82 2 2 10 22 12 3 11 67 25 66 30 79 3 17 96 26 125 30 108 3 12 65 14 68 28 81 3 14 42 21 49 29 48
36 2 9 17 19 15 3 1 36 4 41 25 38 2 9 15 19 12 3 2 91 6 98 23 110 3 2 130 9 131 20 112 3 3 109 6 144 30 148 3 2 120 9 115 20 92 2 4 90 20 117 1 4 214 2 9 16 19 16 3 17 101 26 96 30 97 3 2 101 6 98 23 95 3 3 116 9 108 15 104 3 5 1 24 1 28 1 3 7 119 16 151 27 121 2 5 127 12 148 2 8 66 17 70 2 9 120 13 143 3 2 63 22 49 23 49 3 10 75 12 59 16 69 3 2 96 9 94 20 96 3 6 25 11 31 15 31 3 3 187 23 154 24 169 3 11 77 25 71 30 68 2 8 171 13 134 3 12 61 14 84 28 60 3 3 173 5 166 16 188 3 7 62 9 65 27 74 3 14 53 21 53 29 48 3 17 74 18 75 19 78 2 2 9 22 10 2 16 98 17 97 1 4 175 3 3 152 21 174 29 145 2 23 160 26 157 3 5 51 25 46 28 50
36 3 1 41 4 31 25 30 3 2 128 9 129 20 122 3 3 106 6 138 30 108 1 4 183 2 8 188 13 179 3 5 1 24 1 28 1 2 8 132 13 159 3 2 113 6 117 23 107 3 7 123 16 125 27 146 2 8 55 17 80 2 8 136 13 135 2 9 143 13 120 3 6 22 11 25 15 31 3 5 1 24 1 28 1 2 16 101 17 116 3 10 73 12 85 16 67 3 6 28 11 29 15 28 3 3 145 5 164 16 179 2 23 171 26 173 2 5 125 12 152 3 17 77 18 87 19 77 3 3 170 23 174 24 148 3 12 60 14 60 28 83 3 3 129 9 129 15 130 3 5 67 25 60 28 51 1 4 216 2 9 16 19 15 3 3 141 21 174 29 175 3 2 49 22 45 23 59 2 4 111 20 111 3 7 82 9 83 27 72 2 2 11 22 13 3 11 77 25 75 30 63 3 17 126 26 106 30 110 3 12 79 14 74 28 80 3 14 41 21 50 29 53
38 3 1 29 4 34 25 29 3 2 105 9 94 20 126 3 3 155 6 134 30 109 3 1 37 4 35 25 34 1 4 179 3 5 1 24 1 28 1 1 4 185 2 8 74 17 77 3 2 87 6 102 23 89 3 1 31 4 36 25 37 3 7 118 16 162 27 161 2 9 108 13 109 3 17 68 18 78 19 75 3 7 87 9 85 27 83 3 5 1 24 1 28 1 3 10 63 12 72 16 70 2 8 56 17 54 3 12 65 14 60 28 66 3 11 82 25 75 30 84 3 6 22 11 31 15 29 2 5 122 12 131 3 2 89 6 105 23 82 2 8 178 13 183 3 14 51 21 47 29 40 3 3 127 9 114 15 124 1 4 159 2 4 98 20 121 3 3 188 5 195 16 150 2 23 159 26 186 2 16 123 17 142 2 9 14 19 17 3 3 153 21 126 29 138 3 2 65 22 56 23 55 1 4 167 3 5 66 25 54 28 49 2 2 9 22 13 3 3 151 23 166 24 145 3 17 123 26 86 30 119
33 3 1 30 4 34 25 41 3 2 112 9 127 20 94 3 12 76 14 73 28 80 3 2 99 9 113 20 107 2 4 85 20 112 3 3 144 6 119 30 148 1 4 149 3 5 1 24 1 28 1 3 7 71 9 86 27 72 3 2 94 6 107 23 119 3 7 132 16 117 27 138 2 8 77 17 58 2 9 111 13 130 3 10 60 12 62 16 63 3 6 32 11 32 15 25 2 5 132 12 135 2 8 173 13 148 3 5 1 24 1 28 1 3 3 129 21 177 29 148 3 3 108 9 99 15 95 2 9 12 19 13 3 11 72 25 76 30 73 3 3 161 5 148 16 181 2 16 115 17 133 3 2 53 22 65 23 65 3 17 63 18 75 19 88 2 2 13 22 10 3 3 171 23 163 24 201 3 5 52 25 55 28 63 3 2 114 6 88 23 118 2 23 169 26 141 3 14 44 21 43 29 54 3 17 119 26 119 30 96
33 3 1 30 4 34 25 41 3 2 112 9 127 20 94 3 12 76 14 73 28 80 3 2 99 9 113 20 107 2 4 85 20 112 3 3 144 6 119 30 148 1 4 149 3 5 1 24 1 28 1 3 7 71 9 86 27 72 3 2 94 6 107 23 119 3 7 132 16 117 27 138 2 8 77 17 58 2 9 111 13 130 3 10 60 12 62 16 63 3 6 32 11 32 15 25 2 5 132 12 135 2 8 173 13 148 3 5 1 24 1 28 1 3 3 129 21 177 29 148 3 3 108 9 99 15 95 2 9 12 19 13 3 11 72 25 76 30 73 3 3 161 5 148 16 181 2 16 115 17 133 3 2 53 22 65 23 65 3 17 63 18 75 19 88 2 2 13 22 10 3 3 171 23 163 24 201 3 5 52 25 55 28 63 3 2 114 6 88 23 118 2 23 169 26 141 3 14 44 21 43 29 54 3 17 119 26 119 30 96
33 3 1 30 4 34 25 41 3 2 112 9 127 20 94 3 12 76 14 73 28 80 3 2 99 9 113 20 107 2 4 85 20 112 3 3 144 6 119 30 148 1 4 149 3 5 1 24 1 28 1 3 7 71 9 86 27 72 3 2 94 6 107 23 119 3 7 132 16 117 27 138 2 8 77 17 58 2 9 111 13 130 3 10 60 12 62 16 63 3 6 32 11 32 15 25 2 5 132 12 135 2 8 173 13 148 3 5 1 24 1 28 1 3 3 129 21 177 29 148 3 3 108 9 99 15 95 2 9 12 19 13 3 11 72 25 76 30 73 3 3 161 5 148 16 181 2 16 115 17 133 3 2 53 22 65 23 65 3 17 63 18 75 19 88 2 2 13 22 10 3 3 171 23 163 24 201 3 5 52 25 55 28 63 3 2 114 6 88 23 118 2 23 169 26 141 3 14 44 21 43 29 54 3 17 119 26 119 30 96
36 3 1 38 4 32 25 40 3 2 104 9 100 20 113 3 1 33 4 39 25 41 3 14 51 21 46 29 54 3 6 29 11 26 15 29 3 3 107 6 134 30 133 3 6 23 11 25 15 29 2 2 14 22 12 1 4 157 3 3 142 6 147 30 159 3 5 1 24 1 28 1 2 4 103 20 110 1 4 179 3 2 99 6 112 23 111 3 10 66 12 85 16 87 3 7 151 16 120 27 124 2 8 63 17 73 2 23 180 26 143 2 5 123 12 133 2 9 110 13 121 3 2 101 9 113 20 112 2 8 196 13 174 2 9 103 13 103 3 12 75 14 73 28 85 3 5 57 25 56 28 52 3 3 110 9 101 15 108 3 3 193 5 197 16 165 2 16 118 17 132 3 17 59 18 80 19 66 2 9 13 19 17 3 11 63 25 57 30 75 3 17 127 26 97 30 119 3 3 186 23 163 24 180 3 3 158 21 179 29 174 3 2 49 22 46 23 54 3 7 83 9 59 27 77
36 3 3 157 6 143 30 150 3 1 34 4 41 25 37 3 2 113 9 102 20 120 1 4 157 3 5 1 24 1 28 1 3 7 64 9 81 27 78 3 2 109 6 93 23 84 3 7 154 16 142 27 151 2 8 81 17 69 2 9 125 13 128 3 10 85 12 82 16 67 3 5 64 25 60 28 60 3 17 68 18 77 19 77 3 6 30 11 28 15 23 3 10 70 12 65 16 64 3 3 181 23 172 24 197 3 3 108 9 96 15 99 2 5 150 12 124 2 8 150 13 177 3 12 62 14 57 28 74 3 3 136 5 169 16 161 2 4 124 20 104 2 5 124 12 114 2 16 117 17 104 2 9 12 19 13 3 12 69 14 58 28 79 3 17 127 26 108 30 89 3 1 29 4 40 25 34 3 3 171 21 139 29 170 3 5 1 24 1 28 1 2 2 10 22 13 3 2 65 22 56 23 51 2 8 134 13 140 3 11 72 25 67 30 58 2 23 202 26 182 3 14 40 21 39 29 44
36 3 3 157 6 143 30 150 3 1 34 4 41 25 37 3 2 113 9 102 20 120 1 4 157 3 5 1 24 1 28 1 3 7 64 9 81 27 78 3 2 109 6 93 23 84 3 7 154 16 142 27 151 2 8 81 17 69 2 9 125 13 128 3 10 85 12 82 16 67 3 5 64 25 60 28 60 3 17 68 18 77 19 77 3 6 30 11 28 15 23 3 10 70 12 65 16 64 3 3 181 23 172 24 197 3 3 108 9 96 15 99 2 5 150 12 124 2 8 150 13 177 3 12 62 14 57 28 74 3 3 136 5 169 16 161 2 4 124 20 104 2 5 124 12 114 2 16 117 17 104 2 9 12 19 13 3 12 69 14 58 28 79 3 17 127 26 108 30 89 3 1 29 4 40 25 34 3 3 171 21 139 29 170 3 5 1 24 1 28 1 2 2 10 22 13 3 2 65 22 56 23 51 2 8 134 13 140 3 11 72 25 67 30 58 2 23 202 26 182 3 14 40 21 39 29 44
36 3 3 157 6 143 30 150 3 1 34 4 41 25 37 3 2 113 9 102 20 120 1 4 157 3 5 1 24 1 28 1 3 7 64 9 81 27 78 3 2 109 6 93 23 84 3 7 154 16 142 27 151 2 8 81 17 69 2 9 125 13 128 3 10 85 12 82 16 67 3 5 64 25 60 28 60 3 17 68 18 77 19 77 3 6 30 11 28 15 23 3 10 70 12 65 16 64 3 3 181 23 172 24 197 3 3 108 9 96 15 99 2 5 150 12 124 2 8 150 13 177 3 12 62 14 57 28 74 3 3 136 5 169 16 161 2 4 124 20 104 2 5 124 12 114 2 16 117 17 104 2 9 12 19 13 3 12 69 14 58 28 79 3 17 127 26 108 30 89 3 1 29 4 40 25 34 3 3 171 21 139 29 170 3 5 1 24 1 28 1 2 2 10 22 13 3 2 65 22 56 23 51 2 8 134 13 140 3 11 72 25 67 30 58 2 23 202 26 182 3 14 40 21 39 29 44
36 2 9 16 19 13 3 1 35 4 28 25 36 2 9 12 19 12 3 2 88 6 115 23 112 3 2 105 9 130 20 104 3 3 107 6 117 30 143 3 2 103 9 107 20 97 2 4 119 20 119 1 4 173 2 9 16 19 12 3 17 86 26 120 30 88 3 2 99 6 103 23 95 3 3 96 9 107 15 120 3 5 1 24 1 28 1 3 7 165 16 115 27 149 2 5 138 12 128 2 8 64 17 60 2 9 140 13 141 3 2 59 22 57 23 50 3 10 85 12 86 16 68 3 2 90 9 90 20 116 3 6 30 11 23 15 31 3 3 186 23 150 24 179 3 11 63 25 80 30 75 2 8 136 13 132 3 12 69 14 75 28 61 3 3 195 5 164 16 176 3 7 70 9 84 27 68 3 14 45 21 45 29 39 3 17 59 18 60 19 63 2 2 12 22 12 2 16 99 17 103 1 4 211 3 3 165 21 157 29 156 2 23 171 26 182 3 5 46 25 57 28 50
36 3 1 40 4 31 25 29 3 2 108 9 129 20 95 3 1 38 4 35 25 37 3 14 50 21 37 29 48 3 6 31 11 25 15 31 3 3 155 6 111 30 116 3 6 32 11 29 15 29 2 2 10 22 10 1 4 156 3 3 150 6 149 30 134 3 5 1 24 1 28 1 2 4 117 20 89 1 4 195 3 2 102 6 114 23 105 3 10 88 12 63 16 62 3 7 147 16 128 27 119 2 8 57 17 68 2 23 152 26 159 2 5 137 12 104 2 9 142 13 131 3 2 101 9 123 20 115 2 8 139 13 135 2 9 102 13 108 3 12 70 14 79 28 60 3 5 54 25 46 28 55 3 3 111 9 112 15 118 3 3 136 5 146 16 168 2 16 130 17 132 3 17 70 18 68 19 81 2 9 14 19 14 3 11 84 25 58 30 72 3 17 95 26 88 30 112 3 3 188 23 166 24 138 3 3 123 21 140 29 157 3 2 54 22 56 23 46 3 7 74 9 59 27 85
36 3 1 40 4 31 25 29 3 2 108 9 129 20 95 3 1 38 4 35 25 37 3 14 50 21 37 29 48 3 6 31 11 25 15 31 3 3 155 6 111 30 116 3 6 32 11 29 15 29 2 2 10 22 10 1 4 156 3 3 150 6 149 30 134 3 5 1 24 1 28 1 2 4 117 20 89 1 4 195 3 2 102 6 114 23 105 3 10 88 12 63 16 62 3 7 147 16 128 27 119 2 8 57 17 68 2 23 152 26 159 2 5 137 12 104 2 9 142 13 131 3 2 101 9 123 20 115 2 8 139 13 135 2 9 102 13 108 3 12 70 14 79 28 60 3 5 54 25 46 28 55 3 3 111 9 112 15 118 3 3 136 5 146 16 168 2 16 130 17 132 3 17 70 18 68 19 81 2 9 14 19 14 3 11 84 25 58 30 72 3 17 95 26 88 30 112 3 3 188 23 166 24 138 3 3 123 21 140 29 157 3 2 54 22 56 23 46 3 7 74 9 59 27 85
34 3 1 35 4 39 25 31 2 23 152 26 179 3 1 39 4 30 25 38 3 5 1 24 1 28 1 2 23 168 26 191 3 2 131 9 88 20 129 2 23 136 26 140 3 3 134 6 141 30 134 2 8 166 13 154 1 4 179 3 2 82 6 101 23 102 3 7 119 16 150 27 133 2 8 66 17 61 2 9 107 13 143 3 10 85 12 68 16 62 3 11 81 25 80 30 61 2 9 13 19 17 2 9 106 13 108 3 6 27 11 31 15 29 2 5 113 12 133 3 3 178 21 159 29 144 3 12 79 14 60 28 69 3 3 114 9 108 15 125 3 3 190 5 171 16 189 3 5 58 25 65 28 64 2 16 128 17 138 3 3 167 23 151 24 182 3 17 72 18 82 19 69 2 4 115 20 109 2 2 14 22 9 3 2 60 22 58 23 51 3 7 73 9 83 27 69 3 14 52 21 55 29 51 3 17 124 26 99 30 92
34 3 1 35 4 39 25 31 2 23 152 26 179 3 1 39 4 30 25 38 3 5 1 24 1 28 1 2 23 168 26 191 3 2 131 9 88 20 129 2 23 136 26 140 3 3 134 6 141 30 134 2 8 166 13 154 1 4 179 3 2 82 6 101 23 102 3 7 119 16 150 27 133 2 8 66 17 61 2 9 107 13 143 3 10 85 12 68 16 62 3 11 81 25 80 30 61 2 9 13 19 17 2 9 106 13 108 3 6 27 11 31 15 29 2 5 113 12 133 3 3 178 21 159 29 144 3 12 79 14 60 28 69 3 3 114 9 108 15 125 3 3 190 5 171 16 189 3 5 58 25 65 28 64 2 16 128 17 138 3 3 167 23 151 24 182 3 17 72 18 82 19 69 2 4 115 20 109 2 2 14 22 9 3 2 60 22 58 23 51 3 7 73 9 83 27 69 3 14 52 21 55 29 51 3 17 124 26 99 30 92
37 3 1 33 4 34 25 34 3 2 126 9 104 20 121 3 3 134 21 128 29 134 3 3 106 6 132 30 136 1 4 216 3 5 1 24 1 28 1 3 2 99 6 114 23 85 3 7 154 16 117 27 156 2 8 71 17 68 2 9 112 13 145 3 2 92 6 112 23 101 3 10 75 12 85 16 87 3 3 146 21 130 29 136 3 6 26 11 30 15 32 2 2 12 22 12 2 5 111 12 155 3 5 66 25 54 28 56 2 8 175 13 143 3 10 79 12 62 16 84 3 14 48 21 51 29 41 3 3 124 21 145 29 175 2 9 13 19 13 2 23 172 26 203 2 2 11 22 12 3 3 169 5 158 16 182 2 9 15 19 13 3 17 86 26 119 30 117 3 12 68 14 66 28 74 3 3 118 9 97 15 116 3 17 88 18 74 19 59 3 11 57 25 65 30 83 2 16 134 17 118 2 8 172 13 180 3 3 191 23 178 24 199 3 7 75 9 59 27 86 2 4 112 20 116 3 2 64 22 51 23 51
37 3 1 33 4 34 25 34 3 2 126 9 104 20 121 3 3 134 21 128 29 134 3 3 106 6 132 30 136 1 4 216 3 5 1 24 1 28 1 3 2 99 6 114 23 85 3 7 154 16 117 27 156 2 8 71 17 68 2 9 112 13 145 3 2 92 6 112 23 101 3 10 75 12 85 16 87 3 3 146 21 130 29 136 3 6 26 11 30 15 32 2 2 12 22 12 2 5 111 12 155 3 5 66 25 54 28 56 2 8 175 13 143 3 10 79 12 62 16 84 3 14 48 21 51 29 41 3 3 124 21 145 29 175 2 9 13 19 13 2 23 172 26 203 2 2 11 22 12 3 3 169 5 158 16 182 2 9 15 19 13 3 17 86 26 119 30 117 3 12 68 14 66 28 74 3 3 118 9 97 15 116 3 17 88 18 74 19 59 3 11 57 25 65 30 83 2 16 134 17 118 2 8 172 13 180 3 3 191 23 178 24 199 3 7 75 9 59 27 86 2 4 112 20 116 3 2 64 22 51 23 51
37 3 1 33 4 34 25 34 3 2 126 9 104 20 121 3 3 134 21 128 29 134 3 3 106 6 132 30 136 1 4 216 3 5 1 24 1 28 1 3 2 99 6 114 23 85 3 7 154 16 117 27 156 2 8 71 17 68 2 9 112 13 145 3 2 92 6 112 23 101 3 10 75 12 85 16 87 3 3 146 21 130 29 136 3 6 26 11 30 15 32 2 2 12 22 12 2 5 111 12 155 3 5 66 25 54 28 56 2 8 175 13 143 3 10 79 12 62 16 84 3 14 48 21 51 29 41 3 3 124 21 145 29 175 2 9 13 19 13 2 23 172 26 203 2 2 11 22 12 3 3 169 5 158 16 182 2 9 15 19 13 3 17 86 26 119 30 117 3 12 68 14 66 28 74 3 3 118 9 97 15 116 3 17 88 18 74 19 59 3 11 57 25 65 30 83 2 16 134 17 118 2 8 172 13 180 3 3 191 23 178 24 199 3 7 75 9 59 27 86 2 4 112 20 116 3 2 64 22 51 23 51
35 3 1 29 4 38 25 40 3 2 99 9 88 20 131 3 1 29 4 28 25 30 3 11 60 25 80 30 69 3 3 106 6 113 30 129 1 4 164 3 17 120 26 86 30 107 3 5 1 24 1 28 1 3 2 122 6 88 23 120 3 7 117 16 126 27 155 3 14 51 21 40 29 45 2 8 55 17 70 3 17 69 18 72 19 70 2 9 136 13 128 3 10 82 12 74 16 62 3 6 27 11 24 15 24 3 17 126 26 116 30 118 2 8 160 13 132 2 5 125 12 134 2 8 165 13 137 3 12 60 14 77 28 78 3 3 137 9 101 15 109 2 9 13 19 12 3 3 176 5 186 16 140 2 2 9 22 11 3 5 47 25 63 28 65 3 2 45 22 65 23 62 2 16 126 17 105 3 14 53 21 49 29 55 2 4 116 20 92 3 3 121 21 155 29 127 3 5 56 25 52 28 46 3 3 188 23 170 24 188 2 23 178 26 152 3 7 84 9 82 27 74
35 3 1 29 4 38 25 40 3 2 99 9 88 20 131 3 1 29 4 28 25 30 3 11 60 25 80 30 69 3 3 106 6 113 30 129 1 4 164 3 17 120 26 86 30 107 3 5 1 24 1 28 1 3 2 122 6 88 23 120 3 7 117 16 126 27 155 3 14 51 21 40 29 45 2 8 55 17 70 3 17 69 18 72 19 70 2 9 136 13 128 3 10 82 12 74 16 62 3 6 27 11 24 15 24 3 17 126 26 116 30 118 2 8 160 13 132 2 5 125 12 134 2 8 165 13 137 3 12 60 14 77 28 78 3 3 137 9 101 15 109 2 9 13 19 12 3 3 176 5 186 16 140 2 2 9 22 11 3 5 47 25 63 28 65 3 2 45 22 65 23 62 2 16 126 17 105 3 14 53 21 49 29 55 2 4 116 20 92 3 3 121 21 155 29 127 3 5 56 25 52 28 46 3 3 188 23 170 24 188 2 23 178 26 152 3 7 84 9 82 27 74
40 3 1 36 4 40 25 33 3 2 117 9 94 20 121 3 1 33 4 33 25 37 3 3 125 6 136 30 127 3 1 37 4 36 25 35 1 4 200 3 5 1 24 1 28 1 3 2 98 6 116 23 109 3 7 146 16 115 27 152 2 8 65 17 72 2 9 139 13 147 3 10 71 12 86 16 81 2 8 79 17 67 3 6 30 11 32 15 25 3 17 66 18 65 19 63 3 12 58 14 58 28 65 3 2 46 22 60 23 47 3 14 41 21 52 29 37 2 5 150 12 141 3 12 82 14 73 28 68 2 8 153 13 182 3 3 113 9 114 15 124 2 9 116 13 102 2 16 116 17 118 3 3 179 5 149 16 145 2 9 130 13 106 2 4 85 20 119 3 6 27 11 26 15 27 3 7 62 9 76 27 71 3 2 98 9 118 20 118 2 9 13 19 16 3 3 167 21 122 29 141 3 3 140 9 119 15 141 3 17 119 26 105 30 97 2 2 11 22 11 2 23 203 26 201 2 2 10 22 11 3 3 182 23 145 24 175 3 11 84 25 69 30 61 3 5 47 25 48 28 65
40 3 1 36 4 40 25 33 3 2 117 9 94 20 121 3 1 33 4 33 25 37 3 3 125 6 136 30 127 3 1 37 4 36 25 35 1 4 200 3 5 1 24 1 28 1 3 2 98 6 116 23 109 3 7 146 16 115 27 152 2 8 65 17 72 2 9 139 13 147 3 10 71 12 86 16 81 2 8 79 17 67 3 6 30 11 32 15 25 3 17 66 18 65 19 63 3 12 58 14 58 28 65 3 2 46 22 60 23 47 3 14 41 21 52 29 37 2 5 150 12 141 3 12 82 14 73 28 68 2 8 153 13 182 3 3 113 9 114 15 124 2 9 116 13 102 2 16 116 17 118 3 3 179 5 149 16 145 2 9 130 13 106 2 4 85 20 119 3 6 27 11 26 15 27 3 7 62 9 76 27 71 3 2 98 9 118 20 118 2 9 13 19 16 3 3 167 21 122 29 141 3 3 140 9 119 15 141 3 17 119 26 105 30 97 2 2 11 22 11 2 23 203 26 201 2 2 10 22 11 3 3 182 23 145 24 175 3 11 84 25 69 30 61 3 5 47 25 48 28 65
38 3 1 29 4 41 25 35 3 2 127 9 96 20 97 3 3 140 6 119 30 112 3 1 35 4 34 25 34 1 4 202 3 5 1 24 1 28 1 1 4 201 2 8 70 17 56 3 2 91 6 93 23 106 3 1 37 4 39 25 37 3 7 131 16 145 27 133 2 9 117 13 112 3 17 62 18 82 19 79 3 7 80 9 63 27 77 3 5 1 24 1 28 1 3 10 70 12 73 16 74 2 8 77 17 68 3 12 56 14 72 28 82 3 11 77 25 57 30 67 3 6 25 11 30 15 23 2 5 132 12 104 3 2 98 6 115 23 94 2 8 191 13 148 3 14 45 21 42 29 42 3 3 134 9 105 15 122 1 4 211 2 4 99 20 112 3 3 151 5 167 16 151 2 23 193 26 178 2 16 116 17 106 2 9 13 19 15 3 3 164 21 179 29 124 3 2 54 22 45 23 51 1 4 159 3 5 59 25 51 28 50 2 2 12 22 12 3 3 167 23 172 24 168 3 17 113 26 97 30 100
38 3 1 35 4 28 25 39 3 2 113 9 100 20 117 3 3 118 6 158 30 154 3 1 37 4 30 25 34 1 4 191 3 5 1 24 1 28 1 1 4 195 2 8 72 17 59 3 2 109 6 117 23 115 3 1 41 4 35 25 40 3 7 130 16 113 27 119 2 9 134 13 139 3 17 77 18 83 19 86 3 7 78 9 81 27 73 3 5 1 24 1 28 1 3 10 87 12 74 16 85 2 8 69 17 57 3 12 69 14 74 28 74 3 11 67 25 74 30 60 3 6 30 11 24 15 30 2 5 109 12 132 3 2 86 6 113 23 115 2 8 176 13 185 3 14 48 21 52 29 47 3 3 112 9 131 15 141 1 4 191 2 4 96 20 118 3 3 199 5 152 16 195 2 23 140 26 165 2 16 131 17 140 2 9 12 19 12 3 3 150 21 121 29 174 3 2 60 22 51 23 47 1 4 161 3 5 48 25 60 28 62 2 2 12 22 13 3 3 137 23 188 24 182 3 17 90 26 85 30 96
38 3 1 35 4 28 25 39 3 2 113 9 100 20 117 3 3 118 6 158 30 154 3 1 37 4 30 25 34 1 4 191 3 5 1 24 1 28 1 1 4 195 2 8 72 17 59 3 2 109 6 117 23 115 3 1 41 4 35 25 40 3 7 130 16 113 27 119 2 9 134 13 139 3 17 77 18 83 19 86 3 7 78 9 81 27 73 3 5 1 24 1 28 1 3 10 87 12 74 16 85 2 8 69 17 57 3 12 69 14 74 28 74 3 11 67 25 74 30 60 3 6 30 11 24 15 30 2 5 109 12 132 3 2 86 6 113 23 115 2 8 176 13 185 3 14 48 21 52 29 47 3 3 112 9 131 15 141 1 4 191 2 4 96 20 118 3 3 199 5 152 16 195 2 23 140 26 165 2 16 131 17 140 2 9 12 19 12 3 3 150 21 121 29 174 3 2 60 22 51 23 47 1 4 161 3 5 48 25 60 28 62 2 2 12 22 13 3 3 137 23 188 24 182 3 17 90 26 85 30 96
36 3 17 61 18 69 19 77 3 1 32 4 28 25 34 3 17 61 18 77 19 68 3 2 125 9 113 20 118 3 3 144 6 108 30 156 1 4 199 2 8 56 17 54 3 3 118 6 108 30 144 3 3 161 5 187 16 141 3 5 1 24 1 28 1 3 3 135 23 146 24 187 3 5 50 25 58 28 58 3 2 114 6 92 23 101 3 17 102 26 93 30 92 3 7 119 16 157 27 145 3 1 39 4 38 25 39 2 9 133 13 104 3 10 81 12 76 16 77 3 6 30 11 33 15 29 3 10 84 12 73 16 62 2 5 113 12 146 2 8 168 13 165 3 12 64 14 68 28 61 3 3 103 9 97 15 134 2 16 135 17 133 2 9 16 19 17 2 4 116 20 116 2 9 146 13 102 3 14 50 21 43 29 53 3 3 169 21 149 29 145 3 5 1 24 1 28 1 3 2 64 22 65 23 58 2 23 176 26 196 2 2 14 22 11 3 11 75 25 70 30 83 3 7 73 9 81 27 75
40 3 1 41 4 32 25 33 3 2 121 9 120 20 122 3 1 41 4 28 25 36 3 3 122 6 130 30 139 3 1 28 4 31 25 36 1 4 150 3 5 1 24 1 28 1 3 2 88 6 94 23 83 3 7 153 16 150 27 152 2 8 56 17 64 2 9 121 13 140 3 10 72 12 68 16 86 2 8 66 17 60 3 6 27 11 23 15 32 3 17 86 18 78 19 66 3 12 66 14 73 28 84 3 2 50 22 49 23 53 3 14 47 21 46 29 54 2 5 121 12 104 3 12 74 14 59 28 76 2 8 165 13 181 3 3 141 9 113 15 95 2 9 104 13 109 2 16 145 17 124 3 3 186 5 144 16 164 2 9 130 13 100 2 4 95 20 119 3 6 26 11 32 15 26 3 7 69 9 59 27 64 3 2 130 9 106 20 92 2 9 13 19 15 3 3 140 21 125 29 175 3 3 130 9 121 15 118 3 17 102 26 96 30 124 2 2 13 22 13 2 23 189 26 145 2 2 14 22 10 3 3 158 23 189 24 135 3 11 70 25 69 30 57 3 5 62 25 63 28 47
37 3 1 28 4 39 25 35 3 2 125 9 127 20 103 3 12 71 14 58 28 72 3 3 135 6 150 30 157 1 4 190 3 2 89 9 125 20 97 3 17 80 18 75 19 80 3 5 1 24 1 28 1 3 1 40 4 39 25 39 3 2 94 6 91 23 108 2 2 9 22 13 2 9 104 13 132 3 7 143 16 126 27 155 2 5 140 12 118 3 3 139 6 119 30 108 3 5 53 25 66 28 59 2 5 108 12 151 3 17 97 26 122 30 109 2 8 74 17 67 3 10 81 12 71 16 82 2 16 134 17 106 3 3 142 23 181 24 193 3 6 26 11 33 15 32 2 8 183 13 194 3 5 1 24 1 28 1 3 3 138 9 130 15 104 3 11 83 25 63 30 75 3 14 40 21 54 29 39 3 3 123 6 150 30 138 3 3 194 5 162 16 197 3 7 60 9 62 27 62 2 9 16 19 12 2 8 145 13 195 3 3 140 21 152 29 176 2 23 155 26 192 2 4 121 20 96 3 2 57 22 48 23 67
32 3 1 29 4 30 25 28 3 2 113 9 128 20 123 3 3 136 6 157 30 158 2 16 127 17 129 3 7 158 16 148 27 117 1 4 163 3 11 79 25 67 30 60 3 5 1 24 1 28 1 3 3 134 6 130 30 140 3 2 89 6 114 23 103 2 8 57 17 66 2 23 199 26 172 2 2 10 22 13 3 17 92 26 123 30 90 3 7 66 9 72 27 68 2 5 109 12 148 2 9 124 13 108 2 4 103 20 121 3 10 81 12 82 16 80 3 17 73 18 84 19 60 3 6 27 11 23 15 30 2 8 193 13 188 3 3 137 9 105 15 106 3 3 167 21 143 29 159 3 12 80 14 70 28 61 3 3 200 5 156 16 181 3 2 87 6 107 23 99 2 9 17 19 17 3 5 61 25 45 28 49 3 2 50 22 66 23 61 3 14 43 21 37 29 39 3 3 180 23 139 24 192
33 3 1 30 4 32 25 33 3 2 119 9 104 20 113 3 12 85 14 57 28 61 3 2 108 9 96 20 101 2 4 110 20 86 3 3 126 6 156 30 136 1 4 187 3 5 1 24 1 28 1 3 7 62 9 69 27 72 3 2 121 6 119 23 91 3 7 133 16 113 27 141 2 8 78 17 69 2 9 147 13 123 3 10 71 12 71 16 80 3 6 24 11 31 15 24 2 5 118 12 140 2 8 161 13 165 3 5 1 24 1 28 1 3 3 177 21 141 29 168 3 3 119 9 98 15 135 2 9 13 19 16 3 11 65 25 71 30 66 3 3 141 5 184 16 187 2 16 109 17 119 3 2 61 22 56 23 66 3 17 59 18 63 19 65 2 2 12 22 11 3 3 181 23 153 24 149 3 5 46 25 65 28 59 3 2 113 6 101 23 112 2 23 182 26 194 3 14 38 21 51 29 38 3 17 112 26 101 30 110
36 3 1 30 4 36 25 32 3 2 107 9 100 20 113 3 1 30 4 39 25 37 3 14 41 21 53 29 39 3 6 22 11 29 15 28 3 3 142 6 119 30 111 3 6 24 11 26 15 32 2 2 10 22 11 1 4 165 3 3 148 6 139 30 134 3 5 1 24 1 28 1 2 4 126 20 111 1 4 178 3 2 107 6 82 23 103 3 10 60 12 68 16 79 3 7 130 16 130 27 140 2 8 78 17 58 2 23 168 26 195 2 5 110 12 121 2 9 105 13 134 3 2 126 9 99 20 90 2 8 186 13 138 2 9 118 13 107 3 12 84 14 68 28 78 3 5 59 25 47 28 55 3 3 128 9 110 15 131 3 3 160 5 170 16 173 2 16 134 17 129 3 17 83 18 65 19 76 2 9 15 19 16 3 11 56 25 78 30 62 3 17 124 26 93 30 90 3 3 195 23 185 24 161 3 3 160 21 139 29 159 3 2 53 22 50 23 66 3 7 87 9 66 27 64
35 3 1 37 4 41 25 32 3 2 111 9 121 20 97 3 1 29 4 34 25 37 3 11 78 25 69 30 68 3 3 109 6 119 30 144 1 4 180 3 17 113 26 111 30 86 3 5 1 24 1 28 1 3 2 93 6 119 23 87 3 7 163 16 128 27 132 3 14 40 21 38 29 47 2 8 71 17 70 3 17 80 18 68 19 76 2 9 109 13 114 3 10 76 12 61 16 68 3 6 30 11 26 15 32 3 17 96 26 107 30 124 2 8 154 13 138 2 5 142 12 131 2 8 185 13 188 3 12 67 14 72 28 60 3 3 97 9 127 15 103 2 9 13 19 15 3 3 172 5 180 16 157 2 2 14 22 12 3 5 63 25 50 28 61 3 2 62 22 50 23 52 2 16 109 17 139 3 14 52 21 46 29 49 2 4 110 20 127 3 3 169 21 164 29 125 3 5 65 25 59 28 63 3 3 162 23 161 24 201 2 23 174 26 174 3 7 61 9 62 27 78
36 3 5 51 25 52 28 60 2 9 134 13 115 3 1 28 4 39 25 31 3 5 50 25 54 28 45 2 5 154 12 131 3 2 116 9 116 20 106 3 5 1 24 1 28 1 3 3 138 5 196 16 178 3 3 137 6 122 30 142 1 4 180 2 2 9 22 12 3 2 111 6 113 23 97 3 7 137 16 161 27 140 3 17 95 26 110 30 122 3 11 72 25 61 30 63 2 8 58 17 68 2 9 132 13 134 3 17 85 18 83 19 65 3 10 81 12 80 16 86 3 12 73 14 57 28 75 3 3 142 9 102 15 141 3 6 32 11 32 15 25 3 11 68 25 80 30 74 2 8 187 13 165 3 2 126 9 88 20 94 2 16 142 17 118 2 9 14 19 16 2 4 96 20 96 3 3 180 5 134 16 195 3 2 66 22 56 23 64 3 14 49 21 47 29 37 3 2 131 9 118 20 123 2 23 177 26 165 3 3 151 21 142 29 148 3 3 165 23 164 24 150 3 7 62 9 87 27 64
37 3 1 35 4 40 25 39 3 2 100 9 114 20 117 3 3 133 21 165 29 141 3 3 123 6 140 30 116 1 4 210 3 5 1 24 1 28 1 3 2 100 6 84 23 117 3 7 148 16 164 27 148 2 8 62 17 64 2 9 114 13 144 3 2 119 6 110 23 94 3 10 69 12 76 16 79 3 3 165 21 137 29 121 3 6 28 11 24 15 32 2 2 13 22 12 2 5 139 12 152 3 5 52 25 47 28 63 2 8 195 13 160 3 10 68 12 70 16 76 3 14 46 21 38 29 49 3 3 129 21 151 29 163 2 9 14 19 13 2 23 180 26 186 2 2 12 22 13 3 3 138 5 157 16 156 2 9 13 19 12 3 17 110 26 116 30 87 3 12 71 14 58 28 63 3 3 121 9 114 15 133 3 17 80 18 82 19 74 3 11 57 25 62 30 79 2 16 114 17 134 2 8 166 13 162 3 3 150 23 149 24 186 3 7 64 9 85 27 87 2 4 99 20 94 3 2 65 22 58 23 55
DUE_DATES: 4486 4486 4757 4757 4925 4925 4790 4790 4695 4645 4645 4645 5073 5073 5073 5070 4890 5143 5249 4400 4400 4400 5060 4824 4824 4824 4891 4883 4883 4882 4882 5237 5237 5237 4648 4648 5279 5279 5298 5387 5387 4841 5110 5317 4578 4492 5005 4766 5177 5191
WEIGHTS: 1 1 1 2 3 1 3 2 2 2 1 1 2 1 2 2 2 1 2 1 3 2 1 3 1 1 3 3 2 3 3 3 1 3 2 3 3 1 2 3 1 2 2 3 3 3 1 2 3 2
