50 30
39 2 1 116 9 142 2 9 163 19 119 2 2 180 15 228 2 9 164 19 160 2 20 18 23 17 3 16 31 18 29 30 28 3 3 86 18 92 25 111 2 5 161 12 169 2 4 55 5 52 2 5 110 20 118 2 2 196 15 183 3 6 198 12 145 23 202 3 7 32 23 35 29 27 2 4 180 8 129 2 9 153 19 117 2 9 8 15 7 2 2 200 15 192 2 10 80 18 77 3 11 12 21 14 28 11 2 20 23 23 24 2 13 167 20 133 3 14 120 16 120 26 92 3 12 142 14 145 15 123 2 18 132 20 190 2 1 41 26 47 3 13 56 16 54 26 45 3 2 121 14 145 24 118 2 1 56 26 52 3 5 60 25 46 28 63 2 13 164 20 187 2 17 79 19 64 2 22 194 24 215 2 20 24 21 32 2 2 12 23 13 2 20 25 23 22 3 7 18 25 20 27 22 3 15 123 25 117 28 148 2 2 15 23 14 2 16 165 29 154
39 2 1 116 9 142 2 9 163 19 119 2 2 180 15 228 2 9 164 19 160 2 20 18 23 17 3 16 31 18 29 30 28 3 3 86 18 92 25 111 2 5 161 12 169 2 4 55 5 52 2 5 110 20 118 2 2 196 15 183 3 6 198 12 145 23 202 3 7 32 23 35 29 27 2 4 180 8 129 2 9 153 19 117 2 9 8 15 7 2 2 200 15 192 2 10 80 18 77 3 11 12 21 14 28 11 2 20 23 23 24 2 13 167 20 133 3 14 120 16 120 26 92 3 12 142 14 145 15 123 2 18 132 20 190 2 1 41 26 47 3 13 56 16 54 26 45 3 2 121 14 145 24 118 2 1 56 26 52 3 5 60 25 46 28 63 2 13 164 20 187 2 17 79 19 64 2 22 194 24 215 2 20 24 21 32 2 2 12 23 13 2 20 25 23 22 3 7 18 25 20 27 22 3 15 123 25 117 28 148 2 2 15 23 14 2 16 165 29 154
36 3 3 124 18 124 25 111 2 1 125 9 146 2 2 212 15 212 2 4 49 5 61 3 16 30 18 23 30 24 2 5 123 20 145 3 6 143 12 197 23 178 3 12 115 14 105 15 114 2 1 47 26 49 2 9 9 15 8 3 6 144 12 154 23 186 3 7 29 23 28 29 35 2 4 170 8 123 2 10 72 18 75 3 15 159 25 112 28 134 2 18 187 20 132 2 5 117 20 155 2 13 154 20 175 3 11 13 21 14 28 12 2 1 55 26 40 3 13 44 16 50 26 52 2 5 140 12 163 2 5 122 20 144 2 20 23 21 33 3 7 19 25 21 27 21 3 14 131 16 109 26 110 2 10 89 18 86 2 16 149 29 188 2 17 85 19 74 2 9 145 19 159 2 20 23 23 16 3 11 14 21 12 28 13 2 22 231 24 161 2 2 14 23 11 3 2 143 14 113 24 109 3 5 58 25 63 28 61
35 2 22 218 24 204 2 1 135 9 164 2 20 34 21 23 2 17 73 19 76 2 2 211 15 162 3 7 34 23 38 29 37 2 2 173 15 236 3 5 48 25 62 28 65 3 3 116 18 116 25 105 2 4 57 5 49 2 5 115 20 157 3 6 161 12 163 23 178 2 18 155 20 148 2 4 125 8 183 2 22 168 24 210 2 9 9 15 10 2 10 92 18 100 3 11 13 21 10 28 12 2 5 172 12 148 2 13 171 20 176 3 14 106 16 118 26 108 2 9 151 19 153 3 12 125 14 151 15 146 3 13 56 16 43 26 54 2 20 16 23 23 2 2 12 23 15 3 14 113 16 100 26 104 3 2 124 14 114 24 129 2 20 28 21 25 2 1 56 26 43 3 15 157 25 130 28 118 3 11 10 21 11 28 10 3 7 18 25 22 27 24 2 16 141 29 177 3 16 30 18 27 30 23
35 2 22 218 24 204 2 1 135 9 164 2 20 34 21 23 2 17 73 19 76 2 2 211 15 162 3 7 34 23 38 29 37 2 2 173 15 236 3 5 48 25 62 28 65 3 3 116 18 116 25 105 2 4 57 5 49 2 5 115 20 157 3 6 161 12 163 23 178 2 18 155 20 148 2 4 125 8 183 2 22 168 24 210 2 9 9 15 10 2 10 92 18 100 3 11 13 21 10 28 12 2 5 172 12 148 2 13 171 20 176 3 14 106 16 118 26 108 2 9 151 19 153 3 12 125 14 151 15 146 3 13 56 16 43 26 54 2 20 16 23 23 2 2 12 23 15 3 14 113 16 100 26 104 3 2 124 14 114 24 129 2 20 28 21 25 2 1 56 26 43 3 15 157 25 130 28 118 3 11 10 21 11 28 10 3 7 18 25 22 27 24 2 16 141 29 177 3 16 30 18 27 30 23
35 2 22 218 24 204 2 1 135 9 164 2 20 34 21 23 2 17 73 19 76 2 2 211 15 162 3 7 34 23 38 29 37 2 2 173 15 236 3 5 48 25 62 28 65 3 3 116 18 116 25 105 2 4 57 5 49 2 5 115 20 157 3 6 161 12 163 23 178 2 18 155 20 148 2 4 125 8 183 2 22 168 24 210 2 9 9 15 10 2 10 92 18 100 3 11 13 21 10 28 12 2 5 172 12 148 2 13 171 20 176 3 14 106 16 118 26 108 2 9 151 19 153 3 12 125 14 151 15 146 3 13 56 16 43 26 54 2 20 16 23 23 2 2 12 23 15 3 14 113 16 100 26 104 3 2 124 14 114 24 129 2 20 28 21 25 2 1 56 26 43 3 15 157 25 130 28 118 3 11 10 21 11 28 10 3 7 18 25 22 27 24 2 16 141 29 177 3 16 30 18 27 30 23
34 2 1 123 9 114 2 2 171 15 194 2 1 137 9 113 3 3 85 18 109 25 127 2 4 60 5 64 2 5 154 20 159 2 2 220 15 171 3 6 161 12 190 23 177 3 7 26 23 30 29 36 2 4 126 8 128 2 9 9 15 7 2 10 75 18 100 3 11 11 21 14 28 15 2 5 139 20 153 2 1 48 26 46 2 5 149 12 184 2 16 167 29 136 2 9 159 19 136 2 13 178 20 182 2 20 24 21 26 3 14 98 16 105 26 97 3 12 126 14 148 15 124 2 5 176 12 148 2 17 68 19 75 2 2 15 23 15 3 13 47 16 60 26 55 2 18 167 20 187 2 20 21 23 23 2 22 230 24 217 3 2 122 14 124 24 108 3 16 24 18 25 30 29 3 5 51 25 56 28 49 3 7 24 25 24 27 25 3 15 129 25 133 28 143
34 2 1 123 9 114 2 2 171 15 194 2 1 137 9 113 3 3 85 18 109 25 127 2 4 60 5 64 2 5 154 20 159 2 2 220 15 171 3 6 161 12 190 23 177 3 7 26 23 30 29 36 2 4 126 8 128 2 9 9 15 7 2 10 75 18 100 3 11 11 21 14 28 15 2 5 139 20 153 2 1 48 26 46 2 5 149 12 184 2 16 167 29 136 2 9 159 19 136 2 13 178 20 182 2 20 24 21 26 3 14 98 16 105 26 97 3 12 126 14 148 15 124 2 5 176 12 148 2 17 68 19 75 2 2 15 23 15 3 13 47 16 60 26 55 2 18 167 20 187 2 20 21 23 23 2 22 230 24 217 3 2 122 14 124 24 108 3 16 24 18 25 30 29 3 5 51 25 56 28 49 3 7 24 25 24 27 25 3 15 129 25 133 28 143
34 2 1 123 9 114 2 2 171 15 194 2 1 137 9 113 3 3 85 18 109 25 127 2 4 60 5 64 2 5 154 20 159 2 2 220 15 171 3 6 161 12 190 23 177 3 7 26 23 30 29 36 2 4 126 8 128 2 9 9 15 7 2 10 75 18 100 3 11 11 21 14 28 15 2 5 139 20 153 2 1 48 26 46 2 5 149 12 184 2 16 167 29 136 2 9 159 19 136 2 13 178 20 182 2 20 24 21 26 3 14 98 16 105 26 97 3 12 126 14 148 15 124 2 5 176 12 148 2 17 68 19 75 2 2 15 23 15 3 13 47 16 60 26 55 2 18 167 20 187 2 20 21 23 23 2 22 230 24 217 3 2 122 14 124 24 108 3 16 24 18 25 30 29 3 5 51 25 56 28 49 3 7 24 25 24 27 25 3 15 129 25 133 28 143
35 2 22 173 24 220 2 1 138 9 119 2 20 23 21 34 2 17 64 19 61 2 2 178 15 202 3 7 28 23 39 29 34 2 2 207 15 237 3 5 51 25 59 28 64 3 3 91 18 95 25 114 2 4 70 5 62 2 5 125 20 143 3 6 191 12 181 23 135 2 18 178 20 149 2 4 128 8 126 2 22 160 24 183 2 9 9 15 7 2 10 102 18 84 3 11 14 21 11 28 11 2 5 130 12 133 2 13 154 20 130 3 14 130 16 123 26 103 2 9 117 19 131 3 12 150 14 127 15 122 3 13 56 16 51 26 45 2 20 18 23 21 2 2 13 23 15 3 14 112 16 94 26 117 3 2 107 14 130 24 111 2 20 27 21 30 2 1 43 26 43 3 15 160 25 154 28 110 3 11 13 21 10 28 10 3 7 23 25 24 27 21 2 16 130 29 177 3 16 23 18 27 30 26
35 2 1 137 9 118 2 2 232 15 201 3 3 120 18 112 25 102 2 1 150 9 116 2 4 58 5 62 2 1 144 9 149 2 5 154 20 136 3 6 143 12 149 23 149 2 18 183 20 192 2 1 41 26 51 3 7 21 25 19 27 18 2 1 56 26 40 2 17 60 19 84 3 7 38 23 29 29 32 3 2 133 14 108 24 105 2 9 133 19 144 3 5 65 25 51 28 52 2 20 32 21 31 2 4 163 8 154 3 2 102 14 111 24 103 2 9 8 15 9 2 10 105 18 105 3 11 11 21 12 28 11 2 5 141 12 156 2 16 159 29 187 2 20 21 23 21 2 22 179 24 172 2 13 174 20 166 3 14 123 16 123 26 107 3 12 150 14 116 15 140 3 16 30 18 30 30 29 3 13 62 16 58 26 62 2 17 60 19 61 2 2 12 23 15 3 15 118 25 141 28 141
35 2 1 137 9 118 2 2 232 15 201 3 3 120 18 112 25 102 2 1 150 9 116 2 4 58 5 62 2 1 144 9 149 2 5 154 20 136 3 6 143 12 149 23 149 2 18 183 20 192 2 1 41 26 51 3 7 21 25 19 27 18 2 1 56 26 40 2 17 60 19 84 3 7 38 23 29 29 32 3 2 133 14 108 24 105 2 9 133 19 144 3 5 65 25 51 28 52 2 20 32 21 31 2 4 163 8 154 3 2 102 14 111 24 103 2 9 8 15 9 2 10 105 18 105 3 11 11 21 12 28 11 2 5 141 12 156 2 16 159 29 187 2 20 21 23 21 2 22 179 24 172 2 13 174 20 166 3 14 123 16 123 26 107 3 12 150 14 116 15 140 3 16 30 18 30 30 29 3 13 62 16 58 26 62 2 17 60 19 61 2 2 12 23 15 3 15 118 25 141 28 141
35 2 1 137 9 118 2 2 232 15 201 3 3 120 18 112 25 102 2 1 150 9 116 2 4 58 5 62 2 1 144 9 149 2 5 154 20 136 3 6 143 12 149 23 149 2 18 183 20 192 2 1 41 26 51 3 7 21 25 19 27 18 2 1 56 26 40 2 17 60 19 84 3 7 38 23 29 29 32 3 2 133 14 108 24 105 2 9 133 19 144 3 5 65 25 51 28 52 2 20 32 21 31 2 4 163 8 154 3 2 102 14 111 24 103 2 9 8 15 9 2 10 105 18 105 3 11 11 21 12 28 11 2 5 141 12 156 2 16 159 29 187 2 20 21 23 21 2 22 179 24 172 2 13 174 20 166 3 14 123 16 123 26 107 3 12 150 14 116 15 140 3 16 30 18 30 30 29 3 13 62 16 58 26 62 2 17 60 19 61 2 2 12 23 15 3 15 118 25 141 28 141
35 2 1 137 9 118 2 2 232 15 201 3 3 120 18 112 25 102 2 1 150 9 116 2 4 58 5 62 2 1 144 9 149 2 5 154 20 136 3 6 143 12 149 23 149 2 18 183 20 192 2 1 41 26 51 3 7 21 25 19 27 18 2 1 56 26 40 2 17 60 19 84 3 7 38 23 29 29 32 3 2 133 14 108 24 105 2 9 133 19 144 3 5 65 25 51 28 52 2 20 32 21 31 2 4 163 8 154 3 2 102 14 111 24 103 2 9 8 15 9 2 10 105 18 105 3 11 11 21 12 28 11 2 5 141 12 156 2 16 159 29 187 2 20 21 23 21 2 22 179 24 172 2 13 174 20 166 3 14 123 16 123 26 107 3 12 150 14 116 15 140 3 16 30 18 30 30 29 3 13 62 16 58 26 62 2 17 60 19 61 2 2 12 23 15 3 15 118 25 141 28 141
35 2 1 157 9 140 3 13 46 16 44 26 46 3 2 143 14 124 24 128 2 2 174 15 184 3 12 144 14 111 15 110 3 3 116 18 108 25 98 2 13 137 20 176 2 4 70 5 61 3 3 103 18 106 25 104 2 5 152 20 112 3 6 150 12 157 23 182 3 7 39 23 37 29 28 3 13 51 16 60 26 53 2 4 165 8 173 2 17 82 19 75 2 20 17 23 17 3 2 134 14 122 24 143 2 9 10 15 9 2 10 91 18 90 3 3 106 18 117 25 100 3 11 11 21 14 28 13 2 5 185 12 155 3 14 98 16 116 26 130 2 18 173 20 182 2 9 164 19 116 2 2 221 15 232 2 20 25 21 34 2 22 226 24 174 2 2 12 23 14 3 5 58 25 59 28 47 2 1 40 26 44 3 7 26 25 21 27 26 2 16 183 29 178 3 16 26 18 23 30 28 3 15 146 25 146 28 122
35 2 1 157 9 140 3 13 46 16 44 26 46 3 2 143 14 124 24 128 2 2 174 15 184 3 12 144 14 111 15 110 3 3 116 18 108 25 98 2 13 137 20 176 2 4 70 5 61 3 3 103 18 106 25 104 2 5 152 20 112 3 6 150 12 157 23 182 3 7 39 23 37 29 28 3 13 51 16 60 26 53 2 4 165 8 173 2 17 82 19 75 2 20 17 23 17 3 2 134 14 122 24 143 2 9 10 15 9 2 10 91 18 90 3 3 106 18 117 25 100 3 11 11 21 14 28 13 2 5 185 12 155 3 14 98 16 116 26 130 2 18 173 20 182 2 9 164 19 116 2 2 221 15 232 2 20 25 21 34 2 22 226 24 174 2 2 12 23 14 3 5 58 25 59 28 47 2 1 40 26 44 3 7 26 25 21 27 26 2 16 183 29 178 3 16 26 18 23 30 28 3 15 146 25 146 28 122
34 2 1 115 9 142 2 2 160 15 226 2 1 138 9 125 3 3 97 18 101 25 96 2 4 48 5 69 2 5 122 20 137 2 2 189 15 176 3 6 188 12 193 23 147 3 7 32 23 27 29 27 2 4 137 8 137 2 9 9 15 10 2 10 74 18 99 3 11 12 21 15 28 12 2 5 133 20 122 2 1 50 26 45 2 5 180 12 149 2 16 149 29 159 2 9 139 19 125 2 13 135 20 156 2 20 30 21 27 3 14 133 16 114 26 133 3 12 140 14 141 15 139 2 5 145 12 154 2 17 58 19 81 2 2 15 23 11 3 13 46 16 46 26 47 2 18 132 20 178 2 20 20 23 22 2 22 169 24 183 3 2 130 14 123 24 121 3 16 22 18 28 30 28 3 5 51 25 64 28 58 3 7 20 25 21 27 22 3 15 113 25 132 28 136
34 2 1 115 9 142 2 2 160 15 226 2 1 138 9 125 3 3 97 18 101 25 96 2 4 48 5 69 2 5 122 20 137 2 2 189 15 176 3 6 188 12 193 23 147 3 7 32 23 27 29 27 2 4 137 8 137 2 9 9 15 10 2 10 74 18 99 3 11 12 21 15 28 12 2 5 133 20 122 2 1 50 26 45 2 5 180 12 149 2 16 149 29 159 2 9 139 19 125 2 13 135 20 156 2 20 30 21 27 3 14 133 16 114 26 133 3 12 140 14 141 15 139 2 5 145 12 154 2 17 58 19 81 2 2 15 23 11 3 13 46 16 46 26 47 2 18 132 20 178 2 20 20 23 22 2 22 169 24 183 3 2 130 14 123 24 121 3 16 22 18 28 30 28 3 5 51 25 64 28 58 3 7 20 25 21 27 22 3 15 113 25 132 28 136
32 2 2 16 23 12 2 9 117 19 120 3 11 11 21 15 28 12 2 1 142 9 147 2 2 170 15 196 3 3 104 18 109 25 127 2 2 221 15 172 3 15 156 25 138 28 114 2 4 61 5 61 3 5 55 25 51 28 44 2 20 30 21 31 2 1 39 26 39 2 22 217 24 206 3 13 46 16 52 26 48 2 5 128 20 112 3 6 199 12 151 23 141 3 12 107 14 146 15 124 3 7 38 23 35 29 33 2 4 139 8 177 2 16 170 29 181 2 10 92 18 102 2 9 8 15 10 2 5 155 12 136 2 17 79 19 81 2 13 166 20 161 3 14 95 16 108 26 94 2 18 179 20 141 2 20 19 23 17 3 2 150 14 110 24 138 2 22 210 24 213 3 7 20 25 25 27 27 3 16 22 18 22 30 28
35 3 13 54 16 50 26 47 2 1 128 9 156 2 2 205 15 191 3 3 94 18 101 25 101 3 12 118 14 136 15 133 2 4 64 5 54 3 6 186 12 158 23 189 2 20 25 21 23 3 3 116 18 90 25 112 2 17 77 19 76 2 5 115 20 111 2 10 78 18 93 3 7 35 23 31 29 26 2 4 159 8 168 3 6 153 12 193 23 174 2 9 7 15 8 3 11 12 21 14 28 14 2 5 147 12 151 2 13 138 20 158 3 15 141 25 159 28 120 3 3 85 18 86 25 119 3 14 120 16 129 26 113 2 18 160 20 192 2 9 155 19 158 2 20 21 23 24 2 13 132 20 149 2 22 190 24 165 2 2 14 23 13 2 16 133 29 130 2 9 114 19 144 3 2 118 14 134 24 151 3 5 44 25 49 28 65 2 1 48 26 48 3 7 21 25 21 27 19 3 16 22 18 30 30 23
38 2 1 143 9 130 2 2 176 15 201 3 3 105 18 128 25 87 2 4 60 5 50 3 3 118 18 110 25 108 2 5 138 20 144 2 4 53 5 55 3 6 146 12 198 23 174 2 17 71 19 86 2 1 47 26 53 2 20 32 21 26 2 4 56 5 54 2 13 149 20 147 2 1 130 9 164 3 13 59 16 58 26 50 2 9 8 15 7 3 7 36 23 30 29 38 3 7 19 25 19 27 19 2 20 23 23 19 2 22 221 24 189 2 4 180 8 125 2 10 72 18 87 3 11 10 21 12 28 12 2 4 177 8 140 2 5 179 12 140 2 2 194 15 217 3 15 110 25 109 28 122 3 5 61 25 44 28 47 3 14 136 16 102 26 114 3 16 27 18 27 30 29 3 12 141 14 127 15 139 2 18 183 20 166 3 15 149 25 142 28 116 2 9 155 19 165 2 16 172 29 170 3 16 25 18 22 30 24 2 2 13 23 12 3 2 149 14 134 24 116
32 2 9 7 15 8 2 1 119 9 147 2 2 197 15 172 3 3 124 18 105 25 106 2 4 51 5 64 2 5 148 20 146 2 5 180 12 184 3 6 174 12 142 23 140 2 16 145 29 158 2 1 137 9 136 3 7 31 23 29 29 28 2 4 127 8 124 2 10 77 18 89 3 11 13 21 14 28 11 2 18 140 20 160 2 13 153 20 166 3 14 120 16 128 26 135 3 12 137 14 108 15 106 3 7 27 25 24 27 26 2 20 24 23 17 2 5 117 20 145 3 13 55 16 62 26 53 2 17 79 19 69 3 2 107 14 134 24 127 2 2 14 23 16 2 9 160 19 152 2 20 27 21 25 2 22 160 24 159 3 5 57 25 58 28 54 3 16 23 18 25 30 28 3 15 118 25 134 28 145 2 1 45 26 40
37 2 1 127 9 115 2 2 204 15 164 3 3 113 18 120 25 90 2 4 60 5 63 2 5 134 20 120 3 6 142 12 192 23 170 3 7 39 23 33 29 33 2 4 63 5 48 2 20 31 21 32 2 4 127 8 128 2 9 8 15 10 2 4 149 8 134 2 10 101 18 80 3 11 15 21 11 28 13 3 15 154 25 122 28 140 2 5 154 12 155 2 13 159 20 189 2 1 46 26 45 3 14 126 16 108 26 96 3 12 140 14 153 15 137 2 4 123 8 176 2 2 13 23 16 2 4 142 8 155 2 9 154 19 145 3 13 52 16 58 26 49 2 17 61 19 61 2 18 149 20 185 3 11 12 21 12 28 13 2 20 20 23 24 2 22 178 24 174 3 2 112 14 137 24 115 2 5 180 12 183 3 5 55 25 53 28 48 2 10 88 18 74 3 7 24 25 26 27 25 3 16 22 18 23 30 22 2 16 176 29 164
37 2 1 127 9 115 2 2 204 15 164 3 3 113 18 120 25 90 2 4 60 5 63 2 5 134 20 120 3 6 142 12 192 23 170 3 7 39 23 33 29 33 2 4 63 5 48 2 20 31 21 32 2 4 127 8 128 2 9 8 15 10 2 4 149 8 134 2 10 101 18 80 3 11 15 21 11 28 13 3 15 154 25 122 28 140 2 5 154 12 155 2 13 159 20 189 2 1 46 26 45 3 14 126 16 108 26 96 3 12 140 14 153 15 137 2 4 123 8 176 2 2 13 23 16 2 4 142 8 155 2 9 154 19 145 3 13 52 16 58 26 49 2 17 61 19 61 2 18 149 20 185 3 11 12 21 12 28 13 2 20 20 23 24 2 22 178 24 174 3 2 112 14 137 24 115 2 5 180 12 183 3 5 55 25 53 28 48 2 10 88 18 74 3 7 24 25 26 27 25 3 16 22 18 23 30 22 2 16 176 29 164
35 2 1 142 9 150 2 2 185 15 236 3 3 121 18 106 25 126 2 1 143 9 142 2 4 50 5 51 2 1 134 9 122 2 5 162 20 131 3 6 172 12 178 23 202 2 18 149 20 171 2 1 48 26 55 3 7 22 25 22 27 26 2 1 50 26 52 2 17 71 19 70 3 7 27 23 35 29 37 3 2 137 14 149 24 138 2 9 150 19 132 3 5 57 25 56 28 61 2 20 24 21 29 2 4 146 8 148 3 2 115 14 125 24 123 2 9 8 15 8 2 10 83 18 102 3 11 12 21 12 28 11 2 5 168 12 147 2 16 170 29 159 2 20 20 23 16 2 22 195 24 226 2 13 142 20 181 3 14 110 16 135 26 116 3 12 126 14 120 15 117 3 16 32 18 30 30 29 3 13 62 16 43 26 48 2 17 81 19 82 2 2 11 23 16 3 15 128 25 112 28 143
38 2 1 162 9 158 2 2 212 15 185 3 3 125 18 123 25 114 2 4 61 5 52 3 3 108 18 96 25 88 2 5 128 20 123 2 4 53 5 51 3 6 157 12 142 23 142 2 17 62 19 68 2 1 50 26 55 2 20 30 21 28 2 4 54 5 62 2 13 179 20 158 2 1 123 9 116 3 13 61 16 61 26 48 2 9 9 15 9 3 7 29 23 35 29 28 3 7 24 25 22 27 23 2 20 22 23 19 2 22 192 24 202 2 4 123 8 143 2 10 88 18 95 3 11 10 21 11 28 11 2 4 155 8 132 2 5 163 12 171 2 2 196 15 162 3 15 133 25 111 28 117 3 5 55 25 45 28 54 3 14 117 16 99 26 113 3 16 26 18 27 30 23 3 12 144 14 121 15 140 2 18 194 20 133 3 15 144 25 161 28 123 2 9 153 19 129 2 16 180 29 157 3 16 25 18 22 30 31 2 2 12 23 12 3 2 119 14 138 24 112
34 2 1 160 9 123 2 4 147 8 129 2 1 129 9 140 2 2 177 15 168 2 4 161 8 173 2 17 71 19 70 3 3 113 18 108 25 127 2 17 74 19 57 2 4 52 5 67 2 5 134 20 150 2 16 154 29 162 3 6 148 12 146 23 178 3 16 26 18 22 30 28 3 7 37 23 29 29 35 2 22 180 24 169 2 5 149 12 171 2 9 8 15 9 2 10 86 18 73 3 11 13 21 14 28 11 2 13 161 20 161 3 2 122 14 112 24 127 2 1 56 26 41 3 14 95 16 135 26 122 3 13 46 16 50 26 44 2 1 115 9 152 3 12 105 14 123 15 147 2 18 133 20 174 2 2 13 23 11 2 9 143 19 124 2 20 19 23 21 2 20 26 21 34 3 7 24 25 26 27 22 3 5 63 25 49 28 48 3 15 155 25 111 28 120
37 2 1 142 9 121 2 2 181 15 171 3 3 91 18 94 25 124 2 4 49 5 67 2 5 114 20 141 3 6 186 12 150 23 153 3 7 28 23 26 29 30 2 4 51 5 47 2 20 34 21 33 2 4 164 8 131 2 9 10 15 8 2 4 152 8 169 2 10 82 18 104 3 11 10 21 10 28 13 3 15 150 25 160 28 150 2 5 174 12 138 2 13 149 20 185 2 1 49 26 42 3 14 111 16 92 26 94 3 12 125 14 141 15 137 2 4 149 8 137 2 2 11 23 12 2 4 164 8 172 2 9 162 19 134 3 13 49 16 47 26 52 2 17 64 19 76 2 18 145 20 190 3 11 14 21 12 28 12 2 20 18 23 20 2 22 176 24 209 3 2 126 14 122 24 115 2 5 143 12 178 3 5 55 25 46 28 59 2 10 73 18 91 3 7 23 25 20 27 20 3 16 21 18 27 30 23 2 16 183 29 141
37 2 1 142 9 121 2 2 181 15 171 3 3 91 18 94 25 124 2 4 49 5 67 2 5 114 20 141 3 6 186 12 150 23 153 3 7 28 23 26 29 30 2 4 51 5 47 2 20 34 21 33 2 4 164 8 131 2 9 10 15 8 2 4 152 8 169 2 10 82 18 104 3 11 10 21 10 28 13 3 15 150 25 160 28 150 2 5 174 12 138 2 13 149 20 185 2 1 49 26 42 3 14 111 16 92 26 94 3 12 125 14 141 15 137 2 4 149 8 137 2 2 11 23 12 2 4 164 8 172 2 9 162 19 134 3 13 49 16 47 26 52 2 17 64 19 76 2 18 145 20 190 3 11 14 21 12 28 12 2 20 18 23 20 2 22 176 24 209 3 2 126 14 122 24 115 2 5 143 12 178 3 5 55 25 46 28 59 2 10 73 18 91 3 7 23 25 20 27 20 3 16 21 18 27 30 23 2 16 183 29 141
37 2 1 142 9 121 2 2 181 15 171 3 3 91 18 94 25 124 2 4 49 5 67 2 5 114 20 141 3 6 186 12 150 23 153 3 7 28 23 26 29 30 2 4 51 5 47 2 20 34 21 33 2 4 164 8 131 2 9 10 15 8 2 4 152 8 169 2 10 82 18 104 3 11 10 21 10 28 13 3 15 150 25 160 28 150 2 5 174 12 138 2 13 149 20 185 2 1 49 26 42 3 14 111 16 92 26 94 3 12 125 14 141 15 137 2 4 149 8 137 2 2 11 23 12 2 4 164 8 172 2 9 162 19 134 3 13 49 16 47 26 52 2 17 64 19 76 2 18 145 20 190 3 11 14 21 12 28 12 2 20 18 23 20 2 22 176 24 209 3 2 126 14 122 24 115 2 5 143 12 178 3 5 55 25 46 28 59 2 10 73 18 91 3 7 23 25 20 27 20 3 16 21 18 27 30 23 2 16 183 29 141
40 2 1 142 9 122 2 9 132 19 139 2 20 27 21 27 2 4 175 8 170 2 17 80 19 57 2 5 131 20 152 2 1 123 9 133 2 2 183 15 211 2 9 121 19 154 3 3 92 18 111 25 90 2 4 58 5 54 3 6 139 12 157 23 160 2 1 138 9 147 2 9 8 15 8 3 7 37 23 36 29 30 2 2 232 15 197 3 11 15 21 13 28 14 2 10 94 18 102 2 5 159 12 177 2 1 43 26 48 2 9 10 15 9 2 13 179 20 158 3 14 116 16 127 26 119 2 2 170 15 235 3 2 119 14 151 24 137 3 12 131 14 112 15 109 2 17 79 19 58 3 13 62 16 47 26 62 2 1 52 26 49 2 18 144 20 158 3 3 85 18 122 25 101 2 20 23 23 20 2 22 226 24 204 2 10 83 18 84 2 2 15 23 14 3 15 143 25 115 28 150 3 5 44 25 51 28 58 3 7 24 25 22 27 25 2 16 128 29 156 3 16 22 18 25 30 31
40 2 1 142 9 122 2 9 132 19 139 2 20 27 21 27 2 4 175 8 170 2 17 80 19 57 2 5 131 20 152 2 1 123 9 133 2 2 183 15 211 2 9 121 19 154 3 3 92 18 111 25 90 2 4 58 5 54 3 6 139 12 157 23 160 2 1 138 9 147 2 9 8 15 8 3 7 37 23 36 29 30 2 2 232 15 197 3 11 15 21 13 28 14 2 10 94 18 102 2 5 159 12 177 2 1 43 26 48 2 9 10 15 9 2 13 179 20 158 3 14 116 16 127 26 119 2 2 170 15 235 3 2 119 14 151 24 137 3 12 131 14 112 15 109 2 17 79 19 58 3 13 62 16 47 26 62 2 1 52 26 49 2 18 144 20 158 3 3 85 18 122 25 101 2 20 23 23 20 2 22 226 24 204 2 10 83 18 84 2 2 15 23 14 3 15 143 25 115 28 150 3 5 44 25 51 28 58 3 7 24 25 22 27 25 2 16 128 29 156 3 16 22 18 25 30 31
40 2 1 142 9 122 2 9 132 19 139 2 20 27 21 27 2 4 175 8 170 2 17 80 19 57 2 5 131 20 152 2 1 123 9 133 2 2 183 15 211 2 9 121 19 154 3 3 92 18 111 25 90 2 4 58 5 54 3 6 139 12 157 23 160 2 1 138 9 147 2 9 8 15 8 3 7 37 23 36 29 30 2 2 232 15 197 3 11 15 21 13 28 14 2 10 94 18 102 2 5 159 12 177 2 1 43 26 48 2 9 10 15 9 2 13 179 20 158 3 14 116 16 127 26 119 2 2 170 15 235 3 2 119 14 151 24 137 3 12 131 14 112 15 109 2 17 79 19 58 3 13 62 16 47 26 62 2 1 52 26 49 2 18 144 20 158 3 3 85 18 122 25 101 2 20 23 23 20 2 22 226 24 204 2 10 83 18 84 2 2 15 23 14 3 15 143 25 115 28 150 3 5 44 25 51 28 58 3 7 24 25 22 27 25 2 16 128 29 156 3 16 22 18 25 30 31
35 2 22 193 24 212 2 1 139 9 154 2 20 34 21 31 2 17 63 19 67 2 2 164 15 172 3 7 26 23 29 29 26 2 2 226 15 213 3 5 63 25 47 28 57 3 3 112 18 93 25 102 2 4 57 5 50 2 5 129 20 133 3 6 196 12 186 23 184 2 18 141 20 164 2 4 160 8 146 2 22 157 24 170 2 9 9 15 10 2 10 101 18 87 3 11 14 21 10 28 10 2 5 167 12 181 2 13 131 20 188 3 14 120 16 123 26 106 2 9 140 19 147 3 12 138 14 146 15 150 3 13 51 16 49 26 48 2 20 24 23 18 2 2 11 23 14 3 14 129 16 135 26 136 3 2 106 14 114 24 136 2 20 29 21 27 2 1 51 26 39 3 15 139 25 140 28 125 3 11 11 21 10 28 10 3 7 26 25 18 27 19 2 16 154 29 141 3 16 29 18 30 30 24
35 2 22 193 24 212 2 1 139 9 154 2 20 34 21 31 2 17 63 19 67 2 2 164 15 172 3 7 26 23 29 29 26 2 2 226 15 213 3 5 63 25 47 28 57 3 3 112 18 93 25 102 2 4 57 5 50 2 5 129 20 133 3 6 196 12 186 23 184 2 18 141 20 164 2 4 160 8 146 2 22 157 24 170 2 9 9 15 10 2 10 101 18 87 3 11 14 21 10 28 10 2 5 167 12 181 2 13 131 20 188 3 14 120 16 123 26 106 2 9 140 19 147 3 12 138 14 146 15 150 3 13 51 16 49 26 48 2 20 24 23 18 2 2 11 23 14 3 14 129 16 135 26 136 3 2 106 14 114 24 136 2 20 29 21 27 2 1 51 26 39 3 15 139 25 140 28 125 3 11 11 21 10 28 10 3 7 26 25 18 27 19 2 16 154 29 141 3 16 29 18 30 30 24
35 3 13 54 16 51 26 50 2 1 160 9 138 2 2 208 15 205 3 3 125 18 123 25 87 3 12 144 14 140 15 135 2 4 63 5 65 3 6 160 12 146 23 151 2 20 33 21 30 3 3 119 18 102 25 95 2 17 68 19 83 2 5 131 20 122 2 10 96 18 79 3 7 36 23 30 29 29 2 4 176 8 183 3 6 159 12 139 23 170 2 9 9 15 9 3 11 11 21 14 28 11 2 5 188 12 167 2 13 149 20 153 3 15 160 25 114 28 132 3 3 100 18 126 25 92 3 14 104 16 103 26 110 2 18 130 20 186 2 9 164 19 128 2 20 19 23 18 2 13 162 20 182 2 22 184 24 233 2 2 13 23 15 2 16 187 29 138 2 9 132 19 124 3 2 144 14 142 24 109 3 5 53 25 55 28 53 2 1 47 26 42 3 7 20 25 23 27 24 3 16 28 18 27 30 27
35 3 13 54 16 51 26 50 2 1 160 9 138 2 2 208 15 205 3 3 125 18 123 25 87 3 12 144 14 140 15 135 2 4 63 5 65 3 6 160 12 146 23 151 2 20 33 21 30 3 3 119 18 102 25 95 2 17 68 19 83 2 5 131 20 122 2 10 96 18 79 3 7 36 23 30 29 29 2 4 176 8 183 3 6 159 12 139 23 170 2 9 9 15 9 3 11 11 21 14 28 11 2 5 188 12 167 2 13 149 20 153 3 15 160 25 114 28 132 3 3 100 18 126 25 92 3 14 104 16 103 26 110 2 18 130 20 186 2 9 164 19 128 2 20 19 23 18 2 13 162 20 182 2 22 184 24 233 2 2 13 23 15 2 16 187 29 138 2 9 132 19 124 3 2 144 14 142 24 109 3 5 53 25 55 28 53 2 1 47 26 42 3 7 20 25 23 27 24 3 16 28 18 27 30 27
35 2 1 118 9 164 3 13 52 16 60 26 58 3 2 138 14 125 24 141 2 2 159 15 221 3 12 154 14 110 15 151 3 3 113 18 101 25 85 2 13 164 20 160 2 4 70 5 60 3 3 126 18 97 25 114 2 5 161 20 159 3 6 155 12 160 23 136 3 7 30 23 28 29 34 3 13 50 16 50 26 59 2 4 123 8 175 2 17 68 19 63 2 20 17 23 24 3 2 115 14 112 24 149 2 9 7 15 9 2 10 85 18 82 3 3 98 18 105 25 87 3 11 15 21 14 28 14 2 5 133 12 156 3 14 121 16 105 26 107 2 18 149 20 163 2 9 141 19 146 2 2 166 15 165 2 20 26 21 24 2 22 178 24 216 2 2 16 23 14 3 5 62 25 61 28 56 2 1 43 26 40 3 7 20 25 19 27 20 2 16 160 29 128 3 16 28 18 25 30 30 3 15 140 25 136 28 143
35 2 1 125 9 119 2 4 55 5 53 2 2 209 15 207 3 2 141 14 123 24 111 3 3 102 18 107 25 123 2 5 150 20 159 2 4 47 5 50 3 6 172 12 146 23 143 3 16 23 18 25 30 29 3 2 118 14 109 24 132 3 7 28 23 31 29 31 3 13 61 16 45 26 53 2 1 53 26 57 2 4 136 8 146 2 17 72 19 66 2 9 10 15 9 3 12 152 14 152 15 141 2 10 78 18 70 2 17 69 19 76 3 11 15 21 13 28 14 2 13 169 20 145 2 20 22 23 20 2 5 192 12 166 3 14 94 16 127 26 101 2 18 159 20 143 2 5 121 20 148 2 9 145 19 133 2 20 34 21 29 2 18 148 20 179 2 22 223 24 161 2 2 12 23 11 3 5 56 25 64 28 60 3 7 19 25 22 27 19 3 15 122 25 109 28 134 2 16 189 29 189
32 3 7 20 25 25 27 24 2 1 162 9 119 2 2 166 15 197 3 3 92 18 90 25 95 2 4 60 5 70 2 5 136 20 159 3 6 200 12 186 23 171 3 7 36 23 27 29 33 2 4 144 8 163 2 13 169 20 129 2 9 8 15 8 2 10 81 18 73 3 11 11 21 14 28 11 2 16 131 29 159 2 5 137 12 150 3 14 106 16 129 26 131 3 12 113 14 133 15 117 3 7 25 25 25 27 26 2 20 28 21 33 3 13 43 16 57 26 53 2 17 77 19 62 2 18 177 20 152 2 9 137 19 144 2 20 17 23 19 2 22 159 24 188 2 2 13 23 15 3 2 128 14 118 24 146 3 5 44 25 47 28 47 2 1 48 26 53 3 16 23 18 23 30 26 2 4 64 5 61 3 15 142 25 130 28 121
39 2 1 131 9 158 2 9 143 19 129 2 2 227 15 196 2 9 110 19 116 2 20 20 23 21 3 16 31 18 28 30 25 3 3 119 18 127 25 104 2 5 133 12 169 2 4 66 5 56 2 5 147 20 111 2 2 232 15 211 3 6 192 12 176 23 138 3 7 28 23 32 29 33 2 4 162 8 161 2 9 155 19 116 2 9 8 15 8 2 2 218 15 207 2 10 86 18 102 3 11 15 21 10 28 11 2 20 23 23 23 2 13 155 20 146 3 14 115 16 127 26 111 3 12 110 14 145 15 120 2 18 155 20 152 2 1 51 26 45 3 13 57 16 57 26 63 3 2 106 14 143 24 115 2 1 53 26 53 3 5 58 25 63 28 57 2 13 180 20 155 2 17 69 19 58 2 22 177 24 222 2 20 33 21 29 2 2 16 23 12 2 20 18 23 20 3 7 22 25 20 27 24 3 15 161 25 143 28 118 2 2 14 23 15 2 16 177 29 165
32 3 7 24 25 24 27 19 2 1 151 9 125 2 2 234 15 199 3 3 104 18 120 25 111 2 4 65 5 57 2 5 126 20 152 3 6 146 12 138 23 181 3 7 29 23 28 29 32 2 4 167 8 151 2 13 156 20 150 2 9 7 15 9 2 10 99 18 95 3 11 13 21 12 28 15 2 16 156 29 162 2 5 177 12 133 3 14 126 16 109 26 116 3 12 136 14 155 15 114 3 7 19 25 23 27 27 2 20 30 21 26 3 13 47 16 44 26 48 2 17 82 19 61 2 18 192 20 146 2 9 157 19 129 2 20 20 23 23 2 22 173 24 215 2 2 11 23 15 3 2 118 14 128 24 129 3 5 48 25 49 28 56 2 1 49 26 40 3 16 30 18 31 30 31 2 4 59 5 61 3 15 151 25 127 28 155
32 2 9 7 15 10 2 1 146 9 134 2 2 212 15 172 3 3 125 18 92 25 85 2 4 66 5 56 2 5 143 20 157 2 5 138 12 170 3 6 185 12 171 23 162 2 16 160 29 181 2 1 129 9 158 3 7 38 23 37 29 37 2 4 155 8 134 2 10 103 18 101 3 11 10 21 14 28 14 2 18 190 20 170 2 13 136 20 148 3 14 125 16 110 26 118 3 12 110 14 149 15 111 3 7 24 25 24 27 23 2 20 20 23 24 2 5 129 20 155 3 13 58 16 44 26 50 2 17 72 19 59 3 2 133 14 127 24 141 2 2 16 23 12 2 9 111 19 151 2 20 34 21 27 2 22 232 24 188 3 5 63 25 55 28 64 3 16 31 18 23 30 26 3 15 156 25 138 28 134 2 1 57 26 45
35 2 22 218 24 202 2 1 159 9 161 2 20 23 21 30 2 17 71 19 64 2 2 188 15 219 3 7 38 23 30 29 30 2 2 167 15 235 3 5 65 25 57 28 46 3 3 123 18 127 25 96 2 4 64 5 62 2 5 124 20 127 3 6 146 12 147 23 200 2 18 131 20 147 2 4 135 8 143 2 22 173 24 200 2 9 8 15 7 2 10 79 18 83 3 11 13 21 10 28 13 2 5 170 12 172 2 13 155 20 174 3 14 120 16 112 26 97 2 9 165 19 120 3 12 145 14 109 15 155 3 13 50 16 51 26 60 2 20 21 23 18 2 2 14 23 16 3 14 107 16 136 26 112 3 2 124 14 117 24 111 2 20 24 21 30 2 1 50 26 53 3 15 130 25 151 28 152 3 11 14 21 13 28 14 3 7 18 25 18 27 23 2 16 181 29 184 3 16 29 18 24 30 32
38 2 1 138 9 154 2 2 192 15 176 3 3 116 18 90 25 126 2 4 58 5 59 3 3 125 18 95 25 100 2 5 136 20 111 2 4 61 5 50 3 6 137 12 152 23 194 2 17 85 19 63 2 1 41 26 55 2 20 31 21 31 2 4 70 5 69 2 13 155 20 137 2 1 151 9 139 3 13 50 16 47 26 54 2 9 8 15 10 3 7 33 23 32 29 39 3 7 19 25 26 27 22 2 20 24 23 23 2 22 163 24 165 2 4 184 8 130 2 10 95 18 79 3 11 14 21 10 28 14 2 4 141 8 169 2 5 178 12 145 2 2 160 15 177 3 15 144 25 154 28 128 3 5 65 25 65 28 63 3 14 99 16 100 26 120 3 16 26 18 23 30 28 3 12 135 14 135 15 126 2 18 145 20 186 3 15 110 25 161 28 135 2 9 120 19 164 2 16 172 29 145 3 16 24 18 23 30 29 2 2 12 23 15 3 2 143 14 120 24 145
36 2 1 149 9 146 2 2 207 15 209 3 3 95 18 106 25 110 2 20 24 23 19 2 5 158 20 163 2 4 59 5 57 3 6 200 12 153 23 177 3 15 154 25 156 28 146 3 7 30 23 38 29 36 2 5 133 20 154 2 9 160 19 150 3 3 119 18 113 25 117 2 4 130 8 143 2 2 11 23 12 2 4 125 8 166 2 9 8 15 7 2 10 90 18 90 3 15 129 25 143 28 109 2 18 181 20 160 3 13 61 16 62 26 54 2 17 73 19 85 3 11 12 21 12 28 11 3 14 134 16 110 26 125 2 5 145 12 162 2 13 150 20 144 2 10 101 18 104 3 12 137 14 119 15 150 3 7 27 25 27 27 26 2 20 23 21 23 2 22 179 24 166 3 2 122 14 139 24 111 3 5 51 25 64 28 50 2 1 42 26 50 3 16 32 18 29 30 29 2 10 86 18 92 2 16 149 29 128
36 2 1 164 9 153 2 2 188 15 221 3 3 109 18 126 25 117 2 20 21 23 20 2 5 138 20 145 2 4 54 5 60 3 6 153 12 175 23 183 3 15 161 25 112 28 116 3 7 30 23 37 29 35 2 5 124 20 162 2 9 127 19 140 3 3 104 18 89 25 121 2 4 124 8 143 2 2 13 23 15 2 4 150 8 167 2 9 7 15 7 2 10 103 18 81 3 15 117 25 122 28 147 2 18 171 20 135 3 13 53 16 43 26 54 2 17 74 19 79 3 11 14 21 15 28 15 3 14 106 16 106 26 101 2 5 175 12 156 2 13 159 20 137 2 10 83 18 93 3 12 142 14 117 15 112 3 7 23 25 25 27 23 2 20 23 21 29 2 22 201 24 232 3 2 121 14 102 24 126 3 5 50 25 50 28 63 2 1 41 26 43 3 16 29 18 26 30 31 2 10 104 18 81 2 16 176 29 148
35 2 1 143 9 126 3 13 55 16 44 26 45 3 2 146 14 133 24 104 2 2 182 15 213 3 12 130 14 117 15 122 3 3 105 18 125 25 85 2 13 166 20 176 2 4 52 5 58 3 3 119 18 107 25 120 2 5 158 20 154 3 6 172 12 178 23 146 3 7 31 23 33 29 28 3 13 45 16 58 26 58 2 4 179 8 184 2 17 78 19 69 2 20 21 23 17 3 2 142 14 143 24 118 2 9 9 15 7 2 10 99 18 91 3 3 117 18 118 25 118 3 11 10 21 15 28 11 2 5 146 12 179 3 14 116 16 106 26 106 2 18 170 20 145 2 9 154 19 152 2 2 219 15 213 2 20 26 21 33 2 22 170 24 196 2 2 12 23 15 3 5 60 25 44 28 55 2 1 55 26 56 3 7 20 25 19 27 21 2 16 159 29 185 3 16 22 18 31 30 30 3 15 131 25 125 28 128
32 2 2 13 23 12 2 9 132 19 113 3 11 11 21 12 28 12 2 1 134 9 144 2 2 162 15 236 3 3 86 18 92 25 96 2 2 196 15 176 3 15 132 25 137 28 136 2 4 51 5 60 3 5 62 25 54 28 53 2 20 25 21 27 2 1 55 26 39 2 22 174 24 156 3 13 44 16 49 26 61 2 5 158 20 123 3 6 171 12 189 23 181 3 12 145 14 151 15 117 3 7 30 23 32 29 33 2 4 168 8 170 2 16 138 29 146 2 10 90 18 72 2 9 8 15 10 2 5 131 12 149 2 17 84 19 70 2 13 171 20 149 3 14 96 16 104 26 110 2 18 179 20 189 2 20 22 23 16 3 2 125 14 147 24 130 2 22 197 24 214 3 7 23 25 26 27 24 3 16 29 18 22 30 28
37 2 1 133 9 165 2 2 221 15 161 3 3 112 18 94 25 88 2 4 61 5 56 2 5 133 20 126 3 6 147 12 179 23 148 3 7 32 23 39 29 29 2 4 61 5 63 2 20 24 21 27 2 4 130 8 182 2 9 8 15 10 2 4 143 8 132 2 10 71 18 92 3 11 11 21 10 28 11 3 15 117 25 130 28 133 2 5 184 12 134 2 13 132 20 178 2 1 56 26 47 3 14 122 16 114 26 96 3 12 133 14 110 15 107 2 4 166 8 133 2 2 15 23 11 2 4 180 8 132 2 9 159 19 126 3 13 58 16 45 26 60 2 17 69 19 77 2 18 181 20 163 3 11 12 21 14 28 11 2 20 18 23 24 2 22 199 24 197 3 2 111 14 131 24 126 2 5 159 12 168 3 5 48 25 51 28 59 2 10 96 18 86 3 7 20 25 25 27 20 3 16 28 18 24 30 22 2 16 150 29 172
DUE_DATES: 4813 4813 4371 4381 4381 4381 4455 4455 4455 4180 4324 4324 4324 4324 4496 4496 4279 4279 4125 4410 4796 3887 4554 4554 4397 4660 4153 4561 4561 4561 5081 5081 5081 4326 4326 4562 4562 4305 4330 3661 4883 3791 4068 4379 4687 4599 4540 4503 4076 4557
WEIGHTS: 2 3 3 1 2 1 1 1 2 2 3 3 1 3 3 1 2 2 1 3 3 1 1 2 2 1 2 1 3 2 1 3 3 2 1 1 2 1 2 1 1 1 2 1 1 1 1 3 2 1
