50 30
34 3 1 238 2 54 30 172 2 2 51 26 55 2 6 39 27 20 2 3 40 21 180 2 4 101 13 20 3 5 108 8 110 28 90 2 6 179 18 189 2 6 13 18 37 3 8 53 15 49 30 35 3 6 35 7 41 21 27 3 8 219 28 142 29 106 3 9 35 13 167 15 115 2 16 94 23 73 3 9 169 16 133 25 187 2 11 21 30 46 2 10 53 14 11 2 6 135 18 200 2 22 67 25 60 2 12 2 28 3 2 14 40 24 64 3 5 140 8 91 28 104 1 15 22 3 4 66 7 30 16 85 3 7 70 17 168 20 320 2 20 72 25 58 3 9 106 23 101 25 48 3 16 101 19 29 29 60 2 16 80 23 41 3 8 130 21 198 26 134 3 5 151 16 205 26 98 3 21 75 29 136 30 87 3 4 39 15 12 24 13 2 2 46 26 33 2 22 12 28 49
34 3 1 238 2 54 30 172 2 2 51 26 55 2 6 39 27 20 2 3 40 21 180 2 4 101 13 20 3 5 108 8 110 28 90 2 6 179 18 189 2 6 13 18 37 3 8 53 15 49 30 35 3 6 35 7 41 21 27 3 8 219 28 142 29 106 3 9 35 13 167 15 115 2 16 94 23 73 3 9 169 16 133 25 187 2 11 21 30 46 2 10 53 14 11 2 6 135 18 200 2 22 67 25 60 2 12 2 28 3 2 14 40 24 64 3 5 140 8 91 28 104 1 15 22 3 4 66 7 30 16 85 3 7 70 17 168 20 320 2 20 72 25 58 3 9 106 23 101 25 48 3 16 101 19 29 29 60 2 16 80 23 41 3 8 130 21 198 26 134 3 5 151 16 205 26 98 3 21 75 29 136 30 87 3 4 39 15 12 24 13 2 2 46 26 33 2 22 12 28 49
35 3 8 174 28 152 29 144 3 1 259 2 97 30 144 2 2 37 26 27 2 3 236 21 176 2 4 111 13 44 2 22 41 28 68 3 5 33 8 50 28 124 2 6 57 18 70 1 15 30 3 6 25 7 31 21 40 3 9 133 16 89 25 89 2 22 53 28 36 2 10 21 14 15 3 1 136 2 52 30 148 2 12 12 28 2 3 16 37 19 33 29 53 2 11 54 30 26 3 9 175 13 81 15 78 3 21 111 29 136 30 20 2 14 312 24 66 1 15 52 2 6 213 18 209 3 8 117 28 205 29 59 3 8 310 21 104 26 90 3 4 117 7 47 16 27 2 20 100 25 64 3 7 339 17 97 20 83 3 9 80 13 57 15 111 2 22 57 25 101 2 16 143 23 49 3 4 52 15 61 24 44 3 9 110 23 113 25 106 3 8 155 15 32 30 26 3 5 142 16 220 26 258 2 6 16 27 8
35 3 8 174 28 152 29 144 3 1 259 2 97 30 144 2 2 37 26 27 2 3 236 21 176 2 4 111 13 44 2 22 41 28 68 3 5 33 8 50 28 124 2 6 57 18 70 1 15 30 3 6 25 7 31 21 40 3 9 133 16 89 25 89 2 22 53 28 36 2 10 21 14 15 3 1 136 2 52 30 148 2 12 12 28 2 3 16 37 19 33 29 53 2 11 54 30 26 3 9 175 13 81 15 78 3 21 111 29 136 30 20 2 14 312 24 66 1 15 52 2 6 213 18 209 3 8 117 28 205 29 59 3 8 310 21 104 26 90 3 4 117 7 47 16 27 2 20 100 25 64 3 7 339 17 97 20 83 3 9 80 13 57 15 111 2 22 57 25 101 2 16 143 23 49 3 4 52 15 61 24 44 3 9 110 23 113 25 106 3 8 155 15 32 30 26 3 5 142 16 220 26 258 2 6 16 27 8
35 3 8 174 28 152 29 144 3 1 259 2 97 30 144 2 2 37 26 27 2 3 236 21 176 2 4 111 13 44 2 22 41 28 68 3 5 33 8 50 28 124 2 6 57 18 70 1 15 30 3 6 25 7 31 21 40 3 9 133 16 89 25 89 2 22 53 28 36 2 10 21 14 15 3 1 136 2 52 30 148 2 12 12 28 2 3 16 37 19 33 29 53 2 11 54 30 26 3 9 175 13 81 15 78 3 21 111 29 136 30 20 2 14 312 24 66 1 15 52 2 6 213 18 209 3 8 117 28 205 29 59 3 8 310 21 104 26 90 3 4 117 7 47 16 27 2 20 100 25 64 3 7 339 17 97 20 83 3 9 80 13 57 15 111 2 22 57 25 101 2 16 143 23 49 3 4 52 15 61 24 44 3 9 110 23 113 25 106 3 8 155 15 32 30 26 3 5 142 16 220 26 258 2 6 16 27 8
35 3 8 32 28 124 29 88 3 1 322 2 201 30 277 2 2 26 26 12 2 3 78 21 134 2 4 31 13 156 2 22 30 28 28 3 5 104 8 113 28 20 2 6 37 18 61 1 15 89 3 6 21 7 12 21 21 3 9 75 16 196 25 126 2 22 56 28 38 2 10 12 14 42 3 1 278 2 151 30 258 2 12 11 28 15 3 16 98 19 91 29 50 2 11 32 30 34 3 9 79 13 91 15 119 3 21 91 29 30 30 141 2 14 112 24 159 1 15 20 2 6 176 18 91 3 8 102 28 159 29 109 3 8 183 21 92 26 216 3 4 118 7 101 16 52 2 20 111 25 58 3 7 278 17 249 20 216 3 9 96 13 178 15 136 2 22 29 25 20 2 16 26 23 117 3 4 29 15 55 24 10 3 9 96 23 77 25 33 3 8 134 15 109 30 100 3 5 178 16 213 26 133 2 6 15 27 9
35 3 8 32 28 124 29 88 3 1 322 2 201 30 277 2 2 26 26 12 2 3 78 21 134 2 4 31 13 156 2 22 30 28 28 3 5 104 8 113 28 20 2 6 37 18 61 1 15 89 3 6 21 7 12 21 21 3 9 75 16 196 25 126 2 22 56 28 38 2 10 12 14 42 3 1 278 2 151 30 258 2 12 11 28 15 3 16 98 19 91 29 50 2 11 32 30 34 3 9 79 13 91 15 119 3 21 91 29 30 30 141 2 14 112 24 159 1 15 20 2 6 176 18 91 3 8 102 28 159 29 109 3 8 183 21 92 26 216 3 4 118 7 101 16 52 2 20 111 25 58 3 7 278 17 249 20 216 3 9 96 13 178 15 136 2 22 29 25 20 2 16 26 23 117 3 4 29 15 55 24 10 3 9 96 23 77 25 33 3 8 134 15 109 30 100 3 5 178 16 213 26 133 2 6 15 27 9
34 3 1 188 2 183 30 321 2 2 25 26 60 2 6 39 27 31 2 3 196 21 70 2 4 77 13 101 3 5 113 8 60 28 44 2 6 78 18 140 2 6 50 18 88 3 8 168 15 203 30 199 3 6 19 7 21 21 20 3 8 78 28 192 29 116 3 9 78 13 79 15 39 2 16 77 23 84 3 9 126 16 210 25 43 2 11 9 30 32 2 10 72 14 58 2 6 168 18 127 2 22 153 25 137 2 12 8 28 12 2 14 123 24 131 3 5 143 8 66 28 153 1 15 85 3 4 161 7 101 16 96 3 7 135 17 72 20 170 2 20 79 25 113 3 9 108 23 118 25 101 3 16 44 19 84 29 105 2 16 135 23 58 3 8 208 21 235 26 77 3 5 252 16 220 26 120 3 21 118 29 57 30 102 3 4 36 15 54 24 34 2 2 19 26 8 2 22 12 28 22
34 3 1 188 2 183 30 321 2 2 25 26 60 2 6 39 27 31 2 3 196 21 70 2 4 77 13 101 3 5 113 8 60 28 44 2 6 78 18 140 2 6 50 18 88 3 8 168 15 203 30 199 3 6 19 7 21 21 20 3 8 78 28 192 29 116 3 9 78 13 79 15 39 2 16 77 23 84 3 9 126 16 210 25 43 2 11 9 30 32 2 10 72 14 58 2 6 168 18 127 2 22 153 25 137 2 12 8 28 12 2 14 123 24 131 3 5 143 8 66 28 153 1 15 85 3 4 161 7 101 16 96 3 7 135 17 72 20 170 2 20 79 25 113 3 9 108 23 118 25 101 3 16 44 19 84 29 105 2 16 135 23 58 3 8 208 21 235 26 77 3 5 252 16 220 26 120 3 21 118 29 57 30 102 3 4 36 15 54 24 34 2 2 19 26 8 2 22 12 28 22
34 3 1 188 2 183 30 321 2 2 25 26 60 2 6 39 27 31 2 3 196 21 70 2 4 77 13 101 3 5 113 8 60 28 44 2 6 78 18 140 2 6 50 18 88 3 8 168 15 203 30 199 3 6 19 7 21 21 20 3 8 78 28 192 29 116 3 9 78 13 79 15 39 2 16 77 23 84 3 9 126 16 210 25 43 2 11 9 30 32 2 10 72 14 58 2 6 168 18 127 2 22 153 25 137 2 12 8 28 12 2 14 123 24 131 3 5 143 8 66 28 153 1 15 85 3 4 161 7 101 16 96 3 7 135 17 72 20 170 2 20 79 25 113 3 9 108 23 118 25 101 3 16 44 19 84 29 105 2 16 135 23 58 3 8 208 21 235 26 77 3 5 252 16 220 26 120 3 21 118 29 57 30 102 3 4 36 15 54 24 34 2 2 19 26 8 2 22 12 28 22
40 3 1 59 2 44 30 244 2 2 18 26 36 2 11 60 30 66 3 1 113 2 237 30 213 3 21 139 29 28 30 33 2 22 84 25 112 2 3 115 21 61 2 6 59 18 111 2 4 28 13 111 3 5 43 8 52 28 19 3 4 11 15 31 24 43 1 15 97 2 4 47 13 125 2 6 76 18 102 3 6 31 7 27 21 36 3 8 116 28 54 29 54 3 9 197 16 147 25 199 3 1 94 2 102 30 152 2 10 15 14 76 2 6 80 18 63 2 12 12 28 8 3 7 75 17 244 20 236 3 9 29 13 140 15 47 2 10 77 14 15 3 16 47 19 64 29 30 2 12 4 28 11 2 14 160 24 339 3 5 56 8 62 28 94 2 20 87 25 61 3 1 91 2 220 30 119 3 4 102 7 158 16 135 3 1 45 2 197 30 65 3 9 64 23 54 25 80 2 16 149 23 69 2 4 83 13 139 3 8 101 21 237 26 166 3 5 240 16 256 26 208 2 6 46 27 42 2 22 18 28 58 3 8 160 15 140 30 23
40 3 1 59 2 44 30 244 2 2 18 26 36 2 11 60 30 66 3 1 113 2 237 30 213 3 21 139 29 28 30 33 2 22 84 25 112 2 3 115 21 61 2 6 59 18 111 2 4 28 13 111 3 5 43 8 52 28 19 3 4 11 15 31 24 43 1 15 97 2 4 47 13 125 2 6 76 18 102 3 6 31 7 27 21 36 3 8 116 28 54 29 54 3 9 197 16 147 25 199 3 1 94 2 102 30 152 2 10 15 14 76 2 6 80 18 63 2 12 12 28 8 3 7 75 17 244 20 236 3 9 29 13 140 15 47 2 10 77 14 15 3 16 47 19 64 29 30 2 12 4 28 11 2 14 160 24 339 3 5 56 8 62 28 94 2 20 87 25 61 3 1 91 2 220 30 119 3 4 102 7 158 16 135 3 1 45 2 197 30 65 3 9 64 23 54 25 80 2 16 149 23 69 2 4 83 13 139 3 8 101 21 237 26 166 3 5 240 16 256 26 208 2 6 46 27 42 2 22 18 28 58 3 8 160 15 140 30 23
40 3 1 59 2 44 30 244 2 2 18 26 36 2 11 60 30 66 3 1 113 2 237 30 213 3 21 139 29 28 30 33 2 22 84 25 112 2 3 115 21 61 2 6 59 18 111 2 4 28 13 111 3 5 43 8 52 28 19 3 4 11 15 31 24 43 1 15 97 2 4 47 13 125 2 6 76 18 102 3 6 31 7 27 21 36 3 8 116 28 54 29 54 3 9 197 16 147 25 199 3 1 94 2 102 30 152 2 10 15 14 76 2 6 80 18 63 2 12 12 28 8 3 7 75 17 244 20 236 3 9 29 13 140 15 47 2 10 77 14 15 3 16 47 19 64 29 30 2 12 4 28 11 2 14 160 24 339 3 5 56 8 62 28 94 2 20 87 25 61 3 1 91 2 220 30 119 3 4 102 7 158 16 135 3 1 45 2 197 30 65 3 9 64 23 54 25 80 2 16 149 23 69 2 4 83 13 139 3 8 101 21 237 26 166 3 5 240 16 256 26 208 2 6 46 27 42 2 22 18 28 58 3 8 160 15 140 30 23
37 2 6 34 18 64 3 1 137 2 157 30 270 2 2 54 26 36 2 16 89 23 18 3 7 186 17 138 20 177 2 10 72 14 14 2 3 264 21 185 2 4 83 13 61 3 5 202 16 92 26 99 2 2 29 26 29 3 5 105 8 151 28 57 2 6 83 18 32 2 2 38 26 21 3 8 180 21 78 26 276 3 6 42 7 36 21 40 3 8 29 28 205 29 78 3 9 119 16 124 25 155 2 14 123 24 301 3 8 182 28 84 29 88 2 11 36 30 28 2 12 9 28 2 3 4 96 7 92 16 175 3 9 163 13 42 15 87 2 14 58 24 118 1 15 38 3 16 94 19 14 29 98 2 22 69 28 42 2 6 26 27 17 2 20 34 25 48 2 22 104 25 55 1 15 49 3 4 53 15 30 24 47 3 8 132 28 165 29 191 3 9 91 23 55 25 112 2 11 59 30 24 3 21 141 29 25 30 151 3 8 202 15 184 30 144
36 3 1 93 2 180 30 194 2 2 10 26 58 3 1 295 2 206 30 245 3 8 112 21 302 26 56 2 2 25 26 25 2 10 57 14 34 2 3 199 21 208 3 7 303 17 54 20 239 3 6 17 7 34 21 43 2 16 81 23 102 2 4 61 13 119 3 5 150 8 79 28 49 2 6 88 18 15 2 12 15 28 13 2 16 73 23 103 3 8 99 28 98 29 63 3 9 56 16 111 25 78 2 6 97 18 85 2 6 17 27 45 2 11 35 30 8 3 5 126 16 256 26 142 3 16 19 19 29 29 69 3 9 100 13 32 15 61 2 22 56 28 20 2 14 265 24 194 2 22 26 25 152 1 15 82 3 4 183 7 58 16 55 2 14 179 24 194 3 9 90 23 84 25 45 2 6 183 18 75 2 20 26 25 96 3 4 52 15 42 24 59 3 21 113 29 69 30 33 3 5 119 8 143 28 20 3 8 190 15 52 30 82
36 3 1 93 2 180 30 194 2 2 10 26 58 3 1 295 2 206 30 245 3 8 112 21 302 26 56 2 2 25 26 25 2 10 57 14 34 2 3 199 21 208 3 7 303 17 54 20 239 3 6 17 7 34 21 43 2 16 81 23 102 2 4 61 13 119 3 5 150 8 79 28 49 2 6 88 18 15 2 12 15 28 13 2 16 73 23 103 3 8 99 28 98 29 63 3 9 56 16 111 25 78 2 6 97 18 85 2 6 17 27 45 2 11 35 30 8 3 5 126 16 256 26 142 3 16 19 19 29 29 69 3 9 100 13 32 15 61 2 22 56 28 20 2 14 265 24 194 2 22 26 25 152 1 15 82 3 4 183 7 58 16 55 2 14 179 24 194 3 9 90 23 84 25 45 2 6 183 18 75 2 20 26 25 96 3 4 52 15 42 24 59 3 21 113 29 69 30 33 3 5 119 8 143 28 20 3 8 190 15 52 30 82
36 3 1 304 2 114 30 136 2 2 49 26 38 3 1 184 2 48 30 240 3 8 85 21 110 26 305 2 2 22 26 37 2 10 51 14 61 2 3 218 21 101 3 7 85 17 143 20 142 3 6 43 7 37 21 43 2 16 44 23 151 2 4 39 13 70 3 5 44 8 147 28 133 2 6 71 18 45 2 12 10 28 7 2 16 92 23 50 3 8 146 28 127 29 35 3 9 116 16 158 25 171 2 6 90 18 15 2 6 25 27 33 2 11 19 30 23 3 5 80 16 88 26 84 3 16 31 19 68 29 61 3 9 82 13 67 15 180 2 22 59 28 44 2 14 174 24 230 2 22 102 25 80 1 15 13 3 4 78 7 167 16 169 2 14 49 24 137 3 9 77 23 64 25 28 2 6 71 18 162 2 20 38 25 86 3 4 11 15 15 24 54 3 21 98 29 103 30 122 3 5 52 8 26 28 72 3 8 152 15 125 30 173
36 1 15 40 3 1 57 2 139 30 45 2 2 30 26 35 2 3 146 21 137 2 4 113 13 164 3 5 21 8 125 28 82 3 1 231 2 37 30 181 2 6 30 18 28 3 6 46 7 41 21 6 2 22 34 25 127 3 8 78 28 185 29 104 3 9 195 16 108 25 142 2 10 77 14 70 2 11 41 30 15 3 9 194 16 153 25 57 2 12 2 28 7 2 20 44 25 46 2 12 5 28 12 3 9 63 13 58 15 74 2 14 119 24 290 3 4 126 7 66 16 155 3 7 110 17 226 20 249 2 22 67 25 117 2 16 50 23 68 2 6 207 18 151 3 21 37 29 90 30 25 2 11 15 30 58 3 9 14 23 114 25 59 2 6 21 27 20 3 16 91 19 80 29 107 3 4 23 15 53 24 41 3 8 258 21 241 26 193 3 5 242 16 122 26 48 2 22 42 28 13 2 12 2 28 4 3 8 156 15 103 30 158
36 1 15 40 3 1 57 2 139 30 45 2 2 30 26 35 2 3 146 21 137 2 4 113 13 164 3 5 21 8 125 28 82 3 1 231 2 37 30 181 2 6 30 18 28 3 6 46 7 41 21 6 2 22 34 25 127 3 8 78 28 185 29 104 3 9 195 16 108 25 142 2 10 77 14 70 2 11 41 30 15 3 9 194 16 153 25 57 2 12 2 28 7 2 20 44 25 46 2 12 5 28 12 3 9 63 13 58 15 74 2 14 119 24 290 3 4 126 7 66 16 155 3 7 110 17 226 20 249 2 22 67 25 117 2 16 50 23 68 2 6 207 18 151 3 21 37 29 90 30 25 2 11 15 30 58 3 9 14 23 114 25 59 2 6 21 27 20 3 16 91 19 80 29 107 3 4 23 15 53 24 41 3 8 258 21 241 26 193 3 5 242 16 122 26 48 2 22 42 28 13 2 12 2 28 4 3 8 156 15 103 30 158
37 2 6 227 18 72 3 1 146 2 185 30 241 2 2 10 26 53 2 16 79 23 152 3 7 275 17 276 20 248 2 10 72 14 14 2 3 171 21 259 2 4 121 13 85 3 5 191 16 96 26 74 2 2 35 26 46 3 5 91 8 38 28 66 2 6 32 18 82 2 2 16 26 56 3 8 307 21 276 26 307 3 6 32 7 5 21 44 3 8 127 28 202 29 158 3 9 223 16 71 25 161 2 14 264 24 232 3 8 122 28 83 29 207 2 11 12 30 34 2 12 15 28 3 3 4 107 7 163 16 75 3 9 136 13 62 15 160 2 14 245 24 264 1 15 28 3 16 53 19 79 29 94 2 22 20 28 44 2 6 34 27 30 2 20 64 25 99 2 22 66 25 44 1 15 47 3 4 60 15 59 24 52 3 8 122 28 68 29 193 3 9 53 23 83 25 61 2 11 58 30 64 3 21 22 29 106 30 74 3 8 91 15 143 30 210
33 3 1 173 2 164 30 277 2 2 41 26 25 2 4 50 13 116 2 3 72 21 56 2 2 51 26 27 2 11 15 30 30 3 5 98 8 102 28 70 2 6 16 18 74 3 5 169 16 106 26 46 3 9 147 13 159 15 90 2 4 133 13 55 2 20 33 25 54 3 6 26 7 23 21 18 3 8 133 15 173 30 206 3 8 150 28 76 29 53 3 9 134 16 179 25 128 3 4 144 7 69 16 165 2 16 143 23 72 2 22 25 28 39 2 10 17 14 53 2 12 7 28 12 2 11 13 30 21 2 14 328 24 193 1 15 86 3 7 185 17 294 20 149 2 6 8 27 25 2 6 218 18 230 3 4 51 15 34 24 27 3 16 47 19 59 29 32 3 8 284 21 148 26 168 2 22 69 25 88 3 9 86 23 66 25 89 3 21 90 29 62 30 96
39 3 1 151 2 294 30 44 2 2 23 26 54 2 3 74 21 249 2 22 64 25 142 3 4 29 15 31 24 47 2 4 163 13 40 2 6 36 18 93 3 1 90 2 185 30 54 3 5 77 8 78 28 22 2 22 104 25 50 3 6 28 7 20 21 30 3 8 54 28 107 29 187 3 9 113 16 164 25 218 2 10 52 14 49 2 11 39 30 34 2 6 42 18 238 2 20 43 25 77 2 4 121 13 156 2 12 13 28 2 3 9 174 13 142 15 174 1 15 37 2 12 12 28 2 3 16 23 19 50 29 84 3 9 164 13 54 15 61 3 5 77 16 71 26 42 2 14 92 24 327 3 4 51 7 176 16 144 2 14 321 24 79 3 7 332 17 214 20 188 3 8 57 21 301 26 226 2 16 83 23 41 2 12 2 28 3 3 9 59 23 21 25 30 2 6 45 27 20 2 22 19 28 22 3 4 48 15 47 24 30 3 21 105 29 131 30 94 2 3 172 21 128 3 8 184 15 178 30 186
39 3 1 151 2 294 30 44 2 2 23 26 54 2 3 74 21 249 2 22 64 25 142 3 4 29 15 31 24 47 2 4 163 13 40 2 6 36 18 93 3 1 90 2 185 30 54 3 5 77 8 78 28 22 2 22 104 25 50 3 6 28 7 20 21 30 3 8 54 28 107 29 187 3 9 113 16 164 25 218 2 10 52 14 49 2 11 39 30 34 2 6 42 18 238 2 20 43 25 77 2 4 121 13 156 2 12 13 28 2 3 9 174 13 142 15 174 1 15 37 2 12 12 28 2 3 16 23 19 50 29 84 3 9 164 13 54 15 61 3 5 77 16 71 26 42 2 14 92 24 327 3 4 51 7 176 16 144 2 14 321 24 79 3 7 332 17 214 20 188 3 8 57 21 301 26 226 2 16 83 23 41 2 12 2 28 3 3 9 59 23 21 25 30 2 6 45 27 20 2 22 19 28 22 3 4 48 15 47 24 30 3 21 105 29 131 30 94 2 3 172 21 128 3 8 184 15 178 30 186
39 3 1 151 2 294 30 44 2 2 23 26 54 2 3 74 21 249 2 22 64 25 142 3 4 29 15 31 24 47 2 4 163 13 40 2 6 36 18 93 3 1 90 2 185 30 54 3 5 77 8 78 28 22 2 22 104 25 50 3 6 28 7 20 21 30 3 8 54 28 107 29 187 3 9 113 16 164 25 218 2 10 52 14 49 2 11 39 30 34 2 6 42 18 238 2 20 43 25 77 2 4 121 13 156 2 12 13 28 2 3 9 174 13 142 15 174 1 15 37 2 12 12 28 2 3 16 23 19 50 29 84 3 9 164 13 54 15 61 3 5 77 16 71 26 42 2 14 92 24 327 3 4 51 7 176 16 144 2 14 321 24 79 3 7 332 17 214 20 188 3 8 57 21 301 26 226 2 16 83 23 41 2 12 2 28 3 3 9 59 23 21 25 30 2 6 45 27 20 2 22 19 28 22 3 4 48 15 47 24 30 3 21 105 29 131 30 94 2 3 172 21 128 3 8 184 15 178 30 186
32 3 1 97 2 274 30 259 2 2 9 26 29 2 12 15 28 5 2 11 43 30 22 2 3 85 21 186 2 4 161 13 90 3 5 64 8 140 28 20 3 4 38 15 43 24 11 2 6 58 18 26 3 8 190 15 87 30 61 2 6 121 18 159 3 6 24 7 14 21 33 2 22 30 28 40 3 5 145 16 32 26 265 3 8 27 28 55 29 60 3 9 89 16 165 25 215 2 10 28 14 77 1 15 85 3 9 138 13 74 15 67 2 14 266 24 240 3 5 124 8 54 28 114 3 4 108 7 79 16 64 3 9 111 23 81 25 31 3 8 63 28 34 29 165 3 7 333 17 230 20 68 3 16 47 19 71 29 80 2 20 112 25 26 2 6 5 27 36 3 8 296 21 55 26 123 2 22 83 25 80 3 21 73 29 89 30 55 2 16 65 23 117
32 3 1 97 2 274 30 259 2 2 9 26 29 2 12 15 28 5 2 11 43 30 22 2 3 85 21 186 2 4 161 13 90 3 5 64 8 140 28 20 3 4 38 15 43 24 11 2 6 58 18 26 3 8 190 15 87 30 61 2 6 121 18 159 3 6 24 7 14 21 33 2 22 30 28 40 3 5 145 16 32 26 265 3 8 27 28 55 29 60 3 9 89 16 165 25 215 2 10 28 14 77 1 15 85 3 9 138 13 74 15 67 2 14 266 24 240 3 5 124 8 54 28 114 3 4 108 7 79 16 64 3 9 111 23 81 25 31 3 8 63 28 34 29 165 3 7 333 17 230 20 68 3 16 47 19 71 29 80 2 20 112 25 26 2 6 5 27 36 3 8 296 21 55 26 123 2 22 83 25 80 3 21 73 29 89 30 55 2 16 65 23 117
31 3 8 204 21 161 26 180 2 20 36 25 45 3 4 41 7 92 16 70 3 1 228 2 205 30 247 2 2 50 26 47 2 3 153 21 186 3 8 47 28 191 29 163 2 4 59 13 169 3 5 136 8 150 28 48 3 5 192 16 104 26 127 3 9 164 13 159 15 115 2 6 93 18 99 3 4 14 15 37 24 15 3 6 17 7 9 21 41 3 16 99 19 30 29 48 3 9 222 16 154 25 214 2 22 29 28 44 2 10 13 14 10 2 11 36 30 42 3 21 106 29 24 30 82 2 12 11 28 9 2 14 128 24 301 3 7 275 17 86 20 213 1 15 52 2 6 60 18 167 3 8 198 15 62 30 87 3 8 133 28 46 29 86 2 22 48 25 82 2 16 147 23 17 3 9 61 23 38 25 13 2 6 44 27 8
31 3 8 149 21 300 26 47 2 20 108 25 72 3 4 163 7 80 16 24 3 1 189 2 261 30 124 2 2 24 26 36 2 3 216 21 197 3 8 140 28 68 29 191 2 4 88 13 116 3 5 63 8 70 28 126 3 5 193 16 203 26 188 3 9 109 13 46 15 148 2 6 77 18 47 3 4 20 15 35 24 16 3 6 42 7 27 21 6 3 16 31 19 38 29 45 3 9 196 16 96 25 112 2 22 43 28 19 2 10 58 14 63 2 11 63 30 37 3 21 26 29 81 30 92 2 12 12 28 7 2 14 283 24 112 3 7 301 17 333 20 91 1 15 83 2 6 107 18 28 3 8 45 15 159 30 51 3 8 194 28 55 29 183 2 22 128 25 154 2 16 144 23 152 3 9 69 23 96 25 65 2 6 19 27 24
31 3 8 149 21 300 26 47 2 20 108 25 72 3 4 163 7 80 16 24 3 1 189 2 261 30 124 2 2 24 26 36 2 3 216 21 197 3 8 140 28 68 29 191 2 4 88 13 116 3 5 63 8 70 28 126 3 5 193 16 203 26 188 3 9 109 13 46 15 148 2 6 77 18 47 3 4 20 15 35 24 16 3 6 42 7 27 21 6 3 16 31 19 38 29 45 3 9 196 16 96 25 112 2 22 43 28 19 2 10 58 14 63 2 11 63 30 37 3 21 26 29 81 30 92 2 12 12 28 7 2 14 283 24 112 3 7 301 17 333 20 91 1 15 83 2 6 107 18 28 3 8 45 15 159 30 51 3 8 194 28 55 29 183 2 22 128 25 154 2 16 144 23 152 3 9 69 23 96 25 65 2 6 19 27 24
35 3 8 203 21 306 26 46 3 1 57 2 119 30 147 2 6 28 18 99 2 2 24 26 32 2 3 37 21 257 2 4 35 13 75 3 5 47 8 132 28 42 3 6 16 7 29 21 28 3 8 207 28 78 29 42 3 16 38 19 92 29 97 3 9 16 23 15 25 44 3 9 152 16 66 25 187 3 8 168 28 196 29 49 2 10 56 14 33 2 12 11 28 12 3 16 33 19 39 29 57 2 11 9 30 58 3 8 28 15 134 30 170 3 9 183 13 162 15 135 3 21 23 29 95 30 141 2 2 43 26 14 3 7 322 17 158 20 100 2 14 228 24 81 1 15 27 3 1 225 2 206 30 249 3 4 93 7 46 16 125 2 6 187 18 164 2 20 82 25 52 3 5 132 16 211 26 179 2 22 56 25 103 2 22 65 28 18 2 16 43 23 71 3 4 13 15 49 24 34 2 10 28 14 71 2 6 23 27 7
36 1 15 62 3 1 263 2 61 30 288 2 2 42 26 55 2 3 261 21 234 2 4 35 13 38 3 5 31 8 96 28 107 3 1 104 2 309 30 69 2 6 56 18 88 3 6 40 7 43 21 32 2 22 156 25 92 3 8 93 28 110 29 37 3 9 88 16 181 25 55 2 10 62 14 65 2 11 12 30 68 3 9 77 16 28 25 126 2 12 8 28 4 2 20 77 25 95 2 12 2 28 9 3 9 61 13 161 15 117 2 14 183 24 191 3 4 84 7 22 16 113 3 7 98 17 202 20 278 2 22 95 25 98 2 16 123 23 148 2 6 69 18 196 3 21 34 29 131 30 147 2 11 14 30 63 3 9 26 23 105 25 116 2 6 30 27 11 3 16 107 19 45 29 101 3 4 41 15 50 24 36 3 8 70 21 213 26 280 3 5 89 16 252 26 151 2 22 29 28 21 2 12 13 28 9 3 8 177 15 88 30 97
36 1 15 62 3 1 263 2 61 30 288 2 2 42 26 55 2 3 261 21 234 2 4 35 13 38 3 5 31 8 96 28 107 3 1 104 2 309 30 69 2 6 56 18 88 3 6 40 7 43 21 32 2 22 156 25 92 3 8 93 28 110 29 37 3 9 88 16 181 25 55 2 10 62 14 65 2 11 12 30 68 3 9 77 16 28 25 126 2 12 8 28 4 2 20 77 25 95 2 12 2 28 9 3 9 61 13 161 15 117 2 14 183 24 191 3 4 84 7 22 16 113 3 7 98 17 202 20 278 2 22 95 25 98 2 16 123 23 148 2 6 69 18 196 3 21 34 29 131 30 147 2 11 14 30 63 3 9 26 23 105 25 116 2 6 30 27 11 3 16 107 19 45 29 101 3 4 41 15 50 24 36 3 8 70 21 213 26 280 3 5 89 16 252 26 151 2 22 29 28 21 2 12 13 28 9 3 8 177 15 88 30 97
36 1 15 62 3 1 263 2 61 30 288 2 2 42 26 55 2 3 261 21 234 2 4 35 13 38 3 5 31 8 96 28 107 3 1 104 2 309 30 69 2 6 56 18 88 3 6 40 7 43 21 32 2 22 156 25 92 3 8 93 28 110 29 37 3 9 88 16 181 25 55 2 10 62 14 65 2 11 12 30 68 3 9 77 16 28 25 126 2 12 8 28 4 2 20 77 25 95 2 12 2 28 9 3 9 61 13 161 15 117 2 14 183 24 191 3 4 84 7 22 16 113 3 7 98 17 202 20 278 2 22 95 25 98 2 16 123 23 148 2 6 69 18 196 3 21 34 29 131 30 147 2 11 14 30 63 3 9 26 23 105 25 116 2 6 30 27 11 3 16 107 19 45 29 101 3 4 41 15 50 24 36 3 8 70 21 213 26 280 3 5 89 16 252 26 151 2 22 29 28 21 2 12 13 28 9 3 8 177 15 88 30 97
36 1 15 57 3 1 64 2 210 30 318 2 2 37 26 25 2 3 156 21 108 2 4 114 13 100 3 5 90 8 90 28 124 3 1 155 2 175 30 217 2 6 29 18 83 3 6 15 7 46 21 29 2 22 33 25 93 3 8 125 28 210 29 190 3 9 71 16 56 25 158 2 10 9 14 78 2 11 62 30 43 3 9 168 16 163 25 220 2 12 10 28 3 2 20 111 25 106 2 12 15 28 8 3 9 141 13 146 15 56 2 14 289 24 295 3 4 130 7 35 16 107 3 7 332 17 47 20 170 2 22 160 25 71 2 16 132 23 118 2 6 186 18 169 3 21 142 29 36 30 123 2 11 31 30 19 3 9 35 23 82 25 37 2 6 44 27 19 3 16 46 19 57 29 96 3 4 34 15 59 24 21 3 8 63 21 271 26 103 3 5 105 16 71 26 34 2 22 53 28 65 2 12 2 28 12 3 8 100 15 89 30 200
36 1 15 57 3 1 64 2 210 30 318 2 2 37 26 25 2 3 156 21 108 2 4 114 13 100 3 5 90 8 90 28 124 3 1 155 2 175 30 217 2 6 29 18 83 3 6 15 7 46 21 29 2 22 33 25 93 3 8 125 28 210 29 190 3 9 71 16 56 25 158 2 10 9 14 78 2 11 62 30 43 3 9 168 16 163 25 220 2 12 10 28 3 2 20 111 25 106 2 12 15 28 8 3 9 141 13 146 15 56 2 14 289 24 295 3 4 130 7 35 16 107 3 7 332 17 47 20 170 2 22 160 25 71 2 16 132 23 118 2 6 186 18 169 3 21 142 29 36 30 123 2 11 31 30 19 3 9 35 23 82 25 37 2 6 44 27 19 3 16 46 19 57 29 96 3 4 34 15 59 24 21 3 8 63 21 271 26 103 3 5 105 16 71 26 34 2 22 53 28 65 2 12 2 28 12 3 8 100 15 89 30 200
36 1 15 57 3 1 64 2 210 30 318 2 2 37 26 25 2 3 156 21 108 2 4 114 13 100 3 5 90 8 90 28 124 3 1 155 2 175 30 217 2 6 29 18 83 3 6 15 7 46 21 29 2 22 33 25 93 3 8 125 28 210 29 190 3 9 71 16 56 25 158 2 10 9 14 78 2 11 62 30 43 3 9 168 16 163 25 220 2 12 10 28 3 2 20 111 25 106 2 12 15 28 8 3 9 141 13 146 15 56 2 14 289 24 295 3 4 130 7 35 16 107 3 7 332 17 47 20 170 2 22 160 25 71 2 16 132 23 118 2 6 186 18 169 3 21 142 29 36 30 123 2 11 31 30 19 3 9 35 23 82 25 37 2 6 44 27 19 3 16 46 19 57 29 96 3 4 34 15 59 24 21 3 8 63 21 271 26 103 3 5 105 16 71 26 34 2 22 53 28 65 2 12 2 28 12 3 8 100 15 89 30 200
40 3 1 58 2 216 30 151 2 3 72 21 206 2 6 57 18 29 2 2 20 26 45 3 1 322 2 154 30 304 2 4 175 13 80 3 5 66 8 81 28 106 3 1 118 2 107 30 176 3 6 21 7 43 21 9 2 2 27 26 34 3 8 210 28 160 29 212 2 10 22 14 31 3 5 95 8 101 28 46 1 15 76 3 1 161 2 225 30 282 2 16 129 23 41 3 9 137 16 71 25 221 3 8 138 21 201 26 290 3 21 69 29 136 30 95 2 2 24 26 39 2 11 52 30 64 3 6 26 7 16 21 26 2 12 11 28 7 3 9 111 13 47 15 136 2 14 128 24 101 3 5 28 8 86 28 26 3 4 143 7 64 16 108 3 9 94 23 67 25 98 3 8 186 28 183 29 52 2 6 37 18 85 3 7 251 17 95 20 223 3 16 107 19 88 29 33 3 21 153 29 21 30 86 2 20 23 25 27 2 22 48 25 41 3 4 14 15 53 24 45 3 5 181 16 90 26 75 2 6 23 27 10 2 22 60 28 19 3 8 155 15 162 30 119
39 3 1 261 2 260 30 294 2 2 20 26 18 2 3 163 21 166 2 22 72 25 153 3 4 53 15 39 24 20 2 4 110 13 130 2 6 51 18 101 3 1 115 2 226 30 243 3 5 76 8 91 28 108 2 22 77 25 143 3 6 33 7 37 21 31 3 8 84 28 56 29 151 3 9 156 16 126 25 218 2 10 18 14 12 2 11 58 30 55 2 6 88 18 132 2 20 112 25 31 2 4 27 13 40 2 12 4 28 14 3 9 87 13 168 15 114 1 15 31 2 12 11 28 6 3 16 62 19 100 29 35 3 9 133 13 58 15 65 3 5 139 16 89 26 182 2 14 249 24 112 3 4 72 7 56 16 42 2 14 281 24 231 3 7 128 17 159 20 172 3 8 171 21 110 26 141 2 16 128 23 148 2 12 14 28 5 3 9 50 23 102 25 67 2 6 15 27 24 2 22 16 28 66 3 4 49 15 20 24 20 3 21 127 29 134 30 34 2 3 186 21 98 3 8 189 15 144 30 174
39 3 1 261 2 260 30 294 2 2 20 26 18 2 3 163 21 166 2 22 72 25 153 3 4 53 15 39 24 20 2 4 110 13 130 2 6 51 18 101 3 1 115 2 226 30 243 3 5 76 8 91 28 108 2 22 77 25 143 3 6 33 7 37 21 31 3 8 84 28 56 29 151 3 9 156 16 126 25 218 2 10 18 14 12 2 11 58 30 55 2 6 88 18 132 2 20 112 25 31 2 4 27 13 40 2 12 4 28 14 3 9 87 13 168 15 114 1 15 31 2 12 11 28 6 3 16 62 19 100 29 35 3 9 133 13 58 15 65 3 5 139 16 89 26 182 2 14 249 24 112 3 4 72 7 56 16 42 2 14 281 24 231 3 7 128 17 159 20 172 3 8 171 21 110 26 141 2 16 128 23 148 2 12 14 28 5 3 9 50 23 102 25 67 2 6 15 27 24 2 22 16 28 66 3 4 49 15 20 24 20 3 21 127 29 134 30 34 2 3 186 21 98 3 8 189 15 144 30 174
35 3 1 238 2 212 30 254 3 7 148 17 153 20 342 2 2 21 26 7 2 3 31 21 195 2 4 46 13 61 3 5 103 8 21 28 77 2 22 50 25 168 2 6 29 18 14 3 6 25 7 40 21 20 3 8 193 28 101 29 107 2 3 208 21 175 3 9 94 16 211 25 184 2 10 46 14 12 3 4 177 7 154 16 58 3 4 62 15 31 24 40 3 7 267 17 185 20 259 2 14 41 24 203 3 9 138 13 129 15 89 2 11 22 30 23 2 16 76 23 57 2 12 13 28 4 1 15 42 3 8 90 28 152 29 96 2 6 111 18 154 3 16 66 19 69 29 59 2 20 44 25 52 3 5 260 16 132 26 41 3 8 311 21 75 26 51 3 9 81 23 28 25 22 2 6 27 27 39 2 6 38 18 67 2 22 57 28 41 2 6 36 18 219 3 21 49 29 91 30 102 3 8 162 15 78 30 88
35 3 1 238 2 212 30 254 3 7 148 17 153 20 342 2 2 21 26 7 2 3 31 21 195 2 4 46 13 61 3 5 103 8 21 28 77 2 22 50 25 168 2 6 29 18 14 3 6 25 7 40 21 20 3 8 193 28 101 29 107 2 3 208 21 175 3 9 94 16 211 25 184 2 10 46 14 12 3 4 177 7 154 16 58 3 4 62 15 31 24 40 3 7 267 17 185 20 259 2 14 41 24 203 3 9 138 13 129 15 89 2 11 22 30 23 2 16 76 23 57 2 12 13 28 4 1 15 42 3 8 90 28 152 29 96 2 6 111 18 154 3 16 66 19 69 29 59 2 20 44 25 52 3 5 260 16 132 26 41 3 8 311 21 75 26 51 3 9 81 23 28 25 22 2 6 27 27 39 2 6 38 18 67 2 22 57 28 41 2 6 36 18 219 3 21 49 29 91 30 102 3 8 162 15 78 30 88
37 2 6 41 18 57 3 1 196 2 297 30 45 2 2 24 26 23 2 16 43 23 119 3 7 170 17 57 20 131 2 10 18 14 41 2 3 195 21 31 2 4 49 13 99 3 5 87 16 239 26 126 2 2 7 26 49 3 5 98 8 86 28 104 2 6 41 18 22 2 2 50 26 37 3 8 128 21 289 26 230 3 6 9 7 18 21 29 3 8 87 28 91 29 86 3 9 85 16 198 25 135 2 14 240 24 255 3 8 215 28 66 29 183 2 11 23 30 36 2 12 4 28 1 3 4 32 7 93 16 26 3 9 119 13 116 15 124 2 14 273 24 75 1 15 78 3 16 31 19 69 29 95 2 22 56 28 22 2 6 43 27 37 2 20 47 25 55 2 22 20 25 40 1 15 66 3 4 38 15 57 24 7 3 8 126 28 73 29 59 3 9 51 23 89 25 97 2 11 52 30 55 3 21 81 29 22 30 144 3 8 27 15 151 30 164
35 3 1 251 2 41 30 287 3 7 89 17 226 20 70 2 2 50 26 25 2 3 116 21 255 2 4 156 13 167 3 5 113 8 30 28 151 2 22 126 25 56 2 6 43 18 35 3 6 32 7 36 21 36 3 8 205 28 164 29 94 2 3 258 21 64 3 9 67 16 188 25 43 2 10 75 14 49 3 4 79 7 156 16 154 3 4 57 15 58 24 28 3 7 145 17 257 20 94 2 14 320 24 283 3 9 51 13 154 15 160 2 11 13 30 53 2 16 17 23 146 2 12 14 28 4 1 15 50 3 8 196 28 203 29 73 2 6 154 18 195 3 16 17 19 36 29 49 2 20 20 25 77 3 5 159 16 82 26 46 3 8 147 21 161 26 278 3 9 120 23 110 25 103 2 6 11 27 46 2 6 96 18 42 2 22 47 28 52 2 6 195 18 85 3 21 145 29 25 30 49 3 8 173 15 166 30 60
35 3 9 122 16 76 25 87 3 1 255 2 266 30 175 2 2 51 26 26 3 1 188 2 113 30 58 2 3 249 21 53 2 4 116 13 89 3 5 109 8 43 28 120 2 12 6 28 11 2 6 95 18 76 3 6 28 7 43 21 36 3 8 191 28 178 29 27 2 22 11 28 64 3 9 159 13 53 15 166 2 22 17 28 23 2 6 14 27 25 2 10 60 14 35 3 4 179 7 72 16 85 2 11 53 30 64 3 21 62 29 115 30 42 3 8 186 28 112 29 219 2 14 339 24 48 1 15 85 3 7 52 17 95 20 264 2 6 52 18 95 3 16 106 19 30 29 60 2 20 93 25 102 3 8 277 21 260 26 161 2 22 70 25 95 3 5 62 8 131 28 139 2 16 149 23 111 2 6 36 18 50 3 4 43 15 61 24 22 3 9 28 23 103 25 48 3 5 168 16 31 26 193 3 8 174 15 165 30 85
36 3 1 156 2 301 30 94 2 2 8 26 8 3 1 130 2 217 30 39 3 8 72 21 107 26 81 2 2 17 26 22 2 10 31 14 65 2 3 36 21 184 3 7 226 17 300 20 314 3 6 14 7 12 21 45 2 16 152 23 79 2 4 147 13 75 3 5 72 8 110 28 46 2 6 78 18 29 2 12 13 28 12 2 16 119 23 136 3 8 115 28 129 29 82 3 9 105 16 188 25 102 2 6 74 18 87 2 6 25 27 14 2 11 65 30 66 3 5 244 16 130 26 69 3 16 21 19 98 29 52 3 9 42 13 25 15 43 2 22 53 28 8 2 14 76 24 272 2 22 49 25 50 1 15 13 3 4 114 7 75 16 101 2 14 262 24 39 3 9 18 23 88 25 114 2 6 170 18 57 2 20 115 25 45 3 4 51 15 22 24 61 3 21 139 29 26 30 101 3 5 138 8 80 28 78 3 8 176 15 124 30 158
32 3 1 40 2 86 30 300 2 2 33 26 50 2 12 11 28 6 2 11 41 30 56 2 3 36 21 217 2 4 22 13 168 3 5 22 8 81 28 125 3 4 54 15 56 24 7 2 6 94 18 48 3 8 208 15 120 30 188 2 6 215 18 233 3 6 31 7 19 21 46 2 22 28 28 39 3 5 234 16 253 26 179 3 8 211 28 97 29 207 3 9 125 16 170 25 77 2 10 11 14 64 1 15 84 3 9 99 13 173 15 67 2 14 195 24 321 3 5 44 8 139 28 19 3 4 93 7 110 16 146 3 9 31 23 88 25 42 3 8 176 28 49 29 181 3 7 152 17 139 20 325 3 16 49 19 100 29 96 2 20 113 25 56 2 6 11 27 14 3 8 220 21 236 26 243 2 22 75 25 78 3 21 129 29 58 30 140 2 16 75 23 70
35 3 9 209 16 190 25 105 3 1 257 2 318 30 138 2 2 27 26 52 3 1 180 2 315 30 82 2 3 224 21 144 2 4 137 13 117 3 5 37 8 151 28 86 2 12 11 28 3 2 6 60 18 52 3 6 15 7 25 21 37 3 8 158 28 143 29 170 2 22 71 28 69 3 9 26 13 89 15 148 2 22 39 28 26 2 6 40 27 36 2 10 37 14 59 3 4 51 7 30 16 51 2 11 16 30 54 3 21 33 29 98 30 43 3 8 85 28 149 29 175 2 14 206 24 223 1 15 74 3 7 90 17 108 20 66 2 6 100 18 50 3 16 67 19 18 29 35 2 20 90 25 39 3 8 257 21 202 26 67 2 22 145 25 34 3 5 50 8 43 28 142 2 16 59 23 100 2 6 80 18 193 3 4 34 15 36 24 53 3 9 57 23 54 25 79 3 5 84 16 204 26 269 3 8 54 15 174 30 158
35 3 8 102 21 220 26 221 3 1 91 2 79 30 52 2 6 72 18 34 2 2 44 26 14 2 3 195 21 189 2 4 68 13 28 3 5 70 8 89 28 22 3 6 40 7 43 21 46 3 8 45 28 196 29 196 3 16 78 19 12 29 61 3 9 40 23 116 25 15 3 9 76 16 190 25 215 3 8 106 28 122 29 92 2 10 24 14 19 2 12 10 28 2 3 16 21 19 102 29 75 2 11 65 30 66 3 8 143 15 182 30 103 3 9 164 13 40 15 105 3 21 94 29 66 30 95 2 2 31 26 40 3 7 64 17 320 20 42 2 14 267 24 176 1 15 26 3 1 311 2 227 30 316 3 4 127 7 165 16 108 2 6 88 18 178 2 20 108 25 38 3 5 174 16 247 26 37 2 22 136 25 121 2 22 39 28 44 2 16 148 23 67 3 4 13 15 57 24 20 2 10 61 14 70 2 6 19 27 19
30 3 1 111 2 60 30 285 2 16 151 23 154 2 2 45 26 55 2 3 38 21 148 2 4 168 13 99 3 5 98 8 23 28 60 2 6 86 18 50 2 20 60 25 80 3 6 43 7 40 21 26 3 7 195 17 149 20 266 3 8 69 28 122 29 113 3 9 58 16 98 25 27 3 9 80 23 63 25 82 2 10 16 14 9 2 11 11 30 13 2 12 10 28 12 3 9 152 13 23 15 165 3 21 79 29 116 30 19 2 14 155 24 243 3 8 132 21 95 26 212 1 15 44 3 16 45 19 85 29 82 2 6 204 18 159 3 8 204 15 27 30 206 3 4 149 7 71 16 43 2 22 96 25 119 3 4 50 15 26 24 10 2 6 39 27 8 3 5 121 16 124 26 50 2 22 41 28 11
30 3 1 272 2 279 30 219 2 16 82 23 105 2 2 18 26 37 2 3 65 21 46 2 4 149 13 152 3 5 32 8 34 28 22 2 6 45 18 62 2 20 16 25 92 3 6 13 7 40 21 6 3 7 157 17 323 20 272 3 8 146 28 25 29 143 3 9 151 16 154 25 80 3 9 97 23 81 25 29 2 10 60 14 70 2 11 64 30 64 2 12 13 28 15 3 9 109 13 156 15 57 3 21 20 29 56 30 23 2 14 309 24 238 3 8 265 21 260 26 287 1 15 93 3 16 40 19 31 29 28 2 6 145 18 94 3 8 151 15 66 30 44 3 4 101 7 151 16 153 2 22 52 25 130 3 4 46 15 10 24 36 2 6 41 27 36 3 5 154 16 31 26 115 2 22 35 28 65
DUE_DATES: 4997 4997 5747 5747 5747 5707 5707 5821 5821 5821 6542 6542 6542 5855 6100 6100 5547 5540 5540 6859 5408 6549 6549 6549 5226 5226 5214 5509 5509 5454 5958 5958 5958 6148 6148 6148 6589 6668 6668 5885 5885 5474 6573 6018 5689 5992 5995 5843 4689 5157
WEIGHTS: 1 2 3 2 2 3 2 2 2 3 3 3 3 2 3 3 2 3 2 1 2 2 1 3 3 3 2 1 1 1 3 1 3 3 3 3 1 3 2 2 1 3 3 1 2 3 2 3 1 2
