50 30
36 1 1 273 3 1 25 2 66 25 47 1 1 136 3 22 33 26 18 29 29 2 8 114 10 82 2 2 69 3 66 2 8 134 10 79 3 9 21 12 26 15 21 3 6 132 16 34 27 157 3 4 232 5 55 19 178 2 5 134 13 101 3 6 31 8 15 16 10 2 7 147 29 39 2 9 45 30 87 3 22 49 26 80 29 29 2 15 42 28 176 2 8 112 10 139 3 2 27 11 46 26 19 3 11 44 13 74 20 21 2 25 106 26 54 3 13 22 21 161 29 43 2 8 115 10 79 3 6 113 13 183 14 131 3 2 9 8 8 30 17 4 14 14 16 55 17 23 24 65 3 11 30 14 22 23 20 3 2 59 17 32 20 75 2 9 238 17 160 2 1 70 18 112 3 13 174 15 35 19 65 2 8 111 10 21 2 24 77 25 119 2 15 47 22 80 2 1 192 28 65 3 6 100 16 79 27 89 2 7 67 26 82
38 1 1 302 3 1 22 2 38 25 63 3 2 14 8 15 30 17 1 1 191 2 2 84 3 58 2 7 72 26 11 2 9 35 30 87 2 1 55 28 198 2 7 67 26 22 3 4 79 5 228 19 170 2 9 147 30 154 2 5 144 13 33 1 1 58 3 6 19 8 13 16 22 2 7 38 29 80 3 2 35 17 31 20 69 2 8 30 10 120 2 8 159 10 90 3 2 66 11 93 26 61 3 13 40 21 60 29 82 2 24 116 25 21 3 4 72 5 181 19 246 3 9 42 12 34 15 15 2 9 231 17 175 3 11 61 13 119 20 66 3 6 155 13 71 14 148 2 15 265 28 52 4 14 37 16 43 17 22 24 48 3 6 24 16 138 27 132 2 7 30 26 62 3 13 55 15 34 19 207 2 2 48 3 27 2 1 89 18 24 3 13 31 21 124 29 141 2 15 125 22 80 3 11 22 14 14 23 14 3 22 55 26 89 29 81 2 25 44 26 197
38 1 1 302 3 1 22 2 38 25 63 3 2 14 8 15 30 17 1 1 191 2 2 84 3 58 2 7 72 26 11 2 9 35 30 87 2 1 55 28 198 2 7 67 26 22 3 4 79 5 228 19 170 2 9 147 30 154 2 5 144 13 33 1 1 58 3 6 19 8 13 16 22 2 7 38 29 80 3 2 35 17 31 20 69 2 8 30 10 120 2 8 159 10 90 3 2 66 11 93 26 61 3 13 40 21 60 29 82 2 24 116 25 21 3 4 72 5 181 19 246 3 9 42 12 34 15 15 2 9 231 17 175 3 11 61 13 119 20 66 3 6 155 13 71 14 148 2 15 265 28 52 4 14 37 16 43 17 22 24 48 3 6 24 16 138 27 132 2 7 30 26 62 3 13 55 15 34 19 207 2 2 48 3 27 2 1 89 18 24 3 13 31 21 124 29 141 2 15 125 22 80 3 11 22 14 14 23 14 3 22 55 26 89 29 81 2 25 44 26 197
37 2 7 42 26 53 1 1 201 2 7 80 26 29 3 1 48 2 57 25 15 2 7 27 26 62 3 13 21 21 150 29 83 3 13 128 15 202 19 176 2 5 56 13 107 2 2 11 3 68 3 1 75 2 20 25 29 3 4 200 5 49 19 100 3 6 17 8 3 16 19 2 7 52 29 131 3 2 75 17 72 20 33 2 8 79 10 20 1 1 91 2 9 198 30 173 2 8 91 10 80 3 2 97 11 12 26 54 3 9 36 12 10 15 15 1 1 268 3 11 117 13 53 20 88 3 13 171 21 36 29 119 3 11 5 14 9 23 27 3 6 220 13 166 14 181 2 1 30 28 188 3 22 23 26 11 29 15 2 15 177 28 64 4 14 109 16 17 17 27 24 67 2 25 174 26 167 2 9 318 17 100 2 8 62 10 114 2 24 79 25 81 2 1 121 18 115 2 15 70 22 67 3 6 95 16 73 27 65 3 2 2 8 6 30 12
38 1 1 148 3 11 6 14 16 23 32 3 1 32 2 31 25 14 2 7 148 29 46 3 6 133 13 27 14 144 2 7 158 29 130 2 25 83 26 45 3 6 135 16 32 27 134 2 2 21 3 49 3 1 43 2 36 25 30 3 4 176 5 77 19 122 2 7 32 26 67 2 5 91 13 97 4 14 91 16 99 17 102 24 87 3 6 202 13 166 14 148 3 6 14 8 19 16 30 2 8 98 10 127 2 9 206 30 78 2 8 45 10 39 3 2 21 11 24 26 13 2 5 67 13 155 2 15 119 22 125 3 13 145 21 166 29 38 3 6 14 8 10 16 4 2 24 37 25 90 3 9 35 12 38 15 33 1 1 196 3 11 82 13 50 20 91 3 13 187 15 112 19 92 3 1 55 2 43 25 26 2 15 167 28 83 2 9 243 17 322 3 22 53 26 34 29 10 2 1 18 18 27 3 2 33 17 73 20 11 2 7 41 26 39 2 1 122 28 159 3 2 3 8 6 30 13
38 1 1 148 3 11 6 14 16 23 32 3 1 32 2 31 25 14 2 7 148 29 46 3 6 133 13 27 14 144 2 7 158 29 130 2 25 83 26 45 3 6 135 16 32 27 134 2 2 21 3 49 3 1 43 2 36 25 30 3 4 176 5 77 19 122 2 7 32 26 67 2 5 91 13 97 4 14 91 16 99 17 102 24 87 3 6 202 13 166 14 148 3 6 14 8 19 16 30 2 8 98 10 127 2 9 206 30 78 2 8 45 10 39 3 2 21 11 24 26 13 2 5 67 13 155 2 15 119 22 125 3 13 145 21 166 29 38 3 6 14 8 10 16 4 2 24 37 25 90 3 9 35 12 38 15 33 1 1 196 3 11 82 13 50 20 91 3 13 187 15 112 19 92 3 1 55 2 43 25 26 2 15 167 28 83 2 9 243 17 322 3 22 53 26 34 29 10 2 1 18 18 27 3 2 33 17 73 20 11 2 7 41 26 39 2 1 122 28 159 3 2 3 8 6 30 13
38 1 1 251 2 9 194 17 329 1 1 59 3 1 35 2 47 25 42 2 7 66 26 30 2 2 43 3 42 2 15 170 28 268 2 8 61 10 98 3 4 232 5 249 19 137 2 25 118 26 66 2 5 37 13 122 3 2 44 11 32 26 32 1 1 116 3 6 9 8 3 16 9 2 7 78 29 45 2 9 147 30 213 2 8 89 10 37 3 6 21 8 16 16 28 3 9 10 12 40 15 34 3 11 20 13 37 20 117 3 6 35 13 214 14 226 2 8 144 10 44 2 1 69 28 156 4 14 54 16 39 17 88 24 63 2 8 40 10 54 2 1 15 18 73 3 13 74 15 34 19 88 3 13 82 21 145 29 133 3 13 187 15 134 19 87 3 2 14 8 14 30 5 2 7 154 29 133 3 2 66 17 85 20 74 2 9 72 17 338 2 15 27 22 34 3 11 21 14 6 23 35 2 24 87 25 90 3 6 82 16 160 27 75 3 22 93 26 58 29 43
38 1 1 251 2 9 194 17 329 1 1 59 3 1 35 2 47 25 42 2 7 66 26 30 2 2 43 3 42 2 15 170 28 268 2 8 61 10 98 3 4 232 5 249 19 137 2 25 118 26 66 2 5 37 13 122 3 2 44 11 32 26 32 1 1 116 3 6 9 8 3 16 9 2 7 78 29 45 2 9 147 30 213 2 8 89 10 37 3 6 21 8 16 16 28 3 9 10 12 40 15 34 3 11 20 13 37 20 117 3 6 35 13 214 14 226 2 8 144 10 44 2 1 69 28 156 4 14 54 16 39 17 88 24 63 2 8 40 10 54 2 1 15 18 73 3 13 74 15 34 19 88 3 13 82 21 145 29 133 3 13 187 15 134 19 87 3 2 14 8 14 30 5 2 7 154 29 133 3 2 66 17 85 20 74 2 9 72 17 338 2 15 27 22 34 3 11 21 14 6 23 35 2 24 87 25 90 3 6 82 16 160 27 75 3 22 93 26 58 29 43
38 1 1 251 2 9 194 17 329 1 1 59 3 1 35 2 47 25 42 2 7 66 26 30 2 2 43 3 42 2 15 170 28 268 2 8 61 10 98 3 4 232 5 249 19 137 2 25 118 26 66 2 5 37 13 122 3 2 44 11 32 26 32 1 1 116 3 6 9 8 3 16 9 2 7 78 29 45 2 9 147 30 213 2 8 89 10 37 3 6 21 8 16 16 28 3 9 10 12 40 15 34 3 11 20 13 37 20 117 3 6 35 13 214 14 226 2 8 144 10 44 2 1 69 28 156 4 14 54 16 39 17 88 24 63 2 8 40 10 54 2 1 15 18 73 3 13 74 15 34 19 88 3 13 82 21 145 29 133 3 13 187 15 134 19 87 3 2 14 8 14 30 5 2 7 154 29 133 3 2 66 17 85 20 74 2 9 72 17 338 2 15 27 22 34 3 11 21 14 6 23 35 2 24 87 25 90 3 6 82 16 160 27 75 3 22 93 26 58 29 43
38 1 1 148 2 9 213 17 310 1 1 153 3 1 60 2 14 25 50 2 7 22 26 30 2 2 16 3 46 2 15 189 28 85 2 8 92 10 80 3 4 169 5 154 19 233 2 25 183 26 105 2 5 155 13 118 3 2 56 11 93 26 71 1 1 74 3 6 3 8 31 16 10 2 7 96 29 107 2 9 124 30 142 2 8 142 10 72 3 6 26 8 21 16 29 3 9 38 12 10 15 28 3 11 76 13 57 20 124 3 6 187 13 94 14 201 2 8 36 10 151 2 1 124 28 180 4 14 71 16 68 17 46 24 26 2 8 100 10 60 2 1 68 18 35 3 13 191 15 214 19 80 3 13 132 21 136 29 106 3 13 140 15 67 19 128 3 2 19 8 8 30 15 2 7 148 29 136 3 2 27 17 46 20 28 2 9 195 17 88 2 15 115 22 51 3 11 7 14 28 23 24 2 24 75 25 102 3 6 51 16 47 27 56 3 22 68 26 60 29 80
38 1 1 148 2 9 213 17 310 1 1 153 3 1 60 2 14 25 50 2 7 22 26 30 2 2 16 3 46 2 15 189 28 85 2 8 92 10 80 3 4 169 5 154 19 233 2 25 183 26 105 2 5 155 13 118 3 2 56 11 93 26 71 1 1 74 3 6 3 8 31 16 10 2 7 96 29 107 2 9 124 30 142 2 8 142 10 72 3 6 26 8 21 16 29 3 9 38 12 10 15 28 3 11 76 13 57 20 124 3 6 187 13 94 14 201 2 8 36 10 151 2 1 124 28 180 4 14 71 16 68 17 46 24 26 2 8 100 10 60 2 1 68 18 35 3 13 191 15 214 19 80 3 13 132 21 136 29 106 3 13 140 15 67 19 128 3 2 19 8 8 30 15 2 7 148 29 136 3 2 27 17 46 20 28 2 9 195 17 88 2 15 115 22 51 3 11 7 14 28 23 24 2 24 75 25 102 3 6 51 16 47 27 56 3 22 68 26 60 29 80
37 1 1 143 3 4 212 5 184 19 224 1 1 107 3 1 9 2 20 25 49 3 13 150 21 48 29 126 2 2 68 3 71 2 8 63 10 59 2 15 86 28 268 2 7 49 26 86 2 5 49 13 41 3 6 20 8 23 16 6 3 13 44 15 95 19 171 2 7 20 29 121 3 4 49 5 186 19 90 2 8 31 10 135 2 9 182 30 91 2 2 75 3 11 2 24 83 25 27 2 2 29 3 73 3 2 63 11 58 26 98 3 2 12 17 63 20 49 3 13 36 21 169 29 90 3 9 7 12 36 15 11 2 1 112 28 94 4 14 86 16 70 17 59 24 107 2 2 45 3 63 3 11 52 13 111 20 72 3 2 13 8 16 30 2 3 11 8 14 33 23 13 2 7 36 26 58 2 15 106 22 127 2 9 332 17 261 3 6 215 13 138 14 140 2 25 104 26 52 2 1 109 18 129 3 6 138 16 127 27 98 3 22 54 26 56 29 76
37 1 1 143 3 4 212 5 184 19 224 1 1 107 3 1 9 2 20 25 49 3 13 150 21 48 29 126 2 2 68 3 71 2 8 63 10 59 2 15 86 28 268 2 7 49 26 86 2 5 49 13 41 3 6 20 8 23 16 6 3 13 44 15 95 19 171 2 7 20 29 121 3 4 49 5 186 19 90 2 8 31 10 135 2 9 182 30 91 2 2 75 3 11 2 24 83 25 27 2 2 29 3 73 3 2 63 11 58 26 98 3 2 12 17 63 20 49 3 13 36 21 169 29 90 3 9 7 12 36 15 11 2 1 112 28 94 4 14 86 16 70 17 59 24 107 2 2 45 3 63 3 11 52 13 111 20 72 3 2 13 8 16 30 2 3 11 8 14 33 23 13 2 7 36 26 58 2 15 106 22 127 2 9 332 17 261 3 6 215 13 138 14 140 2 25 104 26 52 2 1 109 18 129 3 6 138 16 127 27 98 3 22 54 26 56 29 76
32 3 4 251 5 224 19 133 3 22 76 26 44 29 71 3 4 120 5 143 19 209 1 1 192 3 1 34 2 73 25 65 2 2 54 3 28 2 25 60 26 172 2 5 92 13 116 3 11 23 14 7 23 34 3 6 21 8 22 16 20 2 8 86 10 144 2 7 76 29 160 2 8 47 10 19 2 9 196 30 73 3 2 34 11 100 26 44 3 9 28 12 22 15 35 4 14 55 16 81 17 20 24 57 2 15 72 22 37 3 11 91 13 138 20 71 2 15 76 28 53 3 6 194 13 206 14 205 2 9 271 17 153 2 1 126 18 113 3 2 3 8 9 30 15 3 13 163 15 68 19 159 3 6 148 16 25 27 35 3 2 34 17 70 20 79 3 13 128 21 58 29 166 3 6 13 8 8 16 23 2 24 52 25 28 2 7 90 26 29 2 1 50 28 144
32 3 4 251 5 224 19 133 3 22 76 26 44 29 71 3 4 120 5 143 19 209 1 1 192 3 1 34 2 73 25 65 2 2 54 3 28 2 25 60 26 172 2 5 92 13 116 3 11 23 14 7 23 34 3 6 21 8 22 16 20 2 8 86 10 144 2 7 76 29 160 2 8 47 10 19 2 9 196 30 73 3 2 34 11 100 26 44 3 9 28 12 22 15 35 4 14 55 16 81 17 20 24 57 2 15 72 22 37 3 11 91 13 138 20 71 2 15 76 28 53 3 6 194 13 206 14 205 2 9 271 17 153 2 1 126 18 113 3 2 3 8 9 30 15 3 13 163 15 68 19 159 3 6 148 16 25 27 35 3 2 34 17 70 20 79 3 13 128 21 58 29 166 3 6 13 8 8 16 23 2 24 52 25 28 2 7 90 26 29 2 1 50 28 144
37 1 1 236 3 1 57 2 14 25 48 1 1 115 2 2 64 3 45 3 22 82 26 50 29 90 2 5 91 13 36 3 4 246 5 107 19 142 3 6 21 8 27 16 22 2 7 82 29 154 3 4 120 5 36 19 195 2 8 139 10 62 2 9 59 30 81 2 8 104 10 120 2 7 54 26 71 3 2 81 11 42 26 61 3 6 37 13 155 14 179 2 24 105 25 101 2 15 27 22 103 3 9 19 12 34 15 13 3 13 173 15 95 19 127 3 11 38 13 89 20 116 3 13 76 21 117 29 142 2 15 163 28 135 4 14 62 16 90 17 58 24 36 2 9 119 17 291 2 1 59 18 52 3 9 31 12 34 15 30 3 2 72 17 13 20 26 3 6 25 8 27 16 21 3 11 34 14 4 23 23 3 9 36 12 18 15 34 3 6 58 16 153 27 86 3 2 41 17 64 20 58 2 25 164 26 77 2 15 224 28 267 2 1 105 28 164 3 2 10 8 18 30 11
38 3 6 42 16 57 27 127 3 22 55 26 51 29 69 1 1 169 3 13 48 21 118 29 127 1 1 204 3 1 43 2 45 25 73 3 6 147 13 210 14 90 3 13 97 21 53 29 116 2 2 37 3 50 2 25 67 26 24 1 1 81 3 4 165 5 62 19 123 2 5 125 13 115 3 13 64 15 36 19 38 3 6 30 8 28 16 27 2 7 139 29 45 2 5 164 13 106 2 8 100 10 47 2 9 188 30 127 3 6 75 13 91 14 34 2 8 38 10 149 3 2 12 11 11 26 77 3 9 11 12 32 15 27 3 11 45 13 148 20 60 3 22 20 26 69 29 72 2 15 237 28 264 4 14 65 16 21 17 59 24 76 2 9 44 17 156 3 2 3 8 5 30 17 2 7 80 26 48 2 1 83 18 86 3 2 83 17 60 20 29 3 2 12 8 10 30 10 3 11 30 14 15 23 13 2 1 110 28 177 2 15 35 22 69 3 2 54 11 28 26 53 2 24 76 25 113
38 1 1 81 3 1 53 2 14 25 23 3 2 15 8 8 30 4 1 1 181 2 2 12 3 65 2 7 31 26 91 2 9 35 30 154 2 1 146 28 135 2 7 90 26 40 3 4 29 5 164 19 180 2 9 94 30 141 2 5 162 13 23 1 1 92 3 6 28 8 4 16 21 2 7 57 29 70 3 2 28 17 62 20 86 2 8 76 10 67 2 8 72 10 119 3 2 37 11 18 26 18 3 13 180 21 144 29 162 2 24 24 25 108 3 4 206 5 224 19 211 3 9 18 12 10 15 15 2 9 340 17 258 3 11 88 13 82 20 93 3 6 96 13 211 14 55 2 15 215 28 219 4 14 76 16 93 17 55 24 90 3 6 67 16 120 27 115 2 7 44 26 29 3 13 89 15 169 19 52 2 2 16 3 63 2 1 98 18 44 3 13 62 21 155 29 37 2 15 64 22 126 3 11 34 14 5 23 35 3 22 42 26 31 29 87 2 25 188 26 171
37 1 1 197 3 1 67 2 29 25 36 1 1 128 2 2 37 3 59 3 22 32 26 25 29 56 2 5 170 13 170 3 4 112 5 131 19 79 3 6 10 8 30 16 30 2 7 125 29 147 3 4 41 5 82 19 106 2 8 140 10 32 2 9 121 30 116 2 8 142 10 151 2 7 49 26 33 3 2 90 11 97 26 67 3 6 147 13 116 14 217 2 24 52 25 94 2 15 41 22 76 3 9 6 12 15 15 29 3 13 94 15 120 19 210 3 11 100 13 42 20 19 3 13 37 21 147 29 43 2 15 92 28 79 4 14 22 16 21 17 41 24 78 2 9 88 17 227 2 1 14 18 41 3 9 18 12 26 15 27 3 2 59 17 39 20 16 3 6 20 8 22 16 17 3 11 32 14 13 23 27 3 9 35 12 18 15 33 3 6 159 16 118 27 116 3 2 48 17 37 20 21 2 25 86 26 31 2 15 56 28 57 2 1 184 28 106 3 2 5 8 13 30 9
37 1 1 197 3 1 67 2 29 25 36 1 1 128 2 2 37 3 59 3 22 32 26 25 29 56 2 5 170 13 170 3 4 112 5 131 19 79 3 6 10 8 30 16 30 2 7 125 29 147 3 4 41 5 82 19 106 2 8 140 10 32 2 9 121 30 116 2 8 142 10 151 2 7 49 26 33 3 2 90 11 97 26 67 3 6 147 13 116 14 217 2 24 52 25 94 2 15 41 22 76 3 9 6 12 15 15 29 3 13 94 15 120 19 210 3 11 100 13 42 20 19 3 13 37 21 147 29 43 2 15 92 28 79 4 14 22 16 21 17 41 24 78 2 9 88 17 227 2 1 14 18 41 3 9 18 12 26 15 27 3 2 59 17 39 20 16 3 6 20 8 22 16 17 3 11 32 14 13 23 27 3 9 35 12 18 15 33 3 6 159 16 118 27 116 3 2 48 17 37 20 21 2 25 86 26 31 2 15 56 28 57 2 1 184 28 106 3 2 5 8 13 30 9
37 1 1 273 3 1 22 2 36 25 73 1 1 94 2 2 86 3 14 3 22 49 26 87 29 70 2 5 119 13 139 3 4 247 5 248 19 151 3 6 10 8 30 16 6 2 7 158 29 126 3 4 102 5 48 19 77 2 8 132 10 49 2 9 77 30 141 2 8 106 10 38 2 7 29 26 52 3 2 96 11 97 26 35 3 6 219 13 34 14 115 2 24 93 25 17 2 15 75 22 87 3 9 29 12 16 15 5 3 13 96 15 186 19 62 3 11 85 13 26 20 66 3 13 125 21 173 29 81 2 15 68 28 126 4 14 96 16 65 17 44 24 97 2 9 60 17 221 2 1 113 18 110 3 9 41 12 14 15 23 3 2 66 17 16 20 26 3 6 14 8 28 16 24 3 11 5 14 14 23 21 3 9 38 12 5 15 25 3 6 63 16 52 27 56 3 2 56 17 65 20 48 2 25 72 26 154 2 15 210 28 38 2 1 209 28 94 3 2 5 8 8 30 3
34 1 1 245 2 8 140 10 65 3 1 28 2 29 25 23 2 2 62 3 27 2 25 147 26 42 3 4 117 5 115 19 195 2 5 23 13 90 3 6 12 8 28 16 20 3 9 25 12 21 15 10 2 7 101 29 113 2 9 149 30 81 1 1 253 2 8 61 10 32 3 6 138 16 36 27 159 2 1 84 18 80 2 2 79 3 48 3 2 59 11 83 26 30 3 11 50 13 103 20 80 3 6 116 13 98 14 119 3 13 47 21 150 29 73 3 2 18 8 6 30 4 3 13 90 15 67 19 187 2 15 271 28 136 4 14 62 16 56 17 15 24 49 2 9 103 17 218 3 2 76 17 87 20 40 2 15 30 22 26 3 11 9 14 14 23 22 3 6 98 13 91 14 38 2 24 35 25 41 2 15 106 22 62 2 7 32 26 86 2 1 183 28 211 3 22 73 26 46 29 17
34 1 1 245 2 8 140 10 65 3 1 28 2 29 25 23 2 2 62 3 27 2 25 147 26 42 3 4 117 5 115 19 195 2 5 23 13 90 3 6 12 8 28 16 20 3 9 25 12 21 15 10 2 7 101 29 113 2 9 149 30 81 1 1 253 2 8 61 10 32 3 6 138 16 36 27 159 2 1 84 18 80 2 2 79 3 48 3 2 59 11 83 26 30 3 11 50 13 103 20 80 3 6 116 13 98 14 119 3 13 47 21 150 29 73 3 2 18 8 6 30 4 3 13 90 15 67 19 187 2 15 271 28 136 4 14 62 16 56 17 15 24 49 2 9 103 17 218 3 2 76 17 87 20 40 2 15 30 22 26 3 11 9 14 14 23 22 3 6 98 13 91 14 38 2 24 35 25 41 2 15 106 22 62 2 7 32 26 86 2 1 183 28 211 3 22 73 26 46 29 17
38 1 1 280 3 11 6 14 23 23 5 3 1 61 2 56 25 53 2 7 138 29 166 3 6 194 13 185 14 106 2 7 34 29 67 2 25 171 26 193 3 6 58 16 131 27 19 2 2 53 3 11 3 1 22 2 58 25 34 3 4 247 5 83 19 47 2 7 48 26 47 2 5 141 13 67 4 14 23 16 61 17 81 24 96 3 6 96 13 117 14 108 3 6 30 8 30 16 30 2 8 114 10 98 2 9 100 30 99 2 8 121 10 73 3 2 87 11 91 26 76 2 5 168 13 73 2 15 57 22 126 3 13 161 21 172 29 170 3 6 7 8 25 16 13 2 24 94 25 20 3 9 8 12 14 15 24 1 1 89 3 11 100 13 141 20 55 3 13 131 15 94 19 35 3 1 41 2 65 25 25 2 15 68 28 209 2 9 127 17 287 3 22 86 26 76 29 10 2 1 81 18 114 3 2 51 17 42 20 72 2 7 75 26 15 2 1 120 28 195 3 2 6 8 17 30 9
38 1 1 161 2 7 29 29 147 1 1 221 3 1 70 2 35 25 13 2 2 90 3 43 3 4 41 5 58 19 56 3 2 11 8 9 30 8 3 11 86 13 156 20 146 3 22 74 26 17 29 10 2 1 111 28 217 3 2 17 8 14 30 15 3 13 59 21 38 29 45 2 5 37 13 48 2 1 100 28 44 3 6 25 8 23 16 31 2 7 16 26 71 2 8 119 10 38 2 9 62 30 109 3 13 178 21 117 29 106 2 8 94 10 88 3 2 41 11 41 26 60 2 15 72 22 68 3 4 207 5 115 19 248 3 9 7 12 30 15 5 3 6 73 13 228 14 91 2 15 86 28 270 3 11 86 13 147 20 94 4 14 67 16 98 17 33 24 74 2 9 248 17 166 2 1 102 18 87 3 6 99 16 57 27 64 3 13 135 21 106 29 122 3 13 98 15 131 19 54 2 24 113 25 46 3 2 72 17 64 20 66 3 11 28 14 24 23 15 2 1 37 18 19 2 25 58 26 201
38 1 1 201 3 11 15 14 19 23 7 3 1 36 2 75 25 20 2 7 163 29 37 3 6 87 13 123 14 50 2 7 149 29 129 2 25 87 26 153 3 6 162 16 19 27 30 2 2 86 3 30 3 1 13 2 54 25 75 3 4 62 5 68 19 209 2 7 54 26 16 2 5 86 13 154 4 14 14 16 66 17 70 24 93 3 6 127 13 81 14 189 3 6 9 8 18 16 27 2 8 51 10 104 2 9 206 30 61 2 8 151 10 95 3 2 53 11 18 26 74 2 5 31 13 89 2 15 117 22 26 3 13 101 21 137 29 43 3 6 13 8 10 16 27 2 24 24 25 34 3 9 6 12 30 15 11 1 1 106 3 11 52 13 27 20 64 3 13 191 15 145 19 124 3 1 55 2 14 25 16 2 15 47 28 250 2 9 275 17 237 3 22 53 26 18 29 49 2 1 86 18 110 3 2 18 17 78 20 28 2 7 77 26 19 2 1 125 28 132 3 2 11 8 7 30 8
33 1 1 73 3 1 25 2 20 25 65 2 2 19 3 33 2 24 46 25 55 3 4 206 5 223 19 150 2 1 128 18 86 2 24 86 25 54 2 5 69 13 146 3 6 15 8 30 16 29 3 2 2 8 8 30 4 2 7 50 29 136 3 13 69 15 71 19 113 2 8 86 10 44 2 9 94 30 164 2 8 95 10 129 3 2 32 11 100 26 65 3 1 21 2 74 25 35 3 9 29 12 16 15 15 3 11 35 13 59 20 74 3 6 224 13 66 14 69 3 6 23 16 34 27 67 3 22 64 26 44 29 22 3 13 110 21 166 29 125 2 25 125 26 87 2 15 296 28 40 4 14 97 16 29 17 101 24 75 3 2 24 17 76 20 87 2 9 303 17 266 2 15 60 22 99 3 11 26 14 16 23 9 2 1 100 28 167 4 14 42 16 34 17 71 24 79 2 7 43 26 62
34 1 1 227 2 8 134 10 111 3 1 44 2 34 25 59 2 2 25 3 12 2 25 146 26 118 3 4 87 5 67 19 177 2 5 139 13 82 3 6 4 8 5 16 25 3 9 41 12 35 15 41 2 7 44 29 58 2 9 44 30 99 1 1 54 2 8 132 10 22 3 6 97 16 149 27 73 2 1 124 18 131 2 2 51 3 37 3 2 96 11 41 26 57 3 11 23 13 130 20 151 3 6 197 13 57 14 131 3 13 99 21 90 29 50 3 2 4 8 10 30 2 3 13 66 15 108 19 141 2 15 286 28 204 4 14 104 16 77 17 13 24 40 2 9 248 17 282 3 2 68 17 17 20 52 2 15 35 22 37 3 11 24 14 8 23 10 3 6 137 13 156 14 212 2 24 49 25 48 2 15 102 22 102 2 7 47 26 35 2 1 164 28 104 3 22 54 26 91 29 29
34 1 1 227 2 8 134 10 111 3 1 44 2 34 25 59 2 2 25 3 12 2 25 146 26 118 3 4 87 5 67 19 177 2 5 139 13 82 3 6 4 8 5 16 25 3 9 41 12 35 15 41 2 7 44 29 58 2 9 44 30 99 1 1 54 2 8 132 10 22 3 6 97 16 149 27 73 2 1 124 18 131 2 2 51 3 37 3 2 96 11 41 26 57 3 11 23 13 130 20 151 3 6 197 13 57 14 131 3 13 99 21 90 29 50 3 2 4 8 10 30 2 3 13 66 15 108 19 141 2 15 286 28 204 4 14 104 16 77 17 13 24 40 2 9 248 17 282 3 2 68 17 17 20 52 2 15 35 22 37 3 11 24 14 8 23 10 3 6 137 13 156 14 212 2 24 49 25 48 2 15 102 22 102 2 7 47 26 35 2 1 164 28 104 3 22 54 26 91 29 29
38 3 6 18 16 82 27 141 3 22 63 26 83 29 80 1 1 251 3 13 78 21 133 29 65 1 1 124 3 1 29 2 72 25 72 3 6 223 13 172 14 84 3 13 170 21 120 29 24 2 2 73 3 28 2 25 196 26 146 1 1 115 3 4 251 5 193 19 150 2 5 48 13 30 3 13 110 15 182 19 218 3 6 21 8 20 16 22 2 7 46 29 63 2 5 136 13 108 2 8 111 10 41 2 9 138 30 122 3 6 149 13 30 14 89 2 8 84 10 126 3 2 52 11 39 26 78 3 9 26 12 32 15 16 3 11 134 13 109 20 135 3 22 40 26 80 29 24 2 15 288 28 207 4 14 64 16 108 17 57 24 34 2 9 53 17 70 3 2 12 8 14 30 17 2 7 65 26 42 2 1 119 18 27 3 2 13 17 15 20 64 3 2 2 8 3 30 13 3 11 9 14 30 23 16 2 1 130 28 130 2 15 15 22 104 3 2 57 11 68 26 61 2 24 89 25 57
38 3 6 18 16 82 27 141 3 22 63 26 83 29 80 1 1 251 3 13 78 21 133 29 65 1 1 124 3 1 29 2 72 25 72 3 6 223 13 172 14 84 3 13 170 21 120 29 24 2 2 73 3 28 2 25 196 26 146 1 1 115 3 4 251 5 193 19 150 2 5 48 13 30 3 13 110 15 182 19 218 3 6 21 8 20 16 22 2 7 46 29 63 2 5 136 13 108 2 8 111 10 41 2 9 138 30 122 3 6 149 13 30 14 89 2 8 84 10 126 3 2 52 11 39 26 78 3 9 26 12 32 15 16 3 11 134 13 109 20 135 3 22 40 26 80 29 24 2 15 288 28 207 4 14 64 16 108 17 57 24 34 2 9 53 17 70 3 2 12 8 14 30 17 2 7 65 26 42 2 1 119 18 27 3 2 13 17 15 20 64 3 2 2 8 3 30 13 3 11 9 14 30 23 16 2 1 130 28 130 2 15 15 22 104 3 2 57 11 68 26 61 2 24 89 25 57
37 2 7 74 26 24 1 1 94 2 7 58 26 66 3 1 25 2 64 25 43 2 7 37 26 24 3 13 52 21 27 29 24 3 13 215 15 200 19 118 2 5 52 13 22 2 2 31 3 50 3 1 44 2 61 25 62 3 4 211 5 61 19 94 3 6 5 8 25 16 13 2 7 151 29 156 3 2 84 17 46 20 58 2 8 44 10 22 1 1 144 2 9 176 30 56 2 8 19 10 61 3 2 62 11 58 26 59 3 9 27 12 11 15 30 1 1 239 3 11 115 13 137 20 26 3 13 44 21 39 29 118 3 11 23 14 17 23 21 3 6 137 13 102 14 76 2 1 80 28 76 3 22 74 26 86 29 17 2 15 188 28 89 4 14 90 16 102 17 78 24 89 2 25 144 26 67 2 9 318 17 236 2 8 94 10 51 2 24 72 25 42 2 1 36 18 77 2 15 25 22 100 3 6 152 16 109 27 135 3 2 6 8 19 30 3
37 2 7 74 26 24 1 1 94 2 7 58 26 66 3 1 25 2 64 25 43 2 7 37 26 24 3 13 52 21 27 29 24 3 13 215 15 200 19 118 2 5 52 13 22 2 2 31 3 50 3 1 44 2 61 25 62 3 4 211 5 61 19 94 3 6 5 8 25 16 13 2 7 151 29 156 3 2 84 17 46 20 58 2 8 44 10 22 1 1 144 2 9 176 30 56 2 8 19 10 61 3 2 62 11 58 26 59 3 9 27 12 11 15 30 1 1 239 3 11 115 13 137 20 26 3 13 44 21 39 29 118 3 11 23 14 17 23 21 3 6 137 13 102 14 76 2 1 80 28 76 3 22 74 26 86 29 17 2 15 188 28 89 4 14 90 16 102 17 78 24 89 2 25 144 26 67 2 9 318 17 236 2 8 94 10 51 2 24 72 25 42 2 1 36 18 77 2 15 25 22 100 3 6 152 16 109 27 135 3 2 6 8 19 30 3
37 2 7 74 26 24 1 1 94 2 7 58 26 66 3 1 25 2 64 25 43 2 7 37 26 24 3 13 52 21 27 29 24 3 13 215 15 200 19 118 2 5 52 13 22 2 2 31 3 50 3 1 44 2 61 25 62 3 4 211 5 61 19 94 3 6 5 8 25 16 13 2 7 151 29 156 3 2 84 17 46 20 58 2 8 44 10 22 1 1 144 2 9 176 30 56 2 8 19 10 61 3 2 62 11 58 26 59 3 9 27 12 11 15 30 1 1 239 3 11 115 13 137 20 26 3 13 44 21 39 29 118 3 11 23 14 17 23 21 3 6 137 13 102 14 76 2 1 80 28 76 3 22 74 26 86 29 17 2 15 188 28 89 4 14 90 16 102 17 78 24 89 2 25 144 26 67 2 9 318 17 236 2 8 94 10 51 2 24 72 25 42 2 1 36 18 77 2 15 25 22 100 3 6 152 16 109 27 135 3 2 6 8 19 30 3
39 1 1 129 3 1 50 2 33 25 50 2 1 89 18 91 3 1 18 2 50 25 74 2 15 165 28 299 3 1 54 2 49 25 72 2 9 116 30 63 2 2 85 3 18 3 1 59 2 34 25 21 3 4 86 5 148 19 204 2 5 21 13 160 3 22 33 26 15 29 21 3 6 24 8 7 16 18 2 7 151 29 76 2 15 23 22 105 2 8 107 10 122 2 8 155 10 26 1 1 258 3 2 31 11 22 26 80 3 9 5 12 24 15 39 3 11 23 13 92 20 114 1 1 115 3 6 49 13 143 14 210 1 1 96 4 14 49 16 65 17 65 24 70 3 2 75 17 74 20 36 3 11 19 14 26 23 11 2 8 129 10 84 3 13 170 15 85 19 189 2 9 131 17 340 3 13 58 21 147 29 137 2 15 61 22 111 2 24 48 25 39 2 25 148 26 162 3 6 58 13 143 14 68 2 7 39 26 45 3 2 8 8 7 30 14 3 6 94 16 39 27 146 2 1 40 28 135
39 1 1 129 3 1 50 2 33 25 50 2 1 89 18 91 3 1 18 2 50 25 74 2 15 165 28 299 3 1 54 2 49 25 72 2 9 116 30 63 2 2 85 3 18 3 1 59 2 34 25 21 3 4 86 5 148 19 204 2 5 21 13 160 3 22 33 26 15 29 21 3 6 24 8 7 16 18 2 7 151 29 76 2 15 23 22 105 2 8 107 10 122 2 8 155 10 26 1 1 258 3 2 31 11 22 26 80 3 9 5 12 24 15 39 3 11 23 13 92 20 114 1 1 115 3 6 49 13 143 14 210 1 1 96 4 14 49 16 65 17 65 24 70 3 2 75 17 74 20 36 3 11 19 14 26 23 11 2 8 129 10 84 3 13 170 15 85 19 189 2 9 131 17 340 3 13 58 21 147 29 137 2 15 61 22 111 2 24 48 25 39 2 25 148 26 162 3 6 58 13 143 14 68 2 7 39 26 45 3 2 8 8 7 30 14 3 6 94 16 39 27 146 2 1 40 28 135
36 1 1 248 3 1 49 2 62 25 65 3 6 29 8 6 16 10 3 1 43 2 71 25 67 2 1 172 28 139 2 2 51 3 35 2 7 112 29 146 3 4 162 5 49 19 51 3 1 18 2 32 25 55 2 8 149 10 73 2 5 140 13 31 2 2 75 3 48 2 8 117 10 132 2 9 129 30 114 3 2 37 11 26 26 14 3 9 39 12 33 15 35 3 11 149 13 155 20 108 3 6 24 16 103 27 38 3 6 147 13 148 14 199 2 15 288 28 59 4 14 20 16 71 17 108 24 98 3 2 81 17 27 20 11 3 2 3 8 6 30 6 2 9 323 17 111 2 1 45 18 31 3 13 212 15 84 19 109 3 13 115 21 86 29 23 2 24 68 25 57 3 9 11 12 34 15 35 2 15 26 22 19 3 11 8 14 10 23 16 2 15 117 22 23 2 7 59 26 45 2 2 19 3 77 2 25 158 26 128 3 22 71 26 44 29 59
37 1 1 107 2 25 35 26 23 3 1 37 2 35 25 71 2 2 47 3 72 3 1 45 2 55 25 16 2 1 65 18 50 3 6 131 16 22 27 102 3 2 86 17 88 20 55 3 4 210 5 128 19 195 2 5 71 13 33 3 6 23 8 25 16 22 3 13 26 15 74 19 162 2 7 40 29 133 3 6 144 16 67 27 132 2 8 47 10 132 2 15 61 22 29 2 25 92 26 184 2 9 123 30 179 2 8 63 10 142 3 4 140 5 183 19 237 3 2 95 11 15 26 79 3 2 90 17 81 20 27 3 2 15 8 5 30 4 3 6 62 16 72 27 110 3 9 12 12 31 15 14 3 11 16 14 8 23 20 3 11 61 13 99 20 45 3 6 140 13 32 14 224 4 14 96 16 111 17 41 24 77 2 9 127 17 223 2 15 138 28 107 3 13 97 21 52 29 31 2 24 31 25 57 1 1 257 2 7 38 26 78 3 22 33 26 40 29 75 2 1 116 28 96
37 1 1 107 2 25 35 26 23 3 1 37 2 35 25 71 2 2 47 3 72 3 1 45 2 55 25 16 2 1 65 18 50 3 6 131 16 22 27 102 3 2 86 17 88 20 55 3 4 210 5 128 19 195 2 5 71 13 33 3 6 23 8 25 16 22 3 13 26 15 74 19 162 2 7 40 29 133 3 6 144 16 67 27 132 2 8 47 10 132 2 15 61 22 29 2 25 92 26 184 2 9 123 30 179 2 8 63 10 142 3 4 140 5 183 19 237 3 2 95 11 15 26 79 3 2 90 17 81 20 27 3 2 15 8 5 30 4 3 6 62 16 72 27 110 3 9 12 12 31 15 14 3 11 16 14 8 23 20 3 11 61 13 99 20 45 3 6 140 13 32 14 224 4 14 96 16 111 17 41 24 77 2 9 127 17 223 2 15 138 28 107 3 13 97 21 52 29 31 2 24 31 25 57 1 1 257 2 7 38 26 78 3 22 33 26 40 29 75 2 1 116 28 96
37 2 7 42 26 47 1 1 284 2 7 41 26 58 3 1 75 2 8 25 9 2 7 33 26 50 3 13 146 21 161 29 54 3 13 29 15 84 19 51 2 5 166 13 20 2 2 19 3 73 3 1 15 2 27 25 17 3 4 174 5 148 19 185 3 6 12 8 28 16 32 2 7 124 29 119 3 2 90 17 59 20 19 2 8 110 10 34 1 1 242 2 9 42 30 195 2 8 34 10 50 3 2 17 11 74 26 19 3 9 9 12 26 15 14 1 1 155 3 11 117 13 49 20 148 3 13 178 21 63 29 131 3 11 13 14 13 23 13 3 6 68 13 111 14 109 2 1 174 28 106 3 22 51 26 28 29 10 2 15 241 28 135 4 14 23 16 52 17 98 24 64 2 25 93 26 163 2 9 308 17 130 2 8 19 10 72 2 24 68 25 120 2 1 115 18 18 2 15 30 22 25 3 6 45 16 53 27 103 3 2 16 8 2 30 5
32 3 4 234 5 185 19 141 3 22 34 26 57 29 68 3 4 223 5 113 19 252 1 1 292 3 1 70 2 10 25 63 2 2 92 3 88 2 25 153 26 111 2 5 43 13 129 3 11 35 14 27 23 35 3 6 3 8 24 16 3 2 8 68 10 123 2 7 42 29 164 2 8 64 10 84 2 9 210 30 204 3 2 27 11 31 26 60 3 9 11 12 29 15 20 4 14 91 16 88 17 12 24 101 2 15 79 22 105 3 11 93 13 56 20 116 2 15 37 28 196 3 6 175 13 124 14 130 2 9 333 17 123 2 1 41 18 25 3 2 18 8 7 30 11 3 13 212 15 168 19 46 3 6 157 16 41 27 35 3 2 64 17 40 20 55 3 13 149 21 32 29 28 3 6 10 8 15 16 30 2 24 68 25 105 2 7 49 26 81 2 1 134 28 166
38 1 1 209 3 1 17 2 26 25 61 3 2 18 8 10 30 18 1 1 131 2 2 38 3 80 2 7 49 26 33 2 9 40 30 100 2 1 49 28 174 2 7 30 26 83 3 4 30 5 95 19 195 2 9 159 30 180 2 5 46 13 169 1 1 46 3 6 27 8 12 16 30 2 7 28 29 117 3 2 65 17 68 20 80 2 8 92 10 136 2 8 44 10 78 3 2 17 11 94 26 66 3 13 142 21 85 29 176 2 24 34 25 50 3 4 182 5 258 19 122 3 9 41 12 24 15 37 2 9 263 17 297 3 11 50 13 43 20 55 3 6 187 13 39 14 201 2 15 54 28 292 4 14 93 16 82 17 66 24 64 3 6 37 16 89 27 136 2 7 82 26 60 3 13 173 15 208 19 55 2 2 39 3 53 2 1 34 18 114 3 13 126 21 80 29 100 2 15 128 22 116 3 11 4 14 6 23 21 3 22 68 26 55 29 44 2 25 87 26 60
38 1 1 79 3 11 8 14 18 23 30 3 1 21 2 60 25 71 2 7 123 29 157 3 6 106 13 44 14 139 2 7 53 29 22 2 25 101 26 40 3 6 94 16 86 27 123 2 2 53 3 41 3 1 23 2 21 25 62 3 4 158 5 122 19 246 2 7 60 26 13 2 5 56 13 88 4 14 89 16 21 17 44 24 68 3 6 166 13 124 14 76 3 6 28 8 26 16 27 2 8 83 10 100 2 9 147 30 40 2 8 84 10 145 3 2 50 11 95 26 93 2 5 142 13 112 2 15 69 22 123 3 13 51 21 104 29 132 3 6 10 8 24 16 29 2 24 22 25 49 3 9 25 12 38 15 18 1 1 76 3 11 149 13 47 20 30 3 13 186 15 79 19 117 3 1 10 2 60 25 35 2 15 141 28 265 2 9 228 17 212 3 22 91 26 69 29 24 2 1 115 18 82 3 2 61 17 15 20 28 2 7 91 26 21 2 1 64 28 112 3 2 6 8 12 30 16
34 1 1 168 3 2 2 8 12 30 19 3 1 48 2 60 25 28 1 1 183 2 2 12 3 46 3 4 99 5 169 19 165 3 2 15 8 17 30 18 2 5 50 13 37 3 2 49 17 78 20 23 3 22 17 26 45 29 17 3 9 25 12 37 15 39 3 6 27 8 7 16 21 3 9 30 12 12 15 19 3 13 121 21 59 29 69 3 1 61 2 63 25 34 2 7 93 29 54 2 8 32 10 115 3 6 84 16 151 27 139 2 9 175 30 36 2 7 90 26 16 2 8 50 10 65 3 2 77 11 65 26 83 2 24 32 25 14 3 13 103 15 143 19 36 3 6 95 13 65 14 111 3 11 149 13 79 20 90 2 15 139 28 235 3 11 7 14 26 23 22 4 14 18 16 39 17 111 24 22 2 9 88 17 225 2 1 34 18 71 2 15 100 22 26 2 25 168 26 102 2 1 187 28 184
38 1 1 260 3 11 18 14 6 23 14 3 1 44 2 69 25 53 2 7 67 29 85 3 6 201 13 141 14 31 2 7 119 29 90 2 25 176 26 135 3 6 121 16 34 27 22 2 2 16 3 70 3 1 51 2 19 25 26 3 4 187 5 62 19 92 2 7 47 26 26 2 5 135 13 76 4 14 101 16 50 17 104 24 18 3 6 116 13 153 14 118 3 6 30 8 18 16 8 2 8 106 10 138 2 9 37 30 134 2 8 63 10 73 3 2 72 11 70 26 46 2 5 121 13 165 2 15 60 22 57 3 13 181 21 29 29 81 3 6 6 8 13 16 9 2 24 76 25 116 3 9 13 12 36 15 10 1 1 64 3 11 158 13 66 20 43 3 13 124 15 134 19 184 3 1 28 2 59 25 39 2 15 59 28 204 2 9 281 17 256 3 22 51 26 47 29 37 2 1 20 18 111 3 2 69 17 90 20 84 2 7 28 26 67 2 1 27 28 189 3 2 6 8 2 30 12
34 1 1 71 3 2 14 8 3 30 19 3 1 15 2 15 25 41 1 1 99 2 2 35 3 43 3 4 212 5 175 19 258 3 2 15 8 10 30 18 2 5 112 13 167 3 2 53 17 27 20 33 3 22 63 26 69 29 51 3 9 10 12 6 15 8 3 6 30 8 22 16 30 3 9 23 12 14 15 12 3 13 127 21 80 29 181 3 1 11 2 29 25 75 2 7 111 29 63 2 8 53 10 68 3 6 144 16 153 27 120 2 9 98 30 96 2 7 86 26 13 2 8 97 10 134 3 2 70 11 81 26 61 2 24 31 25 78 3 13 61 15 189 19 154 3 6 175 13 163 14 214 3 11 71 13 115 20 70 2 15 146 28 73 3 11 19 14 31 23 11 4 14 74 16 57 17 19 24 29 2 9 332 17 217 2 1 28 18 124 2 15 27 22 119 2 25 95 26 124 2 1 96 28 149
37 1 1 163 3 4 184 5 108 19 170 1 1 165 3 1 8 2 35 25 37 3 13 27 21 159 29 167 2 2 50 3 13 2 8 140 10 98 2 15 209 28 206 2 7 24 26 53 2 5 155 13 31 3 6 8 8 7 16 10 3 13 82 15 76 19 197 2 7 149 29 144 3 4 77 5 152 19 147 2 8 118 10 67 2 9 123 30 175 2 2 61 3 28 2 24 117 25 68 2 2 27 3 40 3 2 31 11 60 26 13 3 2 54 17 61 20 51 3 13 57 21 68 29 156 3 9 35 12 16 15 39 2 1 84 28 166 4 14 108 16 76 17 75 24 57 2 2 59 3 37 3 11 46 13 39 20 64 3 2 4 8 15 30 8 3 11 20 14 7 23 32 2 7 53 26 11 2 15 102 22 128 2 9 344 17 271 3 6 41 13 27 14 158 2 25 124 26 108 2 1 97 18 24 3 6 106 16 106 27 24 3 22 19 26 62 29 17
34 1 1 75 3 2 10 8 8 30 16 3 1 42 2 28 25 73 1 1 35 2 2 61 3 86 3 4 80 5 139 19 253 3 2 10 8 16 30 4 2 5 149 13 48 3 2 79 17 54 20 61 3 22 21 26 75 29 11 3 9 15 12 9 15 16 3 6 3 8 9 16 29 3 9 6 12 39 15 32 3 13 105 21 173 29 41 3 1 12 2 40 25 66 2 7 112 29 63 2 8 18 10 29 3 6 138 16 46 27 81 2 9 193 30 181 2 7 69 26 90 2 8 117 10 167 3 2 81 11 49 26 36 2 24 107 25 116 3 13 98 15 96 19 177 3 6 129 13 195 14 53 3 11 143 13 56 20 94 2 15 199 28 171 3 11 14 14 31 23 10 4 14 20 16 62 17 32 24 28 2 9 194 17 103 2 1 67 18 92 2 15 75 22 114 2 25 136 26 125 2 1 164 28 172
38 1 1 250 2 9 171 17 229 1 1 290 3 1 24 2 9 25 56 2 7 87 26 29 2 2 59 3 71 2 15 78 28 280 2 8 22 10 61 3 4 76 5 134 19 42 2 25 108 26 27 2 5 130 13 56 3 2 14 11 61 26 57 1 1 169 3 6 19 8 21 16 5 2 7 118 29 34 2 9 111 30 62 2 8 96 10 19 3 6 30 8 7 16 26 3 9 26 12 27 15 35 3 11 73 13 111 20 125 3 6 142 13 105 14 49 2 8 146 10 114 2 1 166 28 107 4 14 108 16 70 17 25 24 92 2 8 45 10 57 2 1 38 18 90 3 13 111 15 194 19 225 3 13 124 21 74 29 28 3 13 53 15 166 19 48 3 2 13 8 10 30 5 2 7 72 29 29 3 2 60 17 85 20 37 2 9 225 17 316 2 15 88 22 125 3 11 17 14 13 23 9 2 24 13 25 76 3 6 73 16 61 27 150 3 22 60 26 16 29 66
36 1 1 271 3 1 24 2 15 25 53 3 6 7 8 22 16 15 3 1 37 2 53 25 41 2 1 114 28 73 2 2 73 3 93 2 7 132 29 100 3 4 136 5 66 19 92 3 1 38 2 29 25 16 2 8 93 10 150 2 5 144 13 101 2 2 17 3 78 2 8 18 10 140 2 9 195 30 143 3 2 50 11 23 26 35 3 9 40 12 14 15 4 3 11 50 13 98 20 95 3 6 19 16 76 27 62 3 6 221 13 34 14 78 2 15 140 28 195 4 14 47 16 15 17 76 24 53 3 2 62 17 36 20 81 3 2 17 8 17 30 18 2 9 103 17 68 2 1 65 18 125 3 13 41 15 207 19 120 3 13 40 21 171 29 66 2 24 16 25 72 3 9 25 12 11 15 14 2 15 42 22 118 3 11 26 14 12 23 26 2 15 67 22 97 2 7 84 26 64 2 2 75 3 64 2 25 108 26 88 3 22 31 26 61 29 76
DUE_DATES: 12620 13840 13840 13552 13050 13050 14273 14273 14273 14627 14627 13156 13156 11585 11585 13455 12823 14159 11729 11729 12610 12150 12150 13951 13425 12652 11047 12315 12315 13880 13880 12337 12337 12337 14290 14290 12140 12765 12765 13115 12573 13993 12247 10691 13135 11469 13282 11264 14344 11499
WEIGHTS: 2 2 3 2 2 3 3 2 3 1 3 3 2 3 1 1 1 1 3 3 1 1 3 1 1 1 1 1 1 1 2 3 2 1 1 2 2 2 3 1 2 2 1 2 2 2 3 3 2 3
