50 30
35 3 1 37 21 39 22 8 3 2 335 3 170 5 145 3 3 74 16 24 19 118 2 4 161 10 228 3 3 5 10 21 23 13 2 5 12 30 48 2 4 208 10 84 3 6 239 21 152 30 53 2 4 152 22 96 3 6 71 7 161 22 98 3 7 137 8 149 20 179 2 9 132 17 42 2 11 59 14 62 3 9 301 11 166 27 277 2 9 64 17 174 2 12 114 28 83 2 20 60 24 30 2 4 92 10 137 3 10 86 12 70 13 71 3 8 41 9 52 15 27 2 4 90 23 56 3 6 175 21 54 30 68 2 13 150 16 84 3 13 278 18 136 27 189 2 6 96 30 141 1 19 47 3 9 123 11 40 27 298 2 15 80 21 152 2 24 1 28 1 2 15 137 21 155 2 9 51 27 41 4 15 25 21 42 24 74 25 78 3 9 70 25 166 29 183 3 17 208 19 301 26 186 2 5 228 29 191
35 3 1 37 21 39 22 8 3 2 335 3 170 5 145 3 3 74 16 24 19 118 2 4 161 10 228 3 3 5 10 21 23 13 2 5 12 30 48 2 4 208 10 84 3 6 239 21 152 30 53 2 4 152 22 96 3 6 71 7 161 22 98 3 7 137 8 149 20 179 2 9 132 17 42 2 11 59 14 62 3 9 301 11 166 27 277 2 9 64 17 174 2 12 114 28 83 2 20 60 24 30 2 4 92 10 137 3 10 86 12 70 13 71 3 8 41 9 52 15 27 2 4 90 23 56 3 6 175 21 54 30 68 2 13 150 16 84 3 13 278 18 136 27 189 2 6 96 30 141 1 19 47 3 9 123 11 40 27 298 2 15 80 21 152 2 24 1 28 1 2 15 137 21 155 2 9 51 27 41 4 15 25 21 42 24 74 25 78 3 9 70 25 166 29 183 3 17 208 19 301 26 186 2 5 228 29 191
36 3 1 26 21 12 22 21 3 2 299 3 229 5 155 3 3 113 16 128 19 61 2 9 237 17 162 3 3 104 16 84 19 94 2 4 216 10 80 2 5 74 30 69 2 9 200 17 227 3 6 114 21 95 30 222 3 6 74 7 176 22 63 3 7 225 8 216 20 105 2 9 155 17 262 3 3 11 10 24 23 17 2 15 167 21 44 2 4 217 23 216 2 4 269 22 162 2 13 176 16 129 3 2 164 3 162 5 197 3 9 104 11 178 27 194 2 12 97 28 329 3 10 81 12 53 13 48 2 4 89 23 170 3 17 111 19 257 26 72 2 11 99 14 97 2 20 135 24 57 3 8 39 9 10 15 18 3 13 137 18 212 27 87 1 19 39 4 15 31 21 20 24 25 25 20 2 5 76 29 57 3 9 215 25 203 29 59 2 9 50 27 20 3 8 23 9 44 15 41 2 24 2 28 3 2 13 139 16 64 2 6 44 30 120
36 3 1 26 21 12 22 21 3 2 299 3 229 5 155 3 3 113 16 128 19 61 2 9 237 17 162 3 3 104 16 84 19 94 2 4 216 10 80 2 5 74 30 69 2 9 200 17 227 3 6 114 21 95 30 222 3 6 74 7 176 22 63 3 7 225 8 216 20 105 2 9 155 17 262 3 3 11 10 24 23 17 2 15 167 21 44 2 4 217 23 216 2 4 269 22 162 2 13 176 16 129 3 2 164 3 162 5 197 3 9 104 11 178 27 194 2 12 97 28 329 3 10 81 12 53 13 48 2 4 89 23 170 3 17 111 19 257 26 72 2 11 99 14 97 2 20 135 24 57 3 8 39 9 10 15 18 3 13 137 18 212 27 87 1 19 39 4 15 31 21 20 24 25 25 20 2 5 76 29 57 3 9 215 25 203 29 59 2 9 50 27 20 3 8 23 9 44 15 41 2 24 2 28 3 2 13 139 16 64 2 6 44 30 120
35 3 1 25 21 19 22 27 3 2 142 3 280 5 350 3 3 61 16 57 19 112 2 4 134 10 128 3 3 3 10 13 23 17 2 5 85 30 25 2 4 208 10 238 3 6 202 21 217 30 87 2 4 270 22 169 3 6 168 7 135 22 48 3 7 130 8 143 20 136 2 9 78 17 38 2 11 64 14 27 3 9 182 11 298 27 233 2 9 82 17 121 2 12 290 28 146 2 20 98 24 44 2 4 103 10 126 3 10 54 12 27 13 68 3 8 43 9 53 15 31 2 4 155 23 232 3 6 59 21 261 30 270 2 13 154 16 112 3 13 146 18 180 27 231 2 6 124 30 42 1 19 49 3 9 46 11 187 27 170 2 15 96 21 171 2 24 3 28 1 2 15 161 21 138 2 9 67 27 16 4 15 17 21 106 24 95 25 78 3 9 127 25 174 29 102 3 17 284 19 140 26 252 2 5 237 29 153
39 3 1 30 21 29 22 32 3 9 68 25 280 29 245 1 19 51 3 2 88 3 337 5 216 2 5 52 30 37 3 3 89 16 102 19 67 2 12 219 28 105 2 5 45 30 21 2 4 213 10 198 3 7 81 8 222 20 83 3 6 193 21 184 30 82 2 5 164 29 353 2 4 93 10 77 2 6 231 30 206 2 12 71 28 154 2 20 77 24 122 3 1 54 21 19 22 27 3 6 135 7 67 22 148 1 19 31 2 9 254 17 213 3 3 15 10 8 23 4 2 9 144 17 122 2 9 294 17 100 3 9 209 11 123 27 65 1 19 29 2 4 122 23 193 3 10 23 12 35 13 63 2 13 128 16 173 2 4 137 22 249 2 11 120 14 51 3 8 8 9 35 15 10 2 9 15 27 31 3 13 158 18 106 27 140 3 6 47 7 165 22 86 2 15 88 21 69 4 15 53 21 55 24 64 25 80 3 17 307 19 326 26 60 3 10 57 12 101 13 72 2 24 1 28 1
39 3 1 30 21 29 22 32 3 9 68 25 280 29 245 1 19 51 3 2 88 3 337 5 216 2 5 52 30 37 3 3 89 16 102 19 67 2 12 219 28 105 2 5 45 30 21 2 4 213 10 198 3 7 81 8 222 20 83 3 6 193 21 184 30 82 2 5 164 29 353 2 4 93 10 77 2 6 231 30 206 2 12 71 28 154 2 20 77 24 122 3 1 54 21 19 22 27 3 6 135 7 67 22 148 1 19 31 2 9 254 17 213 3 3 15 10 8 23 4 2 9 144 17 122 2 9 294 17 100 3 9 209 11 123 27 65 1 19 29 2 4 122 23 193 3 10 23 12 35 13 63 2 13 128 16 173 2 4 137 22 249 2 11 120 14 51 3 8 8 9 35 15 10 2 9 15 27 31 3 13 158 18 106 27 140 3 6 47 7 165 22 86 2 15 88 21 69 4 15 53 21 55 24 64 25 80 3 17 307 19 326 26 60 3 10 57 12 101 13 72 2 24 1 28 1
34 3 1 26 21 12 22 25 3 2 306 3 219 5 100 3 3 111 16 109 19 111 3 6 162 7 123 22 162 3 3 24 10 4 23 13 3 13 292 18 195 27 277 2 13 114 16 20 2 4 44 10 136 2 5 86 30 33 3 6 118 21 233 30 104 2 12 311 28 111 3 9 292 25 64 29 109 3 8 39 9 34 15 15 3 7 174 8 160 20 190 2 9 246 17 104 3 9 249 11 178 27 196 3 10 21 12 69 13 68 2 24 3 28 1 2 11 76 14 74 4 15 91 21 115 24 106 25 90 2 11 71 14 125 2 9 130 17 125 1 19 40 2 20 96 24 87 2 15 37 21 64 2 4 268 22 132 4 15 32 21 49 24 51 25 113 2 6 271 30 185 2 5 78 30 34 2 4 234 23 131 3 17 291 19 38 26 336 2 13 28 16 156 2 5 341 29 235 2 9 57 27 21
34 3 1 26 21 12 22 25 3 2 306 3 219 5 100 3 3 111 16 109 19 111 3 6 162 7 123 22 162 3 3 24 10 4 23 13 3 13 292 18 195 27 277 2 13 114 16 20 2 4 44 10 136 2 5 86 30 33 3 6 118 21 233 30 104 2 12 311 28 111 3 9 292 25 64 29 109 3 8 39 9 34 15 15 3 7 174 8 160 20 190 2 9 246 17 104 3 9 249 11 178 27 196 3 10 21 12 69 13 68 2 24 3 28 1 2 11 76 14 74 4 15 91 21 115 24 106 25 90 2 11 71 14 125 2 9 130 17 125 1 19 40 2 20 96 24 87 2 15 37 21 64 2 4 268 22 132 4 15 32 21 49 24 51 25 113 2 6 271 30 185 2 5 78 30 34 2 4 234 23 131 3 17 291 19 38 26 336 2 13 28 16 156 2 5 341 29 235 2 9 57 27 21
36 3 13 230 18 246 27 136 1 19 37 2 5 39 30 22 3 2 295 3 289 5 71 3 1 18 21 50 22 12 2 4 35 10 216 3 2 244 3 237 5 88 3 3 106 16 125 19 141 3 7 56 8 163 20 52 3 6 224 21 109 30 260 2 4 121 22 77 2 4 110 10 208 3 6 127 7 73 22 95 4 15 40 21 108 24 98 25 86 2 9 241 17 124 1 19 38 2 11 57 14 40 2 6 262 30 84 2 12 311 28 131 3 3 17 10 3 23 21 3 9 49 11 254 27 341 2 24 2 28 1 2 5 99 29 162 3 10 49 12 87 13 96 3 8 8 9 7 15 40 3 9 297 11 154 27 85 2 9 135 17 72 3 3 23 10 19 23 7 2 13 123 16 164 2 20 96 24 112 2 9 56 27 48 2 4 130 23 246 2 15 115 21 174 3 17 331 19 171 26 245 3 13 196 18 186 27 304 3 9 77 25 199 29 220
36 3 13 230 18 246 27 136 1 19 37 2 5 39 30 22 3 2 295 3 289 5 71 3 1 18 21 50 22 12 2 4 35 10 216 3 2 244 3 237 5 88 3 3 106 16 125 19 141 3 7 56 8 163 20 52 3 6 224 21 109 30 260 2 4 121 22 77 2 4 110 10 208 3 6 127 7 73 22 95 4 15 40 21 108 24 98 25 86 2 9 241 17 124 1 19 38 2 11 57 14 40 2 6 262 30 84 2 12 311 28 131 3 3 17 10 3 23 21 3 9 49 11 254 27 341 2 24 2 28 1 2 5 99 29 162 3 10 49 12 87 13 96 3 8 8 9 7 15 40 3 9 297 11 154 27 85 2 9 135 17 72 3 3 23 10 19 23 7 2 13 123 16 164 2 20 96 24 112 2 9 56 27 48 2 4 130 23 246 2 15 115 21 174 3 17 331 19 171 26 245 3 13 196 18 186 27 304 3 9 77 25 199 29 220
39 3 1 20 21 20 22 28 3 9 68 25 287 29 90 1 19 62 3 2 187 3 102 5 129 2 5 13 30 45 3 3 51 16 96 19 81 2 12 189 28 316 2 5 87 30 28 2 4 29 10 148 3 7 200 8 162 20 135 3 6 128 21 226 30 277 2 5 126 29 278 2 4 185 10 110 2 6 193 30 193 2 12 169 28 103 2 20 93 24 39 3 1 16 21 49 22 51 3 6 151 7 144 22 43 1 19 54 2 9 218 17 138 3 3 22 10 6 23 6 2 9 260 17 68 2 9 109 17 82 3 9 302 11 144 27 130 1 19 37 2 4 66 23 130 3 10 34 12 98 13 40 2 13 96 16 155 2 4 213 22 277 2 11 123 14 99 3 8 29 9 16 15 42 2 9 17 27 54 3 13 73 18 67 27 84 3 6 28 7 182 22 160 2 15 45 21 68 4 15 40 21 99 24 86 25 107 3 17 172 19 64 26 163 3 10 53 12 88 13 59 2 24 3 28 1
39 3 1 20 21 20 22 28 3 9 68 25 287 29 90 1 19 62 3 2 187 3 102 5 129 2 5 13 30 45 3 3 51 16 96 19 81 2 12 189 28 316 2 5 87 30 28 2 4 29 10 148 3 7 200 8 162 20 135 3 6 128 21 226 30 277 2 5 126 29 278 2 4 185 10 110 2 6 193 30 193 2 12 169 28 103 2 20 93 24 39 3 1 16 21 49 22 51 3 6 151 7 144 22 43 1 19 54 2 9 218 17 138 3 3 22 10 6 23 6 2 9 260 17 68 2 9 109 17 82 3 9 302 11 144 27 130 1 19 37 2 4 66 23 130 3 10 34 12 98 13 40 2 13 96 16 155 2 4 213 22 277 2 11 123 14 99 3 8 29 9 16 15 42 2 9 17 27 54 3 13 73 18 67 27 84 3 6 28 7 182 22 160 2 15 45 21 68 4 15 40 21 99 24 86 25 107 3 17 172 19 64 26 163 3 10 53 12 88 13 59 2 24 3 28 1
32 3 1 33 21 30 22 28 3 8 42 9 21 15 38 2 12 163 28 280 4 15 112 21 58 24 35 25 27 3 2 260 3 277 5 112 3 3 114 16 70 19 29 2 4 164 10 109 2 5 72 30 50 3 6 116 21 128 30 58 2 15 110 21 165 2 4 271 22 115 2 24 3 28 2 3 6 109 7 177 22 151 3 7 76 8 166 20 100 2 9 123 17 230 3 8 44 9 53 15 14 3 3 12 10 21 23 13 2 12 232 28 66 3 9 59 11 148 27 82 3 10 102 12 89 13 74 2 11 31 14 37 2 20 102 24 55 2 13 90 16 102 2 9 69 17 240 3 13 137 18 250 27 118 2 9 55 27 43 3 17 165 19 92 26 52 1 19 72 2 4 34 23 128 2 5 204 29 345 3 9 49 25 185 29 249 2 6 82 30 31
36 3 1 51 21 37 22 31 3 3 32 16 44 19 106 3 1 51 21 52 22 8 3 2 277 3 125 5 304 3 1 14 21 38 22 32 2 4 60 10 169 2 5 47 30 94 2 24 2 28 1 2 13 75 16 112 2 15 131 21 27 3 13 42 18 49 27 282 3 6 207 21 267 30 191 3 9 131 11 74 27 48 3 6 145 7 35 22 47 2 9 30 27 68 2 4 237 10 112 2 5 317 29 342 2 4 33 10 111 3 10 41 12 76 13 41 3 7 231 8 117 20 41 2 9 253 17 83 2 6 217 30 222 3 3 25 10 6 23 8 2 4 118 23 106 3 8 28 9 21 15 53 2 20 120 24 80 3 3 54 16 102 19 30 2 12 223 28 311 2 11 28 14 98 2 12 38 28 69 3 17 165 19 156 26 229 3 9 149 25 135 29 164 2 9 196 17 82 2 4 158 22 226 1 19 76 4 15 112 21 30 24 44 25 31
36 3 1 51 21 37 22 31 3 3 32 16 44 19 106 3 1 51 21 52 22 8 3 2 277 3 125 5 304 3 1 14 21 38 22 32 2 4 60 10 169 2 5 47 30 94 2 24 2 28 1 2 13 75 16 112 2 15 131 21 27 3 13 42 18 49 27 282 3 6 207 21 267 30 191 3 9 131 11 74 27 48 3 6 145 7 35 22 47 2 9 30 27 68 2 4 237 10 112 2 5 317 29 342 2 4 33 10 111 3 10 41 12 76 13 41 3 7 231 8 117 20 41 2 9 253 17 83 2 6 217 30 222 3 3 25 10 6 23 8 2 4 118 23 106 3 8 28 9 21 15 53 2 20 120 24 80 3 3 54 16 102 19 30 2 12 223 28 311 2 11 28 14 98 2 12 38 28 69 3 17 165 19 156 26 229 3 9 149 25 135 29 164 2 9 196 17 82 2 4 158 22 226 1 19 76 4 15 112 21 30 24 44 25 31
40 3 1 41 21 12 22 9 3 2 301 3 105 5 200 3 1 22 21 21 22 20 3 3 109 16 56 19 144 2 4 232 10 169 3 8 23 9 16 15 12 1 19 57 2 5 74 30 52 2 6 88 30 191 3 3 12 10 18 23 13 3 2 90 3 77 5 304 3 6 259 21 179 30 136 3 3 20 10 18 23 24 3 6 38 7 122 22 176 3 7 111 8 214 20 174 2 9 110 17 168 3 2 116 3 194 5 255 3 9 289 11 54 27 266 2 9 173 17 139 3 1 41 21 48 22 19 2 12 324 28 245 3 6 102 21 55 30 42 3 10 24 12 77 13 56 3 7 48 8 86 20 104 2 11 111 14 61 2 4 209 22 35 2 12 107 28 192 2 20 99 24 57 3 9 99 11 212 27 244 2 13 116 16 120 2 5 39 29 294 3 13 179 18 245 27 130 2 15 64 21 121 2 4 38 23 183 4 15 40 21 16 24 90 25 61 3 9 199 25 272 29 179 3 17 263 19 61 26 259 2 9 34 27 67 3 9 309 11 151 27 202 2 24 2 28 3
36 3 1 54 21 12 22 18 2 9 42 17 122 3 1 53 21 44 22 30 1 19 23 4 15 66 21 14 24 62 25 82 3 2 211 3 85 5 334 3 3 46 16 62 19 46 2 4 209 10 66 2 5 51 30 82 2 4 211 22 199 3 6 263 21 141 30 252 3 6 172 7 67 22 89 4 15 74 21 96 24 67 25 110 3 7 234 8 33 20 134 3 3 18 10 13 23 7 2 24 1 28 3 3 9 176 11 58 27 106 2 12 312 28 281 3 10 79 12 50 13 37 2 11 61 14 106 3 8 40 9 32 15 22 3 10 56 12 45 13 90 2 13 105 16 126 3 6 100 21 152 30 61 2 9 191 17 259 3 13 206 18 41 27 53 2 5 170 29 220 2 20 82 24 100 2 5 16 30 17 2 15 151 21 156 2 4 123 23 193 3 9 83 25 149 29 110 3 17 271 19 314 26 327 2 6 181 30 203 2 20 110 24 49 2 9 26 27 45
36 3 1 54 21 12 22 18 2 9 42 17 122 3 1 53 21 44 22 30 1 19 23 4 15 66 21 14 24 62 25 82 3 2 211 3 85 5 334 3 3 46 16 62 19 46 2 4 209 10 66 2 5 51 30 82 2 4 211 22 199 3 6 263 21 141 30 252 3 6 172 7 67 22 89 4 15 74 21 96 24 67 25 110 3 7 234 8 33 20 134 3 3 18 10 13 23 7 2 24 1 28 3 3 9 176 11 58 27 106 2 12 312 28 281 3 10 79 12 50 13 37 2 11 61 14 106 3 8 40 9 32 15 22 3 10 56 12 45 13 90 2 13 105 16 126 3 6 100 21 152 30 61 2 9 191 17 259 3 13 206 18 41 27 53 2 5 170 29 220 2 20 82 24 100 2 5 16 30 17 2 15 151 21 156 2 4 123 23 193 3 9 83 25 149 29 110 3 17 271 19 314 26 327 2 6 181 30 203 2 20 110 24 49 2 9 26 27 45
36 3 10 15 12 61 13 29 3 1 17 21 30 22 23 3 2 321 3 105 5 221 3 3 144 16 146 19 140 2 4 223 10 44 4 15 45 21 78 24 54 25 94 3 9 157 25 91 29 123 2 5 78 30 70 3 6 127 21 172 30 227 3 6 58 7 133 22 108 3 7 116 8 234 20 105 2 9 213 17 157 3 3 3 10 7 23 16 3 13 229 18 179 27 115 2 20 52 24 109 3 9 166 11 201 27 140 2 20 64 24 85 3 8 44 9 41 15 40 3 6 165 7 108 22 194 2 6 227 30 208 2 12 192 28 233 4 15 60 21 16 24 23 25 23 2 11 70 14 87 3 10 34 12 71 13 95 2 9 23 27 43 2 9 288 17 134 2 13 125 16 149 1 19 38 2 15 111 21 28 3 8 11 9 25 15 23 2 4 220 22 101 2 24 1 28 2 2 5 189 29 335 2 4 84 10 55 2 4 106 23 208 3 17 229 19 188 26 227
36 3 10 15 12 61 13 29 3 1 17 21 30 22 23 3 2 321 3 105 5 221 3 3 144 16 146 19 140 2 4 223 10 44 4 15 45 21 78 24 54 25 94 3 9 157 25 91 29 123 2 5 78 30 70 3 6 127 21 172 30 227 3 6 58 7 133 22 108 3 7 116 8 234 20 105 2 9 213 17 157 3 3 3 10 7 23 16 3 13 229 18 179 27 115 2 20 52 24 109 3 9 166 11 201 27 140 2 20 64 24 85 3 8 44 9 41 15 40 3 6 165 7 108 22 194 2 6 227 30 208 2 12 192 28 233 4 15 60 21 16 24 23 25 23 2 11 70 14 87 3 10 34 12 71 13 95 2 9 23 27 43 2 9 288 17 134 2 13 125 16 149 1 19 38 2 15 111 21 28 3 8 11 9 25 15 23 2 4 220 22 101 2 24 1 28 2 2 5 189 29 335 2 4 84 10 55 2 4 106 23 208 3 17 229 19 188 26 227
36 3 10 15 12 61 13 29 3 1 17 21 30 22 23 3 2 321 3 105 5 221 3 3 144 16 146 19 140 2 4 223 10 44 4 15 45 21 78 24 54 25 94 3 9 157 25 91 29 123 2 5 78 30 70 3 6 127 21 172 30 227 3 6 58 7 133 22 108 3 7 116 8 234 20 105 2 9 213 17 157 3 3 3 10 7 23 16 3 13 229 18 179 27 115 2 20 52 24 109 3 9 166 11 201 27 140 2 20 64 24 85 3 8 44 9 41 15 40 3 6 165 7 108 22 194 2 6 227 30 208 2 12 192 28 233 4 15 60 21 16 24 23 25 23 2 11 70 14 87 3 10 34 12 71 13 95 2 9 23 27 43 2 9 288 17 134 2 13 125 16 149 1 19 38 2 15 111 21 28 3 8 11 9 25 15 23 2 4 220 22 101 2 24 1 28 2 2 5 189 29 335 2 4 84 10 55 2 4 106 23 208 3 17 229 19 188 26 227
35 3 9 237 11 192 27 240 2 6 221 30 225 3 1 41 21 15 22 53 3 3 110 16 18 19 129 3 2 295 3 178 5 229 3 1 29 21 54 22 12 2 4 234 10 182 2 5 67 30 74 3 6 99 21 139 30 94 3 7 82 8 104 20 140 2 5 119 29 147 3 6 90 7 191 22 63 4 15 50 21 68 24 16 25 29 3 6 270 21 230 30 176 2 9 79 17 131 2 4 246 10 107 3 3 9 10 20 23 5 2 12 78 28 225 1 19 77 2 20 113 24 23 2 15 140 21 57 2 4 69 22 123 3 10 93 12 76 13 71 2 9 208 17 203 2 9 69 27 47 2 13 52 16 126 2 11 22 14 17 3 1 51 21 7 22 40 3 8 23 9 52 15 31 3 17 53 19 59 26 321 2 24 1 28 1 3 9 176 25 200 29 154 2 9 295 17 68 3 13 149 18 164 27 161 2 4 43 23 101
32 3 8 41 9 39 15 9 3 1 28 21 42 22 13 3 2 83 3 220 5 355 3 3 27 16 131 19 109 2 4 76 10 225 2 5 10 30 48 2 15 36 21 29 3 2 160 3 133 5 204 3 6 269 21 258 30 55 3 6 173 7 32 22 113 2 12 47 28 302 3 2 327 3 186 5 354 3 7 76 8 207 20 109 4 15 81 21 24 24 19 25 63 2 9 61 17 182 3 3 4 10 20 23 17 3 9 126 11 117 27 234 3 10 21 12 87 13 101 2 11 117 14 59 2 13 38 16 106 2 9 57 17 226 3 13 226 18 203 27 86 2 9 54 27 42 2 6 147 30 124 1 19 54 3 17 245 19 327 26 268 2 20 114 24 80 2 4 60 22 129 2 4 232 23 219 3 9 291 25 86 29 142 2 5 308 29 66 2 24 2 28 2
32 3 8 41 9 39 15 9 3 1 28 21 42 22 13 3 2 83 3 220 5 355 3 3 27 16 131 19 109 2 4 76 10 225 2 5 10 30 48 2 15 36 21 29 3 2 160 3 133 5 204 3 6 269 21 258 30 55 3 6 173 7 32 22 113 2 12 47 28 302 3 2 327 3 186 5 354 3 7 76 8 207 20 109 4 15 81 21 24 24 19 25 63 2 9 61 17 182 3 3 4 10 20 23 17 3 9 126 11 117 27 234 3 10 21 12 87 13 101 2 11 117 14 59 2 13 38 16 106 2 9 57 17 226 3 13 226 18 203 27 86 2 9 54 27 42 2 6 147 30 124 1 19 54 3 17 245 19 327 26 268 2 20 114 24 80 2 4 60 22 129 2 4 232 23 219 3 9 291 25 86 29 142 2 5 308 29 66 2 24 2 28 2
32 3 8 41 9 39 15 9 3 1 28 21 42 22 13 3 2 83 3 220 5 355 3 3 27 16 131 19 109 2 4 76 10 225 2 5 10 30 48 2 15 36 21 29 3 2 160 3 133 5 204 3 6 269 21 258 30 55 3 6 173 7 32 22 113 2 12 47 28 302 3 2 327 3 186 5 354 3 7 76 8 207 20 109 4 15 81 21 24 24 19 25 63 2 9 61 17 182 3 3 4 10 20 23 17 3 9 126 11 117 27 234 3 10 21 12 87 13 101 2 11 117 14 59 2 13 38 16 106 2 9 57 17 226 3 13 226 18 203 27 86 2 9 54 27 42 2 6 147 30 124 1 19 54 3 17 245 19 327 26 268 2 20 114 24 80 2 4 60 22 129 2 4 232 23 219 3 9 291 25 86 29 142 2 5 308 29 66 2 24 2 28 2
32 3 8 41 9 39 15 9 3 1 28 21 42 22 13 3 2 83 3 220 5 355 3 3 27 16 131 19 109 2 4 76 10 225 2 5 10 30 48 2 15 36 21 29 3 2 160 3 133 5 204 3 6 269 21 258 30 55 3 6 173 7 32 22 113 2 12 47 28 302 3 2 327 3 186 5 354 3 7 76 8 207 20 109 4 15 81 21 24 24 19 25 63 2 9 61 17 182 3 3 4 10 20 23 17 3 9 126 11 117 27 234 3 10 21 12 87 13 101 2 11 117 14 59 2 13 38 16 106 2 9 57 17 226 3 13 226 18 203 27 86 2 9 54 27 42 2 6 147 30 124 1 19 54 3 17 245 19 327 26 268 2 20 114 24 80 2 4 60 22 129 2 4 232 23 219 3 9 291 25 86 29 142 2 5 308 29 66 2 24 2 28 2
40 3 1 8 21 48 22 44 3 2 60 3 108 5 295 3 1 56 21 13 22 32 3 3 150 16 49 19 132 2 4 115 10 27 3 8 42 9 41 15 34 1 19 13 2 5 21 30 34 2 6 136 30 75 3 3 3 10 16 23 15 3 2 174 3 81 5 189 3 6 169 21 113 30 135 3 3 15 10 9 23 11 3 6 173 7 118 22 142 3 7 234 8 68 20 122 2 9 219 17 119 3 2 48 3 67 5 321 3 9 82 11 143 27 150 2 9 142 17 223 3 1 46 21 54 22 34 2 12 284 28 145 3 6 233 21 48 30 61 3 10 28 12 47 13 29 3 7 226 8 134 20 143 2 11 88 14 109 2 4 150 22 72 2 12 246 28 247 2 20 44 24 66 3 9 120 11 90 27 323 2 13 178 16 165 2 5 64 29 187 3 13 232 18 144 27 216 2 15 170 21 172 2 4 36 23 28 4 15 88 21 15 24 116 25 13 3 9 250 25 159 29 100 3 17 333 19 304 26 191 2 9 19 27 65 3 9 87 11 64 27 128 2 24 3 28 3
32 3 1 32 21 37 22 8 2 5 330 29 242 2 13 62 16 124 3 2 281 3 353 5 164 3 3 147 16 18 19 136 2 4 120 10 68 2 5 24 30 86 2 4 50 10 74 2 20 80 24 115 3 6 244 21 208 30 202 3 6 103 7 70 22 143 3 7 52 8 93 20 110 2 9 194 17 152 3 10 45 12 74 13 82 3 3 12 10 14 23 13 3 9 48 11 323 27 123 2 6 141 30 149 2 12 228 28 274 2 9 96 17 111 3 9 60 11 207 27 123 2 11 103 14 91 3 8 31 9 26 15 34 3 13 132 18 265 27 157 4 15 30 21 99 24 50 25 70 1 19 65 2 4 116 22 91 3 17 305 19 279 26 208 2 15 64 21 163 2 4 159 23 148 3 9 147 25 231 29 41 2 24 3 28 3 2 9 37 27 64
37 3 1 17 21 13 22 29 3 2 332 3 53 5 40 3 1 22 21 16 22 13 2 15 63 21 52 3 3 55 16 133 19 98 3 13 38 18 48 27 169 3 17 295 19 212 26 259 3 2 312 3 355 5 315 3 7 217 8 111 20 108 3 1 53 21 31 22 25 3 8 39 9 17 15 26 3 9 292 11 214 27 118 2 4 207 10 197 2 24 3 28 3 2 5 14 30 91 3 6 152 21 122 30 231 3 6 127 7 97 22 130 3 9 335 11 157 27 196 2 9 72 17 267 3 10 54 12 53 13 32 2 9 259 17 128 3 3 12 10 22 23 17 2 12 262 28 313 2 11 27 14 17 2 13 47 16 61 2 4 138 10 155 2 9 245 17 203 1 19 64 2 6 155 30 40 2 20 129 24 34 3 9 165 25 192 29 47 2 4 67 23 205 2 4 281 22 216 4 15 39 21 94 24 113 25 53 2 9 68 27 30 2 9 61 17 192 2 5 148 29 240
33 3 13 84 18 124 27 94 3 1 28 21 33 22 6 3 2 300 3 323 5 270 3 13 61 18 154 27 34 2 9 101 17 214 3 3 20 16 54 19 147 2 4 155 10 222 3 6 190 21 231 30 124 2 5 35 30 66 2 4 64 22 271 2 12 164 28 322 3 6 189 7 76 22 99 2 4 84 23 125 3 7 163 8 213 20 226 2 24 2 28 1 3 3 8 10 10 23 20 3 9 151 11 196 27 175 3 10 56 12 32 13 44 3 17 240 19 284 26 205 2 11 39 14 43 2 15 112 21 183 3 9 180 25 83 29 174 3 8 31 9 45 15 7 3 1 37 21 20 22 31 2 13 166 16 132 2 9 65 17 220 1 19 48 2 20 41 24 46 4 15 70 21 25 24 95 25 92 2 9 14 27 16 2 5 156 29 189 2 11 50 14 66 2 6 262 30 103
33 3 13 259 18 117 27 285 3 1 47 21 46 22 39 3 2 41 3 108 5 41 3 13 251 18 242 27 110 2 9 74 17 97 3 3 63 16 127 19 27 2 4 239 10 81 3 6 175 21 195 30 50 2 5 37 30 77 2 4 267 22 152 2 12 58 28 242 3 6 163 7 170 22 106 2 4 41 23 199 3 7 190 8 88 20 215 2 24 2 28 2 3 3 16 10 23 23 18 3 9 78 11 98 27 328 3 10 105 12 26 13 84 3 17 255 19 170 26 56 2 11 17 14 88 2 15 99 21 157 3 9 110 25 119 29 133 3 8 41 9 23 15 10 3 1 56 21 55 22 45 2 13 90 16 113 2 9 111 17 220 1 19 49 2 20 26 24 59 4 15 78 21 46 24 28 25 95 2 9 64 27 12 2 5 227 29 217 2 11 17 14 95 2 6 138 30 103
36 3 1 18 21 11 22 36 2 9 173 17 246 3 1 9 21 17 22 12 1 19 71 4 15 65 21 28 24 99 25 68 3 2 50 3 126 5 103 3 3 102 16 130 19 141 2 4 159 10 75 2 5 56 30 62 2 4 207 22 142 3 6 92 21 134 30 141 3 6 148 7 90 22 28 4 15 65 21 59 24 82 25 26 3 7 192 8 226 20 89 3 3 10 10 15 23 4 2 24 2 28 3 3 9 339 11 87 27 57 2 12 311 28 274 3 10 33 12 83 13 22 2 11 121 14 106 3 8 45 9 7 15 40 3 10 53 12 25 13 70 2 13 112 16 126 3 6 179 21 154 30 33 2 9 185 17 226 3 13 189 18 44 27 190 2 5 207 29 93 2 20 45 24 94 2 5 12 30 38 2 15 98 21 133 2 4 126 23 237 3 9 255 25 244 29 56 3 17 178 19 136 26 209 2 6 169 30 167 2 20 67 24 90 2 9 52 27 61
36 3 1 47 21 36 22 21 3 2 144 3 80 5 101 3 3 38 16 116 19 29 2 9 278 17 91 3 3 75 16 96 19 117 2 4 50 10 215 2 5 45 30 52 2 9 221 17 297 3 6 265 21 179 30 60 3 6 102 7 58 22 108 3 7 116 8 205 20 207 2 9 113 17 181 3 3 22 10 21 23 8 2 15 124 21 134 2 4 89 23 232 2 4 269 22 216 2 13 53 16 48 3 2 238 3 66 5 159 3 9 252 11 336 27 58 2 12 193 28 182 3 10 19 12 53 13 95 2 4 118 23 72 3 17 107 19 269 26 180 2 11 103 14 80 2 20 17 24 135 3 8 43 9 25 15 51 3 13 168 18 286 27 190 1 19 38 4 15 20 21 110 24 88 25 88 2 5 161 29 162 3 9 291 25 134 29 89 2 9 36 27 14 3 8 52 9 11 15 20 2 24 3 28 3 2 13 21 16 149 2 6 170 30 107
36 3 1 47 21 36 22 21 3 2 144 3 80 5 101 3 3 38 16 116 19 29 2 9 278 17 91 3 3 75 16 96 19 117 2 4 50 10 215 2 5 45 30 52 2 9 221 17 297 3 6 265 21 179 30 60 3 6 102 7 58 22 108 3 7 116 8 205 20 207 2 9 113 17 181 3 3 22 10 21 23 8 2 15 124 21 134 2 4 89 23 232 2 4 269 22 216 2 13 53 16 48 3 2 238 3 66 5 159 3 9 252 11 336 27 58 2 12 193 28 182 3 10 19 12 53 13 95 2 4 118 23 72 3 17 107 19 269 26 180 2 11 103 14 80 2 20 17 24 135 3 8 43 9 25 15 51 3 13 168 18 286 27 190 1 19 38 4 15 20 21 110 24 88 25 88 2 5 161 29 162 3 9 291 25 134 29 89 2 9 36 27 14 3 8 52 9 11 15 20 2 24 3 28 3 2 13 21 16 149 2 6 170 30 107
36 3 1 47 21 36 22 21 3 2 144 3 80 5 101 3 3 38 16 116 19 29 2 9 278 17 91 3 3 75 16 96 19 117 2 4 50 10 215 2 5 45 30 52 2 9 221 17 297 3 6 265 21 179 30 60 3 6 102 7 58 22 108 3 7 116 8 205 20 207 2 9 113 17 181 3 3 22 10 21 23 8 2 15 124 21 134 2 4 89 23 232 2 4 269 22 216 2 13 53 16 48 3 2 238 3 66 5 159 3 9 252 11 336 27 58 2 12 193 28 182 3 10 19 12 53 13 95 2 4 118 23 72 3 17 107 19 269 26 180 2 11 103 14 80 2 20 17 24 135 3 8 43 9 25 15 51 3 13 168 18 286 27 190 1 19 38 4 15 20 21 110 24 88 25 88 2 5 161 29 162 3 9 291 25 134 29 89 2 9 36 27 14 3 8 52 9 11 15 20 2 24 3 28 3 2 13 21 16 149 2 6 170 30 107
36 3 10 39 12 65 13 70 3 1 57 21 20 22 29 3 2 224 3 323 5 246 3 3 80 16 120 19 93 2 4 146 10 112 4 15 94 21 71 24 85 25 86 3 9 236 25 185 29 231 2 5 66 30 48 3 6 138 21 68 30 82 3 6 168 7 89 22 34 3 7 153 8 132 20 185 2 9 153 17 68 3 3 21 10 15 23 12 3 13 217 18 89 27 34 2 20 107 24 132 3 9 279 11 188 27 153 2 20 117 24 61 3 8 47 9 35 15 29 3 6 78 7 48 22 114 2 6 111 30 78 2 12 242 28 183 4 15 63 21 67 24 32 25 80 2 11 69 14 109 3 10 45 12 29 13 87 2 9 61 27 43 2 9 57 17 302 2 13 78 16 61 1 19 81 2 15 23 21 37 3 8 20 9 26 15 31 2 4 231 22 40 2 24 1 28 2 2 5 278 29 150 2 4 230 10 225 2 4 38 23 106 3 17 203 19 256 26 90
36 3 10 39 12 65 13 70 3 1 57 21 20 22 29 3 2 224 3 323 5 246 3 3 80 16 120 19 93 2 4 146 10 112 4 15 94 21 71 24 85 25 86 3 9 236 25 185 29 231 2 5 66 30 48 3 6 138 21 68 30 82 3 6 168 7 89 22 34 3 7 153 8 132 20 185 2 9 153 17 68 3 3 21 10 15 23 12 3 13 217 18 89 27 34 2 20 107 24 132 3 9 279 11 188 27 153 2 20 117 24 61 3 8 47 9 35 15 29 3 6 78 7 48 22 114 2 6 111 30 78 2 12 242 28 183 4 15 63 21 67 24 32 25 80 2 11 69 14 109 3 10 45 12 29 13 87 2 9 61 27 43 2 9 57 17 302 2 13 78 16 61 1 19 81 2 15 23 21 37 3 8 20 9 26 15 31 2 4 231 22 40 2 24 1 28 2 2 5 278 29 150 2 4 230 10 225 2 4 38 23 106 3 17 203 19 256 26 90
36 3 1 36 21 14 22 19 2 9 238 17 186 3 2 306 3 141 5 298 2 9 256 17 178 3 3 79 16 74 19 17 2 4 98 10 57 2 5 80 30 53 3 6 255 21 266 30 110 2 4 208 10 52 3 6 112 7 83 22 53 3 7 216 8 142 20 194 2 5 44 30 93 2 9 51 17 40 3 3 2 10 16 23 3 3 9 177 11 99 27 63 2 12 153 28 244 3 2 52 3 265 5 345 3 10 82 12 87 13 13 2 12 162 28 168 2 11 83 14 110 3 8 16 9 12 15 21 2 4 79 22 117 2 9 9 27 35 2 20 109 24 124 2 13 92 16 140 3 13 237 18 78 27 191 1 19 20 2 4 195 23 65 2 6 64 30 262 2 15 181 21 86 4 15 24 21 20 24 45 25 69 3 1 22 21 53 22 48 2 24 2 28 2 3 9 44 25 211 29 176 3 17 281 19 124 26 301 2 5 62 29 263
36 3 1 12 21 21 22 26 2 9 155 17 136 3 2 154 3 119 5 85 2 9 133 17 222 3 3 64 16 133 19 54 2 4 185 10 244 2 5 48 30 12 3 6 178 21 58 30 112 2 4 233 10 57 3 6 62 7 146 22 194 3 7 70 8 186 20 234 2 5 23 30 45 2 9 106 17 73 3 3 24 10 21 23 8 3 9 271 11 81 27 324 2 12 116 28 212 3 2 102 3 297 5 63 3 10 39 12 24 13 51 2 12 113 28 234 2 11 40 14 34 3 8 33 9 25 15 37 2 4 55 22 92 2 9 60 27 35 2 20 73 24 32 2 13 179 16 105 3 13 98 18 242 27 67 1 19 51 2 4 243 23 227 2 6 51 30 72 2 15 82 21 146 4 15 53 21 37 24 74 25 56 3 1 33 21 30 22 28 2 24 1 28 1 3 9 289 25 193 29 273 3 17 194 19 107 26 103 2 5 133 29 136
35 3 9 191 11 230 27 175 2 6 107 30 92 3 1 52 21 9 22 29 3 3 23 16 73 19 30 3 2 251 3 276 5 326 3 1 28 21 19 22 21 2 4 111 10 170 2 5 35 30 16 3 6 120 21 103 30 191 3 7 147 8 143 20 51 2 5 271 29 169 3 6 179 7 194 22 180 4 15 87 21 78 24 45 25 111 3 6 203 21 152 30 182 2 9 253 17 242 2 4 30 10 212 3 3 17 10 5 23 13 2 12 161 28 262 1 19 22 2 20 80 24 133 2 15 171 21 92 2 4 53 22 256 3 10 32 12 88 13 17 2 9 63 17 121 2 9 53 27 42 2 13 119 16 93 2 11 55 14 84 3 1 37 21 47 22 21 3 8 38 9 48 15 44 3 17 61 19 164 26 335 2 24 3 28 1 3 9 47 25 46 29 209 2 9 294 17 292 3 13 202 18 50 27 121 2 4 174 23 36
34 3 1 51 21 22 22 7 3 2 285 3 200 5 290 3 3 96 16 126 19 129 3 6 144 7 114 22 106 3 3 13 10 20 23 9 3 13 137 18 274 27 80 2 13 85 16 52 2 4 136 10 51 2 5 70 30 27 3 6 173 21 217 30 66 2 12 232 28 201 3 9 78 25 127 29 184 3 8 11 9 48 15 29 3 7 56 8 115 20 110 2 9 147 17 39 3 9 40 11 142 27 98 3 10 29 12 71 13 94 2 24 2 28 1 2 11 36 14 41 4 15 104 21 111 24 53 25 74 2 11 30 14 64 2 9 152 17 97 1 19 63 2 20 16 24 125 2 15 77 21 156 2 4 130 22 149 4 15 21 21 47 24 60 25 29 2 6 274 30 217 2 5 88 30 70 2 4 36 23 147 3 17 173 19 176 26 302 2 13 152 16 42 2 5 315 29 183 2 9 53 27 45
32 3 8 39 9 43 15 47 3 1 13 21 15 22 44 3 2 136 3 234 5 178 3 3 127 16 123 19 148 2 4 62 10 66 2 5 55 30 13 2 15 105 21 113 3 2 323 3 161 5 198 3 6 71 21 250 30 270 3 6 72 7 104 22 44 2 12 88 28 160 3 2 82 3 348 5 220 3 7 196 8 31 20 161 4 15 98 21 111 24 13 25 115 2 9 262 17 61 3 3 10 10 6 23 24 3 9 42 11 327 27 222 3 10 99 12 26 13 23 2 11 36 14 86 2 13 87 16 67 2 9 225 17 247 3 13 48 18 262 27 234 2 9 24 27 23 2 6 33 30 239 1 19 55 3 17 312 19 77 26 270 2 20 24 24 103 2 4 140 22 86 2 4 191 23 219 3 9 53 25 275 29 128 2 5 75 29 326 2 24 3 28 1
35 3 9 190 11 168 27 314 2 6 35 30 153 3 1 36 21 30 22 54 3 3 127 16 139 19 78 3 2 304 3 94 5 159 3 1 35 21 22 22 49 2 4 199 10 228 2 5 91 30 18 3 6 175 21 48 30 128 3 7 233 8 108 20 84 2 5 180 29 120 3 6 124 7 70 22 29 4 15 66 21 34 24 58 25 33 3 6 60 21 125 30 269 2 9 108 17 218 2 4 138 10 195 3 3 12 10 21 23 24 2 12 295 28 42 1 19 84 2 20 79 24 85 2 15 172 21 174 2 4 152 22 107 3 10 31 12 61 13 24 2 9 83 17 89 2 9 47 27 64 2 13 129 16 167 2 11 93 14 36 3 1 16 21 9 22 31 3 8 22 9 51 15 20 3 17 297 19 242 26 302 2 24 2 28 2 3 9 187 25 62 29 86 2 9 159 17 87 3 13 247 18 178 27 275 2 4 48 23 199
34 3 1 24 21 43 22 34 3 2 330 3 294 5 199 3 3 59 16 151 19 73 3 6 86 7 143 22 137 3 3 6 10 19 23 20 3 13 292 18 99 27 42 2 13 126 16 154 2 4 51 10 114 2 5 71 30 74 3 6 217 21 84 30 275 2 12 91 28 111 3 9 221 25 43 29 69 3 8 36 9 41 15 49 3 7 34 8 117 20 47 2 9 145 17 133 3 9 304 11 55 27 77 3 10 35 12 61 13 81 2 24 2 28 1 2 11 66 14 38 4 15 36 21 73 24 15 25 55 2 11 26 14 49 2 9 54 17 47 1 19 51 2 20 81 24 43 2 15 154 21 59 2 4 160 22 169 4 15 31 21 13 24 51 25 66 2 6 35 30 233 2 5 35 30 89 2 4 139 23 124 3 17 188 19 45 26 286 2 13 125 16 161 2 5 269 29 313 2 9 49 27 21
36 3 10 40 12 50 13 69 3 1 31 21 40 22 42 3 2 86 3 70 5 102 3 3 102 16 127 19 58 2 4 152 10 205 4 15 110 21 72 24 91 25 96 3 9 98 25 136 29 177 2 5 77 30 73 3 6 180 21 49 30 81 3 6 106 7 34 22 98 3 7 202 8 69 20 177 2 9 161 17 148 3 3 25 10 22 23 17 3 13 208 18 78 27 260 2 20 46 24 122 3 9 262 11 306 27 207 2 20 140 24 34 3 8 42 9 41 15 52 3 6 126 7 143 22 190 2 6 241 30 218 2 12 252 28 89 4 15 35 21 43 24 72 25 39 2 11 92 14 111 3 10 56 12 67 13 42 2 9 18 27 46 2 9 188 17 145 2 13 90 16 127 1 19 41 2 15 55 21 33 3 8 46 9 30 15 41 2 4 167 22 79 2 24 1 28 1 2 5 124 29 339 2 4 235 10 201 2 4 199 23 55 3 17 98 19 257 26 99
34 3 1 20 21 56 22 9 3 2 255 3 310 5 305 3 3 78 16 64 19 41 3 6 31 7 109 22 174 3 3 13 10 5 23 22 3 13 100 18 141 27 69 2 13 167 16 22 2 4 68 10 206 2 5 23 30 80 3 6 78 21 239 30 118 2 12 70 28 169 3 9 75 25 110 29 50 3 8 35 9 29 15 47 3 7 67 8 33 20 78 2 9 122 17 83 3 9 288 11 108 27 323 3 10 60 12 53 13 101 2 24 2 28 2 2 11 115 14 122 4 15 91 21 15 24 54 25 63 2 11 106 14 20 2 9 300 17 290 1 19 32 2 20 126 24 20 2 15 98 21 75 2 4 235 22 269 4 15 86 21 101 24 31 25 104 2 6 257 30 136 2 5 31 30 25 2 4 160 23 197 3 17 262 19 270 26 321 2 13 30 16 179 2 5 248 29 83 2 9 67 27 19
35 3 1 14 21 53 22 50 3 2 158 3 87 5 119 3 3 123 16 91 19 20 2 4 57 10 91 3 3 12 10 8 23 5 2 5 41 30 50 2 4 181 10 162 3 6 151 21 130 30 106 2 4 77 22 55 3 6 154 7 166 22 200 3 7 173 8 208 20 63 2 9 43 17 126 2 11 76 14 46 3 9 295 11 61 27 153 2 9 140 17 57 2 12 323 28 310 2 20 24 24 98 2 4 71 10 36 3 10 63 12 86 13 67 3 8 33 9 6 15 48 2 4 94 23 39 3 6 104 21 174 30 99 2 13 112 16 67 3 13 278 18 272 27 208 2 6 181 30 139 1 19 56 3 9 333 11 339 27 60 2 15 178 21 86 2 24 1 28 3 2 15 106 21 123 2 9 63 27 42 4 15 42 21 67 24 57 25 97 3 9 137 25 120 29 146 3 17 96 19 212 26 309 2 5 130 29 125
35 2 9 37 17 261 3 9 246 25 157 29 176 2 12 126 28 242 2 5 293 29 107 2 9 124 17 129 2 20 26 24 80 3 1 17 21 26 22 53 3 2 49 3 47 5 98 3 3 136 16 114 19 141 2 4 166 10 124 1 19 9 2 5 45 30 12 2 4 159 10 117 3 6 57 21 175 30 96 3 6 48 7 149 22 197 2 12 125 28 169 3 7 157 8 134 20 156 3 6 119 21 211 30 57 3 3 22 10 25 23 12 2 11 30 14 28 3 9 80 11 167 27 113 3 10 12 12 71 13 83 3 8 36 9 36 15 20 3 6 96 7 122 22 175 2 13 100 16 144 2 9 111 17 153 2 24 2 28 3 3 17 101 19 91 26 261 3 13 141 18 184 27 216 2 4 55 23 30 2 15 114 21 39 2 4 60 22 194 2 6 214 30 62 2 9 63 27 65 4 15 71 21 70 24 15 25 52
35 3 6 126 7 200 22 177 3 1 43 21 21 22 10 3 6 184 7 39 22 186 3 2 223 3 265 5 287 3 3 84 16 64 19 58 2 4 198 10 166 3 1 50 21 52 22 53 2 12 168 28 309 2 4 198 10 151 2 5 67 30 12 3 6 57 21 72 30 210 3 9 276 25 196 29 76 2 9 39 17 265 3 7 166 8 104 20 152 3 9 205 11 217 27 94 3 3 3 10 24 23 3 3 10 94 12 28 13 52 2 11 97 14 37 3 8 21 9 10 15 30 2 13 35 16 46 3 17 192 19 327 26 53 2 11 79 14 117 2 9 50 17 166 3 13 57 18 133 27 225 2 5 177 29 318 1 19 63 2 20 78 24 72 2 15 183 21 66 2 4 77 22 131 2 4 99 23 109 4 15 112 21 91 24 54 25 57 2 6 141 30 207 2 15 57 21 93 2 9 55 27 24 2 24 1 28 1
DUE_DATES: 7217 7217 7833 7833 7977 8085 8085 7598 7598 8140 8140 7665 7665 6348 7365 7365 8780 7427 7427 7649 7649 7649 7223 7102 7102 7102 7102 8201 7073 8476 6958 6491 7222 7713 7713 7713 7154 7154 7611 7131 7470 6581 7047 7340 6351 7365 7060 7122 6683 7291
WEIGHTS: 2 2 2 1 1 3 2 2 1 1 1 3 1 1 3 2 3 3 3 3 1 3 3 1 1 1 3 3 1 2 1 3 3 3 1 2 3 2 3 3 2 3 2 1 1 1 2 3 1 2
