50 30
39 3 10 35 14 17 23 5 2 3 47 14 96 3 10 24 14 31 23 21 3 1 48 4 51 12 72 3 10 24 14 35 23 31 3 2 127 8 149 22 70 2 4 44 15 45 3 10 36 14 27 23 8 3 9 186 17 54 24 117 2 3 38 14 43 2 19 37 20 31 3 5 246 14 32 30 138 3 5 13 20 17 29 28 2 6 26 9 4 2 4 13 15 5 2 7 159 13 170 2 6 3 9 12 2 6 225 8 154 2 11 64 14 191 3 1 12 20 1 30 9 3 9 170 17 201 24 266 3 6 167 12 69 13 92 3 13 60 14 34 28 143 2 5 72 28 75 3 12 194 13 59 20 60 2 15 169 24 63 3 15 225 16 52 19 205 2 1 177 17 151 2 13 3 18 6 3 5 17 20 24 29 9 3 16 180 21 221 25 82 3 14 13 16 24 22 10 2 12 41 23 38 2 13 44 24 29 2 20 84 27 94 2 4 123 25 101 2 7 177 26 62 2 4 50 25 56 3 9 12 20 10 30 19
39 3 10 35 14 17 23 5 2 3 47 14 96 3 10 24 14 31 23 21 3 1 48 4 51 12 72 3 10 24 14 35 23 31 3 2 127 8 149 22 70 2 4 44 15 45 3 10 36 14 27 23 8 3 9 186 17 54 24 117 2 3 38 14 43 2 19 37 20 31 3 5 246 14 32 30 138 3 5 13 20 17 29 28 2 6 26 9 4 2 4 13 15 5 2 7 159 13 170 2 6 3 9 12 2 6 225 8 154 2 11 64 14 191 3 1 12 20 1 30 9 3 9 170 17 201 24 266 3 6 167 12 69 13 92 3 13 60 14 34 28 143 2 5 72 28 75 3 12 194 13 59 20 60 2 15 169 24 63 3 15 225 16 52 19 205 2 1 177 17 151 2 13 3 18 6 3 5 17 20 24 29 9 3 16 180 21 221 25 82 3 14 13 16 24 22 10 2 12 41 23 38 2 13 44 24 29 2 20 84 27 94 2 4 123 25 101 2 7 177 26 62 2 4 50 25 56 3 9 12 20 10 30 19
39 3 10 35 14 17 23 5 2 3 47 14 96 3 10 24 14 31 23 21 3 1 48 4 51 12 72 3 10 24 14 35 23 31 3 2 127 8 149 22 70 2 4 44 15 45 3 10 36 14 27 23 8 3 9 186 17 54 24 117 2 3 38 14 43 2 19 37 20 31 3 5 246 14 32 30 138 3 5 13 20 17 29 28 2 6 26 9 4 2 4 13 15 5 2 7 159 13 170 2 6 3 9 12 2 6 225 8 154 2 11 64 14 191 3 1 12 20 1 30 9 3 9 170 17 201 24 266 3 6 167 12 69 13 92 3 13 60 14 34 28 143 2 5 72 28 75 3 12 194 13 59 20 60 2 15 169 24 63 3 15 225 16 52 19 205 2 1 177 17 151 2 13 3 18 6 3 5 17 20 24 29 9 3 16 180 21 221 25 82 3 14 13 16 24 22 10 2 12 41 23 38 2 13 44 24 29 2 20 84 27 94 2 4 123 25 101 2 7 177 26 62 2 4 50 25 56 3 9 12 20 10 30 19
36 3 1 111 4 47 12 61 3 2 91 8 221 22 118 2 3 56 14 84 2 4 20 15 13 3 5 54 14 177 30 158 2 6 17 9 3 2 11 187 14 203 3 6 70 12 160 13 187 2 7 141 13 35 3 12 213 13 149 20 92 2 3 33 14 113 2 6 226 8 142 3 1 92 4 45 12 22 3 9 129 17 124 24 234 3 1 2 20 8 30 6 3 15 57 16 71 19 287 3 10 28 14 7 23 20 3 13 25 14 93 28 178 2 19 41 20 72 2 15 251 24 217 3 1 6 20 10 30 6 2 1 150 17 185 3 5 28 20 15 29 14 2 12 35 23 39 3 16 178 21 216 25 135 2 12 17 23 6 2 13 10 18 26 3 14 3 16 21 22 21 2 13 24 24 20 2 15 258 24 93 2 4 61 25 34 3 9 4 20 8 30 13 2 7 57 26 243 2 20 145 27 144 2 15 216 24 72 2 5 67 28 75
36 3 1 111 4 47 12 61 3 2 91 8 221 22 118 2 3 56 14 84 2 4 20 15 13 3 5 54 14 177 30 158 2 6 17 9 3 2 11 187 14 203 3 6 70 12 160 13 187 2 7 141 13 35 3 12 213 13 149 20 92 2 3 33 14 113 2 6 226 8 142 3 1 92 4 45 12 22 3 9 129 17 124 24 234 3 1 2 20 8 30 6 3 15 57 16 71 19 287 3 10 28 14 7 23 20 3 13 25 14 93 28 178 2 19 41 20 72 2 15 251 24 217 3 1 6 20 10 30 6 2 1 150 17 185 3 5 28 20 15 29 14 2 12 35 23 39 3 16 178 21 216 25 135 2 12 17 23 6 2 13 10 18 26 3 14 3 16 21 22 21 2 13 24 24 20 2 15 258 24 93 2 4 61 25 34 3 9 4 20 8 30 13 2 7 57 26 243 2 20 145 27 144 2 15 216 24 72 2 5 67 28 75
34 2 4 143 25 108 3 1 120 4 64 12 94 3 2 153 8 103 22 163 2 3 17 14 36 2 4 45 15 19 3 5 259 14 161 30 276 2 6 25 9 25 2 19 26 20 87 2 13 13 18 24 3 13 218 14 162 28 154 2 20 30 27 63 2 7 26 13 196 3 1 31 4 46 12 111 2 6 96 8 227 3 9 275 17 220 24 165 3 1 16 4 96 12 46 2 13 105 24 96 2 20 89 27 39 3 10 27 14 21 23 11 2 11 66 14 117 3 6 161 12 177 13 100 3 12 181 13 277 20 283 3 16 92 21 163 25 144 3 1 2 20 14 30 5 2 15 246 24 155 3 15 236 16 106 19 180 2 7 218 26 148 3 5 15 20 14 29 31 2 13 9 18 22 2 1 193 17 100 3 14 12 16 23 22 13 2 12 24 23 24 2 5 32 28 51 3 9 12 20 19 30 3
37 2 6 93 8 232 3 1 110 4 89 12 86 3 2 109 8 236 22 116 2 3 119 14 83 3 9 88 17 282 24 221 2 13 22 18 7 2 4 31 15 45 3 5 78 14 268 30 73 3 2 138 8 89 22 223 2 5 57 28 41 3 1 11 20 7 30 12 2 6 28 9 20 3 12 235 13 96 20 75 2 7 301 26 253 3 6 98 12 88 13 46 2 7 164 13 64 3 2 188 8 169 22 171 3 10 31 14 19 23 25 2 11 71 14 108 3 13 121 14 124 28 65 2 15 226 24 44 3 15 87 16 248 19 156 2 1 81 17 170 2 6 23 9 27 2 19 47 20 33 3 1 106 4 39 12 49 3 16 116 21 103 25 151 3 2 134 8 182 22 101 2 13 50 24 75 3 14 12 16 18 22 14 3 9 17 20 3 30 15 2 12 6 23 41 3 15 48 16 278 19 209 2 4 41 25 89 2 20 24 27 104 3 9 11 20 3 30 14 3 5 36 20 37 29 9
37 2 6 93 8 232 3 1 110 4 89 12 86 3 2 109 8 236 22 116 2 3 119 14 83 3 9 88 17 282 24 221 2 13 22 18 7 2 4 31 15 45 3 5 78 14 268 30 73 3 2 138 8 89 22 223 2 5 57 28 41 3 1 11 20 7 30 12 2 6 28 9 20 3 12 235 13 96 20 75 2 7 301 26 253 3 6 98 12 88 13 46 2 7 164 13 64 3 2 188 8 169 22 171 3 10 31 14 19 23 25 2 11 71 14 108 3 13 121 14 124 28 65 2 15 226 24 44 3 15 87 16 248 19 156 2 1 81 17 170 2 6 23 9 27 2 19 47 20 33 3 1 106 4 39 12 49 3 16 116 21 103 25 151 3 2 134 8 182 22 101 2 13 50 24 75 3 14 12 16 18 22 14 3 9 17 20 3 30 15 2 12 6 23 41 3 15 48 16 278 19 209 2 4 41 25 89 2 20 24 27 104 3 9 11 20 3 30 14 3 5 36 20 37 29 9
37 2 6 93 8 232 3 1 110 4 89 12 86 3 2 109 8 236 22 116 2 3 119 14 83 3 9 88 17 282 24 221 2 13 22 18 7 2 4 31 15 45 3 5 78 14 268 30 73 3 2 138 8 89 22 223 2 5 57 28 41 3 1 11 20 7 30 12 2 6 28 9 20 3 12 235 13 96 20 75 2 7 301 26 253 3 6 98 12 88 13 46 2 7 164 13 64 3 2 188 8 169 22 171 3 10 31 14 19 23 25 2 11 71 14 108 3 13 121 14 124 28 65 2 15 226 24 44 3 15 87 16 248 19 156 2 1 81 17 170 2 6 23 9 27 2 19 47 20 33 3 1 106 4 39 12 49 3 16 116 21 103 25 151 3 2 134 8 182 22 101 2 13 50 24 75 3 14 12 16 18 22 14 3 9 17 20 3 30 15 2 12 6 23 41 3 15 48 16 278 19 209 2 4 41 25 89 2 20 24 27 104 3 9 11 20 3 30 14 3 5 36 20 37 29 9
43 3 1 38 4 75 12 21 2 3 95 14 110 3 1 32 4 50 12 91 2 13 84 24 114 3 2 236 8 164 22 198 2 3 44 14 52 2 4 26 15 23 3 5 72 14 118 30 154 2 15 178 24 125 2 13 74 24 139 3 16 201 21 200 25 205 2 6 12 9 3 2 7 59 13 30 2 6 246 8 118 3 9 319 17 312 24 107 2 6 21 9 25 2 1 148 17 126 2 4 47 15 22 3 10 27 14 21 23 34 2 11 159 14 179 2 19 31 20 26 2 7 24 13 78 3 1 3 20 14 30 10 2 11 121 14 206 3 6 53 12 106 13 116 2 7 188 13 52 3 12 86 13 190 20 209 3 13 118 14 133 28 194 3 15 177 16 237 19 236 2 7 207 26 156 2 13 4 18 9 3 15 284 16 251 19 256 3 14 12 16 3 22 5 2 6 236 8 137 2 12 31 23 42 2 4 31 25 106 3 6 100 12 165 13 72 3 5 31 20 20 29 28 2 4 72 25 94 2 20 104 27 73 2 5 120 28 24 3 5 24 20 16 29 29 3 9 11 20 7 30 15
33 3 13 26 14 37 28 146 3 1 63 4 18 12 60 3 2 128 8 105 22 197 2 3 17 14 113 2 4 34 15 18 3 5 28 20 34 29 37 3 5 109 14 47 30 274 2 6 258 8 206 2 6 24 9 24 2 7 143 13 185 2 3 77 14 88 3 9 281 17 196 24 109 3 10 17 14 35 23 9 2 13 5 18 10 2 11 236 14 60 3 13 94 14 205 28 198 3 6 77 12 100 13 100 3 15 220 16 172 19 245 2 13 23 18 18 3 1 13 20 11 30 10 3 12 201 13 85 20 188 2 15 146 24 87 2 1 21 17 51 2 19 52 20 84 3 16 209 21 160 25 128 3 14 19 16 14 22 18 2 12 18 23 22 2 5 139 28 90 2 13 73 24 48 2 4 55 25 87 2 20 48 27 143 2 7 58 26 311 3 9 8 20 14 30 12
34 3 1 104 4 53 12 88 3 2 37 8 128 22 45 2 3 29 14 115 3 2 197 8 153 22 240 2 4 35 15 38 3 5 257 14 182 30 116 3 1 51 4 80 12 104 2 6 10 9 12 2 7 63 13 124 2 7 220 26 134 3 1 7 20 11 30 11 2 6 119 8 84 3 9 326 17 314 24 202 3 1 6 20 6 30 10 3 10 15 14 26 23 7 2 11 40 14 50 3 6 119 12 124 13 98 2 6 10 9 17 2 12 30 23 26 2 1 187 17 193 2 5 99 28 128 3 13 97 14 197 28 118 2 4 100 25 142 3 12 84 13 224 20 70 2 15 164 24 254 3 5 37 20 23 29 9 3 15 179 16 247 19 258 2 13 6 18 12 3 16 95 21 219 25 33 2 19 86 20 17 3 14 25 16 15 22 19 2 13 127 24 78 3 9 6 20 14 30 13 2 20 99 27 127
39 3 10 33 14 35 23 13 2 3 38 14 92 3 10 17 14 21 23 14 3 1 96 4 55 12 43 3 10 35 14 16 23 10 3 2 36 8 230 22 148 2 4 32 15 37 3 10 32 14 9 23 36 3 9 130 17 109 24 214 2 3 32 14 75 2 19 63 20 90 3 5 261 14 66 30 181 3 5 6 20 8 29 4 2 6 7 9 28 2 4 13 15 18 2 7 125 13 180 2 6 28 9 7 2 6 103 8 91 2 11 195 14 177 3 1 9 20 11 30 8 3 9 132 17 183 24 214 3 6 90 12 128 13 105 3 13 209 14 130 28 130 2 5 81 28 134 3 12 157 13 140 20 138 2 15 144 24 189 3 15 173 16 262 19 164 2 1 146 17 176 2 13 19 18 20 3 5 36 20 16 29 37 3 16 85 21 78 25 44 3 14 12 16 6 22 7 2 12 35 23 29 2 13 47 24 51 2 20 44 27 147 2 4 121 25 25 2 7 289 26 267 2 4 121 25 130 3 9 7 20 17 30 6
39 3 10 33 14 35 23 13 2 3 38 14 92 3 10 17 14 21 23 14 3 1 96 4 55 12 43 3 10 35 14 16 23 10 3 2 36 8 230 22 148 2 4 32 15 37 3 10 32 14 9 23 36 3 9 130 17 109 24 214 2 3 32 14 75 2 19 63 20 90 3 5 261 14 66 30 181 3 5 6 20 8 29 4 2 6 7 9 28 2 4 13 15 18 2 7 125 13 180 2 6 28 9 7 2 6 103 8 91 2 11 195 14 177 3 1 9 20 11 30 8 3 9 132 17 183 24 214 3 6 90 12 128 13 105 3 13 209 14 130 28 130 2 5 81 28 134 3 12 157 13 140 20 138 2 15 144 24 189 3 15 173 16 262 19 164 2 1 146 17 176 2 13 19 18 20 3 5 36 20 16 29 37 3 16 85 21 78 25 44 3 14 12 16 6 22 7 2 12 35 23 29 2 13 47 24 51 2 20 44 27 147 2 4 121 25 25 2 7 289 26 267 2 4 121 25 130 3 9 7 20 17 30 6
39 3 10 33 14 35 23 13 2 3 38 14 92 3 10 17 14 21 23 14 3 1 96 4 55 12 43 3 10 35 14 16 23 10 3 2 36 8 230 22 148 2 4 32 15 37 3 10 32 14 9 23 36 3 9 130 17 109 24 214 2 3 32 14 75 2 19 63 20 90 3 5 261 14 66 30 181 3 5 6 20 8 29 4 2 6 7 9 28 2 4 13 15 18 2 7 125 13 180 2 6 28 9 7 2 6 103 8 91 2 11 195 14 177 3 1 9 20 11 30 8 3 9 132 17 183 24 214 3 6 90 12 128 13 105 3 13 209 14 130 28 130 2 5 81 28 134 3 12 157 13 140 20 138 2 15 144 24 189 3 15 173 16 262 19 164 2 1 146 17 176 2 13 19 18 20 3 5 36 20 16 29 37 3 16 85 21 78 25 44 3 14 12 16 6 22 7 2 12 35 23 29 2 13 47 24 51 2 20 44 27 147 2 4 121 25 25 2 7 289 26 267 2 4 121 25 130 3 9 7 20 17 30 6
38 3 1 81 4 111 12 106 3 2 155 8 168 22 90 2 3 18 14 99 2 20 82 27 115 2 4 31 15 38 2 6 7 9 3 2 11 115 14 237 3 5 200 14 214 30 220 2 7 135 13 69 2 13 3 18 4 2 6 8 9 15 3 12 179 13 141 20 56 2 19 37 20 32 3 9 14 20 5 30 16 2 3 21 14 32 2 6 194 8 222 3 9 137 17 237 24 164 3 10 25 14 32 23 26 3 5 41 14 97 30 254 3 6 31 12 51 13 187 3 13 146 14 114 28 97 2 15 189 24 196 3 16 101 21 205 25 42 3 15 113 16 123 19 59 2 1 171 17 32 2 19 33 20 61 3 1 5 20 7 30 5 2 5 65 28 63 3 14 19 16 15 22 18 3 15 210 16 146 19 168 2 12 41 23 20 2 3 28 14 98 2 7 196 26 231 3 6 140 12 202 13 68 2 13 131 24 105 2 7 70 26 179 2 4 68 25 18 3 5 21 20 6 29 37
35 3 1 101 4 71 12 53 2 13 17 18 26 3 2 67 8 231 22 157 2 3 30 14 120 3 2 137 8 127 22 51 3 13 143 14 71 28 206 2 4 24 15 30 3 1 96 4 95 12 73 3 5 73 14 95 30 153 3 1 60 4 103 12 78 2 6 6 9 28 3 6 112 12 75 13 96 3 1 42 4 100 12 67 2 7 162 13 69 2 6 60 8 264 2 7 195 13 154 3 9 317 17 249 24 237 2 19 59 20 73 3 10 33 14 35 23 21 2 11 189 14 98 3 12 63 13 145 20 125 2 15 229 24 174 3 15 187 16 231 19 224 2 1 39 17 135 3 1 13 20 3 30 11 3 16 121 21 172 25 140 3 14 15 16 15 22 11 2 4 60 25 49 2 13 27 24 43 2 12 21 23 18 3 9 14 20 9 30 17 2 20 129 27 44 2 7 139 26 200 2 5 122 28 35 3 5 29 20 12 29 27
35 3 1 101 4 71 12 53 2 13 17 18 26 3 2 67 8 231 22 157 2 3 30 14 120 3 2 137 8 127 22 51 3 13 143 14 71 28 206 2 4 24 15 30 3 1 96 4 95 12 73 3 5 73 14 95 30 153 3 1 60 4 103 12 78 2 6 6 9 28 3 6 112 12 75 13 96 3 1 42 4 100 12 67 2 7 162 13 69 2 6 60 8 264 2 7 195 13 154 3 9 317 17 249 24 237 2 19 59 20 73 3 10 33 14 35 23 21 2 11 189 14 98 3 12 63 13 145 20 125 2 15 229 24 174 3 15 187 16 231 19 224 2 1 39 17 135 3 1 13 20 3 30 11 3 16 121 21 172 25 140 3 14 15 16 15 22 11 2 4 60 25 49 2 13 27 24 43 2 12 21 23 18 3 9 14 20 9 30 17 2 20 129 27 44 2 7 139 26 200 2 5 122 28 35 3 5 29 20 12 29 27
35 3 1 59 4 119 12 120 2 13 18 18 7 3 2 71 8 65 22 162 2 3 89 14 43 3 2 161 8 71 22 106 3 13 80 14 174 28 72 2 4 24 15 39 3 1 123 4 72 12 125 3 5 229 14 186 30 235 3 1 120 4 60 12 45 2 6 6 9 19 3 6 30 12 71 13 79 3 1 74 4 103 12 18 2 7 88 13 184 2 6 188 8 128 2 7 124 13 175 3 9 298 17 263 24 137 2 19 55 20 13 3 10 35 14 25 23 14 2 11 112 14 28 3 12 118 13 33 20 275 2 15 67 24 98 3 15 253 16 288 19 226 2 1 38 17 133 3 1 5 20 7 30 5 3 16 168 21 141 25 230 3 14 4 16 14 22 19 2 4 100 25 23 2 13 86 24 40 2 12 38 23 19 3 9 10 20 16 30 15 2 20 146 27 147 2 7 192 26 116 2 5 141 28 50 3 5 10 20 7 29 5
39 3 10 32 14 19 23 24 2 3 112 14 26 3 10 18 14 32 23 10 3 1 96 4 87 12 83 3 10 17 14 24 23 37 3 2 63 8 153 22 135 2 4 31 15 12 3 10 11 14 17 23 38 3 9 119 17 294 24 60 2 3 123 14 109 2 19 25 20 51 3 5 272 14 204 30 122 3 5 27 20 31 29 20 2 6 15 9 25 2 4 41 15 35 2 7 194 13 82 2 6 17 9 28 2 6 56 8 184 2 11 134 14 134 3 1 3 20 10 30 13 3 9 292 17 46 24 125 3 6 145 12 75 13 44 3 13 162 14 152 28 49 2 5 70 28 75 3 12 227 13 289 20 245 2 15 160 24 262 3 15 290 16 174 19 276 2 1 23 17 60 2 13 12 18 4 3 5 6 20 17 29 13 3 16 72 21 51 25 160 3 14 6 16 20 22 3 2 12 22 23 28 2 13 54 24 59 2 20 66 27 93 2 4 48 25 48 2 7 157 26 159 2 4 70 25 47 3 9 14 20 4 30 6
38 3 1 53 4 91 12 71 3 14 17 16 15 22 15 3 15 122 16 44 19 88 3 2 64 8 179 22 58 3 1 75 4 32 12 21 2 13 12 18 14 3 1 108 4 40 12 50 2 3 69 14 28 3 10 11 14 11 23 27 2 13 7 18 12 2 4 40 15 48 3 1 9 20 13 30 3 2 20 126 27 19 3 10 11 14 12 23 10 3 13 182 14 108 28 179 3 5 207 14 231 30 279 2 7 96 13 201 3 14 11 16 15 22 3 2 6 10 9 16 2 6 206 8 173 3 9 262 17 237 24 51 2 11 76 14 51 3 6 142 12 134 13 118 3 12 270 13 296 20 39 2 15 193 24 228 3 14 14 16 11 22 8 2 4 107 25 21 2 3 55 14 67 3 5 27 20 5 29 10 3 2 130 8 207 22 58 2 1 111 17 39 2 19 42 20 13 3 16 103 21 175 25 190 2 12 8 23 36 2 5 116 28 87 3 9 3 20 10 30 9 2 13 67 24 117 2 7 303 26 103
36 3 1 95 4 28 12 113 2 20 129 27 21 3 1 114 4 69 12 110 2 12 36 23 23 2 6 16 9 8 2 7 100 26 289 2 12 12 23 36 3 2 138 8 135 22 147 2 3 103 14 64 2 4 39 15 38 2 1 174 17 51 3 5 52 14 34 30 34 2 7 174 13 141 2 6 59 8 96 3 9 141 17 266 24 107 3 10 27 14 24 23 37 2 11 172 14 207 2 13 7 18 17 2 11 218 14 230 2 5 36 28 87 3 6 91 12 152 13 183 3 1 6 20 7 30 9 3 13 52 14 157 28 147 3 12 280 13 75 20 211 2 15 224 24 114 3 2 204 8 48 22 204 3 15 253 16 96 19 201 2 7 44 13 71 2 19 25 20 59 3 14 24 16 12 22 23 3 9 64 17 294 24 261 2 13 74 24 59 3 9 14 20 15 30 8 3 16 151 21 179 25 135 2 4 41 25 110 3 5 9 20 24 29 35
34 3 1 117 4 68 12 56 3 2 168 8 98 22 165 2 3 30 14 79 2 4 22 15 18 3 5 79 14 175 30 121 2 19 74 20 67 2 6 28 9 9 2 7 165 13 139 2 11 200 14 210 2 13 92 24 49 2 3 61 14 36 2 6 145 8 211 3 9 129 17 110 24 205 3 10 18 14 14 23 30 3 14 20 16 9 22 19 3 1 13 20 14 30 3 3 6 31 12 40 13 192 3 9 120 17 166 24 284 3 12 88 13 75 20 254 3 13 111 14 131 28 80 3 5 6 20 12 29 10 3 9 269 17 140 24 269 2 15 261 24 185 2 1 29 17 144 3 9 16 20 15 30 19 3 15 115 16 274 19 72 3 10 11 14 38 23 30 2 5 28 28 93 2 13 19 18 5 3 16 46 21 153 25 198 2 12 33 23 28 2 4 43 25 108 2 7 41 26 133 2 20 158 27 114
39 3 10 16 14 27 23 8 2 3 38 14 66 3 10 6 14 6 23 5 3 1 88 4 80 12 73 3 10 21 14 13 23 11 3 2 44 8 47 22 119 2 4 8 15 39 3 10 32 14 31 23 16 3 9 228 17 325 24 63 2 3 29 14 111 2 19 37 20 71 3 5 222 14 249 30 167 3 5 14 20 13 29 20 2 6 20 9 21 2 4 10 15 17 2 7 197 13 79 2 6 24 9 16 2 6 233 8 258 2 11 142 14 40 3 1 5 20 5 30 10 3 9 276 17 159 24 139 3 6 120 12 55 13 132 3 13 137 14 127 28 63 2 5 73 28 49 3 12 280 13 67 20 214 2 15 236 24 206 3 15 272 16 284 19 169 2 1 30 17 46 2 13 5 18 26 3 5 9 20 23 29 34 3 16 83 21 71 25 111 3 14 19 16 16 22 10 2 12 6 23 8 2 13 138 24 130 2 20 45 27 18 2 4 48 25 20 2 7 269 26 124 2 4 24 25 138 3 9 10 20 14 30 13
35 2 12 31 23 31 3 1 17 4 57 12 28 3 2 120 8 241 22 109 3 1 61 4 98 12 55 2 19 59 20 13 2 3 23 14 60 3 12 242 13 151 20 246 2 13 83 24 33 2 4 17 15 42 2 20 124 27 52 3 2 97 8 108 22 104 3 5 81 14 140 30 134 3 1 100 4 35 12 98 2 4 61 25 19 3 10 28 14 11 23 15 2 11 211 14 97 2 6 23 9 23 2 7 66 13 131 3 1 106 4 106 12 73 2 6 127 8 161 3 9 171 17 168 24 129 3 6 142 12 73 13 193 2 13 12 18 8 3 13 117 14 59 28 70 2 15 139 24 264 3 15 96 16 63 19 119 2 5 22 28 134 2 1 187 17 104 3 16 136 21 153 25 25 3 6 162 12 99 13 125 3 1 8 20 15 30 4 3 9 6 20 5 30 6 3 14 13 16 16 22 21 3 5 23 20 25 29 20 2 7 280 26 210
39 3 12 267 13 243 20 102 2 12 35 23 40 2 4 5 15 15 3 1 96 4 112 12 109 2 7 70 26 163 2 4 28 15 15 3 2 43 8 151 22 64 2 4 46 15 34 2 3 67 14 51 2 7 212 26 228 3 9 53 17 251 24 124 3 5 175 14 223 30 178 2 6 10 9 7 2 7 194 13 70 3 14 21 16 7 22 18 2 13 121 24 119 2 4 8 15 6 2 6 237 8 122 3 10 38 14 30 23 39 2 11 35 14 215 2 13 13 18 9 3 15 61 16 105 19 180 2 7 42 13 176 3 6 154 12 83 13 143 3 13 84 14 175 28 205 3 9 7 20 18 30 14 2 15 101 24 220 2 11 188 14 224 2 1 146 17 71 2 19 24 20 49 3 6 77 12 170 13 49 2 5 36 28 122 3 16 97 21 83 25 101 3 5 18 20 32 29 35 3 1 9 20 5 30 7 2 12 19 23 36 2 20 77 27 78 2 12 34 23 22 2 4 126 25 126
39 3 12 267 13 243 20 102 2 12 35 23 40 2 4 5 15 15 3 1 96 4 112 12 109 2 7 70 26 163 2 4 28 15 15 3 2 43 8 151 22 64 2 4 46 15 34 2 3 67 14 51 2 7 212 26 228 3 9 53 17 251 24 124 3 5 175 14 223 30 178 2 6 10 9 7 2 7 194 13 70 3 14 21 16 7 22 18 2 13 121 24 119 2 4 8 15 6 2 6 237 8 122 3 10 38 14 30 23 39 2 11 35 14 215 2 13 13 18 9 3 15 61 16 105 19 180 2 7 42 13 176 3 6 154 12 83 13 143 3 13 84 14 175 28 205 3 9 7 20 18 30 14 2 15 101 24 220 2 11 188 14 224 2 1 146 17 71 2 19 24 20 49 3 6 77 12 170 13 49 2 5 36 28 122 3 16 97 21 83 25 101 3 5 18 20 32 29 35 3 1 9 20 5 30 7 2 12 19 23 36 2 20 77 27 78 2 12 34 23 22 2 4 126 25 126
33 3 13 42 14 137 28 107 3 1 94 4 112 12 82 3 2 125 8 72 22 81 2 3 14 14 32 2 4 47 15 39 3 5 9 20 5 29 26 3 5 130 14 121 30 129 2 6 229 8 221 2 6 19 9 11 2 7 136 13 89 2 3 80 14 50 3 9 98 17 321 24 225 3 10 21 14 13 23 34 2 13 10 18 12 2 11 166 14 177 3 13 169 14 155 28 147 3 6 81 12 78 13 97 3 15 158 16 222 19 119 2 13 9 18 13 3 1 14 20 3 30 5 3 12 281 13 125 20 141 2 15 197 24 211 2 1 59 17 149 2 19 52 20 21 3 16 163 21 119 25 111 3 14 18 16 21 22 10 2 12 38 23 43 2 5 64 28 134 2 13 65 24 87 2 4 129 25 18 2 20 52 27 28 2 7 227 26 312 3 9 5 20 8 30 12
33 3 13 42 14 137 28 107 3 1 94 4 112 12 82 3 2 125 8 72 22 81 2 3 14 14 32 2 4 47 15 39 3 5 9 20 5 29 26 3 5 130 14 121 30 129 2 6 229 8 221 2 6 19 9 11 2 7 136 13 89 2 3 80 14 50 3 9 98 17 321 24 225 3 10 21 14 13 23 34 2 13 10 18 12 2 11 166 14 177 3 13 169 14 155 28 147 3 6 81 12 78 13 97 3 15 158 16 222 19 119 2 13 9 18 13 3 1 14 20 3 30 5 3 12 281 13 125 20 141 2 15 197 24 211 2 1 59 17 149 2 19 52 20 21 3 16 163 21 119 25 111 3 14 18 16 21 22 10 2 12 38 23 43 2 5 64 28 134 2 13 65 24 87 2 4 129 25 18 2 20 52 27 28 2 7 227 26 312 3 9 5 20 8 30 12
36 3 1 30 4 73 12 16 3 2 174 8 184 22 91 3 5 121 14 252 30 110 2 3 57 14 85 2 4 34 15 37 2 6 9 9 20 3 1 26 4 30 12 109 2 7 176 13 140 3 5 165 14 160 30 193 2 6 263 8 92 3 9 206 17 43 24 72 3 10 13 14 26 23 36 2 11 248 14 143 3 6 93 12 97 13 167 3 12 264 13 51 20 49 3 13 28 14 155 28 92 2 13 19 18 14 3 13 170 14 91 28 125 2 15 115 24 50 2 19 21 20 81 3 12 56 13 68 20 131 3 15 117 16 129 19 183 2 5 70 28 40 2 6 9 9 21 3 9 13 20 14 30 7 2 1 128 17 84 3 1 15 20 4 30 9 3 16 202 21 131 25 122 3 14 12 16 22 22 23 3 5 7 20 22 29 37 2 4 42 25 98 2 12 25 23 34 2 13 105 24 68 2 3 63 14 47 2 7 264 26 195 2 20 98 27 32
36 3 1 30 4 73 12 16 3 2 174 8 184 22 91 3 5 121 14 252 30 110 2 3 57 14 85 2 4 34 15 37 2 6 9 9 20 3 1 26 4 30 12 109 2 7 176 13 140 3 5 165 14 160 30 193 2 6 263 8 92 3 9 206 17 43 24 72 3 10 13 14 26 23 36 2 11 248 14 143 3 6 93 12 97 13 167 3 12 264 13 51 20 49 3 13 28 14 155 28 92 2 13 19 18 14 3 13 170 14 91 28 125 2 15 115 24 50 2 19 21 20 81 3 12 56 13 68 20 131 3 15 117 16 129 19 183 2 5 70 28 40 2 6 9 9 21 3 9 13 20 14 30 7 2 1 128 17 84 3 1 15 20 4 30 9 3 16 202 21 131 25 122 3 14 12 16 22 22 23 3 5 7 20 22 29 37 2 4 42 25 98 2 12 25 23 34 2 13 105 24 68 2 3 63 14 47 2 7 264 26 195 2 20 98 27 32
33 3 13 218 14 123 28 138 3 1 113 4 90 12 97 3 2 114 8 71 22 122 2 3 47 14 16 2 4 10 15 11 3 5 10 20 17 29 9 3 5 219 14 75 30 249 2 6 151 8 182 2 6 25 9 14 2 7 91 13 152 2 3 90 14 78 3 9 38 17 186 24 175 3 10 12 14 10 23 35 2 13 11 18 15 2 11 28 14 142 3 13 48 14 30 28 172 3 6 33 12 170 13 121 3 15 130 16 291 19 210 2 13 8 18 10 3 1 15 20 1 30 14 3 12 111 13 222 20 229 2 15 33 24 71 2 1 99 17 134 2 19 88 20 50 3 16 144 21 143 25 90 3 14 3 16 3 22 18 2 12 21 23 40 2 5 138 28 81 2 13 63 24 93 2 4 128 25 96 2 20 65 27 49 2 7 181 26 68 3 9 4 20 9 30 10
36 3 1 59 4 119 12 78 2 20 76 27 137 3 1 101 4 93 12 107 2 12 31 23 33 2 6 26 9 16 2 7 156 26 67 2 12 33 23 10 3 2 138 8 35 22 29 2 3 59 14 50 2 4 14 15 22 2 1 32 17 130 3 5 41 14 150 30 53 2 7 33 13 42 2 6 239 8 216 3 9 38 17 107 24 170 3 10 9 14 36 23 8 2 11 152 14 191 2 13 16 18 22 2 11 213 14 134 2 5 22 28 90 3 6 88 12 139 13 28 3 1 8 20 13 30 13 3 13 113 14 210 28 71 3 12 126 13 198 20 230 2 15 253 24 86 3 2 103 8 105 22 78 3 15 246 16 292 19 185 2 7 58 13 39 2 19 30 20 94 3 14 20 16 26 22 20 3 9 279 17 196 24 202 2 13 51 24 22 3 9 6 20 8 30 16 3 16 85 21 145 25 44 2 4 105 25 94 3 5 24 20 30 29 12
36 3 1 59 4 119 12 78 2 20 76 27 137 3 1 101 4 93 12 107 2 12 31 23 33 2 6 26 9 16 2 7 156 26 67 2 12 33 23 10 3 2 138 8 35 22 29 2 3 59 14 50 2 4 14 15 22 2 1 32 17 130 3 5 41 14 150 30 53 2 7 33 13 42 2 6 239 8 216 3 9 38 17 107 24 170 3 10 9 14 36 23 8 2 11 152 14 191 2 13 16 18 22 2 11 213 14 134 2 5 22 28 90 3 6 88 12 139 13 28 3 1 8 20 13 30 13 3 13 113 14 210 28 71 3 12 126 13 198 20 230 2 15 253 24 86 3 2 103 8 105 22 78 3 15 246 16 292 19 185 2 7 58 13 39 2 19 30 20 94 3 14 20 16 26 22 20 3 9 279 17 196 24 202 2 13 51 24 22 3 9 6 20 8 30 16 3 16 85 21 145 25 44 2 4 105 25 94 3 5 24 20 30 29 12
35 3 1 41 4 25 12 52 3 2 37 8 226 22 238 3 10 18 14 35 23 21 3 1 83 4 121 12 108 2 3 102 14 15 3 12 112 13 92 20 95 2 4 27 15 41 3 5 151 14 276 30 173 3 16 30 21 96 25 170 2 6 8 9 24 2 7 57 13 54 2 6 180 8 144 3 14 24 16 12 22 8 3 6 72 12 171 13 25 3 9 260 17 91 24 212 2 7 282 26 307 2 20 24 27 57 2 11 119 14 100 3 13 47 14 116 28 209 2 15 216 24 188 3 15 180 16 60 19 193 2 1 116 17 40 2 11 86 14 176 2 13 26 18 18 3 5 28 20 10 29 7 3 5 272 14 88 30 203 2 19 93 20 78 2 3 87 14 33 3 1 1 20 10 30 14 3 15 125 16 131 19 141 2 12 6 23 19 2 13 111 24 71 2 4 125 25 63 3 9 6 20 5 30 9 2 5 138 28 117
35 3 1 41 4 25 12 52 3 2 37 8 226 22 238 3 10 18 14 35 23 21 3 1 83 4 121 12 108 2 3 102 14 15 3 12 112 13 92 20 95 2 4 27 15 41 3 5 151 14 276 30 173 3 16 30 21 96 25 170 2 6 8 9 24 2 7 57 13 54 2 6 180 8 144 3 14 24 16 12 22 8 3 6 72 12 171 13 25 3 9 260 17 91 24 212 2 7 282 26 307 2 20 24 27 57 2 11 119 14 100 3 13 47 14 116 28 209 2 15 216 24 188 3 15 180 16 60 19 193 2 1 116 17 40 2 11 86 14 176 2 13 26 18 18 3 5 28 20 10 29 7 3 5 272 14 88 30 203 2 19 93 20 78 2 3 87 14 33 3 1 1 20 10 30 14 3 15 125 16 131 19 141 2 12 6 23 19 2 13 111 24 71 2 4 125 25 63 3 9 6 20 5 30 9 2 5 138 28 117
43 3 1 98 4 77 12 27 2 3 30 14 85 3 1 69 4 20 12 118 2 13 81 24 45 3 2 57 8 34 22 172 2 3 104 14 51 2 4 37 15 27 3 5 176 14 100 30 240 2 15 125 24 219 2 13 137 24 143 3 16 103 21 205 25 183 2 6 20 9 4 2 7 110 13 66 2 6 54 8 203 3 9 232 17 222 24 322 2 6 19 9 4 2 1 175 17 189 2 4 22 15 30 3 10 27 14 5 23 36 2 11 165 14 34 2 19 85 20 90 2 7 131 13 51 3 1 14 20 14 30 13 2 11 130 14 127 3 6 115 12 58 13 158 2 7 68 13 97 3 12 227 13 125 20 294 3 13 118 14 44 28 128 3 15 211 16 304 19 88 2 7 113 26 290 2 13 10 18 8 3 15 79 16 37 19 121 3 14 26 16 3 22 6 2 6 138 8 83 2 12 7 23 42 2 4 106 25 92 3 6 94 12 151 13 76 3 5 20 20 29 29 20 2 4 82 25 95 2 20 40 27 92 2 5 101 28 88 3 5 11 20 35 29 35 3 9 18 20 14 30 5
36 3 1 68 4 35 12 114 3 2 132 8 167 22 167 2 3 48 14 49 2 4 24 15 12 3 5 189 14 102 30 265 2 6 17 9 9 2 11 126 14 39 3 6 169 12 64 13 67 2 7 48 13 107 3 12 240 13 212 20 225 2 3 56 14 72 2 6 260 8 172 3 1 122 4 98 12 99 3 9 171 17 221 24 284 3 1 10 20 6 30 12 3 15 160 16 87 19 262 3 10 5 14 6 23 33 3 13 27 14 207 28 107 2 19 57 20 63 2 15 57 24 108 3 1 7 20 14 30 8 2 1 68 17 122 3 5 23 20 33 29 20 2 12 41 23 9 3 16 149 21 145 25 211 2 12 7 23 25 2 13 10 18 3 3 14 8 16 14 22 8 2 13 68 24 101 2 15 161 24 221 2 4 97 25 43 3 9 9 20 19 30 11 2 7 202 26 271 2 20 82 27 47 2 15 66 24 144 2 5 127 28 70
39 3 12 230 13 219 20 162 2 12 31 23 37 2 4 35 15 13 3 1 44 4 31 12 20 2 7 138 26 50 2 4 25 15 32 3 2 86 8 226 22 59 2 4 30 15 35 2 3 25 14 78 2 7 190 26 284 3 9 49 17 142 24 117 3 5 149 14 115 30 233 2 6 4 9 10 2 7 89 13 109 3 14 15 16 23 22 20 2 13 81 24 54 2 4 5 15 30 2 6 111 8 88 3 10 26 14 19 23 17 2 11 33 14 210 2 13 12 18 18 3 15 271 16 34 19 268 2 7 24 13 81 3 6 170 12 202 13 152 3 13 71 14 166 28 54 3 9 11 20 3 30 12 2 15 250 24 264 2 11 51 14 186 2 1 122 17 33 2 19 69 20 13 3 6 184 12 93 13 122 2 5 94 28 49 3 16 183 21 49 25 52 3 5 15 20 28 29 33 3 1 15 20 7 30 7 2 12 39 23 39 2 20 108 27 70 2 12 16 23 17 2 4 97 25 76
34 3 1 85 4 99 12 115 3 2 206 8 233 22 128 2 3 22 14 91 3 2 185 8 58 22 153 2 4 27 15 12 3 5 279 14 88 30 250 3 1 28 4 27 12 39 2 6 24 9 3 2 7 170 13 70 2 7 222 26 210 3 1 7 20 7 30 4 2 6 144 8 251 3 9 160 17 92 24 205 3 1 7 20 10 30 13 3 10 14 14 14 23 32 2 11 85 14 97 3 6 70 12 148 13 199 2 6 19 9 19 2 12 23 23 21 2 1 68 17 171 2 5 39 28 18 3 13 138 14 201 28 166 2 4 144 25 139 3 12 153 13 108 20 294 2 15 42 24 139 3 5 22 20 31 29 26 3 15 46 16 227 19 176 2 13 24 18 15 3 16 73 21 38 25 56 2 19 59 20 78 3 14 10 16 4 22 3 2 13 38 24 16 3 9 6 20 2 30 7 2 20 79 27 48
34 2 6 252 8 130 3 1 20 4 15 12 58 2 15 251 24 142 3 2 240 8 154 22 213 2 19 14 20 38 3 9 14 20 12 30 5 2 6 12 9 3 2 20 84 27 46 2 3 92 14 99 2 4 86 25 25 2 3 24 14 18 2 4 40 15 13 3 10 32 14 37 23 9 3 5 223 14 51 30 38 2 6 4 9 15 3 16 67 21 76 25 149 2 7 135 13 178 2 13 13 18 19 2 6 22 9 16 3 5 34 20 10 29 22 3 9 254 17 180 24 156 3 1 11 20 8 30 5 2 11 119 14 101 3 6 108 12 173 13 86 3 12 275 13 245 20 178 3 14 9 16 15 22 17 3 13 80 14 80 28 145 2 1 172 17 151 3 15 143 16 75 19 247 2 12 12 23 27 2 13 30 24 109 2 7 284 26 250 2 15 123 24 109 2 5 61 28 98
34 2 6 252 8 130 3 1 20 4 15 12 58 2 15 251 24 142 3 2 240 8 154 22 213 2 19 14 20 38 3 9 14 20 12 30 5 2 6 12 9 3 2 20 84 27 46 2 3 92 14 99 2 4 86 25 25 2 3 24 14 18 2 4 40 15 13 3 10 32 14 37 23 9 3 5 223 14 51 30 38 2 6 4 9 15 3 16 67 21 76 25 149 2 7 135 13 178 2 13 13 18 19 2 6 22 9 16 3 5 34 20 10 29 22 3 9 254 17 180 24 156 3 1 11 20 8 30 5 2 11 119 14 101 3 6 108 12 173 13 86 3 12 275 13 245 20 178 3 14 9 16 15 22 17 3 13 80 14 80 28 145 2 1 172 17 151 3 15 143 16 75 19 247 2 12 12 23 27 2 13 30 24 109 2 7 284 26 250 2 15 123 24 109 2 5 61 28 98
34 2 6 252 8 130 3 1 20 4 15 12 58 2 15 251 24 142 3 2 240 8 154 22 213 2 19 14 20 38 3 9 14 20 12 30 5 2 6 12 9 3 2 20 84 27 46 2 3 92 14 99 2 4 86 25 25 2 3 24 14 18 2 4 40 15 13 3 10 32 14 37 23 9 3 5 223 14 51 30 38 2 6 4 9 15 3 16 67 21 76 25 149 2 7 135 13 178 2 13 13 18 19 2 6 22 9 16 3 5 34 20 10 29 22 3 9 254 17 180 24 156 3 1 11 20 8 30 5 2 11 119 14 101 3 6 108 12 173 13 86 3 12 275 13 245 20 178 3 14 9 16 15 22 17 3 13 80 14 80 28 145 2 1 172 17 151 3 15 143 16 75 19 247 2 12 12 23 27 2 13 30 24 109 2 7 284 26 250 2 15 123 24 109 2 5 61 28 98
35 2 12 21 23 8 3 1 73 4 84 12 118 3 2 215 8 79 22 38 3 1 32 4 109 12 93 2 19 48 20 32 2 3 113 14 29 3 12 127 13 173 20 154 2 13 27 24 84 2 4 11 15 39 2 20 64 27 27 3 2 193 8 42 22 89 3 5 238 14 206 30 72 3 1 18 4 44 12 81 2 4 122 25 143 3 10 17 14 15 23 16 2 11 41 14 183 2 6 8 9 18 2 7 99 13 73 3 1 93 4 122 12 30 2 6 106 8 121 3 9 190 17 111 24 38 3 6 52 12 99 13 72 2 13 4 18 17 3 13 102 14 41 28 161 2 15 241 24 237 3 15 289 16 253 19 259 2 5 71 28 93 2 1 42 17 120 3 16 142 21 109 25 79 3 6 54 12 92 13 126 3 1 11 20 16 30 15 3 9 10 20 4 30 3 3 14 16 16 10 22 22 3 5 32 20 30 29 27 2 7 100 26 86
36 3 1 26 4 96 12 68 2 20 143 27 128 3 1 80 4 93 12 14 2 12 16 23 32 2 6 27 9 3 2 7 94 26 265 2 12 22 23 35 3 2 48 8 56 22 116 2 3 62 14 86 2 4 44 15 16 2 1 28 17 39 3 5 217 14 107 30 155 2 7 105 13 91 2 6 145 8 201 3 9 218 17 172 24 69 3 10 27 14 36 23 22 2 11 144 14 77 2 13 9 18 26 2 11 53 14 209 2 5 57 28 18 3 6 163 12 25 13 111 3 1 14 20 9 30 3 3 13 169 14 100 28 119 3 12 159 13 68 20 227 2 15 43 24 111 3 2 194 8 238 22 116 3 15 105 16 116 19 139 2 7 48 13 54 2 19 19 20 73 3 14 24 16 24 22 5 3 9 282 17 252 24 267 2 13 77 24 100 3 9 17 20 10 30 5 3 16 48 21 83 25 65 2 4 115 25 125 3 5 30 20 31 29 31
33 3 13 114 14 53 28 155 3 1 108 4 73 12 47 3 2 125 8 176 22 36 2 3 75 14 60 2 4 44 15 28 3 5 17 20 32 29 14 3 5 149 14 193 30 49 2 6 174 8 163 2 6 25 9 18 2 7 93 13 90 2 3 57 14 27 3 9 132 17 215 24 91 3 10 10 14 24 23 25 2 13 20 18 6 2 11 151 14 176 3 13 198 14 168 28 203 3 6 146 12 56 13 60 3 15 101 16 285 19 172 2 13 12 18 14 3 1 2 20 3 30 4 3 12 134 13 180 20 44 2 15 110 24 191 2 1 89 17 30 2 19 37 20 84 3 16 137 21 93 25 143 3 14 26 16 26 22 13 2 12 19 23 26 2 5 84 28 40 2 13 23 24 54 2 4 136 25 109 2 20 99 27 32 2 7 35 26 189 3 9 8 20 9 30 12
34 2 4 99 25 40 3 1 66 4 86 12 36 3 2 29 8 140 22 56 2 3 84 14 59 2 4 34 15 21 3 5 83 14 236 30 132 2 6 8 9 19 2 19 11 20 76 2 13 9 18 23 3 13 80 14 33 28 182 2 20 110 27 156 2 7 82 13 53 3 1 84 4 68 12 111 2 6 193 8 163 3 9 328 17 201 24 114 3 1 38 4 85 12 100 2 13 104 24 35 2 20 99 27 123 3 10 16 14 7 23 15 2 11 94 14 161 3 6 158 12 30 13 140 3 12 203 13 74 20 251 3 16 171 21 63 25 195 3 1 2 20 12 30 2 2 15 208 24 203 3 15 130 16 111 19 46 2 7 215 26 69 3 5 31 20 9 29 6 2 13 6 18 23 2 1 105 17 93 3 14 5 16 10 22 15 2 12 34 23 39 2 5 48 28 89 3 9 9 20 10 30 8
34 3 1 114 4 110 12 101 3 2 158 8 106 22 53 2 3 14 14 25 3 2 101 8 54 22 103 2 4 6 15 44 3 5 92 14 205 30 177 3 1 83 4 14 12 43 2 6 6 9 5 2 7 136 13 135 2 7 110 26 152 3 1 2 20 12 30 12 2 6 200 8 77 3 9 317 17 293 24 84 3 1 5 20 7 30 8 3 10 30 14 7 23 36 2 11 73 14 29 3 6 187 12 171 13 148 2 6 17 9 15 2 12 33 23 31 2 1 137 17 170 2 5 89 28 38 3 13 58 14 161 28 162 2 4 75 25 130 3 12 125 13 195 20 196 2 15 38 24 115 3 5 18 20 22 29 31 3 15 46 16 280 19 267 2 13 20 18 23 3 16 188 21 52 25 189 2 19 62 20 63 3 14 26 16 22 22 22 2 13 40 24 132 3 9 12 20 12 30 6 2 20 66 27 158
36 3 1 54 4 105 12 59 3 2 169 8 239 22 227 3 5 47 14 157 30 47 3 1 34 4 35 12 111 3 1 8 20 10 30 9 2 3 51 14 72 3 10 30 14 22 23 21 2 4 24 15 17 2 6 14 9 13 2 7 63 13 171 3 2 29 8 151 22 219 2 6 162 8 220 2 12 37 23 6 2 6 5 9 27 2 1 95 17 104 2 20 68 27 120 3 9 50 17 202 24 124 2 4 21 15 39 3 5 14 20 17 29 7 2 11 169 14 77 3 6 90 12 126 13 124 2 20 107 27 69 3 12 103 13 229 20 295 3 13 189 14 90 28 71 2 7 79 26 169 2 15 244 24 48 3 15 265 16 107 19 300 2 13 39 24 54 2 4 53 25 104 2 13 19 18 7 3 6 42 12 116 13 148 2 19 89 20 68 3 16 150 21 214 25 221 3 14 8 16 20 22 9 2 5 103 28 98 3 9 12 20 9 30 5
43 3 1 32 4 118 12 92 2 3 58 14 85 3 1 35 4 62 12 65 2 13 123 24 77 3 2 190 8 40 22 181 2 3 69 14 71 2 4 11 15 12 3 5 87 14 272 30 142 2 15 233 24 164 2 13 87 24 56 3 16 142 21 53 25 138 2 6 11 9 28 2 7 120 13 127 2 6 141 8 255 3 9 177 17 191 24 215 2 6 24 9 11 2 1 127 17 190 2 4 16 15 12 3 10 33 14 26 23 23 2 11 120 14 130 2 19 32 20 82 2 7 126 13 102 3 1 12 20 12 30 9 2 11 106 14 83 3 6 116 12 64 13 166 2 7 152 13 76 3 12 215 13 212 20 225 3 13 63 14 208 28 61 3 15 272 16 86 19 250 2 7 48 26 135 2 13 11 18 13 3 15 70 16 165 19 246 3 14 23 16 15 22 26 2 6 226 8 68 2 12 23 23 12 2 4 95 25 78 3 6 86 12 56 13 201 3 5 13 20 34 29 37 2 4 16 25 16 2 20 112 27 135 2 5 97 28 67 3 5 21 20 12 29 14 3 9 2 20 9 30 19
DUE_DATES: 5150 5150 5150 5703 5703 5647 5967 5967 5967 7322 5296 5586 5878 5878 5878 6060 5732 5732 5616 5527 5462 6077 5539 5558 5371 6072 6072 5320 5320 5478 5478 4797 5475 5475 5814 5814 6854 5711 5571 5072 5313 5313 5313 5070 5421 4668 4965 5035 5566 6857
WEIGHTS: 2 1 1 2 2 2 3 1 3 2 2 3 3 2 3 1 3 1 2 3 3 2 3 3 2 3 1 1 2 2 2 3 2 1 1 2 3 1 3 3 2 2 1 1 3 2 1 2 3 1
