50 30
34 2 16 93 21 103 3 1 87 8 234 9 232 2 16 41 21 55 2 2 56 5 32 3 2 30 4 23 24 34 2 22 184 24 225 2 6 260 20 175 2 3 56 4 257 2 2 309 30 280 2 5 262 25 182 2 14 32 27 57 2 16 101 21 60 2 2 60 6 236 3 7 110 19 15 20 70 3 5 53 15 49 29 40 3 12 46 17 173 20 140 3 12 30 25 8 27 43 3 3 19 7 42 8 57 3 8 52 10 32 21 38 2 2 136 9 156 2 10 296 11 288 3 14 160 16 227 19 62 3 13 273 24 259 27 293 2 11 60 17 62 3 9 9 13 40 15 22 3 13 78 16 47 17 67 2 11 56 18 50 3 16 276 19 72 23 76 3 5 104 14 73 28 186 2 2 81 9 46 3 19 12 23 24 26 24 2 2 54 6 235 3 7 11 17 13 24 47 3 8 104 16 86 29 50
34 2 16 93 21 103 3 1 87 8 234 9 232 2 16 41 21 55 2 2 56 5 32 3 2 30 4 23 24 34 2 22 184 24 225 2 6 260 20 175 2 3 56 4 257 2 2 309 30 280 2 5 262 25 182 2 14 32 27 57 2 16 101 21 60 2 2 60 6 236 3 7 110 19 15 20 70 3 5 53 15 49 29 40 3 12 46 17 173 20 140 3 12 30 25 8 27 43 3 3 19 7 42 8 57 3 8 52 10 32 21 38 2 2 136 9 156 2 10 296 11 288 3 14 160 16 227 19 62 3 13 273 24 259 27 293 2 11 60 17 62 3 9 9 13 40 15 22 3 13 78 16 47 17 67 2 11 56 18 50 3 16 276 19 72 23 76 3 5 104 14 73 28 186 2 2 81 9 46 3 19 12 23 24 26 24 2 2 54 6 235 3 7 11 17 13 24 47 3 8 104 16 86 29 50
38 3 1 231 8 239 9 89 2 2 77 5 117 2 3 176 4 227 2 5 49 25 287 3 2 6 4 21 24 12 2 14 86 27 136 2 2 89 6 166 2 11 45 17 103 2 2 159 6 82 3 7 49 19 106 20 69 3 1 132 8 225 9 74 3 3 52 7 12 8 27 2 16 22 21 39 2 2 111 9 163 2 10 252 11 210 2 11 30 18 85 3 13 256 24 218 27 253 2 11 102 17 62 3 12 117 17 135 20 94 3 9 23 13 34 15 17 3 2 5 4 27 24 12 2 22 231 24 52 3 5 30 15 50 29 49 3 19 7 23 23 26 11 3 5 198 14 184 28 92 3 8 22 10 13 21 18 3 13 52 16 102 17 35 3 5 23 15 52 29 46 3 14 78 16 145 19 49 3 9 7 13 35 15 32 2 6 135 20 151 3 7 83 19 53 20 50 3 12 12 25 48 27 24 3 16 98 19 139 23 201 2 2 62 6 291 2 2 220 30 48 3 7 25 17 18 24 23 3 8 77 16 22 29 122
38 3 1 231 8 239 9 89 2 2 77 5 117 2 3 176 4 227 2 5 49 25 287 3 2 6 4 21 24 12 2 14 86 27 136 2 2 89 6 166 2 11 45 17 103 2 2 159 6 82 3 7 49 19 106 20 69 3 1 132 8 225 9 74 3 3 52 7 12 8 27 2 16 22 21 39 2 2 111 9 163 2 10 252 11 210 2 11 30 18 85 3 13 256 24 218 27 253 2 11 102 17 62 3 12 117 17 135 20 94 3 9 23 13 34 15 17 3 2 5 4 27 24 12 2 22 231 24 52 3 5 30 15 50 29 49 3 19 7 23 23 26 11 3 5 198 14 184 28 92 3 8 22 10 13 21 18 3 13 52 16 102 17 35 3 5 23 15 52 29 46 3 14 78 16 145 19 49 3 9 7 13 35 15 32 2 6 135 20 151 3 7 83 19 53 20 50 3 12 12 25 48 27 24 3 16 98 19 139 23 201 2 2 62 6 291 2 2 220 30 48 3 7 25 17 18 24 23 3 8 77 16 22 29 122
38 3 1 231 8 239 9 89 2 2 77 5 117 2 3 176 4 227 2 5 49 25 287 3 2 6 4 21 24 12 2 14 86 27 136 2 2 89 6 166 2 11 45 17 103 2 2 159 6 82 3 7 49 19 106 20 69 3 1 132 8 225 9 74 3 3 52 7 12 8 27 2 16 22 21 39 2 2 111 9 163 2 10 252 11 210 2 11 30 18 85 3 13 256 24 218 27 253 2 11 102 17 62 3 12 117 17 135 20 94 3 9 23 13 34 15 17 3 2 5 4 27 24 12 2 22 231 24 52 3 5 30 15 50 29 49 3 19 7 23 23 26 11 3 5 198 14 184 28 92 3 8 22 10 13 21 18 3 13 52 16 102 17 35 3 5 23 15 52 29 46 3 14 78 16 145 19 49 3 9 7 13 35 15 32 2 6 135 20 151 3 7 83 19 53 20 50 3 12 12 25 48 27 24 3 16 98 19 139 23 201 2 2 62 6 291 2 2 220 30 48 3 7 25 17 18 24 23 3 8 77 16 22 29 122
33 3 1 192 8 215 9 211 2 2 208 9 115 2 2 125 5 174 2 3 194 4 179 3 2 8 4 31 24 13 2 5 266 25 54 3 19 17 23 6 26 5 3 16 126 19 241 23 188 2 2 180 6 159 3 7 20 19 49 20 108 3 5 76 14 136 28 169 3 3 10 7 18 8 56 3 12 168 17 159 20 100 2 10 264 11 162 2 11 200 17 149 2 11 102 18 96 3 9 31 13 38 15 18 2 14 123 27 48 3 5 53 15 45 29 30 2 16 102 21 99 3 13 70 16 23 17 117 3 14 92 16 310 19 242 2 6 183 20 120 3 7 9 17 51 24 49 3 12 50 25 46 27 28 3 8 50 10 37 21 25 2 11 191 17 123 2 22 39 24 152 3 14 73 16 145 19 263 3 13 62 24 107 27 218 2 2 318 30 303 2 2 136 9 158 3 8 85 16 27 29 57
33 3 1 192 8 215 9 211 2 2 208 9 115 2 2 125 5 174 2 3 194 4 179 3 2 8 4 31 24 13 2 5 266 25 54 3 19 17 23 6 26 5 3 16 126 19 241 23 188 2 2 180 6 159 3 7 20 19 49 20 108 3 5 76 14 136 28 169 3 3 10 7 18 8 56 3 12 168 17 159 20 100 2 10 264 11 162 2 11 200 17 149 2 11 102 18 96 3 9 31 13 38 15 18 2 14 123 27 48 3 5 53 15 45 29 30 2 16 102 21 99 3 13 70 16 23 17 117 3 14 92 16 310 19 242 2 6 183 20 120 3 7 9 17 51 24 49 3 12 50 25 46 27 28 3 8 50 10 37 21 25 2 11 191 17 123 2 22 39 24 152 3 14 73 16 145 19 263 3 13 62 24 107 27 218 2 2 318 30 303 2 2 136 9 158 3 8 85 16 27 29 57
33 3 1 246 8 261 9 145 2 2 173 9 91 2 2 143 5 95 2 3 180 4 106 3 2 17 4 33 24 35 2 5 71 25 200 3 19 14 23 4 26 9 3 16 294 19 138 23 157 2 2 229 6 54 3 7 41 19 55 20 67 3 5 156 14 234 28 199 3 3 8 7 41 8 16 3 12 137 17 111 20 72 2 10 301 11 52 2 11 146 17 119 2 11 51 18 17 3 9 26 13 30 15 40 2 14 24 27 56 3 5 46 15 7 29 51 2 16 80 21 51 3 13 19 16 39 17 32 3 14 272 16 290 19 89 2 6 124 20 151 3 7 6 17 52 24 44 3 12 36 25 19 27 42 3 8 40 10 23 21 72 2 11 71 17 184 2 22 45 24 132 3 14 127 16 87 19 46 3 13 269 24 51 27 255 2 2 105 30 252 2 2 199 9 50 3 8 127 16 85 29 86
33 3 1 177 8 253 9 65 3 7 76 19 64 20 25 2 2 121 5 44 3 8 14 10 21 21 49 3 13 64 16 20 17 44 2 22 54 24 41 3 8 42 10 37 21 61 2 3 286 4 71 3 2 26 4 23 24 28 2 10 136 11 41 2 5 122 25 336 3 19 12 23 11 26 4 2 2 58 6 178 3 13 273 24 250 27 46 3 5 13 15 35 29 36 3 3 9 7 32 8 30 2 2 113 9 196 3 16 114 19 55 23 284 2 11 170 17 139 3 7 68 19 86 20 86 3 9 27 13 30 15 7 3 12 76 17 176 20 105 2 16 32 21 108 2 14 87 27 113 2 2 116 5 176 2 11 29 18 51 2 6 141 20 134 3 14 83 16 97 19 69 3 7 31 17 38 24 41 3 12 61 25 29 27 9 3 5 181 14 110 28 228 3 8 32 16 113 29 67 2 2 120 30 353
36 3 1 168 8 242 9 100 2 2 135 5 123 2 3 279 4 150 2 2 120 5 20 3 2 12 4 32 24 15 2 5 120 25 62 3 19 13 23 16 26 15 2 2 157 6 268 3 5 258 14 63 28 97 3 13 98 16 66 17 20 3 7 72 19 72 20 73 2 2 139 5 87 3 9 40 13 37 15 29 3 14 164 16 105 19 198 3 13 179 24 154 27 148 3 3 22 7 26 8 53 2 2 142 9 106 2 10 230 11 223 2 11 55 17 61 3 12 178 17 63 20 141 2 14 186 27 65 3 5 44 15 6 29 24 2 2 110 30 299 3 16 288 19 112 23 286 3 5 10 15 31 29 7 2 16 99 21 89 3 14 107 16 155 19 133 3 8 73 16 59 29 83 2 11 120 18 110 2 6 86 20 138 3 8 77 16 74 29 83 3 12 39 25 43 27 26 2 2 331 30 215 3 8 42 10 35 21 52 2 22 161 24 47 3 7 25 17 57 24 57
36 3 1 168 8 242 9 100 2 2 135 5 123 2 3 279 4 150 2 2 120 5 20 3 2 12 4 32 24 15 2 5 120 25 62 3 19 13 23 16 26 15 2 2 157 6 268 3 5 258 14 63 28 97 3 13 98 16 66 17 20 3 7 72 19 72 20 73 2 2 139 5 87 3 9 40 13 37 15 29 3 14 164 16 105 19 198 3 13 179 24 154 27 148 3 3 22 7 26 8 53 2 2 142 9 106 2 10 230 11 223 2 11 55 17 61 3 12 178 17 63 20 141 2 14 186 27 65 3 5 44 15 6 29 24 2 2 110 30 299 3 16 288 19 112 23 286 3 5 10 15 31 29 7 2 16 99 21 89 3 14 107 16 155 19 133 3 8 73 16 59 29 83 2 11 120 18 110 2 6 86 20 138 3 8 77 16 74 29 83 3 12 39 25 43 27 26 2 2 331 30 215 3 8 42 10 35 21 52 2 22 161 24 47 3 7 25 17 57 24 57
36 3 1 168 8 242 9 100 2 2 135 5 123 2 3 279 4 150 2 2 120 5 20 3 2 12 4 32 24 15 2 5 120 25 62 3 19 13 23 16 26 15 2 2 157 6 268 3 5 258 14 63 28 97 3 13 98 16 66 17 20 3 7 72 19 72 20 73 2 2 139 5 87 3 9 40 13 37 15 29 3 14 164 16 105 19 198 3 13 179 24 154 27 148 3 3 22 7 26 8 53 2 2 142 9 106 2 10 230 11 223 2 11 55 17 61 3 12 178 17 63 20 141 2 14 186 27 65 3 5 44 15 6 29 24 2 2 110 30 299 3 16 288 19 112 23 286 3 5 10 15 31 29 7 2 16 99 21 89 3 14 107 16 155 19 133 3 8 73 16 59 29 83 2 11 120 18 110 2 6 86 20 138 3 8 77 16 74 29 83 3 12 39 25 43 27 26 2 2 331 30 215 3 8 42 10 35 21 52 2 22 161 24 47 3 7 25 17 57 24 57
33 3 1 228 8 31 9 134 2 2 125 9 151 2 2 60 5 119 2 3 240 4 62 3 2 9 4 11 24 18 2 5 311 25 71 3 19 3 23 18 26 24 3 16 177 19 57 23 137 2 2 152 6 159 3 7 16 19 88 20 36 3 5 290 14 296 28 178 3 3 22 7 20 8 41 3 12 140 17 38 20 61 2 10 305 11 228 2 11 70 17 183 2 11 111 18 136 3 9 39 13 20 15 15 2 14 38 27 32 3 5 20 15 26 29 53 2 16 62 21 118 3 13 34 16 125 17 40 3 14 110 16 272 19 258 2 6 86 20 112 3 7 36 17 53 24 41 3 12 46 25 13 27 44 3 8 46 10 25 21 38 2 11 194 17 111 2 22 66 24 239 3 14 237 16 99 19 295 3 13 246 24 256 27 58 2 2 305 30 145 2 2 54 9 48 3 8 59 16 92 29 101
37 3 1 219 8 34 9 245 2 2 91 5 66 3 1 119 8 127 9 43 2 11 140 17 103 2 3 186 4 183 3 7 20 17 38 24 27 3 8 53 10 18 21 76 3 2 17 4 16 24 35 2 5 152 25 291 2 2 230 6 89 3 8 79 10 80 21 54 3 7 108 19 112 20 12 3 2 7 4 34 24 29 3 3 22 7 53 8 28 2 2 185 9 63 2 10 58 11 96 3 12 69 17 138 20 24 3 7 50 17 9 24 11 3 9 36 13 5 15 31 2 14 166 27 43 3 13 229 24 43 27 84 3 5 208 14 216 28 261 3 13 45 16 58 17 119 2 16 115 21 93 3 5 8 15 48 29 23 2 2 260 30 150 2 11 90 18 101 3 7 89 19 61 20 59 3 14 217 16 51 19 134 2 6 206 20 123 3 13 108 16 25 17 21 2 22 87 24 192 3 16 133 19 139 23 324 3 12 62 25 41 27 9 3 14 109 16 152 19 128 3 8 80 16 125 29 104 3 19 13 23 3 26 10
37 3 1 219 8 34 9 245 2 2 91 5 66 3 1 119 8 127 9 43 2 11 140 17 103 2 3 186 4 183 3 7 20 17 38 24 27 3 8 53 10 18 21 76 3 2 17 4 16 24 35 2 5 152 25 291 2 2 230 6 89 3 8 79 10 80 21 54 3 7 108 19 112 20 12 3 2 7 4 34 24 29 3 3 22 7 53 8 28 2 2 185 9 63 2 10 58 11 96 3 12 69 17 138 20 24 3 7 50 17 9 24 11 3 9 36 13 5 15 31 2 14 166 27 43 3 13 229 24 43 27 84 3 5 208 14 216 28 261 3 13 45 16 58 17 119 2 16 115 21 93 3 5 8 15 48 29 23 2 2 260 30 150 2 11 90 18 101 3 7 89 19 61 20 59 3 14 217 16 51 19 134 2 6 206 20 123 3 13 108 16 25 17 21 2 22 87 24 192 3 16 133 19 139 23 324 3 12 62 25 41 27 9 3 14 109 16 152 19 128 3 8 80 16 125 29 104 3 19 13 23 3 26 10
33 3 1 222 8 159 9 94 3 7 73 19 78 20 92 2 2 125 5 133 3 8 46 10 9 21 47 3 13 91 16 117 17 121 2 22 115 24 43 3 8 81 10 71 21 17 2 3 229 4 64 3 2 14 4 31 24 7 2 10 104 11 256 2 5 299 25 57 3 19 12 23 12 26 7 2 2 71 6 119 3 13 153 24 242 27 96 3 5 54 15 38 29 35 3 3 7 7 45 8 41 2 2 79 9 190 3 16 253 19 125 23 61 2 11 113 17 89 3 7 12 19 81 20 19 3 9 19 13 13 15 33 3 12 127 17 49 20 151 2 16 100 21 17 2 14 122 27 125 2 2 142 5 92 2 11 20 18 117 2 6 122 20 37 3 14 249 16 181 19 102 3 7 35 17 46 24 21 3 12 16 25 38 27 55 3 5 99 14 188 28 50 3 8 108 16 60 29 127 2 2 272 30 131
33 3 1 222 8 159 9 94 3 7 73 19 78 20 92 2 2 125 5 133 3 8 46 10 9 21 47 3 13 91 16 117 17 121 2 22 115 24 43 3 8 81 10 71 21 17 2 3 229 4 64 3 2 14 4 31 24 7 2 10 104 11 256 2 5 299 25 57 3 19 12 23 12 26 7 2 2 71 6 119 3 13 153 24 242 27 96 3 5 54 15 38 29 35 3 3 7 7 45 8 41 2 2 79 9 190 3 16 253 19 125 23 61 2 11 113 17 89 3 7 12 19 81 20 19 3 9 19 13 13 15 33 3 12 127 17 49 20 151 2 16 100 21 17 2 14 122 27 125 2 2 142 5 92 2 11 20 18 117 2 6 122 20 37 3 14 249 16 181 19 102 3 7 35 17 46 24 21 3 12 16 25 38 27 55 3 5 99 14 188 28 50 3 8 108 16 60 29 127 2 2 272 30 131
33 3 13 232 24 145 27 86 3 1 179 8 226 9 205 2 2 94 5 141 2 3 105 4 111 3 2 17 4 18 24 30 2 10 171 11 155 2 5 241 25 60 2 2 232 6 113 3 19 3 23 12 26 20 3 7 54 19 29 20 44 3 3 16 7 12 8 27 2 2 32 9 47 2 11 191 17 75 3 12 86 17 34 20 73 2 16 54 21 108 3 9 30 13 10 15 29 2 11 52 17 88 3 13 48 16 90 17 98 3 14 249 16 283 19 177 2 14 81 27 144 3 8 123 16 50 29 51 3 5 38 15 53 29 49 2 11 121 18 40 3 7 37 17 56 24 12 3 8 134 16 37 29 129 3 16 229 19 277 23 240 2 6 263 20 41 3 8 37 10 38 21 48 3 8 103 16 34 29 23 2 22 231 24 215 2 2 144 30 331 3 12 26 25 19 27 27 3 5 135 14 275 28 224
33 3 13 232 24 145 27 86 3 1 179 8 226 9 205 2 2 94 5 141 2 3 105 4 111 3 2 17 4 18 24 30 2 10 171 11 155 2 5 241 25 60 2 2 232 6 113 3 19 3 23 12 26 20 3 7 54 19 29 20 44 3 3 16 7 12 8 27 2 2 32 9 47 2 11 191 17 75 3 12 86 17 34 20 73 2 16 54 21 108 3 9 30 13 10 15 29 2 11 52 17 88 3 13 48 16 90 17 98 3 14 249 16 283 19 177 2 14 81 27 144 3 8 123 16 50 29 51 3 5 38 15 53 29 49 2 11 121 18 40 3 7 37 17 56 24 12 3 8 134 16 37 29 129 3 16 229 19 277 23 240 2 6 263 20 41 3 8 37 10 38 21 48 3 8 103 16 34 29 23 2 22 231 24 215 2 2 144 30 331 3 12 26 25 19 27 27 3 5 135 14 275 28 224
35 3 1 136 8 159 9 105 2 2 164 5 141 3 8 64 16 87 29 50 2 2 110 5 52 3 9 16 13 12 15 35 2 3 256 4 230 2 11 201 17 126 2 3 243 4 214 3 12 56 25 40 27 36 3 2 4 4 27 24 34 2 5 105 25 179 2 2 259 6 144 3 7 112 19 52 20 24 3 3 58 7 53 8 27 3 5 202 14 214 28 109 2 2 92 9 187 2 10 214 11 80 3 12 184 17 163 20 24 3 1 247 8 216 9 60 2 14 89 27 124 3 5 37 15 25 29 33 2 16 83 21 62 3 7 51 17 46 24 13 3 13 26 16 102 17 73 3 9 19 13 13 15 11 2 11 118 18 131 3 14 59 16 302 19 197 2 22 38 24 181 2 6 152 20 215 3 8 12 10 54 21 80 3 13 224 24 58 27 290 3 2 22 4 18 24 21 3 16 93 19 234 23 260 3 19 13 23 12 26 5 2 2 156 30 198
35 3 1 136 8 159 9 105 2 2 164 5 141 3 8 64 16 87 29 50 2 2 110 5 52 3 9 16 13 12 15 35 2 3 256 4 230 2 11 201 17 126 2 3 243 4 214 3 12 56 25 40 27 36 3 2 4 4 27 24 34 2 5 105 25 179 2 2 259 6 144 3 7 112 19 52 20 24 3 3 58 7 53 8 27 3 5 202 14 214 28 109 2 2 92 9 187 2 10 214 11 80 3 12 184 17 163 20 24 3 1 247 8 216 9 60 2 14 89 27 124 3 5 37 15 25 29 33 2 16 83 21 62 3 7 51 17 46 24 13 3 13 26 16 102 17 73 3 9 19 13 13 15 11 2 11 118 18 131 3 14 59 16 302 19 197 2 22 38 24 181 2 6 152 20 215 3 8 12 10 54 21 80 3 13 224 24 58 27 290 3 2 22 4 18 24 21 3 16 93 19 234 23 260 3 19 13 23 12 26 5 2 2 156 30 198
35 3 1 136 8 159 9 105 2 2 164 5 141 3 8 64 16 87 29 50 2 2 110 5 52 3 9 16 13 12 15 35 2 3 256 4 230 2 11 201 17 126 2 3 243 4 214 3 12 56 25 40 27 36 3 2 4 4 27 24 34 2 5 105 25 179 2 2 259 6 144 3 7 112 19 52 20 24 3 3 58 7 53 8 27 3 5 202 14 214 28 109 2 2 92 9 187 2 10 214 11 80 3 12 184 17 163 20 24 3 1 247 8 216 9 60 2 14 89 27 124 3 5 37 15 25 29 33 2 16 83 21 62 3 7 51 17 46 24 13 3 13 26 16 102 17 73 3 9 19 13 13 15 11 2 11 118 18 131 3 14 59 16 302 19 197 2 22 38 24 181 2 6 152 20 215 3 8 12 10 54 21 80 3 13 224 24 58 27 290 3 2 22 4 18 24 21 3 16 93 19 234 23 260 3 19 13 23 12 26 5 2 2 156 30 198
34 2 2 160 5 159 3 13 58 16 119 17 82 2 16 46 21 27 3 1 240 8 36 9 38 2 3 297 4 38 3 2 12 4 18 24 14 2 5 133 25 160 2 2 195 6 278 3 7 89 19 13 20 71 3 3 39 7 39 8 11 2 2 65 9 190 3 5 267 14 229 28 206 2 5 67 25 79 2 10 90 11 245 2 2 50 9 217 3 12 160 17 69 20 96 3 5 18 15 19 29 40 2 11 89 17 191 3 7 37 17 39 24 21 3 9 37 13 6 15 22 3 5 45 14 64 28 207 2 14 87 27 47 2 11 116 18 46 3 14 213 16 71 19 154 2 2 95 5 145 2 6 155 20 132 3 8 57 16 117 29 66 3 8 35 10 23 21 75 2 22 235 24 191 3 12 56 25 49 27 24 3 16 239 19 262 23 115 3 19 20 23 6 26 21 3 13 218 24 254 27 43 2 2 105 30 346
34 2 2 160 5 159 3 13 58 16 119 17 82 2 16 46 21 27 3 1 240 8 36 9 38 2 3 297 4 38 3 2 12 4 18 24 14 2 5 133 25 160 2 2 195 6 278 3 7 89 19 13 20 71 3 3 39 7 39 8 11 2 2 65 9 190 3 5 267 14 229 28 206 2 5 67 25 79 2 10 90 11 245 2 2 50 9 217 3 12 160 17 69 20 96 3 5 18 15 19 29 40 2 11 89 17 191 3 7 37 17 39 24 21 3 9 37 13 6 15 22 3 5 45 14 64 28 207 2 14 87 27 47 2 11 116 18 46 3 14 213 16 71 19 154 2 2 95 5 145 2 6 155 20 132 3 8 57 16 117 29 66 3 8 35 10 23 21 75 2 22 235 24 191 3 12 56 25 49 27 24 3 16 239 19 262 23 115 3 19 20 23 6 26 21 3 13 218 24 254 27 43 2 2 105 30 346
34 2 2 160 5 159 3 13 58 16 119 17 82 2 16 46 21 27 3 1 240 8 36 9 38 2 3 297 4 38 3 2 12 4 18 24 14 2 5 133 25 160 2 2 195 6 278 3 7 89 19 13 20 71 3 3 39 7 39 8 11 2 2 65 9 190 3 5 267 14 229 28 206 2 5 67 25 79 2 10 90 11 245 2 2 50 9 217 3 12 160 17 69 20 96 3 5 18 15 19 29 40 2 11 89 17 191 3 7 37 17 39 24 21 3 9 37 13 6 15 22 3 5 45 14 64 28 207 2 14 87 27 47 2 11 116 18 46 3 14 213 16 71 19 154 2 2 95 5 145 2 6 155 20 132 3 8 57 16 117 29 66 3 8 35 10 23 21 75 2 22 235 24 191 3 12 56 25 49 27 24 3 16 239 19 262 23 115 3 19 20 23 6 26 21 3 13 218 24 254 27 43 2 2 105 30 346
37 2 14 140 27 123 3 1 57 8 86 9 201 2 2 126 5 37 2 14 171 27 138 3 14 56 16 155 19 203 3 16 336 19 236 23 137 3 7 99 19 108 20 52 2 22 188 24 48 2 3 114 4 51 3 2 9 4 7 24 25 3 12 46 25 44 27 9 2 3 203 4 45 3 3 55 7 56 8 24 3 5 234 14 291 28 55 3 12 21 25 9 27 28 3 13 261 24 154 27 115 2 6 275 20 62 3 7 52 19 86 20 25 3 13 43 16 124 17 86 2 5 246 25 162 3 1 255 8 96 9 121 2 2 255 6 73 3 12 181 17 152 20 188 2 2 190 9 126 3 8 47 10 29 21 35 2 10 315 11 277 2 11 189 17 196 3 9 40 13 7 15 11 3 5 43 15 45 29 28 2 11 96 18 121 3 13 51 24 156 27 132 2 16 35 21 106 3 7 10 17 12 24 37 3 8 28 10 82 21 27 3 19 16 23 15 26 4 3 8 87 16 23 29 34 2 2 102 30 189
37 2 14 140 27 123 3 1 57 8 86 9 201 2 2 126 5 37 2 14 171 27 138 3 14 56 16 155 19 203 3 16 336 19 236 23 137 3 7 99 19 108 20 52 2 22 188 24 48 2 3 114 4 51 3 2 9 4 7 24 25 3 12 46 25 44 27 9 2 3 203 4 45 3 3 55 7 56 8 24 3 5 234 14 291 28 55 3 12 21 25 9 27 28 3 13 261 24 154 27 115 2 6 275 20 62 3 7 52 19 86 20 25 3 13 43 16 124 17 86 2 5 246 25 162 3 1 255 8 96 9 121 2 2 255 6 73 3 12 181 17 152 20 188 2 2 190 9 126 3 8 47 10 29 21 35 2 10 315 11 277 2 11 189 17 196 3 9 40 13 7 15 11 3 5 43 15 45 29 28 2 11 96 18 121 3 13 51 24 156 27 132 2 16 35 21 106 3 7 10 17 12 24 37 3 8 28 10 82 21 27 3 19 16 23 15 26 4 3 8 87 16 23 29 34 2 2 102 30 189
33 3 1 116 8 219 9 239 2 2 200 9 27 2 2 124 5 88 2 3 54 4 218 3 2 19 4 26 24 7 2 5 267 25 328 3 19 8 23 7 26 14 3 16 244 19 176 23 181 2 2 210 6 72 3 7 79 19 80 20 76 3 5 89 14 215 28 246 3 3 50 7 12 8 23 3 12 137 17 97 20 94 2 10 219 11 274 2 11 97 17 29 2 11 89 18 31 3 9 25 13 24 15 16 2 14 44 27 77 3 5 55 15 34 29 49 2 16 82 21 93 3 13 63 16 68 17 70 3 14 269 16 248 19 152 2 6 80 20 209 3 7 54 17 45 24 39 3 12 29 25 29 27 34 3 8 20 10 69 21 27 2 11 150 17 168 2 22 120 24 87 3 14 196 16 118 19 234 3 13 187 24 132 27 262 2 2 240 30 254 2 2 135 9 134 3 8 53 16 101 29 50
33 3 1 116 8 219 9 239 2 2 200 9 27 2 2 124 5 88 2 3 54 4 218 3 2 19 4 26 24 7 2 5 267 25 328 3 19 8 23 7 26 14 3 16 244 19 176 23 181 2 2 210 6 72 3 7 79 19 80 20 76 3 5 89 14 215 28 246 3 3 50 7 12 8 23 3 12 137 17 97 20 94 2 10 219 11 274 2 11 97 17 29 2 11 89 18 31 3 9 25 13 24 15 16 2 14 44 27 77 3 5 55 15 34 29 49 2 16 82 21 93 3 13 63 16 68 17 70 3 14 269 16 248 19 152 2 6 80 20 209 3 7 54 17 45 24 39 3 12 29 25 29 27 34 3 8 20 10 69 21 27 2 11 150 17 168 2 22 120 24 87 3 14 196 16 118 19 234 3 13 187 24 132 27 262 2 2 240 30 254 2 2 135 9 134 3 8 53 16 101 29 50
37 3 1 63 8 56 9 51 2 2 152 5 73 3 1 65 8 109 9 137 2 11 200 17 84 2 3 161 4 233 3 7 46 17 27 24 47 3 8 26 10 50 21 68 3 2 7 4 35 24 24 2 5 259 25 239 2 2 244 6 118 3 8 39 10 33 21 49 3 7 70 19 32 20 42 3 2 27 4 5 24 10 3 3 33 7 13 8 37 2 2 148 9 179 2 10 206 11 55 3 12 99 17 62 20 54 3 7 40 17 20 24 59 3 9 9 13 26 15 24 2 14 60 27 146 3 13 284 24 151 27 209 3 5 148 14 249 28 123 3 13 83 16 86 17 18 2 16 42 21 95 3 5 25 15 54 29 11 2 2 334 30 86 2 11 127 18 30 3 7 102 19 65 20 94 3 14 185 16 73 19 165 2 6 60 20 212 3 13 110 16 22 17 16 2 22 226 24 126 3 16 242 19 313 23 56 3 12 26 25 21 27 51 3 14 70 16 201 19 266 3 8 46 16 131 29 134 3 19 9 23 9 26 20
37 3 1 63 8 56 9 51 2 2 152 5 73 3 1 65 8 109 9 137 2 11 200 17 84 2 3 161 4 233 3 7 46 17 27 24 47 3 8 26 10 50 21 68 3 2 7 4 35 24 24 2 5 259 25 239 2 2 244 6 118 3 8 39 10 33 21 49 3 7 70 19 32 20 42 3 2 27 4 5 24 10 3 3 33 7 13 8 37 2 2 148 9 179 2 10 206 11 55 3 12 99 17 62 20 54 3 7 40 17 20 24 59 3 9 9 13 26 15 24 2 14 60 27 146 3 13 284 24 151 27 209 3 5 148 14 249 28 123 3 13 83 16 86 17 18 2 16 42 21 95 3 5 25 15 54 29 11 2 2 334 30 86 2 11 127 18 30 3 7 102 19 65 20 94 3 14 185 16 73 19 165 2 6 60 20 212 3 13 110 16 22 17 16 2 22 226 24 126 3 16 242 19 313 23 56 3 12 26 25 21 27 51 3 14 70 16 201 19 266 3 8 46 16 131 29 134 3 19 9 23 9 26 20
37 2 16 60 21 118 3 1 255 8 239 9 86 2 2 171 5 42 3 5 270 14 221 28 231 3 1 69 8 181 9 78 2 3 121 4 144 3 8 69 10 43 21 47 3 2 10 4 33 24 34 2 2 105 5 125 2 5 86 25 177 3 5 30 15 15 29 11 2 2 62 6 207 3 7 36 19 105 20 99 2 3 236 4 133 3 3 27 7 9 8 10 2 2 58 9 121 2 10 194 11 42 3 13 210 24 58 27 83 2 11 190 17 200 3 13 45 16 61 17 81 3 12 171 17 75 20 23 3 9 17 13 22 15 18 2 14 55 27 68 2 11 32 18 22 2 22 104 24 195 3 12 11 25 23 27 44 2 2 273 30 55 3 2 17 4 22 24 26 3 14 65 16 124 19 284 3 1 32 8 79 9 114 2 6 225 20 134 3 16 102 19 74 23 69 3 19 21 23 14 26 13 3 9 38 13 10 15 37 3 7 57 17 55 24 17 3 2 34 4 35 24 29 3 8 92 16 70 29 125
37 2 16 44 21 108 3 1 47 8 216 9 260 2 2 75 5 55 3 5 153 14 240 28 139 3 1 77 8 145 9 182 2 3 117 4 139 3 8 42 10 21 21 38 3 2 17 4 21 24 26 2 2 34 5 52 2 5 272 25 340 3 5 6 15 27 29 34 2 2 37 6 34 3 7 81 19 80 20 94 2 3 214 4 122 3 3 12 7 36 8 59 2 2 73 9 211 2 10 192 11 226 3 13 81 24 157 27 171 2 11 92 17 148 3 13 19 16 94 17 31 3 12 182 17 143 20 135 3 9 37 13 20 15 7 2 14 178 27 104 2 11 134 18 78 2 22 60 24 81 3 12 60 25 59 27 28 2 2 224 30 49 3 2 33 4 7 24 28 3 14 146 16 99 19 87 3 1 99 8 46 9 107 2 6 254 20 151 3 16 63 19 148 23 213 3 19 8 23 10 26 11 3 9 21 13 13 15 4 3 7 18 17 21 24 50 3 2 16 4 12 24 8 3 8 76 16 131 29 99
34 2 2 156 5 74 3 13 116 16 37 17 42 2 16 24 21 90 3 1 132 8 73 9 183 2 3 42 4 283 3 2 28 4 31 24 7 2 5 336 25 189 2 2 85 6 290 3 7 105 19 93 20 70 3 3 16 7 25 8 59 2 2 157 9 217 3 5 244 14 114 28 210 2 5 52 25 52 2 10 99 11 104 2 2 112 9 185 3 12 49 17 107 20 72 3 5 49 15 26 29 25 2 11 158 17 167 3 7 49 17 40 24 53 3 9 7 13 40 15 5 3 5 219 14 181 28 289 2 14 185 27 81 2 11 122 18 116 3 14 194 16 119 19 125 2 2 79 5 102 2 6 117 20 255 3 8 101 16 120 29 114 3 8 9 10 15 21 73 2 22 236 24 175 3 12 40 25 24 27 60 3 16 294 19 164 23 198 3 19 19 23 3 26 14 3 13 86 24 223 27 234 2 2 278 30 128
34 2 2 156 5 74 3 13 116 16 37 17 42 2 16 24 21 90 3 1 132 8 73 9 183 2 3 42 4 283 3 2 28 4 31 24 7 2 5 336 25 189 2 2 85 6 290 3 7 105 19 93 20 70 3 3 16 7 25 8 59 2 2 157 9 217 3 5 244 14 114 28 210 2 5 52 25 52 2 10 99 11 104 2 2 112 9 185 3 12 49 17 107 20 72 3 5 49 15 26 29 25 2 11 158 17 167 3 7 49 17 40 24 53 3 9 7 13 40 15 5 3 5 219 14 181 28 289 2 14 185 27 81 2 11 122 18 116 3 14 194 16 119 19 125 2 2 79 5 102 2 6 117 20 255 3 8 101 16 120 29 114 3 8 9 10 15 21 73 2 22 236 24 175 3 12 40 25 24 27 60 3 16 294 19 164 23 198 3 19 19 23 3 26 14 3 13 86 24 223 27 234 2 2 278 30 128
37 2 16 85 21 51 3 1 169 8 252 9 55 2 2 86 5 70 3 5 51 14 74 28 252 3 1 204 8 117 9 173 2 3 293 4 268 3 8 9 10 61 21 11 3 2 10 4 20 24 22 2 2 50 5 95 2 5 254 25 205 3 5 25 15 13 29 40 2 2 77 6 167 3 7 108 19 72 20 24 2 3 61 4 283 3 3 59 7 34 8 34 2 2 102 9 73 2 10 240 11 303 3 13 158 24 206 27 255 2 11 151 17 129 3 13 84 16 28 17 110 3 12 33 17 64 20 63 3 9 32 13 29 15 10 2 14 152 27 161 2 11 47 18 98 2 22 60 24 83 3 12 39 25 26 27 34 2 2 144 30 318 3 2 5 4 11 24 19 3 14 212 16 169 19 226 3 1 128 8 181 9 104 2 6 262 20 42 3 16 83 19 310 23 287 3 19 4 23 6 26 17 3 9 26 13 19 15 23 3 7 58 17 20 24 49 3 2 25 4 14 24 5 3 8 19 16 77 29 94
38 3 1 196 8 76 9 134 2 2 121 5 22 2 3 231 4 198 2 5 134 25 241 3 2 35 4 27 24 35 2 14 186 27 41 2 2 174 6 57 2 11 53 17 63 2 2 155 6 101 3 7 79 19 52 20 92 3 1 235 8 70 9 197 3 3 55 7 16 8 20 2 16 93 21 59 2 2 180 9 118 2 10 130 11 76 2 11 17 18 126 3 13 289 24 281 27 121 2 11 153 17 86 3 12 99 17 115 20 181 3 9 26 13 30 15 11 3 2 14 4 15 24 18 2 22 236 24 216 3 5 15 15 50 29 18 3 19 8 23 17 26 9 3 5 68 14 172 28 253 3 8 52 10 54 21 74 3 13 19 16 99 17 21 3 5 39 15 9 29 44 3 14 80 16 96 19 165 3 9 11 13 24 15 11 2 6 246 20 139 3 7 23 19 111 20 102 3 12 58 25 57 27 14 3 16 210 19 203 23 78 2 2 280 6 59 2 2 268 30 194 3 7 53 17 58 24 18 3 8 98 16 95 29 54
36 3 2 15 4 9 24 15 3 1 170 8 36 9 209 2 2 127 5 27 2 3 61 4 284 2 5 80 25 262 3 1 213 8 125 9 257 2 2 114 6 269 3 7 37 19 25 20 100 3 1 207 8 207 9 225 2 11 87 18 77 3 9 38 13 5 15 14 3 1 145 8 226 9 201 3 19 16 23 3 26 21 3 13 104 16 48 17 118 3 3 23 7 26 8 12 2 2 71 9 131 3 12 156 17 157 20 63 3 8 88 16 132 29 45 2 10 236 11 221 2 11 85 17 28 2 3 310 4 102 3 14 46 16 139 19 188 3 12 31 25 18 27 51 3 5 50 15 13 29 29 3 16 224 19 297 23 331 2 14 41 27 138 3 8 19 16 54 29 78 2 22 68 24 197 2 16 23 21 83 3 7 50 17 10 24 57 2 11 91 17 166 2 6 41 20 158 3 5 265 14 62 28 166 3 8 69 10 55 21 24 3 13 185 24 131 27 270 2 2 271 30 105
33 3 13 199 24 96 27 233 3 1 106 8 213 9 215 2 2 62 5 21 2 3 120 4 265 3 2 33 4 5 24 25 2 10 282 11 216 2 5 210 25 138 2 2 57 6 203 3 19 5 23 17 26 13 3 7 59 19 30 20 14 3 3 13 7 39 8 25 2 2 184 9 96 2 11 94 17 34 3 12 94 17 175 20 38 2 16 119 21 80 3 9 20 13 19 15 40 2 11 103 17 58 3 13 27 16 73 17 29 3 14 41 16 185 19 85 2 14 34 27 112 3 8 31 16 70 29 71 3 5 16 15 54 29 24 2 11 107 18 51 3 7 48 17 27 24 38 3 8 114 16 133 29 22 3 16 80 19 191 23 272 2 6 179 20 35 3 8 41 10 45 21 43 3 8 120 16 124 29 53 2 22 145 24 34 2 2 161 30 252 3 12 46 25 39 27 30 3 5 153 14 252 28 275
33 3 13 199 24 96 27 233 3 1 106 8 213 9 215 2 2 62 5 21 2 3 120 4 265 3 2 33 4 5 24 25 2 10 282 11 216 2 5 210 25 138 2 2 57 6 203 3 19 5 23 17 26 13 3 7 59 19 30 20 14 3 3 13 7 39 8 25 2 2 184 9 96 2 11 94 17 34 3 12 94 17 175 20 38 2 16 119 21 80 3 9 20 13 19 15 40 2 11 103 17 58 3 13 27 16 73 17 29 3 14 41 16 185 19 85 2 14 34 27 112 3 8 31 16 70 29 71 3 5 16 15 54 29 24 2 11 107 18 51 3 7 48 17 27 24 38 3 8 114 16 133 29 22 3 16 80 19 191 23 272 2 6 179 20 35 3 8 41 10 45 21 43 3 8 120 16 124 29 53 2 22 145 24 34 2 2 161 30 252 3 12 46 25 39 27 30 3 5 153 14 252 28 275
37 3 1 104 8 38 9 48 2 2 92 5 132 2 3 307 4 64 3 2 17 4 25 24 22 3 13 124 16 63 17 38 2 3 152 4 46 2 5 297 25 250 2 3 313 4 163 2 2 167 6 37 3 7 38 19 63 20 20 3 3 57 7 55 8 39 2 2 197 9 154 2 16 103 21 112 2 10 106 11 90 2 11 80 17 45 2 6 206 20 164 2 22 140 24 63 3 2 14 4 14 24 4 3 12 43 17 126 20 75 2 16 25 21 15 3 13 189 24 263 27 203 3 9 16 13 23 15 8 3 7 57 19 41 20 67 2 14 99 27 166 3 13 190 24 64 27 37 3 19 11 23 24 26 22 3 16 293 19 54 23 323 2 11 41 18 23 3 5 19 15 24 29 25 3 14 42 16 221 19 83 2 14 125 27 109 2 2 208 30 89 3 8 34 10 61 21 34 3 8 126 16 23 29 26 3 7 26 17 18 24 38 3 12 49 25 51 27 12 3 5 76 14 234 28 246
33 3 1 237 8 169 9 106 3 7 65 19 81 20 31 2 2 146 5 106 3 8 32 10 75 21 65 3 13 29 16 78 17 86 2 22 29 24 208 3 8 14 10 9 21 22 2 3 300 4 90 3 2 15 4 13 24 5 2 10 188 11 225 2 5 195 25 301 3 19 12 23 10 26 10 2 2 125 6 35 3 13 150 24 285 27 174 3 5 21 15 39 29 51 3 3 54 7 19 8 17 2 2 170 9 169 3 16 195 19 226 23 228 2 11 91 17 134 3 7 76 19 46 20 105 3 9 24 13 29 15 19 3 12 105 17 118 20 84 2 16 120 21 31 2 14 108 27 49 2 2 176 5 79 2 11 92 18 101 2 6 94 20 247 3 14 42 16 76 19 203 3 7 22 17 16 24 22 3 12 41 25 62 27 46 3 5 102 14 202 28 189 3 8 101 16 128 29 27 2 2 252 30 342
38 3 1 226 8 207 9 245 3 2 29 4 26 24 7 3 1 67 8 56 9 210 2 2 107 5 31 3 1 65 8 255 9 139 2 3 287 4 283 2 5 309 25 298 2 2 35 6 190 3 7 76 19 19 20 60 3 3 38 7 47 8 62 3 2 14 4 23 24 30 2 11 118 17 52 2 10 36 11 88 2 2 119 9 188 3 3 61 7 30 8 49 3 9 11 13 4 15 33 3 8 42 16 31 29 127 3 12 67 17 121 20 163 2 14 184 27 31 3 19 18 23 7 26 3 3 7 56 17 19 24 14 3 1 165 8 75 9 107 3 5 9 15 55 29 43 3 19 5 23 8 26 18 2 16 66 21 83 2 2 202 30 288 3 13 70 16 40 17 90 3 7 55 17 18 24 49 2 11 106 18 92 3 14 151 16 128 19 100 3 5 102 14 70 28 227 3 13 196 24 229 27 208 2 6 109 20 126 3 12 42 25 59 27 11 3 13 163 24 88 27 161 3 8 82 10 68 21 39 2 22 165 24 130 3 16 221 19 330 23 166
38 3 1 226 8 207 9 245 3 2 29 4 26 24 7 3 1 67 8 56 9 210 2 2 107 5 31 3 1 65 8 255 9 139 2 3 287 4 283 2 5 309 25 298 2 2 35 6 190 3 7 76 19 19 20 60 3 3 38 7 47 8 62 3 2 14 4 23 24 30 2 11 118 17 52 2 10 36 11 88 2 2 119 9 188 3 3 61 7 30 8 49 3 9 11 13 4 15 33 3 8 42 16 31 29 127 3 12 67 17 121 20 163 2 14 184 27 31 3 19 18 23 7 26 3 3 7 56 17 19 24 14 3 1 165 8 75 9 107 3 5 9 15 55 29 43 3 19 5 23 8 26 18 2 16 66 21 83 2 2 202 30 288 3 13 70 16 40 17 90 3 7 55 17 18 24 49 2 11 106 18 92 3 14 151 16 128 19 100 3 5 102 14 70 28 227 3 13 196 24 229 27 208 2 6 109 20 126 3 12 42 25 59 27 11 3 13 163 24 88 27 161 3 8 82 10 68 21 39 2 22 165 24 130 3 16 221 19 330 23 166
38 3 1 142 8 218 9 211 3 2 32 4 5 24 25 3 1 54 8 41 9 67 2 2 131 5 174 3 1 128 8 199 9 71 2 3 171 4 286 2 5 198 25 96 2 2 232 6 149 3 7 24 19 59 20 50 3 3 46 7 21 8 35 3 2 13 4 11 24 34 2 11 119 17 155 2 10 248 11 264 2 2 82 9 70 3 3 31 7 19 8 41 3 9 21 13 13 15 8 3 8 105 16 45 29 109 3 12 68 17 181 20 61 2 14 114 27 175 3 19 21 23 21 26 19 3 7 10 17 49 24 10 3 1 210 8 207 9 46 3 5 21 15 21 29 53 3 19 13 23 20 26 10 2 16 89 21 37 2 2 207 30 152 3 13 82 16 27 17 89 3 7 23 17 27 24 39 2 11 48 18 118 3 14 301 16 50 19 233 3 5 200 14 234 28 287 3 13 140 24 152 27 83 2 6 207 20 72 3 12 41 25 7 27 58 3 13 58 24 144 27 123 3 8 21 10 64 21 43 2 22 111 24 182 3 16 146 19 242 23 204
38 3 1 96 8 246 9 170 2 2 32 5 48 2 3 160 4 83 2 5 243 25 149 3 2 29 4 15 24 23 2 14 92 27 72 2 2 222 6 182 2 11 92 17 171 2 2 158 6 112 3 7 32 19 23 20 102 3 1 123 8 89 9 185 3 3 52 7 30 8 12 2 16 40 21 74 2 2 203 9 60 2 10 125 11 268 2 11 114 18 124 3 13 237 24 187 27 281 2 11 42 17 101 3 12 176 17 98 20 125 3 9 6 13 19 15 32 3 2 14 4 20 24 35 2 22 77 24 237 3 5 8 15 19 29 19 3 19 5 23 3 26 13 3 5 123 14 107 28 122 3 8 59 10 31 21 27 3 13 33 16 23 17 23 3 5 12 15 15 29 27 3 14 129 16 164 19 228 3 9 29 13 14 15 18 2 6 277 20 153 3 7 83 19 19 20 17 3 12 50 25 17 27 27 3 16 252 19 251 23 231 2 2 43 6 85 2 2 146 30 303 3 7 32 17 15 24 50 3 8 59 16 70 29 91
33 3 1 120 8 47 9 237 3 5 32 15 29 29 30 2 2 114 5 74 2 3 262 4 228 3 2 4 4 35 24 10 2 2 68 5 29 2 5 297 25 199 2 22 173 24 183 2 2 58 6 90 2 11 30 18 30 3 7 24 19 65 20 57 3 13 224 24 85 27 240 3 3 52 7 52 8 39 2 6 95 20 245 3 19 13 23 4 26 17 3 13 53 16 50 17 71 2 3 95 4 213 2 14 122 27 94 2 2 183 9 32 2 10 39 11 196 3 12 22 17 82 20 135 2 11 169 17 24 3 9 35 13 10 15 23 3 16 138 19 118 23 124 3 12 16 25 46 27 22 2 16 27 21 29 3 14 64 16 210 19 114 3 8 29 10 54 21 49 2 6 61 20 215 3 7 44 17 21 24 47 3 5 167 14 218 28 238 3 8 17 16 86 29 128 2 2 205 30 267
33 3 1 120 8 47 9 237 3 5 32 15 29 29 30 2 2 114 5 74 2 3 262 4 228 3 2 4 4 35 24 10 2 2 68 5 29 2 5 297 25 199 2 22 173 24 183 2 2 58 6 90 2 11 30 18 30 3 7 24 19 65 20 57 3 13 224 24 85 27 240 3 3 52 7 52 8 39 2 6 95 20 245 3 19 13 23 4 26 17 3 13 53 16 50 17 71 2 3 95 4 213 2 14 122 27 94 2 2 183 9 32 2 10 39 11 196 3 12 22 17 82 20 135 2 11 169 17 24 3 9 35 13 10 15 23 3 16 138 19 118 23 124 3 12 16 25 46 27 22 2 16 27 21 29 3 14 64 16 210 19 114 3 8 29 10 54 21 49 2 6 61 20 215 3 7 44 17 21 24 47 3 5 167 14 218 28 238 3 8 17 16 86 29 128 2 2 205 30 267
36 3 1 167 8 139 9 232 2 2 39 5 47 2 3 306 4 76 2 2 54 5 165 3 2 35 4 27 24 32 2 5 202 25 170 3 19 5 23 12 26 13 2 2 86 6 35 3 5 123 14 216 28 173 3 13 91 16 86 17 82 3 7 18 19 25 20 25 2 2 63 5 101 3 9 26 13 25 15 12 3 14 163 16 252 19 216 3 13 122 24 164 27 125 3 3 28 7 28 8 14 2 2 218 9 200 2 10 245 11 304 2 11 172 17 152 3 12 150 17 39 20 136 2 14 127 27 122 3 5 42 15 43 29 6 2 2 172 30 146 3 16 67 19 332 23 154 3 5 39 15 29 29 13 2 16 60 21 58 3 14 304 16 254 19 189 3 8 16 16 15 29 74 2 11 62 18 15 2 6 69 20 73 3 8 90 16 131 29 76 3 12 7 25 29 27 34 2 2 218 30 302 3 8 63 10 71 21 30 2 22 143 24 204 3 7 56 17 54 24 25
38 3 1 31 8 78 9 71 2 2 69 5 157 2 3 218 4 225 2 5 79 25 146 3 2 34 4 25 24 22 2 14 66 27 80 2 2 205 6 53 2 11 187 17 117 2 2 127 6 159 3 7 90 19 45 20 54 3 1 144 8 83 9 184 3 3 42 7 18 8 33 2 16 39 21 45 2 2 88 9 102 2 10 241 11 284 2 11 102 18 50 3 13 209 24 175 27 210 2 11 90 17 179 3 12 167 17 120 20 62 3 9 36 13 16 15 34 3 2 9 4 34 24 27 2 22 226 24 154 3 5 43 15 38 29 49 3 19 6 23 8 26 18 3 5 240 14 229 28 135 3 8 62 10 44 21 10 3 13 39 16 75 17 59 3 5 15 15 11 29 30 3 14 232 16 128 19 235 3 9 17 13 5 15 9 2 6 48 20 35 3 7 100 19 30 20 39 3 12 16 25 13 27 19 3 16 55 19 273 23 168 2 2 145 6 135 2 2 81 30 79 3 7 17 17 32 24 29 3 8 31 16 111 29 56
DUE_DATES: 7441 7441 7227 7227 7227 7803 7803 6730 6247 7764 7764 7764 7246 7210 7210 6255 6255 6968 6968 7783 7783 7783 7432 7432 7432 8013 8013 7573 7573 7440 7440 6869 7041 7993 7993 7810 7792 8118 6421 6421 7207 7116 7891 7891 7811 7506 6625 6625 7801 7105
WEIGHTS: 2 3 2 2 2 3 1 1 2 2 1 2 2 1 2 2 1 1 1 3 1 1 3 3 2 3 1 1 2 1 3 2 2 2 1 2 1 1 1 2 2 3 3 1 3 2 3 3 1 3
