50 30
35 2 1 246 8 198 3 7 271 10 309 26 62 2 1 216 8 167 2 6 47 13 25 3 2 161 22 78 30 119 3 7 22 22 16 23 43 2 3 64 14 91 2 4 72 16 43 2 10 143 22 64 3 1 115 5 40 27 123 2 26 179 27 215 2 13 29 15 75 3 9 47 11 163 27 230 3 2 64 22 119 30 148 3 5 5 6 4 8 5 2 1 52 8 233 3 3 90 8 85 25 53 3 7 98 8 16 9 98 2 11 62 13 92 3 5 2 6 6 8 1 2 14 69 25 154 4 7 195 12 135 16 157 22 73 3 13 193 21 149 27 189 3 7 241 9 40 30 249 3 10 20 16 44 29 45 2 14 138 25 74 2 17 257 20 92 2 19 74 26 84 2 18 39 21 56 3 2 78 23 109 27 168 1 19 134 2 20 307 25 98 3 23 70 24 38 25 52 3 17 166 25 78 28 228 3 4 126 14 137 29 86
35 2 1 246 8 198 3 7 271 10 309 26 62 2 1 216 8 167 2 6 47 13 25 3 2 161 22 78 30 119 3 7 22 22 16 23 43 2 3 64 14 91 2 4 72 16 43 2 10 143 22 64 3 1 115 5 40 27 123 2 26 179 27 215 2 13 29 15 75 3 9 47 11 163 27 230 3 2 64 22 119 30 148 3 5 5 6 4 8 5 2 1 52 8 233 3 3 90 8 85 25 53 3 7 98 8 16 9 98 2 11 62 13 92 3 5 2 6 6 8 1 2 14 69 25 154 4 7 195 12 135 16 157 22 73 3 13 193 21 149 27 189 3 7 241 9 40 30 249 3 10 20 16 44 29 45 2 14 138 25 74 2 17 257 20 92 2 19 74 26 84 2 18 39 21 56 3 2 78 23 109 27 168 1 19 134 2 20 307 25 98 3 23 70 24 38 25 52 3 17 166 25 78 28 228 3 4 126 14 137 29 86
35 2 1 246 8 198 3 7 271 10 309 26 62 2 1 216 8 167 2 6 47 13 25 3 2 161 22 78 30 119 3 7 22 22 16 23 43 2 3 64 14 91 2 4 72 16 43 2 10 143 22 64 3 1 115 5 40 27 123 2 26 179 27 215 2 13 29 15 75 3 9 47 11 163 27 230 3 2 64 22 119 30 148 3 5 5 6 4 8 5 2 1 52 8 233 3 3 90 8 85 25 53 3 7 98 8 16 9 98 2 11 62 13 92 3 5 2 6 6 8 1 2 14 69 25 154 4 7 195 12 135 16 157 22 73 3 13 193 21 149 27 189 3 7 241 9 40 30 249 3 10 20 16 44 29 45 2 14 138 25 74 2 17 257 20 92 2 19 74 26 84 2 18 39 21 56 3 2 78 23 109 27 168 1 19 134 2 20 307 25 98 3 23 70 24 38 25 52 3 17 166 25 78 28 228 3 4 126 14 137 29 86
35 2 1 246 8 198 3 7 271 10 309 26 62 2 1 216 8 167 2 6 47 13 25 3 2 161 22 78 30 119 3 7 22 22 16 23 43 2 3 64 14 91 2 4 72 16 43 2 10 143 22 64 3 1 115 5 40 27 123 2 26 179 27 215 2 13 29 15 75 3 9 47 11 163 27 230 3 2 64 22 119 30 148 3 5 5 6 4 8 5 2 1 52 8 233 3 3 90 8 85 25 53 3 7 98 8 16 9 98 2 11 62 13 92 3 5 2 6 6 8 1 2 14 69 25 154 4 7 195 12 135 16 157 22 73 3 13 193 21 149 27 189 3 7 241 9 40 30 249 3 10 20 16 44 29 45 2 14 138 25 74 2 17 257 20 92 2 19 74 26 84 2 18 39 21 56 3 2 78 23 109 27 168 1 19 134 2 20 307 25 98 3 23 70 24 38 25 52 3 17 166 25 78 28 228 3 4 126 14 137 29 86
34 3 7 29 22 7 23 17 3 23 36 24 31 25 81 2 1 260 8 78 2 6 46 13 14 2 1 67 8 266 3 17 150 25 88 28 179 3 2 110 22 63 30 132 2 3 63 14 123 2 4 26 16 32 3 7 26 22 25 23 37 4 7 33 12 59 16 58 22 209 3 1 111 5 112 27 34 1 19 96 3 5 5 6 6 8 3 3 7 18 8 49 9 79 3 9 204 11 202 27 133 3 7 133 10 162 26 271 2 11 119 13 193 4 7 82 12 101 16 47 22 164 3 13 32 21 155 27 111 3 2 109 23 166 27 46 2 14 112 25 67 3 7 237 9 209 30 194 2 13 70 15 36 3 10 91 16 52 29 52 2 26 222 27 51 2 17 197 20 265 3 4 52 14 121 29 269 2 18 81 21 153 2 19 85 26 86 3 3 43 8 37 25 126 2 20 73 25 145 3 17 224 25 47 28 91 2 10 149 22 240
34 3 7 29 22 7 23 17 3 23 36 24 31 25 81 2 1 260 8 78 2 6 46 13 14 2 1 67 8 266 3 17 150 25 88 28 179 3 2 110 22 63 30 132 2 3 63 14 123 2 4 26 16 32 3 7 26 22 25 23 37 4 7 33 12 59 16 58 22 209 3 1 111 5 112 27 34 1 19 96 3 5 5 6 6 8 3 3 7 18 8 49 9 79 3 9 204 11 202 27 133 3 7 133 10 162 26 271 2 11 119 13 193 4 7 82 12 101 16 47 22 164 3 13 32 21 155 27 111 3 2 109 23 166 27 46 2 14 112 25 67 3 7 237 9 209 30 194 2 13 70 15 36 3 10 91 16 52 29 52 2 26 222 27 51 2 17 197 20 265 3 4 52 14 121 29 269 2 18 81 21 153 2 19 85 26 86 3 3 43 8 37 25 126 2 20 73 25 145 3 17 224 25 47 28 91 2 10 149 22 240
31 2 1 102 8 184 3 2 91 22 67 30 118 2 10 62 22 38 2 3 96 14 29 2 1 95 8 230 2 4 15 16 12 2 19 82 26 18 2 6 54 13 41 3 1 79 5 117 27 45 3 7 26 22 54 23 52 3 5 6 6 6 8 1 3 7 90 8 62 9 67 3 7 161 10 165 26 337 2 20 170 25 91 3 9 120 11 116 27 123 2 11 131 13 30 4 7 31 12 139 16 103 22 163 2 14 41 25 139 2 13 58 15 67 3 10 65 16 17 29 49 3 3 65 8 114 25 80 2 17 79 20 128 2 26 85 27 187 2 18 103 21 147 1 19 44 3 13 83 21 69 27 197 3 23 51 24 76 25 25 3 2 111 23 164 27 107 3 7 104 9 212 30 181 3 17 220 25 164 28 69 3 4 95 14 194 29 164
31 2 1 102 8 184 3 2 91 22 67 30 118 2 10 62 22 38 2 3 96 14 29 2 1 95 8 230 2 4 15 16 12 2 19 82 26 18 2 6 54 13 41 3 1 79 5 117 27 45 3 7 26 22 54 23 52 3 5 6 6 6 8 1 3 7 90 8 62 9 67 3 7 161 10 165 26 337 2 20 170 25 91 3 9 120 11 116 27 123 2 11 131 13 30 4 7 31 12 139 16 103 22 163 2 14 41 25 139 2 13 58 15 67 3 10 65 16 17 29 49 3 3 65 8 114 25 80 2 17 79 20 128 2 26 85 27 187 2 18 103 21 147 1 19 44 3 13 83 21 69 27 197 3 23 51 24 76 25 25 3 2 111 23 164 27 107 3 7 104 9 212 30 181 3 17 220 25 164 28 69 3 4 95 14 194 29 164
34 2 1 129 8 277 2 17 251 20 108 2 1 274 8 185 3 2 64 22 77 30 166 2 3 17 14 129 2 4 62 16 51 3 9 157 11 201 27 208 3 1 18 5 55 27 120 3 5 3 6 3 8 3 2 19 27 26 69 2 3 103 14 69 2 14 145 25 70 2 11 156 13 75 3 10 73 16 35 29 36 3 1 68 5 114 27 21 3 7 53 22 34 23 13 3 7 55 8 11 9 56 2 13 83 15 133 3 7 267 10 110 26 324 4 7 161 12 206 16 154 22 174 2 6 63 13 57 3 7 241 9 63 30 194 3 2 101 23 133 27 171 2 10 103 22 90 2 18 78 21 136 1 19 238 4 7 45 12 178 16 108 22 109 2 26 236 27 197 2 20 190 25 214 3 4 125 14 77 29 183 3 13 240 21 205 27 67 3 23 29 24 54 25 14 3 3 87 8 73 25 58 3 17 69 25 146 28 158
34 2 1 129 8 277 2 17 251 20 108 2 1 274 8 185 3 2 64 22 77 30 166 2 3 17 14 129 2 4 62 16 51 3 9 157 11 201 27 208 3 1 18 5 55 27 120 3 5 3 6 3 8 3 2 19 27 26 69 2 3 103 14 69 2 14 145 25 70 2 11 156 13 75 3 10 73 16 35 29 36 3 1 68 5 114 27 21 3 7 53 22 34 23 13 3 7 55 8 11 9 56 2 13 83 15 133 3 7 267 10 110 26 324 4 7 161 12 206 16 154 22 174 2 6 63 13 57 3 7 241 9 63 30 194 3 2 101 23 133 27 171 2 10 103 22 90 2 18 78 21 136 1 19 238 4 7 45 12 178 16 108 22 109 2 26 236 27 197 2 20 190 25 214 3 4 125 14 77 29 183 3 13 240 21 205 27 67 3 23 29 24 54 25 14 3 3 87 8 73 25 58 3 17 69 25 146 28 158
35 2 1 136 8 276 3 2 72 22 54 30 162 3 10 53 16 82 29 26 2 3 44 14 17 2 4 46 16 73 3 1 88 5 77 27 19 3 5 6 6 3 8 2 3 7 31 22 39 23 50 2 3 67 14 109 3 7 36 8 78 9 14 2 17 262 20 224 3 3 23 8 88 25 86 4 7 174 12 54 16 74 22 150 3 9 229 11 223 27 97 2 6 26 13 9 3 7 332 10 69 26 275 2 11 187 13 31 2 19 90 26 30 2 18 174 21 88 3 7 34 22 21 23 46 3 23 17 24 23 25 27 3 7 23 22 52 23 11 2 14 149 25 154 2 13 134 15 130 1 19 126 2 14 59 25 69 2 20 234 25 195 3 7 18 8 65 9 30 3 13 148 21 260 27 30 2 10 255 22 188 3 2 106 23 113 27 46 2 26 258 27 237 3 17 176 25 55 28 202 3 7 175 9 177 30 43 3 4 264 14 79 29 46
34 3 4 87 14 181 29 205 3 23 33 24 21 25 21 2 1 230 8 226 3 23 50 24 60 25 72 2 10 123 22 75 3 2 188 22 61 30 205 2 3 118 14 111 2 4 49 16 60 3 1 109 5 41 27 42 3 5 3 6 5 8 3 3 7 17 22 30 23 18 3 7 41 8 55 9 92 2 18 78 21 175 2 4 15 16 58 3 9 171 11 84 27 222 3 7 73 10 301 26 284 2 11 103 13 156 4 7 24 12 135 16 27 22 174 2 6 42 13 39 2 11 180 13 90 2 14 104 25 121 2 13 117 15 67 3 10 44 16 72 29 89 1 19 58 2 26 69 27 202 3 10 89 16 89 29 60 2 17 59 20 169 3 17 96 25 139 28 138 2 20 283 25 225 3 13 179 21 165 27 214 3 7 163 9 121 30 103 3 3 128 8 60 25 57 3 2 54 23 138 27 34 2 19 15 26 48
34 3 10 40 16 75 29 20 2 1 266 8 197 3 2 48 22 192 30 141 2 3 129 14 40 2 13 54 15 95 2 3 84 14 73 3 2 93 23 117 27 58 2 19 45 26 56 2 10 184 22 161 3 17 151 25 181 28 210 2 4 18 16 66 2 18 76 21 132 3 1 120 5 109 27 69 3 5 5 6 3 8 5 3 7 30 22 16 23 49 2 1 38 8 43 2 11 121 13 206 2 3 54 14 33 3 7 41 8 36 9 85 2 18 142 21 57 2 14 60 25 92 3 9 119 11 99 27 74 2 6 47 13 28 4 7 64 12 153 16 52 22 66 2 26 283 27 95 3 7 135 10 294 26 52 2 17 272 20 270 1 19 113 3 7 237 9 75 30 76 2 20 247 25 110 3 4 273 14 141 29 192 3 13 232 21 258 27 140 3 3 31 8 125 25 31 3 23 29 24 39 25 63
35 2 1 59 8 35 3 2 185 22 141 30 70 3 10 17 16 90 29 28 2 3 94 14 26 2 4 19 16 32 3 1 40 5 74 27 103 3 5 6 6 3 8 1 3 7 53 22 28 23 57 2 3 50 14 134 3 7 44 8 66 9 88 2 17 147 20 251 3 3 33 8 123 25 102 4 7 53 12 154 16 98 22 186 3 9 175 11 165 27 179 2 6 44 13 54 3 7 89 10 314 26 47 2 11 59 13 238 2 19 25 26 86 2 18 136 21 31 3 7 13 22 29 23 7 3 23 75 24 46 25 28 3 7 57 22 42 23 12 2 14 30 25 43 2 13 115 15 126 1 19 198 2 14 140 25 87 2 20 247 25 107 3 7 16 8 78 9 68 3 13 33 21 268 27 51 2 10 53 22 56 3 2 29 23 156 27 154 2 26 118 27 267 3 17 93 25 227 28 107 3 7 124 9 40 30 185 3 4 32 14 121 29 151
35 2 1 59 8 35 3 2 185 22 141 30 70 3 10 17 16 90 29 28 2 3 94 14 26 2 4 19 16 32 3 1 40 5 74 27 103 3 5 6 6 3 8 1 3 7 53 22 28 23 57 2 3 50 14 134 3 7 44 8 66 9 88 2 17 147 20 251 3 3 33 8 123 25 102 4 7 53 12 154 16 98 22 186 3 9 175 11 165 27 179 2 6 44 13 54 3 7 89 10 314 26 47 2 11 59 13 238 2 19 25 26 86 2 18 136 21 31 3 7 13 22 29 23 7 3 23 75 24 46 25 28 3 7 57 22 42 23 12 2 14 30 25 43 2 13 115 15 126 1 19 198 2 14 140 25 87 2 20 247 25 107 3 7 16 8 78 9 68 3 13 33 21 268 27 51 2 10 53 22 56 3 2 29 23 156 27 154 2 26 118 27 267 3 17 93 25 227 28 107 3 7 124 9 40 30 185 3 4 32 14 121 29 151
34 2 1 141 8 215 2 17 183 20 221 2 1 249 8 68 3 2 53 22 171 30 102 2 3 20 14 86 2 4 36 16 56 3 9 149 11 51 27 103 3 1 74 5 100 27 31 3 5 2 6 5 8 5 2 19 79 26 40 2 3 64 14 63 2 14 94 25 121 2 11 111 13 164 3 10 34 16 76 29 44 3 1 22 5 16 27 89 3 7 20 22 53 23 52 3 7 54 8 60 9 20 2 13 84 15 16 3 7 155 10 224 26 49 4 7 103 12 113 16 191 22 71 2 6 21 13 34 3 7 69 9 156 30 200 3 2 117 23 103 27 61 2 10 138 22 180 2 18 22 21 153 1 19 229 4 7 117 12 168 16 64 22 94 2 26 295 27 202 2 20 118 25 196 3 4 277 14 116 29 167 3 13 257 21 266 27 198 3 23 58 24 76 25 87 3 3 136 8 24 25 48 3 17 112 25 168 28 148
34 2 1 141 8 215 2 17 183 20 221 2 1 249 8 68 3 2 53 22 171 30 102 2 3 20 14 86 2 4 36 16 56 3 9 149 11 51 27 103 3 1 74 5 100 27 31 3 5 2 6 5 8 5 2 19 79 26 40 2 3 64 14 63 2 14 94 25 121 2 11 111 13 164 3 10 34 16 76 29 44 3 1 22 5 16 27 89 3 7 20 22 53 23 52 3 7 54 8 60 9 20 2 13 84 15 16 3 7 155 10 224 26 49 4 7 103 12 113 16 191 22 71 2 6 21 13 34 3 7 69 9 156 30 200 3 2 117 23 103 27 61 2 10 138 22 180 2 18 22 21 153 1 19 229 4 7 117 12 168 16 64 22 94 2 26 295 27 202 2 20 118 25 196 3 4 277 14 116 29 167 3 13 257 21 266 27 198 3 23 58 24 76 25 87 3 3 136 8 24 25 48 3 17 112 25 168 28 148
31 2 1 229 8 73 3 2 64 22 85 30 167 2 10 108 22 277 2 3 30 14 62 2 1 168 8 48 2 4 57 16 64 2 19 23 26 50 2 6 11 13 54 3 1 55 5 60 27 22 3 7 51 22 20 23 22 3 5 2 6 2 8 4 3 7 73 8 15 9 17 3 7 98 10 174 26 138 2 20 164 25 213 3 9 156 11 203 27 180 2 11 134 13 133 4 7 126 12 167 16 138 22 129 2 14 139 25 27 2 13 120 15 64 3 10 58 16 70 29 40 3 3 32 8 82 25 58 2 17 188 20 170 2 26 262 27 257 2 18 35 21 71 1 19 94 3 13 269 21 103 27 184 3 23 57 24 44 25 87 3 2 131 23 28 27 67 3 7 239 9 96 30 257 3 17 120 25 217 28 35 3 4 240 14 228 29 182
31 2 1 229 8 73 3 2 64 22 85 30 167 2 10 108 22 277 2 3 30 14 62 2 1 168 8 48 2 4 57 16 64 2 19 23 26 50 2 6 11 13 54 3 1 55 5 60 27 22 3 7 51 22 20 23 22 3 5 2 6 2 8 4 3 7 73 8 15 9 17 3 7 98 10 174 26 138 2 20 164 25 213 3 9 156 11 203 27 180 2 11 134 13 133 4 7 126 12 167 16 138 22 129 2 14 139 25 27 2 13 120 15 64 3 10 58 16 70 29 40 3 3 32 8 82 25 58 2 17 188 20 170 2 26 262 27 257 2 18 35 21 71 1 19 94 3 13 269 21 103 27 184 3 23 57 24 44 25 87 3 2 131 23 28 27 67 3 7 239 9 96 30 257 3 17 120 25 217 28 35 3 4 240 14 228 29 182
31 2 1 229 8 73 3 2 64 22 85 30 167 2 10 108 22 277 2 3 30 14 62 2 1 168 8 48 2 4 57 16 64 2 19 23 26 50 2 6 11 13 54 3 1 55 5 60 27 22 3 7 51 22 20 23 22 3 5 2 6 2 8 4 3 7 73 8 15 9 17 3 7 98 10 174 26 138 2 20 164 25 213 3 9 156 11 203 27 180 2 11 134 13 133 4 7 126 12 167 16 138 22 129 2 14 139 25 27 2 13 120 15 64 3 10 58 16 70 29 40 3 3 32 8 82 25 58 2 17 188 20 170 2 26 262 27 257 2 18 35 21 71 1 19 94 3 13 269 21 103 27 184 3 23 57 24 44 25 87 3 2 131 23 28 27 67 3 7 239 9 96 30 257 3 17 120 25 217 28 35 3 4 240 14 228 29 182
37 2 1 264 8 260 3 7 35 22 18 23 11 3 2 52 22 49 30 193 3 10 39 16 85 29 66 3 2 153 22 30 30 187 2 3 135 14 121 3 23 50 24 20 25 47 2 1 240 8 177 3 7 75 8 60 9 48 2 1 247 8 266 2 26 155 27 187 2 10 126 22 251 2 4 71 16 58 3 1 28 5 123 27 44 3 10 80 16 68 29 84 2 19 66 26 62 3 5 6 6 7 8 4 3 9 177 11 167 27 221 3 4 206 14 216 29 216 3 7 321 10 257 26 55 2 11 146 13 183 2 20 96 25 87 4 7 152 12 128 16 139 22 151 3 23 97 24 64 25 72 2 6 15 13 35 3 9 226 11 146 27 202 2 14 56 25 142 3 23 78 24 33 25 32 2 13 116 15 17 2 17 181 20 77 3 17 216 25 129 28 109 2 18 147 21 107 1 19 67 3 3 25 8 114 25 19 3 2 19 23 144 27 94 3 13 48 21 86 27 236 3 7 182 9 110 30 116
35 2 1 182 8 96 3 2 112 22 211 30 109 2 1 188 8 47 3 7 45 9 53 30 290 2 3 116 14 19 2 4 52 16 59 3 1 124 5 98 27 62 3 2 121 22 96 30 122 3 5 1 6 3 8 5 3 1 74 5 78 27 40 3 7 10 22 7 23 37 2 14 153 25 102 2 10 136 22 77 3 7 82 8 69 9 78 3 9 153 11 182 27 111 3 7 108 10 196 26 216 3 1 97 5 44 27 124 3 4 70 14 238 29 97 2 11 31 13 222 2 13 84 15 26 2 20 249 25 101 4 7 40 12 93 16 31 22 201 2 6 45 13 49 3 10 87 16 91 29 78 2 17 246 20 68 3 17 137 25 192 28 77 3 23 60 24 19 25 95 3 13 176 21 218 27 268 2 18 119 21 117 1 19 182 3 2 112 23 98 27 67 3 3 87 8 119 25 67 3 5 6 6 5 8 2 2 19 95 26 28 2 26 131 27 104
35 2 1 182 8 96 3 2 112 22 211 30 109 2 1 188 8 47 3 7 45 9 53 30 290 2 3 116 14 19 2 4 52 16 59 3 1 124 5 98 27 62 3 2 121 22 96 30 122 3 5 1 6 3 8 5 3 1 74 5 78 27 40 3 7 10 22 7 23 37 2 14 153 25 102 2 10 136 22 77 3 7 82 8 69 9 78 3 9 153 11 182 27 111 3 7 108 10 196 26 216 3 1 97 5 44 27 124 3 4 70 14 238 29 97 2 11 31 13 222 2 13 84 15 26 2 20 249 25 101 4 7 40 12 93 16 31 22 201 2 6 45 13 49 3 10 87 16 91 29 78 2 17 246 20 68 3 17 137 25 192 28 77 3 23 60 24 19 25 95 3 13 176 21 218 27 268 2 18 119 21 117 1 19 182 3 2 112 23 98 27 67 3 3 87 8 119 25 67 3 5 6 6 5 8 2 2 19 95 26 28 2 26 131 27 104
34 2 1 72 8 122 3 3 120 8 74 25 15 3 13 168 21 215 27 228 2 4 54 16 28 3 2 146 22 60 30 57 3 7 26 22 46 23 52 2 3 82 14 79 3 7 112 10 97 26 332 2 1 214 8 82 3 1 67 5 64 27 55 3 5 1 6 5 8 3 3 7 17 8 90 9 49 3 9 209 11 162 27 158 2 11 165 13 85 3 7 14 22 46 23 30 4 7 64 12 91 16 50 22 161 2 4 29 16 15 3 10 69 16 90 29 61 1 19 90 3 23 54 24 86 25 64 3 2 113 23 31 27 69 2 17 292 20 112 2 6 18 13 25 3 9 185 11 95 27 74 2 14 115 25 39 2 13 72 15 130 2 18 84 21 102 2 20 203 25 269 2 10 168 22 98 2 19 24 26 61 2 26 140 27 171 3 17 224 25 214 28 162 3 4 274 14 67 29 220 3 7 216 9 136 30 149
34 2 1 72 8 122 3 3 120 8 74 25 15 3 13 168 21 215 27 228 2 4 54 16 28 3 2 146 22 60 30 57 3 7 26 22 46 23 52 2 3 82 14 79 3 7 112 10 97 26 332 2 1 214 8 82 3 1 67 5 64 27 55 3 5 1 6 5 8 3 3 7 17 8 90 9 49 3 9 209 11 162 27 158 2 11 165 13 85 3 7 14 22 46 23 30 4 7 64 12 91 16 50 22 161 2 4 29 16 15 3 10 69 16 90 29 61 1 19 90 3 23 54 24 86 25 64 3 2 113 23 31 27 69 2 17 292 20 112 2 6 18 13 25 3 9 185 11 95 27 74 2 14 115 25 39 2 13 72 15 130 2 18 84 21 102 2 20 203 25 269 2 10 168 22 98 2 19 24 26 61 2 26 140 27 171 3 17 224 25 214 28 162 3 4 274 14 67 29 220 3 7 216 9 136 30 149
34 2 1 72 8 122 3 3 120 8 74 25 15 3 13 168 21 215 27 228 2 4 54 16 28 3 2 146 22 60 30 57 3 7 26 22 46 23 52 2 3 82 14 79 3 7 112 10 97 26 332 2 1 214 8 82 3 1 67 5 64 27 55 3 5 1 6 5 8 3 3 7 17 8 90 9 49 3 9 209 11 162 27 158 2 11 165 13 85 3 7 14 22 46 23 30 4 7 64 12 91 16 50 22 161 2 4 29 16 15 3 10 69 16 90 29 61 1 19 90 3 23 54 24 86 25 64 3 2 113 23 31 27 69 2 17 292 20 112 2 6 18 13 25 3 9 185 11 95 27 74 2 14 115 25 39 2 13 72 15 130 2 18 84 21 102 2 20 203 25 269 2 10 168 22 98 2 19 24 26 61 2 26 140 27 171 3 17 224 25 214 28 162 3 4 274 14 67 29 220 3 7 216 9 136 30 149
34 3 7 53 10 338 26 340 2 1 235 8 224 3 2 61 22 37 30 136 2 3 32 14 138 3 10 18 16 68 29 47 3 2 56 22 142 30 191 2 4 72 16 21 2 3 128 14 114 3 1 62 5 83 27 88 3 5 3 6 2 8 4 2 14 90 25 134 3 7 89 8 24 9 41 3 7 56 22 11 23 45 3 13 150 21 53 27 165 3 9 206 11 51 27 206 2 26 62 27 69 2 1 87 8 72 2 11 166 13 100 2 19 55 26 37 2 18 75 21 46 3 5 1 6 2 8 2 3 3 30 8 36 25 48 2 17 285 20 261 4 7 145 12 134 16 128 22 27 2 6 42 13 62 3 2 165 23 49 27 23 2 13 28 15 99 2 10 109 22 263 1 19 89 2 20 77 25 211 3 23 65 24 86 25 65 3 17 213 25 224 28 55 3 7 64 9 290 30 44 3 4 184 14 126 29 183
34 3 7 53 10 338 26 340 2 1 235 8 224 3 2 61 22 37 30 136 2 3 32 14 138 3 10 18 16 68 29 47 3 2 56 22 142 30 191 2 4 72 16 21 2 3 128 14 114 3 1 62 5 83 27 88 3 5 3 6 2 8 4 2 14 90 25 134 3 7 89 8 24 9 41 3 7 56 22 11 23 45 3 13 150 21 53 27 165 3 9 206 11 51 27 206 2 26 62 27 69 2 1 87 8 72 2 11 166 13 100 2 19 55 26 37 2 18 75 21 46 3 5 1 6 2 8 2 3 3 30 8 36 25 48 2 17 285 20 261 4 7 145 12 134 16 128 22 27 2 6 42 13 62 3 2 165 23 49 27 23 2 13 28 15 99 2 10 109 22 263 1 19 89 2 20 77 25 211 3 23 65 24 86 25 65 3 17 213 25 224 28 55 3 7 64 9 290 30 44 3 4 184 14 126 29 183
35 2 1 273 8 229 3 3 70 8 61 25 122 3 2 196 22 146 30 100 3 13 206 21 199 27 192 2 3 35 14 79 3 3 32 8 132 25 84 2 4 22 16 49 3 1 93 5 67 27 88 3 5 3 6 5 8 4 2 3 92 14 26 3 7 27 22 45 23 25 3 7 20 8 28 9 31 3 4 132 14 232 29 48 3 2 94 23 111 27 146 3 7 227 10 264 26 321 2 14 153 25 137 3 9 156 11 184 27 112 3 1 34 5 81 27 86 2 11 186 13 43 2 19 89 26 89 4 7 172 12 99 16 55 22 118 2 6 18 13 50 2 13 75 15 135 3 17 190 25 203 28 127 3 9 157 11 157 27 53 3 10 39 16 50 29 85 2 17 261 20 170 2 18 31 21 62 2 19 83 26 11 1 19 191 2 20 138 25 283 2 10 156 22 130 3 23 63 24 58 25 58 2 26 222 27 253 3 7 189 9 206 30 114
35 2 1 273 8 229 3 3 70 8 61 25 122 3 2 196 22 146 30 100 3 13 206 21 199 27 192 2 3 35 14 79 3 3 32 8 132 25 84 2 4 22 16 49 3 1 93 5 67 27 88 3 5 3 6 5 8 4 2 3 92 14 26 3 7 27 22 45 23 25 3 7 20 8 28 9 31 3 4 132 14 232 29 48 3 2 94 23 111 27 146 3 7 227 10 264 26 321 2 14 153 25 137 3 9 156 11 184 27 112 3 1 34 5 81 27 86 2 11 186 13 43 2 19 89 26 89 4 7 172 12 99 16 55 22 118 2 6 18 13 50 2 13 75 15 135 3 17 190 25 203 28 127 3 9 157 11 157 27 53 3 10 39 16 50 29 85 2 17 261 20 170 2 18 31 21 62 2 19 83 26 11 1 19 191 2 20 138 25 283 2 10 156 22 130 3 23 63 24 58 25 58 2 26 222 27 253 3 7 189 9 206 30 114
34 3 7 306 10 142 26 292 2 1 107 8 118 3 2 108 22 205 30 166 2 3 19 14 136 3 10 76 16 37 29 43 3 2 159 22 115 30 90 2 4 71 16 28 2 3 69 14 36 3 1 70 5 71 27 29 3 5 3 6 1 8 1 2 14 21 25 100 3 7 29 8 66 9 54 3 7 42 22 49 23 15 3 13 251 21 184 27 171 3 9 83 11 65 27 183 2 26 228 27 73 2 1 130 8 256 2 11 122 13 204 2 19 45 26 42 2 18 179 21 130 3 5 2 6 5 8 1 3 3 34 8 46 25 60 2 17 79 20 166 4 7 156 12 119 16 106 22 211 2 6 20 13 13 3 2 70 23 162 27 159 2 13 117 15 101 2 10 267 22 61 1 19 257 2 20 141 25 236 3 23 44 24 77 25 86 3 17 119 25 53 28 191 3 7 196 9 130 30 255 3 4 43 14 54 29 58
34 3 7 306 10 142 26 292 2 1 107 8 118 3 2 108 22 205 30 166 2 3 19 14 136 3 10 76 16 37 29 43 3 2 159 22 115 30 90 2 4 71 16 28 2 3 69 14 36 3 1 70 5 71 27 29 3 5 3 6 1 8 1 2 14 21 25 100 3 7 29 8 66 9 54 3 7 42 22 49 23 15 3 13 251 21 184 27 171 3 9 83 11 65 27 183 2 26 228 27 73 2 1 130 8 256 2 11 122 13 204 2 19 45 26 42 2 18 179 21 130 3 5 2 6 5 8 1 3 3 34 8 46 25 60 2 17 79 20 166 4 7 156 12 119 16 106 22 211 2 6 20 13 13 3 2 70 23 162 27 159 2 13 117 15 101 2 10 267 22 61 1 19 257 2 20 141 25 236 3 23 44 24 77 25 86 3 17 119 25 53 28 191 3 7 196 9 130 30 255 3 4 43 14 54 29 58
34 3 4 69 14 114 29 227 3 23 53 24 16 25 74 2 1 43 8 43 3 23 91 24 27 25 43 2 10 41 22 42 3 2 51 22 31 30 204 2 3 59 14 71 2 4 45 16 39 3 1 61 5 38 27 100 3 5 2 6 1 8 5 3 7 23 22 28 23 45 3 7 100 8 79 9 96 2 18 117 21 162 2 4 52 16 67 3 9 47 11 107 27 128 3 7 140 10 87 26 136 2 11 147 13 30 4 7 68 12 169 16 79 22 73 2 6 17 13 64 2 11 35 13 96 2 14 122 25 74 2 13 80 15 87 3 10 40 16 58 29 87 1 19 83 2 26 277 27 37 3 10 69 16 48 29 85 2 17 184 20 84 3 17 153 25 73 28 190 2 20 300 25 90 3 13 37 21 98 27 241 3 7 243 9 190 30 197 3 3 122 8 35 25 110 3 2 108 23 35 27 115 2 19 44 26 96
37 2 1 180 8 182 3 2 84 22 148 30 180 3 3 15 8 52 25 121 2 3 86 14 35 2 4 75 16 13 2 6 70 13 31 3 1 87 5 120 27 19 2 6 20 13 56 3 5 4 6 6 8 3 3 7 41 22 55 23 41 3 7 36 8 95 9 68 3 17 174 25 75 28 232 3 9 43 11 34 27 97 3 3 43 8 58 25 73 3 7 103 10 273 26 185 2 11 40 13 250 3 1 90 5 51 27 121 4 7 99 12 76 16 47 22 25 3 7 200 9 164 30 58 2 14 24 25 64 3 2 115 22 129 30 103 2 13 32 15 102 4 7 45 12 51 16 111 22 54 3 10 22 16 89 29 56 3 7 9 22 45 23 22 2 17 225 20 53 2 18 20 21 124 1 19 143 2 20 134 25 282 3 4 228 14 35 29 246 3 13 241 21 111 27 102 3 7 34 8 82 9 29 2 10 61 22 141 3 2 20 23 157 27 169 3 23 51 24 93 25 66 2 19 87 26 76 2 26 189 27 225
37 2 1 180 8 182 3 2 84 22 148 30 180 3 3 15 8 52 25 121 2 3 86 14 35 2 4 75 16 13 2 6 70 13 31 3 1 87 5 120 27 19 2 6 20 13 56 3 5 4 6 6 8 3 3 7 41 22 55 23 41 3 7 36 8 95 9 68 3 17 174 25 75 28 232 3 9 43 11 34 27 97 3 3 43 8 58 25 73 3 7 103 10 273 26 185 2 11 40 13 250 3 1 90 5 51 27 121 4 7 99 12 76 16 47 22 25 3 7 200 9 164 30 58 2 14 24 25 64 3 2 115 22 129 30 103 2 13 32 15 102 4 7 45 12 51 16 111 22 54 3 10 22 16 89 29 56 3 7 9 22 45 23 22 2 17 225 20 53 2 18 20 21 124 1 19 143 2 20 134 25 282 3 4 228 14 35 29 246 3 13 241 21 111 27 102 3 7 34 8 82 9 29 2 10 61 22 141 3 2 20 23 157 27 169 3 23 51 24 93 25 66 2 19 87 26 76 2 26 189 27 225
34 2 1 123 8 123 3 3 18 8 122 25 22 3 13 45 21 188 27 57 2 4 77 16 76 3 2 40 22 198 30 80 3 7 13 22 45 23 17 2 3 125 14 91 3 7 129 10 165 26 133 2 1 224 8 87 3 1 92 5 108 27 117 3 5 5 6 7 8 3 3 7 98 8 76 9 11 3 9 151 11 156 27 181 2 11 197 13 187 3 7 31 22 44 23 54 4 7 71 12 28 16 128 22 125 2 4 36 16 18 3 10 17 16 56 29 14 1 19 96 3 23 20 24 51 25 79 3 2 69 23 80 27 69 2 17 224 20 88 2 6 31 13 70 3 9 44 11 138 27 171 2 14 134 25 85 2 13 120 15 19 2 18 65 21 46 2 20 211 25 192 2 10 173 22 36 2 19 93 26 43 2 26 260 27 213 3 17 84 25 65 28 141 3 4 154 14 79 29 132 3 7 188 9 236 30 235
37 3 7 46 22 56 23 39 2 1 142 8 138 3 7 23 22 16 23 7 4 7 194 12 80 16 39 22 71 3 2 70 22 39 30 56 2 10 64 22 150 2 3 71 14 76 2 4 43 16 36 2 3 80 14 50 3 1 124 5 123 27 109 3 5 4 6 5 8 3 3 7 10 22 48 23 21 3 17 194 25 94 28 94 3 7 42 8 92 9 49 3 9 85 11 87 27 160 3 7 168 10 270 26 228 2 11 170 13 159 3 3 111 8 134 25 102 2 6 76 13 38 2 14 95 25 153 3 9 143 11 44 27 62 2 26 265 27 103 2 13 97 15 125 3 7 285 10 242 26 321 3 23 24 24 74 25 24 2 19 49 26 45 3 10 80 16 46 29 63 2 17 141 20 117 2 18 120 21 108 1 19 239 2 20 176 25 148 2 26 91 27 201 3 4 189 14 112 29 205 3 3 66 8 45 25 67 3 2 59 23 143 27 39 3 13 51 21 134 27 185 3 7 248 9 207 30 222
34 2 1 36 8 243 2 17 115 20 263 2 1 132 8 103 3 2 179 22 150 30 137 2 3 33 14 102 2 4 49 16 43 3 9 124 11 215 27 34 3 1 63 5 68 27 33 3 5 6 6 2 8 2 2 19 45 26 76 2 3 37 14 44 2 14 116 25 134 2 11 54 13 173 3 10 36 16 82 29 17 3 1 113 5 39 27 89 3 7 35 22 45 23 27 3 7 65 8 55 9 45 2 13 18 15 15 3 7 166 10 100 26 287 4 7 176 12 67 16 56 22 35 2 6 23 13 49 3 7 224 9 233 30 173 3 2 90 23 126 27 110 2 10 257 22 153 2 18 28 21 151 1 19 235 4 7 90 12 90 16 101 22 115 2 26 263 27 251 2 20 205 25 234 3 4 226 14 212 29 88 3 13 128 21 269 27 229 3 23 24 24 56 25 66 3 3 16 8 28 25 38 3 17 79 25 145 28 120
34 2 1 36 8 243 2 17 115 20 263 2 1 132 8 103 3 2 179 22 150 30 137 2 3 33 14 102 2 4 49 16 43 3 9 124 11 215 27 34 3 1 63 5 68 27 33 3 5 6 6 2 8 2 2 19 45 26 76 2 3 37 14 44 2 14 116 25 134 2 11 54 13 173 3 10 36 16 82 29 17 3 1 113 5 39 27 89 3 7 35 22 45 23 27 3 7 65 8 55 9 45 2 13 18 15 15 3 7 166 10 100 26 287 4 7 176 12 67 16 56 22 35 2 6 23 13 49 3 7 224 9 233 30 173 3 2 90 23 126 27 110 2 10 257 22 153 2 18 28 21 151 1 19 235 4 7 90 12 90 16 101 22 115 2 26 263 27 251 2 20 205 25 234 3 4 226 14 212 29 88 3 13 128 21 269 27 229 3 23 24 24 56 25 66 3 3 16 8 28 25 38 3 17 79 25 145 28 120
37 2 4 71 16 21 2 1 190 8 276 3 2 211 22 27 30 123 2 3 55 14 81 3 1 46 5 107 27 30 3 3 85 8 74 25 46 2 3 62 14 115 3 5 1 6 3 8 5 3 7 41 22 47 23 22 3 7 38 8 37 9 83 2 3 91 14 26 3 9 34 11 184 27 35 3 7 160 10 234 26 151 3 1 96 5 83 27 64 1 19 157 2 11 199 13 83 3 23 50 24 66 25 59 2 6 39 13 38 4 7 119 12 210 16 54 22 191 3 2 121 23 31 27 77 2 14 92 25 54 2 13 24 15 38 3 10 83 16 39 29 82 2 17 104 20 224 2 13 62 15 17 2 20 284 25 191 2 17 189 20 53 3 13 135 21 108 27 51 3 17 184 25 177 28 221 2 18 151 21 23 3 9 43 11 27 27 151 2 10 191 22 194 2 19 63 26 30 2 26 202 27 185 3 7 93 10 196 26 187 3 4 274 14 196 29 188 3 7 275 9 169 30 136
37 2 4 71 16 21 2 1 190 8 276 3 2 211 22 27 30 123 2 3 55 14 81 3 1 46 5 107 27 30 3 3 85 8 74 25 46 2 3 62 14 115 3 5 1 6 3 8 5 3 7 41 22 47 23 22 3 7 38 8 37 9 83 2 3 91 14 26 3 9 34 11 184 27 35 3 7 160 10 234 26 151 3 1 96 5 83 27 64 1 19 157 2 11 199 13 83 3 23 50 24 66 25 59 2 6 39 13 38 4 7 119 12 210 16 54 22 191 3 2 121 23 31 27 77 2 14 92 25 54 2 13 24 15 38 3 10 83 16 39 29 82 2 17 104 20 224 2 13 62 15 17 2 20 284 25 191 2 17 189 20 53 3 13 135 21 108 27 51 3 17 184 25 177 28 221 2 18 151 21 23 3 9 43 11 27 27 151 2 10 191 22 194 2 19 63 26 30 2 26 202 27 185 3 7 93 10 196 26 187 3 4 274 14 196 29 188 3 7 275 9 169 30 136
34 3 4 231 14 120 29 79 3 23 14 24 17 25 24 2 1 251 8 168 3 23 93 24 86 25 62 2 10 93 22 79 3 2 183 22 202 30 128 2 3 16 14 105 2 4 37 16 33 3 1 124 5 42 27 56 3 5 2 6 2 8 5 3 7 17 22 27 23 34 3 7 80 8 12 9 98 2 18 78 21 128 2 4 11 16 63 3 9 202 11 190 27 119 3 7 328 10 275 26 180 2 11 236 13 57 4 7 108 12 141 16 36 22 59 2 6 66 13 39 2 11 251 13 166 2 14 19 25 82 2 13 118 15 49 3 10 79 16 57 29 53 1 19 47 2 26 180 27 172 3 10 39 16 21 29 29 2 17 186 20 62 3 17 55 25 144 28 162 2 20 266 25 180 3 13 117 21 255 27 184 3 7 50 9 213 30 170 3 3 79 8 109 25 109 3 2 142 23 84 27 45 2 19 59 26 16
34 2 1 207 8 234 3 5 1 6 2 8 4 3 2 28 22 180 30 162 2 10 54 22 32 3 7 12 8 19 9 91 3 2 208 22 63 30 68 2 3 30 14 108 2 4 51 16 43 3 1 17 5 89 27 39 3 7 9 22 21 23 54 3 7 271 9 75 30 62 2 26 185 27 153 3 9 142 11 177 27 138 3 7 215 10 229 26 244 2 11 133 13 151 3 13 133 21 229 27 218 4 7 132 12 110 16 145 22 134 1 19 102 2 6 65 13 38 3 1 78 5 91 27 86 2 17 198 20 93 2 14 50 25 24 3 3 43 8 60 25 84 1 19 143 2 13 17 15 105 3 10 75 16 19 29 48 3 4 194 14 276 29 56 2 18 105 21 121 3 4 51 14 137 29 215 2 20 128 25 123 3 2 32 23 84 27 168 3 17 44 25 42 28 110 2 19 20 26 74 3 23 99 24 70 25 51
34 3 7 16 22 30 23 31 3 23 82 24 53 25 28 2 1 252 8 40 2 6 22 13 73 2 1 177 8 78 3 17 89 25 94 28 211 3 2 43 22 33 30 179 2 3 59 14 105 2 4 30 16 8 3 7 26 22 20 23 7 4 7 96 12 189 16 24 22 106 3 1 98 5 112 27 75 1 19 198 3 5 2 6 1 8 1 3 7 69 8 23 9 32 3 9 227 11 152 27 142 3 7 142 10 305 26 287 2 11 139 13 48 4 7 117 12 196 16 79 22 69 3 13 243 21 251 27 111 3 2 154 23 23 27 71 2 14 62 25 120 3 7 179 9 147 30 132 2 13 87 15 73 3 10 46 16 21 29 20 2 26 111 27 62 2 17 260 20 202 3 4 250 14 105 29 152 2 18 37 21 154 2 19 29 26 67 3 3 107 8 107 25 65 2 20 313 25 164 3 17 228 25 96 28 63 2 10 41 22 142
34 3 7 16 22 30 23 31 3 23 82 24 53 25 28 2 1 252 8 40 2 6 22 13 73 2 1 177 8 78 3 17 89 25 94 28 211 3 2 43 22 33 30 179 2 3 59 14 105 2 4 30 16 8 3 7 26 22 20 23 7 4 7 96 12 189 16 24 22 106 3 1 98 5 112 27 75 1 19 198 3 5 2 6 1 8 1 3 7 69 8 23 9 32 3 9 227 11 152 27 142 3 7 142 10 305 26 287 2 11 139 13 48 4 7 117 12 196 16 79 22 69 3 13 243 21 251 27 111 3 2 154 23 23 27 71 2 14 62 25 120 3 7 179 9 147 30 132 2 13 87 15 73 3 10 46 16 21 29 20 2 26 111 27 62 2 17 260 20 202 3 4 250 14 105 29 152 2 18 37 21 154 2 19 29 26 67 3 3 107 8 107 25 65 2 20 313 25 164 3 17 228 25 96 28 63 2 10 41 22 142
34 3 4 116 14 159 29 31 3 23 45 24 86 25 43 2 1 206 8 262 3 23 50 24 60 25 93 2 10 196 22 154 3 2 170 22 24 30 71 2 3 97 14 60 2 4 21 16 19 3 1 15 5 91 27 73 3 5 3 6 3 8 3 3 7 30 22 33 23 52 3 7 46 8 80 9 20 2 18 161 21 68 2 4 54 16 67 3 9 81 11 126 27 176 3 7 213 10 211 26 52 2 11 30 13 118 4 7 105 12 155 16 186 22 92 2 6 62 13 52 2 11 91 13 120 2 14 115 25 28 2 13 136 15 17 3 10 75 16 49 29 50 1 19 92 2 26 74 27 203 3 10 42 16 78 29 73 2 17 218 20 266 3 17 70 25 123 28 152 2 20 103 25 76 3 13 90 21 74 27 229 3 7 35 9 235 30 113 3 3 58 8 117 25 87 3 2 49 23 142 27 104 2 19 95 26 98
37 3 7 51 22 9 23 39 2 1 255 8 211 3 7 35 22 22 23 51 4 7 104 12 70 16 63 22 180 3 2 199 22 37 30 161 2 10 274 22 149 2 3 79 14 53 2 4 65 16 45 2 3 129 14 70 3 1 22 5 107 27 22 3 5 2 6 1 8 4 3 7 35 22 32 23 11 3 17 81 25 75 28 229 3 7 59 8 24 9 76 3 9 76 11 193 27 133 3 7 65 10 338 26 91 2 11 94 13 100 3 3 16 8 56 25 93 2 6 75 13 41 2 14 94 25 73 3 9 223 11 183 27 177 2 26 268 27 109 2 13 36 15 101 3 7 168 10 239 26 229 3 23 19 24 100 25 49 2 19 66 26 22 3 10 19 16 24 29 88 2 17 119 20 179 2 18 86 21 153 1 19 32 2 20 179 25 205 2 26 155 27 230 3 4 164 14 222 29 214 3 3 50 8 123 25 66 3 2 107 23 130 27 131 3 13 66 21 50 27 49 3 7 148 9 152 30 128
37 2 1 89 8 77 3 2 110 22 95 30 158 3 3 103 8 53 25 63 2 3 90 14 87 2 4 20 16 65 2 6 65 13 25 3 1 107 5 70 27 90 2 6 37 13 61 3 5 2 6 1 8 1 3 7 33 22 45 23 6 3 7 14 8 27 9 77 3 17 201 25 114 28 100 3 9 229 11 166 27 123 3 3 24 8 69 25 22 3 7 332 10 70 26 264 2 11 131 13 237 3 1 111 5 24 27 22 4 7 46 12 155 16 79 22 75 3 7 175 9 134 30 154 2 14 50 25 24 3 2 63 22 156 30 101 2 13 17 15 26 4 7 84 12 41 16 212 22 109 3 10 52 16 26 29 72 3 7 36 22 6 23 30 2 17 72 20 125 2 18 117 21 129 1 19 118 2 20 130 25 182 3 4 38 14 186 29 101 3 13 247 21 233 27 164 3 7 89 8 51 9 61 2 10 169 22 130 3 2 158 23 112 27 89 3 23 66 24 40 25 62 2 19 39 26 81 2 26 39 27 271
34 3 7 293 10 119 26 128 2 1 219 8 199 3 2 68 22 176 30 63 2 3 112 14 126 3 10 90 16 26 29 72 3 2 110 22 114 30 191 2 4 46 16 35 2 3 101 14 91 3 1 61 5 68 27 91 3 5 4 6 3 8 3 2 14 99 25 59 3 7 93 8 17 9 47 3 7 12 22 34 23 12 3 13 256 21 122 27 131 3 9 47 11 120 27 230 2 26 37 27 204 2 1 55 8 66 2 11 68 13 222 2 19 57 26 80 2 18 80 21 129 3 5 3 6 1 8 1 3 3 26 8 132 25 75 2 17 130 20 178 4 7 135 12 167 16 178 22 39 2 6 61 13 30 3 2 144 23 113 27 55 2 13 94 15 38 2 10 81 22 283 1 19 79 2 20 194 25 61 3 23 78 24 75 25 25 3 17 55 25 97 28 51 3 7 174 9 109 30 274 3 4 227 14 223 29 52
35 2 1 267 8 113 3 2 47 22 159 30 73 2 1 200 8 48 3 7 292 9 54 30 67 2 3 44 14 47 2 4 71 16 59 3 1 70 5 100 27 87 3 2 155 22 55 30 213 3 5 4 6 4 8 2 3 1 48 5 67 27 22 3 7 46 22 41 23 43 2 14 84 25 116 2 10 174 22 201 3 7 84 8 19 9 50 3 9 88 11 60 27 139 3 7 214 10 159 26 287 3 1 101 5 36 27 111 3 4 105 14 209 29 268 2 11 162 13 178 2 13 60 15 116 2 20 85 25 81 4 7 87 12 177 16 47 22 212 2 6 20 13 34 3 10 29 16 12 29 45 2 17 86 20 192 3 17 62 25 64 28 190 3 23 83 24 34 25 70 3 13 58 21 194 27 256 2 18 133 21 53 1 19 253 3 2 106 23 50 27 166 3 3 94 8 32 25 97 3 5 5 6 7 8 1 2 19 41 26 20 2 26 104 27 176
DUE_DATES: 7772 7772 7772 7772 7284 7284 5925 5925 8115 8115 7564 7104 7406 6652 6652 7561 7561 6781 6781 6781 8651 7303 7303 7158 7158 7158 7039 7039 8226 8226 7493 7493 6098 7149 7149 6915 8129 7611 7611 8048 8048 7080 6963 7308 7308 6647 7900 7036 6908 7287
WEIGHTS: 3 2 2 3 1 1 1 2 1 1 2 1 2 1 1 1 1 2 2 1 2 2 1 2 1 2 3 1 3 3 2 1 1 3 3 3 1 3 1 1 2 1 3 2 2 3 2 1 1 3
