50 30
36 3 1 22 18 114 22 109 3 3 267 9 201 16 44 1 2 39 3 1 77 18 102 22 47 3 2 61 19 134 25 108 2 3 32 28 17 2 4 16 8 74 3 2 107 5 27 27 78 3 6 56 10 90 20 16 2 11 165 18 143 3 7 12 19 59 22 32 2 18 172 26 250 3 12 4 17 5 28 1 3 3 96 9 171 16 163 2 7 12 22 8 3 14 69 15 24 16 64 2 7 193 8 92 3 7 67 19 79 22 46 4 1 119 5 54 9 113 30 167 2 5 129 10 29 3 11 39 15 67 21 63 3 20 24 21 52 30 25 3 5 36 13 31 27 15 1 2 26 2 17 92 18 71 3 2 51 12 9 13 71 3 13 34 14 87 28 39 3 2 62 12 68 13 25 2 1 106 15 286 2 26 163 28 224 3 20 26 23 170 30 75 3 3 176 19 200 28 116 3 8 23 10 15 29 40 2 23 175 30 71 3 11 45 15 93 21 35 2 23 247 24 148
36 3 1 22 18 114 22 109 3 3 267 9 201 16 44 1 2 39 3 1 77 18 102 22 47 3 2 61 19 134 25 108 2 3 32 28 17 2 4 16 8 74 3 2 107 5 27 27 78 3 6 56 10 90 20 16 2 11 165 18 143 3 7 12 19 59 22 32 2 18 172 26 250 3 12 4 17 5 28 1 3 3 96 9 171 16 163 2 7 12 22 8 3 14 69 15 24 16 64 2 7 193 8 92 3 7 67 19 79 22 46 4 1 119 5 54 9 113 30 167 2 5 129 10 29 3 11 39 15 67 21 63 3 20 24 21 52 30 25 3 5 36 13 31 27 15 1 2 26 2 17 92 18 71 3 2 51 12 9 13 71 3 13 34 14 87 28 39 3 2 62 12 68 13 25 2 1 106 15 286 2 26 163 28 224 3 20 26 23 170 30 75 3 3 176 19 200 28 116 3 8 23 10 15 29 40 2 23 175 30 71 3 11 45 15 93 21 35 2 23 247 24 148
36 3 1 22 18 114 22 109 3 3 267 9 201 16 44 1 2 39 3 1 77 18 102 22 47 3 2 61 19 134 25 108 2 3 32 28 17 2 4 16 8 74 3 2 107 5 27 27 78 3 6 56 10 90 20 16 2 11 165 18 143 3 7 12 19 59 22 32 2 18 172 26 250 3 12 4 17 5 28 1 3 3 96 9 171 16 163 2 7 12 22 8 3 14 69 15 24 16 64 2 7 193 8 92 3 7 67 19 79 22 46 4 1 119 5 54 9 113 30 167 2 5 129 10 29 3 11 39 15 67 21 63 3 20 24 21 52 30 25 3 5 36 13 31 27 15 1 2 26 2 17 92 18 71 3 2 51 12 9 13 71 3 13 34 14 87 28 39 3 2 62 12 68 13 25 2 1 106 15 286 2 26 163 28 224 3 20 26 23 170 30 75 3 3 176 19 200 28 116 3 8 23 10 15 29 40 2 23 175 30 71 3 11 45 15 93 21 35 2 23 247 24 148
36 3 1 22 18 114 22 109 3 3 267 9 201 16 44 1 2 39 3 1 77 18 102 22 47 3 2 61 19 134 25 108 2 3 32 28 17 2 4 16 8 74 3 2 107 5 27 27 78 3 6 56 10 90 20 16 2 11 165 18 143 3 7 12 19 59 22 32 2 18 172 26 250 3 12 4 17 5 28 1 3 3 96 9 171 16 163 2 7 12 22 8 3 14 69 15 24 16 64 2 7 193 8 92 3 7 67 19 79 22 46 4 1 119 5 54 9 113 30 167 2 5 129 10 29 3 11 39 15 67 21 63 3 20 24 21 52 30 25 3 5 36 13 31 27 15 1 2 26 2 17 92 18 71 3 2 51 12 9 13 71 3 13 34 14 87 28 39 3 2 62 12 68 13 25 2 1 106 15 286 2 26 163 28 224 3 20 26 23 170 30 75 3 3 176 19 200 28 116 3 8 23 10 15 29 40 2 23 175 30 71 3 11 45 15 93 21 35 2 23 247 24 148
36 3 1 22 18 114 22 109 3 3 267 9 201 16 44 1 2 39 3 1 77 18 102 22 47 3 2 61 19 134 25 108 2 3 32 28 17 2 4 16 8 74 3 2 107 5 27 27 78 3 6 56 10 90 20 16 2 11 165 18 143 3 7 12 19 59 22 32 2 18 172 26 250 3 12 4 17 5 28 1 3 3 96 9 171 16 163 2 7 12 22 8 3 14 69 15 24 16 64 2 7 193 8 92 3 7 67 19 79 22 46 4 1 119 5 54 9 113 30 167 2 5 129 10 29 3 11 39 15 67 21 63 3 20 24 21 52 30 25 3 5 36 13 31 27 15 1 2 26 2 17 92 18 71 3 2 51 12 9 13 71 3 13 34 14 87 28 39 3 2 62 12 68 13 25 2 1 106 15 286 2 26 163 28 224 3 20 26 23 170 30 75 3 3 176 19 200 28 116 3 8 23 10 15 29 40 2 23 175 30 71 3 11 45 15 93 21 35 2 23 247 24 148
36 3 1 108 18 99 22 97 2 18 60 26 273 1 2 24 2 3 48 28 10 2 4 50 8 29 3 5 18 13 21 27 39 3 2 41 5 128 27 128 3 3 68 9 191 16 248 3 1 118 18 131 22 70 3 6 66 10 85 20 99 3 5 24 13 41 27 11 3 7 18 19 43 22 69 2 7 116 8 101 4 1 72 5 208 9 170 30 132 3 5 30 13 30 27 25 3 2 145 19 138 25 57 3 2 140 5 38 27 28 2 5 70 10 60 2 11 171 18 57 3 2 69 12 44 13 13 3 13 57 14 22 28 52 2 23 90 30 112 3 11 76 15 56 21 56 3 14 102 15 108 16 43 2 17 68 18 205 3 20 49 21 23 30 50 2 1 233 15 293 3 3 188 19 123 28 149 2 23 212 24 204 2 7 48 22 54 3 20 133 23 89 30 35 1 2 37 2 26 256 28 304 3 2 36 5 117 27 133 3 12 1 17 4 28 4 3 8 61 10 31 29 14
38 3 6 114 10 109 20 65 3 1 130 18 99 22 69 3 2 43 12 50 13 36 1 2 8 3 11 18 15 52 21 48 2 3 48 28 23 3 6 69 10 24 20 100 2 23 206 30 49 1 2 18 2 4 88 8 44 3 14 89 15 56 16 90 3 2 31 5 73 27 118 3 12 3 17 2 28 1 3 7 93 19 104 22 39 3 2 78 19 89 25 116 4 1 96 5 167 9 165 30 119 2 7 26 22 50 3 14 61 15 101 16 91 2 7 215 8 191 2 5 167 10 98 3 12 1 17 3 28 2 2 11 95 18 44 3 13 60 14 74 28 53 2 3 15 28 15 2 1 62 15 296 3 3 76 9 121 16 157 2 17 100 18 133 3 13 61 14 72 28 91 2 18 236 26 270 3 3 152 19 40 28 107 3 20 51 21 7 30 21 3 3 109 19 156 28 85 3 20 70 23 157 30 72 2 23 198 24 214 2 26 276 28 99 3 3 130 9 97 16 70 3 5 26 13 45 27 32 3 8 9 10 44 29 76
36 3 1 99 18 108 22 14 1 2 22 3 8 17 10 60 29 48 3 20 23 21 55 30 55 3 8 60 10 72 29 30 2 4 41 8 44 3 11 11 15 49 21 82 2 3 10 28 16 3 3 251 9 178 16 121 3 20 37 21 61 30 11 3 2 128 5 88 27 140 3 6 77 10 81 20 18 3 3 44 9 210 16 69 3 7 24 19 51 22 44 2 7 211 8 133 3 3 212 9 89 16 139 4 1 52 5 144 9 173 30 128 2 5 103 10 71 3 14 61 15 62 16 28 1 2 21 2 11 130 18 129 2 18 305 26 277 3 2 46 12 71 13 23 3 13 78 14 87 28 44 3 2 41 19 117 25 130 3 3 25 19 206 28 47 2 1 127 15 208 3 11 69 15 54 21 96 2 17 226 18 63 2 23 178 24 92 2 26 197 28 304 2 7 14 22 59 3 20 163 23 86 30 166 3 5 13 13 8 27 8 3 12 3 17 1 28 1 2 23 91 30 70
37 3 1 49 18 40 22 100 1 2 25 3 1 132 18 99 22 61 3 20 45 21 38 30 26 2 3 51 28 28 3 1 50 18 34 22 105 3 6 61 10 74 20 73 1 2 18 2 4 18 8 61 3 2 28 5 74 27 148 3 7 45 19 92 22 96 2 23 106 30 125 2 7 71 8 58 4 1 94 5 135 9 142 30 91 2 5 88 10 79 2 23 245 30 85 2 11 112 18 148 2 26 198 28 175 2 5 157 10 138 3 2 68 12 33 13 34 3 13 78 14 35 28 72 3 14 105 15 91 16 91 2 1 124 15 203 3 3 165 9 72 16 265 3 20 51 21 12 30 39 3 20 131 23 174 30 121 3 20 37 21 65 30 55 2 17 236 18 298 2 18 284 26 92 3 3 33 19 50 28 47 3 11 32 15 41 21 11 2 7 28 22 59 2 23 209 24 111 3 2 94 19 32 25 79 3 5 33 13 21 27 8 3 12 3 17 4 28 5 3 8 14 10 58 29 35
37 3 1 49 18 40 22 100 1 2 25 3 1 132 18 99 22 61 3 20 45 21 38 30 26 2 3 51 28 28 3 1 50 18 34 22 105 3 6 61 10 74 20 73 1 2 18 2 4 18 8 61 3 2 28 5 74 27 148 3 7 45 19 92 22 96 2 23 106 30 125 2 7 71 8 58 4 1 94 5 135 9 142 30 91 2 5 88 10 79 2 23 245 30 85 2 11 112 18 148 2 26 198 28 175 2 5 157 10 138 3 2 68 12 33 13 34 3 13 78 14 35 28 72 3 14 105 15 91 16 91 2 1 124 15 203 3 3 165 9 72 16 265 3 20 51 21 12 30 39 3 20 131 23 174 30 121 3 20 37 21 65 30 55 2 17 236 18 298 2 18 284 26 92 3 3 33 19 50 28 47 3 11 32 15 41 21 11 2 7 28 22 59 2 23 209 24 111 3 2 94 19 32 25 79 3 5 33 13 21 27 8 3 12 3 17 4 28 5 3 8 14 10 58 29 35
37 3 1 117 18 35 22 114 1 2 37 3 11 33 15 70 21 81 2 4 73 8 90 2 3 17 28 32 1 2 9 3 20 54 21 38 30 59 3 2 153 5 151 27 128 3 1 92 18 88 22 72 3 6 65 10 104 20 61 2 3 35 28 48 3 7 71 19 97 22 38 2 7 171 8 185 2 23 247 30 108 3 2 141 19 95 25 96 4 1 123 5 116 9 167 30 52 2 5 38 10 77 2 7 52 22 26 2 11 95 18 156 2 18 112 26 91 3 2 26 12 23 13 12 2 26 81 28 210 3 8 11 10 27 29 25 2 7 139 8 148 3 13 88 14 86 28 23 3 2 83 19 73 25 95 3 14 78 15 72 16 41 2 1 63 15 73 3 3 59 19 161 28 106 3 12 3 17 3 28 2 3 8 48 10 28 29 55 3 3 250 9 248 16 93 2 17 36 18 190 3 20 49 23 163 30 169 3 12 3 17 5 28 2 2 23 294 24 54 3 5 18 13 38 27 18
37 3 1 117 18 35 22 114 1 2 37 3 11 33 15 70 21 81 2 4 73 8 90 2 3 17 28 32 1 2 9 3 20 54 21 38 30 59 3 2 153 5 151 27 128 3 1 92 18 88 22 72 3 6 65 10 104 20 61 2 3 35 28 48 3 7 71 19 97 22 38 2 7 171 8 185 2 23 247 30 108 3 2 141 19 95 25 96 4 1 123 5 116 9 167 30 52 2 5 38 10 77 2 7 52 22 26 2 11 95 18 156 2 18 112 26 91 3 2 26 12 23 13 12 2 26 81 28 210 3 8 11 10 27 29 25 2 7 139 8 148 3 13 88 14 86 28 23 3 2 83 19 73 25 95 3 14 78 15 72 16 41 2 1 63 15 73 3 3 59 19 161 28 106 3 12 3 17 3 28 2 3 8 48 10 28 29 55 3 3 250 9 248 16 93 2 17 36 18 190 3 20 49 23 163 30 169 3 12 3 17 5 28 2 2 23 294 24 54 3 5 18 13 38 27 18
37 3 1 116 18 16 22 93 1 2 17 3 1 40 18 51 22 77 3 20 33 21 40 30 14 2 3 43 28 7 3 1 127 18 34 22 94 3 6 61 10 89 20 55 1 2 16 2 4 111 8 112 3 2 63 5 85 27 93 3 7 93 19 12 22 27 2 23 120 30 145 2 7 136 8 96 4 1 80 5 57 9 207 30 109 2 5 73 10 69 2 23 43 30 246 2 11 164 18 99 2 26 155 28 281 2 5 88 10 168 3 2 27 12 60 13 34 3 13 16 14 60 28 34 3 14 29 15 70 16 59 2 1 57 15 179 3 3 175 9 141 16 133 3 20 21 21 26 30 29 3 20 35 23 103 30 140 3 20 28 21 41 30 64 2 17 264 18 187 2 18 224 26 204 3 3 92 19 28 28 151 3 11 51 15 61 21 40 2 7 41 22 24 2 23 168 24 165 3 2 70 19 87 25 136 3 5 43 13 41 27 16 3 12 1 17 1 28 5 3 8 63 10 60 29 61
36 2 26 225 28 203 3 1 72 18 110 22 34 1 2 6 2 3 36 28 13 2 4 101 8 15 3 2 76 5 128 27 36 3 6 88 10 24 20 49 2 1 184 15 206 3 7 54 19 44 22 89 2 7 115 8 34 4 1 93 5 76 9 147 30 49 2 1 88 15 205 3 20 46 21 65 30 37 3 3 102 19 38 28 115 2 5 30 10 137 4 1 146 5 59 9 70 30 75 2 17 240 18 124 2 11 165 18 93 3 14 70 15 99 16 50 2 7 121 8 81 3 2 46 12 75 13 66 3 13 19 14 45 28 68 2 3 40 28 42 3 3 99 9 42 16 212 2 18 298 26 62 3 11 58 15 14 21 40 2 4 31 8 54 2 7 55 22 49 3 20 117 23 130 30 142 2 23 306 24 96 3 2 59 19 82 25 141 3 5 20 13 14 27 11 3 12 2 17 1 28 3 3 20 170 23 178 30 23 3 8 69 10 24 29 39 2 23 228 30 139
36 2 26 225 28 203 3 1 72 18 110 22 34 1 2 6 2 3 36 28 13 2 4 101 8 15 3 2 76 5 128 27 36 3 6 88 10 24 20 49 2 1 184 15 206 3 7 54 19 44 22 89 2 7 115 8 34 4 1 93 5 76 9 147 30 49 2 1 88 15 205 3 20 46 21 65 30 37 3 3 102 19 38 28 115 2 5 30 10 137 4 1 146 5 59 9 70 30 75 2 17 240 18 124 2 11 165 18 93 3 14 70 15 99 16 50 2 7 121 8 81 3 2 46 12 75 13 66 3 13 19 14 45 28 68 2 3 40 28 42 3 3 99 9 42 16 212 2 18 298 26 62 3 11 58 15 14 21 40 2 4 31 8 54 2 7 55 22 49 3 20 117 23 130 30 142 2 23 306 24 96 3 2 59 19 82 25 141 3 5 20 13 14 27 11 3 12 2 17 1 28 3 3 20 170 23 178 30 23 3 8 69 10 24 29 39 2 23 228 30 139
36 2 26 225 28 203 3 1 72 18 110 22 34 1 2 6 2 3 36 28 13 2 4 101 8 15 3 2 76 5 128 27 36 3 6 88 10 24 20 49 2 1 184 15 206 3 7 54 19 44 22 89 2 7 115 8 34 4 1 93 5 76 9 147 30 49 2 1 88 15 205 3 20 46 21 65 30 37 3 3 102 19 38 28 115 2 5 30 10 137 4 1 146 5 59 9 70 30 75 2 17 240 18 124 2 11 165 18 93 3 14 70 15 99 16 50 2 7 121 8 81 3 2 46 12 75 13 66 3 13 19 14 45 28 68 2 3 40 28 42 3 3 99 9 42 16 212 2 18 298 26 62 3 11 58 15 14 21 40 2 4 31 8 54 2 7 55 22 49 3 20 117 23 130 30 142 2 23 306 24 96 3 2 59 19 82 25 141 3 5 20 13 14 27 11 3 12 2 17 1 28 3 3 20 170 23 178 30 23 3 8 69 10 24 29 39 2 23 228 30 139
38 3 1 95 18 120 22 55 3 8 63 10 74 29 74 3 1 132 18 26 22 66 3 5 36 13 43 27 40 3 2 35 19 59 25 69 1 2 33 2 3 49 28 29 2 4 15 8 74 3 2 109 19 81 25 92 3 2 34 5 96 27 71 3 1 133 18 99 22 51 3 6 31 10 102 20 82 3 7 65 19 53 22 42 2 7 179 8 30 1 2 26 4 1 166 5 179 9 71 30 150 2 23 152 24 306 2 5 41 10 126 2 23 91 30 56 2 11 118 18 45 3 2 17 12 46 13 69 2 7 9 22 8 4 1 208 5 52 9 73 30 168 3 13 19 14 66 28 10 3 2 90 5 132 27 52 2 26 238 28 63 3 11 39 15 71 21 41 3 14 62 15 77 16 84 3 6 98 10 102 20 34 2 1 225 15 277 3 20 31 21 17 30 40 3 3 189 9 104 16 131 3 2 48 12 17 13 15 2 17 96 18 134 3 3 177 19 90 28 141 2 18 125 26 116 3 12 3 17 2 28 3 3 20 29 23 26 30 33
34 3 1 103 18 112 22 36 1 2 6 2 3 24 28 51 2 4 81 8 101 2 1 263 15 236 4 1 124 5 184 9 185 30 132 3 2 125 5 106 27 156 3 1 124 18 30 22 105 2 5 76 10 166 3 3 271 9 161 16 111 3 5 12 13 7 27 18 3 2 36 5 48 27 95 3 6 51 10 91 20 77 2 7 191 8 38 3 7 34 19 85 22 60 2 5 21 10 22 3 12 3 17 4 28 2 3 14 26 15 17 16 76 2 17 273 18 149 3 20 124 23 42 30 46 2 11 97 18 126 2 7 31 22 32 3 13 27 14 34 28 17 3 2 61 12 9 13 36 2 23 187 30 221 3 20 14 21 15 30 18 2 18 41 26 71 3 12 5 17 1 28 2 3 3 104 19 201 28 191 3 11 66 15 55 21 66 2 23 63 24 172 3 2 103 19 119 25 97 3 8 10 10 55 29 74 2 26 168 28 286
34 3 1 103 18 112 22 36 1 2 6 2 3 24 28 51 2 4 81 8 101 2 1 263 15 236 4 1 124 5 184 9 185 30 132 3 2 125 5 106 27 156 3 1 124 18 30 22 105 2 5 76 10 166 3 3 271 9 161 16 111 3 5 12 13 7 27 18 3 2 36 5 48 27 95 3 6 51 10 91 20 77 2 7 191 8 38 3 7 34 19 85 22 60 2 5 21 10 22 3 12 3 17 4 28 2 3 14 26 15 17 16 76 2 17 273 18 149 3 20 124 23 42 30 46 2 11 97 18 126 2 7 31 22 32 3 13 27 14 34 28 17 3 2 61 12 9 13 36 2 23 187 30 221 3 20 14 21 15 30 18 2 18 41 26 71 3 12 5 17 1 28 2 3 3 104 19 201 28 191 3 11 66 15 55 21 66 2 23 63 24 172 3 2 103 19 119 25 97 3 8 10 10 55 29 74 2 26 168 28 286
34 3 11 48 15 65 21 80 3 1 100 18 68 22 60 3 8 22 10 67 29 45 1 2 28 2 3 39 28 31 2 4 90 8 104 3 20 8 21 63 30 11 2 7 54 22 28 3 2 152 5 27 27 138 3 8 70 10 35 29 27 3 6 18 10 63 20 68 2 7 20 22 30 3 7 48 19 86 22 34 3 2 69 5 48 27 129 2 7 59 8 94 4 1 147 5 89 9 61 30 70 3 12 2 17 4 28 4 2 5 117 10 167 2 11 76 18 28 3 2 27 12 20 13 32 2 23 123 24 119 3 2 44 19 22 25 135 2 1 184 15 56 3 13 46 14 36 28 12 3 14 72 15 80 16 84 3 3 83 9 75 16 276 3 3 94 19 215 28 165 2 17 285 18 197 2 23 181 30 144 3 20 179 23 177 30 45 2 18 304 26 195 3 13 85 14 39 28 54 3 5 38 13 16 27 12 2 26 185 28 40
34 3 11 48 15 65 21 80 3 1 100 18 68 22 60 3 8 22 10 67 29 45 1 2 28 2 3 39 28 31 2 4 90 8 104 3 20 8 21 63 30 11 2 7 54 22 28 3 2 152 5 27 27 138 3 8 70 10 35 29 27 3 6 18 10 63 20 68 2 7 20 22 30 3 7 48 19 86 22 34 3 2 69 5 48 27 129 2 7 59 8 94 4 1 147 5 89 9 61 30 70 3 12 2 17 4 28 4 2 5 117 10 167 2 11 76 18 28 3 2 27 12 20 13 32 2 23 123 24 119 3 2 44 19 22 25 135 2 1 184 15 56 3 13 46 14 36 28 12 3 14 72 15 80 16 84 3 3 83 9 75 16 276 3 3 94 19 215 28 165 2 17 285 18 197 2 23 181 30 144 3 20 179 23 177 30 45 2 18 304 26 195 3 13 85 14 39 28 54 3 5 38 13 16 27 12 2 26 185 28 40
38 3 6 66 10 114 20 71 3 1 41 18 108 22 26 3 2 58 12 63 13 73 1 2 32 3 11 62 15 86 21 17 2 3 10 28 12 3 6 95 10 47 20 66 2 23 160 30 130 1 2 36 2 4 51 8 88 3 14 101 15 78 16 41 3 2 64 5 136 27 94 3 12 3 17 1 28 5 3 7 17 19 23 22 76 3 2 59 19 136 25 81 4 1 158 5 122 9 87 30 97 2 7 44 22 25 3 14 39 15 62 16 41 2 7 43 8 53 2 5 141 10 92 3 12 2 17 4 28 2 2 11 143 18 58 3 13 59 14 20 28 11 2 3 34 28 12 2 1 256 15 49 3 3 238 9 189 16 253 2 17 109 18 182 3 13 75 14 74 28 84 2 18 269 26 247 3 3 62 19 59 28 225 3 20 25 21 52 30 8 3 3 157 19 204 28 107 3 20 22 23 119 30 23 2 23 249 24 205 2 26 87 28 294 3 3 85 9 250 16 178 3 5 31 13 25 27 32 3 8 73 10 46 29 34
38 3 6 66 10 114 20 71 3 1 41 18 108 22 26 3 2 58 12 63 13 73 1 2 32 3 11 62 15 86 21 17 2 3 10 28 12 3 6 95 10 47 20 66 2 23 160 30 130 1 2 36 2 4 51 8 88 3 14 101 15 78 16 41 3 2 64 5 136 27 94 3 12 3 17 1 28 5 3 7 17 19 23 22 76 3 2 59 19 136 25 81 4 1 158 5 122 9 87 30 97 2 7 44 22 25 3 14 39 15 62 16 41 2 7 43 8 53 2 5 141 10 92 3 12 2 17 4 28 2 2 11 143 18 58 3 13 59 14 20 28 11 2 3 34 28 12 2 1 256 15 49 3 3 238 9 189 16 253 2 17 109 18 182 3 13 75 14 74 28 84 2 18 269 26 247 3 3 62 19 59 28 225 3 20 25 21 52 30 8 3 3 157 19 204 28 107 3 20 22 23 119 30 23 2 23 249 24 205 2 26 87 28 294 3 3 85 9 250 16 178 3 5 31 13 25 27 32 3 8 73 10 46 29 34
38 3 6 66 10 114 20 71 3 1 41 18 108 22 26 3 2 58 12 63 13 73 1 2 32 3 11 62 15 86 21 17 2 3 10 28 12 3 6 95 10 47 20 66 2 23 160 30 130 1 2 36 2 4 51 8 88 3 14 101 15 78 16 41 3 2 64 5 136 27 94 3 12 3 17 1 28 5 3 7 17 19 23 22 76 3 2 59 19 136 25 81 4 1 158 5 122 9 87 30 97 2 7 44 22 25 3 14 39 15 62 16 41 2 7 43 8 53 2 5 141 10 92 3 12 2 17 4 28 2 2 11 143 18 58 3 13 59 14 20 28 11 2 3 34 28 12 2 1 256 15 49 3 3 238 9 189 16 253 2 17 109 18 182 3 13 75 14 74 28 84 2 18 269 26 247 3 3 62 19 59 28 225 3 20 25 21 52 30 8 3 3 157 19 204 28 107 3 20 22 23 119 30 23 2 23 249 24 205 2 26 87 28 294 3 3 85 9 250 16 178 3 5 31 13 25 27 32 3 8 73 10 46 29 34
35 2 17 290 18 152 3 1 17 18 73 22 54 1 2 15 4 1 153 5 114 9 133 30 27 2 23 94 24 158 3 2 21 12 19 13 12 2 3 13 28 40 2 7 11 22 53 2 5 141 10 76 3 12 5 17 5 28 1 2 4 94 8 95 2 17 232 18 153 3 2 96 5 65 27 44 3 6 100 10 58 20 61 3 14 27 15 78 16 90 2 18 286 26 103 3 7 87 19 98 22 67 2 7 86 8 145 2 1 156 15 123 2 3 6 28 36 3 3 208 19 200 28 32 2 11 108 18 65 3 3 200 9 68 16 85 2 7 165 8 128 3 13 30 14 31 28 25 3 20 16 21 64 30 15 2 7 12 22 49 3 11 39 15 62 21 95 2 4 60 8 20 3 8 26 10 16 29 9 2 26 97 28 155 3 20 83 23 140 30 52 3 2 135 19 134 25 90 3 5 40 13 16 27 9 2 23 145 30 47
37 3 1 88 18 75 22 28 1 2 12 3 1 30 18 38 22 78 3 20 15 21 27 30 62 2 3 7 28 35 3 1 81 18 55 22 80 3 6 100 10 15 20 92 1 2 8 2 4 98 8 33 3 2 51 5 149 27 71 3 7 86 19 52 22 85 2 23 211 30 42 2 7 86 8 109 4 1 34 5 164 9 99 30 99 2 5 20 10 31 2 23 80 30 78 2 11 46 18 128 2 26 88 28 49 2 5 72 10 112 3 2 69 12 52 13 18 3 13 72 14 22 28 75 3 14 62 15 21 16 49 2 1 185 15 151 3 3 126 9 47 16 68 3 20 38 21 38 30 17 3 20 138 23 139 30 76 3 20 35 21 63 30 57 2 17 230 18 155 2 18 56 26 209 3 3 50 19 125 28 51 3 11 55 15 28 21 37 2 7 15 22 22 2 23 148 24 251 3 2 62 19 111 25 126 3 5 30 13 28 27 11 3 12 3 17 3 28 2 3 8 26 10 69 29 9
37 3 1 88 18 75 22 28 1 2 12 3 1 30 18 38 22 78 3 20 15 21 27 30 62 2 3 7 28 35 3 1 81 18 55 22 80 3 6 100 10 15 20 92 1 2 8 2 4 98 8 33 3 2 51 5 149 27 71 3 7 86 19 52 22 85 2 23 211 30 42 2 7 86 8 109 4 1 34 5 164 9 99 30 99 2 5 20 10 31 2 23 80 30 78 2 11 46 18 128 2 26 88 28 49 2 5 72 10 112 3 2 69 12 52 13 18 3 13 72 14 22 28 75 3 14 62 15 21 16 49 2 1 185 15 151 3 3 126 9 47 16 68 3 20 38 21 38 30 17 3 20 138 23 139 30 76 3 20 35 21 63 30 57 2 17 230 18 155 2 18 56 26 209 3 3 50 19 125 28 51 3 11 55 15 28 21 37 2 7 15 22 22 2 23 148 24 251 3 2 62 19 111 25 126 3 5 30 13 28 27 11 3 12 3 17 3 28 2 3 8 26 10 69 29 9
36 3 1 108 18 71 22 30 3 3 103 9 193 16 241 1 2 30 3 1 53 18 71 22 23 3 2 53 19 45 25 141 2 3 23 28 16 2 4 26 8 82 3 2 122 5 54 27 18 3 6 18 10 33 20 78 2 11 172 18 110 3 7 74 19 87 22 42 2 18 49 26 75 3 12 1 17 1 28 1 3 3 84 9 185 16 115 2 7 11 22 20 3 14 76 15 57 16 83 2 7 102 8 163 3 7 90 19 99 22 48 4 1 194 5 206 9 60 30 83 2 5 120 10 43 3 11 59 15 51 21 14 3 20 51 21 66 30 11 3 5 31 13 30 27 17 1 2 25 2 17 300 18 265 3 2 13 12 37 13 56 3 13 34 14 26 28 88 3 2 40 12 35 13 57 2 1 284 15 40 2 26 242 28 280 3 20 122 23 39 30 100 3 3 26 19 131 28 190 3 8 19 10 16 29 14 2 23 89 30 155 3 11 12 15 67 21 50 2 23 264 24 119
31 3 6 116 10 49 20 97 3 1 117 18 126 22 100 1 2 27 2 3 23 28 22 3 5 40 13 8 27 44 2 4 35 8 114 3 2 84 5 133 27 131 3 7 48 19 77 22 35 3 6 105 10 50 20 105 2 7 67 8 30 2 26 222 28 167 4 1 77 5 46 9 143 30 168 3 20 159 23 107 30 42 2 5 162 10 98 2 11 174 18 150 3 2 72 12 59 13 70 3 13 84 14 75 28 81 3 14 77 15 55 16 26 2 23 35 24 284 2 1 276 15 178 3 3 106 9 259 16 140 2 17 117 18 290 2 18 126 26 255 3 3 146 19 84 28 223 2 7 60 22 19 3 20 62 21 50 30 11 3 8 58 10 73 29 29 3 11 56 15 13 21 29 3 12 1 17 1 28 2 3 2 33 19 63 25 130 2 23 176 30 254
36 3 1 73 18 105 22 120 1 2 35 3 8 57 10 18 29 79 3 20 12 21 17 30 26 3 8 29 10 55 29 66 2 4 103 8 40 3 11 14 15 55 21 48 2 3 45 28 26 3 3 152 9 240 16 202 3 20 48 21 37 30 37 3 2 120 5 111 27 148 3 6 102 10 49 20 103 3 3 275 9 108 16 234 3 7 37 19 42 22 22 2 7 169 8 198 3 3 178 9 181 16 121 4 1 153 5 190 9 197 30 37 2 5 97 10 101 3 14 22 15 15 16 84 1 2 24 2 11 119 18 54 2 18 180 26 143 3 2 8 12 14 13 49 3 13 37 14 81 28 28 3 2 124 19 107 25 84 3 3 41 19 119 28 201 2 1 97 15 259 3 11 67 15 36 21 72 2 17 151 18 277 2 23 297 24 89 2 26 145 28 163 2 7 15 22 9 3 20 116 23 35 30 53 3 5 24 13 47 27 6 3 12 2 17 3 28 1 2 23 62 30 65
36 3 1 73 18 105 22 120 1 2 35 3 8 57 10 18 29 79 3 20 12 21 17 30 26 3 8 29 10 55 29 66 2 4 103 8 40 3 11 14 15 55 21 48 2 3 45 28 26 3 3 152 9 240 16 202 3 20 48 21 37 30 37 3 2 120 5 111 27 148 3 6 102 10 49 20 103 3 3 275 9 108 16 234 3 7 37 19 42 22 22 2 7 169 8 198 3 3 178 9 181 16 121 4 1 153 5 190 9 197 30 37 2 5 97 10 101 3 14 22 15 15 16 84 1 2 24 2 11 119 18 54 2 18 180 26 143 3 2 8 12 14 13 49 3 13 37 14 81 28 28 3 2 124 19 107 25 84 3 3 41 19 119 28 201 2 1 97 15 259 3 11 67 15 36 21 72 2 17 151 18 277 2 23 297 24 89 2 26 145 28 163 2 7 15 22 9 3 20 116 23 35 30 53 3 5 24 13 47 27 6 3 12 2 17 3 28 1 2 23 62 30 65
38 3 6 69 10 87 20 60 3 1 43 18 105 22 115 3 2 10 12 69 13 36 1 2 35 3 11 13 15 36 21 32 2 3 34 28 8 3 6 107 10 85 20 68 2 23 57 30 135 1 2 20 2 4 92 8 77 3 14 43 15 85 16 39 3 2 106 5 97 27 72 3 12 1 17 4 28 1 3 7 66 19 22 22 45 3 2 81 19 113 25 136 4 1 93 5 59 9 53 30 135 2 7 36 22 12 3 14 96 15 104 16 18 2 7 111 8 148 2 5 88 10 119 3 12 3 17 1 28 5 2 11 112 18 132 3 13 60 14 58 28 37 2 3 16 28 41 2 1 151 15 141 3 3 42 9 66 16 140 2 17 80 18 288 3 13 69 14 82 28 14 2 18 142 26 176 3 3 182 19 93 28 225 3 20 31 21 19 30 66 3 3 85 19 225 28 94 3 20 80 23 145 30 82 2 23 79 24 163 2 26 273 28 225 3 3 182 9 209 16 32 3 5 18 13 16 27 19 3 8 34 10 15 29 77
33 3 1 21 18 50 22 116 1 2 23 2 3 13 28 27 3 12 2 17 1 28 2 3 1 129 18 128 22 70 3 13 46 14 79 28 20 3 3 34 9 93 16 268 2 4 62 8 61 3 2 33 5 113 27 111 3 6 64 10 108 20 83 3 2 17 12 49 13 51 3 7 14 19 27 22 34 2 7 196 8 215 4 1 35 5 38 9 135 30 188 2 18 57 26 254 2 5 77 10 121 2 11 84 18 132 3 14 95 15 62 16 45 2 1 123 15 264 2 17 198 18 70 3 3 72 19 76 28 158 3 20 49 21 41 30 53 3 11 68 15 97 21 91 2 7 17 22 8 3 20 174 23 79 30 108 3 7 101 19 43 22 44 2 23 256 24 259 3 2 107 19 48 25 104 2 26 298 28 273 3 5 5 13 22 27 34 3 8 32 10 16 29 65 3 20 44 23 95 30 51 2 23 203 30 203
35 2 17 199 18 288 3 1 36 18 47 22 104 1 2 8 4 1 187 5 74 9 56 30 190 2 23 294 24 305 3 2 17 12 35 13 62 2 3 39 28 49 2 7 51 22 38 2 5 93 10 112 3 12 4 17 2 28 5 2 4 87 8 82 2 17 90 18 210 3 2 70 5 113 27 153 3 6 109 10 23 20 108 3 14 75 15 53 16 22 2 18 85 26 100 3 7 16 19 103 22 13 2 7 109 8 185 2 1 174 15 37 2 3 24 28 28 3 3 146 19 123 28 86 2 11 60 18 102 3 3 81 9 37 16 248 2 7 135 8 196 3 13 29 14 27 28 37 3 20 42 21 35 30 54 2 7 14 22 43 3 11 58 15 55 21 13 2 4 28 8 82 3 8 40 10 55 29 32 2 26 43 28 78 3 20 50 23 120 30 109 3 2 124 19 113 25 95 3 5 36 13 47 27 23 2 23 208 30 209
35 2 17 199 18 288 3 1 36 18 47 22 104 1 2 8 4 1 187 5 74 9 56 30 190 2 23 294 24 305 3 2 17 12 35 13 62 2 3 39 28 49 2 7 51 22 38 2 5 93 10 112 3 12 4 17 2 28 5 2 4 87 8 82 2 17 90 18 210 3 2 70 5 113 27 153 3 6 109 10 23 20 108 3 14 75 15 53 16 22 2 18 85 26 100 3 7 16 19 103 22 13 2 7 109 8 185 2 1 174 15 37 2 3 24 28 28 3 3 146 19 123 28 86 2 11 60 18 102 3 3 81 9 37 16 248 2 7 135 8 196 3 13 29 14 27 28 37 3 20 42 21 35 30 54 2 7 14 22 43 3 11 58 15 55 21 13 2 4 28 8 82 3 8 40 10 55 29 32 2 26 43 28 78 3 20 50 23 120 30 109 3 2 124 19 113 25 95 3 5 36 13 47 27 23 2 23 208 30 209
34 2 17 162 18 149 3 1 66 18 83 22 130 1 2 21 2 3 47 28 31 2 17 63 18 110 2 4 75 8 45 3 2 103 19 39 25 55 3 20 72 23 174 30 112 3 2 108 5 137 27 73 3 6 98 10 111 20 27 2 11 155 18 152 3 7 37 19 76 22 93 2 1 42 15 231 2 17 238 18 209 2 18 207 26 182 2 7 207 8 67 4 1 32 5 24 9 23 30 186 2 5 72 10 21 3 6 18 10 106 20 89 3 2 19 12 37 13 26 3 11 86 15 52 21 73 3 5 23 13 29 27 8 2 5 65 10 127 3 13 12 14 32 28 26 3 12 2 17 2 28 3 3 14 94 15 34 16 86 3 3 149 9 64 16 121 2 26 68 28 312 3 3 181 19 207 28 214 3 20 33 21 8 30 15 2 7 37 22 20 2 23 307 24 38 3 8 41 10 26 29 14 2 23 136 30 100
36 3 1 115 18 95 22 107 1 2 8 3 8 15 10 44 29 74 3 20 50 21 36 30 53 3 8 30 10 51 29 58 2 4 42 8 58 3 11 79 15 46 21 16 2 3 34 28 30 3 3 272 9 130 16 205 3 20 60 21 44 30 66 3 2 65 5 130 27 30 3 6 14 10 87 20 51 3 3 230 9 139 16 57 3 7 16 19 47 22 18 2 7 74 8 126 3 3 275 9 69 16 62 4 1 196 5 25 9 187 30 111 2 5 143 10 167 3 14 33 15 109 16 94 1 2 33 2 11 73 18 113 2 18 267 26 205 3 2 69 12 58 13 34 3 13 48 14 80 28 43 3 2 101 19 38 25 113 3 3 135 19 113 28 123 2 1 160 15 136 3 11 53 15 94 21 62 2 17 199 18 83 2 23 104 24 139 2 26 196 28 105 2 7 29 22 7 3 20 85 23 130 30 20 3 5 28 13 6 27 13 3 12 5 17 5 28 4 2 23 72 30 181
37 3 1 124 18 111 22 95 1 2 31 3 11 22 15 27 21 21 2 4 93 8 85 2 3 43 28 6 1 2 29 3 20 34 21 14 30 10 3 2 67 5 73 27 66 3 1 84 18 84 22 23 3 6 98 10 40 20 109 2 3 7 28 31 3 7 28 19 57 22 43 2 7 63 8 192 2 23 104 30 63 3 2 44 19 99 25 108 4 1 198 5 144 9 122 30 63 2 5 21 10 107 2 7 7 22 59 2 11 97 18 161 2 18 74 26 76 3 2 44 12 65 13 24 2 26 274 28 164 3 8 63 10 62 29 63 2 7 212 8 204 3 13 10 14 80 28 31 3 2 25 19 25 25 33 3 14 40 15 19 16 99 2 1 255 15 275 3 3 209 19 160 28 181 3 12 1 17 4 28 3 3 8 17 10 13 29 31 3 3 34 9 36 16 172 2 17 34 18 262 3 20 29 23 164 30 63 3 12 1 17 2 28 1 2 23 90 24 211 3 5 7 13 10 27 18
37 3 1 124 18 111 22 95 1 2 31 3 11 22 15 27 21 21 2 4 93 8 85 2 3 43 28 6 1 2 29 3 20 34 21 14 30 10 3 2 67 5 73 27 66 3 1 84 18 84 22 23 3 6 98 10 40 20 109 2 3 7 28 31 3 7 28 19 57 22 43 2 7 63 8 192 2 23 104 30 63 3 2 44 19 99 25 108 4 1 198 5 144 9 122 30 63 2 5 21 10 107 2 7 7 22 59 2 11 97 18 161 2 18 74 26 76 3 2 44 12 65 13 24 2 26 274 28 164 3 8 63 10 62 29 63 2 7 212 8 204 3 13 10 14 80 28 31 3 2 25 19 25 25 33 3 14 40 15 19 16 99 2 1 255 15 275 3 3 209 19 160 28 181 3 12 1 17 4 28 3 3 8 17 10 13 29 31 3 3 34 9 36 16 172 2 17 34 18 262 3 20 29 23 164 30 63 3 12 1 17 2 28 1 2 23 90 24 211 3 5 7 13 10 27 18
38 3 6 75 10 73 20 59 3 1 48 18 94 22 116 3 2 39 12 43 13 16 1 2 9 3 11 68 15 56 21 94 2 3 21 28 19 3 6 96 10 48 20 83 2 23 91 30 197 1 2 8 2 4 55 8 32 3 14 62 15 91 16 29 3 2 127 5 51 27 120 3 12 4 17 1 28 4 3 7 98 19 23 22 42 3 2 41 19 62 25 110 4 1 56 5 124 9 114 30 195 2 7 43 22 15 3 14 105 15 27 16 107 2 7 171 8 24 2 5 158 10 139 3 12 3 17 5 28 1 2 11 73 18 46 3 13 63 14 14 28 39 2 3 18 28 27 2 1 147 15 163 3 3 169 9 199 16 195 2 17 181 18 271 3 13 85 14 10 28 53 2 18 267 26 207 3 3 117 19 61 28 111 3 20 34 21 40 30 47 3 3 132 19 38 28 208 3 20 91 23 37 30 150 2 23 174 24 192 2 26 73 28 171 3 3 112 9 55 16 116 3 5 32 13 29 27 14 3 8 17 10 48 29 42
31 3 6 97 10 114 20 51 3 1 99 18 121 22 98 1 2 12 2 3 43 28 38 3 5 46 13 11 27 23 2 4 86 8 71 3 2 24 5 131 27 116 3 7 41 19 49 22 41 3 6 68 10 44 20 35 2 7 206 8 46 2 26 248 28 207 4 1 60 5 128 9 198 30 166 3 20 50 23 66 30 160 2 5 59 10 86 2 11 22 18 22 3 2 53 12 24 13 23 3 13 73 14 81 28 60 3 14 93 15 102 16 92 2 23 165 24 290 2 1 137 15 96 3 3 49 9 158 16 158 2 17 186 18 253 2 18 139 26 196 3 3 228 19 176 28 36 2 7 21 22 13 3 20 12 21 33 30 17 3 8 53 10 33 29 46 3 11 62 15 69 21 73 3 12 2 17 5 28 3 3 2 93 19 61 25 56 2 23 250 30 202
34 3 1 66 18 68 22 21 2 23 76 30 52 3 1 50 18 33 22 87 1 2 38 2 3 36 28 6 2 7 17 22 19 2 4 39 8 68 3 12 4 17 4 28 3 2 5 109 10 56 3 2 112 5 153 27 136 3 20 46 23 128 30 102 3 2 92 19 118 25 102 3 6 29 10 53 20 35 2 23 62 24 298 3 7 91 19 22 22 65 3 20 89 23 89 30 108 2 18 106 26 43 2 7 161 8 131 4 1 23 5 121 9 32 30 159 2 11 78 18 180 3 6 111 10 31 20 72 3 2 31 12 39 13 28 1 2 32 3 13 68 14 22 28 31 3 3 164 9 212 16 239 3 14 55 15 75 16 106 2 1 265 15 72 3 8 51 10 20 29 23 2 17 155 18 207 3 5 33 13 46 27 39 3 3 139 19 160 28 225 3 20 54 21 42 30 53 3 11 38 15 33 21 41 2 26 146 28 216
34 3 1 66 18 68 22 21 2 23 76 30 52 3 1 50 18 33 22 87 1 2 38 2 3 36 28 6 2 7 17 22 19 2 4 39 8 68 3 12 4 17 4 28 3 2 5 109 10 56 3 2 112 5 153 27 136 3 20 46 23 128 30 102 3 2 92 19 118 25 102 3 6 29 10 53 20 35 2 23 62 24 298 3 7 91 19 22 22 65 3 20 89 23 89 30 108 2 18 106 26 43 2 7 161 8 131 4 1 23 5 121 9 32 30 159 2 11 78 18 180 3 6 111 10 31 20 72 3 2 31 12 39 13 28 1 2 32 3 13 68 14 22 28 31 3 3 164 9 212 16 239 3 14 55 15 75 16 106 2 1 265 15 72 3 8 51 10 20 29 23 2 17 155 18 207 3 5 33 13 46 27 39 3 3 139 19 160 28 225 3 20 54 21 42 30 53 3 11 38 15 33 21 41 2 26 146 28 216
34 3 1 66 18 68 22 21 2 23 76 30 52 3 1 50 18 33 22 87 1 2 38 2 3 36 28 6 2 7 17 22 19 2 4 39 8 68 3 12 4 17 4 28 3 2 5 109 10 56 3 2 112 5 153 27 136 3 20 46 23 128 30 102 3 2 92 19 118 25 102 3 6 29 10 53 20 35 2 23 62 24 298 3 7 91 19 22 22 65 3 20 89 23 89 30 108 2 18 106 26 43 2 7 161 8 131 4 1 23 5 121 9 32 30 159 2 11 78 18 180 3 6 111 10 31 20 72 3 2 31 12 39 13 28 1 2 32 3 13 68 14 22 28 31 3 3 164 9 212 16 239 3 14 55 15 75 16 106 2 1 265 15 72 3 8 51 10 20 29 23 2 17 155 18 207 3 5 33 13 46 27 39 3 3 139 19 160 28 225 3 20 54 21 42 30 53 3 11 38 15 33 21 41 2 26 146 28 216
37 3 1 44 18 37 22 38 1 2 16 3 1 80 18 20 22 56 3 20 31 21 47 30 10 2 3 24 28 28 3 1 96 18 96 22 41 3 6 97 10 63 20 69 1 2 10 2 4 109 8 87 3 2 136 5 156 27 138 3 7 52 19 24 22 33 2 23 108 30 36 2 7 107 8 91 4 1 58 5 33 9 147 30 185 2 5 42 10 127 2 23 55 30 94 2 11 90 18 62 2 26 42 28 240 2 5 24 10 84 3 2 14 12 40 13 70 3 13 79 14 51 28 50 3 14 77 15 40 16 17 2 1 41 15 199 3 3 132 9 159 16 270 3 20 52 21 38 30 7 3 20 125 23 122 30 60 3 20 28 21 62 30 22 2 17 246 18 233 2 18 37 26 76 3 3 196 19 118 28 121 3 11 54 15 93 21 84 2 7 43 22 46 2 23 117 24 219 3 2 68 19 22 25 83 3 5 45 13 26 27 25 3 12 4 17 1 28 1 3 8 9 10 33 29 54
36 3 1 123 18 117 22 54 3 3 277 9 128 16 222 1 2 8 3 1 80 18 48 22 115 3 2 45 19 83 25 131 2 3 45 28 41 2 4 113 8 77 3 2 110 5 23 27 57 3 6 67 10 85 20 64 2 11 157 18 120 3 7 73 19 54 22 78 2 18 176 26 197 3 12 1 17 4 28 4 3 3 146 9 243 16 173 2 7 44 22 39 3 14 91 15 79 16 92 2 7 34 8 144 3 7 74 19 64 22 56 4 1 106 5 76 9 46 30 176 2 5 136 10 96 3 11 89 15 19 21 41 3 20 22 21 21 30 51 3 5 44 13 35 27 16 1 2 35 2 17 192 18 251 3 2 18 12 29 13 76 3 13 13 14 69 28 75 3 2 22 12 73 13 35 2 1 208 15 216 2 26 298 28 255 3 20 100 23 120 30 64 3 3 42 19 182 28 81 3 8 28 10 17 29 42 2 23 194 30 122 3 11 80 15 64 21 39 2 23 299 24 149
36 3 1 123 18 117 22 54 3 3 277 9 128 16 222 1 2 8 3 1 80 18 48 22 115 3 2 45 19 83 25 131 2 3 45 28 41 2 4 113 8 77 3 2 110 5 23 27 57 3 6 67 10 85 20 64 2 11 157 18 120 3 7 73 19 54 22 78 2 18 176 26 197 3 12 1 17 4 28 4 3 3 146 9 243 16 173 2 7 44 22 39 3 14 91 15 79 16 92 2 7 34 8 144 3 7 74 19 64 22 56 4 1 106 5 76 9 46 30 176 2 5 136 10 96 3 11 89 15 19 21 41 3 20 22 21 21 30 51 3 5 44 13 35 27 16 1 2 35 2 17 192 18 251 3 2 18 12 29 13 76 3 13 13 14 69 28 75 3 2 22 12 73 13 35 2 1 208 15 216 2 26 298 28 255 3 20 100 23 120 30 64 3 3 42 19 182 28 81 3 8 28 10 17 29 42 2 23 194 30 122 3 11 80 15 64 21 39 2 23 299 24 149
36 3 7 74 19 71 22 46 3 20 30 21 15 30 56 3 7 40 19 63 22 20 2 23 224 30 215 3 5 43 13 30 27 15 4 1 40 5 199 9 39 30 107 3 6 32 10 84 20 87 3 1 125 18 118 22 49 4 1 51 5 141 9 141 30 176 1 2 22 2 3 13 28 9 3 20 55 23 87 30 88 2 4 22 8 112 3 2 152 5 121 27 89 2 7 35 8 159 2 5 83 10 94 2 11 95 18 146 3 2 61 12 34 13 20 3 13 24 14 30 28 10 1 2 28 3 14 19 15 68 16 55 3 3 147 19 226 28 43 1 2 37 2 1 65 15 37 2 17 126 18 71 3 3 63 9 68 16 52 3 5 11 13 40 27 7 2 23 221 24 297 2 18 303 26 175 4 1 142 5 197 9 92 30 85 3 11 80 15 38 21 79 2 7 51 22 18 3 2 25 19 68 25 39 3 8 44 10 17 29 34 2 26 191 28 185 3 12 1 17 2 28 3
38 3 6 81 10 76 20 84 3 1 95 18 52 22 69 3 2 22 12 20 13 39 1 2 32 3 11 89 15 29 21 10 2 3 19 28 34 3 6 31 10 115 20 33 2 23 231 30 243 1 2 25 2 4 79 8 67 3 14 59 15 88 16 38 3 2 76 5 116 27 132 3 12 3 17 2 28 1 3 7 103 19 62 22 74 3 2 97 19 78 25 22 4 1 168 5 108 9 34 30 117 2 7 53 22 35 3 14 58 15 62 16 108 2 7 59 8 207 2 5 161 10 70 3 12 1 17 1 28 1 2 11 74 18 32 3 13 81 14 43 28 46 2 3 13 28 51 2 1 91 15 246 3 3 104 9 62 16 153 2 17 164 18 81 3 13 43 14 38 28 31 2 18 153 26 273 3 3 50 19 144 28 188 3 20 15 21 32 30 44 3 3 125 19 93 28 60 3 20 25 23 28 30 95 2 23 203 24 77 2 26 208 28 282 3 3 61 9 151 16 186 3 5 5 13 42 27 47 3 8 23 10 74 29 76
33 3 1 18 18 97 22 101 2 18 198 26 126 3 1 109 18 102 22 126 1 2 11 2 3 35 28 12 4 1 56 5 24 9 109 30 155 2 4 96 8 46 3 2 154 5 72 27 134 3 12 3 17 3 28 2 3 6 98 10 65 20 18 2 5 134 10 51 3 7 90 19 37 22 87 2 7 170 8 61 3 14 60 15 30 16 108 2 11 29 18 91 3 2 54 12 18 13 36 3 13 56 14 83 28 91 2 1 227 15 138 3 3 194 9 112 16 170 3 20 134 23 136 30 65 2 11 44 18 157 2 17 61 18 243 3 8 57 10 16 29 73 3 3 207 19 37 28 179 3 20 19 21 46 30 57 3 2 134 19 39 25 44 2 26 262 28 295 3 11 21 15 17 21 22 2 7 52 22 32 3 6 100 10 16 20 20 2 23 120 24 162 2 23 110 30 118 3 5 19 13 12 27 45
DUE_DATES: 5697 5697 5697 5697 5697 6044 6123 5986 5973 5973 5672 5672 5891 5969 5969 5969 5662 5556 5556 5289 5289 6142 6142 6142 5380 4881 4881 5621 5745 5999 5999 5773 5785 5718 5718 5714 5690 5408 5408 5751 5274 5251 5251 5251 5144 6455 6455 5369 5833 5370
WEIGHTS: 3 1 1 2 3 2 1 3 2 1 2 1 3 2 1 1 2 2 2 3 2 1 1 3 3 2 3 2 2 2 1 2 3 1 3 2 2 1 1 1 2 1 1 2 2 2 1 2 3 2
