50 30
36 2 9 127 26 153 3 1 84 8 18 11 22 2 2 1 26 1 3 3 2 27 7 30 4 2 10 231 29 68 3 16 114 20 230 24 85 2 9 71 26 41 3 4 264 13 254 20 271 3 3 4 7 7 21 10 3 1 43 8 96 11 40 2 8 100 20 83 3 5 1 24 4 30 3 3 11 8 13 15 24 20 2 14 63 22 318 2 25 44 28 28 3 2 30 6 67 30 22 3 6 167 12 63 16 115 3 4 132 13 247 20 223 3 5 160 13 99 14 110 3 17 110 18 39 23 18 3 7 15 14 23 26 19 2 8 21 13 10 2 10 20 14 6 3 15 50 22 52 30 99 4 1 137 7 60 17 133 19 94 2 14 54 22 73 2 19 237 29 301 2 7 72 23 72 2 29 47 30 71 3 3 3 7 7 21 7 3 6 39 22 80 24 90 2 25 5 26 1 2 25 98 26 73 3 10 35 18 45 29 57 2 10 17 14 11 2 16 143 27 56
36 2 9 127 26 153 3 1 84 8 18 11 22 2 2 1 26 1 3 3 2 27 7 30 4 2 10 231 29 68 3 16 114 20 230 24 85 2 9 71 26 41 3 4 264 13 254 20 271 3 3 4 7 7 21 10 3 1 43 8 96 11 40 2 8 100 20 83 3 5 1 24 4 30 3 3 11 8 13 15 24 20 2 14 63 22 318 2 25 44 28 28 3 2 30 6 67 30 22 3 6 167 12 63 16 115 3 4 132 13 247 20 223 3 5 160 13 99 14 110 3 17 110 18 39 23 18 3 7 15 14 23 26 19 2 8 21 13 10 2 10 20 14 6 3 15 50 22 52 30 99 4 1 137 7 60 17 133 19 94 2 14 54 22 73 2 19 237 29 301 2 7 72 23 72 2 29 47 30 71 3 3 3 7 7 21 7 3 6 39 22 80 24 90 2 25 5 26 1 2 25 98 26 73 3 10 35 18 45 29 57 2 10 17 14 11 2 16 143 27 56
37 2 9 23 26 170 2 25 23 26 101 2 9 123 26 31 3 1 96 8 17 11 75 3 10 188 18 207 29 85 3 6 99 12 264 16 80 2 2 1 26 1 3 6 77 12 32 16 133 3 3 3 27 9 30 10 3 4 177 13 191 20 272 3 5 6 24 9 30 4 3 2 50 6 8 30 14 3 7 14 14 15 26 11 2 8 7 13 18 2 10 216 29 197 3 11 9 13 16 24 29 3 5 171 13 115 14 148 3 10 239 18 49 29 98 3 16 148 20 161 24 185 2 10 8 14 16 3 15 135 22 183 30 258 4 1 188 7 91 17 212 19 51 3 6 118 22 117 24 225 3 6 53 12 165 16 43 3 17 32 18 131 23 58 3 4 296 13 114 20 99 2 25 24 28 41 3 5 10 24 8 30 4 2 19 229 29 280 2 2 1 26 1 2 8 104 20 20 3 3 3 7 6 21 7 2 14 154 22 189 2 7 33 23 140 2 29 94 30 39 2 25 4 26 8 2 16 19 27 84
37 2 9 23 26 170 2 25 23 26 101 2 9 123 26 31 3 1 96 8 17 11 75 3 10 188 18 207 29 85 3 6 99 12 264 16 80 2 2 1 26 1 3 6 77 12 32 16 133 3 3 3 27 9 30 10 3 4 177 13 191 20 272 3 5 6 24 9 30 4 3 2 50 6 8 30 14 3 7 14 14 15 26 11 2 8 7 13 18 2 10 216 29 197 3 11 9 13 16 24 29 3 5 171 13 115 14 148 3 10 239 18 49 29 98 3 16 148 20 161 24 185 2 10 8 14 16 3 15 135 22 183 30 258 4 1 188 7 91 17 212 19 51 3 6 118 22 117 24 225 3 6 53 12 165 16 43 3 17 32 18 131 23 58 3 4 296 13 114 20 99 2 25 24 28 41 3 5 10 24 8 30 4 2 19 229 29 280 2 2 1 26 1 2 8 104 20 20 3 3 3 7 6 21 7 2 14 154 22 189 2 7 33 23 140 2 29 94 30 39 2 25 4 26 8 2 16 19 27 84
37 2 9 23 26 170 2 25 23 26 101 2 9 123 26 31 3 1 96 8 17 11 75 3 10 188 18 207 29 85 3 6 99 12 264 16 80 2 2 1 26 1 3 6 77 12 32 16 133 3 3 3 27 9 30 10 3 4 177 13 191 20 272 3 5 6 24 9 30 4 3 2 50 6 8 30 14 3 7 14 14 15 26 11 2 8 7 13 18 2 10 216 29 197 3 11 9 13 16 24 29 3 5 171 13 115 14 148 3 10 239 18 49 29 98 3 16 148 20 161 24 185 2 10 8 14 16 3 15 135 22 183 30 258 4 1 188 7 91 17 212 19 51 3 6 118 22 117 24 225 3 6 53 12 165 16 43 3 17 32 18 131 23 58 3 4 296 13 114 20 99 2 25 24 28 41 3 5 10 24 8 30 4 2 19 229 29 280 2 2 1 26 1 2 8 104 20 20 3 3 3 7 6 21 7 2 14 154 22 189 2 7 33 23 140 2 29 94 30 39 2 25 4 26 8 2 16 19 27 84
36 2 9 107 26 29 3 1 85 8 101 11 40 2 2 1 26 1 3 3 10 27 1 30 9 2 10 286 29 80 3 16 122 20 210 24 119 2 9 28 26 80 3 4 74 13 229 20 176 3 3 10 7 10 21 4 3 1 55 8 45 11 88 2 8 89 20 42 3 5 3 24 3 30 2 3 11 20 13 6 24 18 2 14 159 22 100 2 25 35 28 16 3 2 69 6 53 30 31 3 6 41 12 150 16 37 3 4 60 13 123 20 75 3 5 76 13 190 14 198 3 17 58 18 77 23 67 3 7 25 14 7 26 23 2 8 36 13 11 2 10 10 14 5 3 15 110 22 144 30 53 4 1 241 7 234 17 252 19 157 2 14 335 22 323 2 19 247 29 293 2 7 106 23 46 2 29 24 30 32 3 3 6 7 9 21 4 3 6 136 22 242 24 151 2 25 4 26 8 2 25 102 26 87 3 10 63 18 151 29 269 2 10 11 14 12 2 16 30 27 99
36 2 9 107 26 29 3 1 85 8 101 11 40 2 2 1 26 1 3 3 10 27 1 30 9 2 10 286 29 80 3 16 122 20 210 24 119 2 9 28 26 80 3 4 74 13 229 20 176 3 3 10 7 10 21 4 3 1 55 8 45 11 88 2 8 89 20 42 3 5 3 24 3 30 2 3 11 20 13 6 24 18 2 14 159 22 100 2 25 35 28 16 3 2 69 6 53 30 31 3 6 41 12 150 16 37 3 4 60 13 123 20 75 3 5 76 13 190 14 198 3 17 58 18 77 23 67 3 7 25 14 7 26 23 2 8 36 13 11 2 10 10 14 5 3 15 110 22 144 30 53 4 1 241 7 234 17 252 19 157 2 14 335 22 323 2 19 247 29 293 2 7 106 23 46 2 29 24 30 32 3 3 6 7 9 21 4 3 6 136 22 242 24 151 2 25 4 26 8 2 25 102 26 87 3 10 63 18 151 29 269 2 10 11 14 12 2 16 30 27 99
36 2 9 107 26 29 3 1 85 8 101 11 40 2 2 1 26 1 3 3 10 27 1 30 9 2 10 286 29 80 3 16 122 20 210 24 119 2 9 28 26 80 3 4 74 13 229 20 176 3 3 10 7 10 21 4 3 1 55 8 45 11 88 2 8 89 20 42 3 5 3 24 3 30 2 3 11 20 13 6 24 18 2 14 159 22 100 2 25 35 28 16 3 2 69 6 53 30 31 3 6 41 12 150 16 37 3 4 60 13 123 20 75 3 5 76 13 190 14 198 3 17 58 18 77 23 67 3 7 25 14 7 26 23 2 8 36 13 11 2 10 10 14 5 3 15 110 22 144 30 53 4 1 241 7 234 17 252 19 157 2 14 335 22 323 2 19 247 29 293 2 7 106 23 46 2 29 24 30 32 3 3 6 7 9 21 4 3 6 136 22 242 24 151 2 25 4 26 8 2 25 102 26 87 3 10 63 18 151 29 269 2 10 11 14 12 2 16 30 27 99
37 3 1 95 8 78 11 53 2 29 123 30 30 2 2 1 26 1 3 1 37 8 99 11 69 2 8 72 20 110 3 3 8 27 8 30 4 2 2 1 26 1 3 4 49 13 284 20 167 3 5 10 24 1 30 4 3 2 17 6 8 30 44 3 3 10 27 9 30 5 3 7 3 14 22 26 9 2 9 81 26 154 3 7 11 14 7 26 23 3 15 225 22 200 30 92 2 8 22 13 29 2 10 160 29 236 3 11 25 13 13 24 13 2 2 1 26 1 3 6 118 12 204 16 137 3 5 130 13 189 14 41 3 11 14 13 13 24 14 2 10 5 14 13 3 17 93 18 144 23 104 2 10 216 29 304 3 6 253 22 251 24 243 3 3 3 7 10 21 10 3 16 78 20 49 24 93 4 1 174 7 212 17 206 19 159 2 19 53 29 306 2 14 300 22 186 2 7 42 23 59 2 25 4 26 1 2 16 34 27 95 2 25 32 26 131 2 25 28 28 6 3 10 58 18 244 29 30
36 2 9 181 26 156 3 1 37 8 62 11 77 2 2 1 26 1 3 3 9 27 9 30 7 2 10 321 29 185 3 16 175 20 38 24 101 2 9 102 26 83 3 4 198 13 114 20 136 3 3 10 7 7 21 8 3 1 39 8 65 11 102 2 8 35 20 102 3 5 4 24 5 30 5 3 11 27 13 4 24 18 2 14 44 22 225 2 25 42 28 23 3 2 21 6 54 30 65 3 6 32 12 154 16 157 3 4 264 13 164 20 204 3 5 193 13 182 14 60 3 17 39 18 107 23 55 3 7 17 14 11 26 17 2 8 21 13 28 2 10 6 14 13 3 15 82 22 82 30 174 4 1 217 7 69 17 100 19 133 2 14 267 22 342 2 19 158 29 192 2 7 87 23 84 2 29 121 30 71 3 3 4 7 10 21 6 3 6 290 22 290 24 81 2 25 1 26 5 2 25 68 26 132 3 10 51 18 250 29 178 2 10 11 14 21 2 16 163 27 144
36 2 9 181 26 156 3 1 37 8 62 11 77 2 2 1 26 1 3 3 9 27 9 30 7 2 10 321 29 185 3 16 175 20 38 24 101 2 9 102 26 83 3 4 198 13 114 20 136 3 3 10 7 7 21 8 3 1 39 8 65 11 102 2 8 35 20 102 3 5 4 24 5 30 5 3 11 27 13 4 24 18 2 14 44 22 225 2 25 42 28 23 3 2 21 6 54 30 65 3 6 32 12 154 16 157 3 4 264 13 164 20 204 3 5 193 13 182 14 60 3 17 39 18 107 23 55 3 7 17 14 11 26 17 2 8 21 13 28 2 10 6 14 13 3 15 82 22 82 30 174 4 1 217 7 69 17 100 19 133 2 14 267 22 342 2 19 158 29 192 2 7 87 23 84 2 29 121 30 71 3 3 4 7 10 21 6 3 6 290 22 290 24 81 2 25 1 26 5 2 25 68 26 132 3 10 51 18 250 29 178 2 10 11 14 21 2 16 163 27 144
39 3 1 70 8 14 11 67 2 8 21 13 19 3 1 53 8 71 11 35 3 5 8 24 9 30 6 2 2 1 26 1 3 3 8 27 3 30 5 3 1 19 8 18 11 92 3 4 223 13 171 20 169 3 2 59 6 24 30 28 3 3 2 27 2 30 10 3 7 10 14 13 26 11 2 8 18 13 19 2 9 151 26 21 2 10 241 29 317 3 11 12 13 11 24 29 3 2 29 6 26 30 14 3 6 107 22 79 24 155 3 6 96 12 239 16 243 3 3 6 27 1 30 10 3 5 99 13 34 14 105 2 10 4 14 18 2 7 149 23 113 3 15 168 22 218 30 79 3 16 56 20 200 24 107 3 1 60 8 67 11 22 2 25 7 26 5 2 25 24 28 31 3 10 140 18 42 29 81 2 19 339 29 154 3 5 10 24 6 30 8 4 1 194 7 87 17 209 19 86 3 17 29 18 104 23 118 2 14 314 22 91 2 8 73 20 104 3 3 5 7 12 21 1 2 25 5 26 8 2 16 93 27 85 2 25 106 26 20 2 29 150 30 22
39 3 1 70 8 14 11 67 2 8 21 13 19 3 1 53 8 71 11 35 3 5 8 24 9 30 6 2 2 1 26 1 3 3 8 27 3 30 5 3 1 19 8 18 11 92 3 4 223 13 171 20 169 3 2 59 6 24 30 28 3 3 2 27 2 30 10 3 7 10 14 13 26 11 2 8 18 13 19 2 9 151 26 21 2 10 241 29 317 3 11 12 13 11 24 29 3 2 29 6 26 30 14 3 6 107 22 79 24 155 3 6 96 12 239 16 243 3 3 6 27 1 30 10 3 5 99 13 34 14 105 2 10 4 14 18 2 7 149 23 113 3 15 168 22 218 30 79 3 16 56 20 200 24 107 3 1 60 8 67 11 22 2 25 7 26 5 2 25 24 28 31 3 10 140 18 42 29 81 2 19 339 29 154 3 5 10 24 6 30 8 4 1 194 7 87 17 209 19 86 3 17 29 18 104 23 118 2 14 314 22 91 2 8 73 20 104 3 3 5 7 12 21 1 2 25 5 26 8 2 16 93 27 85 2 25 106 26 20 2 29 150 30 22
39 3 1 70 8 14 11 67 2 8 21 13 19 3 1 53 8 71 11 35 3 5 8 24 9 30 6 2 2 1 26 1 3 3 8 27 3 30 5 3 1 19 8 18 11 92 3 4 223 13 171 20 169 3 2 59 6 24 30 28 3 3 2 27 2 30 10 3 7 10 14 13 26 11 2 8 18 13 19 2 9 151 26 21 2 10 241 29 317 3 11 12 13 11 24 29 3 2 29 6 26 30 14 3 6 107 22 79 24 155 3 6 96 12 239 16 243 3 3 6 27 1 30 10 3 5 99 13 34 14 105 2 10 4 14 18 2 7 149 23 113 3 15 168 22 218 30 79 3 16 56 20 200 24 107 3 1 60 8 67 11 22 2 25 7 26 5 2 25 24 28 31 3 10 140 18 42 29 81 2 19 339 29 154 3 5 10 24 6 30 8 4 1 194 7 87 17 209 19 86 3 17 29 18 104 23 118 2 14 314 22 91 2 8 73 20 104 3 3 5 7 12 21 1 2 25 5 26 8 2 16 93 27 85 2 25 106 26 20 2 29 150 30 22
37 3 1 89 8 82 11 44 2 29 23 30 92 2 2 1 26 1 3 1 27 8 20 11 61 2 8 118 20 54 3 3 6 27 7 30 10 2 2 1 26 1 3 4 77 13 72 20 79 3 5 6 24 6 30 3 3 2 64 6 58 30 18 3 3 6 27 3 30 6 3 7 21 14 19 26 23 2 9 127 26 146 3 7 24 14 26 26 4 3 15 30 22 92 30 49 2 8 38 13 38 2 10 121 29 178 3 11 4 13 13 24 17 2 2 1 26 1 3 6 129 12 156 16 132 3 5 43 13 211 14 127 3 11 7 13 23 24 30 2 10 2 14 21 3 17 109 18 134 23 49 2 10 314 29 248 3 6 141 22 261 24 45 3 3 10 7 11 21 9 3 16 61 20 32 24 164 4 1 98 7 150 17 54 19 241 2 19 45 29 280 2 14 199 22 278 2 7 131 23 19 2 25 3 26 3 2 16 162 27 67 2 25 76 26 99 2 25 41 28 6 3 10 38 18 126 29 133
37 3 1 89 8 82 11 44 2 29 23 30 92 2 2 1 26 1 3 1 27 8 20 11 61 2 8 118 20 54 3 3 6 27 7 30 10 2 2 1 26 1 3 4 77 13 72 20 79 3 5 6 24 6 30 3 3 2 64 6 58 30 18 3 3 6 27 3 30 6 3 7 21 14 19 26 23 2 9 127 26 146 3 7 24 14 26 26 4 3 15 30 22 92 30 49 2 8 38 13 38 2 10 121 29 178 3 11 4 13 13 24 17 2 2 1 26 1 3 6 129 12 156 16 132 3 5 43 13 211 14 127 3 11 7 13 23 24 30 2 10 2 14 21 3 17 109 18 134 23 49 2 10 314 29 248 3 6 141 22 261 24 45 3 3 10 7 11 21 9 3 16 61 20 32 24 164 4 1 98 7 150 17 54 19 241 2 19 45 29 280 2 14 199 22 278 2 7 131 23 19 2 25 3 26 3 2 16 162 27 67 2 25 76 26 99 2 25 41 28 6 3 10 38 18 126 29 133
37 3 1 89 8 82 11 44 2 29 23 30 92 2 2 1 26 1 3 1 27 8 20 11 61 2 8 118 20 54 3 3 6 27 7 30 10 2 2 1 26 1 3 4 77 13 72 20 79 3 5 6 24 6 30 3 3 2 64 6 58 30 18 3 3 6 27 3 30 6 3 7 21 14 19 26 23 2 9 127 26 146 3 7 24 14 26 26 4 3 15 30 22 92 30 49 2 8 38 13 38 2 10 121 29 178 3 11 4 13 13 24 17 2 2 1 26 1 3 6 129 12 156 16 132 3 5 43 13 211 14 127 3 11 7 13 23 24 30 2 10 2 14 21 3 17 109 18 134 23 49 2 10 314 29 248 3 6 141 22 261 24 45 3 3 10 7 11 21 9 3 16 61 20 32 24 164 4 1 98 7 150 17 54 19 241 2 19 45 29 280 2 14 199 22 278 2 7 131 23 19 2 25 3 26 3 2 16 162 27 67 2 25 76 26 99 2 25 41 28 6 3 10 38 18 126 29 133
34 3 1 73 8 77 11 74 3 17 37 18 65 23 49 3 15 104 22 177 30 97 2 2 1 26 1 3 3 4 27 4 30 9 3 4 252 13 146 20 158 2 16 160 27 114 3 5 8 24 7 30 4 2 2 1 26 1 3 11 21 13 16 24 20 4 1 210 7 77 17 119 19 55 3 2 34 6 39 30 62 2 8 61 20 122 3 4 240 13 257 20 148 3 3 10 7 1 21 11 3 7 18 14 17 26 10 2 8 46 13 15 2 9 74 26 86 2 10 334 29 240 3 6 229 12 122 16 153 2 25 4 26 1 3 5 151 13 95 14 80 3 3 4 27 6 30 9 2 10 13 14 15 2 25 42 26 55 3 16 126 20 100 24 203 2 19 263 29 282 3 10 124 18 195 29 81 2 14 212 22 103 3 5 83 13 75 14 24 2 7 25 23 93 3 6 310 22 113 24 311 2 25 15 28 29 2 29 134 30 41
36 3 1 31 8 21 11 26 2 2 1 26 1 2 7 92 23 52 3 1 18 8 30 11 15 2 16 41 27 72 3 3 5 27 9 30 10 3 4 118 13 282 20 178 3 5 114 13 85 14 207 2 7 29 23 73 3 16 180 20 90 24 98 3 5 10 24 10 30 5 3 2 71 6 12 30 51 3 3 7 7 7 21 11 3 4 209 13 221 20 46 3 7 21 14 26 26 19 2 8 27 13 30 2 9 130 26 107 3 5 74 13 47 14 102 2 25 3 26 2 3 5 7 24 5 30 2 4 1 88 7 234 17 78 19 160 2 29 43 30 108 2 10 245 29 226 3 6 278 22 305 24 102 3 11 30 13 26 24 26 2 19 154 29 71 3 6 92 12 166 16 132 2 25 55 26 123 2 10 7 14 14 3 10 181 18 191 29 48 2 8 68 20 58 2 10 18 14 18 3 15 71 22 257 30 42 3 17 76 18 97 23 110 2 14 93 22 219 2 25 16 28 34
36 3 1 31 8 21 11 26 2 2 1 26 1 2 7 92 23 52 3 1 18 8 30 11 15 2 16 41 27 72 3 3 5 27 9 30 10 3 4 118 13 282 20 178 3 5 114 13 85 14 207 2 7 29 23 73 3 16 180 20 90 24 98 3 5 10 24 10 30 5 3 2 71 6 12 30 51 3 3 7 7 7 21 11 3 4 209 13 221 20 46 3 7 21 14 26 26 19 2 8 27 13 30 2 9 130 26 107 3 5 74 13 47 14 102 2 25 3 26 2 3 5 7 24 5 30 2 4 1 88 7 234 17 78 19 160 2 29 43 30 108 2 10 245 29 226 3 6 278 22 305 24 102 3 11 30 13 26 24 26 2 19 154 29 71 3 6 92 12 166 16 132 2 25 55 26 123 2 10 7 14 14 3 10 181 18 191 29 48 2 8 68 20 58 2 10 18 14 18 3 15 71 22 257 30 42 3 17 76 18 97 23 110 2 14 93 22 219 2 25 16 28 34
36 3 1 31 8 21 11 26 2 2 1 26 1 2 7 92 23 52 3 1 18 8 30 11 15 2 16 41 27 72 3 3 5 27 9 30 10 3 4 118 13 282 20 178 3 5 114 13 85 14 207 2 7 29 23 73 3 16 180 20 90 24 98 3 5 10 24 10 30 5 3 2 71 6 12 30 51 3 3 7 7 7 21 11 3 4 209 13 221 20 46 3 7 21 14 26 26 19 2 8 27 13 30 2 9 130 26 107 3 5 74 13 47 14 102 2 25 3 26 2 3 5 7 24 5 30 2 4 1 88 7 234 17 78 19 160 2 29 43 30 108 2 10 245 29 226 3 6 278 22 305 24 102 3 11 30 13 26 24 26 2 19 154 29 71 3 6 92 12 166 16 132 2 25 55 26 123 2 10 7 14 14 3 10 181 18 191 29 48 2 8 68 20 58 2 10 18 14 18 3 15 71 22 257 30 42 3 17 76 18 97 23 110 2 14 93 22 219 2 25 16 28 34
36 3 1 31 8 21 11 26 2 2 1 26 1 2 7 92 23 52 3 1 18 8 30 11 15 2 16 41 27 72 3 3 5 27 9 30 10 3 4 118 13 282 20 178 3 5 114 13 85 14 207 2 7 29 23 73 3 16 180 20 90 24 98 3 5 10 24 10 30 5 3 2 71 6 12 30 51 3 3 7 7 7 21 11 3 4 209 13 221 20 46 3 7 21 14 26 26 19 2 8 27 13 30 2 9 130 26 107 3 5 74 13 47 14 102 2 25 3 26 2 3 5 7 24 5 30 2 4 1 88 7 234 17 78 19 160 2 29 43 30 108 2 10 245 29 226 3 6 278 22 305 24 102 3 11 30 13 26 24 26 2 19 154 29 71 3 6 92 12 166 16 132 2 25 55 26 123 2 10 7 14 14 3 10 181 18 191 29 48 2 8 68 20 58 2 10 18 14 18 3 15 71 22 257 30 42 3 17 76 18 97 23 110 2 14 93 22 219 2 25 16 28 34
33 3 1 51 8 26 11 26 3 16 144 20 182 24 211 2 2 1 26 1 3 3 2 27 7 30 5 3 4 260 13 65 20 268 3 11 26 13 10 24 26 3 6 175 22 167 24 117 3 5 111 13 156 14 121 3 11 12 13 11 24 21 2 8 124 20 20 3 5 4 24 3 30 2 3 2 52 6 62 30 18 3 7 11 14 21 26 16 2 7 43 23 67 2 8 19 13 45 2 9 154 26 102 2 10 270 29 238 3 10 218 18 231 29 94 2 25 9 28 32 3 6 73 12 154 16 59 2 25 3 26 8 4 1 209 7 144 17 134 19 137 2 10 7 14 6 3 3 1 27 2 30 10 3 15 94 22 244 30 80 3 17 108 18 62 23 134 2 19 274 29 307 3 1 60 8 12 11 91 3 3 5 7 10 21 11 2 14 214 22 147 2 25 106 26 76 2 16 141 27 164 2 29 152 30 76
33 3 1 51 8 26 11 26 3 16 144 20 182 24 211 2 2 1 26 1 3 3 2 27 7 30 5 3 4 260 13 65 20 268 3 11 26 13 10 24 26 3 6 175 22 167 24 117 3 5 111 13 156 14 121 3 11 12 13 11 24 21 2 8 124 20 20 3 5 4 24 3 30 2 3 2 52 6 62 30 18 3 7 11 14 21 26 16 2 7 43 23 67 2 8 19 13 45 2 9 154 26 102 2 10 270 29 238 3 10 218 18 231 29 94 2 25 9 28 32 3 6 73 12 154 16 59 2 25 3 26 8 4 1 209 7 144 17 134 19 137 2 10 7 14 6 3 3 1 27 2 30 10 3 15 94 22 244 30 80 3 17 108 18 62 23 134 2 19 274 29 307 3 1 60 8 12 11 91 3 3 5 7 10 21 11 2 14 214 22 147 2 25 106 26 76 2 16 141 27 164 2 29 152 30 76
34 3 1 87 8 16 11 89 2 29 149 30 23 2 9 70 26 39 2 2 1 26 1 3 3 8 27 8 30 8 2 29 100 30 64 3 4 191 13 210 20 151 2 29 101 30 149 3 5 5 24 8 30 10 3 2 17 6 9 30 31 3 7 21 14 17 26 6 2 8 6 13 43 2 25 5 26 5 3 3 3 27 6 30 2 3 17 135 18 144 23 63 2 16 115 27 129 2 10 4 14 8 2 10 221 29 315 2 16 138 27 161 3 11 7 13 5 24 5 3 6 159 12 101 16 48 3 5 55 13 68 14 75 3 15 93 22 77 30 152 3 16 34 20 98 24 185 2 25 73 26 65 4 1 59 7 102 17 39 19 112 2 19 80 29 300 2 8 80 20 104 2 25 41 28 38 3 3 1 7 8 21 9 2 14 178 22 307 3 6 295 22 169 24 292 2 7 26 23 58 3 10 227 18 120 29 61
35 3 1 97 8 73 11 93 2 2 1 26 1 3 3 1 27 3 30 7 2 9 116 26 175 3 16 32 20 171 24 205 3 4 83 13 117 20 61 3 5 4 24 8 30 8 3 2 25 6 64 30 37 3 5 2 24 2 30 7 3 7 24 14 23 26 17 2 8 48 13 44 2 8 75 20 86 2 25 2 26 1 3 7 4 14 18 26 26 3 5 80 13 129 14 161 2 10 89 29 86 3 11 15 13 29 24 4 3 6 237 12 207 16 63 3 1 71 8 12 11 94 2 10 12 14 18 3 15 131 22 226 30 37 2 16 118 27 103 4 1 37 7 77 17 108 19 201 2 25 22 26 106 3 10 221 18 152 29 189 3 3 12 7 2 21 9 3 17 95 18 110 23 19 2 9 87 26 91 2 19 279 29 229 2 8 42 13 21 2 25 34 28 44 2 14 340 22 72 2 7 71 23 128 3 6 96 22 117 24 198 2 29 123 30 111
35 3 1 97 8 73 11 93 2 2 1 26 1 3 3 1 27 3 30 7 2 9 116 26 175 3 16 32 20 171 24 205 3 4 83 13 117 20 61 3 5 4 24 8 30 8 3 2 25 6 64 30 37 3 5 2 24 2 30 7 3 7 24 14 23 26 17 2 8 48 13 44 2 8 75 20 86 2 25 2 26 1 3 7 4 14 18 26 26 3 5 80 13 129 14 161 2 10 89 29 86 3 11 15 13 29 24 4 3 6 237 12 207 16 63 3 1 71 8 12 11 94 2 10 12 14 18 3 15 131 22 226 30 37 2 16 118 27 103 4 1 37 7 77 17 108 19 201 2 25 22 26 106 3 10 221 18 152 29 189 3 3 12 7 2 21 9 3 17 95 18 110 23 19 2 9 87 26 91 2 19 279 29 229 2 8 42 13 21 2 25 34 28 44 2 14 340 22 72 2 7 71 23 128 3 6 96 22 117 24 198 2 29 123 30 111
34 3 1 91 8 46 11 39 3 17 110 18 126 23 101 3 15 32 22 90 30 161 2 2 1 26 1 3 3 8 27 9 30 9 3 4 286 13 178 20 145 2 16 77 27 153 3 5 8 24 6 30 7 2 2 1 26 1 3 11 9 13 28 24 23 4 1 105 7 154 17 74 19 173 3 2 27 6 26 30 54 2 8 78 20 82 3 4 179 13 260 20 134 3 3 11 7 9 21 2 3 7 24 14 8 26 25 2 8 28 13 15 2 9 34 26 180 2 10 79 29 185 3 6 197 12 62 16 255 2 25 5 26 2 3 5 32 13 109 14 148 3 3 8 27 6 30 9 2 10 4 14 12 2 25 54 26 85 3 16 89 20 117 24 156 2 19 255 29 197 3 10 158 18 116 29 214 2 14 242 22 69 3 5 92 13 151 14 99 2 7 79 23 148 3 6 176 22 100 24 286 2 25 28 28 27 2 29 48 30 65
34 3 1 14 8 102 11 80 2 29 109 30 80 2 9 64 26 25 2 2 1 26 1 3 3 8 27 5 30 3 2 29 61 30 116 3 4 203 13 232 20 57 2 29 107 30 60 3 5 7 24 9 30 1 3 2 59 6 40 30 59 3 7 17 14 24 26 23 2 8 40 13 47 2 25 2 26 5 3 3 2 27 9 30 3 3 17 25 18 127 23 146 2 16 157 27 82 2 10 12 14 16 2 10 331 29 139 2 16 53 27 71 3 11 15 13 27 24 17 3 6 194 12 33 16 87 3 5 91 13 121 14 126 3 15 51 22 85 30 176 3 16 217 20 105 24 208 2 25 26 26 17 4 1 249 7 114 17 53 19 163 2 19 47 29 255 2 8 22 20 95 2 25 34 28 34 3 3 11 7 8 21 6 2 14 84 22 98 3 6 223 22 108 24 254 2 7 105 23 133 3 10 206 18 236 29 265
35 2 14 108 22 154 3 1 55 8 57 11 103 2 2 1 26 1 3 3 4 27 7 30 5 3 3 9 7 8 21 8 3 4 195 13 233 20 131 3 5 4 24 5 30 9 3 2 13 6 66 30 61 3 5 4 24 1 30 8 4 1 223 7 185 17 187 19 223 3 7 9 14 20 26 14 2 8 43 13 28 3 17 87 18 112 23 45 3 2 16 6 33 30 17 2 9 85 26 53 2 10 202 29 106 3 11 20 13 21 24 12 3 6 130 12 203 16 237 3 5 81 13 166 14 211 3 11 5 13 25 24 12 2 10 9 14 19 3 15 42 22 199 30 159 2 8 49 13 11 2 25 7 26 1 3 6 141 22 57 24 128 3 10 266 18 171 29 201 2 29 33 30 34 3 16 37 20 49 24 230 3 10 93 18 115 29 168 2 19 254 29 47 2 8 118 20 103 2 7 27 23 93 2 16 111 27 27 2 25 75 26 77 2 25 27 28 24
36 3 1 25 8 58 11 51 2 2 1 26 1 2 7 64 23 75 3 1 22 8 45 11 83 2 16 115 27 99 3 3 7 27 6 30 6 3 4 238 13 95 20 244 3 5 116 13 100 14 111 2 7 75 23 91 3 16 148 20 162 24 49 3 5 3 24 6 30 2 3 2 10 6 19 30 9 3 3 7 7 1 21 6 3 4 123 13 95 20 101 3 7 15 14 15 26 16 2 8 44 13 13 2 9 73 26 148 3 5 75 13 81 14 167 2 25 2 26 7 3 5 4 24 10 30 6 4 1 164 7 161 17 92 19 109 2 29 127 30 71 2 10 208 29 249 3 6 189 22 298 24 236 3 11 6 13 20 24 26 2 19 178 29 175 3 6 59 12 88 16 229 2 25 66 26 84 2 10 14 14 9 3 10 154 18 230 29 267 2 8 52 20 118 2 10 4 14 7 3 15 207 22 167 30 184 3 17 103 18 29 23 103 2 14 42 22 160 2 25 5 28 40
37 2 25 8 26 6 3 1 70 8 66 11 22 2 2 1 26 1 3 3 6 27 7 30 5 2 25 34 28 18 3 1 22 8 88 11 30 3 4 209 13 139 20 288 3 5 10 24 5 30 5 3 2 53 6 37 30 64 3 6 155 22 134 24 69 2 16 158 27 24 3 6 36 12 196 16 62 2 8 19 13 45 3 7 9 14 4 26 10 2 9 121 26 42 3 4 43 13 161 20 220 2 10 238 29 76 3 2 53 6 62 30 56 3 11 15 13 30 24 4 2 10 81 29 120 3 5 181 13 106 14 215 2 10 13 14 19 3 17 98 18 76 23 69 3 15 251 22 177 30 48 3 16 219 20 110 24 137 2 8 32 20 21 2 25 1 26 6 2 19 111 29 168 4 1 236 7 220 17 179 19 36 2 25 2 26 7 3 3 1 7 2 21 3 2 14 327 22 256 3 15 141 22 225 30 156 2 7 26 23 110 3 10 204 18 61 29 252 2 25 37 26 42 2 29 52 30 27
34 3 1 46 8 20 11 12 3 17 97 18 56 23 142 3 15 161 22 101 30 99 2 2 1 26 1 3 3 5 27 3 30 10 3 4 241 13 53 20 46 2 16 125 27 133 3 5 6 24 6 30 10 2 2 1 26 1 3 11 25 13 18 24 21 4 1 71 7 48 17 239 19 166 3 2 13 6 32 30 27 2 8 46 20 57 3 4 171 13 107 20 58 3 3 7 7 6 21 12 3 7 9 14 16 26 4 2 8 39 13 37 2 9 77 26 66 2 10 69 29 51 3 6 179 12 115 16 269 2 25 6 26 7 3 5 73 13 79 14 118 3 3 3 27 6 30 6 2 10 6 14 19 2 25 126 26 16 3 16 151 20 146 24 51 2 19 189 29 198 3 10 38 18 70 29 43 2 14 138 22 205 3 5 26 13 129 14 103 2 7 135 23 24 3 6 77 22 309 24 111 2 25 39 28 6 2 29 113 30 34
37 3 1 71 8 96 11 28 3 6 262 22 268 24 65 2 2 1 26 1 3 1 68 8 80 11 78 3 3 7 27 7 30 6 3 4 217 13 37 20 291 3 5 3 24 7 30 9 3 2 40 6 11 30 23 2 16 78 27 58 3 7 15 14 10 26 18 3 1 13 8 30 11 72 2 8 8 13 30 3 3 7 7 7 21 1 2 8 36 20 37 2 9 108 26 140 2 10 328 29 140 3 11 25 13 29 24 8 3 6 115 12 101 16 61 3 7 8 14 21 26 6 3 5 81 13 88 14 211 2 10 6 14 16 2 29 76 30 117 3 15 82 22 49 30 164 3 16 222 20 166 24 96 3 3 12 7 9 21 8 3 10 217 18 227 29 37 2 10 10 14 16 4 1 59 7 138 17 175 19 78 3 15 64 22 154 30 36 3 17 83 18 131 23 81 2 14 99 22 233 2 19 211 29 108 2 2 1 26 1 2 7 125 23 25 2 25 40 28 41 2 25 8 26 5 2 25 113 26 32
37 2 25 3 26 1 3 1 16 8 14 11 83 2 2 1 26 1 3 3 1 27 6 30 3 2 25 14 28 11 3 1 37 8 83 11 31 3 4 136 13 124 20 241 3 5 7 24 1 30 6 3 2 13 6 34 30 22 3 6 135 22 248 24 209 2 16 153 27 123 3 6 267 12 263 16 118 2 8 35 13 22 3 7 16 14 23 26 20 2 9 112 26 142 3 4 95 13 226 20 49 2 10 232 29 267 3 2 18 6 66 30 57 3 11 20 13 21 24 5 2 10 136 29 141 3 5 135 13 69 14 151 2 10 18 14 17 3 17 114 18 84 23 19 3 15 141 22 139 30 62 3 16 98 20 178 24 190 2 8 97 20 69 2 25 5 26 4 2 19 115 29 148 4 1 254 7 163 17 108 19 52 2 25 8 26 7 3 3 12 7 2 21 5 2 14 284 22 244 3 15 210 22 210 30 30 2 7 109 23 130 3 10 262 18 99 29 124 2 25 92 26 68 2 29 58 30 60
37 2 25 3 26 1 3 1 16 8 14 11 83 2 2 1 26 1 3 3 1 27 6 30 3 2 25 14 28 11 3 1 37 8 83 11 31 3 4 136 13 124 20 241 3 5 7 24 1 30 6 3 2 13 6 34 30 22 3 6 135 22 248 24 209 2 16 153 27 123 3 6 267 12 263 16 118 2 8 35 13 22 3 7 16 14 23 26 20 2 9 112 26 142 3 4 95 13 226 20 49 2 10 232 29 267 3 2 18 6 66 30 57 3 11 20 13 21 24 5 2 10 136 29 141 3 5 135 13 69 14 151 2 10 18 14 17 3 17 114 18 84 23 19 3 15 141 22 139 30 62 3 16 98 20 178 24 190 2 8 97 20 69 2 25 5 26 4 2 19 115 29 148 4 1 254 7 163 17 108 19 52 2 25 8 26 7 3 3 12 7 2 21 5 2 14 284 22 244 3 15 210 22 210 30 30 2 7 109 23 130 3 10 262 18 99 29 124 2 25 92 26 68 2 29 58 30 60
36 2 8 130 20 21 3 1 60 8 102 11 15 3 6 245 12 158 16 192 2 2 1 26 1 2 29 80 30 118 2 10 75 29 281 3 11 16 13 23 24 18 3 6 105 12 183 16 113 3 3 4 27 6 30 6 3 5 8 24 9 30 4 3 7 13 14 20 26 26 2 29 103 30 82 3 4 140 13 260 20 60 2 8 46 13 26 3 2 56 6 37 30 20 2 9 102 26 123 3 5 175 13 84 14 132 2 10 3 14 14 3 16 128 20 142 24 220 3 11 9 13 9 24 16 3 15 194 22 132 30 109 3 17 35 18 65 23 72 4 1 219 7 217 17 224 19 98 3 17 55 18 36 23 143 2 19 264 29 335 3 3 12 7 1 21 7 2 16 144 27 158 2 14 53 22 345 3 4 191 13 230 20 287 2 25 5 26 2 2 7 133 23 110 3 6 297 22 233 24 169 2 25 29 28 38 2 25 39 26 64 2 10 7 14 5 3 10 215 18 196 29 91
36 2 8 130 20 21 3 1 60 8 102 11 15 3 6 245 12 158 16 192 2 2 1 26 1 2 29 80 30 118 2 10 75 29 281 3 11 16 13 23 24 18 3 6 105 12 183 16 113 3 3 4 27 6 30 6 3 5 8 24 9 30 4 3 7 13 14 20 26 26 2 29 103 30 82 3 4 140 13 260 20 60 2 8 46 13 26 3 2 56 6 37 30 20 2 9 102 26 123 3 5 175 13 84 14 132 2 10 3 14 14 3 16 128 20 142 24 220 3 11 9 13 9 24 16 3 15 194 22 132 30 109 3 17 35 18 65 23 72 4 1 219 7 217 17 224 19 98 3 17 55 18 36 23 143 2 19 264 29 335 3 3 12 7 1 21 7 2 16 144 27 158 2 14 53 22 345 3 4 191 13 230 20 287 2 25 5 26 2 2 7 133 23 110 3 6 297 22 233 24 169 2 25 29 28 38 2 25 39 26 64 2 10 7 14 5 3 10 215 18 196 29 91
33 3 6 87 22 313 24 288 3 1 89 8 74 11 95 2 2 1 26 1 3 3 8 27 3 30 3 3 16 187 20 171 24 98 3 10 82 18 57 29 112 3 17 62 18 100 23 127 3 3 2 27 9 30 1 3 5 84 13 121 14 157 3 4 289 13 229 20 184 2 9 49 26 81 3 5 9 24 7 30 9 3 2 14 6 51 30 27 3 4 288 13 181 20 234 3 7 7 14 8 26 15 2 8 31 13 10 2 10 266 29 196 4 1 64 7 130 17 63 19 64 3 15 143 22 51 30 185 2 7 20 23 23 3 11 27 13 10 24 29 3 6 156 12 79 16 215 2 25 23 28 16 2 10 8 14 17 2 19 39 29 95 2 8 31 20 43 2 25 92 26 124 2 25 7 26 7 2 16 39 27 118 2 14 236 22 210 3 1 103 8 87 11 13 2 29 51 30 90 3 3 3 7 3 21 2
33 3 6 87 22 313 24 288 3 1 89 8 74 11 95 2 2 1 26 1 3 3 8 27 3 30 3 3 16 187 20 171 24 98 3 10 82 18 57 29 112 3 17 62 18 100 23 127 3 3 2 27 9 30 1 3 5 84 13 121 14 157 3 4 289 13 229 20 184 2 9 49 26 81 3 5 9 24 7 30 9 3 2 14 6 51 30 27 3 4 288 13 181 20 234 3 7 7 14 8 26 15 2 8 31 13 10 2 10 266 29 196 4 1 64 7 130 17 63 19 64 3 15 143 22 51 30 185 2 7 20 23 23 3 11 27 13 10 24 29 3 6 156 12 79 16 215 2 25 23 28 16 2 10 8 14 17 2 19 39 29 95 2 8 31 20 43 2 25 92 26 124 2 25 7 26 7 2 16 39 27 118 2 14 236 22 210 3 1 103 8 87 11 13 2 29 51 30 90 3 3 3 7 3 21 2
37 3 1 47 8 32 11 45 2 29 146 30 137 2 2 1 26 1 3 1 65 8 64 11 31 2 8 77 20 25 3 3 7 27 8 30 3 2 2 1 26 1 3 4 186 13 47 20 94 3 5 10 24 9 30 2 3 2 57 6 16 30 14 3 3 7 27 3 30 10 3 7 11 14 5 26 7 2 9 119 26 140 3 7 9 14 23 26 12 3 15 162 22 171 30 141 2 8 36 13 33 2 10 320 29 147 3 11 9 13 18 24 7 2 2 1 26 1 3 6 254 12 85 16 171 3 5 205 13 97 14 156 3 11 16 13 12 24 28 2 10 10 14 6 3 17 86 18 96 23 79 2 10 249 29 118 3 6 300 22 307 24 221 3 3 4 7 6 21 9 3 16 146 20 173 24 76 4 1 224 7 162 17 114 19 41 2 19 304 29 143 2 14 254 22 214 2 7 60 23 27 2 25 1 26 8 2 16 138 27 66 2 25 103 26 58 2 25 33 28 36 3 10 109 18 44 29 137
33 3 1 64 8 35 11 70 3 16 28 20 132 24 109 2 2 1 26 1 3 3 9 27 8 30 3 3 4 70 13 117 20 222 3 11 17 13 22 24 19 3 6 62 22 72 24 253 3 5 95 13 151 14 135 3 11 6 13 19 24 17 2 8 43 20 15 3 5 8 24 4 30 10 3 2 62 6 10 30 20 3 7 10 14 14 26 18 2 7 53 23 29 2 8 42 13 37 2 9 162 26 164 2 10 144 29 125 3 10 63 18 131 29 233 2 25 9 28 42 3 6 71 12 90 16 104 2 25 3 26 6 4 1 131 7 195 17 74 19 35 2 10 15 14 11 3 3 4 27 3 30 10 3 15 55 22 139 30 168 3 17 139 18 135 23 102 2 19 101 29 74 3 1 52 8 21 11 32 3 3 9 7 1 21 5 2 14 264 22 95 2 25 22 26 72 2 16 125 27 109 2 29 43 30 151
34 3 1 59 8 69 11 70 2 2 1 26 1 3 3 2 27 7 30 9 3 4 49 13 35 20 292 3 5 4 24 10 30 8 3 2 67 6 50 30 30 3 6 130 22 250 24 64 3 4 120 13 131 20 99 3 7 19 14 6 26 15 2 8 24 13 18 3 3 8 7 10 21 7 2 9 169 26 69 3 15 55 22 100 30 127 2 10 284 29 256 2 25 35 28 36 3 11 8 13 4 24 23 3 6 33 12 171 16 105 3 11 11 13 9 24 3 3 5 107 13 79 14 103 2 2 1 26 1 2 7 41 23 49 2 19 312 29 297 2 10 5 14 9 2 8 34 20 105 3 16 235 20 63 24 240 2 16 104 27 59 4 1 97 7 201 17 97 19 187 3 17 45 18 89 23 79 2 14 110 22 91 2 29 104 30 75 2 25 73 26 133 2 25 8 26 3 3 3 8 27 10 30 9 3 10 256 18 60 29 217
36 2 9 42 26 123 3 1 73 8 21 11 78 2 2 1 26 1 3 3 3 27 4 30 1 2 10 136 29 182 3 16 184 20 149 24 192 2 9 128 26 86 3 4 159 13 281 20 90 3 3 4 7 9 21 7 3 1 99 8 69 11 62 2 8 92 20 84 3 5 6 24 8 30 10 3 11 4 13 15 24 5 2 14 48 22 269 2 25 34 28 27 3 2 32 6 27 30 18 3 6 106 12 255 16 41 3 4 119 13 189 20 91 3 5 195 13 212 14 184 3 17 98 18 24 23 74 3 7 3 14 15 26 4 2 8 36 13 46 2 10 7 14 10 3 15 238 22 36 30 245 4 1 193 7 63 17 169 19 140 2 14 189 22 190 2 19 44 29 248 2 7 83 23 87 2 29 133 30 25 3 3 12 7 6 21 11 3 6 112 22 41 24 139 2 25 5 26 8 2 25 131 26 33 3 10 229 18 270 29 111 2 10 15 14 5 2 16 81 27 141
37 3 1 85 8 38 11 96 2 29 90 30 73 2 2 1 26 1 3 1 42 8 66 11 82 2 8 100 20 50 3 3 1 27 6 30 5 2 2 1 26 1 3 4 234 13 44 20 156 3 5 5 24 10 30 2 3 2 8 6 38 30 28 3 3 1 27 5 30 1 3 7 4 14 6 26 10 2 9 64 26 108 3 7 3 14 24 26 3 3 15 256 22 122 30 145 2 8 36 13 16 2 10 271 29 204 3 11 21 13 10 24 16 2 2 1 26 1 3 6 73 12 84 16 48 3 5 90 13 83 14 47 3 11 17 13 10 24 4 2 10 16 14 16 3 17 74 18 139 23 33 2 10 230 29 74 3 6 47 22 139 24 205 3 3 8 7 10 21 3 3 16 117 20 213 24 205 4 1 229 7 107 17 228 19 147 2 19 158 29 340 2 14 336 22 190 2 7 62 23 86 2 25 3 26 6 2 16 52 27 145 2 25 68 26 51 2 25 14 28 8 3 10 260 18 243 29 140
35 3 10 250 18 164 29 152 2 25 5 26 8 3 3 11 7 9 21 5 2 25 1 26 5 3 2 53 6 59 30 39 2 10 296 29 186 3 1 61 8 56 11 100 3 10 229 18 59 29 118 3 6 94 12 136 16 117 3 6 43 22 296 24 308 2 2 1 26 1 3 3 5 27 2 30 3 3 4 218 13 71 20 154 3 6 127 22 188 24 276 3 5 8 24 2 30 8 4 1 195 7 237 17 213 19 129 3 7 14 14 3 26 16 2 8 47 13 45 2 9 33 26 91 2 16 153 27 61 3 11 26 13 14 24 9 3 17 41 18 85 23 129 3 5 53 13 59 14 81 3 2 22 6 61 30 68 2 10 7 14 6 3 15 54 22 126 30 207 3 16 214 20 196 24 144 2 29 85 30 55 2 19 61 29 84 2 7 97 23 123 2 8 20 20 51 2 14 194 22 102 2 2 1 26 1 2 25 84 26 105 2 25 18 28 38
33 3 1 25 8 64 11 80 3 16 240 20 131 24 173 2 2 1 26 1 3 3 1 27 7 30 3 3 4 237 13 261 20 181 3 11 24 13 27 24 15 3 6 59 22 106 24 298 3 5 194 13 215 14 153 3 11 20 13 25 24 6 2 8 115 20 43 3 5 10 24 9 30 6 3 2 22 6 11 30 43 3 7 25 14 8 26 14 2 7 68 23 72 2 8 27 13 41 2 9 47 26 43 2 10 90 29 321 3 10 152 18 266 29 61 2 25 8 28 17 3 6 86 12 161 16 211 2 25 8 26 8 4 1 135 7 138 17 185 19 161 2 10 13 14 11 3 3 5 27 8 30 5 3 15 211 22 57 30 173 3 17 120 18 86 23 69 2 19 128 29 65 3 1 99 8 78 11 83 3 3 6 7 2 21 6 2 14 271 22 39 2 25 100 26 78 2 16 143 27 60 2 29 96 30 71
33 3 1 25 8 64 11 80 3 16 240 20 131 24 173 2 2 1 26 1 3 3 1 27 7 30 3 3 4 237 13 261 20 181 3 11 24 13 27 24 15 3 6 59 22 106 24 298 3 5 194 13 215 14 153 3 11 20 13 25 24 6 2 8 115 20 43 3 5 10 24 9 30 6 3 2 22 6 11 30 43 3 7 25 14 8 26 14 2 7 68 23 72 2 8 27 13 41 2 9 47 26 43 2 10 90 29 321 3 10 152 18 266 29 61 2 25 8 28 17 3 6 86 12 161 16 211 2 25 8 26 8 4 1 135 7 138 17 185 19 161 2 10 13 14 11 3 3 5 27 8 30 5 3 15 211 22 57 30 173 3 17 120 18 86 23 69 2 19 128 29 65 3 1 99 8 78 11 83 3 3 6 7 2 21 6 2 14 271 22 39 2 25 100 26 78 2 16 143 27 60 2 29 96 30 71
38 3 1 69 8 70 11 89 2 2 1 26 1 2 14 188 22 143 3 1 66 8 103 11 80 2 7 67 23 77 3 3 9 27 9 30 8 3 2 18 6 68 30 69 3 4 40 13 136 20 211 2 19 50 29 64 2 25 43 28 21 3 5 9 24 1 30 2 2 2 1 26 1 2 16 70 27 92 3 7 7 14 10 26 3 2 8 43 13 44 2 29 131 30 81 2 16 160 27 72 2 9 121 26 47 2 16 102 27 108 2 10 4 14 4 3 5 7 24 1 30 10 2 10 330 29 232 3 16 187 20 161 24 129 2 25 4 26 3 2 10 16 14 14 3 3 3 7 2 21 1 3 11 29 13 21 24 30 2 7 43 23 83 3 6 171 12 236 16 208 3 5 95 13 79 14 38 3 10 58 18 232 29 163 2 25 12 28 34 3 15 223 22 198 30 191 4 1 214 7 207 17 223 19 200 3 17 22 18 151 23 78 2 8 74 20 83 2 25 31 26 117 3 6 67 22 232 24 125
34 3 1 43 8 69 11 42 2 29 88 30 139 2 9 141 26 91 2 2 1 26 1 3 3 10 27 7 30 9 2 29 26 30 82 3 4 296 13 157 20 291 2 29 31 30 73 3 5 3 24 9 30 10 3 2 58 6 30 30 22 3 7 19 14 12 26 22 2 8 12 13 7 2 25 2 26 2 3 3 7 27 6 30 8 3 17 152 18 139 23 77 2 16 160 27 139 2 10 19 14 19 2 10 276 29 103 2 16 30 27 29 3 11 5 13 11 24 14 3 6 86 12 108 16 196 3 5 67 13 85 14 153 3 15 88 22 172 30 134 3 16 79 20 99 24 130 2 25 76 26 110 4 1 119 7 91 17 175 19 181 2 19 288 29 141 2 8 23 20 129 2 25 7 28 11 3 3 5 7 3 21 10 2 14 341 22 80 3 6 40 22 194 24 94 2 7 21 23 74 3 10 255 18 132 29 135
DUE_DATES: 5888 5888 6863 6863 6863 6525 6525 6525 6478 7229 7229 6120 6120 6120 5770 5770 5770 6490 6069 6069 6069 6069 6316 6316 6172 6021 6021 6146 5982 5745 6411 6484 5072 5835 7069 7069 7561 7561 5811 5811 6499 4813 5776 6623 6236 6245 5786 5786 6500 5998
WEIGHTS: 1 1 1 1 2 2 2 3 3 3 1 1 2 1 3 2 1 1 3 2 3 1 2 2 3 3 1 3 1 2 3 2 3 3 1 1 3 3 1 1 2 1 3 2 3 2 1 1 3 1
