50 30
33 2 13 100 19 37 2 9 12 24 2 3 1 97 3 68 14 117 2 2 36 19 108 2 3 55 29 11 3 4 52 19 165 20 172 3 13 24 14 84 20 109 3 9 155 11 137 30 101 3 3 29 5 34 28 10 3 1 166 3 140 14 90 2 7 140 25 57 3 2 15 14 51 26 57 2 26 53 27 85 2 6 46 27 56 2 8 91 24 134 2 9 106 25 267 3 4 22 6 18 10 40 3 3 35 5 45 28 57 3 9 140 12 189 25 203 2 4 73 17 265 2 15 84 30 40 3 9 122 11 58 30 123 2 1 11 16 11 2 15 6 18 5 3 7 52 20 202 23 165 3 7 40 15 35 21 8 4 10 1 20 3 22 1 24 2 2 27 107 28 221 3 1 53 14 25 29 47 2 4 134 30 277 3 20 35 24 158 26 48 2 11 135 23 119 2 10 99 25 154
33 2 13 100 19 37 2 9 12 24 2 3 1 97 3 68 14 117 2 2 36 19 108 2 3 55 29 11 3 4 52 19 165 20 172 3 13 24 14 84 20 109 3 9 155 11 137 30 101 3 3 29 5 34 28 10 3 1 166 3 140 14 90 2 7 140 25 57 3 2 15 14 51 26 57 2 26 53 27 85 2 6 46 27 56 2 8 91 24 134 2 9 106 25 267 3 4 22 6 18 10 40 3 3 35 5 45 28 57 3 9 140 12 189 25 203 2 4 73 17 265 2 15 84 30 40 3 9 122 11 58 30 123 2 1 11 16 11 2 15 6 18 5 3 7 52 20 202 23 165 3 7 40 15 35 21 8 4 10 1 20 3 22 1 24 2 2 27 107 28 221 3 1 53 14 25 29 47 2 4 134 30 277 3 20 35 24 158 26 48 2 11 135 23 119 2 10 99 25 154
34 3 1 118 3 80 14 220 2 2 45 19 253 4 10 1 20 1 22 1 24 3 2 3 44 29 57 2 8 119 24 44 3 4 83 19 133 20 148 3 1 71 14 68 29 32 2 15 4 18 11 3 9 155 12 86 25 71 3 13 104 14 133 20 52 2 10 171 25 166 2 9 197 25 173 2 9 1 24 7 3 3 59 5 53 28 11 2 6 54 27 85 2 7 131 25 227 3 3 31 5 39 28 45 3 4 48 6 36 10 56 2 10 110 25 141 2 15 76 30 31 2 15 7 18 7 3 7 67 15 56 21 26 3 9 138 11 164 30 104 3 7 8 15 24 21 40 2 26 214 27 194 3 7 221 20 306 23 163 2 27 306 28 63 2 1 12 16 4 2 4 179 30 96 3 2 28 14 39 26 54 2 4 281 17 68 2 13 50 19 116 2 11 128 23 127 3 20 123 24 87 26 121
32 3 1 47 3 39 14 55 2 4 144 30 142 2 2 72 19 36 3 1 86 3 136 14 136 3 7 34 15 35 21 23 2 3 13 29 52 3 9 156 12 274 25 289 3 4 52 19 105 20 76 3 3 40 5 40 28 48 2 15 11 18 2 2 6 14 27 109 2 9 192 25 215 3 1 19 14 18 29 38 2 7 305 25 103 2 8 217 24 175 3 20 120 24 88 26 68 3 9 140 11 164 30 90 3 4 37 6 24 10 29 3 13 91 14 67 20 29 3 2 48 14 61 26 54 2 15 86 30 59 2 9 8 24 11 3 4 80 6 47 10 15 2 1 4 16 15 4 10 3 20 3 22 3 24 1 2 4 234 17 81 2 26 148 27 58 2 13 74 19 25 3 7 119 20 251 23 296 2 10 186 25 28 2 11 223 23 178 2 27 267 28 42
32 3 1 47 3 39 14 55 2 4 144 30 142 2 2 72 19 36 3 1 86 3 136 14 136 3 7 34 15 35 21 23 2 3 13 29 52 3 9 156 12 274 25 289 3 4 52 19 105 20 76 3 3 40 5 40 28 48 2 15 11 18 2 2 6 14 27 109 2 9 192 25 215 3 1 19 14 18 29 38 2 7 305 25 103 2 8 217 24 175 3 20 120 24 88 26 68 3 9 140 11 164 30 90 3 4 37 6 24 10 29 3 13 91 14 67 20 29 3 2 48 14 61 26 54 2 15 86 30 59 2 9 8 24 11 3 4 80 6 47 10 15 2 1 4 16 15 4 10 3 20 3 22 3 24 1 2 4 234 17 81 2 26 148 27 58 2 13 74 19 25 3 7 119 20 251 23 296 2 10 186 25 28 2 11 223 23 178 2 27 267 28 42
42 2 8 144 24 69 2 9 200 25 88 3 1 197 3 49 14 142 2 9 135 25 132 3 13 47 14 60 20 111 2 2 204 19 142 2 9 38 25 246 2 3 31 29 44 3 4 167 19 61 20 50 2 8 224 24 154 3 3 22 5 21 28 11 2 6 49 27 109 2 7 82 25 297 3 4 29 6 40 10 54 2 6 111 27 97 3 9 84 11 90 30 58 2 8 50 24 169 3 9 304 12 287 25 209 3 2 37 14 49 26 16 2 9 10 24 7 3 9 130 11 126 30 76 2 15 8 18 2 3 2 14 14 64 26 38 3 7 43 15 59 21 30 3 2 60 14 67 26 29 2 15 50 30 114 2 1 16 16 4 2 10 191 25 108 3 9 98 11 156 30 124 3 1 39 14 15 29 39 2 4 268 17 179 2 11 196 23 208 3 9 44 11 72 30 161 4 10 2 20 3 22 2 24 1 2 10 99 25 50 2 13 40 19 109 3 7 46 20 249 23 107 3 20 118 24 48 26 111 2 26 102 27 182 2 27 287 28 201 4 10 1 20 1 22 1 24 3 2 4 102 30 94
42 2 8 144 24 69 2 9 200 25 88 3 1 197 3 49 14 142 2 9 135 25 132 3 13 47 14 60 20 111 2 2 204 19 142 2 9 38 25 246 2 3 31 29 44 3 4 167 19 61 20 50 2 8 224 24 154 3 3 22 5 21 28 11 2 6 49 27 109 2 7 82 25 297 3 4 29 6 40 10 54 2 6 111 27 97 3 9 84 11 90 30 58 2 8 50 24 169 3 9 304 12 287 25 209 3 2 37 14 49 26 16 2 9 10 24 7 3 9 130 11 126 30 76 2 15 8 18 2 3 2 14 14 64 26 38 3 7 43 15 59 21 30 3 2 60 14 67 26 29 2 15 50 30 114 2 1 16 16 4 2 10 191 25 108 3 9 98 11 156 30 124 3 1 39 14 15 29 39 2 4 268 17 179 2 11 196 23 208 3 9 44 11 72 30 161 4 10 2 20 3 22 2 24 1 2 10 99 25 50 2 13 40 19 109 3 7 46 20 249 23 107 3 20 118 24 48 26 111 2 26 102 27 182 2 27 287 28 201 4 10 1 20 1 22 1 24 3 2 4 102 30 94
33 3 1 215 3 140 14 128 3 13 110 14 74 20 109 3 1 140 3 189 14 197 3 4 91 19 57 20 74 3 7 44 20 138 23 106 2 2 160 19 87 3 9 319 12 316 25 222 2 3 25 29 30 3 3 24 5 58 28 36 2 6 43 27 51 2 10 205 25 125 2 15 93 30 47 2 7 292 25 225 2 8 61 24 85 2 27 230 28 115 2 9 261 25 235 3 4 72 6 33 10 47 3 7 274 20 306 23 141 3 20 26 24 176 26 171 3 1 59 14 35 29 49 3 9 112 11 23 30 79 3 2 49 14 40 26 47 2 1 2 16 5 2 4 200 17 127 2 15 1 18 4 2 11 33 23 204 3 1 70 14 66 29 21 2 26 199 27 198 4 10 1 20 2 22 1 24 2 2 13 36 19 55 3 7 43 15 47 21 48 2 9 3 24 4 2 4 228 30 81
40 2 27 228 28 46 4 10 2 20 2 22 2 24 1 3 1 128 3 44 14 193 2 2 166 19 205 3 3 40 5 56 28 33 2 3 50 29 42 4 10 1 20 1 22 2 24 1 3 4 126 19 150 20 91 2 2 160 19 133 2 6 111 27 74 3 20 92 24 109 26 144 3 4 110 19 54 20 83 3 4 24 6 74 10 84 2 7 82 25 262 2 8 183 24 131 2 9 112 25 273 3 1 63 14 44 29 35 3 20 99 24 64 26 68 2 11 33 23 176 3 9 93 11 137 30 97 3 13 76 14 39 20 75 2 9 193 25 291 3 9 194 12 272 25 247 3 7 311 20 170 23 275 2 11 212 23 223 3 2 23 14 40 26 46 2 15 74 30 15 3 7 75 20 122 23 255 2 1 13 16 9 2 27 247 28 304 2 4 259 17 236 2 26 192 27 223 2 8 226 24 145 2 10 179 25 141 2 15 4 18 9 3 1 49 3 149 14 157 2 13 21 19 63 3 7 44 15 65 21 42 2 4 147 30 196 2 9 12 24 10
40 2 27 228 28 46 4 10 2 20 2 22 2 24 1 3 1 128 3 44 14 193 2 2 166 19 205 3 3 40 5 56 28 33 2 3 50 29 42 4 10 1 20 1 22 2 24 1 3 4 126 19 150 20 91 2 2 160 19 133 2 6 111 27 74 3 20 92 24 109 26 144 3 4 110 19 54 20 83 3 4 24 6 74 10 84 2 7 82 25 262 2 8 183 24 131 2 9 112 25 273 3 1 63 14 44 29 35 3 20 99 24 64 26 68 2 11 33 23 176 3 9 93 11 137 30 97 3 13 76 14 39 20 75 2 9 193 25 291 3 9 194 12 272 25 247 3 7 311 20 170 23 275 2 11 212 23 223 3 2 23 14 40 26 46 2 15 74 30 15 3 7 75 20 122 23 255 2 1 13 16 9 2 27 247 28 304 2 4 259 17 236 2 26 192 27 223 2 8 226 24 145 2 10 179 25 141 2 15 4 18 9 3 1 49 3 149 14 157 2 13 21 19 63 3 7 44 15 65 21 42 2 4 147 30 196 2 9 12 24 10
34 3 1 29 3 44 14 88 2 2 230 19 56 4 10 2 20 1 22 2 24 1 2 3 8 29 35 2 8 55 24 176 3 4 119 19 95 20 145 3 1 43 14 19 29 28 2 15 7 18 3 3 9 312 12 66 25 182 3 13 123 14 36 20 70 2 10 25 25 55 2 9 205 25 75 2 9 12 24 5 3 3 49 5 59 28 39 2 6 86 27 80 2 7 63 25 293 3 3 41 5 57 28 42 3 4 18 6 74 10 51 2 10 25 25 151 2 15 51 30 39 2 15 11 18 9 3 7 57 15 28 21 35 3 9 132 11 128 30 95 3 7 23 15 12 21 68 2 26 143 27 142 3 7 95 20 153 23 55 2 27 146 28 291 2 1 4 16 5 2 4 236 30 238 3 2 34 14 54 26 67 2 4 290 17 92 2 13 65 19 38 2 11 48 23 194 3 20 101 24 71 26 134
35 3 1 38 14 73 29 63 3 1 123 3 47 14 51 2 2 205 19 70 2 3 15 29 26 3 4 58 19 111 20 164 2 15 5 18 7 3 3 11 5 42 28 27 2 6 59 27 96 2 7 97 25 249 2 8 158 24 209 2 9 219 25 59 3 4 64 6 73 10 14 2 4 83 17 102 3 9 31 11 151 30 146 2 9 8 24 11 3 9 188 12 234 25 326 2 10 90 25 139 3 1 63 3 85 14 204 3 13 77 14 129 20 135 3 2 19 14 14 26 19 2 15 97 30 72 2 1 6 16 10 4 10 3 20 1 22 1 24 3 2 13 113 19 130 2 6 84 27 105 2 11 202 23 223 3 20 38 24 41 26 61 2 6 58 27 72 3 7 246 20 51 23 290 3 7 59 15 11 21 70 2 26 43 27 229 3 1 19 14 70 29 54 2 27 315 28 150 3 1 186 3 69 14 133 2 4 115 30 58
35 3 1 38 14 73 29 63 3 1 123 3 47 14 51 2 2 205 19 70 2 3 15 29 26 3 4 58 19 111 20 164 2 15 5 18 7 3 3 11 5 42 28 27 2 6 59 27 96 2 7 97 25 249 2 8 158 24 209 2 9 219 25 59 3 4 64 6 73 10 14 2 4 83 17 102 3 9 31 11 151 30 146 2 9 8 24 11 3 9 188 12 234 25 326 2 10 90 25 139 3 1 63 3 85 14 204 3 13 77 14 129 20 135 3 2 19 14 14 26 19 2 15 97 30 72 2 1 6 16 10 4 10 3 20 1 22 1 24 3 2 13 113 19 130 2 6 84 27 105 2 11 202 23 223 3 20 38 24 41 26 61 2 6 58 27 72 3 7 246 20 51 23 290 3 7 59 15 11 21 70 2 26 43 27 229 3 1 19 14 70 29 54 2 27 315 28 150 3 1 186 3 69 14 133 2 4 115 30 58
34 3 9 311 12 77 25 89 3 1 103 3 110 14 214 2 2 93 19 160 2 3 31 29 43 3 9 195 12 298 25 283 3 4 23 19 152 20 55 3 9 99 12 242 25 314 3 3 57 5 54 28 28 3 7 63 15 44 21 69 2 6 42 27 40 2 7 154 25 87 2 8 36 24 132 2 9 296 25 282 2 4 240 30 227 2 3 22 29 21 2 15 11 18 1 3 4 36 6 75 10 41 3 9 40 11 116 30 93 2 26 119 27 231 3 13 27 14 48 20 93 3 2 66 14 22 26 40 4 10 3 20 1 22 1 24 1 3 1 19 14 27 29 32 2 9 11 24 3 2 15 24 30 67 2 1 1 16 3 2 4 298 17 187 2 13 88 19 54 3 7 309 20 173 23 223 3 1 75 14 53 29 60 2 11 173 23 98 2 10 111 25 41 2 27 270 28 44 3 20 71 24 87 26 161
34 3 9 311 12 77 25 89 3 1 103 3 110 14 214 2 2 93 19 160 2 3 31 29 43 3 9 195 12 298 25 283 3 4 23 19 152 20 55 3 9 99 12 242 25 314 3 3 57 5 54 28 28 3 7 63 15 44 21 69 2 6 42 27 40 2 7 154 25 87 2 8 36 24 132 2 9 296 25 282 2 4 240 30 227 2 3 22 29 21 2 15 11 18 1 3 4 36 6 75 10 41 3 9 40 11 116 30 93 2 26 119 27 231 3 13 27 14 48 20 93 3 2 66 14 22 26 40 4 10 3 20 1 22 1 24 1 3 1 19 14 27 29 32 2 9 11 24 3 2 15 24 30 67 2 1 1 16 3 2 4 298 17 187 2 13 88 19 54 3 7 309 20 173 23 223 3 1 75 14 53 29 60 2 11 173 23 98 2 10 111 25 41 2 27 270 28 44 3 20 71 24 87 26 161
34 3 9 311 12 77 25 89 3 1 103 3 110 14 214 2 2 93 19 160 2 3 31 29 43 3 9 195 12 298 25 283 3 4 23 19 152 20 55 3 9 99 12 242 25 314 3 3 57 5 54 28 28 3 7 63 15 44 21 69 2 6 42 27 40 2 7 154 25 87 2 8 36 24 132 2 9 296 25 282 2 4 240 30 227 2 3 22 29 21 2 15 11 18 1 3 4 36 6 75 10 41 3 9 40 11 116 30 93 2 26 119 27 231 3 13 27 14 48 20 93 3 2 66 14 22 26 40 4 10 3 20 1 22 1 24 1 3 1 19 14 27 29 32 2 9 11 24 3 2 15 24 30 67 2 1 1 16 3 2 4 298 17 187 2 13 88 19 54 3 7 309 20 173 23 223 3 1 75 14 53 29 60 2 11 173 23 98 2 10 111 25 41 2 27 270 28 44 3 20 71 24 87 26 161
35 3 1 133 3 28 14 224 2 2 35 19 113 2 6 83 27 111 2 2 173 19 162 2 3 13 29 44 2 11 54 23 69 3 4 64 19 42 20 111 2 1 7 16 3 2 11 46 23 184 3 3 57 5 47 28 37 2 9 252 25 77 2 7 91 25 244 2 8 66 24 169 3 4 67 6 85 10 51 3 9 113 11 108 30 41 3 9 232 12 94 25 315 3 13 57 14 87 20 91 3 2 73 14 39 26 40 2 15 75 30 22 3 20 62 24 34 26 89 2 8 113 24 125 2 4 104 17 110 2 26 209 27 100 2 15 3 18 8 2 7 77 25 279 2 13 89 19 166 3 7 64 20 292 23 96 3 7 57 15 9 21 20 3 1 61 14 55 29 54 4 10 1 20 2 22 1 24 1 2 9 2 24 2 2 10 81 25 141 2 27 35 28 213 2 13 72 19 128 2 4 243 30 117
35 3 1 133 3 28 14 224 2 2 35 19 113 2 6 83 27 111 2 2 173 19 162 2 3 13 29 44 2 11 54 23 69 3 4 64 19 42 20 111 2 1 7 16 3 2 11 46 23 184 3 3 57 5 47 28 37 2 9 252 25 77 2 7 91 25 244 2 8 66 24 169 3 4 67 6 85 10 51 3 9 113 11 108 30 41 3 9 232 12 94 25 315 3 13 57 14 87 20 91 3 2 73 14 39 26 40 2 15 75 30 22 3 20 62 24 34 26 89 2 8 113 24 125 2 4 104 17 110 2 26 209 27 100 2 15 3 18 8 2 7 77 25 279 2 13 89 19 166 3 7 64 20 292 23 96 3 7 57 15 9 21 20 3 1 61 14 55 29 54 4 10 1 20 2 22 1 24 1 2 9 2 24 2 2 10 81 25 141 2 27 35 28 213 2 13 72 19 128 2 4 243 30 117
35 3 1 133 3 28 14 224 2 2 35 19 113 2 6 83 27 111 2 2 173 19 162 2 3 13 29 44 2 11 54 23 69 3 4 64 19 42 20 111 2 1 7 16 3 2 11 46 23 184 3 3 57 5 47 28 37 2 9 252 25 77 2 7 91 25 244 2 8 66 24 169 3 4 67 6 85 10 51 3 9 113 11 108 30 41 3 9 232 12 94 25 315 3 13 57 14 87 20 91 3 2 73 14 39 26 40 2 15 75 30 22 3 20 62 24 34 26 89 2 8 113 24 125 2 4 104 17 110 2 26 209 27 100 2 15 3 18 8 2 7 77 25 279 2 13 89 19 166 3 7 64 20 292 23 96 3 7 57 15 9 21 20 3 1 61 14 55 29 54 4 10 1 20 2 22 1 24 1 2 9 2 24 2 2 10 81 25 141 2 27 35 28 213 2 13 72 19 128 2 4 243 30 117
40 2 27 200 28 222 4 10 1 20 2 22 1 24 1 3 1 146 3 172 14 197 2 2 85 19 123 3 3 51 5 52 28 34 2 3 56 29 54 4 10 2 20 1 22 2 24 3 3 4 167 19 50 20 153 2 2 241 19 210 2 6 104 27 102 3 20 95 24 167 26 36 3 4 131 19 176 20 124 3 4 53 6 64 10 25 2 7 241 25 204 2 8 115 24 69 2 9 149 25 119 3 1 56 14 27 29 39 3 20 40 24 88 26 26 2 11 60 23 187 3 9 141 11 140 30 114 3 13 87 14 69 20 67 2 9 53 25 60 3 9 192 12 106 25 160 3 7 129 20 162 23 120 2 11 109 23 88 3 2 35 14 51 26 27 2 15 65 30 97 3 7 179 20 39 23 289 2 1 14 16 16 2 27 168 28 314 2 4 286 17 54 2 26 115 27 31 2 8 90 24 195 2 10 174 25 105 2 15 2 18 8 3 1 194 3 179 14 154 2 13 27 19 172 3 7 47 15 26 21 54 2 4 295 30 204 2 9 14 24 2
40 2 27 200 28 222 4 10 1 20 2 22 1 24 1 3 1 146 3 172 14 197 2 2 85 19 123 3 3 51 5 52 28 34 2 3 56 29 54 4 10 2 20 1 22 2 24 3 3 4 167 19 50 20 153 2 2 241 19 210 2 6 104 27 102 3 20 95 24 167 26 36 3 4 131 19 176 20 124 3 4 53 6 64 10 25 2 7 241 25 204 2 8 115 24 69 2 9 149 25 119 3 1 56 14 27 29 39 3 20 40 24 88 26 26 2 11 60 23 187 3 9 141 11 140 30 114 3 13 87 14 69 20 67 2 9 53 25 60 3 9 192 12 106 25 160 3 7 129 20 162 23 120 2 11 109 23 88 3 2 35 14 51 26 27 2 15 65 30 97 3 7 179 20 39 23 289 2 1 14 16 16 2 27 168 28 314 2 4 286 17 54 2 26 115 27 31 2 8 90 24 195 2 10 174 25 105 2 15 2 18 8 3 1 194 3 179 14 154 2 13 27 19 172 3 7 47 15 26 21 54 2 4 295 30 204 2 9 14 24 2
37 2 6 115 27 58 3 1 174 3 74 14 229 2 2 219 19 180 3 13 68 14 104 20 21 3 9 60 11 93 30 98 2 2 199 19 165 2 3 13 29 49 3 1 158 3 60 14 131 3 7 56 15 40 21 20 3 4 24 19 99 20 119 3 3 34 5 34 28 25 2 6 84 27 41 2 13 67 19 26 2 3 8 29 46 2 7 136 25 157 2 4 300 30 167 4 10 1 20 2 22 2 24 1 2 7 119 25 219 2 26 60 27 62 3 4 60 6 16 10 24 2 8 34 24 45 2 27 241 28 272 2 9 180 25 206 3 9 250 12 309 25 312 3 2 37 14 27 26 68 2 15 105 30 52 2 8 78 24 60 3 7 190 20 304 23 162 2 1 4 16 7 2 4 193 17 231 2 9 111 25 205 2 15 8 18 7 2 11 106 23 90 2 9 12 24 1 3 20 169 24 46 26 141 2 10 50 25 77 3 1 43 14 27 29 31
35 3 1 114 3 145 14 63 2 2 147 19 133 2 6 113 27 91 2 2 134 19 195 2 3 58 29 35 2 11 131 23 71 3 4 134 19 47 20 160 2 1 2 16 11 2 11 203 23 53 3 3 43 5 8 28 15 2 9 265 25 49 2 7 51 25 175 2 8 183 24 160 3 4 49 6 62 10 37 3 9 151 11 155 30 154 3 9 229 12 197 25 67 3 13 62 14 36 20 39 3 2 55 14 69 26 19 2 15 77 30 59 3 20 101 24 50 26 147 2 8 45 24 227 2 4 36 17 100 2 26 134 27 131 2 15 6 18 8 2 7 297 25 301 2 13 136 19 61 3 7 218 20 56 23 66 3 7 38 15 27 21 60 3 1 45 14 44 29 35 4 10 1 20 3 22 1 24 1 2 9 14 24 2 2 10 159 25 54 2 27 145 28 234 2 13 25 19 161 2 4 209 30 181
35 3 1 114 3 145 14 63 2 2 147 19 133 2 6 113 27 91 2 2 134 19 195 2 3 58 29 35 2 11 131 23 71 3 4 134 19 47 20 160 2 1 2 16 11 2 11 203 23 53 3 3 43 5 8 28 15 2 9 265 25 49 2 7 51 25 175 2 8 183 24 160 3 4 49 6 62 10 37 3 9 151 11 155 30 154 3 9 229 12 197 25 67 3 13 62 14 36 20 39 3 2 55 14 69 26 19 2 15 77 30 59 3 20 101 24 50 26 147 2 8 45 24 227 2 4 36 17 100 2 26 134 27 131 2 15 6 18 8 2 7 297 25 301 2 13 136 19 61 3 7 218 20 56 23 66 3 7 38 15 27 21 60 3 1 45 14 44 29 35 4 10 1 20 3 22 1 24 1 2 9 14 24 2 2 10 159 25 54 2 27 145 28 234 2 13 25 19 161 2 4 209 30 181
40 3 7 49 15 54 21 32 3 1 224 3 118 14 109 3 7 43 15 37 21 49 2 2 35 19 216 3 7 36 15 49 21 18 2 27 212 28 240 2 3 46 29 55 2 27 279 28 312 2 7 113 25 143 3 4 164 19 46 20 73 3 3 49 5 39 28 57 2 7 81 25 268 2 6 64 27 105 2 8 32 24 225 2 27 257 28 78 2 9 221 25 98 2 26 226 27 32 2 8 31 24 183 3 4 25 6 82 10 61 2 4 205 17 178 3 9 91 11 79 30 24 2 9 4 24 1 2 4 90 17 288 2 11 179 23 87 3 9 160 12 98 25 239 3 20 179 24 84 26 137 3 7 35 15 60 21 66 3 13 95 14 15 20 105 2 9 257 25 86 4 10 2 20 1 22 2 24 2 2 4 58 30 92 3 2 64 14 73 26 29 2 15 27 30 76 3 9 154 11 49 30 97 2 1 15 16 5 2 15 3 18 11 2 13 83 19 98 3 7 42 20 233 23 108 2 10 86 25 167 3 1 66 14 9 29 27
32 3 1 51 3 140 14 62 2 4 36 30 39 2 2 240 19 45 3 1 26 3 76 14 44 3 7 29 15 54 21 65 2 3 40 29 22 3 9 310 12 248 25 100 3 4 125 19 48 20 101 3 3 41 5 35 28 32 2 15 4 18 12 2 6 79 27 50 2 9 104 25 136 3 1 18 14 32 29 48 2 7 222 25 255 2 8 62 24 121 3 20 147 24 68 26 99 3 9 51 11 116 30 33 3 4 70 6 52 10 62 3 13 29 14 92 20 85 3 2 16 14 72 26 57 2 15 19 30 70 2 9 5 24 7 3 4 70 6 86 10 77 2 1 13 16 2 4 10 1 20 1 22 1 24 1 2 4 138 17 172 2 26 157 27 214 2 13 138 19 19 3 7 57 20 188 23 256 2 10 30 25 175 2 11 149 23 89 2 27 150 28 308
32 3 1 51 3 140 14 62 2 4 36 30 39 2 2 240 19 45 3 1 26 3 76 14 44 3 7 29 15 54 21 65 2 3 40 29 22 3 9 310 12 248 25 100 3 4 125 19 48 20 101 3 3 41 5 35 28 32 2 15 4 18 12 2 6 79 27 50 2 9 104 25 136 3 1 18 14 32 29 48 2 7 222 25 255 2 8 62 24 121 3 20 147 24 68 26 99 3 9 51 11 116 30 33 3 4 70 6 52 10 62 3 13 29 14 92 20 85 3 2 16 14 72 26 57 2 15 19 30 70 2 9 5 24 7 3 4 70 6 86 10 77 2 1 13 16 2 4 10 1 20 1 22 1 24 1 2 4 138 17 172 2 26 157 27 214 2 13 138 19 19 3 7 57 20 188 23 256 2 10 30 25 175 2 11 149 23 89 2 27 150 28 308
32 3 1 51 3 140 14 62 2 4 36 30 39 2 2 240 19 45 3 1 26 3 76 14 44 3 7 29 15 54 21 65 2 3 40 29 22 3 9 310 12 248 25 100 3 4 125 19 48 20 101 3 3 41 5 35 28 32 2 15 4 18 12 2 6 79 27 50 2 9 104 25 136 3 1 18 14 32 29 48 2 7 222 25 255 2 8 62 24 121 3 20 147 24 68 26 99 3 9 51 11 116 30 33 3 4 70 6 52 10 62 3 13 29 14 92 20 85 3 2 16 14 72 26 57 2 15 19 30 70 2 9 5 24 7 3 4 70 6 86 10 77 2 1 13 16 2 4 10 1 20 1 22 1 24 1 2 4 138 17 172 2 26 157 27 214 2 13 138 19 19 3 7 57 20 188 23 256 2 10 30 25 175 2 11 149 23 89 2 27 150 28 308
32 3 1 51 3 140 14 62 2 4 36 30 39 2 2 240 19 45 3 1 26 3 76 14 44 3 7 29 15 54 21 65 2 3 40 29 22 3 9 310 12 248 25 100 3 4 125 19 48 20 101 3 3 41 5 35 28 32 2 15 4 18 12 2 6 79 27 50 2 9 104 25 136 3 1 18 14 32 29 48 2 7 222 25 255 2 8 62 24 121 3 20 147 24 68 26 99 3 9 51 11 116 30 33 3 4 70 6 52 10 62 3 13 29 14 92 20 85 3 2 16 14 72 26 57 2 15 19 30 70 2 9 5 24 7 3 4 70 6 86 10 77 2 1 13 16 2 4 10 1 20 1 22 1 24 1 2 4 138 17 172 2 26 157 27 214 2 13 138 19 19 3 7 57 20 188 23 256 2 10 30 25 175 2 11 149 23 89 2 27 150 28 308
36 2 4 103 17 138 3 1 213 3 104 14 53 2 2 167 19 122 3 7 44 15 23 21 54 2 27 291 28 109 2 3 49 29 35 3 4 174 19 84 20 142 3 7 41 15 52 21 60 2 26 58 27 220 2 8 197 24 162 2 2 221 19 199 3 3 57 5 57 28 21 3 1 130 3 78 14 226 2 6 109 27 79 3 7 51 15 25 21 26 2 7 146 25 202 2 9 278 25 139 3 13 19 14 47 20 134 3 4 11 6 62 10 11 3 9 134 11 161 30 32 3 9 281 12 303 25 283 3 2 45 14 17 26 64 2 15 110 30 79 2 1 3 16 9 2 15 5 18 10 2 27 105 28 262 2 4 172 30 144 2 13 130 19 41 3 7 181 20 293 23 257 3 1 73 14 61 29 58 4 10 1 20 1 22 1 24 1 2 11 218 23 93 2 9 4 24 11 2 10 173 25 132 2 27 311 28 160 3 20 89 24 91 26 108
36 2 4 103 17 138 3 1 213 3 104 14 53 2 2 167 19 122 3 7 44 15 23 21 54 2 27 291 28 109 2 3 49 29 35 3 4 174 19 84 20 142 3 7 41 15 52 21 60 2 26 58 27 220 2 8 197 24 162 2 2 221 19 199 3 3 57 5 57 28 21 3 1 130 3 78 14 226 2 6 109 27 79 3 7 51 15 25 21 26 2 7 146 25 202 2 9 278 25 139 3 13 19 14 47 20 134 3 4 11 6 62 10 11 3 9 134 11 161 30 32 3 9 281 12 303 25 283 3 2 45 14 17 26 64 2 15 110 30 79 2 1 3 16 9 2 15 5 18 10 2 27 105 28 262 2 4 172 30 144 2 13 130 19 41 3 7 181 20 293 23 257 3 1 73 14 61 29 58 4 10 1 20 1 22 1 24 1 2 11 218 23 93 2 9 4 24 11 2 10 173 25 132 2 27 311 28 160 3 20 89 24 91 26 108
36 2 4 103 17 138 3 1 213 3 104 14 53 2 2 167 19 122 3 7 44 15 23 21 54 2 27 291 28 109 2 3 49 29 35 3 4 174 19 84 20 142 3 7 41 15 52 21 60 2 26 58 27 220 2 8 197 24 162 2 2 221 19 199 3 3 57 5 57 28 21 3 1 130 3 78 14 226 2 6 109 27 79 3 7 51 15 25 21 26 2 7 146 25 202 2 9 278 25 139 3 13 19 14 47 20 134 3 4 11 6 62 10 11 3 9 134 11 161 30 32 3 9 281 12 303 25 283 3 2 45 14 17 26 64 2 15 110 30 79 2 1 3 16 9 2 15 5 18 10 2 27 105 28 262 2 4 172 30 144 2 13 130 19 41 3 7 181 20 293 23 257 3 1 73 14 61 29 58 4 10 1 20 1 22 1 24 1 2 11 218 23 93 2 9 4 24 11 2 10 173 25 132 2 27 311 28 160 3 20 89 24 91 26 108
33 2 8 169 24 61 3 7 66 15 23 21 38 2 6 113 27 103 3 1 225 3 100 14 186 3 13 105 14 52 20 87 2 2 183 19 210 2 3 24 29 34 3 4 113 19 42 20 146 3 9 123 11 100 30 39 3 3 18 5 44 28 29 4 10 1 20 1 22 2 24 1 2 26 64 27 74 2 7 196 25 145 2 9 187 25 176 3 4 10 6 57 10 62 3 9 196 12 173 25 246 3 2 42 14 14 26 23 2 9 9 24 5 3 20 139 24 101 26 43 2 15 98 30 104 2 1 14 16 9 2 4 282 17 115 2 15 6 18 10 2 11 196 23 122 2 27 289 28 186 2 3 17 29 29 2 13 56 19 19 2 7 97 25 292 2 10 142 25 93 3 7 151 20 314 23 37 2 15 91 30 24 3 1 43 14 12 29 47 2 4 60 30 59
42 2 8 119 24 73 2 9 175 25 97 3 1 148 3 224 14 136 2 9 297 25 179 3 13 127 14 102 20 55 2 2 117 19 87 2 9 286 25 56 2 3 23 29 21 3 4 115 19 140 20 113 2 8 227 24 84 3 3 43 5 25 28 59 2 6 38 27 116 2 7 66 25 277 3 4 37 6 27 10 67 2 6 71 27 28 3 9 162 11 146 30 49 2 8 116 24 45 3 9 319 12 100 25 100 3 2 15 14 33 26 73 2 9 1 24 5 3 9 154 11 30 30 71 2 15 9 18 10 3 2 70 14 34 26 28 3 7 55 15 67 21 22 3 2 39 14 47 26 47 2 15 84 30 59 2 1 3 16 8 2 10 64 25 114 3 9 46 11 49 30 122 3 1 68 14 47 29 72 2 4 83 17 162 2 11 134 23 118 3 9 72 11 168 30 100 4 10 2 20 1 22 3 24 2 2 10 167 25 91 2 13 56 19 170 3 7 59 20 132 23 133 3 20 144 24 179 26 68 2 26 188 27 98 2 27 218 28 197 4 10 2 20 1 22 1 24 1 2 4 299 30 284
37 3 1 122 3 170 14 139 2 2 237 19 181 3 1 144 3 69 14 112 2 3 50 29 29 2 7 211 25 77 2 1 4 16 7 3 1 118 3 33 14 199 3 4 120 19 125 20 35 2 26 82 27 56 3 3 46 5 19 28 47 2 6 82 27 65 2 8 221 24 150 2 9 187 25 286 3 9 186 12 152 25 213 2 1 7 16 13 3 4 28 6 30 10 12 3 9 271 12 257 25 114 3 7 311 20 93 23 114 2 15 6 18 7 3 9 57 11 34 30 108 3 13 79 14 120 20 72 3 2 58 14 13 26 54 2 15 41 30 56 2 4 286 17 129 3 1 59 14 10 29 72 3 9 148 12 42 25 284 2 13 107 19 137 3 7 58 15 29 21 60 4 10 2 20 1 22 3 24 1 2 1 15 16 3 2 11 195 23 138 2 9 2 24 3 2 10 144 25 143 2 4 315 30 161 3 1 73 14 71 29 25 2 27 245 28 265 3 20 139 24 63 26 155
37 3 1 122 3 170 14 139 2 2 237 19 181 3 1 144 3 69 14 112 2 3 50 29 29 2 7 211 25 77 2 1 4 16 7 3 1 118 3 33 14 199 3 4 120 19 125 20 35 2 26 82 27 56 3 3 46 5 19 28 47 2 6 82 27 65 2 8 221 24 150 2 9 187 25 286 3 9 186 12 152 25 213 2 1 7 16 13 3 4 28 6 30 10 12 3 9 271 12 257 25 114 3 7 311 20 93 23 114 2 15 6 18 7 3 9 57 11 34 30 108 3 13 79 14 120 20 72 3 2 58 14 13 26 54 2 15 41 30 56 2 4 286 17 129 3 1 59 14 10 29 72 3 9 148 12 42 25 284 2 13 107 19 137 3 7 58 15 29 21 60 4 10 2 20 1 22 3 24 1 2 1 15 16 3 2 11 195 23 138 2 9 2 24 3 2 10 144 25 143 2 4 315 30 161 3 1 73 14 71 29 25 2 27 245 28 265 3 20 139 24 63 26 155
33 3 1 26 3 164 14 147 3 13 80 14 101 20 68 3 1 208 3 213 14 196 3 4 46 19 158 20 97 3 7 132 20 219 23 226 2 2 173 19 205 3 9 111 12 244 25 251 2 3 32 29 38 3 3 21 5 52 28 17 2 6 33 27 24 2 10 33 25 137 2 15 19 30 101 2 7 279 25 117 2 8 217 24 227 2 27 162 28 88 2 9 240 25 245 3 4 77 6 51 10 19 3 7 43 20 93 23 195 3 20 145 24 142 26 147 3 1 14 14 42 29 66 3 9 30 11 81 30 72 3 2 36 14 46 26 34 2 1 4 16 12 2 4 97 17 224 2 15 2 18 6 2 11 54 23 208 3 1 37 14 37 29 19 2 26 69 27 128 4 10 1 20 3 22 2 24 1 2 13 150 19 54 3 7 64 15 13 21 8 2 9 2 24 13 2 4 176 30 180
34 3 1 62 3 175 14 46 2 2 235 19 243 3 3 48 5 18 28 24 2 2 205 19 179 2 3 38 29 57 3 4 97 19 95 20 49 2 1 2 16 1 2 6 29 27 70 2 7 90 25 224 3 1 218 3 187 14 203 2 8 28 24 233 2 9 154 25 213 3 4 67 6 66 10 48 2 9 13 24 9 3 9 155 11 82 30 117 3 9 39 12 221 25 320 3 13 28 14 50 20 49 3 2 28 14 68 26 22 2 15 2 18 4 2 15 26 30 98 2 4 120 17 136 2 9 253 25 206 2 13 129 19 78 3 4 23 6 17 10 70 2 26 200 27 97 3 20 34 24 174 26 48 3 7 50 20 148 23 265 2 11 151 23 26 2 4 61 30 238 3 7 57 15 50 21 35 4 10 1 20 2 22 1 24 1 2 10 118 25 140 3 1 44 14 52 29 41 2 27 143 28 293
34 3 1 62 3 175 14 46 2 2 235 19 243 3 3 48 5 18 28 24 2 2 205 19 179 2 3 38 29 57 3 4 97 19 95 20 49 2 1 2 16 1 2 6 29 27 70 2 7 90 25 224 3 1 218 3 187 14 203 2 8 28 24 233 2 9 154 25 213 3 4 67 6 66 10 48 2 9 13 24 9 3 9 155 11 82 30 117 3 9 39 12 221 25 320 3 13 28 14 50 20 49 3 2 28 14 68 26 22 2 15 2 18 4 2 15 26 30 98 2 4 120 17 136 2 9 253 25 206 2 13 129 19 78 3 4 23 6 17 10 70 2 26 200 27 97 3 20 34 24 174 26 48 3 7 50 20 148 23 265 2 11 151 23 26 2 4 61 30 238 3 7 57 15 50 21 35 4 10 1 20 2 22 1 24 1 2 10 118 25 140 3 1 44 14 52 29 41 2 27 143 28 293
32 3 1 110 3 71 14 197 2 4 177 30 295 2 2 115 19 214 3 1 118 3 44 14 158 3 7 27 15 28 21 62 2 3 29 29 58 3 9 309 12 70 25 236 3 4 160 19 47 20 61 3 3 36 5 10 28 34 2 15 7 18 6 2 6 47 27 69 2 9 142 25 183 3 1 58 14 36 29 23 2 7 236 25 231 2 8 79 24 211 3 20 20 24 87 26 63 3 9 83 11 152 30 33 3 4 14 6 82 10 31 3 13 49 14 17 20 46 3 2 16 14 22 26 73 2 15 73 30 58 2 9 5 24 13 3 4 65 6 76 10 84 2 1 6 16 15 4 10 2 20 3 22 1 24 1 2 4 69 17 135 2 26 151 27 193 2 13 136 19 105 3 7 271 20 67 23 264 2 10 65 25 106 2 11 32 23 115 2 27 270 28 113
32 3 1 110 3 71 14 197 2 4 177 30 295 2 2 115 19 214 3 1 118 3 44 14 158 3 7 27 15 28 21 62 2 3 29 29 58 3 9 309 12 70 25 236 3 4 160 19 47 20 61 3 3 36 5 10 28 34 2 15 7 18 6 2 6 47 27 69 2 9 142 25 183 3 1 58 14 36 29 23 2 7 236 25 231 2 8 79 24 211 3 20 20 24 87 26 63 3 9 83 11 152 30 33 3 4 14 6 82 10 31 3 13 49 14 17 20 46 3 2 16 14 22 26 73 2 15 73 30 58 2 9 5 24 13 3 4 65 6 76 10 84 2 1 6 16 15 4 10 2 20 3 22 1 24 1 2 4 69 17 135 2 26 151 27 193 2 13 136 19 105 3 7 271 20 67 23 264 2 10 65 25 106 2 11 32 23 115 2 27 270 28 113
38 3 1 216 3 155 14 51 2 2 57 19 111 3 1 176 3 136 14 185 2 15 6 18 5 2 3 28 29 37 2 26 50 27 29 3 4 96 19 93 20 95 2 3 52 29 47 3 3 19 5 23 28 48 2 3 25 29 7 3 20 135 24 163 26 83 3 7 42 15 34 21 44 3 9 100 11 88 30 44 2 6 13 27 60 3 3 43 5 9 28 32 2 4 38 17 99 3 1 98 3 102 14 49 2 7 60 25 148 2 13 158 19 140 2 8 29 24 46 3 9 315 12 63 25 140 2 9 298 25 60 3 4 52 6 36 10 48 3 13 52 14 85 20 130 3 2 57 14 59 26 15 2 8 68 24 179 2 15 79 30 30 2 1 15 16 9 3 7 254 20 277 23 277 4 10 1 20 1 22 1 24 1 2 7 283 25 75 2 11 192 23 168 2 13 43 19 158 2 9 13 24 11 2 4 84 30 169 2 10 60 25 37 2 27 193 28 39 3 1 19 14 60 29 43
37 2 6 107 27 56 3 1 106 3 38 14 61 2 2 169 19 52 3 13 76 14 36 20 47 3 9 83 11 101 30 59 2 2 54 19 34 2 3 22 29 20 3 1 211 3 102 14 190 3 7 54 15 48 21 14 3 4 64 19 48 20 122 3 3 14 5 27 28 50 2 6 115 27 79 2 13 127 19 129 2 3 15 29 9 2 7 294 25 57 2 4 212 30 165 4 10 2 20 2 22 1 24 1 2 7 172 25 71 2 26 211 27 57 3 4 76 6 72 10 83 2 8 233 24 62 2 27 115 28 246 2 9 303 25 45 3 9 37 12 151 25 294 3 2 50 14 61 26 10 2 15 23 30 110 2 8 140 24 88 3 7 106 20 304 23 216 2 1 10 16 14 2 4 149 17 253 2 9 85 25 126 2 15 1 18 2 2 11 145 23 170 2 9 12 24 5 3 20 176 24 55 26 112 2 10 169 25 138 3 1 38 14 45 29 37
32 3 1 125 3 35 14 69 2 4 93 30 54 2 2 241 19 210 3 1 118 3 124 14 135 3 7 28 15 34 21 10 2 3 42 29 24 3 9 234 12 191 25 309 3 4 21 19 169 20 100 3 3 14 5 23 28 34 2 15 10 18 5 2 6 55 27 65 2 9 101 25 298 3 1 37 14 70 29 25 2 7 262 25 120 2 8 225 24 155 3 20 65 24 49 26 117 3 9 99 11 131 30 60 3 4 70 6 58 10 69 3 13 54 14 99 20 134 3 2 30 14 42 26 41 2 15 46 30 79 2 9 5 24 4 3 4 71 6 22 10 30 2 1 15 16 15 4 10 1 20 2 22 3 24 1 2 4 46 17 235 2 26 83 27 31 2 13 71 19 138 3 7 172 20 169 23 293 2 10 95 25 110 2 11 132 23 182 2 27 289 28 171
38 3 1 121 3 193 14 214 2 2 252 19 198 3 1 222 3 211 14 71 2 15 12 18 6 2 3 18 29 35 2 26 190 27 112 3 4 123 19 42 20 125 2 3 31 29 42 3 3 20 5 7 28 33 2 3 15 29 29 3 20 51 24 136 26 33 3 7 27 15 12 21 71 3 9 119 11 43 30 150 2 6 57 27 110 3 3 56 5 53 28 41 2 4 140 17 221 3 1 42 3 85 14 159 2 7 52 25 84 2 13 122 19 172 2 8 152 24 39 3 9 121 12 221 25 226 2 9 89 25 280 3 4 66 6 64 10 78 3 13 19 14 129 20 123 3 2 41 14 35 26 10 2 8 104 24 229 2 15 109 30 76 2 1 8 16 12 3 7 204 20 162 23 254 4 10 2 20 1 22 1 24 2 2 7 241 25 184 2 11 177 23 215 2 13 75 19 132 2 9 2 24 3 2 4 116 30 301 2 10 171 25 82 2 27 251 28 117 3 1 10 14 49 29 23
33 2 8 71 24 209 3 7 46 15 55 21 31 2 6 14 27 48 3 1 157 3 228 14 78 3 13 125 14 133 20 60 2 2 97 19 131 2 3 12 29 45 3 4 20 19 69 20 103 3 9 169 11 38 30 166 3 3 23 5 48 28 36 4 10 2 20 1 22 1 24 1 2 26 187 27 210 2 7 140 25 47 2 9 253 25 148 3 4 40 6 58 10 33 3 9 296 12 168 25 124 3 2 56 14 59 26 9 2 9 14 24 13 3 20 22 24 125 26 45 2 15 32 30 21 2 1 6 16 3 2 4 281 17 99 2 15 7 18 6 2 11 146 23 128 2 27 234 28 316 2 3 26 29 38 2 13 76 19 44 2 7 173 25 57 2 10 106 25 131 3 7 198 20 166 23 264 2 15 83 30 46 3 1 71 14 33 29 48 2 4 144 30 225
42 2 8 164 24 225 2 9 257 25 81 3 1 217 3 49 14 30 2 9 318 25 55 3 13 81 14 94 20 112 2 2 188 19 172 2 9 258 25 308 2 3 11 29 36 3 4 114 19 174 20 80 2 8 80 24 203 3 3 42 5 29 28 45 2 6 57 27 25 2 7 104 25 288 3 4 21 6 35 10 35 2 6 20 27 90 3 9 160 11 77 30 102 2 8 53 24 41 3 9 211 12 309 25 202 3 2 72 14 65 26 62 2 9 4 24 10 3 9 66 11 74 30 123 2 15 6 18 7 3 2 21 14 25 26 46 3 7 18 15 31 21 12 3 2 11 14 42 26 50 2 15 78 30 15 2 1 15 16 14 2 10 145 25 41 3 9 45 11 19 30 155 3 1 51 14 26 29 34 2 4 116 17 98 2 11 192 23 179 3 9 147 11 68 30 146 4 10 3 20 2 22 3 24 3 2 10 141 25 50 2 13 61 19 122 3 7 127 20 298 23 35 3 20 159 24 125 26 36 2 26 82 27 132 2 27 304 28 306 4 10 1 20 3 22 1 24 1 2 4 245 30 44
37 2 6 62 27 90 3 1 69 3 27 14 175 2 2 152 19 81 3 13 111 14 116 20 74 3 9 144 11 168 30 42 2 2 119 19 174 2 3 57 29 46 3 1 204 3 136 14 80 3 7 29 15 27 21 54 3 4 93 19 76 20 142 3 3 26 5 52 28 49 2 6 43 27 18 2 13 133 19 55 2 3 13 29 12 2 7 63 25 288 2 4 257 30 80 4 10 3 20 1 22 2 24 1 2 7 184 25 262 2 26 221 27 101 3 4 28 6 69 10 26 2 8 73 24 134 2 27 61 28 37 2 9 109 25 294 3 9 65 12 268 25 223 3 2 30 14 71 26 57 2 15 24 30 106 2 8 93 24 143 3 7 187 20 249 23 266 2 1 8 16 9 2 4 165 17 51 2 9 282 25 238 2 15 11 18 9 2 11 201 23 33 2 9 3 24 5 3 20 141 24 55 26 125 2 10 146 25 193 3 1 73 14 17 29 65
37 3 1 205 3 137 14 129 2 2 66 19 151 3 1 213 3 89 14 194 2 3 30 29 37 2 7 177 25 129 2 1 7 16 6 3 1 149 3 73 14 84 3 4 63 19 79 20 121 2 26 131 27 184 3 3 30 5 52 28 60 2 6 73 27 59 2 8 198 24 166 2 9 42 25 251 3 9 224 12 132 25 176 2 1 8 16 10 3 4 35 6 35 10 28 3 9 303 12 89 25 263 3 7 201 20 260 23 111 2 15 4 18 2 3 9 169 11 20 30 98 3 13 117 14 36 20 115 3 2 11 14 65 26 61 2 15 91 30 113 2 4 138 17 129 3 1 34 14 68 29 77 3 9 291 12 208 25 92 2 13 42 19 70 3 7 30 15 47 21 52 4 10 3 20 1 22 1 24 3 2 1 5 16 11 2 11 160 23 208 2 9 8 24 3 2 10 150 25 134 2 4 185 30 78 3 1 41 14 9 29 75 2 27 164 28 184 3 20 165 24 22 26 154
39 2 9 13 24 5 2 4 84 30 293 3 1 147 3 182 14 106 2 4 210 30 302 2 2 62 19 137 2 3 11 29 50 2 10 141 25 194 3 4 42 19 28 20 135 2 4 100 30 66 3 3 34 5 36 28 15 2 6 79 27 61 2 4 55 30 273 2 7 237 25 212 2 8 216 24 46 2 7 63 25 64 2 9 190 25 280 3 4 20 6 56 10 70 3 9 117 11 30 30 50 3 9 180 12 87 25 286 2 3 33 29 56 2 1 7 16 4 3 13 23 14 76 20 133 2 7 50 25 163 3 2 45 14 63 26 49 2 15 115 30 112 2 4 184 17 86 3 7 167 20 195 23 60 3 7 42 15 43 21 46 2 2 101 19 53 2 15 11 18 7 2 13 101 19 96 2 26 43 27 31 4 10 1 20 3 22 1 24 1 3 7 23 15 38 21 57 2 11 140 23 176 3 20 33 24 40 26 76 3 1 66 14 43 29 67 3 13 55 14 15 20 115 2 27 275 28 80
DUE_DATES: 5715 5715 6521 6025 6025 8421 8421 7023 9567 9567 5850 6833 6833 7045 7045 7045 6651 6651 6651 8661 8661 7553 7120 7120 8272 5681 5681 5681 5681 8284 8284 8284 6380 8318 7850 7850 6664 7061 7061 6151 6151 6455 7248 6280 7993 6387 8456 7609 7395 7559
WEIGHTS: 3 3 3 2 2 2 2 2 1 2 2 2 2 3 1 3 2 3 3 3 2 2 1 1 2 2 1 1 3 2 1 3 1 2 1 2 3 3 1 3 1 3 2 2 2 3 2 3 2 1
