50 30
34 2 1 25 18 29 2 2 40 25 73 3 3 61 10 170 20 126 1 4 284 3 5 197 10 73 28 102 2 6 117 18 272 2 7 161 22 45 2 8 26 16 89 3 9 13 15 64 17 42 3 14 225 18 53 21 228 2 4 173 20 121 2 10 39 11 23 3 8 37 16 36 27 11 2 11 128 24 97 1 12 232 3 13 237 17 215 25 201 2 11 39 24 151 3 13 53 19 44 29 15 3 14 95 16 252 22 116 2 18 20 23 10 2 22 16 30 19 3 5 106 10 168 28 162 3 16 1 22 1 28 1 3 12 98 15 95 30 112 1 12 269 2 9 195 16 141 3 19 5 24 37 30 23 2 5 339 22 92 3 14 155 17 56 26 65 2 4 203 20 105 3 8 44 25 31 29 14 2 24 77 26 84 2 5 11 23 13 3 13 46 27 57 29 48
34 2 1 25 18 29 2 2 40 25 73 3 3 61 10 170 20 126 1 4 284 3 5 197 10 73 28 102 2 6 117 18 272 2 7 161 22 45 2 8 26 16 89 3 9 13 15 64 17 42 3 14 225 18 53 21 228 2 4 173 20 121 2 10 39 11 23 3 8 37 16 36 27 11 2 11 128 24 97 1 12 232 3 13 237 17 215 25 201 2 11 39 24 151 3 13 53 19 44 29 15 3 14 95 16 252 22 116 2 18 20 23 10 2 22 16 30 19 3 5 106 10 168 28 162 3 16 1 22 1 28 1 3 12 98 15 95 30 112 1 12 269 2 9 195 16 141 3 19 5 24 37 30 23 2 5 339 22 92 3 14 155 17 56 26 65 2 4 203 20 105 3 8 44 25 31 29 14 2 24 77 26 84 2 5 11 23 13 3 13 46 27 57 29 48
34 2 1 25 18 29 2 2 40 25 73 3 3 61 10 170 20 126 1 4 284 3 5 197 10 73 28 102 2 6 117 18 272 2 7 161 22 45 2 8 26 16 89 3 9 13 15 64 17 42 3 14 225 18 53 21 228 2 4 173 20 121 2 10 39 11 23 3 8 37 16 36 27 11 2 11 128 24 97 1 12 232 3 13 237 17 215 25 201 2 11 39 24 151 3 13 53 19 44 29 15 3 14 95 16 252 22 116 2 18 20 23 10 2 22 16 30 19 3 5 106 10 168 28 162 3 16 1 22 1 28 1 3 12 98 15 95 30 112 1 12 269 2 9 195 16 141 3 19 5 24 37 30 23 2 5 339 22 92 3 14 155 17 56 26 65 2 4 203 20 105 3 8 44 25 31 29 14 2 24 77 26 84 2 5 11 23 13 3 13 46 27 57 29 48
32 3 14 218 17 283 26 57 3 8 41 25 17 29 9 2 1 4 18 17 2 2 76 25 93 3 3 140 10 101 20 86 1 4 173 2 10 109 11 55 2 7 245 22 52 3 5 67 10 68 28 178 3 8 54 25 16 29 48 2 6 136 18 39 2 8 49 16 146 3 9 69 15 21 17 37 2 11 86 24 81 1 12 199 3 19 26 24 8 30 13 3 13 12 19 26 29 46 3 14 50 16 171 22 116 3 12 103 15 15 30 80 2 9 153 16 272 3 13 86 27 80 29 67 3 13 152 17 119 25 201 2 18 34 23 42 3 13 39 27 36 29 62 2 4 196 20 93 2 24 162 26 44 3 14 106 18 208 21 151 2 5 154 22 173 3 16 1 22 1 28 1 2 5 5 23 14 3 8 47 16 75 27 59 2 22 41 30 119
32 3 14 218 17 283 26 57 3 8 41 25 17 29 9 2 1 4 18 17 2 2 76 25 93 3 3 140 10 101 20 86 1 4 173 2 10 109 11 55 2 7 245 22 52 3 5 67 10 68 28 178 3 8 54 25 16 29 48 2 6 136 18 39 2 8 49 16 146 3 9 69 15 21 17 37 2 11 86 24 81 1 12 199 3 19 26 24 8 30 13 3 13 12 19 26 29 46 3 14 50 16 171 22 116 3 12 103 15 15 30 80 2 9 153 16 272 3 13 86 27 80 29 67 3 13 152 17 119 25 201 2 18 34 23 42 3 13 39 27 36 29 62 2 4 196 20 93 2 24 162 26 44 3 14 106 18 208 21 151 2 5 154 22 173 3 16 1 22 1 28 1 2 5 5 23 14 3 8 47 16 75 27 59 2 22 41 30 119
34 2 1 6 18 21 2 2 33 25 36 3 3 175 10 24 20 59 1 4 243 3 5 94 10 63 28 136 2 6 63 18 106 2 11 181 24 55 3 8 41 25 35 29 15 2 8 49 16 47 2 9 87 16 260 2 7 220 22 194 3 9 38 15 51 17 34 2 10 98 11 122 2 7 174 22 225 2 22 91 30 78 2 7 218 22 211 1 12 174 3 13 48 27 42 29 131 3 13 33 19 60 29 20 3 3 106 10 165 20 46 3 14 182 16 33 22 254 3 13 16 19 21 29 69 3 12 23 15 77 30 91 3 13 78 17 213 25 138 2 18 45 23 54 3 19 26 24 7 30 8 3 16 1 22 1 28 1 2 4 179 20 181 3 14 174 18 46 21 199 2 5 78 22 44 2 5 14 23 23 3 8 52 16 65 27 63 2 24 79 26 68 3 14 197 17 268 26 271
35 2 1 10 18 36 3 14 160 18 211 21 147 3 14 229 17 265 26 174 3 13 113 27 56 29 144 2 2 33 25 25 3 3 20 10 132 20 145 1 4 121 2 24 115 26 103 3 5 41 10 150 28 117 2 6 135 18 292 2 7 66 22 118 2 8 151 16 194 3 9 75 15 79 17 66 2 11 40 24 129 2 18 44 23 66 2 10 30 11 48 3 8 32 16 55 27 41 1 12 87 2 9 130 16 224 3 12 121 15 73 30 65 3 13 68 19 38 29 55 3 14 116 16 62 22 42 2 2 80 25 60 2 5 124 22 255 3 13 109 27 94 29 108 2 22 102 30 15 3 13 102 17 95 25 236 2 10 149 11 144 3 19 29 24 15 30 19 3 3 103 10 150 20 175 3 16 1 22 1 28 1 2 5 15 23 26 3 8 49 25 38 29 8 3 8 77 16 16 27 75 2 4 154 20 59
35 2 1 10 18 36 3 14 160 18 211 21 147 3 14 229 17 265 26 174 3 13 113 27 56 29 144 2 2 33 25 25 3 3 20 10 132 20 145 1 4 121 2 24 115 26 103 3 5 41 10 150 28 117 2 6 135 18 292 2 7 66 22 118 2 8 151 16 194 3 9 75 15 79 17 66 2 11 40 24 129 2 18 44 23 66 2 10 30 11 48 3 8 32 16 55 27 41 1 12 87 2 9 130 16 224 3 12 121 15 73 30 65 3 13 68 19 38 29 55 3 14 116 16 62 22 42 2 2 80 25 60 2 5 124 22 255 3 13 109 27 94 29 108 2 22 102 30 15 3 13 102 17 95 25 236 2 10 149 11 144 3 19 29 24 15 30 19 3 3 103 10 150 20 175 3 16 1 22 1 28 1 2 5 15 23 26 3 8 49 25 38 29 8 3 8 77 16 16 27 75 2 4 154 20 59
35 2 1 10 18 36 3 14 160 18 211 21 147 3 14 229 17 265 26 174 3 13 113 27 56 29 144 2 2 33 25 25 3 3 20 10 132 20 145 1 4 121 2 24 115 26 103 3 5 41 10 150 28 117 2 6 135 18 292 2 7 66 22 118 2 8 151 16 194 3 9 75 15 79 17 66 2 11 40 24 129 2 18 44 23 66 2 10 30 11 48 3 8 32 16 55 27 41 1 12 87 2 9 130 16 224 3 12 121 15 73 30 65 3 13 68 19 38 29 55 3 14 116 16 62 22 42 2 2 80 25 60 2 5 124 22 255 3 13 109 27 94 29 108 2 22 102 30 15 3 13 102 17 95 25 236 2 10 149 11 144 3 19 29 24 15 30 19 3 3 103 10 150 20 175 3 16 1 22 1 28 1 2 5 15 23 26 3 8 49 25 38 29 8 3 8 77 16 16 27 75 2 4 154 20 59
35 2 1 33 18 19 3 14 88 18 163 21 116 3 14 108 17 169 26 210 3 13 138 27 118 29 34 2 2 78 25 100 3 3 173 10 91 20 114 1 4 174 2 24 158 26 81 3 5 188 10 74 28 136 2 6 138 18 128 2 7 183 22 36 2 8 42 16 133 3 9 64 15 15 17 76 2 11 183 24 35 2 18 48 23 58 2 10 52 11 77 3 8 40 16 46 27 25 1 12 276 2 9 240 16 63 3 12 110 15 21 30 98 3 13 39 19 9 29 18 3 14 146 16 199 22 234 2 2 29 25 121 2 5 242 22 227 3 13 124 27 63 29 145 2 22 71 30 124 3 13 36 17 70 25 28 2 10 50 11 52 3 19 27 24 15 30 34 3 3 173 10 162 20 115 3 16 1 22 1 28 1 2 5 14 23 11 3 8 11 25 53 29 52 3 8 17 16 76 27 61 2 4 185 20 35
35 2 1 33 18 19 3 14 88 18 163 21 116 3 14 108 17 169 26 210 3 13 138 27 118 29 34 2 2 78 25 100 3 3 173 10 91 20 114 1 4 174 2 24 158 26 81 3 5 188 10 74 28 136 2 6 138 18 128 2 7 183 22 36 2 8 42 16 133 3 9 64 15 15 17 76 2 11 183 24 35 2 18 48 23 58 2 10 52 11 77 3 8 40 16 46 27 25 1 12 276 2 9 240 16 63 3 12 110 15 21 30 98 3 13 39 19 9 29 18 3 14 146 16 199 22 234 2 2 29 25 121 2 5 242 22 227 3 13 124 27 63 29 145 2 22 71 30 124 3 13 36 17 70 25 28 2 10 50 11 52 3 19 27 24 15 30 34 3 3 173 10 162 20 115 3 16 1 22 1 28 1 2 5 14 23 11 3 8 11 25 53 29 52 3 8 17 16 76 27 61 2 4 185 20 35
39 2 1 33 18 33 1 12 128 2 1 10 18 37 2 2 102 25 91 2 1 9 18 35 3 3 125 10 95 20 25 3 13 57 27 23 29 98 1 4 237 2 8 177 16 128 3 5 26 10 60 28 85 3 13 71 27 35 29 40 2 24 68 26 155 2 8 146 16 194 2 6 208 18 308 3 13 143 27 28 29 25 3 16 1 22 1 28 1 2 10 89 11 118 2 7 167 22 122 3 9 73 15 15 17 57 2 11 23 24 74 3 13 21 19 32 29 48 2 9 246 16 220 3 14 239 16 222 22 61 3 8 43 16 12 27 75 3 16 1 22 1 28 1 2 5 222 22 292 3 19 8 24 29 30 14 3 12 93 15 117 30 68 2 10 34 11 149 3 14 50 17 31 26 205 3 13 225 17 52 25 53 2 18 62 23 21 3 8 33 16 24 27 42 2 4 67 20 181 3 9 66 15 66 17 44 3 14 63 18 254 21 144 2 5 18 23 8 2 22 43 30 118 3 8 9 25 51 29 23
39 2 1 33 18 33 1 12 128 2 1 10 18 37 2 2 102 25 91 2 1 9 18 35 3 3 125 10 95 20 25 3 13 57 27 23 29 98 1 4 237 2 8 177 16 128 3 5 26 10 60 28 85 3 13 71 27 35 29 40 2 24 68 26 155 2 8 146 16 194 2 6 208 18 308 3 13 143 27 28 29 25 3 16 1 22 1 28 1 2 10 89 11 118 2 7 167 22 122 3 9 73 15 15 17 57 2 11 23 24 74 3 13 21 19 32 29 48 2 9 246 16 220 3 14 239 16 222 22 61 3 8 43 16 12 27 75 3 16 1 22 1 28 1 2 5 222 22 292 3 19 8 24 29 30 14 3 12 93 15 117 30 68 2 10 34 11 149 3 14 50 17 31 26 205 3 13 225 17 52 25 53 2 18 62 23 21 3 8 33 16 24 27 42 2 4 67 20 181 3 9 66 15 66 17 44 3 14 63 18 254 21 144 2 5 18 23 8 2 22 43 30 118 3 8 9 25 51 29 23
35 2 1 19 18 14 3 14 160 18 252 21 125 3 14 105 17 265 26 169 3 13 78 27 84 29 133 2 2 96 25 93 3 3 82 10 24 20 40 1 4 195 2 24 136 26 134 3 5 100 10 201 28 118 2 6 64 18 307 2 7 286 22 133 2 8 48 16 94 3 9 69 15 11 17 61 2 11 178 24 32 2 18 14 23 65 2 10 114 11 167 3 8 75 16 20 27 64 1 12 287 2 9 80 16 155 3 12 69 15 120 30 41 3 13 19 19 24 29 62 3 14 60 16 262 22 187 2 2 78 25 43 2 5 187 22 234 3 13 115 27 120 29 88 2 22 69 30 123 3 13 169 17 77 25 29 2 10 117 11 166 3 19 33 24 15 30 37 3 3 102 10 66 20 161 3 16 1 22 1 28 1 2 5 7 23 7 3 8 24 25 7 29 37 3 8 61 16 74 27 30 2 4 91 20 111
33 3 14 50 17 101 26 231 2 1 28 18 32 3 14 219 18 44 21 32 2 2 90 25 66 3 3 144 10 88 20 174 1 4 115 3 5 86 10 116 28 56 2 4 94 20 80 2 9 156 16 108 2 6 95 18 153 2 7 133 22 41 2 8 110 16 227 2 22 72 30 24 2 24 59 26 73 3 9 66 15 82 17 64 3 13 55 27 69 29 114 2 5 92 22 177 2 10 21 11 113 3 13 48 27 100 29 152 2 11 58 24 52 1 12 150 3 14 45 18 174 21 148 3 13 40 19 60 29 39 3 14 128 16 126 22 215 3 12 40 15 14 30 28 3 13 102 17 176 25 183 3 16 1 22 1 28 1 3 3 31 10 139 20 171 2 18 52 23 40 3 19 19 24 33 30 30 2 5 26 23 6 3 8 30 16 40 27 40 3 8 46 25 16 29 42
33 2 1 24 18 6 2 2 34 25 23 3 13 160 17 64 25 33 3 3 22 10 145 20 57 3 14 183 17 239 26 157 1 4 290 3 5 179 10 202 28 154 2 6 237 18 239 1 4 96 2 7 276 22 172 2 8 177 16 152 2 5 94 22 167 2 24 147 26 147 3 13 84 27 106 29 17 3 3 144 10 148 20 175 3 9 59 15 71 17 43 2 5 7 23 3 3 16 1 22 1 28 1 3 14 145 18 127 21 183 2 10 125 11 115 2 11 112 24 56 1 12 274 3 8 40 25 54 29 23 3 13 58 19 52 29 18 2 9 230 16 166 3 9 19 15 66 17 17 3 14 92 16 135 22 152 3 12 117 15 43 30 115 2 18 61 23 49 3 19 15 24 18 30 10 2 4 208 20 141 2 22 93 30 92 3 8 18 16 70 27 27
35 2 1 21 18 11 2 2 71 25 25 3 3 96 10 151 20 41 3 8 10 16 40 27 34 1 4 244 2 11 182 24 32 3 5 156 10 23 28 85 2 5 238 22 100 2 6 84 18 111 3 19 36 24 32 30 15 3 8 70 16 34 27 14 2 7 278 22 267 2 8 56 16 224 3 9 32 15 44 17 82 2 9 165 16 191 3 8 14 16 34 27 44 2 10 77 11 171 1 12 93 2 5 5 23 23 3 13 71 19 65 29 53 3 14 92 16 266 22 32 3 13 129 17 223 25 27 3 5 79 10 154 28 156 3 12 45 15 78 30 98 2 18 41 23 50 2 4 82 20 186 1 4 249 3 14 53 18 216 21 233 2 6 120 18 148 2 24 89 26 54 3 16 1 22 1 28 1 3 8 53 25 42 29 31 3 13 21 27 22 29 116 2 22 81 30 51 3 14 203 17 166 26 84
34 2 6 262 18 312 2 1 29 18 25 2 2 93 25 37 3 3 39 10 121 20 100 1 4 250 3 5 102 10 119 28 72 2 1 7 18 34 2 7 252 22 230 2 22 44 30 40 2 8 151 16 83 3 9 68 15 36 17 37 2 10 144 11 147 3 8 52 16 53 27 65 2 11 76 24 158 2 24 154 26 147 2 1 29 18 26 1 12 56 3 13 56 19 27 29 34 3 14 48 16 132 22 263 2 6 100 18 105 3 12 93 15 66 30 27 2 9 236 16 43 3 14 143 17 174 26 147 3 13 216 17 152 25 132 2 18 13 23 24 3 19 26 24 32 30 28 2 4 150 20 188 3 14 254 18 92 21 110 2 5 239 22 55 3 14 168 17 85 26 152 3 8 40 25 12 29 41 2 5 17 23 9 3 16 1 22 1 28 1 3 13 75 27 95 29 112
33 3 14 82 17 31 26 276 2 1 37 18 29 3 14 117 18 195 21 238 2 2 118 25 74 3 3 37 10 116 20 173 1 4 57 3 5 194 10 80 28 53 2 4 183 20 120 2 9 260 16 92 2 6 251 18 77 2 7 106 22 94 2 8 203 16 100 2 22 64 30 50 2 24 71 26 74 3 9 15 15 76 17 45 3 13 69 27 60 29 134 2 5 336 22 155 2 10 82 11 147 3 13 90 27 93 29 61 2 11 194 24 165 1 12 101 3 14 256 18 91 21 154 3 13 20 19 31 29 11 3 14 252 16 194 22 162 3 12 27 15 19 30 51 3 13 96 17 238 25 214 3 16 1 22 1 28 1 3 3 68 10 47 20 41 2 18 62 23 14 3 19 23 24 16 30 25 2 5 25 23 24 3 8 71 16 12 27 10 3 8 51 25 47 29 30
33 3 14 82 17 31 26 276 2 1 37 18 29 3 14 117 18 195 21 238 2 2 118 25 74 3 3 37 10 116 20 173 1 4 57 3 5 194 10 80 28 53 2 4 183 20 120 2 9 260 16 92 2 6 251 18 77 2 7 106 22 94 2 8 203 16 100 2 22 64 30 50 2 24 71 26 74 3 9 15 15 76 17 45 3 13 69 27 60 29 134 2 5 336 22 155 2 10 82 11 147 3 13 90 27 93 29 61 2 11 194 24 165 1 12 101 3 14 256 18 91 21 154 3 13 20 19 31 29 11 3 14 252 16 194 22 162 3 12 27 15 19 30 51 3 13 96 17 238 25 214 3 16 1 22 1 28 1 3 3 68 10 47 20 41 2 18 62 23 14 3 19 23 24 16 30 25 2 5 25 23 24 3 8 71 16 12 27 10 3 8 51 25 47 29 30
35 2 1 8 18 18 2 2 96 25 100 2 1 37 18 6 3 3 103 10 155 20 84 2 1 8 18 33 3 9 79 15 81 17 80 2 4 150 20 148 1 4 112 3 14 70 17 136 26 72 3 5 35 10 186 28 122 3 9 19 15 19 17 74 2 9 233 16 104 2 6 192 18 283 2 7 267 22 300 2 8 207 16 121 3 14 251 16 163 22 223 2 10 64 11 31 2 11 72 24 87 1 12 88 3 16 1 22 1 28 1 3 13 59 19 20 29 57 3 12 21 15 106 30 112 3 13 76 27 98 29 32 3 13 119 17 202 25 190 2 18 17 23 55 3 19 19 24 25 30 10 2 9 112 16 240 2 24 105 26 147 3 14 262 18 219 21 233 2 5 109 22 245 1 12 127 2 5 8 23 22 3 8 23 25 14 29 16 3 8 20 16 75 27 18 2 22 60 30 113
32 2 1 15 18 21 2 2 23 25 53 3 3 160 10 22 20 28 1 4 74 2 18 44 23 64 1 4 133 2 11 157 24 166 2 24 106 26 68 3 8 11 25 55 29 40 3 5 153 10 80 28 136 2 6 262 18 236 3 13 99 27 139 29 21 2 7 229 22 110 3 8 28 16 36 27 68 2 8 71 16 134 3 14 236 18 91 21 112 3 9 72 15 66 17 18 2 10 114 11 25 1 12 224 3 13 67 19 48 29 42 3 13 96 17 240 25 106 3 14 207 16 153 22 229 3 12 30 15 78 30 121 2 9 222 16 184 2 5 17 23 15 3 19 16 24 30 30 20 2 4 34 20 57 2 7 159 22 264 3 14 170 17 164 26 172 2 5 124 22 249 3 16 1 22 1 28 1 2 22 112 30 18
32 2 1 15 18 21 2 2 23 25 53 3 3 160 10 22 20 28 1 4 74 2 18 44 23 64 1 4 133 2 11 157 24 166 2 24 106 26 68 3 8 11 25 55 29 40 3 5 153 10 80 28 136 2 6 262 18 236 3 13 99 27 139 29 21 2 7 229 22 110 3 8 28 16 36 27 68 2 8 71 16 134 3 14 236 18 91 21 112 3 9 72 15 66 17 18 2 10 114 11 25 1 12 224 3 13 67 19 48 29 42 3 13 96 17 240 25 106 3 14 207 16 153 22 229 3 12 30 15 78 30 121 2 9 222 16 184 2 5 17 23 15 3 19 16 24 30 30 20 2 4 34 20 57 2 7 159 22 264 3 14 170 17 164 26 172 2 5 124 22 249 3 16 1 22 1 28 1 2 22 112 30 18
33 2 1 33 18 9 2 5 4 23 16 2 1 22 18 6 2 2 111 25 41 3 3 170 10 30 20 59 1 4 53 2 6 150 18 97 3 8 16 16 30 27 74 3 5 147 10 71 28 104 2 22 61 30 132 2 7 107 22 167 1 12 181 2 5 174 22 77 2 8 50 16 108 3 9 14 15 28 17 67 3 13 106 17 211 25 138 2 10 131 11 56 3 16 1 22 1 28 1 2 11 165 24 96 3 13 56 19 61 29 56 3 12 45 15 74 30 102 3 14 170 16 102 22 77 2 9 181 16 39 1 4 166 2 18 49 23 44 2 7 83 22 293 2 4 57 20 54 3 19 11 24 16 30 33 3 14 147 18 66 21 188 2 24 79 26 56 3 13 49 27 145 29 136 3 8 17 25 37 29 55 3 14 58 17 210 26 69
34 2 6 86 18 260 2 1 16 18 28 2 2 16 25 84 3 3 50 10 173 20 167 1 4 280 3 5 142 10 58 28 182 2 1 33 18 35 2 7 234 22 106 2 22 45 30 71 2 8 155 16 208 3 9 57 15 37 17 20 2 10 111 11 124 3 8 47 16 77 27 76 2 11 80 24 179 2 24 108 26 45 2 1 13 18 33 1 12 338 3 13 12 19 36 29 24 3 14 96 16 32 22 233 2 6 193 18 276 3 12 44 15 105 30 55 2 9 75 16 39 3 14 285 17 217 26 137 3 13 241 17 93 25 147 2 18 67 23 69 3 19 35 24 38 30 36 2 4 120 20 97 3 14 195 18 137 21 152 2 5 80 22 75 3 14 47 17 151 26 123 3 8 25 25 33 29 52 2 5 25 23 24 3 16 1 22 1 28 1 3 13 93 27 127 29 104
34 2 6 86 18 260 2 1 16 18 28 2 2 16 25 84 3 3 50 10 173 20 167 1 4 280 3 5 142 10 58 28 182 2 1 33 18 35 2 7 234 22 106 2 22 45 30 71 2 8 155 16 208 3 9 57 15 37 17 20 2 10 111 11 124 3 8 47 16 77 27 76 2 11 80 24 179 2 24 108 26 45 2 1 13 18 33 1 12 338 3 13 12 19 36 29 24 3 14 96 16 32 22 233 2 6 193 18 276 3 12 44 15 105 30 55 2 9 75 16 39 3 14 285 17 217 26 137 3 13 241 17 93 25 147 2 18 67 23 69 3 19 35 24 38 30 36 2 4 120 20 97 3 14 195 18 137 21 152 2 5 80 22 75 3 14 47 17 151 26 123 3 8 25 25 33 29 52 2 5 25 23 24 3 16 1 22 1 28 1 3 13 93 27 127 29 104
34 2 1 35 18 22 2 22 93 30 82 2 2 118 25 68 2 5 9 23 17 3 5 175 10 96 28 112 2 2 97 25 37 2 18 75 23 26 3 3 151 10 160 20 112 2 5 11 23 5 1 4 47 2 6 143 18 175 3 9 58 15 43 17 68 2 7 68 22 228 3 13 53 19 23 29 37 2 8 92 16 96 2 2 20 25 117 2 10 178 11 101 3 19 5 24 18 30 27 2 11 48 24 107 3 8 37 25 20 29 44 1 12 152 2 4 167 20 81 3 14 137 16 46 22 50 3 12 123 15 58 30 61 3 13 91 27 129 29 60 3 14 161 18 240 21 43 2 24 153 26 83 2 9 239 16 97 3 13 61 17 139 25 140 2 5 153 22 220 3 14 158 17 140 26 78 3 13 171 17 149 25 119 3 8 34 16 16 27 70 3 16 1 22 1 28 1
34 2 1 8 18 25 2 22 67 30 29 2 2 38 25 108 2 5 19 23 18 3 5 46 10 46 28 175 2 2 70 25 61 2 18 53 23 19 3 3 77 10 94 20 99 2 5 8 23 24 1 4 273 2 6 46 18 59 3 9 19 15 30 17 57 2 7 279 22 255 3 13 67 19 9 29 63 2 8 149 16 79 2 2 32 25 71 2 10 132 11 45 3 19 10 24 10 30 24 2 11 44 24 141 3 8 31 25 26 29 21 1 12 251 2 4 41 20 62 3 14 145 16 35 22 180 3 12 55 15 40 30 48 3 13 61 27 46 29 52 3 14 140 18 127 21 105 2 24 147 26 45 2 9 96 16 88 3 13 176 17 232 25 132 2 5 240 22 50 3 14 149 17 182 26 200 3 13 30 17 203 25 124 3 8 67 16 22 27 15 3 16 1 22 1 28 1
33 3 14 239 17 210 26 141 2 1 35 18 7 3 14 106 18 111 21 31 2 2 21 25 93 3 3 65 10 70 20 47 1 4 129 3 5 167 10 53 28 103 2 4 178 20 182 2 9 80 16 246 2 6 109 18 231 2 7 277 22 278 2 8 218 16 123 2 22 17 30 63 2 24 21 26 117 3 9 54 15 22 17 21 3 13 52 27 126 29 63 2 5 204 22 56 2 10 86 11 158 3 13 58 27 30 29 123 2 11 193 24 173 1 12 178 3 14 134 18 251 21 216 3 13 30 19 22 29 25 3 14 274 16 202 22 36 3 12 48 15 96 30 69 3 13 89 17 213 25 46 3 16 1 22 1 28 1 3 3 52 10 69 20 88 2 18 70 23 41 3 19 14 24 11 30 32 2 5 4 23 6 3 8 25 16 28 27 59 3 8 13 25 17 29 23
33 3 14 239 17 210 26 141 2 1 35 18 7 3 14 106 18 111 21 31 2 2 21 25 93 3 3 65 10 70 20 47 1 4 129 3 5 167 10 53 28 103 2 4 178 20 182 2 9 80 16 246 2 6 109 18 231 2 7 277 22 278 2 8 218 16 123 2 22 17 30 63 2 24 21 26 117 3 9 54 15 22 17 21 3 13 52 27 126 29 63 2 5 204 22 56 2 10 86 11 158 3 13 58 27 30 29 123 2 11 193 24 173 1 12 178 3 14 134 18 251 21 216 3 13 30 19 22 29 25 3 14 274 16 202 22 36 3 12 48 15 96 30 69 3 13 89 17 213 25 46 3 16 1 22 1 28 1 3 3 52 10 69 20 88 2 18 70 23 41 3 19 14 24 11 30 32 2 5 4 23 6 3 8 25 16 28 27 59 3 8 13 25 17 29 23
33 3 14 239 17 210 26 141 2 1 35 18 7 3 14 106 18 111 21 31 2 2 21 25 93 3 3 65 10 70 20 47 1 4 129 3 5 167 10 53 28 103 2 4 178 20 182 2 9 80 16 246 2 6 109 18 231 2 7 277 22 278 2 8 218 16 123 2 22 17 30 63 2 24 21 26 117 3 9 54 15 22 17 21 3 13 52 27 126 29 63 2 5 204 22 56 2 10 86 11 158 3 13 58 27 30 29 123 2 11 193 24 173 1 12 178 3 14 134 18 251 21 216 3 13 30 19 22 29 25 3 14 274 16 202 22 36 3 12 48 15 96 30 69 3 13 89 17 213 25 46 3 16 1 22 1 28 1 3 3 52 10 69 20 88 2 18 70 23 41 3 19 14 24 11 30 32 2 5 4 23 6 3 8 25 16 28 27 59 3 8 13 25 17 29 23
39 2 1 28 18 24 2 2 75 25 112 2 1 14 18 27 3 3 151 10 58 20 85 2 9 176 16 136 1 4 46 2 1 12 18 21 3 13 48 27 141 29 85 3 8 41 25 35 29 16 2 7 235 22 268 3 5 93 10 191 28 123 3 3 121 10 43 20 30 3 19 23 24 19 30 13 3 8 19 25 38 29 47 2 6 282 18 269 2 8 122 16 186 3 9 81 15 44 17 62 2 8 32 16 121 2 5 16 23 17 2 10 51 11 180 2 8 54 16 85 1 12 66 2 2 111 25 43 2 11 194 24 148 3 5 173 10 50 28 100 2 18 18 23 73 3 13 40 19 23 29 23 3 14 47 16 185 22 53 3 12 116 15 54 30 50 3 13 27 17 48 25 67 2 4 187 20 104 3 14 124 18 235 21 213 3 8 30 16 78 27 79 2 11 146 24 167 3 16 1 22 1 28 1 3 14 84 17 51 26 187 2 5 340 22 51 2 22 78 30 17 2 24 112 26 122
39 2 1 28 18 24 2 2 75 25 112 2 1 14 18 27 3 3 151 10 58 20 85 2 9 176 16 136 1 4 46 2 1 12 18 21 3 13 48 27 141 29 85 3 8 41 25 35 29 16 2 7 235 22 268 3 5 93 10 191 28 123 3 3 121 10 43 20 30 3 19 23 24 19 30 13 3 8 19 25 38 29 47 2 6 282 18 269 2 8 122 16 186 3 9 81 15 44 17 62 2 8 32 16 121 2 5 16 23 17 2 10 51 11 180 2 8 54 16 85 1 12 66 2 2 111 25 43 2 11 194 24 148 3 5 173 10 50 28 100 2 18 18 23 73 3 13 40 19 23 29 23 3 14 47 16 185 22 53 3 12 116 15 54 30 50 3 13 27 17 48 25 67 2 4 187 20 104 3 14 124 18 235 21 213 3 8 30 16 78 27 79 2 11 146 24 167 3 16 1 22 1 28 1 3 14 84 17 51 26 187 2 5 340 22 51 2 22 78 30 17 2 24 112 26 122
32 3 14 140 17 209 26 230 3 8 23 25 12 29 8 2 1 37 18 37 2 2 67 25 86 3 3 44 10 77 20 52 1 4 120 2 10 154 11 117 2 7 77 22 206 3 5 149 10 88 28 47 3 8 27 25 45 29 7 2 6 241 18 105 2 8 129 16 153 3 9 55 15 17 17 73 2 11 56 24 161 1 12 213 3 19 34 24 29 30 35 3 13 40 19 25 29 24 3 14 48 16 136 22 45 3 12 93 15 108 30 42 2 9 202 16 111 3 13 54 27 44 29 66 3 13 156 17 50 25 220 2 18 50 23 34 3 13 42 27 68 29 80 2 4 70 20 41 2 24 35 26 87 3 14 162 18 72 21 197 2 5 234 22 320 3 16 1 22 1 28 1 2 5 29 23 24 3 8 37 16 62 27 18 2 22 69 30 96
34 2 9 213 16 119 2 1 18 18 31 2 2 81 25 104 2 4 160 20 160 3 3 119 10 142 20 93 1 4 308 3 5 103 10 116 28 49 3 9 16 15 72 17 38 2 6 52 18 124 2 8 100 16 28 2 7 105 22 177 2 10 99 11 132 2 8 115 16 89 2 11 179 24 124 1 12 249 3 13 64 19 9 29 17 2 2 104 25 101 2 5 317 22 74 3 14 57 16 49 22 76 2 7 63 22 276 3 12 60 15 39 30 15 3 19 14 24 10 30 23 3 13 105 17 95 25 52 2 18 20 23 39 3 13 139 27 83 29 54 3 14 175 18 55 21 48 3 14 115 16 209 22 107 2 5 7 23 10 2 24 60 26 154 3 14 196 17 235 26 103 3 16 1 22 1 28 1 2 22 78 30 33 3 8 18 25 30 29 42 3 8 31 16 21 27 43
36 2 10 149 11 69 2 1 31 18 6 2 2 38 25 38 3 3 89 10 55 20 80 2 2 80 25 66 2 5 26 23 19 1 4 201 2 4 49 20 58 3 13 85 27 70 29 63 3 5 110 10 128 28 151 2 6 246 18 121 2 7 170 22 203 2 8 116 16 199 3 12 87 15 85 30 27 3 9 72 15 81 17 47 2 11 144 24 46 2 24 83 26 114 1 12 261 3 13 57 19 71 29 51 3 12 117 15 116 30 83 3 14 68 16 125 22 129 2 24 151 26 148 2 9 68 16 270 2 18 58 23 46 3 13 212 17 81 25 237 2 4 107 20 66 3 19 37 24 38 30 14 2 6 35 18 69 3 14 114 18 129 21 228 2 5 87 22 115 2 22 114 30 133 3 8 10 25 53 29 19 3 14 208 17 266 26 69 2 24 68 26 60 3 16 1 22 1 28 1 3 8 63 16 10 27 77
34 2 9 53 16 258 2 1 27 18 28 2 2 53 25 108 2 4 138 20 45 3 3 107 10 85 20 102 1 4 72 3 5 57 10 200 28 149 3 9 75 15 47 17 52 2 6 300 18 290 2 8 180 16 47 2 7 62 22 280 2 10 41 11 114 2 8 39 16 32 2 11 136 24 181 1 12 338 3 13 25 19 31 29 55 2 2 106 25 102 2 5 335 22 297 3 14 200 16 74 22 101 2 7 247 22 88 3 12 56 15 78 30 25 3 19 30 24 24 30 9 3 13 120 17 34 25 187 2 18 54 23 53 3 13 75 27 103 29 48 3 14 54 18 199 21 79 3 14 239 16 245 22 229 2 5 23 23 20 2 24 135 26 41 3 14 107 17 81 26 196 3 16 1 22 1 28 1 2 22 122 30 92 3 8 44 25 8 29 38 3 8 11 16 60 27 73
34 2 1 37 18 23 2 22 38 30 93 2 2 120 25 49 2 5 28 23 11 3 5 165 10 51 28 33 2 2 59 25 20 2 18 33 23 66 3 3 121 10 108 20 23 2 5 8 23 19 1 4 127 2 6 228 18 79 3 9 43 15 22 17 50 2 7 38 22 58 3 13 19 19 25 29 44 2 8 85 16 194 2 2 35 25 32 2 10 50 11 45 3 19 38 24 20 30 30 2 11 123 24 112 3 8 39 25 54 29 39 1 12 221 2 4 139 20 65 3 14 249 16 173 22 161 3 12 124 15 39 30 123 3 13 40 27 142 29 48 3 14 181 18 196 21 237 2 24 147 26 100 2 9 50 16 33 3 13 152 17 130 25 179 2 5 176 22 138 3 14 74 17 174 26 57 3 13 214 17 141 25 207 3 8 41 16 62 27 76 3 16 1 22 1 28 1
33 2 1 31 18 29 2 5 15 23 20 2 1 16 18 19 2 2 33 25 115 3 3 126 10 80 20 55 1 4 153 2 6 232 18 78 3 8 56 16 26 27 56 3 5 163 10 131 28 38 2 22 54 30 52 2 7 38 22 277 1 12 334 2 5 322 22 239 2 8 136 16 138 3 9 30 15 37 17 75 3 13 202 17 192 25 205 2 10 93 11 47 3 16 1 22 1 28 1 2 11 196 24 152 3 13 22 19 24 29 12 3 12 71 15 20 30 118 3 14 153 16 186 22 276 2 9 174 16 140 1 4 102 2 18 61 23 48 2 7 188 22 153 2 4 26 20 211 3 19 11 24 23 30 29 3 14 55 18 141 21 94 2 24 117 26 127 3 13 61 27 72 29 83 3 8 49 25 36 29 8 3 14 254 17 196 26 249
33 2 1 31 18 29 2 5 15 23 20 2 1 16 18 19 2 2 33 25 115 3 3 126 10 80 20 55 1 4 153 2 6 232 18 78 3 8 56 16 26 27 56 3 5 163 10 131 28 38 2 22 54 30 52 2 7 38 22 277 1 12 334 2 5 322 22 239 2 8 136 16 138 3 9 30 15 37 17 75 3 13 202 17 192 25 205 2 10 93 11 47 3 16 1 22 1 28 1 2 11 196 24 152 3 13 22 19 24 29 12 3 12 71 15 20 30 118 3 14 153 16 186 22 276 2 9 174 16 140 1 4 102 2 18 61 23 48 2 7 188 22 153 2 4 26 20 211 3 19 11 24 23 30 29 3 14 55 18 141 21 94 2 24 117 26 127 3 13 61 27 72 29 83 3 8 49 25 36 29 8 3 14 254 17 196 26 249
34 2 6 294 18 302 2 1 21 18 27 2 2 41 25 35 3 3 23 10 26 20 49 1 4 188 3 5 125 10 143 28 41 2 1 22 18 8 2 7 202 22 142 2 22 127 30 62 2 8 124 16 154 3 9 46 15 65 17 52 2 10 151 11 106 3 8 23 16 26 27 36 2 11 51 24 106 2 24 114 26 146 2 1 7 18 29 1 12 189 3 13 47 19 26 29 31 3 14 195 16 253 22 165 2 6 47 18 116 3 12 64 15 86 30 39 2 9 242 16 130 3 14 232 17 140 26 247 3 13 220 17 121 25 211 2 18 55 23 37 3 19 5 24 14 30 16 2 4 120 20 170 3 14 123 18 174 21 209 2 5 303 22 236 3 14 47 17 44 26 259 3 8 9 25 26 29 10 2 5 25 23 19 3 16 1 22 1 28 1 3 13 77 27 42 29 124
35 2 1 34 18 36 2 2 23 25 36 3 3 30 10 144 20 164 3 8 29 16 65 27 62 1 4 101 2 11 72 24 98 3 5 32 10 105 28 162 2 5 117 22 186 2 6 118 18 72 3 19 20 24 13 30 5 3 8 30 16 42 27 59 2 7 140 22 193 2 8 89 16 176 3 9 76 15 54 17 53 2 9 156 16 85 3 8 63 16 73 27 59 2 10 130 11 167 1 12 77 2 5 29 23 12 3 13 44 19 14 29 12 3 14 165 16 244 22 74 3 13 208 17 118 25 239 3 5 39 10 98 28 86 3 12 26 15 105 30 78 2 18 65 23 33 2 4 132 20 28 1 4 302 3 14 268 18 185 21 114 2 6 247 18 306 2 24 96 26 101 3 16 1 22 1 28 1 3 8 42 25 55 29 18 3 13 80 27 92 29 118 2 22 83 30 83 3 14 215 17 221 26 50
35 2 1 34 18 36 2 2 23 25 36 3 3 30 10 144 20 164 3 8 29 16 65 27 62 1 4 101 2 11 72 24 98 3 5 32 10 105 28 162 2 5 117 22 186 2 6 118 18 72 3 19 20 24 13 30 5 3 8 30 16 42 27 59 2 7 140 22 193 2 8 89 16 176 3 9 76 15 54 17 53 2 9 156 16 85 3 8 63 16 73 27 59 2 10 130 11 167 1 12 77 2 5 29 23 12 3 13 44 19 14 29 12 3 14 165 16 244 22 74 3 13 208 17 118 25 239 3 5 39 10 98 28 86 3 12 26 15 105 30 78 2 18 65 23 33 2 4 132 20 28 1 4 302 3 14 268 18 185 21 114 2 6 247 18 306 2 24 96 26 101 3 16 1 22 1 28 1 3 8 42 25 55 29 18 3 13 80 27 92 29 118 2 22 83 30 83 3 14 215 17 221 26 50
35 2 1 34 18 36 2 2 23 25 36 3 3 30 10 144 20 164 3 8 29 16 65 27 62 1 4 101 2 11 72 24 98 3 5 32 10 105 28 162 2 5 117 22 186 2 6 118 18 72 3 19 20 24 13 30 5 3 8 30 16 42 27 59 2 7 140 22 193 2 8 89 16 176 3 9 76 15 54 17 53 2 9 156 16 85 3 8 63 16 73 27 59 2 10 130 11 167 1 12 77 2 5 29 23 12 3 13 44 19 14 29 12 3 14 165 16 244 22 74 3 13 208 17 118 25 239 3 5 39 10 98 28 86 3 12 26 15 105 30 78 2 18 65 23 33 2 4 132 20 28 1 4 302 3 14 268 18 185 21 114 2 6 247 18 306 2 24 96 26 101 3 16 1 22 1 28 1 3 8 42 25 55 29 18 3 13 80 27 92 29 118 2 22 83 30 83 3 14 215 17 221 26 50
35 2 1 12 18 4 2 2 116 25 62 3 3 128 10 58 20 85 1 4 261 3 14 194 16 228 22 258 1 4 60 3 5 64 10 47 28 197 2 6 102 18 237 3 9 64 15 53 17 66 3 14 98 17 49 26 46 2 7 287 22 279 2 8 34 16 198 2 10 38 11 80 3 12 108 15 39 30 75 2 22 100 30 106 2 11 185 24 44 1 12 229 3 13 14 19 44 29 38 2 18 64 23 32 3 14 162 17 130 26 112 2 9 34 16 42 3 8 26 16 54 27 78 3 13 47 19 39 29 29 2 5 92 22 111 3 13 116 17 229 25 32 3 14 80 18 98 21 194 3 19 23 24 24 30 17 2 4 80 20 60 2 24 170 26 91 2 1 12 18 7 2 5 29 23 15 3 16 1 22 1 28 1 3 8 39 25 14 29 50 2 5 21 23 18 3 13 38 27 61 29 90
35 2 1 33 18 27 2 2 95 25 68 3 3 85 10 158 20 175 3 8 43 16 22 27 33 1 4 147 2 11 107 24 115 3 5 31 10 129 28 147 2 5 188 22 117 2 6 315 18 272 3 19 20 24 12 30 31 3 8 65 16 53 27 54 2 7 79 22 41 2 8 117 16 147 3 9 22 15 36 17 52 2 9 83 16 196 3 8 31 16 39 27 45 2 10 94 11 79 1 12 219 2 5 7 23 25 3 13 59 19 64 29 61 3 14 90 16 200 22 259 3 13 35 17 188 25 154 3 5 49 10 142 28 160 3 12 66 15 62 30 87 2 18 49 23 67 2 4 114 20 66 1 4 173 3 14 168 18 121 21 144 2 6 184 18 120 2 24 112 26 44 3 16 1 22 1 28 1 3 8 47 25 37 29 47 3 13 85 27 26 29 94 2 22 55 30 110 3 14 170 17 102 26 188
35 2 1 28 18 14 2 2 52 25 64 3 3 81 10 39 20 55 3 8 67 16 42 27 10 1 4 66 2 11 153 24 25 3 5 36 10 84 28 181 2 5 202 22 129 2 6 304 18 314 3 19 33 24 23 30 13 3 8 49 16 67 27 44 2 7 42 22 295 2 8 122 16 102 3 9 39 15 33 17 63 2 9 271 16 143 3 8 11 16 76 27 73 2 10 108 11 120 1 12 90 2 5 19 23 9 3 13 68 19 23 29 26 3 14 82 16 90 22 105 3 13 207 17 225 25 58 3 5 116 10 113 28 146 3 12 28 15 50 30 90 2 18 44 23 37 2 4 95 20 130 1 4 84 3 14 194 18 29 21 112 2 6 262 18 41 2 24 146 26 87 3 16 1 22 1 28 1 3 8 41 25 17 29 33 3 13 151 27 132 29 96 2 22 20 30 20 3 14 266 17 207 26 125
33 3 14 61 17 58 26 245 2 1 18 18 15 3 14 212 18 258 21 174 2 2 85 25 26 3 3 26 10 146 20 151 1 4 194 3 5 41 10 168 28 175 2 4 151 20 25 2 9 213 16 142 2 6 78 18 101 2 7 225 22 275 2 8 40 16 175 2 22 126 30 56 2 24 168 26 51 3 9 82 15 68 17 35 3 13 35 27 77 29 38 2 5 263 22 250 2 10 84 11 58 3 13 37 27 54 29 137 2 11 99 24 115 1 12 351 3 14 231 18 244 21 46 3 13 38 19 34 29 65 3 14 66 16 89 22 160 3 12 89 15 52 30 88 3 13 131 17 37 25 134 3 16 1 22 1 28 1 3 3 135 10 102 20 99 2 18 11 23 65 3 19 18 24 8 30 6 2 5 12 23 8 3 8 17 16 41 27 15 3 8 10 25 45 29 25
32 3 14 95 17 146 26 42 3 8 25 25 10 29 20 2 1 19 18 26 2 2 52 25 20 3 3 43 10 52 20 153 1 4 162 2 10 22 11 90 2 7 212 22 267 3 5 116 10 131 28 96 3 8 43 25 41 29 37 2 6 123 18 57 2 8 175 16 223 3 9 78 15 52 17 45 2 11 163 24 107 1 12 353 3 19 15 24 22 30 27 3 13 64 19 13 29 8 3 14 47 16 175 22 88 3 12 55 15 22 30 43 2 9 250 16 238 3 13 52 27 132 29 141 3 13 116 17 41 25 146 2 18 56 23 67 3 13 50 27 122 29 99 2 4 202 20 188 2 24 118 26 166 3 14 253 18 48 21 202 2 5 228 22 320 3 16 1 22 1 28 1 2 5 5 23 18 3 8 14 16 29 27 77 2 22 125 30 105
35 2 1 20 18 22 3 14 76 18 195 21 213 3 14 237 17 100 26 52 3 13 95 27 117 29 36 2 2 81 25 40 3 3 167 10 172 20 90 1 4 232 2 24 79 26 48 3 5 201 10 73 28 98 2 6 305 18 177 2 7 215 22 214 2 8 198 16 90 3 9 43 15 57 17 49 2 11 91 24 87 2 18 16 23 27 2 10 139 11 98 3 8 29 16 74 27 36 1 12 54 2 9 169 16 114 3 12 74 15 117 30 120 3 13 48 19 57 29 25 3 14 76 16 251 22 256 2 2 13 25 110 2 5 199 22 156 3 13 53 27 49 29 93 2 22 95 30 118 3 13 122 17 105 25 179 2 10 149 11 83 3 19 32 24 19 30 36 3 3 94 10 149 20 135 3 16 1 22 1 28 1 2 5 25 23 30 3 8 53 25 8 29 29 3 8 12 16 39 27 35 2 4 56 20 47
DUE_DATES: 8707 8707 8707 7105 7105 8260 8037 8037 8037 8254 8254 8630 8630 8837 6817 8919 8466 8304 7880 7880 8589 8046 8046 6905 8753 8753 7417 7265 8000 8000 8000 8673 8673 7118 8162 8702 9053 7242 8743 8743 8623 8465 8465 8465 7680 8458 7871 8334 8329 8302
WEIGHTS: 2 2 2 1 1 1 3 1 2 3 2 2 3 1 1 1 2 2 3 2 3 1 1 2 1 2 2 1 2 3 3 3 2 2 2 3 1 1 1 1 1 2 2 1 2 2 3 1 2 2
