50 30
37 2 20 48 23 13 2 1 5 23 3 4 2 311 8 110 14 262 17 174 2 2 76 3 183 2 1 4 23 6 2 4 104 16 158 2 1 208 16 196 2 5 24 22 73 3 1 30 6 66 25 142 3 6 168 8 71 30 145 2 5 74 22 34 2 18 36 26 247 2 1 137 16 58 3 1 17 7 16 15 16 3 1 46 5 127 24 282 2 8 325 10 89 2 20 26 23 14 3 1 35 7 21 15 62 3 4 129 9 147 18 49 2 25 53 28 62 2 14 30 19 28 2 11 29 24 37 3 6 112 19 84 22 21 2 12 101 13 15 3 6 58 8 192 30 71 2 1 10 10 9 2 21 82 26 122 2 17 102 23 47 3 6 79 19 87 22 59 2 9 174 14 91 3 9 45 19 24 21 70 2 12 62 18 53 3 16 150 19 105 27 64 3 1 238 17 254 29 278 2 7 185 25 79 2 1 5 10 4 3 2 7 6 11 29 3
34 2 1 3 23 2 4 2 199 8 76 14 134 17 111 2 2 238 3 133 2 7 59 25 65 2 2 162 3 136 2 4 35 16 118 2 25 149 28 244 2 5 50 22 36 4 2 231 8 250 14 113 17 108 3 1 16 7 14 15 4 2 11 31 24 145 3 1 54 6 95 25 143 2 8 178 10 340 3 4 29 9 100 18 182 2 18 215 26 256 2 1 7 10 7 2 12 50 13 113 2 12 25 18 17 3 1 51 7 56 15 110 3 2 3 6 9 29 12 3 16 123 19 27 27 140 2 9 99 14 38 2 1 134 16 85 3 1 227 17 284 29 198 2 20 7 23 23 2 14 102 19 77 3 9 28 19 17 21 15 3 6 45 19 28 22 126 2 17 77 23 95 2 20 32 23 26 3 1 119 5 287 24 233 2 21 196 26 168 2 1 1 10 10 3 6 179 8 162 30 68
35 2 1 1 23 4 4 2 166 8 250 14 58 17 328 2 25 222 28 84 2 4 95 16 36 2 2 56 3 175 2 5 30 22 50 3 6 158 8 118 30 221 2 4 165 16 44 3 1 83 6 134 25 110 2 18 147 26 253 3 1 13 7 28 15 5 2 25 122 28 146 2 8 178 10 114 2 4 90 16 58 3 16 209 19 184 27 212 2 1 8 10 8 2 12 64 13 45 3 4 69 9 70 18 42 2 11 172 24 167 2 12 56 18 24 2 21 151 26 98 2 14 45 19 89 2 1 167 16 70 3 1 112 17 232 29 298 2 1 50 16 201 2 9 101 14 142 2 14 40 19 111 3 2 3 6 9 29 12 3 1 47 7 132 15 78 2 20 15 23 8 3 9 53 19 97 21 39 3 6 27 19 66 22 42 2 17 38 23 34 3 1 132 5 216 24 318 2 7 80 25 82
37 2 1 4 23 8 4 2 338 8 130 14 210 17 208 2 1 8 23 6 2 2 240 3 252 2 4 169 16 92 2 5 79 22 33 3 1 119 6 26 25 94 4 2 135 8 251 14 271 17 118 3 1 16 7 28 15 15 4 2 64 8 82 14 267 17 309 2 1 7 10 9 2 8 185 10 150 3 9 22 19 98 21 84 3 4 107 9 91 18 54 2 11 126 24 86 2 12 17 18 64 2 12 30 13 130 3 1 20 7 22 15 7 2 9 103 14 102 3 1 79 7 19 15 44 2 14 63 19 56 3 1 18 7 3 15 13 2 25 201 28 226 2 18 84 26 246 2 9 34 14 126 2 1 162 16 54 3 1 278 17 269 29 225 3 1 157 5 90 24 80 2 20 53 23 32 2 25 177 28 220 3 6 111 19 110 22 41 3 16 208 19 189 27 209 2 17 11 23 80 2 7 86 25 53 2 21 89 26 104 3 2 1 6 2 29 11 3 6 166 8 185 30 99
37 2 1 4 23 8 4 2 338 8 130 14 210 17 208 2 1 8 23 6 2 2 240 3 252 2 4 169 16 92 2 5 79 22 33 3 1 119 6 26 25 94 4 2 135 8 251 14 271 17 118 3 1 16 7 28 15 15 4 2 64 8 82 14 267 17 309 2 1 7 10 9 2 8 185 10 150 3 9 22 19 98 21 84 3 4 107 9 91 18 54 2 11 126 24 86 2 12 17 18 64 2 12 30 13 130 3 1 20 7 22 15 7 2 9 103 14 102 3 1 79 7 19 15 44 2 14 63 19 56 3 1 18 7 3 15 13 2 25 201 28 226 2 18 84 26 246 2 9 34 14 126 2 1 162 16 54 3 1 278 17 269 29 225 3 1 157 5 90 24 80 2 20 53 23 32 2 25 177 28 220 3 6 111 19 110 22 41 3 16 208 19 189 27 209 2 17 11 23 80 2 7 86 25 53 2 21 89 26 104 3 2 1 6 2 29 11 3 6 166 8 185 30 99
35 2 1 2 23 5 4 2 101 8 225 14 100 17 229 2 1 2 23 1 2 1 1 10 3 2 2 130 3 102 2 4 108 16 65 3 1 11 7 6 15 27 2 21 83 26 221 3 1 13 7 13 15 17 2 5 42 22 38 2 25 179 28 221 2 7 27 25 35 3 6 162 8 141 30 34 3 1 33 6 22 25 111 2 8 43 10 331 3 9 37 19 68 21 25 3 4 111 9 197 18 168 2 11 95 24 168 2 12 57 18 49 2 12 66 13 61 2 9 127 14 107 3 16 149 19 102 27 166 3 1 35 7 122 15 105 2 21 174 26 205 2 14 26 19 33 3 1 255 5 192 24 270 2 1 183 16 90 2 5 18 22 69 2 17 35 23 47 3 1 112 17 346 29 303 4 2 95 8 320 14 245 17 340 2 18 81 26 75 2 20 49 23 20 3 2 5 6 8 29 8 3 6 22 19 21 22 133
35 2 1 2 23 5 4 2 101 8 225 14 100 17 229 2 1 2 23 1 2 1 1 10 3 2 2 130 3 102 2 4 108 16 65 3 1 11 7 6 15 27 2 21 83 26 221 3 1 13 7 13 15 17 2 5 42 22 38 2 25 179 28 221 2 7 27 25 35 3 6 162 8 141 30 34 3 1 33 6 22 25 111 2 8 43 10 331 3 9 37 19 68 21 25 3 4 111 9 197 18 168 2 11 95 24 168 2 12 57 18 49 2 12 66 13 61 2 9 127 14 107 3 16 149 19 102 27 166 3 1 35 7 122 15 105 2 21 174 26 205 2 14 26 19 33 3 1 255 5 192 24 270 2 1 183 16 90 2 5 18 22 69 2 17 35 23 47 3 1 112 17 346 29 303 4 2 95 8 320 14 245 17 340 2 18 81 26 75 2 20 49 23 20 3 2 5 6 8 29 8 3 6 22 19 21 22 133
38 2 1 6 23 3 4 2 184 8 173 14 123 17 84 2 2 74 3 70 2 12 94 13 101 2 4 19 16 88 2 5 70 22 56 4 2 204 8 101 14 322 17 288 3 1 87 6 35 25 35 3 2 1 6 9 29 6 2 1 158 16 107 3 1 29 7 22 15 29 3 16 118 19 130 27 162 3 6 31 8 159 30 64 2 14 19 19 114 2 8 184 10 108 2 4 118 16 92 3 1 80 17 77 29 84 2 1 4 23 1 3 4 63 9 101 18 201 4 2 187 8 278 14 214 17 101 2 1 2 10 8 3 9 61 19 71 21 72 2 11 135 24 133 3 6 116 19 48 22 89 2 1 5 10 8 2 17 15 23 86 2 1 6 10 10 3 1 281 5 83 24 324 3 1 127 6 46 25 95 2 21 202 26 60 2 12 56 18 11 2 9 180 14 44 3 1 10 7 14 15 18 2 18 128 26 267 2 20 44 23 6 3 1 46 7 68 15 76 2 7 36 25 44 2 25 214 28 115
34 2 1 3 23 2 4 2 71 8 189 14 171 17 137 2 7 129 25 46 2 2 130 3 154 2 4 50 16 32 3 6 198 8 150 30 135 3 16 118 19 68 27 150 2 25 42 28 207 3 1 305 17 308 29 190 2 5 12 22 50 2 17 74 23 24 3 1 79 6 47 25 108 3 9 17 19 86 21 24 3 1 24 7 14 15 23 2 8 125 10 117 3 4 145 9 194 18 147 2 1 5 10 3 2 11 87 24 112 2 12 53 18 27 2 1 8 10 9 2 18 251 26 58 2 17 63 23 101 2 12 108 13 73 2 2 104 3 54 2 9 60 14 36 3 1 80 7 43 15 42 2 1 42 16 52 2 14 60 19 111 2 20 30 23 13 2 1 8 10 2 3 6 27 19 21 22 114 3 1 111 5 252 24 186 2 21 84 26 187 3 2 3 6 9 29 5
34 2 1 3 23 2 4 2 71 8 189 14 171 17 137 2 7 129 25 46 2 2 130 3 154 2 4 50 16 32 3 6 198 8 150 30 135 3 16 118 19 68 27 150 2 25 42 28 207 3 1 305 17 308 29 190 2 5 12 22 50 2 17 74 23 24 3 1 79 6 47 25 108 3 9 17 19 86 21 24 3 1 24 7 14 15 23 2 8 125 10 117 3 4 145 9 194 18 147 2 1 5 10 3 2 11 87 24 112 2 12 53 18 27 2 1 8 10 9 2 18 251 26 58 2 17 63 23 101 2 12 108 13 73 2 2 104 3 54 2 9 60 14 36 3 1 80 7 43 15 42 2 1 42 16 52 2 14 60 19 111 2 20 30 23 13 2 1 8 10 2 3 6 27 19 21 22 114 3 1 111 5 252 24 186 2 21 84 26 187 3 2 3 6 9 29 5
34 2 1 3 23 2 4 2 71 8 189 14 171 17 137 2 7 129 25 46 2 2 130 3 154 2 4 50 16 32 3 6 198 8 150 30 135 3 16 118 19 68 27 150 2 25 42 28 207 3 1 305 17 308 29 190 2 5 12 22 50 2 17 74 23 24 3 1 79 6 47 25 108 3 9 17 19 86 21 24 3 1 24 7 14 15 23 2 8 125 10 117 3 4 145 9 194 18 147 2 1 5 10 3 2 11 87 24 112 2 12 53 18 27 2 1 8 10 9 2 18 251 26 58 2 17 63 23 101 2 12 108 13 73 2 2 104 3 54 2 9 60 14 36 3 1 80 7 43 15 42 2 1 42 16 52 2 14 60 19 111 2 20 30 23 13 2 1 8 10 2 3 6 27 19 21 22 114 3 1 111 5 252 24 186 2 21 84 26 187 3 2 3 6 9 29 5
37 2 20 26 23 45 2 1 6 23 2 4 2 143 8 46 14 61 17 307 2 2 225 3 151 2 1 4 23 6 2 4 166 16 91 2 1 146 16 179 2 5 66 22 74 3 1 128 6 31 25 86 3 6 83 8 40 30 63 2 5 33 22 22 2 18 252 26 63 2 1 51 16 146 3 1 12 7 24 15 6 3 1 299 5 123 24 217 2 8 195 10 279 2 20 30 23 27 3 1 85 7 77 15 90 3 4 145 9 140 18 108 2 25 32 28 151 2 14 36 19 64 2 11 74 24 41 3 6 68 19 66 22 45 2 12 100 13 107 3 6 67 8 26 30 213 2 1 4 10 4 2 21 208 26 238 2 17 18 23 91 3 6 37 19 79 22 103 2 9 88 14 138 3 9 36 19 77 21 17 2 12 48 18 48 3 16 28 19 143 27 174 3 1 341 17 243 29 124 2 7 73 25 92 2 1 5 10 3 3 2 5 6 11 29 7
35 2 1 5 23 3 4 2 225 8 184 14 110 17 254 2 2 107 3 91 2 17 42 23 58 2 4 131 16 162 2 1 2 23 7 2 5 90 22 55 3 1 119 6 124 25 67 3 4 187 9 81 18 179 3 1 6 7 4 15 18 2 8 165 10 246 2 25 180 28 204 2 1 9 10 1 2 5 81 22 66 3 16 78 19 129 27 129 2 11 105 24 42 2 12 50 18 68 2 12 70 13 62 2 20 48 23 25 3 1 143 17 125 29 150 2 1 187 16 93 2 5 24 22 55 2 21 166 26 105 3 1 148 5 96 24 254 3 6 41 19 61 22 138 3 1 24 7 22 15 18 2 9 21 14 67 3 1 118 7 120 15 81 2 14 48 19 18 2 18 210 26 173 3 9 48 19 60 21 88 2 7 68 25 184 3 1 279 5 103 24 300 3 2 5 6 6 29 7 3 6 120 8 211 30 224
35 2 1 5 23 3 4 2 225 8 184 14 110 17 254 2 2 107 3 91 2 17 42 23 58 2 4 131 16 162 2 1 2 23 7 2 5 90 22 55 3 1 119 6 124 25 67 3 4 187 9 81 18 179 3 1 6 7 4 15 18 2 8 165 10 246 2 25 180 28 204 2 1 9 10 1 2 5 81 22 66 3 16 78 19 129 27 129 2 11 105 24 42 2 12 50 18 68 2 12 70 13 62 2 20 48 23 25 3 1 143 17 125 29 150 2 1 187 16 93 2 5 24 22 55 2 21 166 26 105 3 1 148 5 96 24 254 3 6 41 19 61 22 138 3 1 24 7 22 15 18 2 9 21 14 67 3 1 118 7 120 15 81 2 14 48 19 18 2 18 210 26 173 3 9 48 19 60 21 88 2 7 68 25 184 3 1 279 5 103 24 300 3 2 5 6 6 29 7 3 6 120 8 211 30 224
37 2 1 6 23 3 4 2 264 8 286 14 246 17 339 2 1 8 23 2 2 2 56 3 252 2 4 166 16 53 2 5 70 22 36 3 1 87 6 118 25 36 4 2 75 8 39 14 283 17 242 3 1 16 7 26 15 26 4 2 145 8 128 14 307 17 244 2 1 8 10 5 2 8 174 10 214 3 9 89 19 31 21 90 3 4 122 9 102 18 69 2 11 84 24 112 2 12 15 18 52 2 12 96 13 19 3 1 8 7 4 15 15 2 9 76 14 133 3 1 63 7 40 15 25 2 14 74 19 57 3 1 4 7 8 15 18 2 25 244 28 35 2 18 79 26 46 2 9 163 14 24 2 1 193 16 84 3 1 242 17 86 29 358 3 1 58 5 288 24 47 2 20 51 23 44 2 25 185 28 76 3 6 72 19 28 22 68 3 16 104 19 123 27 27 2 17 56 23 74 2 7 38 25 79 2 21 123 26 216 3 2 6 6 6 29 1 3 6 124 8 54 30 180
37 2 1 6 23 3 4 2 264 8 286 14 246 17 339 2 1 8 23 2 2 2 56 3 252 2 4 166 16 53 2 5 70 22 36 3 1 87 6 118 25 36 4 2 75 8 39 14 283 17 242 3 1 16 7 26 15 26 4 2 145 8 128 14 307 17 244 2 1 8 10 5 2 8 174 10 214 3 9 89 19 31 21 90 3 4 122 9 102 18 69 2 11 84 24 112 2 12 15 18 52 2 12 96 13 19 3 1 8 7 4 15 15 2 9 76 14 133 3 1 63 7 40 15 25 2 14 74 19 57 3 1 4 7 8 15 18 2 25 244 28 35 2 18 79 26 46 2 9 163 14 24 2 1 193 16 84 3 1 242 17 86 29 358 3 1 58 5 288 24 47 2 20 51 23 44 2 25 185 28 76 3 6 72 19 28 22 68 3 16 104 19 123 27 27 2 17 56 23 74 2 7 38 25 79 2 21 123 26 216 3 2 6 6 6 29 1 3 6 124 8 54 30 180
37 2 1 6 23 3 4 2 264 8 286 14 246 17 339 2 1 8 23 2 2 2 56 3 252 2 4 166 16 53 2 5 70 22 36 3 1 87 6 118 25 36 4 2 75 8 39 14 283 17 242 3 1 16 7 26 15 26 4 2 145 8 128 14 307 17 244 2 1 8 10 5 2 8 174 10 214 3 9 89 19 31 21 90 3 4 122 9 102 18 69 2 11 84 24 112 2 12 15 18 52 2 12 96 13 19 3 1 8 7 4 15 15 2 9 76 14 133 3 1 63 7 40 15 25 2 14 74 19 57 3 1 4 7 8 15 18 2 25 244 28 35 2 18 79 26 46 2 9 163 14 24 2 1 193 16 84 3 1 242 17 86 29 358 3 1 58 5 288 24 47 2 20 51 23 44 2 25 185 28 76 3 6 72 19 28 22 68 3 16 104 19 123 27 27 2 17 56 23 74 2 7 38 25 79 2 21 123 26 216 3 2 6 6 6 29 1 3 6 124 8 54 30 180
37 2 1 6 23 3 4 2 264 8 286 14 246 17 339 2 1 8 23 2 2 2 56 3 252 2 4 166 16 53 2 5 70 22 36 3 1 87 6 118 25 36 4 2 75 8 39 14 283 17 242 3 1 16 7 26 15 26 4 2 145 8 128 14 307 17 244 2 1 8 10 5 2 8 174 10 214 3 9 89 19 31 21 90 3 4 122 9 102 18 69 2 11 84 24 112 2 12 15 18 52 2 12 96 13 19 3 1 8 7 4 15 15 2 9 76 14 133 3 1 63 7 40 15 25 2 14 74 19 57 3 1 4 7 8 15 18 2 25 244 28 35 2 18 79 26 46 2 9 163 14 24 2 1 193 16 84 3 1 242 17 86 29 358 3 1 58 5 288 24 47 2 20 51 23 44 2 25 185 28 76 3 6 72 19 28 22 68 3 16 104 19 123 27 27 2 17 56 23 74 2 7 38 25 79 2 21 123 26 216 3 2 6 6 6 29 1 3 6 124 8 54 30 180
34 2 1 4 23 1 4 2 47 8 236 14 167 17 69 2 7 170 25 218 2 2 157 3 178 2 4 157 16 164 3 6 106 8 68 30 95 3 16 86 19 189 27 36 2 25 105 28 53 3 1 236 17 99 29 203 2 5 49 22 20 2 17 78 23 72 3 1 24 6 141 25 103 3 9 71 19 26 21 76 3 1 8 7 14 15 17 2 8 107 10 186 3 4 135 9 38 18 27 2 1 5 10 2 2 11 45 24 32 2 12 47 18 9 2 1 3 10 5 2 18 144 26 127 2 17 33 23 64 2 12 62 13 79 2 2 58 3 71 2 9 96 14 103 3 1 71 7 23 15 134 2 1 44 16 74 2 14 17 19 53 2 20 24 23 11 2 1 1 10 6 3 6 123 19 94 22 83 3 1 101 5 155 24 220 2 21 113 26 99 3 2 12 6 7 29 5
34 4 2 198 8 232 14 306 17 70 2 1 3 23 2 2 2 62 3 46 2 4 126 16 143 2 11 119 24 116 2 5 87 22 26 2 20 44 23 25 3 1 108 6 132 25 133 3 1 27 7 26 15 30 2 8 73 10 333 2 12 52 18 14 2 17 45 23 104 3 6 30 19 33 22 120 3 4 152 9 79 18 106 3 1 77 6 87 25 129 2 1 8 10 9 2 1 2 23 5 2 1 113 16 72 2 12 67 13 122 3 6 59 8 192 30 200 2 2 58 3 262 2 9 88 14 46 3 1 113 7 112 15 112 3 1 240 17 335 29 342 3 16 38 19 121 27 98 3 9 22 19 31 21 26 2 18 193 26 152 2 14 65 19 59 3 1 182 5 291 24 232 2 21 72 26 227 3 4 94 9 153 18 132 2 7 69 25 223 2 25 243 28 86 3 2 12 6 5 29 10
37 2 20 52 23 33 2 1 4 23 6 4 2 175 8 332 14 130 17 287 2 2 120 3 179 2 1 2 23 7 2 4 152 16 76 2 1 31 16 115 2 5 65 22 56 3 1 130 6 89 25 131 3 6 203 8 72 30 129 2 5 63 22 85 2 18 101 26 41 2 1 178 16 54 3 1 16 7 27 15 10 3 1 145 5 53 24 176 2 8 268 10 60 2 20 49 23 50 3 1 118 7 37 15 123 3 4 109 9 195 18 58 2 25 138 28 236 2 14 96 19 41 2 11 67 24 68 3 6 112 19 106 22 120 2 12 43 13 98 3 6 136 8 80 30 156 2 1 7 10 2 2 21 233 26 109 2 17 86 23 73 3 6 64 19 18 22 33 2 9 71 14 22 3 9 55 19 26 21 80 2 12 25 18 26 3 16 212 19 81 27 122 3 1 101 17 146 29 67 2 7 42 25 97 2 1 8 10 7 3 2 1 6 8 29 6
34 2 9 124 14 92 2 1 8 23 8 4 2 296 8 310 14 205 17 341 2 2 189 3 189 2 1 8 23 1 3 4 158 9 115 18 71 3 1 126 6 99 25 66 2 9 126 14 173 2 4 74 16 72 2 5 59 22 26 2 18 184 26 116 3 1 25 7 18 15 14 2 8 61 10 257 2 1 7 10 7 3 1 319 17 155 29 86 2 11 24 24 138 2 8 301 10 124 2 12 30 18 13 2 12 73 13 55 3 1 24 7 24 15 127 2 1 175 16 145 2 14 110 19 31 3 16 92 19 129 27 57 2 20 12 23 40 3 1 49 7 24 15 86 3 9 54 19 39 21 94 3 6 51 19 97 22 16 2 21 182 26 153 2 17 57 23 72 3 1 210 5 44 24 289 2 7 209 25 49 2 25 218 28 64 3 2 7 6 1 29 4 3 6 188 8 107 30 164
34 2 9 124 14 92 2 1 8 23 8 4 2 296 8 310 14 205 17 341 2 2 189 3 189 2 1 8 23 1 3 4 158 9 115 18 71 3 1 126 6 99 25 66 2 9 126 14 173 2 4 74 16 72 2 5 59 22 26 2 18 184 26 116 3 1 25 7 18 15 14 2 8 61 10 257 2 1 7 10 7 3 1 319 17 155 29 86 2 11 24 24 138 2 8 301 10 124 2 12 30 18 13 2 12 73 13 55 3 1 24 7 24 15 127 2 1 175 16 145 2 14 110 19 31 3 16 92 19 129 27 57 2 20 12 23 40 3 1 49 7 24 15 86 3 9 54 19 39 21 94 3 6 51 19 97 22 16 2 21 182 26 153 2 17 57 23 72 3 1 210 5 44 24 289 2 7 209 25 49 2 25 218 28 64 3 2 7 6 1 29 4 3 6 188 8 107 30 164
34 2 1 3 23 7 3 1 138 6 102 25 56 2 1 5 23 4 2 21 38 26 235 2 8 84 10 115 3 1 88 17 202 29 155 2 20 16 23 39 4 2 198 8 192 14 122 17 118 3 1 115 17 357 29 332 2 2 255 3 42 2 4 36 16 99 4 2 286 8 334 14 232 17 303 2 5 47 22 71 3 1 270 5 84 24 58 3 1 24 7 22 15 8 3 4 193 9 53 18 126 2 1 10 10 7 2 21 59 26 128 2 11 111 24 166 2 12 63 18 33 2 14 83 19 84 2 12 84 13 16 2 9 28 14 51 3 1 93 7 61 15 114 2 1 65 16 90 2 18 81 26 247 3 9 85 19 17 21 81 3 6 47 19 26 22 115 2 17 27 23 87 2 7 72 25 45 3 16 34 19 172 27 213 2 25 183 28 209 3 2 6 6 8 29 2 3 6 101 8 100 30 121
34 2 1 3 23 7 3 1 138 6 102 25 56 2 1 5 23 4 2 21 38 26 235 2 8 84 10 115 3 1 88 17 202 29 155 2 20 16 23 39 4 2 198 8 192 14 122 17 118 3 1 115 17 357 29 332 2 2 255 3 42 2 4 36 16 99 4 2 286 8 334 14 232 17 303 2 5 47 22 71 3 1 270 5 84 24 58 3 1 24 7 22 15 8 3 4 193 9 53 18 126 2 1 10 10 7 2 21 59 26 128 2 11 111 24 166 2 12 63 18 33 2 14 83 19 84 2 12 84 13 16 2 9 28 14 51 3 1 93 7 61 15 114 2 1 65 16 90 2 18 81 26 247 3 9 85 19 17 21 81 3 6 47 19 26 22 115 2 17 27 23 87 2 7 72 25 45 3 16 34 19 172 27 213 2 25 183 28 209 3 2 6 6 8 29 2 3 6 101 8 100 30 121
37 2 1 7 23 6 4 2 45 8 94 14 259 17 182 2 2 58 3 84 4 2 173 8 234 14 215 17 183 3 6 131 19 77 22 74 2 4 19 16 26 4 2 40 8 64 14 247 17 284 3 1 25 7 24 15 19 2 4 166 16 57 2 5 19 22 31 2 20 34 23 40 3 1 126 6 37 25 89 2 8 255 10 107 3 4 131 9 79 18 200 2 1 10 10 8 2 11 90 24 176 3 1 303 5 170 24 212 2 5 69 22 71 2 12 8 18 35 2 12 21 13 120 2 9 173 14 146 2 17 12 23 43 3 1 7 7 23 15 25 2 1 167 16 76 3 6 187 8 172 30 61 3 1 102 17 209 29 216 2 4 164 16 116 3 1 72 7 19 15 55 2 18 49 26 199 3 16 110 19 209 27 215 3 2 1 6 5 29 7 2 14 13 19 48 3 9 28 19 97 21 70 2 7 201 25 84 4 2 42 8 64 14 256 17 272 2 21 53 26 122 2 25 167 28 109
37 2 1 7 23 6 4 2 45 8 94 14 259 17 182 2 2 58 3 84 4 2 173 8 234 14 215 17 183 3 6 131 19 77 22 74 2 4 19 16 26 4 2 40 8 64 14 247 17 284 3 1 25 7 24 15 19 2 4 166 16 57 2 5 19 22 31 2 20 34 23 40 3 1 126 6 37 25 89 2 8 255 10 107 3 4 131 9 79 18 200 2 1 10 10 8 2 11 90 24 176 3 1 303 5 170 24 212 2 5 69 22 71 2 12 8 18 35 2 12 21 13 120 2 9 173 14 146 2 17 12 23 43 3 1 7 7 23 15 25 2 1 167 16 76 3 6 187 8 172 30 61 3 1 102 17 209 29 216 2 4 164 16 116 3 1 72 7 19 15 55 2 18 49 26 199 3 16 110 19 209 27 215 3 2 1 6 5 29 7 2 14 13 19 48 3 9 28 19 97 21 70 2 7 201 25 84 4 2 42 8 64 14 256 17 272 2 21 53 26 122 2 25 167 28 109
34 4 2 266 8 277 14 213 17 101 2 1 3 23 3 2 2 239 3 56 2 4 127 16 112 2 11 63 24 43 2 5 33 22 55 2 20 11 23 7 3 1 79 6 140 25 95 3 1 7 7 20 15 23 2 8 68 10 213 2 12 34 18 51 2 17 83 23 88 3 6 53 19 58 22 130 3 4 116 9 38 18 79 3 1 86 6 48 25 102 2 1 1 10 3 2 1 1 23 4 2 1 74 16 87 2 12 92 13 116 3 6 48 8 136 30 58 2 2 237 3 223 2 9 60 14 157 3 1 107 7 61 15 90 3 1 46 17 53 29 55 3 16 208 19 200 27 121 3 9 31 19 67 21 51 2 18 189 26 240 2 14 37 19 47 3 1 190 5 297 24 127 2 21 127 26 67 3 4 99 9 33 18 132 2 7 173 25 147 2 25 100 28 70 3 2 10 6 4 29 6
34 3 9 53 19 70 21 23 2 11 143 24 100 2 12 19 18 42 2 1 7 23 8 4 2 104 8 285 14 317 17 271 2 18 103 26 170 2 11 30 24 165 2 2 79 3 132 2 4 171 16 30 3 9 59 19 66 21 84 2 5 39 22 78 3 1 54 6 43 25 90 3 1 17 7 6 15 9 2 11 100 24 114 2 8 126 10 260 3 6 122 19 25 22 138 2 7 50 25 99 2 8 234 10 123 3 4 36 9 71 18 168 2 1 6 10 3 2 12 32 13 28 2 9 49 14 129 3 1 125 7 89 15 29 2 1 29 16 39 3 2 9 6 6 29 10 3 1 347 17 101 29 248 2 21 51 26 137 2 14 116 19 56 2 20 47 23 20 2 17 84 23 68 3 1 295 5 99 24 324 3 16 122 19 161 27 163 2 25 234 28 108 3 6 75 8 145 30 78
34 3 9 53 19 70 21 23 2 11 143 24 100 2 12 19 18 42 2 1 7 23 8 4 2 104 8 285 14 317 17 271 2 18 103 26 170 2 11 30 24 165 2 2 79 3 132 2 4 171 16 30 3 9 59 19 66 21 84 2 5 39 22 78 3 1 54 6 43 25 90 3 1 17 7 6 15 9 2 11 100 24 114 2 8 126 10 260 3 6 122 19 25 22 138 2 7 50 25 99 2 8 234 10 123 3 4 36 9 71 18 168 2 1 6 10 3 2 12 32 13 28 2 9 49 14 129 3 1 125 7 89 15 29 2 1 29 16 39 3 2 9 6 6 29 10 3 1 347 17 101 29 248 2 21 51 26 137 2 14 116 19 56 2 20 47 23 20 2 17 84 23 68 3 1 295 5 99 24 324 3 16 122 19 161 27 163 2 25 234 28 108 3 6 75 8 145 30 78
37 2 1 5 23 7 4 2 134 8 113 14 247 17 271 2 2 48 3 268 4 2 86 8 320 14 305 17 89 3 6 52 19 71 22 24 2 4 168 16 134 4 2 72 8 94 14 189 17 60 3 1 11 7 24 15 16 2 4 132 16 78 2 5 15 22 42 2 20 39 23 16 3 1 112 6 20 25 84 2 8 127 10 53 3 4 206 9 85 18 146 2 1 1 10 10 2 11 94 24 122 3 1 46 5 44 24 320 2 5 42 22 76 2 12 50 18 24 2 12 76 13 14 2 9 159 14 149 2 17 30 23 12 3 1 13 7 10 15 28 2 1 77 16 70 3 6 188 8 132 30 55 3 1 270 17 53 29 271 2 4 30 16 169 3 1 76 7 19 15 107 2 18 247 26 142 3 16 98 19 97 27 61 3 2 7 6 10 29 11 2 14 49 19 101 3 9 28 19 44 21 15 2 7 60 25 59 4 2 149 8 330 14 245 17 47 2 21 32 26 253 2 25 105 28 163
39 2 1 1 23 4 4 2 178 8 184 14 223 17 153 3 6 54 8 209 30 71 2 21 174 26 67 2 2 168 3 178 2 12 49 13 104 3 6 213 8 168 30 168 2 4 116 16 63 4 2 220 8 277 14 215 17 323 2 5 88 22 87 3 1 53 6 92 25 48 3 1 10 7 16 15 17 3 6 70 8 40 30 58 3 9 91 19 34 21 66 2 8 317 10 163 3 4 25 9 106 18 49 2 1 3 10 5 3 6 112 8 143 30 101 2 11 134 24 31 2 12 16 18 25 2 1 1 23 6 2 9 153 14 133 3 1 122 7 95 15 61 2 25 183 28 68 2 1 115 16 46 2 2 32 3 52 2 7 77 25 50 3 1 136 17 138 29 265 3 1 70 7 15 15 70 2 18 226 26 121 3 2 5 6 10 29 10 3 6 56 19 126 22 38 2 14 66 19 66 2 20 53 23 6 2 17 68 23 101 3 1 80 6 125 25 51 3 1 223 5 170 24 196 3 1 103 6 105 25 33 3 16 214 19 229 27 36
31 2 1 166 16 154 2 18 81 26 156 2 1 7 23 6 4 2 341 8 327 14 80 17 267 2 2 63 3 57 3 6 190 8 182 30 164 3 2 6 6 2 29 6 2 25 175 28 136 3 9 90 19 44 21 65 2 4 94 16 89 2 5 94 22 70 3 1 61 6 86 25 134 3 1 16 7 3 15 4 2 7 185 25 73 2 14 53 19 30 3 4 180 9 120 18 56 2 8 250 10 168 2 1 1 10 3 2 11 67 24 55 2 12 18 18 32 2 12 33 13 122 2 9 104 14 135 3 1 56 7 97 15 52 3 1 210 17 89 29 172 2 20 12 23 22 3 6 133 19 85 22 61 2 17 31 23 38 3 1 49 5 222 24 145 2 21 239 26 152 2 2 191 3 91 3 16 116 19 226 27 154
31 2 1 166 16 154 2 18 81 26 156 2 1 7 23 6 4 2 341 8 327 14 80 17 267 2 2 63 3 57 3 6 190 8 182 30 164 3 2 6 6 2 29 6 2 25 175 28 136 3 9 90 19 44 21 65 2 4 94 16 89 2 5 94 22 70 3 1 61 6 86 25 134 3 1 16 7 3 15 4 2 7 185 25 73 2 14 53 19 30 3 4 180 9 120 18 56 2 8 250 10 168 2 1 1 10 3 2 11 67 24 55 2 12 18 18 32 2 12 33 13 122 2 9 104 14 135 3 1 56 7 97 15 52 3 1 210 17 89 29 172 2 20 12 23 22 3 6 133 19 85 22 61 2 17 31 23 38 3 1 49 5 222 24 145 2 21 239 26 152 2 2 191 3 91 3 16 116 19 226 27 154
31 2 1 166 16 154 2 18 81 26 156 2 1 7 23 6 4 2 341 8 327 14 80 17 267 2 2 63 3 57 3 6 190 8 182 30 164 3 2 6 6 2 29 6 2 25 175 28 136 3 9 90 19 44 21 65 2 4 94 16 89 2 5 94 22 70 3 1 61 6 86 25 134 3 1 16 7 3 15 4 2 7 185 25 73 2 14 53 19 30 3 4 180 9 120 18 56 2 8 250 10 168 2 1 1 10 3 2 11 67 24 55 2 12 18 18 32 2 12 33 13 122 2 9 104 14 135 3 1 56 7 97 15 52 3 1 210 17 89 29 172 2 20 12 23 22 3 6 133 19 85 22 61 2 17 31 23 38 3 1 49 5 222 24 145 2 21 239 26 152 2 2 191 3 91 3 16 116 19 226 27 154
31 2 1 166 16 154 2 18 81 26 156 2 1 7 23 6 4 2 341 8 327 14 80 17 267 2 2 63 3 57 3 6 190 8 182 30 164 3 2 6 6 2 29 6 2 25 175 28 136 3 9 90 19 44 21 65 2 4 94 16 89 2 5 94 22 70 3 1 61 6 86 25 134 3 1 16 7 3 15 4 2 7 185 25 73 2 14 53 19 30 3 4 180 9 120 18 56 2 8 250 10 168 2 1 1 10 3 2 11 67 24 55 2 12 18 18 32 2 12 33 13 122 2 9 104 14 135 3 1 56 7 97 15 52 3 1 210 17 89 29 172 2 20 12 23 22 3 6 133 19 85 22 61 2 17 31 23 38 3 1 49 5 222 24 145 2 21 239 26 152 2 2 191 3 91 3 16 116 19 226 27 154
37 2 1 2 23 2 4 2 72 8 38 14 250 17 83 2 2 208 3 241 3 1 82 7 96 15 45 2 1 7 23 2 2 4 172 16 122 2 1 3 23 7 2 5 92 22 47 3 1 110 6 68 25 23 3 1 119 7 83 15 73 3 1 26 7 4 15 13 3 2 4 6 9 29 7 2 7 125 25 227 2 8 44 10 210 3 2 8 6 9 29 6 3 6 79 19 56 22 43 3 1 251 17 252 29 111 3 4 31 9 51 18 50 2 8 335 10 96 2 1 6 10 3 2 14 84 19 87 2 11 99 24 163 2 5 61 22 92 2 12 38 18 32 2 12 23 13 89 2 9 88 14 96 2 21 153 26 109 2 1 112 16 88 2 18 190 26 227 2 20 7 23 50 2 21 134 26 235 3 9 93 19 76 21 17 3 16 89 19 86 27 195 2 17 41 23 62 3 1 241 5 151 24 218 3 6 196 8 92 30 113 2 25 40 28 222
35 2 1 8 23 4 4 2 89 8 211 14 119 17 254 2 1 4 23 4 2 1 4 10 5 2 2 213 3 176 2 4 104 16 138 3 1 4 7 15 15 6 2 21 141 26 215 3 1 9 7 29 15 25 2 5 74 22 90 2 25 105 28 233 2 7 114 25 52 3 6 74 8 226 30 145 3 1 76 6 85 25 127 2 8 181 10 286 3 9 62 19 79 21 96 3 4 174 9 71 18 50 2 11 141 24 29 2 12 66 18 58 2 12 16 13 33 2 9 95 14 149 3 16 160 19 81 27 118 3 1 102 7 69 15 133 2 21 168 26 149 2 14 51 19 81 3 1 88 5 177 24 148 2 1 151 16 168 2 5 41 22 67 2 17 78 23 82 3 1 80 17 234 29 94 4 2 144 8 130 14 122 17 117 2 18 89 26 162 2 20 6 23 41 3 2 9 6 10 29 4 3 6 60 19 44 22 49
35 2 1 8 23 4 4 2 89 8 211 14 119 17 254 2 1 4 23 4 2 1 4 10 5 2 2 213 3 176 2 4 104 16 138 3 1 4 7 15 15 6 2 21 141 26 215 3 1 9 7 29 15 25 2 5 74 22 90 2 25 105 28 233 2 7 114 25 52 3 6 74 8 226 30 145 3 1 76 6 85 25 127 2 8 181 10 286 3 9 62 19 79 21 96 3 4 174 9 71 18 50 2 11 141 24 29 2 12 66 18 58 2 12 16 13 33 2 9 95 14 149 3 16 160 19 81 27 118 3 1 102 7 69 15 133 2 21 168 26 149 2 14 51 19 81 3 1 88 5 177 24 148 2 1 151 16 168 2 5 41 22 67 2 17 78 23 82 3 1 80 17 234 29 94 4 2 144 8 130 14 122 17 117 2 18 89 26 162 2 20 6 23 41 3 2 9 6 10 29 4 3 6 60 19 44 22 49
34 3 9 81 19 81 21 35 2 11 121 24 38 2 12 22 18 15 2 1 5 23 4 4 2 306 8 206 14 56 17 218 2 18 286 26 37 2 11 32 24 20 2 2 166 3 53 2 4 127 16 122 3 9 89 19 62 21 79 2 5 57 22 29 3 1 46 6 130 25 133 3 1 16 7 24 15 10 2 11 71 24 25 2 8 244 10 247 3 6 96 19 116 22 133 2 7 205 25 65 2 8 187 10 214 3 4 163 9 82 18 140 2 1 6 10 2 2 12 119 13 128 2 9 74 14 73 3 1 65 7 62 15 51 2 1 148 16 80 3 2 7 6 8 29 5 3 1 200 17 67 29 137 2 21 41 26 162 2 14 68 19 64 2 20 9 23 10 2 17 33 23 102 3 1 259 5 227 24 255 3 16 116 19 71 27 124 2 25 86 28 185 3 6 168 8 53 30 29
34 2 1 1 23 1 4 2 258 8 199 14 199 17 54 2 2 238 3 201 2 11 82 24 100 2 4 162 16 100 2 5 53 22 86 2 11 78 24 52 3 1 99 6 22 25 137 2 7 204 25 87 3 1 28 7 13 15 19 2 14 31 19 62 2 8 225 10 118 3 1 11 7 27 15 17 3 1 184 5 92 24 117 3 4 130 9 37 18 95 3 2 9 6 8 29 6 2 1 7 10 2 2 12 24 18 33 2 12 87 13 23 2 9 88 14 66 2 12 23 13 59 3 6 127 19 35 22 131 3 1 86 7 36 15 30 2 1 161 16 27 2 17 26 23 93 3 9 87 19 16 21 61 3 16 193 19 129 27 124 2 25 136 28 135 3 1 49 17 198 29 338 2 21 200 26 169 2 18 68 26 126 2 20 50 23 21 2 2 228 3 89 3 6 215 8 194 30 220
34 3 9 13 19 78 21 32 2 11 121 24 172 2 12 30 18 70 2 1 8 23 4 4 2 215 8 238 14 148 17 152 2 18 32 26 41 2 11 125 24 49 2 2 33 3 55 2 4 35 16 63 3 9 60 19 26 21 30 2 5 48 22 54 3 1 73 6 88 25 49 3 1 8 7 17 15 23 2 11 121 24 177 2 8 136 10 229 3 6 78 19 89 22 106 2 7 138 25 230 2 8 291 10 335 3 4 109 9 73 18 189 2 1 5 10 2 2 12 97 13 47 2 9 83 14 54 3 1 50 7 100 15 65 2 1 51 16 206 3 2 1 6 7 29 8 3 1 226 17 314 29 240 2 21 86 26 106 2 14 17 19 62 2 20 48 23 53 2 17 47 23 47 3 1 47 5 223 24 106 3 16 94 19 26 27 63 2 25 170 28 181 3 6 168 8 185 30 210
34 3 9 13 19 78 21 32 2 11 121 24 172 2 12 30 18 70 2 1 8 23 4 4 2 215 8 238 14 148 17 152 2 18 32 26 41 2 11 125 24 49 2 2 33 3 55 2 4 35 16 63 3 9 60 19 26 21 30 2 5 48 22 54 3 1 73 6 88 25 49 3 1 8 7 17 15 23 2 11 121 24 177 2 8 136 10 229 3 6 78 19 89 22 106 2 7 138 25 230 2 8 291 10 335 3 4 109 9 73 18 189 2 1 5 10 2 2 12 97 13 47 2 9 83 14 54 3 1 50 7 100 15 65 2 1 51 16 206 3 2 1 6 7 29 8 3 1 226 17 314 29 240 2 21 86 26 106 2 14 17 19 62 2 20 48 23 53 2 17 47 23 47 3 1 47 5 223 24 106 3 16 94 19 26 27 63 2 25 170 28 181 3 6 168 8 185 30 210
34 3 9 30 19 80 21 80 2 11 111 24 111 2 12 33 18 68 2 1 7 23 8 4 2 66 8 221 14 299 17 253 2 18 239 26 64 2 11 45 24 63 2 2 131 3 116 2 4 119 16 92 3 9 36 19 23 21 70 2 5 82 22 75 3 1 132 6 69 25 42 3 1 16 7 6 15 30 2 11 39 24 179 2 8 49 10 323 3 6 135 19 46 22 62 2 7 143 25 176 2 8 82 10 68 3 4 149 9 41 18 64 2 1 9 10 5 2 12 79 13 42 2 9 181 14 128 3 1 115 7 126 15 72 2 1 161 16 132 3 2 9 6 7 29 7 3 1 260 17 356 29 241 2 21 181 26 236 2 14 54 19 87 2 20 6 23 31 2 17 89 23 37 3 1 259 5 310 24 130 3 16 188 19 100 27 126 2 25 177 28 64 3 6 172 8 74 30 186
37 2 1 3 23 5 4 2 118 8 143 14 268 17 187 2 2 196 3 165 3 1 34 7 48 15 29 2 1 5 23 6 2 4 98 16 53 2 1 1 23 1 2 5 77 22 33 3 1 131 6 85 25 52 3 1 80 7 61 15 18 3 1 14 7 4 15 28 3 2 5 6 7 29 3 2 7 127 25 135 2 8 199 10 46 3 2 8 6 5 29 5 3 6 24 19 123 22 98 3 1 125 17 138 29 183 3 4 48 9 121 18 105 2 8 242 10 163 2 1 7 10 3 2 14 93 19 60 2 11 173 24 154 2 5 19 22 43 2 12 59 18 30 2 12 126 13 86 2 9 185 14 89 2 21 176 26 248 2 1 181 16 134 2 18 63 26 255 2 20 50 23 49 2 21 179 26 105 3 9 60 19 80 21 25 3 16 167 19 187 27 73 2 17 93 23 25 3 1 324 5 153 24 322 3 6 220 8 111 30 218 2 25 147 28 110
37 2 1 3 23 5 4 2 118 8 143 14 268 17 187 2 2 196 3 165 3 1 34 7 48 15 29 2 1 5 23 6 2 4 98 16 53 2 1 1 23 1 2 5 77 22 33 3 1 131 6 85 25 52 3 1 80 7 61 15 18 3 1 14 7 4 15 28 3 2 5 6 7 29 3 2 7 127 25 135 2 8 199 10 46 3 2 8 6 5 29 5 3 6 24 19 123 22 98 3 1 125 17 138 29 183 3 4 48 9 121 18 105 2 8 242 10 163 2 1 7 10 3 2 14 93 19 60 2 11 173 24 154 2 5 19 22 43 2 12 59 18 30 2 12 126 13 86 2 9 185 14 89 2 21 176 26 248 2 1 181 16 134 2 18 63 26 255 2 20 50 23 49 2 21 179 26 105 3 9 60 19 80 21 25 3 16 167 19 187 27 73 2 17 93 23 25 3 1 324 5 153 24 322 3 6 220 8 111 30 218 2 25 147 28 110
34 2 1 6 23 3 4 2 254 8 252 14 40 17 234 2 2 65 3 205 2 7 83 25 39 2 2 66 3 131 2 4 164 16 142 2 25 100 28 125 2 5 63 22 15 4 2 222 8 340 14 85 17 154 3 1 28 7 20 15 4 2 11 114 24 45 3 1 76 6 66 25 52 2 8 46 10 222 3 4 72 9 37 18 26 2 18 186 26 44 2 1 6 10 10 2 12 51 13 93 2 12 32 18 53 3 1 18 7 29 15 64 3 2 11 6 9 29 5 3 16 183 19 180 27 48 2 9 47 14 63 2 1 131 16 133 3 1 216 17 347 29 243 2 20 45 23 36 2 14 14 19 94 3 9 94 19 76 21 48 3 6 74 19 98 22 51 2 17 20 23 38 2 20 44 23 13 3 1 319 5 274 24 78 2 21 238 26 69 2 1 10 10 4 3 6 35 8 71 30 116
34 3 9 31 19 41 21 59 2 11 91 24 129 2 12 19 18 36 2 1 7 23 6 4 2 161 8 334 14 255 17 148 2 18 275 26 115 2 11 155 24 53 2 2 221 3 143 2 4 94 16 82 3 9 98 19 64 21 73 2 5 87 22 63 3 1 77 6 118 25 112 3 1 23 7 3 15 30 2 11 58 24 61 2 8 199 10 286 3 6 139 19 56 22 108 2 7 165 25 97 2 8 123 10 110 3 4 178 9 160 18 147 2 1 4 10 4 2 12 67 13 116 2 9 167 14 25 3 1 98 7 112 15 53 2 1 148 16 187 3 2 4 6 2 29 10 3 1 102 17 249 29 44 2 21 204 26 70 2 14 95 19 55 2 20 19 23 51 2 17 76 23 52 3 1 327 5 47 24 280 3 16 65 19 119 27 123 2 25 193 28 136 3 6 142 8 50 30 63
37 2 20 52 23 12 2 1 2 23 1 4 2 234 8 285 14 109 17 196 2 2 37 3 66 2 1 8 23 5 2 4 24 16 134 2 1 145 16 174 2 5 56 22 48 3 1 56 6 93 25 114 3 6 209 8 94 30 166 2 5 60 22 85 2 18 173 26 261 2 1 98 16 89 3 1 26 7 13 15 4 3 1 239 5 233 24 200 2 8 231 10 328 2 20 13 23 19 3 1 38 7 120 15 40 3 4 178 9 33 18 171 2 25 186 28 146 2 14 68 19 20 2 11 117 24 146 3 6 46 19 132 22 16 2 12 98 13 58 3 6 175 8 216 30 76 2 1 2 10 6 2 21 247 26 210 2 17 16 23 92 3 6 47 19 102 22 93 2 9 129 14 94 3 9 74 19 77 21 75 2 12 24 18 68 3 16 206 19 73 27 199 3 1 261 17 202 29 231 2 7 45 25 113 2 1 1 10 1 3 2 7 6 5 29 12
37 2 1 4 23 4 4 2 326 8 270 14 201 17 133 2 2 268 3 118 3 1 73 7 69 15 76 2 1 4 23 6 2 4 166 16 99 2 1 2 23 7 2 5 71 22 40 3 1 46 6 115 25 62 3 1 104 7 15 15 76 3 1 14 7 17 15 5 3 2 12 6 1 29 10 2 7 206 25 214 2 8 170 10 281 3 2 11 6 6 29 1 3 6 120 19 128 22 111 3 1 153 17 323 29 112 3 4 63 9 98 18 30 2 8 172 10 316 2 1 3 10 1 2 14 67 19 39 2 11 29 24 142 2 5 79 22 69 2 12 10 18 8 2 12 28 13 82 2 9 92 14 128 2 21 29 26 154 2 1 188 16 179 2 18 207 26 266 2 20 29 23 22 2 21 122 26 121 3 9 93 19 59 21 42 3 16 189 19 206 27 61 2 17 104 23 30 3 1 330 5 135 24 166 3 6 82 8 42 30 37 2 25 122 28 231
DUE_DATES: 5322 5642 5809 6318 6318 5601 5601 5495 4673 4673 4673 5603 5645 5645 5705 5705 5705 5705 4443 5889 5267 5699 5699 5490 5490 6028 6028 5184 5476 5476 5733 6299 5161 5161 5161 5161 5861 5605 5605 5422 5367 5475 5475 5970 6050 6050 4992 5934 6149 6207
WEIGHTS: 3 2 2 1 1 2 3 3 1 3 2 1 2 2 2 1 2 1 3 2 2 1 1 2 3 1 1 3 2 3 3 3 1 1 2 1 1 1 1 3 2 3 2 1 3 1 2 2 3 3
