50 30
35 2 1 144 19 154 2 22 96 23 102 2 1 260 19 96 2 1 62 23 82 2 2 14 14 22 2 22 39 23 53 2 3 9 15 3 3 2 96 4 46 20 54 2 5 67 20 164 4 5 55 12 78 18 56 21 60 2 8 125 9 129 2 24 138 27 154 2 1 163 6 130 3 7 123 12 30 29 61 2 9 147 13 213 3 10 38 20 215 27 191 3 6 249 11 43 28 206 3 15 91 20 64 24 72 2 8 22 9 34 3 7 49 14 15 17 28 3 7 24 13 53 17 34 2 5 249 12 119 1 13 161 2 25 81 27 125 2 24 304 27 197 3 15 50 16 127 18 65 3 7 12 13 14 17 47 2 15 34 18 36 2 14 13 16 5 2 16 37 26 66 3 12 11 27 42 28 33 3 7 43 16 21 23 11 2 26 227 30 279 3 1 154 17 85 29 61 3 20 72 21 37 25 115
35 2 1 144 19 154 2 22 96 23 102 2 1 260 19 96 2 1 62 23 82 2 2 14 14 22 2 22 39 23 53 2 3 9 15 3 3 2 96 4 46 20 54 2 5 67 20 164 4 5 55 12 78 18 56 21 60 2 8 125 9 129 2 24 138 27 154 2 1 163 6 130 3 7 123 12 30 29 61 2 9 147 13 213 3 10 38 20 215 27 191 3 6 249 11 43 28 206 3 15 91 20 64 24 72 2 8 22 9 34 3 7 49 14 15 17 28 3 7 24 13 53 17 34 2 5 249 12 119 1 13 161 2 25 81 27 125 2 24 304 27 197 3 15 50 16 127 18 65 3 7 12 13 14 17 47 2 15 34 18 36 2 14 13 16 5 2 16 37 26 66 3 12 11 27 42 28 33 3 7 43 16 21 23 11 2 26 227 30 279 3 1 154 17 85 29 61 3 20 72 21 37 25 115
35 3 1 72 17 88 29 88 2 1 54 23 92 2 2 46 14 108 2 3 6 15 5 3 1 92 17 38 29 103 3 2 66 4 19 20 122 2 5 113 20 171 2 1 106 6 153 2 1 118 23 136 3 7 110 12 31 29 93 2 9 49 13 239 2 22 100 23 95 2 5 151 20 169 2 8 105 9 99 3 15 135 16 40 18 58 3 10 48 20 178 27 104 4 5 54 12 63 18 82 21 33 2 22 97 23 15 2 26 229 30 62 3 6 32 11 267 28 101 2 5 91 12 94 2 25 172 27 184 1 13 114 3 7 20 14 59 17 29 3 7 29 16 76 23 28 2 15 54 18 73 1 13 71 2 14 11 16 4 3 7 41 13 34 17 38 2 24 280 27 143 2 1 45 19 165 3 15 102 20 51 24 36 3 20 149 21 192 25 71 2 16 11 26 23 3 12 9 27 7 28 21
35 3 1 72 17 88 29 88 2 1 54 23 92 2 2 46 14 108 2 3 6 15 5 3 1 92 17 38 29 103 3 2 66 4 19 20 122 2 5 113 20 171 2 1 106 6 153 2 1 118 23 136 3 7 110 12 31 29 93 2 9 49 13 239 2 22 100 23 95 2 5 151 20 169 2 8 105 9 99 3 15 135 16 40 18 58 3 10 48 20 178 27 104 4 5 54 12 63 18 82 21 33 2 22 97 23 15 2 26 229 30 62 3 6 32 11 267 28 101 2 5 91 12 94 2 25 172 27 184 1 13 114 3 7 20 14 59 17 29 3 7 29 16 76 23 28 2 15 54 18 73 1 13 71 2 14 11 16 4 3 7 41 13 34 17 38 2 24 280 27 143 2 1 45 19 165 3 15 102 20 51 24 36 3 20 149 21 192 25 71 2 16 11 26 23 3 12 9 27 7 28 21
35 3 1 72 17 88 29 88 2 1 54 23 92 2 2 46 14 108 2 3 6 15 5 3 1 92 17 38 29 103 3 2 66 4 19 20 122 2 5 113 20 171 2 1 106 6 153 2 1 118 23 136 3 7 110 12 31 29 93 2 9 49 13 239 2 22 100 23 95 2 5 151 20 169 2 8 105 9 99 3 15 135 16 40 18 58 3 10 48 20 178 27 104 4 5 54 12 63 18 82 21 33 2 22 97 23 15 2 26 229 30 62 3 6 32 11 267 28 101 2 5 91 12 94 2 25 172 27 184 1 13 114 3 7 20 14 59 17 29 3 7 29 16 76 23 28 2 15 54 18 73 1 13 71 2 14 11 16 4 3 7 41 13 34 17 38 2 24 280 27 143 2 1 45 19 165 3 15 102 20 51 24 36 3 20 149 21 192 25 71 2 16 11 26 23 3 12 9 27 7 28 21
35 3 1 72 17 88 29 88 2 1 54 23 92 2 2 46 14 108 2 3 6 15 5 3 1 92 17 38 29 103 3 2 66 4 19 20 122 2 5 113 20 171 2 1 106 6 153 2 1 118 23 136 3 7 110 12 31 29 93 2 9 49 13 239 2 22 100 23 95 2 5 151 20 169 2 8 105 9 99 3 15 135 16 40 18 58 3 10 48 20 178 27 104 4 5 54 12 63 18 82 21 33 2 22 97 23 15 2 26 229 30 62 3 6 32 11 267 28 101 2 5 91 12 94 2 25 172 27 184 1 13 114 3 7 20 14 59 17 29 3 7 29 16 76 23 28 2 15 54 18 73 1 13 71 2 14 11 16 4 3 7 41 13 34 17 38 2 24 280 27 143 2 1 45 19 165 3 15 102 20 51 24 36 3 20 149 21 192 25 71 2 16 11 26 23 3 12 9 27 7 28 21
38 2 1 109 23 140 2 2 64 14 60 2 22 17 23 110 2 3 9 15 4 3 2 61 4 110 20 62 2 2 17 14 98 2 5 142 20 113 2 1 168 6 58 3 7 119 12 58 29 84 2 3 11 15 7 3 10 153 20 222 27 183 3 2 110 4 47 20 45 2 8 40 9 175 2 9 42 13 128 3 6 137 11 55 28 241 2 5 46 20 21 2 5 209 12 56 1 13 247 3 7 19 14 29 17 34 2 15 72 18 31 3 6 47 11 69 28 144 2 14 14 16 3 2 1 57 6 23 4 5 46 12 46 18 85 21 36 3 20 48 21 134 25 58 2 1 328 19 155 2 2 34 14 16 3 7 52 13 20 17 77 3 15 124 16 122 18 111 2 16 59 26 20 3 15 87 20 23 24 47 2 25 70 27 153 3 7 76 16 58 23 36 2 26 118 30 189 2 24 121 27 90 2 25 66 27 163 3 12 37 27 17 28 10 3 1 118 17 131 29 225
37 2 3 10 15 2 2 1 88 23 39 3 15 92 20 16 24 21 2 3 6 15 5 3 1 65 17 210 29 137 2 1 60 23 84 3 20 107 21 203 25 145 3 15 28 20 83 24 39 2 2 68 14 62 3 1 55 17 102 29 44 3 15 36 16 139 18 76 2 3 12 15 5 3 6 64 11 270 28 246 3 2 117 4 118 20 96 3 12 39 27 25 28 25 2 5 87 20 140 2 1 162 6 137 3 12 40 27 34 28 8 3 7 66 12 137 29 62 2 8 47 9 158 2 9 79 13 218 3 20 72 21 149 25 88 3 7 70 16 45 23 14 2 14 8 16 7 3 10 135 20 94 27 165 2 16 25 26 26 2 5 141 12 164 1 13 190 2 24 100 27 275 3 7 10 14 44 17 38 2 15 20 18 68 3 7 11 13 16 17 74 2 1 54 19 248 4 5 66 12 87 18 23 21 11 2 22 42 23 110 2 26 171 30 125 2 25 64 27 52
36 3 7 51 16 29 23 76 2 1 35 23 69 2 2 83 14 17 2 3 10 15 5 3 7 48 16 21 23 34 3 2 109 4 111 20 46 2 5 152 20 107 2 1 100 6 87 3 7 121 12 19 29 104 2 22 47 23 92 2 8 57 9 29 3 7 59 14 45 17 38 2 5 158 20 158 2 9 206 13 191 2 5 124 12 284 3 10 276 20 258 27 208 3 7 92 16 22 23 26 3 6 273 11 47 28 88 1 13 195 2 15 14 18 33 2 14 6 16 17 3 7 37 13 19 17 28 2 5 183 12 139 3 15 50 16 55 18 126 3 6 229 11 271 28 190 2 1 119 19 186 2 26 175 30 86 3 1 157 17 152 29 195 2 25 213 27 160 3 15 78 20 30 24 14 3 2 48 4 108 20 52 2 24 77 27 294 4 5 54 12 75 18 85 21 84 3 20 154 21 82 25 35 2 16 49 26 15 3 12 23 27 5 28 6
36 3 7 51 16 29 23 76 2 1 35 23 69 2 2 83 14 17 2 3 10 15 5 3 7 48 16 21 23 34 3 2 109 4 111 20 46 2 5 152 20 107 2 1 100 6 87 3 7 121 12 19 29 104 2 22 47 23 92 2 8 57 9 29 3 7 59 14 45 17 38 2 5 158 20 158 2 9 206 13 191 2 5 124 12 284 3 10 276 20 258 27 208 3 7 92 16 22 23 26 3 6 273 11 47 28 88 1 13 195 2 15 14 18 33 2 14 6 16 17 3 7 37 13 19 17 28 2 5 183 12 139 3 15 50 16 55 18 126 3 6 229 11 271 28 190 2 1 119 19 186 2 26 175 30 86 3 1 157 17 152 29 195 2 25 213 27 160 3 15 78 20 30 24 14 3 2 48 4 108 20 52 2 24 77 27 294 4 5 54 12 75 18 85 21 84 3 20 154 21 82 25 35 2 16 49 26 15 3 12 23 27 5 28 6
36 3 7 51 16 29 23 76 2 1 35 23 69 2 2 83 14 17 2 3 10 15 5 3 7 48 16 21 23 34 3 2 109 4 111 20 46 2 5 152 20 107 2 1 100 6 87 3 7 121 12 19 29 104 2 22 47 23 92 2 8 57 9 29 3 7 59 14 45 17 38 2 5 158 20 158 2 9 206 13 191 2 5 124 12 284 3 10 276 20 258 27 208 3 7 92 16 22 23 26 3 6 273 11 47 28 88 1 13 195 2 15 14 18 33 2 14 6 16 17 3 7 37 13 19 17 28 2 5 183 12 139 3 15 50 16 55 18 126 3 6 229 11 271 28 190 2 1 119 19 186 2 26 175 30 86 3 1 157 17 152 29 195 2 25 213 27 160 3 15 78 20 30 24 14 3 2 48 4 108 20 52 2 24 77 27 294 4 5 54 12 75 18 85 21 84 3 20 154 21 82 25 35 2 16 49 26 15 3 12 23 27 5 28 6
35 2 1 59 23 100 2 5 113 12 83 3 10 32 20 47 27 190 2 5 113 12 89 2 2 54 14 97 2 3 9 15 5 3 2 79 4 98 20 71 2 15 65 18 67 2 5 151 20 163 3 12 23 27 29 28 18 3 7 156 12 110 29 111 2 1 91 6 133 2 8 86 9 176 3 1 31 17 159 29 161 2 9 61 13 110 3 6 104 11 145 28 274 2 5 263 12 101 3 7 43 16 26 23 85 2 15 12 18 22 1 13 37 3 7 55 14 15 17 14 2 14 9 16 13 3 7 64 13 52 17 55 3 15 33 16 112 18 34 2 1 152 19 104 2 24 189 27 319 3 15 108 20 71 24 35 3 12 14 27 30 28 42 4 5 87 12 20 18 28 21 57 2 16 10 26 12 2 5 104 12 268 2 22 56 23 91 3 20 55 21 121 25 87 2 25 135 27 156 2 26 277 30 107
34 2 5 44 20 153 2 1 25 23 103 3 15 19 16 103 18 69 2 16 14 26 21 2 2 33 14 76 2 26 115 30 51 2 8 141 9 98 2 3 10 15 4 3 15 126 16 53 18 50 3 2 42 4 62 20 42 3 10 43 20 79 27 266 2 1 113 6 113 3 7 87 16 43 23 76 3 7 53 14 12 17 18 3 7 136 12 122 29 42 3 15 61 20 74 24 121 2 9 57 13 290 3 20 150 21 105 25 54 2 3 6 15 10 3 6 128 11 175 28 89 2 5 162 12 237 2 24 107 27 298 1 13 217 2 15 65 18 76 2 14 2 16 17 3 7 48 13 55 17 55 2 1 126 19 179 4 5 23 12 69 18 80 21 20 2 22 75 23 91 2 25 73 27 38 2 1 53 23 28 3 12 44 27 40 28 8 3 7 142 12 59 29 53 3 1 159 17 180 29 169
34 2 5 44 20 153 2 1 25 23 103 3 15 19 16 103 18 69 2 16 14 26 21 2 2 33 14 76 2 26 115 30 51 2 8 141 9 98 2 3 10 15 4 3 15 126 16 53 18 50 3 2 42 4 62 20 42 3 10 43 20 79 27 266 2 1 113 6 113 3 7 87 16 43 23 76 3 7 53 14 12 17 18 3 7 136 12 122 29 42 3 15 61 20 74 24 121 2 9 57 13 290 3 20 150 21 105 25 54 2 3 6 15 10 3 6 128 11 175 28 89 2 5 162 12 237 2 24 107 27 298 1 13 217 2 15 65 18 76 2 14 2 16 17 3 7 48 13 55 17 55 2 1 126 19 179 4 5 23 12 69 18 80 21 20 2 22 75 23 91 2 25 73 27 38 2 1 53 23 28 3 12 44 27 40 28 8 3 7 142 12 59 29 53 3 1 159 17 180 29 169
34 2 5 44 20 153 2 1 25 23 103 3 15 19 16 103 18 69 2 16 14 26 21 2 2 33 14 76 2 26 115 30 51 2 8 141 9 98 2 3 10 15 4 3 15 126 16 53 18 50 3 2 42 4 62 20 42 3 10 43 20 79 27 266 2 1 113 6 113 3 7 87 16 43 23 76 3 7 53 14 12 17 18 3 7 136 12 122 29 42 3 15 61 20 74 24 121 2 9 57 13 290 3 20 150 21 105 25 54 2 3 6 15 10 3 6 128 11 175 28 89 2 5 162 12 237 2 24 107 27 298 1 13 217 2 15 65 18 76 2 14 2 16 17 3 7 48 13 55 17 55 2 1 126 19 179 4 5 23 12 69 18 80 21 20 2 22 75 23 91 2 25 73 27 38 2 1 53 23 28 3 12 44 27 40 28 8 3 7 142 12 59 29 53 3 1 159 17 180 29 169
34 3 15 123 16 17 18 124 2 1 119 23 39 2 2 62 14 26 3 20 25 21 189 25 143 2 2 30 14 83 2 8 95 9 107 2 3 3 15 7 2 1 158 6 41 3 2 39 4 20 20 121 2 3 2 15 1 2 5 49 20 118 2 1 150 19 41 3 7 79 12 139 29 59 2 25 32 27 153 2 24 113 27 149 2 9 48 13 264 3 10 201 20 91 27 87 3 1 74 17 207 29 139 3 6 229 11 195 28 191 2 5 67 12 224 3 15 95 20 61 24 87 2 22 19 23 96 3 7 71 16 42 23 12 1 13 164 3 7 40 14 10 17 19 2 15 15 18 36 3 12 5 27 45 28 41 2 16 58 26 50 2 14 3 16 3 2 25 33 27 175 2 26 94 30 184 3 7 70 13 68 17 47 3 15 75 16 94 18 131 4 5 86 12 86 18 62 21 37
36 3 7 61 16 60 23 75 2 1 63 23 59 2 2 106 14 19 2 3 7 15 2 3 7 21 16 13 23 53 3 2 23 4 30 20 31 2 5 65 20 107 2 1 36 6 157 3 7 33 12 118 29 38 2 22 22 23 83 2 8 70 9 95 3 7 56 14 52 17 39 2 5 108 20 127 2 9 281 13 39 2 5 294 12 226 3 10 102 20 184 27 251 3 7 94 16 86 23 71 3 6 193 11 225 28 38 1 13 90 2 15 47 18 62 2 14 7 16 4 3 7 74 13 36 17 15 2 5 231 12 38 3 15 21 16 66 18 31 3 6 234 11 171 28 174 2 1 227 19 163 2 26 115 30 153 3 1 195 17 142 29 33 2 25 72 27 59 3 15 31 20 35 24 122 3 2 87 4 93 20 40 2 24 305 27 125 4 5 57 12 85 18 78 21 74 3 20 111 21 31 25 53 2 16 26 26 36 3 12 8 27 8 28 35
36 3 7 61 16 60 23 75 2 1 63 23 59 2 2 106 14 19 2 3 7 15 2 3 7 21 16 13 23 53 3 2 23 4 30 20 31 2 5 65 20 107 2 1 36 6 157 3 7 33 12 118 29 38 2 22 22 23 83 2 8 70 9 95 3 7 56 14 52 17 39 2 5 108 20 127 2 9 281 13 39 2 5 294 12 226 3 10 102 20 184 27 251 3 7 94 16 86 23 71 3 6 193 11 225 28 38 1 13 90 2 15 47 18 62 2 14 7 16 4 3 7 74 13 36 17 15 2 5 231 12 38 3 15 21 16 66 18 31 3 6 234 11 171 28 174 2 1 227 19 163 2 26 115 30 153 3 1 195 17 142 29 33 2 25 72 27 59 3 15 31 20 35 24 122 3 2 87 4 93 20 40 2 24 305 27 125 4 5 57 12 85 18 78 21 74 3 20 111 21 31 25 53 2 16 26 26 36 3 12 8 27 8 28 35
36 2 1 79 23 78 2 2 113 14 108 2 3 5 15 9 3 2 33 4 88 20 73 2 25 28 27 136 2 5 98 12 258 2 25 56 27 194 2 5 64 20 127 3 6 127 11 74 28 90 2 1 22 6 84 3 20 29 21 133 25 114 2 3 1 15 2 2 24 267 27 48 3 7 53 16 24 23 54 3 7 85 12 75 29 93 2 8 60 9 100 3 7 64 13 13 17 31 2 24 171 27 127 2 9 251 13 233 3 12 35 27 33 28 43 1 13 115 2 2 53 14 108 2 26 143 30 146 3 10 83 20 216 27 282 3 7 60 14 68 17 22 2 16 50 26 66 2 15 54 18 70 3 15 26 20 107 24 96 2 14 16 16 16 3 15 28 16 139 18 107 2 1 182 19 72 2 15 54 18 63 4 5 45 12 20 18 28 21 28 2 22 78 23 102 2 9 245 13 269 3 1 151 17 70 29 120
36 2 1 79 23 78 2 2 113 14 108 2 3 5 15 9 3 2 33 4 88 20 73 2 25 28 27 136 2 5 98 12 258 2 25 56 27 194 2 5 64 20 127 3 6 127 11 74 28 90 2 1 22 6 84 3 20 29 21 133 25 114 2 3 1 15 2 2 24 267 27 48 3 7 53 16 24 23 54 3 7 85 12 75 29 93 2 8 60 9 100 3 7 64 13 13 17 31 2 24 171 27 127 2 9 251 13 233 3 12 35 27 33 28 43 1 13 115 2 2 53 14 108 2 26 143 30 146 3 10 83 20 216 27 282 3 7 60 14 68 17 22 2 16 50 26 66 2 15 54 18 70 3 15 26 20 107 24 96 2 14 16 16 16 3 15 28 16 139 18 107 2 1 182 19 72 2 15 54 18 63 4 5 45 12 20 18 28 21 28 2 22 78 23 102 2 9 245 13 269 3 1 151 17 70 29 120
35 1 13 83 2 1 114 23 20 2 2 59 14 81 1 13 223 2 3 4 15 11 3 2 115 4 87 20 89 2 9 210 13 255 2 5 29 20 139 2 24 70 27 218 3 10 75 20 246 27 280 2 1 110 6 105 3 7 74 12 59 29 145 2 8 69 9 99 2 1 79 6 57 2 25 185 27 116 3 6 103 11 164 28 69 2 5 178 12 176 3 15 19 20 69 24 35 3 7 20 14 23 17 66 2 5 286 12 194 3 12 35 27 40 28 27 2 15 57 18 66 2 14 14 16 14 3 7 17 13 48 17 76 3 15 121 16 76 18 51 2 1 113 19 78 2 15 47 18 46 4 5 44 12 43 18 15 21 16 3 1 121 17 158 29 100 3 20 141 21 104 25 139 3 7 95 16 31 23 17 1 13 223 2 22 103 23 14 2 16 22 26 37 2 26 331 30 65
35 1 13 83 2 1 114 23 20 2 2 59 14 81 1 13 223 2 3 4 15 11 3 2 115 4 87 20 89 2 9 210 13 255 2 5 29 20 139 2 24 70 27 218 3 10 75 20 246 27 280 2 1 110 6 105 3 7 74 12 59 29 145 2 8 69 9 99 2 1 79 6 57 2 25 185 27 116 3 6 103 11 164 28 69 2 5 178 12 176 3 15 19 20 69 24 35 3 7 20 14 23 17 66 2 5 286 12 194 3 12 35 27 40 28 27 2 15 57 18 66 2 14 14 16 14 3 7 17 13 48 17 76 3 15 121 16 76 18 51 2 1 113 19 78 2 15 47 18 46 4 5 44 12 43 18 15 21 16 3 1 121 17 158 29 100 3 20 141 21 104 25 139 3 7 95 16 31 23 17 1 13 223 2 22 103 23 14 2 16 22 26 37 2 26 331 30 65
35 2 1 20 23 35 2 15 22 18 49 2 2 56 14 37 2 3 8 15 9 3 2 43 4 46 20 36 2 15 23 18 37 2 8 65 9 155 3 2 82 4 117 20 58 2 5 133 20 40 1 13 261 2 1 70 6 77 3 7 155 12 34 29 51 2 9 116 13 129 3 10 105 20 133 27 143 2 26 269 30 337 3 6 104 11 138 28 267 2 5 187 12 67 4 5 43 12 36 18 59 21 20 2 14 14 16 17 3 7 65 14 14 17 27 3 7 48 13 47 17 66 2 14 8 16 13 3 15 53 20 81 24 26 3 15 120 16 34 18 32 2 25 49 27 84 2 1 198 19 196 2 5 25 20 169 2 22 21 23 86 2 5 46 20 171 3 7 29 16 92 23 29 3 12 44 27 42 28 40 2 24 45 27 246 3 20 194 21 140 25 191 2 16 65 26 72 3 1 70 17 217 29 224
36 3 7 69 16 67 23 80 2 1 134 23 77 2 2 98 14 31 2 3 12 15 11 3 7 20 16 25 23 59 3 2 25 4 95 20 57 2 5 89 20 122 2 1 80 6 89 3 7 79 12 157 29 18 2 22 77 23 93 2 8 168 9 60 3 7 27 14 13 17 25 2 5 80 20 80 2 9 229 13 204 2 5 151 12 108 3 10 265 20 224 27 190 3 7 38 16 47 23 17 3 6 261 11 98 28 262 1 13 190 2 15 78 18 30 2 14 9 16 17 3 7 23 13 26 17 55 2 5 203 12 242 3 15 109 16 61 18 63 3 6 64 11 262 28 257 2 1 269 19 166 2 26 65 30 314 3 1 92 17 49 29 90 2 25 179 27 204 3 15 95 20 31 24 36 3 2 31 4 108 20 116 2 24 209 27 108 4 5 74 12 27 18 87 21 35 3 20 96 21 138 25 77 2 16 70 26 67 3 12 25 27 39 28 11
36 3 7 69 16 67 23 80 2 1 134 23 77 2 2 98 14 31 2 3 12 15 11 3 7 20 16 25 23 59 3 2 25 4 95 20 57 2 5 89 20 122 2 1 80 6 89 3 7 79 12 157 29 18 2 22 77 23 93 2 8 168 9 60 3 7 27 14 13 17 25 2 5 80 20 80 2 9 229 13 204 2 5 151 12 108 3 10 265 20 224 27 190 3 7 38 16 47 23 17 3 6 261 11 98 28 262 1 13 190 2 15 78 18 30 2 14 9 16 17 3 7 23 13 26 17 55 2 5 203 12 242 3 15 109 16 61 18 63 3 6 64 11 262 28 257 2 1 269 19 166 2 26 65 30 314 3 1 92 17 49 29 90 2 25 179 27 204 3 15 95 20 31 24 36 3 2 31 4 108 20 116 2 24 209 27 108 4 5 74 12 27 18 87 21 35 3 20 96 21 138 25 77 2 16 70 26 67 3 12 25 27 39 28 11
36 3 7 69 16 67 23 80 2 1 134 23 77 2 2 98 14 31 2 3 12 15 11 3 7 20 16 25 23 59 3 2 25 4 95 20 57 2 5 89 20 122 2 1 80 6 89 3 7 79 12 157 29 18 2 22 77 23 93 2 8 168 9 60 3 7 27 14 13 17 25 2 5 80 20 80 2 9 229 13 204 2 5 151 12 108 3 10 265 20 224 27 190 3 7 38 16 47 23 17 3 6 261 11 98 28 262 1 13 190 2 15 78 18 30 2 14 9 16 17 3 7 23 13 26 17 55 2 5 203 12 242 3 15 109 16 61 18 63 3 6 64 11 262 28 257 2 1 269 19 166 2 26 65 30 314 3 1 92 17 49 29 90 2 25 179 27 204 3 15 95 20 31 24 36 3 2 31 4 108 20 116 2 24 209 27 108 4 5 74 12 27 18 87 21 35 3 20 96 21 138 25 77 2 16 70 26 67 3 12 25 27 39 28 11
37 2 1 130 23 58 2 2 22 14 41 2 1 91 23 139 3 10 260 20 49 27 178 2 3 5 15 3 2 1 68 23 91 3 20 170 21 133 25 46 3 10 212 20 154 27 165 3 2 31 4 80 20 25 2 5 46 20 122 2 1 26 6 121 2 5 53 20 19 3 7 25 12 113 29 154 2 8 62 9 94 2 9 97 13 153 2 15 69 18 68 3 7 37 13 73 17 10 3 6 33 11 249 28 252 2 5 254 12 91 1 13 179 3 7 37 14 62 17 23 2 14 3 16 16 2 25 190 27 90 3 1 79 17 193 29 69 3 15 127 16 142 18 93 2 26 83 30 196 3 7 34 16 90 23 69 2 15 50 18 74 2 16 57 26 41 2 1 259 19 347 3 15 42 20 29 24 49 3 7 94 12 41 29 91 4 5 83 12 47 18 49 21 55 2 1 85 23 84 2 24 217 27 262 2 22 70 23 63 3 12 27 27 27 28 5
34 2 1 33 23 70 2 2 14 14 51 2 3 7 15 7 3 20 79 21 197 25 197 2 1 121 23 74 3 2 61 4 91 20 26 2 5 128 20 91 2 14 17 16 13 2 1 117 6 124 3 7 144 12 150 29 90 3 10 291 20 181 27 248 2 16 63 26 33 2 8 58 9 64 2 9 61 13 226 3 6 126 11 76 28 90 2 24 227 27 329 2 5 195 12 82 1 13 194 2 2 62 14 58 2 15 28 18 42 3 7 50 14 28 17 40 3 7 54 13 27 17 67 2 5 88 20 139 3 15 148 16 70 18 21 2 1 160 19 216 3 15 97 20 20 24 19 2 25 182 27 34 2 22 104 23 79 4 5 23 12 36 18 31 21 59 3 7 63 16 85 23 65 3 15 116 20 89 24 38 2 26 340 30 173 3 1 132 17 29 29 57 3 12 33 27 47 28 10
36 2 1 126 6 138 2 1 75 23 43 2 2 80 14 76 2 1 80 6 138 4 5 84 12 41 18 30 21 48 2 26 324 30 105 2 3 1 15 3 2 1 117 23 96 3 10 203 20 261 27 203 2 1 88 23 94 3 2 102 4 33 20 44 2 2 72 14 27 2 5 150 20 70 2 22 13 23 84 3 7 62 12 76 29 115 2 8 64 9 54 2 9 263 13 216 2 16 24 26 13 3 6 245 11 237 28 105 2 5 280 12 215 1 13 30 3 7 63 14 40 17 71 2 15 13 18 23 2 14 8 16 13 3 7 59 13 51 17 27 2 25 210 27 183 3 7 28 16 27 23 20 3 15 45 16 30 18 40 2 5 127 12 93 2 1 136 19 75 3 7 24 14 45 17 25 3 12 20 27 46 28 15 2 24 219 27 53 3 15 90 20 37 24 47 3 20 147 21 86 25 189 3 1 109 17 166 29 46
36 2 1 126 6 138 2 1 75 23 43 2 2 80 14 76 2 1 80 6 138 4 5 84 12 41 18 30 21 48 2 26 324 30 105 2 3 1 15 3 2 1 117 23 96 3 10 203 20 261 27 203 2 1 88 23 94 3 2 102 4 33 20 44 2 2 72 14 27 2 5 150 20 70 2 22 13 23 84 3 7 62 12 76 29 115 2 8 64 9 54 2 9 263 13 216 2 16 24 26 13 3 6 245 11 237 28 105 2 5 280 12 215 1 13 30 3 7 63 14 40 17 71 2 15 13 18 23 2 14 8 16 13 3 7 59 13 51 17 27 2 25 210 27 183 3 7 28 16 27 23 20 3 15 45 16 30 18 40 2 5 127 12 93 2 1 136 19 75 3 7 24 14 45 17 25 3 12 20 27 46 28 15 2 24 219 27 53 3 15 90 20 37 24 47 3 20 147 21 86 25 189 3 1 109 17 166 29 46
35 2 1 127 23 80 2 2 32 14 34 2 5 33 20 45 2 2 71 14 82 2 3 7 15 5 2 5 39 20 67 3 2 92 4 95 20 114 2 1 124 6 132 3 7 77 12 116 29 74 2 8 116 9 166 2 9 103 13 127 3 10 190 20 131 27 57 3 7 41 16 53 23 52 2 9 67 13 245 3 7 26 13 26 17 71 3 6 72 11 61 28 70 2 5 244 12 108 1 13 113 3 7 51 14 59 17 65 2 14 9 16 15 2 24 193 27 39 2 25 136 27 183 2 15 54 18 13 2 26 175 30 240 2 16 32 26 12 3 15 28 16 108 18 26 2 1 320 19 83 3 15 63 20 64 24 62 3 10 235 20 258 27 283 3 20 113 21 76 25 78 2 16 25 26 22 4 5 39 12 31 18 42 21 58 2 22 13 23 20 3 12 13 27 44 28 17 3 1 47 17 42 29 194
35 3 1 55 17 96 29 54 2 1 85 23 69 2 2 37 14 15 2 3 2 15 10 3 1 55 17 96 29 108 3 2 28 4 36 20 75 2 5 168 20 120 2 1 112 6 65 2 1 59 23 51 3 7 152 12 91 29 36 2 9 252 13 60 2 22 39 23 39 2 5 43 20 87 2 8 64 9 48 3 15 44 16 83 18 133 3 10 235 20 225 27 227 4 5 29 12 59 18 13 21 11 2 22 19 23 59 2 26 93 30 88 3 6 103 11 194 28 84 2 5 96 12 79 2 25 99 27 108 1 13 184 3 7 32 14 54 17 56 3 7 15 16 67 23 16 2 15 20 18 21 1 13 32 2 14 4 16 7 3 7 22 13 53 17 30 2 24 328 27 136 2 1 46 19 287 3 15 63 20 85 24 71 3 20 146 21 81 25 191 2 16 40 26 63 3 12 44 27 6 28 22
35 3 1 55 17 96 29 54 2 1 85 23 69 2 2 37 14 15 2 3 2 15 10 3 1 55 17 96 29 108 3 2 28 4 36 20 75 2 5 168 20 120 2 1 112 6 65 2 1 59 23 51 3 7 152 12 91 29 36 2 9 252 13 60 2 22 39 23 39 2 5 43 20 87 2 8 64 9 48 3 15 44 16 83 18 133 3 10 235 20 225 27 227 4 5 29 12 59 18 13 21 11 2 22 19 23 59 2 26 93 30 88 3 6 103 11 194 28 84 2 5 96 12 79 2 25 99 27 108 1 13 184 3 7 32 14 54 17 56 3 7 15 16 67 23 16 2 15 20 18 21 1 13 32 2 14 4 16 7 3 7 22 13 53 17 30 2 24 328 27 136 2 1 46 19 287 3 15 63 20 85 24 71 3 20 146 21 81 25 191 2 16 40 26 63 3 12 44 27 6 28 22
35 2 1 59 23 132 2 5 52 12 82 3 10 162 20 165 27 85 2 5 162 12 70 2 2 62 14 103 2 3 8 15 10 3 2 20 4 70 20 58 2 15 12 18 40 2 5 150 20 52 3 12 29 27 32 28 25 3 7 89 12 102 29 40 2 1 79 6 49 2 8 159 9 69 3 1 197 17 98 29 54 2 9 187 13 192 3 6 156 11 256 28 209 2 5 81 12 232 3 7 57 16 16 23 49 2 15 9 18 52 1 13 222 3 7 73 14 35 17 17 2 14 9 16 10 3 7 63 13 12 17 73 3 15 93 16 36 18 131 2 1 191 19 318 2 24 281 27 173 3 15 123 20 86 24 91 3 12 5 27 6 28 40 4 5 83 12 51 18 71 21 56 2 16 68 26 18 2 5 276 12 227 2 22 45 23 58 3 20 100 21 23 25 86 2 25 146 27 72 2 26 137 30 186
37 2 1 113 23 122 2 2 66 14 109 2 1 96 23 63 2 3 5 15 2 3 2 108 4 70 20 86 2 5 69 20 111 3 2 53 4 89 20 90 2 1 92 6 103 3 2 74 4 62 20 53 3 15 106 16 54 18 119 3 7 105 12 147 29 88 3 2 27 4 62 20 60 2 8 160 9 96 2 9 138 13 102 3 10 110 20 105 27 97 3 6 122 11 49 28 70 3 7 62 14 27 17 16 4 5 22 12 43 18 46 21 69 2 5 217 12 231 3 15 104 16 63 18 128 1 13 48 2 22 25 23 46 2 15 28 18 23 2 14 16 16 8 3 7 16 13 17 17 38 2 24 219 27 207 2 5 125 20 109 2 1 173 19 202 2 25 184 27 201 3 15 99 20 49 24 121 3 7 85 16 29 23 91 3 20 112 21 32 25 195 2 16 38 26 58 3 1 123 17 168 29 209 2 26 167 30 289 3 10 111 20 84 27 207 3 12 19 27 9 28 46
37 2 1 113 23 122 2 2 66 14 109 2 1 96 23 63 2 3 5 15 2 3 2 108 4 70 20 86 2 5 69 20 111 3 2 53 4 89 20 90 2 1 92 6 103 3 2 74 4 62 20 53 3 15 106 16 54 18 119 3 7 105 12 147 29 88 3 2 27 4 62 20 60 2 8 160 9 96 2 9 138 13 102 3 10 110 20 105 27 97 3 6 122 11 49 28 70 3 7 62 14 27 17 16 4 5 22 12 43 18 46 21 69 2 5 217 12 231 3 15 104 16 63 18 128 1 13 48 2 22 25 23 46 2 15 28 18 23 2 14 16 16 8 3 7 16 13 17 17 38 2 24 219 27 207 2 5 125 20 109 2 1 173 19 202 2 25 184 27 201 3 15 99 20 49 24 121 3 7 85 16 29 23 91 3 20 112 21 32 25 195 2 16 38 26 58 3 1 123 17 168 29 209 2 26 167 30 289 3 10 111 20 84 27 207 3 12 19 27 9 28 46
36 2 1 51 23 126 2 2 43 14 55 2 3 4 15 10 3 2 42 4 40 20 91 2 25 188 27 53 2 5 177 12 41 2 25 116 27 143 2 5 99 20 104 3 6 161 11 184 28 138 2 1 24 6 62 3 20 133 21 108 25 33 2 3 12 15 11 2 24 118 27 100 3 7 28 16 18 23 18 3 7 136 12 98 29 38 2 8 34 9 111 3 7 77 13 28 17 14 2 24 63 27 297 2 9 282 13 158 3 12 45 27 34 28 40 1 13 156 2 2 31 14 43 2 26 145 30 52 3 10 233 20 230 27 66 3 7 39 14 53 17 67 2 16 22 26 68 2 15 50 18 24 3 15 59 20 81 24 69 2 14 16 16 3 3 15 123 16 74 18 89 2 1 122 19 347 2 15 32 18 25 4 5 80 12 40 18 45 21 57 2 22 32 23 46 2 9 228 13 119 3 1 135 17 150 29 132
36 2 1 51 23 126 2 2 43 14 55 2 3 4 15 10 3 2 42 4 40 20 91 2 25 188 27 53 2 5 177 12 41 2 25 116 27 143 2 5 99 20 104 3 6 161 11 184 28 138 2 1 24 6 62 3 20 133 21 108 25 33 2 3 12 15 11 2 24 118 27 100 3 7 28 16 18 23 18 3 7 136 12 98 29 38 2 8 34 9 111 3 7 77 13 28 17 14 2 24 63 27 297 2 9 282 13 158 3 12 45 27 34 28 40 1 13 156 2 2 31 14 43 2 26 145 30 52 3 10 233 20 230 27 66 3 7 39 14 53 17 67 2 16 22 26 68 2 15 50 18 24 3 15 59 20 81 24 69 2 14 16 16 3 3 15 123 16 74 18 89 2 1 122 19 347 2 15 32 18 25 4 5 80 12 40 18 45 21 57 2 22 32 23 46 2 9 228 13 119 3 1 135 17 150 29 132
37 2 3 8 15 8 2 1 39 23 114 3 15 64 20 78 24 48 2 3 7 15 11 3 1 140 17 155 29 91 2 1 94 23 139 3 20 61 21 119 25 122 3 15 39 20 60 24 101 2 2 62 14 16 3 1 112 17 28 29 141 3 15 136 16 109 18 117 2 3 2 15 6 3 6 207 11 252 28 147 3 2 59 4 41 20 70 3 12 11 27 26 28 38 2 5 126 20 127 2 1 90 6 48 3 12 25 27 20 28 26 3 7 40 12 159 29 65 2 8 155 9 76 2 9 241 13 155 3 20 161 21 145 25 133 3 7 90 16 24 23 63 2 14 13 16 15 3 10 180 20 52 27 171 2 16 44 26 8 2 5 251 12 81 1 13 121 2 24 260 27 242 3 7 57 14 37 17 53 2 15 53 18 74 3 7 72 13 73 17 64 2 1 256 19 90 4 5 68 12 77 18 20 21 86 2 22 68 23 76 2 26 57 30 44 2 25 86 27 25
37 2 3 8 15 8 2 1 39 23 114 3 15 64 20 78 24 48 2 3 7 15 11 3 1 140 17 155 29 91 2 1 94 23 139 3 20 61 21 119 25 122 3 15 39 20 60 24 101 2 2 62 14 16 3 1 112 17 28 29 141 3 15 136 16 109 18 117 2 3 2 15 6 3 6 207 11 252 28 147 3 2 59 4 41 20 70 3 12 11 27 26 28 38 2 5 126 20 127 2 1 90 6 48 3 12 25 27 20 28 26 3 7 40 12 159 29 65 2 8 155 9 76 2 9 241 13 155 3 20 161 21 145 25 133 3 7 90 16 24 23 63 2 14 13 16 15 3 10 180 20 52 27 171 2 16 44 26 8 2 5 251 12 81 1 13 121 2 24 260 27 242 3 7 57 14 37 17 53 2 15 53 18 74 3 7 72 13 73 17 64 2 1 256 19 90 4 5 68 12 77 18 20 21 86 2 22 68 23 76 2 26 57 30 44 2 25 86 27 25
37 2 1 82 23 105 2 2 110 14 22 2 1 134 23 70 3 10 200 20 126 27 106 2 3 12 15 12 2 1 139 23 127 3 20 188 21 45 25 191 3 10 210 20 132 27 188 3 2 18 4 108 20 34 2 5 118 20 48 2 1 77 6 95 2 5 148 20 145 3 7 85 12 90 29 26 2 8 151 9 20 2 9 186 13 186 2 15 9 18 31 3 7 61 13 23 17 53 3 6 106 11 171 28 212 2 5 144 12 117 1 13 43 3 7 22 14 53 17 35 2 14 2 16 14 2 25 159 27 62 3 1 172 17 79 29 66 3 15 30 16 115 18 110 2 26 115 30 92 3 7 57 16 45 23 18 2 15 72 18 20 2 16 35 26 48 2 1 124 19 152 3 15 104 20 64 24 48 3 7 128 12 38 29 56 4 5 30 12 52 18 31 21 84 2 1 103 23 120 2 24 307 27 120 2 22 28 23 107 3 12 24 27 34 28 9
35 3 1 95 17 118 29 155 2 1 117 23 128 2 2 105 14 75 2 3 11 15 3 3 1 214 17 212 29 151 3 2 114 4 95 20 14 2 5 108 20 168 2 1 167 6 115 2 1 97 23 56 3 7 127 12 91 29 135 2 9 220 13 285 2 22 47 23 95 2 5 140 20 151 2 8 65 9 150 3 15 110 16 46 18 78 3 10 161 20 238 27 102 4 5 78 12 46 18 23 21 77 2 22 96 23 75 2 26 99 30 75 3 6 173 11 66 28 44 2 5 261 12 183 2 25 55 27 26 1 13 90 3 7 25 14 38 17 51 3 7 72 16 53 23 29 2 15 26 18 75 1 13 216 2 14 17 16 7 3 7 45 13 30 17 28 2 24 318 27 259 2 1 184 19 326 3 15 15 20 50 24 33 3 20 78 21 98 25 90 2 16 8 26 40 3 12 17 27 18 28 6
35 3 1 95 17 118 29 155 2 1 117 23 128 2 2 105 14 75 2 3 11 15 3 3 1 214 17 212 29 151 3 2 114 4 95 20 14 2 5 108 20 168 2 1 167 6 115 2 1 97 23 56 3 7 127 12 91 29 135 2 9 220 13 285 2 22 47 23 95 2 5 140 20 151 2 8 65 9 150 3 15 110 16 46 18 78 3 10 161 20 238 27 102 4 5 78 12 46 18 23 21 77 2 22 96 23 75 2 26 99 30 75 3 6 173 11 66 28 44 2 5 261 12 183 2 25 55 27 26 1 13 90 3 7 25 14 38 17 51 3 7 72 16 53 23 29 2 15 26 18 75 1 13 216 2 14 17 16 7 3 7 45 13 30 17 28 2 24 318 27 259 2 1 184 19 326 3 15 15 20 50 24 33 3 20 78 21 98 25 90 2 16 8 26 40 3 12 17 27 18 28 6
34 3 15 137 16 122 18 136 2 1 18 23 137 2 2 55 14 73 3 20 77 21 51 25 168 2 2 66 14 47 2 8 33 9 72 2 3 4 15 12 2 1 153 6 143 3 2 71 4 32 20 103 2 3 9 15 8 2 5 47 20 44 2 1 191 19 74 3 7 45 12 67 29 27 2 25 181 27 110 2 24 75 27 303 2 9 33 13 181 3 10 219 20 279 27 229 3 1 113 17 46 29 116 3 6 96 11 265 28 50 2 5 202 12 275 3 15 104 20 88 24 106 2 22 66 23 39 3 7 78 16 31 23 63 1 13 35 3 7 38 14 23 17 8 2 15 51 18 27 3 12 37 27 11 28 42 2 16 49 26 61 2 14 2 16 15 2 25 119 27 142 2 26 327 30 331 3 7 65 13 71 17 29 3 15 95 16 100 18 128 4 5 86 12 87 18 57 21 35
36 3 7 53 16 24 23 69 2 1 114 23 139 2 2 24 14 43 2 3 5 15 1 3 7 71 16 23 23 39 3 2 81 4 17 20 97 2 5 132 20 161 2 1 121 6 155 3 7 22 12 18 29 67 2 22 80 23 72 2 8 148 9 34 3 7 24 14 59 17 66 2 5 88 20 146 2 9 179 13 205 2 5 248 12 142 3 10 84 20 127 27 73 3 7 15 16 43 23 11 3 6 60 11 273 28 170 1 13 146 2 15 32 18 16 2 14 8 16 14 3 7 12 13 19 17 12 2 5 184 12 107 3 15 62 16 33 18 82 3 6 268 11 187 28 209 2 1 115 19 244 2 26 255 30 169 3 1 73 17 54 29 190 2 25 189 27 187 3 15 17 20 37 24 22 3 2 75 4 61 20 41 2 24 255 27 47 4 5 19 12 69 18 80 21 30 3 20 101 21 144 25 89 2 16 69 26 73 3 12 36 27 27 28 46
38 2 1 68 23 73 2 2 64 14 73 2 22 86 23 49 2 3 9 15 5 3 2 93 4 115 20 77 2 2 21 14 79 2 5 67 20 149 2 1 115 6 56 3 7 102 12 20 29 134 2 3 9 15 5 3 10 183 20 232 27 225 3 2 23 4 107 20 92 2 8 148 9 75 2 9 167 13 194 3 6 130 11 235 28 223 2 5 96 20 49 2 5 80 12 44 1 13 205 3 7 12 14 41 17 41 2 15 73 18 75 3 6 91 11 268 28 153 2 14 17 16 5 2 1 133 6 163 4 5 80 12 59 18 70 21 74 3 20 178 21 24 25 93 2 1 256 19 213 2 2 100 14 55 3 7 36 13 35 17 64 3 15 119 16 91 18 69 2 16 28 26 38 3 15 45 20 60 24 66 2 25 193 27 126 3 7 63 16 44 23 59 2 26 147 30 209 2 24 141 27 134 2 25 125 27 49 3 12 25 27 48 28 26 3 1 128 17 139 29 33
38 2 1 125 23 66 2 2 59 14 41 2 22 98 23 76 2 3 11 15 8 3 2 98 4 105 20 59 2 2 65 14 92 2 5 93 20 24 2 1 76 6 106 3 7 93 12 153 29 153 2 3 9 15 6 3 10 36 20 270 27 80 3 2 118 4 54 20 72 2 8 145 9 114 2 9 216 13 100 3 6 31 11 201 28 110 2 5 100 20 160 2 5 217 12 273 1 13 247 3 7 63 14 60 17 44 2 15 30 18 65 3 6 175 11 57 28 238 2 14 7 16 6 2 1 67 6 87 4 5 11 12 57 18 41 21 40 3 20 64 21 138 25 101 2 1 165 19 60 2 2 57 14 79 3 7 76 13 52 17 65 3 15 139 16 102 18 54 2 16 57 26 68 3 15 61 20 84 24 96 2 25 199 27 166 3 7 40 16 48 23 78 2 26 109 30 201 2 24 236 27 224 2 25 139 27 188 3 12 15 27 43 28 19 3 1 50 17 81 29 210
35 2 1 57 23 110 2 5 168 12 59 3 10 265 20 277 27 245 2 5 148 12 285 2 2 58 14 101 2 3 11 15 5 3 2 55 4 99 20 68 2 15 63 18 55 2 5 155 20 105 3 12 37 27 8 28 37 3 7 137 12 155 29 157 2 1 102 6 138 2 8 114 9 150 3 1 60 17 118 29 102 2 9 90 13 194 3 6 39 11 147 28 254 2 5 249 12 70 3 7 12 16 31 23 88 2 15 62 18 31 1 13 158 3 7 41 14 35 17 44 2 14 10 16 11 3 7 64 13 12 17 13 3 15 128 16 56 18 100 2 1 256 19 270 2 24 283 27 140 3 15 55 20 42 24 76 3 12 45 27 36 28 31 4 5 64 12 71 18 69 21 48 2 16 41 26 11 2 5 180 12 38 2 22 30 23 75 3 20 92 21 174 25 83 2 25 78 27 192 2 26 266 30 283
36 2 1 35 6 18 2 1 67 23 32 2 2 33 14 60 2 1 48 6 117 4 5 42 12 16 18 14 21 33 2 26 170 30 69 2 3 3 15 8 2 1 138 23 29 3 10 286 20 111 27 160 2 1 29 23 126 3 2 111 4 112 20 90 2 2 71 14 106 2 5 86 20 170 2 22 92 23 51 3 7 103 12 116 29 140 2 8 149 9 86 2 9 63 13 281 2 16 41 26 41 3 6 186 11 76 28 164 2 5 132 12 193 1 13 199 3 7 24 14 27 17 31 2 15 69 18 72 2 14 8 16 14 3 7 73 13 26 17 65 2 25 167 27 76 3 7 39 16 11 23 61 3 15 127 16 110 18 126 2 5 144 12 138 2 1 99 19 297 3 7 64 14 22 17 25 3 12 14 27 42 28 41 2 24 249 27 253 3 15 32 20 113 24 97 3 20 191 21 79 25 93 3 1 151 17 32 29 199
36 2 1 160 6 126 2 1 69 23 42 2 2 21 14 37 2 1 32 6 50 4 5 18 12 12 18 80 21 68 2 26 108 30 232 2 3 10 15 4 2 1 32 23 136 3 10 68 20 116 27 163 2 1 90 23 128 3 2 102 4 98 20 50 2 2 91 14 19 2 5 37 20 64 2 22 28 23 62 3 7 70 12 84 29 27 2 8 74 9 80 2 9 58 13 51 2 16 24 26 70 3 6 230 11 53 28 144 2 5 120 12 119 1 13 85 3 7 51 14 43 17 16 2 15 65 18 72 2 14 3 16 10 3 7 26 13 62 17 21 2 25 152 27 191 3 7 23 16 31 23 15 3 15 30 16 57 18 34 2 5 191 12 94 2 1 261 19 286 3 7 19 14 19 17 49 3 12 34 27 43 28 41 2 24 87 27 164 3 15 52 20 72 24 66 3 20 122 21 179 25 37 3 1 38 17 189 29 35
DUE_DATES: 7339 7339 6875 6875 6875 6875 7293 6894 7906 7906 7906 7002 6550 6550 6550 6300 7116 7116 7405 7405 7758 7758 6969 8216 8216 8216 7855 7315 7267 7267 6772 6228 6228 7600 7720 7720 6992 6992 7113 7113 7241 8075 8075 6966 7579 8010 8384 8255 7630 6301
WEIGHTS: 3 1 1 3 3 1 3 1 3 1 2 1 3 1 1 1 2 2 1 2 3 3 3 3 1 3 2 3 3 3 3 1 2 2 1 3 2 3 3 2 3 2 1 1 1 1 1 2 2 3
