50 30
36 3 1 84 13 43 15 74 3 2 82 20 39 26 55 3 10 26 12 33 24 120 2 3 52 18 33 2 4 74 7 70 3 2 18 10 59 25 30 3 5 223 12 117 13 106 3 2 52 10 41 25 45 3 6 169 8 57 19 62 3 5 8 7 15 23 9 3 5 116 8 189 23 229 3 7 3 9 4 14 8 3 2 103 20 90 26 192 3 6 178 8 63 14 150 2 25 74 28 59 2 9 212 19 147 3 10 72 12 67 24 91 3 1 129 19 118 23 79 3 15 53 20 15 27 30 2 25 217 28 156 3 11 239 18 81 30 122 2 5 147 12 62 3 10 147 13 40 21 32 3 2 48 13 64 22 43 2 5 126 12 109 3 7 67 8 70 16 105 2 3 5 17 13 3 10 324 17 51 18 233 3 2 51 13 36 22 63 3 6 236 14 147 20 209 2 11 206 26 46 2 6 127 22 108 2 11 47 24 93 2 1 1 27 1 3 5 19 28 109 30 146 2 12 283 29 212
36 3 1 84 13 43 15 74 3 2 82 20 39 26 55 3 10 26 12 33 24 120 2 3 52 18 33 2 4 74 7 70 3 2 18 10 59 25 30 3 5 223 12 117 13 106 3 2 52 10 41 25 45 3 6 169 8 57 19 62 3 5 8 7 15 23 9 3 5 116 8 189 23 229 3 7 3 9 4 14 8 3 2 103 20 90 26 192 3 6 178 8 63 14 150 2 25 74 28 59 2 9 212 19 147 3 10 72 12 67 24 91 3 1 129 19 118 23 79 3 15 53 20 15 27 30 2 25 217 28 156 3 11 239 18 81 30 122 2 5 147 12 62 3 10 147 13 40 21 32 3 2 48 13 64 22 43 2 5 126 12 109 3 7 67 8 70 16 105 2 3 5 17 13 3 10 324 17 51 18 233 3 2 51 13 36 22 63 3 6 236 14 147 20 209 2 11 206 26 46 2 6 127 22 108 2 11 47 24 93 2 1 1 27 1 3 5 19 28 109 30 146 2 12 283 29 212
35 2 25 216 28 171 3 1 101 13 33 15 44 3 2 33 20 50 26 170 2 11 96 24 30 2 3 31 18 59 2 25 229 28 43 2 4 162 7 69 2 1 3 27 1 3 5 116 12 52 13 158 2 12 123 29 339 3 1 26 13 21 15 76 3 6 84 8 125 19 102 3 5 12 7 6 23 9 2 6 99 22 150 3 7 1 9 6 14 11 3 6 265 8 57 14 119 2 9 240 19 123 3 10 62 12 131 24 128 3 1 47 19 110 23 169 3 11 120 18 235 30 90 2 3 66 18 23 3 15 8 20 40 27 49 2 5 66 12 181 3 7 28 8 53 16 125 2 4 61 7 27 3 2 13 13 11 22 58 3 5 102 8 46 23 214 3 10 86 13 251 21 218 2 3 8 17 4 3 10 52 17 253 18 217 3 5 92 28 141 30 51 3 6 225 14 230 20 150 3 11 175 18 186 30 78 3 2 39 10 14 25 8 2 11 113 26 160
35 2 25 216 28 171 3 1 101 13 33 15 44 3 2 33 20 50 26 170 2 11 96 24 30 2 3 31 18 59 2 25 229 28 43 2 4 162 7 69 2 1 3 27 1 3 5 116 12 52 13 158 2 12 123 29 339 3 1 26 13 21 15 76 3 6 84 8 125 19 102 3 5 12 7 6 23 9 2 6 99 22 150 3 7 1 9 6 14 11 3 6 265 8 57 14 119 2 9 240 19 123 3 10 62 12 131 24 128 3 1 47 19 110 23 169 3 11 120 18 235 30 90 2 3 66 18 23 3 15 8 20 40 27 49 2 5 66 12 181 3 7 28 8 53 16 125 2 4 61 7 27 3 2 13 13 11 22 58 3 5 102 8 46 23 214 3 10 86 13 251 21 218 2 3 8 17 4 3 10 52 17 253 18 217 3 5 92 28 141 30 51 3 6 225 14 230 20 150 3 11 175 18 186 30 78 3 2 39 10 14 25 8 2 11 113 26 160
37 3 5 267 12 186 13 160 3 1 21 13 15 15 86 3 1 116 19 71 23 179 3 5 148 12 147 13 192 3 15 22 20 47 27 42 2 4 155 7 177 3 5 190 12 88 13 195 3 2 154 20 205 26 44 2 3 58 18 33 3 15 42 20 22 27 12 2 6 48 22 83 3 6 76 8 134 19 180 3 10 248 13 153 21 290 3 1 26 19 157 23 95 3 5 15 7 6 23 11 2 12 161 29 263 3 6 36 8 189 14 136 2 9 147 19 60 3 10 49 12 89 24 145 3 11 135 18 102 30 91 2 5 50 12 32 3 2 69 13 22 22 19 3 11 188 18 153 30 190 3 7 11 9 5 14 5 3 7 89 8 44 16 26 3 5 170 8 98 23 186 3 5 29 28 159 30 37 2 3 16 17 10 3 10 116 17 302 18 115 2 12 92 29 312 2 1 1 27 1 3 6 197 14 193 20 225 2 11 70 24 34 3 2 48 10 28 25 47 2 11 54 26 46 3 15 23 20 35 27 23 2 25 163 28 55
37 3 1 82 13 53 15 35 3 2 168 20 79 26 79 2 11 44 24 109 2 3 8 18 12 3 7 143 8 21 16 20 3 2 40 20 105 26 97 2 4 151 7 128 3 15 56 20 6 27 23 3 5 120 12 136 13 268 3 5 5 7 4 23 11 2 4 124 7 222 3 10 156 17 93 18 262 2 3 15 17 15 3 15 16 20 29 27 32 2 1 1 27 1 3 6 92 8 75 19 183 3 6 192 8 111 14 123 2 9 214 19 164 3 10 46 12 138 24 129 2 5 107 12 43 3 11 205 18 189 30 77 3 2 71 13 19 22 57 3 7 11 9 6 14 4 2 11 25 24 36 3 1 69 19 155 23 147 3 6 57 14 254 20 51 2 12 93 29 241 3 10 92 13 138 21 233 2 6 32 22 57 3 5 108 8 168 23 97 3 15 9 20 40 27 40 2 11 67 26 166 3 2 37 10 56 25 19 2 12 142 29 230 2 25 51 28 176 3 2 31 13 72 22 19 3 5 85 28 95 30 125
37 3 1 82 13 53 15 35 3 2 168 20 79 26 79 2 11 44 24 109 2 3 8 18 12 3 7 143 8 21 16 20 3 2 40 20 105 26 97 2 4 151 7 128 3 15 56 20 6 27 23 3 5 120 12 136 13 268 3 5 5 7 4 23 11 2 4 124 7 222 3 10 156 17 93 18 262 2 3 15 17 15 3 15 16 20 29 27 32 2 1 1 27 1 3 6 92 8 75 19 183 3 6 192 8 111 14 123 2 9 214 19 164 3 10 46 12 138 24 129 2 5 107 12 43 3 11 205 18 189 30 77 3 2 71 13 19 22 57 3 7 11 9 6 14 4 2 11 25 24 36 3 1 69 19 155 23 147 3 6 57 14 254 20 51 2 12 93 29 241 3 10 92 13 138 21 233 2 6 32 22 57 3 5 108 8 168 23 97 3 15 9 20 40 27 40 2 11 67 26 166 3 2 37 10 56 25 19 2 12 142 29 230 2 25 51 28 176 3 2 31 13 72 22 19 3 5 85 28 95 30 125
37 3 1 82 13 53 15 35 3 2 168 20 79 26 79 2 11 44 24 109 2 3 8 18 12 3 7 143 8 21 16 20 3 2 40 20 105 26 97 2 4 151 7 128 3 15 56 20 6 27 23 3 5 120 12 136 13 268 3 5 5 7 4 23 11 2 4 124 7 222 3 10 156 17 93 18 262 2 3 15 17 15 3 15 16 20 29 27 32 2 1 1 27 1 3 6 92 8 75 19 183 3 6 192 8 111 14 123 2 9 214 19 164 3 10 46 12 138 24 129 2 5 107 12 43 3 11 205 18 189 30 77 3 2 71 13 19 22 57 3 7 11 9 6 14 4 2 11 25 24 36 3 1 69 19 155 23 147 3 6 57 14 254 20 51 2 12 93 29 241 3 10 92 13 138 21 233 2 6 32 22 57 3 5 108 8 168 23 97 3 15 9 20 40 27 40 2 11 67 26 166 3 2 37 10 56 25 19 2 12 142 29 230 2 25 51 28 176 3 2 31 13 72 22 19 3 5 85 28 95 30 125
39 3 1 36 13 31 15 19 2 12 308 29 210 3 1 92 13 87 15 68 3 2 133 20 156 26 187 2 3 50 18 19 2 4 105 7 181 2 3 2 17 10 2 4 46 7 165 3 10 67 12 149 24 25 2 3 21 17 14 2 11 61 24 91 3 1 12 13 61 15 54 3 7 8 9 10 14 8 3 5 149 12 124 13 203 3 6 66 8 53 19 66 3 5 13 7 12 23 3 3 6 63 8 148 14 184 3 7 9 9 1 14 3 3 11 170 18 34 30 201 2 12 163 29 218 2 9 32 19 220 2 1 2 27 1 3 5 9 7 1 23 9 2 5 196 12 121 3 5 105 28 27 30 88 3 2 70 13 16 22 12 3 15 34 20 13 27 11 3 7 50 8 94 16 68 3 10 178 17 66 18 41 3 1 52 19 157 23 132 2 11 85 24 23 3 6 103 14 175 20 271 3 10 116 13 115 21 259 2 6 105 22 53 2 25 196 28 101 3 1 14 13 56 15 46 3 5 83 8 116 23 234 3 2 13 10 42 25 16 2 11 176 26 175
39 3 1 36 13 31 15 19 2 12 308 29 210 3 1 92 13 87 15 68 3 2 133 20 156 26 187 2 3 50 18 19 2 4 105 7 181 2 3 2 17 10 2 4 46 7 165 3 10 67 12 149 24 25 2 3 21 17 14 2 11 61 24 91 3 1 12 13 61 15 54 3 7 8 9 10 14 8 3 5 149 12 124 13 203 3 6 66 8 53 19 66 3 5 13 7 12 23 3 3 6 63 8 148 14 184 3 7 9 9 1 14 3 3 11 170 18 34 30 201 2 12 163 29 218 2 9 32 19 220 2 1 2 27 1 3 5 9 7 1 23 9 2 5 196 12 121 3 5 105 28 27 30 88 3 2 70 13 16 22 12 3 15 34 20 13 27 11 3 7 50 8 94 16 68 3 10 178 17 66 18 41 3 1 52 19 157 23 132 2 11 85 24 23 3 6 103 14 175 20 271 3 10 116 13 115 21 259 2 6 105 22 53 2 25 196 28 101 3 1 14 13 56 15 46 3 5 83 8 116 23 234 3 2 13 10 42 25 16 2 11 176 26 175
39 3 1 36 13 31 15 19 2 12 308 29 210 3 1 92 13 87 15 68 3 2 133 20 156 26 187 2 3 50 18 19 2 4 105 7 181 2 3 2 17 10 2 4 46 7 165 3 10 67 12 149 24 25 2 3 21 17 14 2 11 61 24 91 3 1 12 13 61 15 54 3 7 8 9 10 14 8 3 5 149 12 124 13 203 3 6 66 8 53 19 66 3 5 13 7 12 23 3 3 6 63 8 148 14 184 3 7 9 9 1 14 3 3 11 170 18 34 30 201 2 12 163 29 218 2 9 32 19 220 2 1 2 27 1 3 5 9 7 1 23 9 2 5 196 12 121 3 5 105 28 27 30 88 3 2 70 13 16 22 12 3 15 34 20 13 27 11 3 7 50 8 94 16 68 3 10 178 17 66 18 41 3 1 52 19 157 23 132 2 11 85 24 23 3 6 103 14 175 20 271 3 10 116 13 115 21 259 2 6 105 22 53 2 25 196 28 101 3 1 14 13 56 15 46 3 5 83 8 116 23 234 3 2 13 10 42 25 16 2 11 176 26 175
34 3 5 115 12 219 13 163 3 1 54 13 29 15 98 3 2 45 20 191 26 205 2 3 33 18 14 2 4 79 7 203 3 6 124 8 187 19 137 3 5 117 28 122 30 99 3 5 8 7 11 23 7 3 6 159 8 107 19 142 3 6 89 8 293 14 226 2 11 34 24 82 3 10 41 13 212 21 116 3 1 173 19 23 23 46 2 5 67 12 77 2 9 47 19 205 3 10 123 12 35 24 27 3 11 215 18 126 30 215 3 5 154 28 111 30 28 3 5 213 8 42 23 110 3 2 25 13 31 22 33 3 6 167 14 134 20 248 3 7 12 9 14 14 11 3 10 203 13 114 21 212 3 2 44 10 32 25 28 2 1 1 27 3 3 15 20 20 7 27 12 2 25 26 28 73 2 11 212 26 93 3 7 37 8 142 16 62 2 3 3 17 13 3 10 255 17 55 18 325 2 6 116 22 47 3 5 121 12 265 13 38 2 12 154 29 335
39 2 3 3 17 6 3 1 85 13 39 15 72 3 5 155 28 126 30 101 3 2 37 20 31 26 175 2 3 33 18 62 2 4 51 7 145 3 5 134 12 120 13 106 3 6 207 8 206 19 93 3 5 4 7 2 23 2 3 6 165 8 93 14 267 2 9 231 19 240 3 10 109 12 88 24 64 2 4 220 7 183 2 6 133 22 86 3 11 179 18 93 30 213 2 4 241 7 233 2 11 171 26 197 3 5 230 12 99 13 254 2 5 202 12 39 3 2 14 13 36 22 10 3 5 121 28 95 30 121 3 7 12 9 5 14 5 3 15 51 20 13 27 32 2 3 15 17 17 3 7 54 8 28 16 132 3 10 109 17 119 18 81 3 7 91 8 113 16 92 3 1 126 19 65 23 95 3 6 96 14 37 20 166 3 10 41 13 97 21 206 3 5 6 7 13 23 12 3 2 34 10 35 25 54 3 5 144 8 159 23 91 2 11 62 24 30 3 6 306 8 142 14 55 2 1 3 27 2 2 25 146 28 211 2 11 204 26 74 2 12 317 29 140
39 2 3 3 17 6 3 1 85 13 39 15 72 3 5 155 28 126 30 101 3 2 37 20 31 26 175 2 3 33 18 62 2 4 51 7 145 3 5 134 12 120 13 106 3 6 207 8 206 19 93 3 5 4 7 2 23 2 3 6 165 8 93 14 267 2 9 231 19 240 3 10 109 12 88 24 64 2 4 220 7 183 2 6 133 22 86 3 11 179 18 93 30 213 2 4 241 7 233 2 11 171 26 197 3 5 230 12 99 13 254 2 5 202 12 39 3 2 14 13 36 22 10 3 5 121 28 95 30 121 3 7 12 9 5 14 5 3 15 51 20 13 27 32 2 3 15 17 17 3 7 54 8 28 16 132 3 10 109 17 119 18 81 3 7 91 8 113 16 92 3 1 126 19 65 23 95 3 6 96 14 37 20 166 3 10 41 13 97 21 206 3 5 6 7 13 23 12 3 2 34 10 35 25 54 3 5 144 8 159 23 91 2 11 62 24 30 3 6 306 8 142 14 55 2 1 3 27 2 2 25 146 28 211 2 11 204 26 74 2 12 317 29 140
35 2 25 87 28 124 3 1 22 13 84 15 15 3 2 49 20 71 26 66 2 11 57 24 103 2 3 57 18 21 2 25 131 28 170 2 4 150 7 189 2 1 1 27 3 3 5 105 12 214 13 48 2 12 63 29 126 3 1 80 13 69 15 66 3 6 168 8 25 19 163 3 5 9 7 12 23 7 2 6 51 22 143 3 7 10 9 1 14 5 3 6 139 8 286 14 102 2 9 66 19 49 3 10 101 12 111 24 67 3 1 79 19 155 23 55 3 11 166 18 143 30 97 2 3 15 18 35 3 15 10 20 45 27 8 2 5 47 12 62 3 7 74 8 109 16 61 2 4 41 7 56 3 2 38 13 62 22 23 3 5 236 8 53 23 95 3 10 267 13 49 21 92 2 3 6 17 6 3 10 247 17 52 18 256 3 5 136 28 70 30 146 3 6 47 14 251 20 41 3 11 235 18 239 30 31 3 2 31 10 25 25 38 2 11 95 26 160
35 3 1 76 13 58 15 18 3 5 11 7 15 23 11 3 2 78 20 46 26 203 2 3 46 18 63 3 10 105 12 96 24 129 2 4 208 7 103 3 5 44 12 155 13 171 3 6 178 8 26 19 38 3 6 218 8 260 14 229 3 5 123 12 145 13 141 2 9 273 19 45 3 2 40 10 30 25 39 3 11 125 18 225 30 67 2 5 197 12 36 3 2 41 13 25 22 14 3 7 14 9 13 14 5 3 10 258 13 49 21 257 3 15 17 20 23 27 48 2 6 97 22 122 2 3 10 17 15 2 11 166 26 135 3 7 18 8 94 16 141 3 10 169 17 314 18 222 3 5 2 7 3 23 9 3 1 101 19 112 23 67 3 5 64 8 105 23 90 3 6 223 14 233 20 152 3 6 24 8 42 19 57 2 11 118 24 33 2 3 7 17 4 2 1 1 27 1 2 25 83 28 178 3 7 97 8 38 16 84 2 12 182 29 173 3 5 50 28 104 30 33
35 3 1 76 13 58 15 18 3 5 11 7 15 23 11 3 2 78 20 46 26 203 2 3 46 18 63 3 10 105 12 96 24 129 2 4 208 7 103 3 5 44 12 155 13 171 3 6 178 8 26 19 38 3 6 218 8 260 14 229 3 5 123 12 145 13 141 2 9 273 19 45 3 2 40 10 30 25 39 3 11 125 18 225 30 67 2 5 197 12 36 3 2 41 13 25 22 14 3 7 14 9 13 14 5 3 10 258 13 49 21 257 3 15 17 20 23 27 48 2 6 97 22 122 2 3 10 17 15 2 11 166 26 135 3 7 18 8 94 16 141 3 10 169 17 314 18 222 3 5 2 7 3 23 9 3 1 101 19 112 23 67 3 5 64 8 105 23 90 3 6 223 14 233 20 152 3 6 24 8 42 19 57 2 11 118 24 33 2 3 7 17 4 2 1 1 27 1 2 25 83 28 178 3 7 97 8 38 16 84 2 12 182 29 173 3 5 50 28 104 30 33
32 2 9 133 19 177 3 1 35 13 84 15 21 3 2 58 20 121 26 138 2 3 21 18 64 2 25 119 28 144 2 11 48 24 15 2 4 145 7 160 3 5 161 12 243 13 78 3 6 118 8 117 19 71 3 6 298 8 234 14 201 3 5 6 7 5 23 9 3 10 24 12 40 24 122 3 11 61 18 130 30 108 2 5 42 12 129 3 2 60 13 12 22 32 3 7 1 9 6 14 2 3 6 62 8 148 14 82 2 6 147 22 155 3 15 30 20 37 27 32 3 7 128 8 73 16 129 3 10 101 17 91 18 54 2 3 13 17 21 3 1 118 19 166 23 84 3 6 58 14 67 20 100 3 10 140 13 195 21 48 3 5 198 8 92 23 115 3 2 51 10 56 25 18 3 10 212 13 257 21 57 2 11 164 26 173 2 1 2 27 1 2 12 110 29 237 3 5 116 28 57 30 127
37 3 5 215 12 273 13 278 3 1 63 13 71 15 79 3 1 26 19 157 23 48 3 5 231 12 213 13 120 3 15 41 20 41 27 56 2 4 234 7 191 3 5 241 12 55 13 87 3 2 73 20 25 26 168 2 3 8 18 22 3 15 13 20 20 27 22 2 6 115 22 102 3 6 123 8 157 19 207 3 10 177 13 162 21 32 3 1 137 19 140 23 119 3 5 3 7 3 23 11 2 12 77 29 51 3 6 248 8 57 14 225 2 9 155 19 196 3 10 47 12 76 24 138 3 11 180 18 186 30 52 2 5 109 12 124 3 2 34 13 22 22 60 3 11 112 18 110 30 123 3 7 4 9 9 14 6 3 7 73 8 40 16 142 3 5 146 8 132 23 58 3 5 92 28 114 30 59 2 3 7 17 20 3 10 101 17 146 18 179 2 12 93 29 197 2 1 2 27 3 3 6 123 14 127 20 199 2 11 71 24 91 3 2 55 10 24 25 45 2 11 199 26 73 3 15 41 20 57 27 37 2 25 120 28 46
35 3 1 48 13 25 15 18 3 5 4 7 9 23 6 3 2 122 20 83 26 84 2 3 48 18 63 3 10 145 12 158 24 155 2 4 108 7 236 3 5 240 12 250 13 32 3 6 98 8 97 19 126 3 6 142 8 257 14 213 3 5 259 12 214 13 238 2 9 225 19 170 3 2 36 10 24 25 58 3 11 126 18 211 30 195 2 5 110 12 203 3 2 71 13 22 22 8 3 7 14 9 12 14 9 3 10 37 13 130 21 98 3 15 24 20 47 27 52 2 6 127 22 135 2 3 2 17 6 2 11 100 26 187 3 7 85 8 63 16 73 3 10 162 17 270 18 112 3 5 2 7 12 23 11 3 1 96 19 27 23 104 3 5 235 8 201 23 29 3 6 168 14 71 20 43 3 6 106 8 159 19 28 2 11 75 24 62 2 3 8 17 12 2 1 3 27 1 2 25 82 28 170 3 7 41 8 38 16 103 2 12 252 29 330 3 5 157 28 112 30 95
32 2 9 121 19 110 3 1 45 13 62 15 45 3 2 56 20 138 26 28 2 3 64 18 44 2 25 73 28 180 2 11 20 24 103 2 4 33 7 29 3 5 195 12 141 13 231 3 6 174 8 194 19 194 3 6 48 8 211 14 203 3 5 4 7 5 23 2 3 10 123 12 63 24 90 3 11 161 18 230 30 153 2 5 77 12 58 3 2 44 13 57 22 32 3 7 11 9 3 14 10 3 6 60 8 77 14 86 2 6 72 22 100 3 15 19 20 51 27 41 3 7 45 8 103 16 92 3 10 296 17 42 18 65 2 3 4 17 2 3 1 24 19 108 23 120 3 6 93 14 266 20 171 3 10 189 13 187 21 275 3 5 208 8 91 23 120 3 2 50 10 50 25 43 3 10 220 13 166 21 217 2 11 90 26 58 2 1 3 27 1 2 12 340 29 216 3 5 23 28 117 30 24
32 2 9 121 19 110 3 1 45 13 62 15 45 3 2 56 20 138 26 28 2 3 64 18 44 2 25 73 28 180 2 11 20 24 103 2 4 33 7 29 3 5 195 12 141 13 231 3 6 174 8 194 19 194 3 6 48 8 211 14 203 3 5 4 7 5 23 2 3 10 123 12 63 24 90 3 11 161 18 230 30 153 2 5 77 12 58 3 2 44 13 57 22 32 3 7 11 9 3 14 10 3 6 60 8 77 14 86 2 6 72 22 100 3 15 19 20 51 27 41 3 7 45 8 103 16 92 3 10 296 17 42 18 65 2 3 4 17 2 3 1 24 19 108 23 120 3 6 93 14 266 20 171 3 10 189 13 187 21 275 3 5 208 8 91 23 120 3 2 50 10 50 25 43 3 10 220 13 166 21 217 2 11 90 26 58 2 1 3 27 1 2 12 340 29 216 3 5 23 28 117 30 24
39 3 1 38 13 78 15 59 2 12 121 29 95 3 1 62 13 95 15 94 3 2 104 20 168 26 91 2 3 48 18 39 2 4 86 7 132 2 3 19 17 7 2 4 73 7 155 3 10 132 12 27 24 157 2 3 14 17 3 2 11 30 24 17 3 1 18 13 19 15 80 3 7 2 9 9 14 2 3 5 113 12 174 13 210 3 6 88 8 177 19 136 3 5 2 7 12 23 9 3 6 132 8 203 14 191 3 7 6 9 11 14 2 3 11 72 18 196 30 233 2 12 148 29 58 2 9 152 19 164 2 1 2 27 2 3 5 2 7 16 23 8 2 5 161 12 183 3 5 116 28 123 30 109 3 2 48 13 63 22 66 3 15 38 20 30 27 19 3 7 109 8 138 16 59 3 10 208 17 234 18 143 3 1 57 19 92 23 103 2 11 110 24 92 3 6 162 14 49 20 118 3 10 175 13 223 21 262 2 6 94 22 133 2 25 127 28 166 3 1 69 13 93 15 62 3 5 36 8 168 23 206 3 2 12 10 31 25 33 2 11 99 26 45
34 2 11 80 26 191 3 1 21 13 29 15 69 3 5 81 28 31 30 59 3 1 71 13 16 15 70 3 2 118 20 36 26 36 2 3 43 18 11 3 2 44 20 155 26 99 2 4 176 7 86 3 5 250 12 120 13 275 3 6 181 8 91 19 112 3 5 3 7 12 23 6 3 6 221 8 91 14 315 3 11 98 18 84 30 85 2 9 138 19 129 3 10 57 12 167 24 137 3 7 2 9 4 14 7 2 5 125 12 195 3 2 18 13 39 22 25 2 11 157 26 42 3 15 30 20 33 27 7 3 7 75 8 61 16 107 2 3 21 17 7 3 10 87 17 225 18 51 3 10 103 13 103 21 92 3 1 43 19 164 23 51 3 6 70 14 269 20 232 2 6 28 22 101 2 12 257 29 39 3 5 75 8 77 23 59 3 10 27 12 83 24 139 2 11 48 24 96 3 2 30 10 40 25 45 2 25 152 28 154 2 1 1 27 2
34 2 11 80 26 191 3 1 21 13 29 15 69 3 5 81 28 31 30 59 3 1 71 13 16 15 70 3 2 118 20 36 26 36 2 3 43 18 11 3 2 44 20 155 26 99 2 4 176 7 86 3 5 250 12 120 13 275 3 6 181 8 91 19 112 3 5 3 7 12 23 6 3 6 221 8 91 14 315 3 11 98 18 84 30 85 2 9 138 19 129 3 10 57 12 167 24 137 3 7 2 9 4 14 7 2 5 125 12 195 3 2 18 13 39 22 25 2 11 157 26 42 3 15 30 20 33 27 7 3 7 75 8 61 16 107 2 3 21 17 7 3 10 87 17 225 18 51 3 10 103 13 103 21 92 3 1 43 19 164 23 51 3 6 70 14 269 20 232 2 6 28 22 101 2 12 257 29 39 3 5 75 8 77 23 59 3 10 27 12 83 24 139 2 11 48 24 96 3 2 30 10 40 25 45 2 25 152 28 154 2 1 1 27 2
39 3 1 83 13 90 15 23 2 12 131 29 165 3 1 13 13 56 15 86 3 2 98 20 169 26 185 2 3 10 18 23 2 4 216 7 185 2 3 19 17 3 2 4 115 7 29 3 10 83 12 110 24 117 2 3 13 17 3 2 11 52 24 34 3 1 38 13 46 15 78 3 7 13 9 3 14 10 3 5 70 12 257 13 166 3 6 81 8 74 19 147 3 5 7 7 2 23 7 3 6 266 8 294 14 54 3 7 10 9 11 14 5 3 11 66 18 59 30 161 2 12 143 29 88 2 9 67 19 126 2 1 2 27 1 3 5 9 7 9 23 4 2 5 125 12 96 3 5 101 28 97 30 65 3 2 71 13 60 22 27 3 15 17 20 7 27 12 3 7 36 8 79 16 139 3 10 221 17 80 18 205 3 1 77 19 123 23 129 2 11 90 24 107 3 6 95 14 66 20 37 3 10 69 13 284 21 253 2 6 111 22 42 2 25 62 28 85 3 1 65 13 25 15 47 3 5 237 8 182 23 132 3 2 25 10 37 25 49 2 11 186 26 42
36 3 1 22 13 18 15 40 3 2 164 20 147 26 45 3 10 147 12 71 24 128 2 3 41 18 21 2 4 180 7 100 3 2 65 10 39 25 12 3 5 188 12 111 13 144 3 2 30 10 59 25 51 3 6 62 8 114 19 43 3 5 15 7 15 23 5 3 5 164 8 118 23 222 3 7 5 9 6 14 9 3 2 111 20 84 26 206 3 6 84 8 168 14 48 2 25 77 28 67 2 9 267 19 126 3 10 91 12 56 24 51 3 1 43 19 87 23 129 3 15 10 20 57 27 37 2 25 179 28 194 3 11 55 18 117 30 227 2 5 123 12 170 3 10 71 13 111 21 84 3 2 9 13 15 22 20 2 5 100 12 32 3 7 131 8 95 16 78 2 3 11 17 6 3 10 180 17 159 18 204 3 2 55 13 33 22 68 3 6 131 14 169 20 37 2 11 29 26 105 2 6 83 22 21 2 11 46 24 75 2 1 2 27 1 3 5 93 28 104 30 103 2 12 173 29 179
36 3 1 22 13 18 15 40 3 2 164 20 147 26 45 3 10 147 12 71 24 128 2 3 41 18 21 2 4 180 7 100 3 2 65 10 39 25 12 3 5 188 12 111 13 144 3 2 30 10 59 25 51 3 6 62 8 114 19 43 3 5 15 7 15 23 5 3 5 164 8 118 23 222 3 7 5 9 6 14 9 3 2 111 20 84 26 206 3 6 84 8 168 14 48 2 25 77 28 67 2 9 267 19 126 3 10 91 12 56 24 51 3 1 43 19 87 23 129 3 15 10 20 57 27 37 2 25 179 28 194 3 11 55 18 117 30 227 2 5 123 12 170 3 10 71 13 111 21 84 3 2 9 13 15 22 20 2 5 100 12 32 3 7 131 8 95 16 78 2 3 11 17 6 3 10 180 17 159 18 204 3 2 55 13 33 22 68 3 6 131 14 169 20 37 2 11 29 26 105 2 6 83 22 21 2 11 46 24 75 2 1 2 27 1 3 5 93 28 104 30 103 2 12 173 29 179
36 2 12 273 29 254 3 1 29 13 50 15 39 3 7 8 9 3 14 4 3 15 36 20 33 27 17 3 2 193 20 211 26 28 3 1 86 13 50 15 19 2 11 121 26 212 2 9 247 19 241 2 3 51 18 26 2 4 202 7 220 2 12 90 29 281 3 5 105 12 233 13 249 3 6 174 8 49 19 51 3 5 12 7 3 23 6 3 10 304 17 103 18 200 3 6 296 8 96 14 180 3 5 97 28 89 30 41 3 10 92 12 150 24 99 3 11 225 18 92 30 30 2 5 186 12 64 2 9 48 19 185 3 2 40 13 33 22 33 2 12 259 29 225 3 7 35 8 18 16 93 2 11 13 24 18 2 3 3 17 12 3 1 48 19 85 23 126 2 11 16 24 24 3 5 130 8 123 23 159 2 11 32 24 90 2 1 1 27 1 3 6 200 14 126 20 187 3 10 116 13 287 21 278 2 6 150 22 126 3 2 55 10 12 25 60 2 25 176 28 132
36 2 12 273 29 254 3 1 29 13 50 15 39 3 7 8 9 3 14 4 3 15 36 20 33 27 17 3 2 193 20 211 26 28 3 1 86 13 50 15 19 2 11 121 26 212 2 9 247 19 241 2 3 51 18 26 2 4 202 7 220 2 12 90 29 281 3 5 105 12 233 13 249 3 6 174 8 49 19 51 3 5 12 7 3 23 6 3 10 304 17 103 18 200 3 6 296 8 96 14 180 3 5 97 28 89 30 41 3 10 92 12 150 24 99 3 11 225 18 92 30 30 2 5 186 12 64 2 9 48 19 185 3 2 40 13 33 22 33 2 12 259 29 225 3 7 35 8 18 16 93 2 11 13 24 18 2 3 3 17 12 3 1 48 19 85 23 126 2 11 16 24 24 3 5 130 8 123 23 159 2 11 32 24 90 2 1 1 27 1 3 6 200 14 126 20 187 3 10 116 13 287 21 278 2 6 150 22 126 3 2 55 10 12 25 60 2 25 176 28 132
37 3 1 48 13 36 15 75 3 5 2 7 8 23 11 3 2 85 20 193 26 122 2 3 21 18 65 3 5 4 7 9 23 2 2 4 236 7 147 3 2 43 13 15 22 58 3 5 228 12 163 13 245 2 4 97 7 81 3 5 109 28 124 30 125 3 6 42 8 67 19 147 3 6 122 8 202 14 170 3 6 36 14 49 20 143 3 1 74 19 67 23 96 2 9 141 19 209 3 2 43 13 44 22 13 3 10 144 12 44 24 30 3 6 154 8 27 19 31 3 11 82 18 244 30 180 2 5 61 12 182 3 5 15 7 2 23 2 3 7 5 9 4 14 10 3 15 16 20 26 27 12 2 25 192 28 230 2 3 64 18 15 3 7 127 8 119 16 80 2 12 57 29 66 2 3 7 17 16 2 25 212 28 218 3 10 55 17 156 18 237 3 10 123 13 223 21 71 2 6 55 22 78 3 5 196 8 75 23 78 2 1 2 27 1 2 11 27 24 109 3 2 20 10 23 25 7 2 11 63 26 74
35 3 1 44 13 29 15 53 3 5 6 7 1 23 8 3 7 4 9 5 14 7 3 1 85 13 52 15 52 3 2 82 20 40 26 205 2 3 40 18 61 2 4 54 7 136 3 5 248 12 99 13 226 3 6 36 8 41 19 181 3 2 43 20 112 26 202 3 10 236 13 249 21 227 3 2 36 10 42 25 27 3 6 265 14 70 20 216 3 6 297 8 135 14 243 2 9 234 19 108 3 10 25 12 45 24 141 3 11 90 18 59 30 41 2 5 184 12 73 3 2 99 20 67 26 143 3 2 53 13 28 22 37 3 15 8 20 43 27 33 2 9 220 19 131 2 3 19 17 12 3 7 55 8 143 16 45 3 15 30 20 50 27 46 2 11 57 24 81 3 10 237 17 199 18 234 3 1 106 19 120 23 99 2 6 66 22 41 3 5 229 8 45 23 152 2 25 152 28 96 2 12 48 29 293 2 11 186 26 159 2 1 2 27 1 3 5 80 28 148 30 32
37 3 5 132 12 260 13 217 3 1 96 13 30 15 83 3 1 146 19 74 23 176 3 5 76 12 182 13 212 3 15 35 20 37 27 49 2 4 102 7 59 3 5 241 12 167 13 81 3 2 34 20 196 26 187 2 3 12 18 50 3 15 53 20 42 27 54 2 6 29 22 34 3 6 178 8 114 19 76 3 10 285 13 96 21 283 3 1 123 19 144 23 28 3 5 11 7 5 23 9 2 12 267 29 133 3 6 82 8 87 14 117 2 9 102 19 248 3 10 111 12 76 24 160 3 11 37 18 175 30 57 2 5 125 12 65 3 2 36 13 70 22 27 3 11 155 18 164 30 211 3 7 4 9 3 14 12 3 7 118 8 85 16 73 3 5 191 8 128 23 43 3 5 116 28 135 30 145 2 3 7 17 7 3 10 275 17 96 18 38 2 12 51 29 141 2 1 2 27 3 3 6 233 14 61 20 247 2 11 98 24 69 3 2 32 10 20 25 29 2 11 184 26 94 3 15 40 20 20 27 38 2 25 46 28 188
37 3 5 132 12 260 13 217 3 1 96 13 30 15 83 3 1 146 19 74 23 176 3 5 76 12 182 13 212 3 15 35 20 37 27 49 2 4 102 7 59 3 5 241 12 167 13 81 3 2 34 20 196 26 187 2 3 12 18 50 3 15 53 20 42 27 54 2 6 29 22 34 3 6 178 8 114 19 76 3 10 285 13 96 21 283 3 1 123 19 144 23 28 3 5 11 7 5 23 9 2 12 267 29 133 3 6 82 8 87 14 117 2 9 102 19 248 3 10 111 12 76 24 160 3 11 37 18 175 30 57 2 5 125 12 65 3 2 36 13 70 22 27 3 11 155 18 164 30 211 3 7 4 9 3 14 12 3 7 118 8 85 16 73 3 5 191 8 128 23 43 3 5 116 28 135 30 145 2 3 7 17 7 3 10 275 17 96 18 38 2 12 51 29 141 2 1 2 27 3 3 6 233 14 61 20 247 2 11 98 24 69 3 2 32 10 20 25 29 2 11 184 26 94 3 15 40 20 20 27 38 2 25 46 28 188
37 3 5 221 12 166 13 99 3 1 93 13 95 15 87 3 1 79 19 24 23 100 3 5 171 12 40 13 50 3 15 8 20 12 27 41 2 4 54 7 108 3 5 61 12 185 13 231 3 2 176 20 142 26 39 2 3 54 18 7 3 15 50 20 32 27 43 2 6 51 22 62 3 6 67 8 79 19 51 3 10 156 13 133 21 211 3 1 147 19 46 23 91 3 5 13 7 4 23 9 2 12 252 29 175 3 6 130 8 42 14 107 2 9 113 19 223 3 10 42 12 111 24 55 3 11 138 18 154 30 210 2 5 57 12 197 3 2 49 13 70 22 45 3 11 139 18 55 30 185 3 7 13 9 10 14 9 3 7 39 8 113 16 83 3 5 172 8 117 23 65 3 5 155 28 124 30 45 2 3 2 17 14 3 10 88 17 116 18 168 2 12 93 29 322 2 1 3 27 1 3 6 255 14 195 20 164 2 11 60 24 42 3 2 52 10 9 25 33 2 11 140 26 76 3 15 12 20 17 27 40 2 25 205 28 206
37 3 5 221 12 166 13 99 3 1 93 13 95 15 87 3 1 79 19 24 23 100 3 5 171 12 40 13 50 3 15 8 20 12 27 41 2 4 54 7 108 3 5 61 12 185 13 231 3 2 176 20 142 26 39 2 3 54 18 7 3 15 50 20 32 27 43 2 6 51 22 62 3 6 67 8 79 19 51 3 10 156 13 133 21 211 3 1 147 19 46 23 91 3 5 13 7 4 23 9 2 12 252 29 175 3 6 130 8 42 14 107 2 9 113 19 223 3 10 42 12 111 24 55 3 11 138 18 154 30 210 2 5 57 12 197 3 2 49 13 70 22 45 3 11 139 18 55 30 185 3 7 13 9 10 14 9 3 7 39 8 113 16 83 3 5 172 8 117 23 65 3 5 155 28 124 30 45 2 3 2 17 14 3 10 88 17 116 18 168 2 12 93 29 322 2 1 3 27 1 3 6 255 14 195 20 164 2 11 60 24 42 3 2 52 10 9 25 33 2 11 140 26 76 3 15 12 20 17 27 40 2 25 205 28 206
36 3 1 26 13 98 15 50 3 2 131 20 162 26 67 2 5 35 12 65 3 1 76 13 63 15 67 2 3 11 18 20 2 4 179 7 85 3 5 156 12 164 13 209 3 6 71 8 27 19 133 3 5 102 12 143 13 265 3 7 5 9 1 14 13 2 3 8 17 17 3 5 3 7 15 23 6 2 6 131 22 71 3 7 4 9 2 14 3 3 6 259 8 165 14 72 2 9 137 19 206 3 15 43 20 49 27 39 2 4 174 7 226 3 10 28 12 102 24 96 2 1 3 27 1 3 11 42 18 189 30 151 3 2 67 13 13 22 46 2 12 70 29 85 3 7 103 8 46 16 30 3 10 96 13 151 21 150 2 3 13 17 3 3 10 109 17 133 18 301 3 1 165 19 106 23 112 3 6 132 14 194 20 244 2 25 61 28 105 2 11 98 24 18 3 5 38 8 105 23 45 2 4 220 7 189 2 11 112 26 105 3 5 118 28 155 30 133 3 2 20 10 23 25 20
35 3 1 43 13 28 15 56 3 5 8 7 7 23 5 3 7 9 9 6 14 12 3 1 92 13 31 15 50 3 2 70 20 33 26 123 2 3 17 18 33 2 4 56 7 28 3 5 238 12 58 13 238 3 6 40 8 102 19 191 3 2 197 20 101 26 152 3 10 150 13 61 21 141 3 2 60 10 11 25 16 3 6 198 14 128 20 149 3 6 115 8 183 14 113 2 9 69 19 90 3 10 48 12 154 24 89 3 11 143 18 68 30 90 2 5 121 12 102 3 2 181 20 31 26 195 3 2 21 13 27 22 67 3 15 56 20 18 27 49 2 9 129 19 210 2 3 13 17 12 3 7 123 8 101 16 74 3 15 51 20 42 27 49 2 11 110 24 97 3 10 174 17 176 18 304 3 1 75 19 170 23 33 2 6 17 22 115 3 5 236 8 162 23 41 2 25 36 28 78 2 12 245 29 260 2 11 212 26 168 2 1 3 27 2 3 5 19 28 161 30 66
35 3 1 55 13 61 15 82 3 5 9 7 10 23 2 3 7 2 9 6 14 10 3 1 92 13 57 15 79 3 2 176 20 64 26 80 2 3 65 18 51 2 4 179 7 31 3 5 181 12 36 13 87 3 6 204 8 174 19 153 3 2 101 20 37 26 104 3 10 235 13 40 21 113 3 2 28 10 21 25 23 3 6 172 14 251 20 82 3 6 192 8 292 14 181 2 9 133 19 259 3 10 60 12 60 24 75 3 11 95 18 146 30 157 2 5 102 12 83 3 2 145 20 121 26 163 3 2 61 13 22 22 61 3 15 42 20 42 27 14 2 9 49 19 128 2 3 18 17 5 3 7 118 8 95 16 128 3 15 38 20 36 27 15 2 11 94 24 38 3 10 278 17 248 18 286 3 1 58 19 60 23 139 2 6 134 22 153 3 5 160 8 221 23 202 2 25 78 28 202 2 12 244 29 135 2 11 165 26 178 2 1 1 27 2 3 5 33 28 117 30 37
36 3 1 73 13 91 15 73 3 2 169 20 89 26 63 2 5 66 12 43 3 1 31 13 34 15 28 2 3 33 18 50 2 4 54 7 123 3 5 167 12 177 13 224 3 6 162 8 108 19 47 3 5 143 12 77 13 211 3 7 14 9 5 14 3 2 3 18 17 13 3 5 6 7 13 23 2 2 6 93 22 127 3 7 6 9 5 14 5 3 6 277 8 52 14 290 2 9 256 19 147 3 15 41 20 35 27 51 2 4 67 7 166 3 10 68 12 110 24 40 2 1 2 27 1 3 11 130 18 208 30 33 3 2 37 13 14 22 70 2 12 109 29 205 3 7 20 8 112 16 87 3 10 176 13 188 21 151 2 3 14 17 19 3 10 211 17 90 18 45 3 1 167 19 67 23 84 3 6 213 14 72 20 65 2 25 68 28 93 2 11 34 24 31 3 5 229 8 85 23 218 2 4 169 7 149 2 11 191 26 137 3 5 110 28 108 30 124 3 2 58 10 9 25 32
36 3 1 73 13 91 15 73 3 2 169 20 89 26 63 2 5 66 12 43 3 1 31 13 34 15 28 2 3 33 18 50 2 4 54 7 123 3 5 167 12 177 13 224 3 6 162 8 108 19 47 3 5 143 12 77 13 211 3 7 14 9 5 14 3 2 3 18 17 13 3 5 6 7 13 23 2 2 6 93 22 127 3 7 6 9 5 14 5 3 6 277 8 52 14 290 2 9 256 19 147 3 15 41 20 35 27 51 2 4 67 7 166 3 10 68 12 110 24 40 2 1 2 27 1 3 11 130 18 208 30 33 3 2 37 13 14 22 70 2 12 109 29 205 3 7 20 8 112 16 87 3 10 176 13 188 21 151 2 3 14 17 19 3 10 211 17 90 18 45 3 1 167 19 67 23 84 3 6 213 14 72 20 65 2 25 68 28 93 2 11 34 24 31 3 5 229 8 85 23 218 2 4 169 7 149 2 11 191 26 137 3 5 110 28 108 30 124 3 2 58 10 9 25 32
32 2 9 139 19 126 3 1 32 13 22 15 55 3 2 104 20 101 26 149 2 3 26 18 58 2 25 114 28 54 2 11 33 24 108 2 4 109 7 35 3 5 136 12 118 13 212 3 6 197 8 133 19 198 3 6 285 8 94 14 102 3 5 8 7 3 23 9 3 10 104 12 122 24 26 3 11 232 18 201 30 201 2 5 201 12 191 3 2 18 13 63 22 11 3 7 3 9 2 14 13 3 6 168 8 82 14 166 2 6 89 22 154 3 15 22 20 42 27 26 3 7 84 8 48 16 88 3 10 151 17 271 18 187 2 3 5 17 16 3 1 140 19 154 23 177 3 6 127 14 273 20 200 3 10 44 13 288 21 68 3 5 39 8 78 23 108 3 2 39 10 37 25 61 3 10 261 13 89 21 90 2 11 72 26 172 2 1 3 27 2 2 12 94 29 78 3 5 128 28 151 30 155
34 2 11 189 26 54 3 1 79 13 73 15 32 3 5 113 28 84 30 156 3 1 83 13 47 15 76 3 2 81 20 82 26 28 2 3 41 18 54 3 2 179 20 167 26 129 2 4 114 7 168 3 5 68 12 66 13 89 3 6 131 8 62 19 53 3 5 10 7 14 23 4 3 6 316 8 177 14 78 3 11 202 18 81 30 131 2 9 238 19 221 3 10 167 12 29 24 19 3 7 12 9 10 14 10 2 5 192 12 139 3 2 24 13 66 22 8 2 11 80 26 129 3 15 42 20 44 27 15 3 7 27 8 30 16 91 2 3 7 17 11 3 10 229 17 273 18 145 3 10 151 13 206 21 38 3 1 149 19 26 23 44 3 6 154 14 135 20 98 2 6 99 22 103 2 12 337 29 51 3 5 235 8 196 23 29 3 10 60 12 116 24 121 2 11 37 24 86 3 2 41 10 61 25 49 2 25 128 28 165 2 1 3 27 1
37 3 1 82 13 98 15 35 3 2 79 20 211 26 128 2 11 106 24 104 2 3 56 18 21 3 7 141 8 52 16 97 3 2 213 20 37 26 178 2 4 203 7 130 3 15 19 20 24 27 22 3 5 126 12 65 13 145 3 5 2 7 15 23 11 2 4 81 7 225 3 10 160 17 300 18 257 2 3 11 17 12 3 15 17 20 19 27 33 2 1 1 27 2 3 6 33 8 172 19 150 3 6 249 8 87 14 206 2 9 62 19 264 3 10 20 12 60 24 133 2 5 137 12 199 3 11 129 18 167 30 215 3 2 15 13 32 22 17 3 7 7 9 13 14 7 2 11 48 24 71 3 1 151 19 70 23 153 3 6 43 14 96 20 128 2 12 121 29 341 3 10 141 13 256 21 33 2 6 94 22 130 3 5 126 8 53 23 168 3 15 44 20 20 27 11 2 11 188 26 178 3 2 9 10 64 25 46 2 12 120 29 309 2 25 174 28 206 3 2 45 13 67 22 73 3 5 127 28 100 30 141
38 3 1 92 13 81 15 73 3 5 138 12 118 13 80 3 2 128 20 111 26 174 3 5 250 12 249 13 65 2 3 34 18 52 2 4 120 7 230 2 11 113 24 87 3 7 6 9 5 14 3 2 11 77 24 87 3 6 49 8 160 19 137 3 5 13 7 13 23 10 2 4 118 7 113 2 1 3 27 3 3 1 147 19 20 23 135 3 5 104 8 235 23 53 3 7 82 8 86 16 117 3 6 238 8 103 14 139 2 9 143 19 191 3 10 88 12 139 24 120 2 11 49 26 115 3 5 43 12 40 13 138 2 6 75 22 108 2 1 3 27 1 3 11 239 18 128 30 75 2 5 154 12 48 2 6 122 22 100 3 2 14 13 55 22 31 3 2 39 10 16 25 52 3 15 34 20 34 27 6 3 6 57 8 184 19 98 3 5 79 28 154 30 85 2 3 11 17 6 3 7 124 8 99 16 91 3 10 105 17 232 18 306 3 6 41 14 42 20 41 3 10 287 13 91 21 168 2 25 171 28 204 2 12 258 29 98
34 3 5 41 12 183 13 133 3 1 44 13 84 15 18 3 2 199 20 95 26 199 2 3 32 18 19 2 4 217 7 238 3 6 97 8 122 19 115 3 5 88 28 95 30 111 3 5 5 7 13 23 10 3 6 40 8 35 19 62 3 6 93 8 182 14 105 2 11 106 24 75 3 10 288 13 135 21 289 3 1 59 19 84 23 148 2 5 76 12 132 2 9 94 19 141 3 10 105 12 85 24 164 3 11 28 18 187 30 168 3 5 56 28 159 30 86 3 5 211 8 50 23 56 3 2 25 13 38 22 71 3 6 262 14 73 20 162 3 7 12 9 6 14 7 3 10 269 13 98 21 202 3 2 65 10 26 25 38 2 1 2 27 1 3 15 23 20 19 27 57 2 25 195 28 217 2 11 100 26 148 3 7 122 8 128 16 17 2 3 16 17 20 3 10 243 17 309 18 228 2 6 94 22 134 3 5 226 12 147 13 49 2 12 234 29 44
37 3 1 18 13 33 15 43 3 5 2 7 11 23 13 3 2 139 20 127 26 27 2 3 57 18 34 3 5 13 7 4 23 9 2 4 37 7 42 3 2 22 13 55 22 54 3 5 120 12 192 13 98 2 4 131 7 65 3 5 82 28 142 30 124 3 6 93 8 34 19 129 3 6 296 8 51 14 267 3 6 269 14 221 20 195 3 1 157 19 61 23 63 2 9 186 19 250 3 2 39 13 12 22 35 3 10 165 12 140 24 23 3 6 74 8 45 19 114 3 11 126 18 132 30 93 2 5 92 12 109 3 5 9 7 6 23 13 3 7 9 9 2 14 14 3 15 25 20 16 27 41 2 25 195 28 212 2 3 8 18 40 3 7 53 8 128 16 26 2 12 147 29 217 2 3 18 17 10 2 25 220 28 85 3 10 67 17 329 18 252 3 10 238 13 219 21 131 2 6 55 22 64 3 5 29 8 146 23 81 2 1 1 27 2 2 11 42 24 36 3 2 14 10 63 25 46 2 11 128 26 183
35 3 1 15 13 53 15 81 3 5 11 7 15 23 4 3 7 3 9 13 14 3 3 1 98 13 24 15 84 3 2 30 20 169 26 46 2 3 39 18 66 2 4 110 7 85 3 5 229 12 71 13 167 3 6 205 8 163 19 77 3 2 70 20 40 26 73 3 10 178 13 68 21 63 3 2 33 10 9 25 11 3 6 268 14 255 20 243 3 6 255 8 190 14 277 2 9 226 19 202 3 10 19 12 116 24 29 3 11 27 18 182 30 184 2 5 125 12 128 3 2 145 20 29 26 179 3 2 61 13 48 22 40 3 15 53 20 34 27 22 2 9 66 19 76 2 3 21 17 19 3 7 131 8 88 16 50 3 15 23 20 33 27 38 2 11 30 24 111 3 10 135 17 58 18 111 3 1 97 19 149 23 139 2 6 89 22 101 3 5 208 8 216 23 233 2 25 181 28 213 2 12 109 29 103 2 11 36 26 60 2 1 1 27 2 3 5 28 28 91 30 103
34 3 5 265 12 251 13 70 3 1 17 13 16 15 75 3 2 143 20 175 26 193 2 3 56 18 9 2 4 146 7 161 3 6 77 8 70 19 108 3 5 140 28 95 30 28 3 5 12 7 12 23 15 3 6 112 8 142 19 75 3 6 212 8 260 14 75 2 11 46 24 22 3 10 66 13 231 21 236 3 1 33 19 93 23 32 2 5 72 12 203 2 9 122 19 78 3 10 161 12 73 24 118 3 11 192 18 152 30 93 3 5 109 28 160 30 108 3 5 197 8 157 23 242 3 2 34 13 23 22 59 3 6 37 14 108 20 198 3 7 3 9 11 14 2 3 10 228 13 184 21 258 3 2 58 10 33 25 9 2 1 3 27 1 3 15 47 20 22 27 37 2 25 229 28 111 2 11 208 26 166 3 7 32 8 127 16 66 2 3 7 17 2 3 10 284 17 141 18 187 2 6 34 22 66 3 5 240 12 71 13 225 2 12 325 29 307
34 3 5 209 12 228 13 132 3 1 63 13 26 15 27 3 2 104 20 178 26 142 2 3 56 18 53 2 4 183 7 153 3 6 190 8 207 19 131 3 5 139 28 74 30 19 3 5 5 7 11 23 13 3 6 156 8 192 19 78 3 6 118 8 196 14 73 2 11 87 24 70 3 10 287 13 39 21 180 3 1 39 19 112 23 22 2 5 47 12 204 2 9 33 19 161 3 10 77 12 115 24 162 3 11 231 18 120 30 113 3 5 77 28 96 30 29 3 5 233 8 45 23 155 3 2 40 13 22 22 40 3 6 249 14 135 20 264 3 7 3 9 6 14 6 3 10 240 13 193 21 118 3 2 13 10 50 25 7 2 1 1 27 3 3 15 24 20 33 27 39 2 25 47 28 112 2 11 89 26 58 3 7 105 8 79 16 78 2 3 21 17 13 3 10 295 17 298 18 289 2 6 77 22 144 3 5 49 12 158 13 95 2 12 264 29 216
DUE_DATES: 6027 6027 6070 6070 6497 5925 5925 5925 6071 6071 6071 6163 7298 7298 5309 5855 5855 5425 6484 6394 5522 5522 6201 5370 5370 5743 5577 5577 7054 7054 5721 6203 6548 6548 6266 6266 5778 5789 6361 5834 5834 5772 5888 6960 6663 6441 5951 5876 6690 6416
WEIGHTS: 2 1 1 3 2 1 1 2 3 3 2 3 1 3 1 2 1 3 3 2 3 2 3 2 3 3 2 1 2 1 2 2 3 1 2 3 3 3 1 1 3 2 2 3 3 2 1 2 1 1
