50 30
37 3 1 151 7 31 18 38 2 2 86 7 254 3 1 62 3 113 21 92 3 4 351 7 238 25 266 3 4 205 5 132 19 184 3 7 88 24 164 25 124 2 4 242 17 233 3 4 155 5 34 19 30 2 6 18 30 38 3 1 169 7 184 11 87 2 14 178 26 161 2 20 19 30 20 3 8 5 18 29 24 32 3 4 174 7 259 25 226 2 9 206 28 242 3 2 1 18 1 19 1 2 13 161 27 261 3 22 1 24 3 30 1 3 2 1 18 1 19 1 2 10 91 13 108 2 9 43 11 64 3 10 187 12 219 17 96 3 2 1 18 1 19 1 2 15 220 24 198 2 13 18 18 24 3 12 103 16 22 28 99 2 2 187 7 195 2 14 88 27 66 3 14 96 21 78 26 33 1 22 24 3 5 163 6 194 28 188 3 9 205 22 57 23 60 3 2 1 18 1 19 1 2 21 3 29 3 2 14 43 21 65 2 15 31 24 151 3 7 218 11 125 24 105
37 3 1 151 7 31 18 38 2 2 86 7 254 3 1 62 3 113 21 92 3 4 351 7 238 25 266 3 4 205 5 132 19 184 3 7 88 24 164 25 124 2 4 242 17 233 3 4 155 5 34 19 30 2 6 18 30 38 3 1 169 7 184 11 87 2 14 178 26 161 2 20 19 30 20 3 8 5 18 29 24 32 3 4 174 7 259 25 226 2 9 206 28 242 3 2 1 18 1 19 1 2 13 161 27 261 3 22 1 24 3 30 1 3 2 1 18 1 19 1 2 10 91 13 108 2 9 43 11 64 3 10 187 12 219 17 96 3 2 1 18 1 19 1 2 15 220 24 198 2 13 18 18 24 3 12 103 16 22 28 99 2 2 187 7 195 2 14 88 27 66 3 14 96 21 78 26 33 1 22 24 3 5 163 6 194 28 188 3 9 205 22 57 23 60 3 2 1 18 1 19 1 2 21 3 29 3 2 14 43 21 65 2 15 31 24 151 3 7 218 11 125 24 105
37 3 1 151 7 31 18 38 2 2 86 7 254 3 1 62 3 113 21 92 3 4 351 7 238 25 266 3 4 205 5 132 19 184 3 7 88 24 164 25 124 2 4 242 17 233 3 4 155 5 34 19 30 2 6 18 30 38 3 1 169 7 184 11 87 2 14 178 26 161 2 20 19 30 20 3 8 5 18 29 24 32 3 4 174 7 259 25 226 2 9 206 28 242 3 2 1 18 1 19 1 2 13 161 27 261 3 22 1 24 3 30 1 3 2 1 18 1 19 1 2 10 91 13 108 2 9 43 11 64 3 10 187 12 219 17 96 3 2 1 18 1 19 1 2 15 220 24 198 2 13 18 18 24 3 12 103 16 22 28 99 2 2 187 7 195 2 14 88 27 66 3 14 96 21 78 26 33 1 22 24 3 5 163 6 194 28 188 3 9 205 22 57 23 60 3 2 1 18 1 19 1 2 21 3 29 3 2 14 43 21 65 2 15 31 24 151 3 7 218 11 125 24 105
37 3 1 151 7 31 18 38 2 2 86 7 254 3 1 62 3 113 21 92 3 4 351 7 238 25 266 3 4 205 5 132 19 184 3 7 88 24 164 25 124 2 4 242 17 233 3 4 155 5 34 19 30 2 6 18 30 38 3 1 169 7 184 11 87 2 14 178 26 161 2 20 19 30 20 3 8 5 18 29 24 32 3 4 174 7 259 25 226 2 9 206 28 242 3 2 1 18 1 19 1 2 13 161 27 261 3 22 1 24 3 30 1 3 2 1 18 1 19 1 2 10 91 13 108 2 9 43 11 64 3 10 187 12 219 17 96 3 2 1 18 1 19 1 2 15 220 24 198 2 13 18 18 24 3 12 103 16 22 28 99 2 2 187 7 195 2 14 88 27 66 3 14 96 21 78 26 33 1 22 24 3 5 163 6 194 28 188 3 9 205 22 57 23 60 3 2 1 18 1 19 1 2 21 3 29 3 2 14 43 21 65 2 15 31 24 151 3 7 218 11 125 24 105
34 3 7 52 24 225 25 57 3 1 84 3 132 21 106 3 9 106 22 247 23 237 3 1 115 7 70 18 93 3 9 58 22 237 23 226 3 1 200 7 49 11 160 2 2 174 7 69 3 7 171 11 188 24 233 3 4 257 7 74 25 147 2 14 100 27 36 2 15 66 24 222 3 4 77 5 84 19 119 2 6 51 30 24 3 8 36 18 34 24 18 2 9 163 28 61 2 6 17 30 16 2 10 201 13 164 2 21 1 29 1 2 9 44 11 47 3 4 139 5 125 19 227 2 13 28 18 29 3 10 182 12 46 17 167 3 2 1 18 1 19 1 2 13 290 27 207 3 5 351 6 276 28 310 2 14 284 26 270 3 12 18 16 121 28 93 2 4 121 17 66 2 20 12 30 21 2 14 64 21 33 1 22 27 3 14 33 21 73 26 120 3 4 144 7 322 25 251 3 22 1 24 2 30 1
34 3 7 52 24 225 25 57 3 1 84 3 132 21 106 3 9 106 22 247 23 237 3 1 115 7 70 18 93 3 9 58 22 237 23 226 3 1 200 7 49 11 160 2 2 174 7 69 3 7 171 11 188 24 233 3 4 257 7 74 25 147 2 14 100 27 36 2 15 66 24 222 3 4 77 5 84 19 119 2 6 51 30 24 3 8 36 18 34 24 18 2 9 163 28 61 2 6 17 30 16 2 10 201 13 164 2 21 1 29 1 2 9 44 11 47 3 4 139 5 125 19 227 2 13 28 18 29 3 10 182 12 46 17 167 3 2 1 18 1 19 1 2 13 290 27 207 3 5 351 6 276 28 310 2 14 284 26 270 3 12 18 16 121 28 93 2 4 121 17 66 2 20 12 30 21 2 14 64 21 33 1 22 27 3 14 33 21 73 26 120 3 4 144 7 322 25 251 3 22 1 24 2 30 1
34 3 7 52 24 225 25 57 3 1 84 3 132 21 106 3 9 106 22 247 23 237 3 1 115 7 70 18 93 3 9 58 22 237 23 226 3 1 200 7 49 11 160 2 2 174 7 69 3 7 171 11 188 24 233 3 4 257 7 74 25 147 2 14 100 27 36 2 15 66 24 222 3 4 77 5 84 19 119 2 6 51 30 24 3 8 36 18 34 24 18 2 9 163 28 61 2 6 17 30 16 2 10 201 13 164 2 21 1 29 1 2 9 44 11 47 3 4 139 5 125 19 227 2 13 28 18 29 3 10 182 12 46 17 167 3 2 1 18 1 19 1 2 13 290 27 207 3 5 351 6 276 28 310 2 14 284 26 270 3 12 18 16 121 28 93 2 4 121 17 66 2 20 12 30 21 2 14 64 21 33 1 22 27 3 14 33 21 73 26 120 3 4 144 7 322 25 251 3 22 1 24 2 30 1
34 3 7 233 24 202 25 141 3 1 69 3 61 21 61 3 9 142 22 310 23 233 3 1 46 7 56 18 68 3 9 53 22 300 23 274 3 1 214 7 131 11 90 2 2 231 7 164 3 7 116 11 221 24 87 3 4 242 7 316 25 191 2 14 91 27 64 2 15 203 24 129 3 4 176 5 56 19 65 2 6 61 30 8 3 8 6 18 30 24 22 2 9 178 28 40 2 6 46 30 31 2 10 165 13 115 2 21 2 29 3 2 9 30 11 35 3 4 87 5 140 19 89 2 13 10 18 4 3 10 226 12 189 17 99 3 2 1 18 1 19 1 2 13 125 27 123 3 5 311 6 151 28 239 2 14 259 26 118 3 12 93 16 24 28 76 2 4 212 17 128 2 20 6 30 3 2 14 62 21 66 1 22 55 3 14 71 21 24 26 107 3 4 278 7 323 25 130 3 22 2 24 1 30 1
32 2 21 1 29 1 2 2 226 7 75 3 1 59 7 47 18 140 3 9 196 22 97 23 58 3 1 71 3 76 21 122 3 4 143 7 111 25 322 2 20 25 30 30 3 4 135 5 220 19 31 2 6 18 30 61 3 5 47 6 180 28 121 2 15 75 24 33 3 1 75 7 25 11 207 3 8 11 18 13 24 13 3 22 2 24 2 30 1 2 9 342 28 119 3 7 56 24 203 25 241 2 10 229 13 101 2 14 44 27 93 2 6 10 30 56 2 9 24 11 55 3 10 29 12 69 17 34 3 2 1 18 1 19 1 2 14 64 27 53 2 13 194 27 277 2 13 27 18 32 2 14 84 26 152 3 12 79 16 46 28 42 1 22 114 2 14 57 21 34 2 4 218 17 143 3 7 108 11 104 24 58 3 14 83 21 123 26 79
32 2 21 1 29 1 2 2 226 7 75 3 1 59 7 47 18 140 3 9 196 22 97 23 58 3 1 71 3 76 21 122 3 4 143 7 111 25 322 2 20 25 30 30 3 4 135 5 220 19 31 2 6 18 30 61 3 5 47 6 180 28 121 2 15 75 24 33 3 1 75 7 25 11 207 3 8 11 18 13 24 13 3 22 2 24 2 30 1 2 9 342 28 119 3 7 56 24 203 25 241 2 10 229 13 101 2 14 44 27 93 2 6 10 30 56 2 9 24 11 55 3 10 29 12 69 17 34 3 2 1 18 1 19 1 2 14 64 27 53 2 13 194 27 277 2 13 27 18 32 2 14 84 26 152 3 12 79 16 46 28 42 1 22 114 2 14 57 21 34 2 4 218 17 143 3 7 108 11 104 24 58 3 14 83 21 123 26 79
37 3 1 82 7 22 18 39 3 22 2 24 2 30 1 3 1 137 7 64 18 165 2 9 9 11 16 1 22 57 2 2 111 7 129 3 1 19 3 111 21 50 3 1 55 7 118 18 37 3 7 179 11 96 24 127 3 1 68 7 141 18 71 3 4 261 7 153 25 100 1 22 122 2 15 221 24 51 3 4 75 5 63 19 113 2 6 46 30 25 3 1 190 7 184 11 32 2 10 126 13 56 3 4 181 5 143 19 191 2 9 183 28 170 3 8 22 18 25 24 7 3 10 209 12 28 17 94 2 13 112 27 159 3 9 226 22 216 23 180 2 14 217 26 293 3 12 97 16 68 28 53 2 14 62 27 143 3 14 67 21 112 26 112 2 21 2 29 2 2 13 28 18 33 3 4 156 5 207 19 215 2 20 32 30 11 2 4 269 17 167 2 14 14 21 36 3 2 1 18 1 19 1 2 9 48 11 60 3 7 50 24 254 25 259 3 5 101 6 264 28 270
37 3 1 82 7 22 18 39 3 22 2 24 2 30 1 3 1 137 7 64 18 165 2 9 9 11 16 1 22 57 2 2 111 7 129 3 1 19 3 111 21 50 3 1 55 7 118 18 37 3 7 179 11 96 24 127 3 1 68 7 141 18 71 3 4 261 7 153 25 100 1 22 122 2 15 221 24 51 3 4 75 5 63 19 113 2 6 46 30 25 3 1 190 7 184 11 32 2 10 126 13 56 3 4 181 5 143 19 191 2 9 183 28 170 3 8 22 18 25 24 7 3 10 209 12 28 17 94 2 13 112 27 159 3 9 226 22 216 23 180 2 14 217 26 293 3 12 97 16 68 28 53 2 14 62 27 143 3 14 67 21 112 26 112 2 21 2 29 2 2 13 28 18 33 3 4 156 5 207 19 215 2 20 32 30 11 2 4 269 17 167 2 14 14 21 36 3 2 1 18 1 19 1 2 9 48 11 60 3 7 50 24 254 25 259 3 5 101 6 264 28 270
35 3 22 3 24 2 30 2 3 1 150 7 170 18 132 3 22 1 24 1 30 1 3 4 198 5 55 19 101 2 2 244 7 75 3 1 112 3 74 21 144 3 4 273 7 210 25 169 2 6 20 30 53 3 1 208 7 73 11 192 2 6 37 30 53 3 8 37 18 42 24 11 3 22 1 24 1 30 2 2 9 80 28 46 2 10 181 13 210 3 10 91 12 40 17 104 3 4 155 5 148 19 117 2 4 121 17 262 2 9 44 11 29 2 13 194 27 38 2 14 246 26 151 2 15 224 24 208 2 14 121 27 125 3 12 48 16 87 28 40 2 13 31 18 18 3 2 1 18 1 19 1 1 22 47 3 9 101 22 324 23 269 2 20 8 30 29 2 14 25 21 37 3 7 48 11 33 24 173 3 7 198 24 107 25 65 3 14 120 21 30 26 103 2 9 291 28 197 3 5 310 6 265 28 285 2 21 2 29 1
35 3 22 3 24 2 30 2 3 1 150 7 170 18 132 3 22 1 24 1 30 1 3 4 198 5 55 19 101 2 2 244 7 75 3 1 112 3 74 21 144 3 4 273 7 210 25 169 2 6 20 30 53 3 1 208 7 73 11 192 2 6 37 30 53 3 8 37 18 42 24 11 3 22 1 24 1 30 2 2 9 80 28 46 2 10 181 13 210 3 10 91 12 40 17 104 3 4 155 5 148 19 117 2 4 121 17 262 2 9 44 11 29 2 13 194 27 38 2 14 246 26 151 2 15 224 24 208 2 14 121 27 125 3 12 48 16 87 28 40 2 13 31 18 18 3 2 1 18 1 19 1 1 22 47 3 9 101 22 324 23 269 2 20 8 30 29 2 14 25 21 37 3 7 48 11 33 24 173 3 7 198 24 107 25 65 3 14 120 21 30 26 103 2 9 291 28 197 3 5 310 6 265 28 285 2 21 2 29 1
35 3 22 3 24 2 30 2 3 1 150 7 170 18 132 3 22 1 24 1 30 1 3 4 198 5 55 19 101 2 2 244 7 75 3 1 112 3 74 21 144 3 4 273 7 210 25 169 2 6 20 30 53 3 1 208 7 73 11 192 2 6 37 30 53 3 8 37 18 42 24 11 3 22 1 24 1 30 2 2 9 80 28 46 2 10 181 13 210 3 10 91 12 40 17 104 3 4 155 5 148 19 117 2 4 121 17 262 2 9 44 11 29 2 13 194 27 38 2 14 246 26 151 2 15 224 24 208 2 14 121 27 125 3 12 48 16 87 28 40 2 13 31 18 18 3 2 1 18 1 19 1 1 22 47 3 9 101 22 324 23 269 2 20 8 30 29 2 14 25 21 37 3 7 48 11 33 24 173 3 7 198 24 107 25 65 3 14 120 21 30 26 103 2 9 291 28 197 3 5 310 6 265 28 285 2 21 2 29 1
37 2 21 1 29 2 3 1 44 7 76 18 133 2 20 13 30 19 2 21 1 29 2 2 13 226 27 129 2 20 5 30 15 2 2 60 7 69 3 1 129 3 59 21 24 3 4 191 7 334 25 291 3 4 216 5 200 19 168 2 6 15 30 31 3 1 121 7 111 11 216 3 1 151 3 71 21 136 3 8 16 18 25 24 9 2 13 5 18 7 2 9 104 28 196 2 10 116 13 240 2 9 29 11 22 2 4 173 17 251 3 10 138 12 116 17 30 2 14 143 26 152 2 14 36 27 152 2 15 195 24 242 3 12 108 16 95 28 77 2 6 59 30 11 3 2 1 18 1 19 1 2 13 23 18 26 2 14 12 21 60 3 14 90 21 130 26 43 1 22 85 2 9 266 28 345 3 9 69 22 186 23 100 3 5 130 6 280 28 169 3 1 102 3 65 21 152 3 7 114 24 36 25 177 3 7 50 11 194 24 190 3 22 1 24 1 30 1
37 2 21 1 29 2 3 1 44 7 76 18 133 2 20 13 30 19 2 21 1 29 2 2 13 226 27 129 2 20 5 30 15 2 2 60 7 69 3 1 129 3 59 21 24 3 4 191 7 334 25 291 3 4 216 5 200 19 168 2 6 15 30 31 3 1 121 7 111 11 216 3 1 151 3 71 21 136 3 8 16 18 25 24 9 2 13 5 18 7 2 9 104 28 196 2 10 116 13 240 2 9 29 11 22 2 4 173 17 251 3 10 138 12 116 17 30 2 14 143 26 152 2 14 36 27 152 2 15 195 24 242 3 12 108 16 95 28 77 2 6 59 30 11 3 2 1 18 1 19 1 2 13 23 18 26 2 14 12 21 60 3 14 90 21 130 26 43 1 22 85 2 9 266 28 345 3 9 69 22 186 23 100 3 5 130 6 280 28 169 3 1 102 3 65 21 152 3 7 114 24 36 25 177 3 7 50 11 194 24 190 3 22 1 24 1 30 1
33 3 1 55 7 59 18 85 2 2 211 7 318 1 22 87 3 1 27 3 54 21 88 3 1 160 7 162 18 62 3 4 92 7 352 25 146 3 4 223 5 126 19 73 3 22 3 24 1 30 2 2 6 56 30 9 3 1 127 7 112 11 151 3 8 39 18 25 24 26 3 9 224 22 191 23 127 2 4 54 17 271 2 14 104 27 26 3 7 181 11 101 24 171 2 9 144 28 50 2 15 209 24 120 2 10 120 13 192 3 2 1 18 1 19 1 2 9 45 11 14 3 10 33 12 118 17 212 2 13 74 27 81 2 14 198 26 101 3 12 122 16 97 28 94 2 13 7 18 33 3 14 74 21 32 26 23 2 20 5 30 7 3 5 56 6 332 28 250 3 1 74 3 36 21 50 3 7 130 24 291 25 284 2 13 134 27 136 2 14 57 21 10 2 21 1 29 1
37 3 1 170 7 139 18 138 2 2 178 7 277 3 1 24 3 92 21 70 3 4 49 7 103 25 284 3 4 172 5 160 19 208 3 7 203 24 232 25 251 2 4 209 17 56 3 4 168 5 90 19 34 2 6 22 30 45 3 1 52 7 103 11 163 2 14 263 26 211 2 20 26 30 15 3 8 11 18 4 24 17 3 4 158 7 200 25 77 2 9 191 28 39 3 2 1 18 1 19 1 2 13 207 27 224 3 22 3 24 1 30 1 3 2 1 18 1 19 1 2 10 53 13 92 2 9 20 11 33 3 10 207 12 201 17 159 3 2 1 18 1 19 1 2 15 207 24 209 2 13 16 18 30 3 12 101 16 107 28 63 2 2 38 7 45 2 14 22 27 66 3 14 87 21 129 26 38 1 22 66 3 5 160 6 173 28 232 3 9 190 22 211 23 152 3 2 1 18 1 19 1 2 21 1 29 2 2 14 31 21 58 2 15 162 24 157 3 7 73 11 171 24 59
32 3 1 121 7 80 18 71 3 9 133 22 39 23 294 3 10 51 12 91 17 203 2 2 296 7 248 2 9 34 11 14 3 1 39 3 94 21 71 3 4 61 7 213 25 333 3 4 168 5 79 19 219 2 6 47 30 16 3 1 176 7 32 11 44 3 8 19 18 12 24 31 2 9 71 28 108 3 5 306 6 275 28 187 2 10 41 13 185 3 7 262 24 134 25 36 2 20 13 30 24 2 6 17 30 24 2 13 304 27 186 2 13 6 18 5 2 15 82 24 174 3 4 32 5 168 19 231 2 14 201 26 254 3 12 43 16 88 28 56 2 4 65 17 205 3 2 1 18 1 19 1 2 14 52 21 37 3 22 2 24 1 30 1 1 22 97 2 14 52 27 104 3 7 115 11 44 24 153 3 14 25 21 15 26 131 2 21 2 29 1
32 3 1 121 7 80 18 71 3 9 133 22 39 23 294 3 10 51 12 91 17 203 2 2 296 7 248 2 9 34 11 14 3 1 39 3 94 21 71 3 4 61 7 213 25 333 3 4 168 5 79 19 219 2 6 47 30 16 3 1 176 7 32 11 44 3 8 19 18 12 24 31 2 9 71 28 108 3 5 306 6 275 28 187 2 10 41 13 185 3 7 262 24 134 25 36 2 20 13 30 24 2 6 17 30 24 2 13 304 27 186 2 13 6 18 5 2 15 82 24 174 3 4 32 5 168 19 231 2 14 201 26 254 3 12 43 16 88 28 56 2 4 65 17 205 3 2 1 18 1 19 1 2 14 52 21 37 3 22 2 24 1 30 1 1 22 97 2 14 52 27 104 3 7 115 11 44 24 153 3 14 25 21 15 26 131 2 21 2 29 1
32 3 1 121 7 80 18 71 3 9 133 22 39 23 294 3 10 51 12 91 17 203 2 2 296 7 248 2 9 34 11 14 3 1 39 3 94 21 71 3 4 61 7 213 25 333 3 4 168 5 79 19 219 2 6 47 30 16 3 1 176 7 32 11 44 3 8 19 18 12 24 31 2 9 71 28 108 3 5 306 6 275 28 187 2 10 41 13 185 3 7 262 24 134 25 36 2 20 13 30 24 2 6 17 30 24 2 13 304 27 186 2 13 6 18 5 2 15 82 24 174 3 4 32 5 168 19 231 2 14 201 26 254 3 12 43 16 88 28 56 2 4 65 17 205 3 2 1 18 1 19 1 2 14 52 21 37 3 22 2 24 1 30 1 1 22 97 2 14 52 27 104 3 7 115 11 44 24 153 3 14 25 21 15 26 131 2 21 2 29 1
33 3 1 158 7 47 18 81 2 2 158 7 284 3 1 129 7 74 18 133 3 1 63 3 86 21 139 3 4 241 7 164 25 77 3 4 143 5 70 19 73 2 6 49 30 50 3 1 184 7 122 11 113 2 13 87 27 98 3 8 43 18 10 24 36 2 9 238 28 275 2 10 103 13 164 2 9 47 11 35 3 10 65 12 214 17 97 2 14 111 26 173 2 15 45 24 141 3 12 76 16 98 28 66 3 4 211 5 116 19 225 2 20 30 30 17 2 4 41 17 124 3 9 284 22 107 23 74 3 2 1 18 1 19 1 2 13 27 18 17 3 5 357 6 220 28 146 2 14 10 21 20 3 7 75 11 37 24 189 3 22 1 24 1 30 1 1 22 94 3 7 286 24 176 25 292 2 14 124 27 153 3 10 195 12 101 17 107 3 14 57 21 62 26 105 2 21 3 29 3
37 3 1 115 7 129 18 132 2 2 286 7 203 3 1 107 3 28 21 152 3 4 207 7 266 25 156 3 4 141 5 172 19 109 3 7 227 24 102 25 76 2 4 132 17 57 3 4 116 5 72 19 88 2 6 25 30 59 3 1 73 7 192 11 150 2 14 156 26 163 2 20 6 30 19 3 8 5 18 7 24 31 3 4 98 7 185 25 348 2 9 210 28 131 3 2 1 18 1 19 1 2 13 119 27 200 3 22 1 24 1 30 2 3 2 1 18 1 19 1 2 10 150 13 161 2 9 40 11 30 3 10 130 12 126 17 185 3 2 1 18 1 19 1 2 15 221 24 80 2 13 12 18 18 3 12 101 16 47 28 60 2 2 249 7 209 2 14 162 27 148 3 14 45 21 89 26 22 1 22 109 3 5 167 6 341 28 196 3 9 235 22 56 23 179 3 2 1 18 1 19 1 2 21 1 29 3 2 14 66 21 32 2 15 143 24 226 3 7 190 11 213 24 39
38 2 2 72 7 192 3 22 2 24 1 30 2 3 1 149 7 50 18 28 3 1 79 3 25 21 71 2 21 2 29 2 3 4 266 7 327 25 295 2 14 10 21 42 3 9 128 22 209 23 196 3 22 1 24 3 30 2 3 5 165 6 258 28 355 3 4 106 5 83 19 32 2 6 44 30 21 2 21 2 29 3 3 7 150 24 280 25 267 3 1 115 7 150 11 89 2 6 50 30 34 3 8 33 18 21 24 34 2 14 72 21 63 2 9 191 28 234 2 4 149 17 285 3 1 85 3 43 21 61 3 2 1 18 1 19 1 2 10 116 13 223 2 9 15 11 43 3 12 46 16 29 28 114 2 9 51 28 101 3 14 18 21 66 26 100 3 10 165 12 135 17 164 3 7 190 11 50 24 42 3 4 57 5 105 19 203 2 13 282 27 70 3 4 321 7 63 25 83 2 14 216 26 65 2 15 121 24 128 2 13 27 18 16 2 14 82 27 73 2 20 30 30 15 1 22 138
34 3 1 157 7 66 18 107 3 22 2 24 2 30 1 2 2 267 7 164 2 21 1 29 1 2 14 231 26 150 2 21 2 29 2 3 2 1 18 1 19 1 3 1 17 3 68 21 94 3 4 222 7 170 25 168 3 2 1 18 1 19 1 3 4 230 5 176 19 153 2 6 35 30 45 2 13 19 18 23 3 1 35 7 124 11 220 3 8 15 18 39 24 34 2 14 42 21 40 3 14 109 21 66 26 106 2 9 230 28 114 2 10 220 13 172 3 7 36 24 278 25 132 3 5 354 6 168 28 95 2 20 28 30 30 2 9 22 11 35 3 9 86 22 265 23 53 3 10 88 12 200 17 143 2 6 16 30 10 2 15 96 24 111 2 13 293 27 291 2 14 138 27 82 3 10 164 12 210 17 223 2 4 154 17 56 1 22 22 3 12 22 16 95 28 101 3 7 233 11 202 24 192
34 3 1 157 7 66 18 107 3 22 2 24 2 30 1 2 2 267 7 164 2 21 1 29 1 2 14 231 26 150 2 21 2 29 2 3 2 1 18 1 19 1 3 1 17 3 68 21 94 3 4 222 7 170 25 168 3 2 1 18 1 19 1 3 4 230 5 176 19 153 2 6 35 30 45 2 13 19 18 23 3 1 35 7 124 11 220 3 8 15 18 39 24 34 2 14 42 21 40 3 14 109 21 66 26 106 2 9 230 28 114 2 10 220 13 172 3 7 36 24 278 25 132 3 5 354 6 168 28 95 2 20 28 30 30 2 9 22 11 35 3 9 86 22 265 23 53 3 10 88 12 200 17 143 2 6 16 30 10 2 15 96 24 111 2 13 293 27 291 2 14 138 27 82 3 10 164 12 210 17 223 2 4 154 17 56 1 22 22 3 12 22 16 95 28 101 3 7 233 11 202 24 192
37 3 4 41 5 186 19 81 3 1 68 7 163 18 31 2 2 261 7 277 3 1 132 7 99 18 138 3 1 33 3 31 21 147 3 8 18 18 20 24 21 3 4 222 7 104 25 215 3 10 126 12 217 17 33 3 7 52 24 270 25 271 2 4 106 17 62 3 4 81 5 75 19 135 2 15 213 24 226 3 10 154 12 85 17 142 3 9 307 22 292 23 87 2 9 10 11 10 2 13 30 18 12 2 6 55 30 9 3 1 207 7 38 11 58 2 9 144 28 163 2 4 229 17 145 2 10 209 13 158 2 9 48 11 24 3 12 57 16 29 28 72 2 13 300 27 233 2 14 202 26 208 1 22 139 3 2 1 18 1 19 1 3 4 51 7 157 25 303 3 22 1 24 3 30 1 2 20 18 30 28 2 14 72 21 63 3 7 71 11 156 24 37 2 21 2 29 3 3 14 95 21 28 26 21 1 22 127 2 14 93 27 59 3 5 287 6 237 28 89
37 2 21 3 29 1 3 1 102 7 157 18 44 2 20 25 30 29 2 21 2 29 3 2 13 265 27 92 2 20 15 30 7 2 2 107 7 67 3 1 33 3 55 21 59 3 4 236 7 327 25 137 3 4 164 5 77 19 165 2 6 57 30 46 3 1 83 7 84 11 220 3 1 53 3 24 21 76 3 8 36 18 41 24 41 2 13 35 18 31 2 9 346 28 156 2 10 45 13 223 2 9 37 11 10 2 4 52 17 87 3 10 33 12 99 17 126 2 14 151 26 227 2 14 66 27 120 2 15 40 24 51 3 12 19 16 58 28 87 2 6 63 30 41 3 2 1 18 1 19 1 2 13 15 18 18 2 14 70 21 43 3 14 32 21 34 26 32 1 22 18 2 9 86 28 174 3 9 308 22 135 23 108 3 5 76 6 346 28 164 3 1 31 3 98 21 140 3 7 154 24 106 25 68 3 7 61 11 45 24 142 3 22 1 24 2 30 2
33 3 1 107 7 39 18 74 2 2 189 7 42 3 1 149 7 48 18 19 3 1 44 3 88 21 32 3 4 183 7 143 25 122 3 4 215 5 224 19 115 2 6 22 30 63 3 1 182 7 42 11 215 2 13 49 27 116 3 8 15 18 40 24 7 2 9 281 28 79 2 10 225 13 224 2 9 52 11 19 3 10 110 12 214 17 204 2 14 255 26 158 2 15 41 24 225 3 12 95 16 41 28 34 3 4 225 5 166 19 145 2 20 29 30 5 2 4 255 17 83 3 9 309 22 76 23 168 3 2 1 18 1 19 1 2 13 4 18 5 3 5 313 6 247 28 230 2 14 14 21 46 3 7 143 11 64 24 88 3 22 1 24 1 30 1 1 22 141 3 7 43 24 107 25 44 2 14 49 27 30 3 10 120 12 106 17 128 3 14 32 21 20 26 76 2 21 1 29 1
34 3 1 53 7 30 18 44 3 22 3 24 1 30 3 2 2 285 7 196 2 21 3 29 1 2 14 237 26 233 2 21 3 29 2 3 2 1 18 1 19 1 3 1 129 3 24 21 64 3 4 159 7 88 25 241 3 2 1 18 1 19 1 3 4 193 5 211 19 27 2 6 58 30 19 2 13 4 18 15 3 1 125 7 225 11 70 3 8 8 18 11 24 29 2 14 33 21 40 3 14 102 21 46 26 50 2 9 120 28 252 2 10 59 13 74 3 7 96 24 74 25 132 3 5 177 6 50 28 299 2 20 18 30 20 2 9 54 11 25 3 9 228 22 161 23 187 3 10 128 12 207 17 182 2 6 53 30 28 2 15 133 24 215 2 13 157 27 249 2 14 147 27 64 3 10 144 12 58 17 98 2 4 246 17 128 1 22 17 3 12 29 16 96 28 34 3 7 55 11 192 24 90
34 3 1 53 7 30 18 44 3 22 3 24 1 30 3 2 2 285 7 196 2 21 3 29 1 2 14 237 26 233 2 21 3 29 2 3 2 1 18 1 19 1 3 1 129 3 24 21 64 3 4 159 7 88 25 241 3 2 1 18 1 19 1 3 4 193 5 211 19 27 2 6 58 30 19 2 13 4 18 15 3 1 125 7 225 11 70 3 8 8 18 11 24 29 2 14 33 21 40 3 14 102 21 46 26 50 2 9 120 28 252 2 10 59 13 74 3 7 96 24 74 25 132 3 5 177 6 50 28 299 2 20 18 30 20 2 9 54 11 25 3 9 228 22 161 23 187 3 10 128 12 207 17 182 2 6 53 30 28 2 15 133 24 215 2 13 157 27 249 2 14 147 27 64 3 10 144 12 58 17 98 2 4 246 17 128 1 22 17 3 12 29 16 96 28 34 3 7 55 11 192 24 90
32 2 21 1 29 2 2 2 139 7 163 3 1 159 7 130 18 112 3 9 278 22 230 23 286 3 1 23 3 114 21 87 3 4 244 7 350 25 214 2 20 23 30 18 3 4 55 5 146 19 206 2 6 11 30 15 3 5 155 6 353 28 114 2 15 110 24 61 3 1 172 7 70 11 191 3 8 20 18 18 24 26 3 22 1 24 2 30 1 2 9 327 28 274 3 7 71 24 232 25 73 2 10 57 13 222 2 14 28 27 146 2 6 33 30 36 2 9 33 11 55 3 10 71 12 42 17 40 3 2 1 18 1 19 1 2 14 136 27 131 2 13 225 27 206 2 13 34 18 23 2 14 141 26 293 3 12 77 16 82 28 94 1 22 43 2 14 40 21 14 2 4 166 17 260 3 7 122 11 85 24 178 3 14 67 21 118 26 47
37 3 1 112 7 69 18 127 2 2 217 7 321 3 1 93 3 82 21 126 3 4 51 7 228 25 207 2 21 2 29 1 3 4 191 5 132 19 137 3 10 172 12 101 17 75 2 6 47 30 31 2 14 64 21 64 3 1 37 7 70 11 71 3 10 57 12 67 17 53 3 8 30 18 15 24 40 2 9 319 28 292 2 10 200 13 38 2 9 62 11 48 2 13 281 27 46 3 7 54 11 38 24 47 3 12 105 16 51 28 32 3 22 1 24 2 30 1 2 2 309 7 226 2 14 187 26 120 3 12 20 16 14 28 94 2 15 136 24 143 3 7 273 24 66 25 246 2 4 139 17 261 2 13 18 18 20 3 2 1 18 1 19 1 3 22 2 24 2 30 2 2 20 10 30 27 3 14 89 21 89 26 123 1 22 130 3 10 128 12 87 17 32 3 9 295 22 204 23 43 3 10 221 12 198 17 113 2 14 148 27 112 3 4 196 5 108 19 113 3 5 164 6 42 28 216
37 3 1 112 7 69 18 127 2 2 217 7 321 3 1 93 3 82 21 126 3 4 51 7 228 25 207 2 21 2 29 1 3 4 191 5 132 19 137 3 10 172 12 101 17 75 2 6 47 30 31 2 14 64 21 64 3 1 37 7 70 11 71 3 10 57 12 67 17 53 3 8 30 18 15 24 40 2 9 319 28 292 2 10 200 13 38 2 9 62 11 48 2 13 281 27 46 3 7 54 11 38 24 47 3 12 105 16 51 28 32 3 22 1 24 2 30 1 2 2 309 7 226 2 14 187 26 120 3 12 20 16 14 28 94 2 15 136 24 143 3 7 273 24 66 25 246 2 4 139 17 261 2 13 18 18 20 3 2 1 18 1 19 1 3 22 2 24 2 30 2 2 20 10 30 27 3 14 89 21 89 26 123 1 22 130 3 10 128 12 87 17 32 3 9 295 22 204 23 43 3 10 221 12 198 17 113 2 14 148 27 112 3 4 196 5 108 19 113 3 5 164 6 42 28 216
37 3 1 112 7 69 18 127 2 2 217 7 321 3 1 93 3 82 21 126 3 4 51 7 228 25 207 2 21 2 29 1 3 4 191 5 132 19 137 3 10 172 12 101 17 75 2 6 47 30 31 2 14 64 21 64 3 1 37 7 70 11 71 3 10 57 12 67 17 53 3 8 30 18 15 24 40 2 9 319 28 292 2 10 200 13 38 2 9 62 11 48 2 13 281 27 46 3 7 54 11 38 24 47 3 12 105 16 51 28 32 3 22 1 24 2 30 1 2 2 309 7 226 2 14 187 26 120 3 12 20 16 14 28 94 2 15 136 24 143 3 7 273 24 66 25 246 2 4 139 17 261 2 13 18 18 20 3 2 1 18 1 19 1 3 22 2 24 2 30 2 2 20 10 30 27 3 14 89 21 89 26 123 1 22 130 3 10 128 12 87 17 32 3 9 295 22 204 23 43 3 10 221 12 198 17 113 2 14 148 27 112 3 4 196 5 108 19 113 3 5 164 6 42 28 216
37 2 21 2 29 3 3 1 116 7 108 18 110 2 20 23 30 29 2 21 3 29 3 2 13 102 27 288 2 20 28 30 12 2 2 58 7 64 3 1 70 3 117 21 63 3 4 75 7 332 25 107 3 4 191 5 163 19 147 2 6 41 30 15 3 1 51 7 215 11 65 3 1 68 3 52 21 114 3 8 26 18 12 24 20 2 13 31 18 9 2 9 97 28 62 2 10 87 13 167 2 9 18 11 58 2 4 283 17 116 3 10 44 12 160 17 155 2 14 51 26 287 2 14 151 27 94 2 15 197 24 101 3 12 47 16 103 28 60 2 6 37 30 18 3 2 1 18 1 19 1 2 13 14 18 10 2 14 21 21 17 3 14 32 21 124 26 17 1 22 74 2 9 62 28 202 3 9 85 22 44 23 147 3 5 165 6 78 28 132 3 1 90 3 134 21 131 3 7 93 24 164 25 275 3 7 230 11 37 24 127 3 22 2 24 1 30 1
37 2 21 2 29 3 3 1 116 7 108 18 110 2 20 23 30 29 2 21 3 29 3 2 13 102 27 288 2 20 28 30 12 2 2 58 7 64 3 1 70 3 117 21 63 3 4 75 7 332 25 107 3 4 191 5 163 19 147 2 6 41 30 15 3 1 51 7 215 11 65 3 1 68 3 52 21 114 3 8 26 18 12 24 20 2 13 31 18 9 2 9 97 28 62 2 10 87 13 167 2 9 18 11 58 2 4 283 17 116 3 10 44 12 160 17 155 2 14 51 26 287 2 14 151 27 94 2 15 197 24 101 3 12 47 16 103 28 60 2 6 37 30 18 3 2 1 18 1 19 1 2 13 14 18 10 2 14 21 21 17 3 14 32 21 124 26 17 1 22 74 2 9 62 28 202 3 9 85 22 44 23 147 3 5 165 6 78 28 132 3 1 90 3 134 21 131 3 7 93 24 164 25 275 3 7 230 11 37 24 127 3 22 2 24 1 30 1
38 2 2 320 7 204 3 22 1 24 1 30 2 3 1 48 7 125 18 105 3 1 78 3 87 21 145 2 21 1 29 2 3 4 69 7 328 25 313 2 14 56 21 23 3 9 37 22 78 23 313 3 22 1 24 2 30 2 3 5 263 6 252 28 307 3 4 106 5 151 19 48 2 6 45 30 57 2 21 1 29 2 3 7 157 24 67 25 223 3 1 184 7 211 11 118 2 6 64 30 19 3 8 12 18 32 24 17 2 14 68 21 13 2 9 320 28 262 2 4 133 17 108 3 1 63 3 98 21 145 3 2 1 18 1 19 1 2 10 150 13 157 2 9 40 11 27 3 12 62 16 119 28 113 2 9 54 28 320 3 14 130 21 95 26 46 3 10 157 12 70 17 86 3 7 36 11 56 24 108 3 4 101 5 85 19 193 2 13 241 27 200 3 4 133 7 344 25 150 2 14 211 26 280 2 15 236 24 186 2 13 32 18 16 2 14 133 27 20 2 20 29 30 10 1 22 93
39 3 4 84 5 144 19 111 2 14 155 27 20 3 7 179 24 251 25 137 2 14 91 27 50 3 5 283 6 252 28 129 3 7 211 24 270 25 180 3 7 150 11 134 24 200 3 1 138 7 108 18 25 3 1 24 3 140 21 106 3 2 1 18 1 19 1 3 5 172 6 126 28 231 2 2 256 7 77 3 1 65 3 118 21 17 3 4 71 7 197 25 190 3 1 57 3 31 21 143 2 6 44 30 34 2 2 53 7 45 3 1 111 7 147 11 105 3 8 40 18 32 24 18 2 9 57 11 66 2 9 80 28 231 2 14 45 21 39 3 4 176 5 35 19 92 2 10 69 13 128 1 22 18 3 10 216 12 105 17 202 2 13 98 27 68 2 14 255 26 291 3 12 92 16 79 28 86 2 14 79 26 201 2 15 79 24 164 2 4 97 17 205 2 21 2 29 2 3 14 27 21 91 26 72 2 13 6 18 13 2 20 11 30 10 3 1 121 3 137 21 86 3 9 187 22 55 23 245 3 22 2 24 1 30 3
37 3 1 72 7 93 18 31 2 2 116 7 147 3 1 20 3 88 21 134 3 4 249 7 197 25 243 2 21 1 29 1 3 4 89 5 193 19 185 3 10 167 12 216 17 83 2 6 40 30 60 2 14 41 21 50 3 1 68 7 54 11 151 3 10 56 12 174 17 192 3 8 27 18 29 24 17 2 9 294 28 243 2 10 237 13 215 2 9 42 11 25 2 13 238 27 86 3 7 156 11 26 24 186 3 12 41 16 24 28 16 3 22 1 24 1 30 3 2 2 54 7 49 2 14 170 26 39 3 12 121 16 67 28 25 2 15 39 24 30 3 7 150 24 258 25 282 2 4 203 17 91 2 13 25 18 4 3 2 1 18 1 19 1 3 22 2 24 1 30 3 2 20 13 30 5 3 14 63 21 132 26 61 1 22 104 3 10 214 12 225 17 93 3 9 292 22 243 23 301 3 10 90 12 46 17 127 2 14 96 27 25 3 4 62 5 44 19 26 3 5 82 6 344 28 347
33 3 1 44 7 139 18 123 2 2 135 7 54 3 1 75 7 19 18 46 3 1 102 3 45 21 146 3 4 140 7 303 25 310 3 4 92 5 60 19 78 2 6 19 30 11 3 1 209 7 100 11 77 2 13 158 27 64 3 8 18 18 13 24 8 2 9 77 28 86 2 10 38 13 206 2 9 14 11 39 3 10 109 12 72 17 201 2 14 163 26 211 2 15 194 24 128 3 12 99 16 54 28 69 3 4 156 5 225 19 183 2 20 13 30 26 2 4 33 17 90 3 9 311 22 111 23 172 3 2 1 18 1 19 1 2 13 27 18 26 3 5 313 6 112 28 271 2 14 73 21 60 3 7 73 11 145 24 65 3 22 2 24 3 30 1 1 22 49 3 7 74 24 130 25 112 2 14 22 27 140 3 10 70 12 222 17 122 3 14 133 21 88 26 19 2 21 1 29 1
34 3 7 162 24 150 25 104 3 1 101 3 150 21 130 3 9 293 22 285 23 324 3 1 124 7 48 18 139 3 9 176 22 115 23 114 3 1 37 7 90 11 119 2 2 56 7 79 3 7 82 11 168 24 207 3 4 240 7 166 25 352 2 14 116 27 131 2 15 107 24 42 3 4 93 5 162 19 119 2 6 17 30 49 3 8 32 18 8 24 14 2 9 229 28 283 2 6 39 30 55 2 10 123 13 232 2 21 1 29 2 2 9 49 11 36 3 4 41 5 136 19 226 2 13 6 18 23 3 10 148 12 96 17 221 3 2 1 18 1 19 1 2 13 172 27 205 3 5 332 6 108 28 352 2 14 160 26 289 3 12 96 16 24 28 120 2 4 67 17 282 2 20 12 30 23 2 14 66 21 8 1 22 66 3 14 113 21 17 26 60 3 4 271 7 353 25 233 3 22 2 24 1 30 2
34 3 7 162 24 150 25 104 3 1 101 3 150 21 130 3 9 293 22 285 23 324 3 1 124 7 48 18 139 3 9 176 22 115 23 114 3 1 37 7 90 11 119 2 2 56 7 79 3 7 82 11 168 24 207 3 4 240 7 166 25 352 2 14 116 27 131 2 15 107 24 42 3 4 93 5 162 19 119 2 6 17 30 49 3 8 32 18 8 24 14 2 9 229 28 283 2 6 39 30 55 2 10 123 13 232 2 21 1 29 2 2 9 49 11 36 3 4 41 5 136 19 226 2 13 6 18 23 3 10 148 12 96 17 221 3 2 1 18 1 19 1 2 13 172 27 205 3 5 332 6 108 28 352 2 14 160 26 289 3 12 96 16 24 28 120 2 4 67 17 282 2 20 12 30 23 2 14 66 21 8 1 22 66 3 14 113 21 17 26 60 3 4 271 7 353 25 233 3 22 2 24 1 30 2
32 2 21 1 29 2 2 2 112 7 302 3 1 108 7 50 18 111 3 9 86 22 90 23 142 3 1 19 3 86 21 114 3 4 353 7 347 25 255 2 20 13 30 23 3 4 82 5 146 19 176 2 6 47 30 53 3 5 228 6 222 28 82 2 15 94 24 34 3 1 89 7 53 11 199 3 8 43 18 41 24 15 3 22 3 24 3 30 1 2 9 204 28 78 3 7 118 24 50 25 264 2 10 78 13 214 2 14 23 27 160 2 6 12 30 39 2 9 48 11 30 3 10 30 12 214 17 181 3 2 1 18 1 19 1 2 14 54 27 149 2 13 257 27 186 2 13 30 18 8 2 14 176 26 116 3 12 40 16 95 28 87 1 22 130 2 14 54 21 50 2 4 286 17 111 3 7 128 11 222 24 105 3 14 18 21 109 26 103
34 3 7 232 24 121 25 279 3 1 41 3 109 21 77 3 9 126 22 139 23 112 3 1 150 7 54 18 83 3 9 234 22 54 23 297 3 1 58 7 92 11 66 2 2 183 7 223 3 7 113 11 219 24 188 3 4 293 7 221 25 348 2 14 121 27 100 2 15 203 24 175 3 4 130 5 37 19 152 2 6 22 30 38 3 8 24 18 7 24 28 2 9 262 28 332 2 6 19 30 47 2 10 86 13 187 2 21 1 29 2 2 9 47 11 26 3 4 138 5 154 19 114 2 13 19 18 7 3 10 100 12 179 17 202 3 2 1 18 1 19 1 2 13 172 27 131 3 5 258 6 102 28 167 2 14 99 26 47 3 12 35 16 82 28 75 2 4 81 17 237 2 20 14 30 31 2 14 46 21 20 1 22 104 3 14 43 21 98 26 42 3 4 140 7 149 25 119 3 22 2 24 1 30 1
37 3 4 122 5 192 19 166 3 1 139 7 142 18 101 2 2 149 7 277 3 1 98 7 141 18 130 3 1 136 3 154 21 153 3 8 27 18 34 24 8 3 4 184 7 338 25 76 3 10 153 12 162 17 67 3 7 68 24 98 25 96 2 4 135 17 107 3 4 102 5 33 19 118 2 15 47 24 188 3 10 59 12 195 17 91 3 9 157 22 38 23 82 2 9 52 11 10 2 13 32 18 13 2 6 52 30 37 3 1 211 7 60 11 215 2 9 259 28 153 2 4 214 17 151 2 10 187 13 237 2 9 46 11 66 3 12 103 16 89 28 72 2 13 45 27 299 2 14 114 26 139 1 22 135 3 2 1 18 1 19 1 3 4 136 7 39 25 185 3 22 1 24 3 30 3 2 20 12 30 11 2 14 33 21 13 3 7 224 11 166 24 145 2 21 1 29 1 3 14 69 21 65 26 57 1 22 34 2 14 79 27 100 3 5 100 6 159 28 179
37 3 1 41 7 87 18 45 2 2 182 7 301 3 1 19 3 78 21 62 3 4 168 7 219 25 241 2 21 1 29 2 3 4 138 5 161 19 52 3 10 176 12 178 17 51 2 6 50 30 17 2 14 68 21 15 3 1 221 7 125 11 31 3 10 87 12 123 17 178 3 8 11 18 41 24 16 2 9 293 28 93 2 10 120 13 100 2 9 67 11 42 2 13 141 27 72 3 7 181 11 199 24 216 3 12 98 16 44 28 79 3 22 2 24 1 30 2 2 2 268 7 169 2 14 300 26 156 3 12 44 16 46 28 115 2 15 162 24 144 3 7 183 24 70 25 273 2 4 100 17 43 2 13 17 18 27 3 2 1 18 1 19 1 3 22 1 24 3 30 1 2 20 33 30 30 3 14 67 21 62 26 74 1 22 75 3 10 187 12 196 17 50 3 9 201 22 249 23 301 3 10 36 12 186 17 78 2 14 36 27 135 3 4 170 5 63 19 137 3 5 81 6 88 28 53
36 3 1 34 7 133 18 169 2 2 293 7 285 3 1 141 3 107 21 85 3 4 70 7 107 25 119 2 2 81 7 122 3 4 226 5 213 19 120 2 6 48 30 34 3 1 66 7 75 11 151 2 6 12 30 62 3 14 111 21 51 26 93 1 22 101 3 8 17 18 37 24 17 2 9 70 28 309 2 10 108 13 38 2 21 2 29 1 2 9 54 11 18 3 10 186 12 148 17 87 3 2 1 18 1 19 1 3 4 90 5 215 19 71 2 13 98 27 291 2 14 130 26 168 2 15 43 24 108 3 4 117 5 206 19 223 3 12 69 16 90 28 59 3 9 317 22 171 23 210 3 22 2 24 1 30 1 2 4 148 17 284 3 4 221 7 95 25 311 2 14 79 27 18 2 13 7 18 6 3 4 308 7 314 25 267 2 14 25 21 46 2 20 19 30 6 3 7 205 11 97 24 29 3 7 52 24 96 25 136 3 5 305 6 345 28 93
34 3 1 75 7 82 18 87 3 22 2 24 1 30 2 2 2 118 7 279 2 21 2 29 1 2 14 136 26 176 2 21 1 29 2 3 2 1 18 1 19 1 3 1 68 3 113 21 107 3 4 324 7 332 25 121 3 2 1 18 1 19 1 3 4 180 5 68 19 170 2 6 56 30 56 2 13 17 18 11 3 1 226 7 57 11 166 3 8 6 18 25 24 12 2 14 48 21 37 3 14 47 21 130 26 98 2 9 44 28 350 2 10 37 13 29 3 7 199 24 266 25 200 3 5 206 6 340 28 294 2 20 4 30 16 2 9 45 11 63 3 9 72 22 117 23 328 3 10 28 12 48 17 183 2 6 55 30 53 2 15 101 24 141 2 13 75 27 140 2 14 139 27 96 3 10 157 12 26 17 155 2 4 77 17 108 1 22 17 3 12 111 16 94 28 67 3 7 103 11 141 24 115
DUE_DATES: 7619 7619 7619 7619 7464 7464 7464 7337 5715 5715 7497 7497 7180 7180 7180 7267 7267 6604 7204 6324 6324 6324 6904 7809 7425 6917 6917 8179 6035 6554 6252 6252 6884 7979 7979 7979 6219 6219 8332 7910 7474 6061 7857 7857 6517 7309 7622 7523 7995 6324
WEIGHTS: 3 1 3 3 2 2 3 3 2 2 2 3 3 3 1 2 2 2 2 2 1 1 3 1 1 3 3 2 2 1 2 1 1 3 2 1 3 2 1 2 2 1 3 3 1 1 3 1 2 2
