50 30
36 3 1 271 18 58 24 67 2 23 112 28 96 1 19 14 2 2 85 4 158 3 3 126 17 266 25 162 2 7 91 22 114 3 8 18 9 29 10 23 2 23 80 28 64 3 4 35 12 31 23 26 2 11 156 22 213 2 2 103 4 205 2 5 62 19 169 3 13 253 24 326 29 168 2 2 147 4 259 2 6 93 11 135 3 6 318 8 186 23 181 3 3 225 17 194 25 141 2 1 38 15 63 2 8 249 18 43 2 4 4 10 28 2 23 107 28 92 2 16 106 18 64 2 2 64 29 20 3 12 40 19 100 26 12 3 17 37 25 45 28 46 3 12 18 14 67 20 99 3 3 37 7 29 22 13 2 17 126 20 237 4 5 15 9 7 10 20 20 16 3 2 9 7 61 24 54 3 10 56 12 8 21 53 1 23 103 2 21 47 27 53 3 8 14 9 36 10 18 3 2 56 9 102 30 82 2 11 133 26 77
36 3 1 271 18 58 24 67 2 23 112 28 96 1 19 14 2 2 85 4 158 3 3 126 17 266 25 162 2 7 91 22 114 3 8 18 9 29 10 23 2 23 80 28 64 3 4 35 12 31 23 26 2 11 156 22 213 2 2 103 4 205 2 5 62 19 169 3 13 253 24 326 29 168 2 2 147 4 259 2 6 93 11 135 3 6 318 8 186 23 181 3 3 225 17 194 25 141 2 1 38 15 63 2 8 249 18 43 2 4 4 10 28 2 23 107 28 92 2 16 106 18 64 2 2 64 29 20 3 12 40 19 100 26 12 3 17 37 25 45 28 46 3 12 18 14 67 20 99 3 3 37 7 29 22 13 2 17 126 20 237 4 5 15 9 7 10 20 20 16 3 2 9 7 61 24 54 3 10 56 12 8 21 53 1 23 103 2 21 47 27 53 3 8 14 9 36 10 18 3 2 56 9 102 30 82 2 11 133 26 77
38 3 1 324 18 244 24 106 2 2 235 4 131 2 11 42 26 60 3 3 137 17 94 25 53 4 5 47 9 53 10 31 20 55 3 4 13 12 28 23 11 4 5 18 9 43 10 12 20 6 2 5 166 19 73 2 8 175 18 243 2 11 32 26 94 2 6 175 11 54 2 5 217 19 161 3 3 30 7 23 22 24 2 7 15 22 117 3 3 172 17 281 25 313 2 4 20 10 23 3 6 207 8 215 23 61 2 7 119 22 104 3 8 40 9 17 10 39 2 17 191 20 211 2 11 234 22 175 3 2 30 7 11 24 22 3 12 73 19 57 26 28 3 13 107 24 178 29 46 3 12 49 19 67 26 95 3 12 118 14 15 20 81 2 1 83 15 58 2 16 130 18 119 1 19 25 2 5 182 19 63 3 10 60 12 32 21 56 1 23 25 3 17 31 25 53 28 25 2 21 39 27 27 2 2 26 29 61 3 3 27 7 36 22 10 2 23 110 28 76 3 2 21 9 41 30 61
36 3 1 215 18 157 24 54 2 16 144 18 73 2 2 108 4 183 3 2 57 9 64 30 62 2 2 26 29 63 2 7 20 22 80 3 3 168 17 59 25 35 3 1 250 18 312 24 148 2 23 133 28 124 3 4 32 12 12 23 10 2 7 63 22 28 2 5 177 19 40 2 6 169 11 162 3 12 60 19 27 26 64 3 2 53 9 13 30 27 3 6 165 8 36 23 71 3 13 285 24 241 29 318 3 8 13 9 40 10 23 2 4 16 10 9 2 11 90 22 62 3 12 82 14 96 20 29 2 1 45 15 17 2 17 67 20 173 2 8 205 18 251 1 23 28 1 19 20 3 6 90 8 45 23 96 3 2 20 7 36 24 67 3 3 23 7 33 22 16 2 11 136 26 178 3 10 52 12 11 21 46 4 5 12 9 8 10 16 20 47 2 17 284 20 130 3 17 13 25 30 28 63 1 23 60 2 21 52 27 62
34 3 1 147 18 282 24 263 2 2 70 4 40 3 17 57 25 35 28 12 3 3 200 17 79 25 42 3 4 28 12 4 23 14 3 13 71 24 166 29 256 2 5 80 19 52 2 6 112 11 43 2 7 65 22 83 1 19 40 3 6 152 8 142 23 81 2 2 115 4 161 3 10 30 12 18 21 42 3 8 38 9 16 10 6 3 2 32 7 65 24 35 2 4 11 10 5 2 11 122 22 238 3 12 53 19 49 26 21 3 12 45 14 58 20 74 2 8 122 18 36 4 5 18 9 47 10 26 20 51 2 1 76 15 65 1 23 81 2 11 92 22 145 2 23 79 28 85 2 16 108 18 83 2 17 264 20 281 3 12 91 19 76 26 57 3 3 37 7 37 22 16 2 11 170 26 179 2 21 47 27 62 3 8 37 9 22 10 27 2 2 32 29 17 3 2 102 9 31 30 109
34 3 1 147 18 282 24 263 2 2 70 4 40 3 17 57 25 35 28 12 3 3 200 17 79 25 42 3 4 28 12 4 23 14 3 13 71 24 166 29 256 2 5 80 19 52 2 6 112 11 43 2 7 65 22 83 1 19 40 3 6 152 8 142 23 81 2 2 115 4 161 3 10 30 12 18 21 42 3 8 38 9 16 10 6 3 2 32 7 65 24 35 2 4 11 10 5 2 11 122 22 238 3 12 53 19 49 26 21 3 12 45 14 58 20 74 2 8 122 18 36 4 5 18 9 47 10 26 20 51 2 1 76 15 65 1 23 81 2 11 92 22 145 2 23 79 28 85 2 16 108 18 83 2 17 264 20 281 3 12 91 19 76 26 57 3 3 37 7 37 22 16 2 11 170 26 179 2 21 47 27 62 3 8 37 9 22 10 27 2 2 32 29 17 3 2 102 9 31 30 109
32 3 1 179 18 294 24 262 2 2 118 4 81 3 3 60 17 191 25 292 3 4 32 12 31 23 11 2 5 58 19 211 3 3 30 7 31 22 28 2 6 154 11 114 2 7 72 22 74 2 23 40 28 100 3 6 180 8 280 23 92 3 8 18 9 5 10 5 2 4 25 10 18 2 11 166 22 30 3 2 57 9 89 30 75 3 12 77 19 87 26 40 2 1 52 15 51 4 5 30 9 34 10 23 20 14 2 2 57 29 9 3 13 41 24 274 29 54 4 5 8 9 10 10 37 20 36 3 12 23 14 78 20 65 3 17 9 25 25 28 24 2 11 170 26 23 2 16 124 18 152 3 10 16 12 41 21 18 2 17 185 20 117 2 8 144 18 108 2 11 30 26 102 1 19 10 1 23 184 3 2 16 7 57 24 27 2 21 56 27 8
32 3 1 179 18 294 24 262 2 2 118 4 81 3 3 60 17 191 25 292 3 4 32 12 31 23 11 2 5 58 19 211 3 3 30 7 31 22 28 2 6 154 11 114 2 7 72 22 74 2 23 40 28 100 3 6 180 8 280 23 92 3 8 18 9 5 10 5 2 4 25 10 18 2 11 166 22 30 3 2 57 9 89 30 75 3 12 77 19 87 26 40 2 1 52 15 51 4 5 30 9 34 10 23 20 14 2 2 57 29 9 3 13 41 24 274 29 54 4 5 8 9 10 10 37 20 36 3 12 23 14 78 20 65 3 17 9 25 25 28 24 2 11 170 26 23 2 16 124 18 152 3 10 16 12 41 21 18 2 17 185 20 117 2 8 144 18 108 2 11 30 26 102 1 19 10 1 23 184 3 2 16 7 57 24 27 2 21 56 27 8
33 2 8 72 18 258 3 13 51 24 317 29 304 3 8 33 9 37 10 37 2 8 256 18 231 3 1 238 18 261 24 272 3 13 49 24 66 29 135 2 2 220 4 208 2 23 91 28 133 2 2 71 29 15 3 3 288 17 150 25 302 3 4 31 12 35 23 6 2 5 214 19 27 1 23 40 2 6 126 11 72 3 17 65 25 65 28 62 2 7 34 22 110 3 6 247 8 69 23 307 3 13 39 24 229 29 76 2 4 23 10 35 2 11 202 22 61 3 12 21 19 99 26 43 3 12 76 14 96 20 123 2 1 34 15 60 2 16 44 18 147 2 17 144 20 177 4 5 6 9 20 10 30 20 44 1 19 10 2 21 64 27 27 3 10 18 12 22 21 13 3 3 15 7 37 22 9 2 11 141 26 28 3 2 60 7 37 24 63 3 2 28 9 91 30 32
33 1 19 7 1 23 186 3 1 189 18 212 24 271 2 2 98 4 255 3 2 29 7 62 24 9 3 3 56 17 195 25 172 3 4 11 12 31 23 23 2 16 66 18 73 2 5 188 19 117 2 6 158 11 60 2 7 67 22 79 3 2 86 9 81 30 64 2 17 174 20 155 3 8 15 9 18 10 43 3 6 305 8 48 23 205 3 3 287 17 194 25 37 2 4 29 10 12 2 11 179 22 220 3 12 61 19 83 26 36 3 13 89 24 39 29 162 3 12 23 14 91 20 35 3 13 48 24 329 29 251 2 2 75 29 28 2 1 18 15 64 2 8 40 18 203 3 3 14 7 10 22 27 4 5 16 9 19 10 50 20 18 3 10 27 12 53 21 10 2 23 114 28 26 3 17 34 25 39 28 28 2 11 33 26 180 2 4 17 10 34 2 21 59 27 37
33 1 19 7 1 23 186 3 1 189 18 212 24 271 2 2 98 4 255 3 2 29 7 62 24 9 3 3 56 17 195 25 172 3 4 11 12 31 23 23 2 16 66 18 73 2 5 188 19 117 2 6 158 11 60 2 7 67 22 79 3 2 86 9 81 30 64 2 17 174 20 155 3 8 15 9 18 10 43 3 6 305 8 48 23 205 3 3 287 17 194 25 37 2 4 29 10 12 2 11 179 22 220 3 12 61 19 83 26 36 3 13 89 24 39 29 162 3 12 23 14 91 20 35 3 13 48 24 329 29 251 2 2 75 29 28 2 1 18 15 64 2 8 40 18 203 3 3 14 7 10 22 27 4 5 16 9 19 10 50 20 18 3 10 27 12 53 21 10 2 23 114 28 26 3 17 34 25 39 28 28 2 11 33 26 180 2 4 17 10 34 2 21 59 27 37
33 1 19 7 1 23 186 3 1 189 18 212 24 271 2 2 98 4 255 3 2 29 7 62 24 9 3 3 56 17 195 25 172 3 4 11 12 31 23 23 2 16 66 18 73 2 5 188 19 117 2 6 158 11 60 2 7 67 22 79 3 2 86 9 81 30 64 2 17 174 20 155 3 8 15 9 18 10 43 3 6 305 8 48 23 205 3 3 287 17 194 25 37 2 4 29 10 12 2 11 179 22 220 3 12 61 19 83 26 36 3 13 89 24 39 29 162 3 12 23 14 91 20 35 3 13 48 24 329 29 251 2 2 75 29 28 2 1 18 15 64 2 8 40 18 203 3 3 14 7 10 22 27 4 5 16 9 19 10 50 20 18 3 10 27 12 53 21 10 2 23 114 28 26 3 17 34 25 39 28 28 2 11 33 26 180 2 4 17 10 34 2 21 59 27 37
35 3 8 42 9 15 10 34 2 6 164 11 105 3 1 129 18 138 24 246 2 5 181 19 28 2 16 61 18 109 2 2 198 4 173 2 6 40 11 66 3 3 200 17 132 25 169 3 4 7 12 34 23 34 2 7 54 22 90 3 6 205 8 239 23 232 2 7 113 22 15 1 19 11 2 4 33 10 39 2 7 113 22 48 3 13 87 24 43 29 299 2 11 29 22 130 2 16 126 18 43 3 12 56 19 64 26 65 3 3 313 17 134 25 240 3 12 99 14 27 20 98 2 21 36 27 39 2 1 83 15 30 3 3 13 7 12 22 30 3 2 56 9 36 30 104 3 2 43 7 33 24 59 2 2 68 29 12 2 17 160 20 58 2 8 238 18 51 4 5 39 9 10 10 21 20 33 3 10 12 12 59 21 41 1 23 81 2 23 89 28 35 3 17 51 25 33 28 23 2 11 96 26 152
30 3 1 289 18 58 24 66 2 2 241 4 98 3 3 180 17 184 25 122 3 4 21 12 29 23 28 2 5 95 19 97 2 6 95 11 105 2 7 68 22 30 3 6 177 8 41 23 126 3 8 38 9 15 10 30 2 4 9 10 11 3 2 111 9 108 30 76 2 11 165 22 174 2 1 46 15 72 3 12 33 19 30 26 93 2 8 128 18 69 3 13 228 24 299 29 59 3 12 51 14 39 20 33 2 16 74 18 30 2 17 164 20 178 1 19 39 2 11 169 26 94 4 5 50 9 25 10 51 20 50 3 10 20 12 9 21 45 3 17 69 25 64 28 54 3 3 37 7 8 22 17 1 23 99 2 2 52 29 8 3 2 14 7 50 24 67 2 23 50 28 42 2 21 52 27 20
30 3 1 289 18 58 24 66 2 2 241 4 98 3 3 180 17 184 25 122 3 4 21 12 29 23 28 2 5 95 19 97 2 6 95 11 105 2 7 68 22 30 3 6 177 8 41 23 126 3 8 38 9 15 10 30 2 4 9 10 11 3 2 111 9 108 30 76 2 11 165 22 174 2 1 46 15 72 3 12 33 19 30 26 93 2 8 128 18 69 3 13 228 24 299 29 59 3 12 51 14 39 20 33 2 16 74 18 30 2 17 164 20 178 1 19 39 2 11 169 26 94 4 5 50 9 25 10 51 20 50 3 10 20 12 9 21 45 3 17 69 25 64 28 54 3 3 37 7 8 22 17 1 23 99 2 2 52 29 8 3 2 14 7 50 24 67 2 23 50 28 42 2 21 52 27 20
33 2 2 226 4 62 3 1 276 18 187 24 335 1 23 28 3 8 18 9 22 10 21 2 1 70 15 88 3 8 29 9 29 10 41 3 3 141 17 38 25 187 2 8 81 18 147 2 6 148 11 184 3 6 321 8 214 23 59 3 4 28 12 22 23 17 2 21 38 27 52 2 11 28 26 70 3 2 77 9 38 30 89 2 5 198 19 59 3 12 88 19 57 26 59 2 7 22 22 95 2 16 87 18 148 2 11 253 22 115 3 13 305 24 146 29 199 1 19 39 2 4 28 10 10 3 12 32 14 27 20 117 2 16 115 18 132 3 10 54 12 40 21 15 2 2 14 29 56 2 4 5 10 30 2 17 139 20 224 4 5 40 9 34 10 34 20 37 3 2 17 7 24 24 60 2 23 22 28 48 3 3 19 7 25 22 27 3 17 16 25 24 28 41
33 2 2 226 4 62 3 1 276 18 187 24 335 1 23 28 3 8 18 9 22 10 21 2 1 70 15 88 3 8 29 9 29 10 41 3 3 141 17 38 25 187 2 8 81 18 147 2 6 148 11 184 3 6 321 8 214 23 59 3 4 28 12 22 23 17 2 21 38 27 52 2 11 28 26 70 3 2 77 9 38 30 89 2 5 198 19 59 3 12 88 19 57 26 59 2 7 22 22 95 2 16 87 18 148 2 11 253 22 115 3 13 305 24 146 29 199 1 19 39 2 4 28 10 10 3 12 32 14 27 20 117 2 16 115 18 132 3 10 54 12 40 21 15 2 2 14 29 56 2 4 5 10 30 2 17 139 20 224 4 5 40 9 34 10 34 20 37 3 2 17 7 24 24 60 2 23 22 28 48 3 3 19 7 25 22 27 3 17 16 25 24 28 41
33 2 2 226 4 62 3 1 276 18 187 24 335 1 23 28 3 8 18 9 22 10 21 2 1 70 15 88 3 8 29 9 29 10 41 3 3 141 17 38 25 187 2 8 81 18 147 2 6 148 11 184 3 6 321 8 214 23 59 3 4 28 12 22 23 17 2 21 38 27 52 2 11 28 26 70 3 2 77 9 38 30 89 2 5 198 19 59 3 12 88 19 57 26 59 2 7 22 22 95 2 16 87 18 148 2 11 253 22 115 3 13 305 24 146 29 199 1 19 39 2 4 28 10 10 3 12 32 14 27 20 117 2 16 115 18 132 3 10 54 12 40 21 15 2 2 14 29 56 2 4 5 10 30 2 17 139 20 224 4 5 40 9 34 10 34 20 37 3 2 17 7 24 24 60 2 23 22 28 48 3 3 19 7 25 22 27 3 17 16 25 24 28 41
32 3 1 286 18 197 24 64 2 2 170 4 49 3 3 86 17 52 25 117 3 4 9 12 28 23 26 2 5 208 19 206 3 3 21 7 8 22 34 2 6 38 11 110 2 7 19 22 108 2 23 97 28 19 3 6 237 8 109 23 73 3 8 43 9 8 10 24 2 4 6 10 30 2 11 162 22 226 3 2 13 9 33 30 112 3 12 103 19 18 26 68 2 1 88 15 74 4 5 8 9 28 10 16 20 16 2 2 36 29 53 3 13 157 24 202 29 278 4 5 36 9 52 10 43 20 26 3 12 65 14 67 20 109 3 17 54 25 32 28 62 2 11 97 26 22 2 16 135 18 94 3 10 43 12 31 21 39 2 17 203 20 138 2 8 250 18 47 2 11 47 26 57 1 19 12 1 23 164 3 2 19 7 41 24 19 2 21 53 27 15
36 1 23 54 3 1 206 18 193 24 143 1 23 41 2 2 229 4 130 3 10 35 12 55 21 59 2 11 193 22 54 3 3 123 17 275 25 133 1 23 186 3 2 25 9 19 30 65 2 7 35 22 46 3 2 31 7 48 24 65 3 4 22 12 13 23 5 3 2 59 7 23 24 38 2 5 178 19 207 4 5 37 9 41 10 36 20 11 2 6 44 11 93 3 6 42 8 167 23 265 3 8 35 9 37 10 15 2 1 73 15 71 2 5 145 19 161 2 4 24 10 24 3 3 9 7 36 22 31 3 12 34 19 98 26 28 2 16 18 18 66 3 13 179 24 157 29 205 2 5 90 19 74 3 12 74 14 101 20 18 2 17 159 20 71 2 8 241 18 139 1 19 6 2 23 35 28 128 2 11 81 26 59 3 12 55 19 50 26 52 3 17 11 25 64 28 13 2 21 30 27 43 2 2 67 29 15
36 1 23 54 3 1 206 18 193 24 143 1 23 41 2 2 229 4 130 3 10 35 12 55 21 59 2 11 193 22 54 3 3 123 17 275 25 133 1 23 186 3 2 25 9 19 30 65 2 7 35 22 46 3 2 31 7 48 24 65 3 4 22 12 13 23 5 3 2 59 7 23 24 38 2 5 178 19 207 4 5 37 9 41 10 36 20 11 2 6 44 11 93 3 6 42 8 167 23 265 3 8 35 9 37 10 15 2 1 73 15 71 2 5 145 19 161 2 4 24 10 24 3 3 9 7 36 22 31 3 12 34 19 98 26 28 2 16 18 18 66 3 13 179 24 157 29 205 2 5 90 19 74 3 12 74 14 101 20 18 2 17 159 20 71 2 8 241 18 139 1 19 6 2 23 35 28 128 2 11 81 26 59 3 12 55 19 50 26 52 3 17 11 25 64 28 13 2 21 30 27 43 2 2 67 29 15
36 1 23 54 3 1 206 18 193 24 143 1 23 41 2 2 229 4 130 3 10 35 12 55 21 59 2 11 193 22 54 3 3 123 17 275 25 133 1 23 186 3 2 25 9 19 30 65 2 7 35 22 46 3 2 31 7 48 24 65 3 4 22 12 13 23 5 3 2 59 7 23 24 38 2 5 178 19 207 4 5 37 9 41 10 36 20 11 2 6 44 11 93 3 6 42 8 167 23 265 3 8 35 9 37 10 15 2 1 73 15 71 2 5 145 19 161 2 4 24 10 24 3 3 9 7 36 22 31 3 12 34 19 98 26 28 2 16 18 18 66 3 13 179 24 157 29 205 2 5 90 19 74 3 12 74 14 101 20 18 2 17 159 20 71 2 8 241 18 139 1 19 6 2 23 35 28 128 2 11 81 26 59 3 12 55 19 50 26 52 3 17 11 25 64 28 13 2 21 30 27 43 2 2 67 29 15
36 1 23 54 3 1 206 18 193 24 143 1 23 41 2 2 229 4 130 3 10 35 12 55 21 59 2 11 193 22 54 3 3 123 17 275 25 133 1 23 186 3 2 25 9 19 30 65 2 7 35 22 46 3 2 31 7 48 24 65 3 4 22 12 13 23 5 3 2 59 7 23 24 38 2 5 178 19 207 4 5 37 9 41 10 36 20 11 2 6 44 11 93 3 6 42 8 167 23 265 3 8 35 9 37 10 15 2 1 73 15 71 2 5 145 19 161 2 4 24 10 24 3 3 9 7 36 22 31 3 12 34 19 98 26 28 2 16 18 18 66 3 13 179 24 157 29 205 2 5 90 19 74 3 12 74 14 101 20 18 2 17 159 20 71 2 8 241 18 139 1 19 6 2 23 35 28 128 2 11 81 26 59 3 12 55 19 50 26 52 3 17 11 25 64 28 13 2 21 30 27 43 2 2 67 29 15
30 3 1 53 18 255 24 69 2 2 95 4 59 3 3 36 17 187 25 171 3 4 33 12 19 23 12 2 5 200 19 135 2 6 27 11 67 2 7 107 22 119 3 6 94 8 110 23 266 3 8 41 9 43 10 43 2 4 18 10 20 3 2 68 9 26 30 78 2 11 179 22 258 2 1 79 15 56 3 12 40 19 70 26 34 2 8 230 18 208 3 13 328 24 100 29 172 3 12 31 14 49 20 107 2 16 115 18 63 2 17 164 20 309 1 19 32 2 11 145 26 115 4 5 21 9 54 10 48 20 10 3 10 49 12 32 21 54 3 17 57 25 65 28 49 3 3 34 7 28 22 13 1 23 139 2 2 42 29 8 3 2 63 7 11 24 31 2 23 79 28 86 2 21 31 27 49
30 3 1 53 18 255 24 69 2 2 95 4 59 3 3 36 17 187 25 171 3 4 33 12 19 23 12 2 5 200 19 135 2 6 27 11 67 2 7 107 22 119 3 6 94 8 110 23 266 3 8 41 9 43 10 43 2 4 18 10 20 3 2 68 9 26 30 78 2 11 179 22 258 2 1 79 15 56 3 12 40 19 70 26 34 2 8 230 18 208 3 13 328 24 100 29 172 3 12 31 14 49 20 107 2 16 115 18 63 2 17 164 20 309 1 19 32 2 11 145 26 115 4 5 21 9 54 10 48 20 10 3 10 49 12 32 21 54 3 17 57 25 65 28 49 3 3 34 7 28 22 13 1 23 139 2 2 42 29 8 3 2 63 7 11 24 31 2 23 79 28 86 2 21 31 27 49
30 3 1 53 18 255 24 69 2 2 95 4 59 3 3 36 17 187 25 171 3 4 33 12 19 23 12 2 5 200 19 135 2 6 27 11 67 2 7 107 22 119 3 6 94 8 110 23 266 3 8 41 9 43 10 43 2 4 18 10 20 3 2 68 9 26 30 78 2 11 179 22 258 2 1 79 15 56 3 12 40 19 70 26 34 2 8 230 18 208 3 13 328 24 100 29 172 3 12 31 14 49 20 107 2 16 115 18 63 2 17 164 20 309 1 19 32 2 11 145 26 115 4 5 21 9 54 10 48 20 10 3 10 49 12 32 21 54 3 17 57 25 65 28 49 3 3 34 7 28 22 13 1 23 139 2 2 42 29 8 3 2 63 7 11 24 31 2 23 79 28 86 2 21 31 27 49
34 3 1 173 18 143 24 259 2 2 68 4 84 3 17 45 25 11 28 32 3 3 38 17 202 25 81 3 4 21 12 25 23 27 3 13 268 24 264 29 156 2 5 115 19 103 2 6 112 11 119 2 7 32 22 71 1 19 27 3 6 226 8 233 23 91 2 2 119 4 245 3 10 19 12 24 21 53 3 8 25 9 23 10 18 3 2 60 7 64 24 55 2 4 5 10 15 2 11 175 22 131 3 12 38 19 100 26 27 3 12 67 14 81 20 110 2 8 129 18 70 4 5 42 9 17 10 24 20 13 2 1 67 15 20 1 23 41 2 11 202 22 86 2 23 77 28 49 2 16 110 18 122 2 17 158 20 40 3 12 22 19 45 26 89 3 3 16 7 10 22 4 2 11 119 26 44 2 21 49 27 43 3 8 37 9 27 10 18 2 2 15 29 8 3 2 26 9 103 30 20
37 3 1 221 18 184 24 170 2 2 139 4 145 3 3 276 17 280 25 114 3 4 20 12 33 23 29 2 5 61 19 111 3 4 22 12 32 23 17 3 3 8 7 14 22 30 2 6 64 11 138 2 7 39 22 97 2 5 136 19 36 3 6 246 8 102 23 48 3 8 38 9 7 10 17 2 17 199 20 241 2 4 7 10 29 1 23 191 3 6 298 8 64 23 206 2 11 80 22 123 3 12 43 19 62 26 53 1 19 38 3 13 42 24 111 29 275 2 23 50 28 123 4 5 52 9 40 10 48 20 43 3 3 17 7 33 22 6 3 2 41 7 62 24 26 2 1 44 15 12 3 12 46 14 96 20 68 3 3 11 7 14 22 30 2 11 167 26 127 2 16 80 18 90 3 12 32 19 21 26 50 2 8 207 18 195 3 2 48 9 70 30 74 2 6 125 11 185 3 10 9 12 24 21 35 2 21 51 27 66 3 17 12 25 48 28 14 2 2 68 29 29
37 3 1 221 18 184 24 170 2 2 139 4 145 3 3 276 17 280 25 114 3 4 20 12 33 23 29 2 5 61 19 111 3 4 22 12 32 23 17 3 3 8 7 14 22 30 2 6 64 11 138 2 7 39 22 97 2 5 136 19 36 3 6 246 8 102 23 48 3 8 38 9 7 10 17 2 17 199 20 241 2 4 7 10 29 1 23 191 3 6 298 8 64 23 206 2 11 80 22 123 3 12 43 19 62 26 53 1 19 38 3 13 42 24 111 29 275 2 23 50 28 123 4 5 52 9 40 10 48 20 43 3 3 17 7 33 22 6 3 2 41 7 62 24 26 2 1 44 15 12 3 12 46 14 96 20 68 3 3 11 7 14 22 30 2 11 167 26 127 2 16 80 18 90 3 12 32 19 21 26 50 2 8 207 18 195 3 2 48 9 70 30 74 2 6 125 11 185 3 10 9 12 24 21 35 2 21 51 27 66 3 17 12 25 48 28 14 2 2 68 29 29
35 3 8 34 9 28 10 23 2 6 186 11 176 3 1 50 18 95 24 333 2 5 46 19 96 2 16 134 18 32 2 2 192 4 101 2 6 54 11 115 3 3 35 17 268 25 244 3 4 18 12 15 23 32 2 7 59 22 75 3 6 242 8 43 23 111 2 7 93 22 43 1 19 7 2 4 25 10 38 2 7 83 22 64 3 13 278 24 170 29 153 2 11 247 22 238 2 16 100 18 62 3 12 89 19 45 26 13 3 3 256 17 57 25 50 3 12 45 14 80 20 109 2 21 47 27 53 2 1 85 15 69 3 3 25 7 30 22 9 3 2 74 9 94 30 68 3 2 63 7 44 24 50 2 2 75 29 28 2 17 128 20 58 2 8 67 18 214 4 5 41 9 46 10 46 20 11 3 10 39 12 44 21 58 1 23 95 2 23 119 28 133 3 17 44 25 45 28 17 2 11 152 26 68
35 3 8 34 9 28 10 23 2 6 186 11 176 3 1 50 18 95 24 333 2 5 46 19 96 2 16 134 18 32 2 2 192 4 101 2 6 54 11 115 3 3 35 17 268 25 244 3 4 18 12 15 23 32 2 7 59 22 75 3 6 242 8 43 23 111 2 7 93 22 43 1 19 7 2 4 25 10 38 2 7 83 22 64 3 13 278 24 170 29 153 2 11 247 22 238 2 16 100 18 62 3 12 89 19 45 26 13 3 3 256 17 57 25 50 3 12 45 14 80 20 109 2 21 47 27 53 2 1 85 15 69 3 3 25 7 30 22 9 3 2 74 9 94 30 68 3 2 63 7 44 24 50 2 2 75 29 28 2 17 128 20 58 2 8 67 18 214 4 5 41 9 46 10 46 20 11 3 10 39 12 44 21 58 1 23 95 2 23 119 28 133 3 17 44 25 45 28 17 2 11 152 26 68
38 3 1 277 18 229 24 40 2 2 198 4 212 2 11 153 26 46 3 3 293 17 275 25 96 4 5 19 9 44 10 32 20 44 3 4 23 12 19 23 4 4 5 23 9 46 10 39 20 47 2 5 164 19 198 2 8 144 18 78 2 11 44 26 153 2 6 178 11 155 2 5 92 19 37 3 3 24 7 7 22 20 2 7 92 22 45 3 3 160 17 147 25 193 2 4 23 10 27 3 6 56 8 80 23 311 2 7 35 22 114 3 8 15 9 43 10 32 2 17 104 20 144 2 11 205 22 47 3 2 55 7 66 24 56 3 12 55 19 48 26 67 3 13 156 24 176 29 99 3 12 88 19 39 26 43 3 12 16 14 92 20 56 2 1 23 15 41 2 16 53 18 76 1 19 27 2 5 213 19 53 3 10 32 12 61 21 16 1 23 95 3 17 25 25 15 28 20 2 21 43 27 22 2 2 65 29 38 3 3 33 7 22 22 4 2 23 36 28 131 3 2 40 9 103 30 56
38 3 1 277 18 229 24 40 2 2 198 4 212 2 11 153 26 46 3 3 293 17 275 25 96 4 5 19 9 44 10 32 20 44 3 4 23 12 19 23 4 4 5 23 9 46 10 39 20 47 2 5 164 19 198 2 8 144 18 78 2 11 44 26 153 2 6 178 11 155 2 5 92 19 37 3 3 24 7 7 22 20 2 7 92 22 45 3 3 160 17 147 25 193 2 4 23 10 27 3 6 56 8 80 23 311 2 7 35 22 114 3 8 15 9 43 10 32 2 17 104 20 144 2 11 205 22 47 3 2 55 7 66 24 56 3 12 55 19 48 26 67 3 13 156 24 176 29 99 3 12 88 19 39 26 43 3 12 16 14 92 20 56 2 1 23 15 41 2 16 53 18 76 1 19 27 2 5 213 19 53 3 10 32 12 61 21 16 1 23 95 3 17 25 25 15 28 20 2 21 43 27 22 2 2 65 29 38 3 3 33 7 22 22 4 2 23 36 28 131 3 2 40 9 103 30 56
36 1 23 97 3 1 120 18 49 24 305 1 23 90 2 2 57 4 184 3 10 48 12 17 21 44 2 11 49 22 189 3 3 93 17 300 25 237 1 23 87 3 2 106 9 114 30 100 2 7 65 22 33 3 2 24 7 64 24 62 3 4 13 12 30 23 13 3 2 34 7 62 24 65 2 5 159 19 203 4 5 53 9 7 10 40 20 33 2 6 141 11 164 3 6 323 8 182 23 299 3 8 25 9 15 10 20 2 1 19 15 46 2 5 196 19 216 2 4 18 10 37 3 3 34 7 5 22 26 3 12 69 19 73 26 15 2 16 64 18 56 3 13 153 24 330 29 97 2 5 203 19 63 3 12 66 14 42 20 111 2 17 156 20 63 2 8 98 18 127 1 19 22 2 23 48 28 29 2 11 125 26 53 3 12 95 19 41 26 42 3 17 52 25 44 28 40 2 21 15 27 45 2 2 10 29 59
36 3 1 158 18 173 24 139 2 17 94 20 162 3 12 59 19 67 26 44 2 21 8 27 19 4 5 53 9 13 10 20 20 34 2 2 257 4 274 3 3 17 7 25 22 28 2 17 230 20 200 2 11 103 26 57 3 3 314 17 103 25 172 2 11 108 22 101 3 12 29 19 28 26 57 3 10 57 12 18 21 23 2 2 119 4 223 2 8 99 18 239 3 17 47 25 9 28 27 2 8 120 18 122 3 4 6 12 27 23 32 2 5 164 19 148 2 6 173 11 80 2 7 15 22 103 2 23 18 28 79 3 2 76 9 97 30 80 3 6 275 8 98 23 105 3 8 12 9 42 10 30 2 4 26 10 8 2 1 68 15 44 3 13 61 24 241 29 85 1 23 65 3 12 26 14 37 20 108 2 16 110 18 104 3 8 35 9 12 10 20 1 19 24 3 2 55 7 9 24 39 2 11 124 26 155 2 2 52 29 16
34 3 1 291 18 66 24 132 2 2 145 4 177 3 17 35 25 8 28 55 3 3 300 17 40 25 159 3 4 20 12 12 23 30 3 13 189 24 55 29 215 2 5 109 19 32 2 6 23 11 114 2 7 14 22 73 1 19 34 3 6 246 8 286 23 189 2 2 129 4 165 3 10 19 12 26 21 10 3 8 20 9 7 10 27 3 2 49 7 34 24 57 2 4 12 10 27 2 11 235 22 102 3 12 57 19 30 26 80 3 12 79 14 87 20 97 2 8 240 18 96 4 5 54 9 40 10 24 20 46 2 1 16 15 46 1 23 62 2 11 132 22 256 2 23 47 28 24 2 16 137 18 73 2 17 72 20 72 3 12 80 19 23 26 17 3 3 21 7 24 22 34 2 11 160 26 151 2 21 45 27 31 3 8 13 9 40 10 34 2 2 50 29 35 3 2 88 9 24 30 79
33 1 19 41 1 23 32 3 1 73 18 71 24 305 2 2 34 4 174 3 2 56 7 24 24 42 3 3 115 17 147 25 124 3 4 27 12 14 23 7 2 16 19 18 109 2 5 210 19 96 2 6 70 11 114 2 7 106 22 119 3 2 84 9 101 30 101 2 17 170 20 239 3 8 12 9 30 10 13 3 6 95 8 247 23 245 3 3 226 17 161 25 254 2 4 28 10 25 2 11 79 22 96 3 12 18 19 14 26 38 3 13 122 24 50 29 76 3 12 50 14 50 20 35 3 13 59 24 292 29 300 2 2 50 29 23 2 1 51 15 76 2 8 183 18 163 3 3 28 7 34 22 17 4 5 17 9 9 10 25 20 49 3 10 55 12 29 21 27 2 23 111 28 86 3 17 61 25 36 28 21 2 11 133 26 150 2 4 35 10 25 2 21 50 27 51
39 3 1 334 18 230 24 202 2 2 56 4 234 3 3 72 17 199 25 96 3 2 25 9 91 30 111 1 23 186 3 2 40 9 27 30 100 3 4 23 12 10 23 24 2 2 202 4 129 3 6 227 8 102 23 128 3 1 292 18 56 24 302 3 2 29 7 25 24 7 2 5 193 19 60 2 6 105 11 160 1 23 69 2 7 58 22 18 3 8 25 9 34 10 8 3 3 115 17 272 25 291 2 4 29 10 23 2 11 162 22 126 3 12 48 19 30 26 38 3 13 155 24 290 29 212 2 11 167 26 66 3 2 103 9 40 30 32 1 19 41 3 12 57 14 119 20 100 2 1 88 15 14 2 16 101 18 127 2 1 39 15 62 2 17 124 20 248 2 8 123 18 108 4 5 11 9 20 10 17 20 16 2 17 141 20 156 2 21 9 27 29 1 19 17 3 10 37 12 53 21 52 3 3 19 7 16 22 14 3 17 20 25 67 28 56 2 2 34 29 49 2 23 95 28 121
37 3 1 327 18 103 24 108 2 2 230 4 50 3 3 277 17 83 25 227 3 4 16 12 12 23 20 2 5 205 19 85 3 4 23 12 32 23 14 3 3 7 7 12 22 17 2 6 123 11 106 2 7 77 22 111 2 5 208 19 88 3 6 91 8 120 23 303 3 8 5 9 13 10 18 2 17 252 20 107 2 4 9 10 37 1 23 24 3 6 50 8 171 23 81 2 11 259 22 185 3 12 59 19 101 26 35 1 19 40 3 13 211 24 74 29 238 2 23 90 28 103 4 5 37 9 52 10 6 20 42 3 3 14 7 13 22 33 3 2 15 7 34 24 38 2 1 76 15 19 3 12 80 14 44 20 96 3 3 7 7 24 22 25 2 11 74 26 86 2 16 134 18 126 3 12 83 19 13 26 20 2 8 176 18 197 3 2 86 9 110 30 48 2 6 79 11 119 3 10 11 12 61 21 43 2 21 41 27 43 3 17 8 25 48 28 51 2 2 18 29 35
36 3 1 65 18 120 24 191 2 16 115 18 90 2 2 264 4 190 3 2 13 9 78 30 97 2 2 65 29 40 2 7 64 22 35 3 3 45 17 104 25 131 3 1 279 18 121 24 237 2 23 95 28 48 3 4 30 12 31 23 21 2 7 115 22 38 2 5 135 19 68 2 6 72 11 134 3 12 70 19 24 26 23 3 2 79 9 41 30 18 3 6 57 8 45 23 258 3 13 267 24 90 29 181 3 8 17 9 31 10 7 2 4 7 10 18 2 11 199 22 194 3 12 44 14 113 20 72 2 1 28 15 82 2 17 299 20 236 2 8 122 18 135 1 23 194 1 19 15 3 6 76 8 204 23 282 3 2 57 7 56 24 16 3 3 11 7 5 22 8 2 11 28 26 20 3 10 22 12 48 21 51 4 5 33 9 18 10 36 20 7 2 17 313 20 281 3 17 68 25 69 28 26 1 23 197 2 21 31 27 66
36 3 1 65 18 120 24 191 2 16 115 18 90 2 2 264 4 190 3 2 13 9 78 30 97 2 2 65 29 40 2 7 64 22 35 3 3 45 17 104 25 131 3 1 279 18 121 24 237 2 23 95 28 48 3 4 30 12 31 23 21 2 7 115 22 38 2 5 135 19 68 2 6 72 11 134 3 12 70 19 24 26 23 3 2 79 9 41 30 18 3 6 57 8 45 23 258 3 13 267 24 90 29 181 3 8 17 9 31 10 7 2 4 7 10 18 2 11 199 22 194 3 12 44 14 113 20 72 2 1 28 15 82 2 17 299 20 236 2 8 122 18 135 1 23 194 1 19 15 3 6 76 8 204 23 282 3 2 57 7 56 24 16 3 3 11 7 5 22 8 2 11 28 26 20 3 10 22 12 48 21 51 4 5 33 9 18 10 36 20 7 2 17 313 20 281 3 17 68 25 69 28 26 1 23 197 2 21 31 27 66
36 3 1 65 18 120 24 191 2 16 115 18 90 2 2 264 4 190 3 2 13 9 78 30 97 2 2 65 29 40 2 7 64 22 35 3 3 45 17 104 25 131 3 1 279 18 121 24 237 2 23 95 28 48 3 4 30 12 31 23 21 2 7 115 22 38 2 5 135 19 68 2 6 72 11 134 3 12 70 19 24 26 23 3 2 79 9 41 30 18 3 6 57 8 45 23 258 3 13 267 24 90 29 181 3 8 17 9 31 10 7 2 4 7 10 18 2 11 199 22 194 3 12 44 14 113 20 72 2 1 28 15 82 2 17 299 20 236 2 8 122 18 135 1 23 194 1 19 15 3 6 76 8 204 23 282 3 2 57 7 56 24 16 3 3 11 7 5 22 8 2 11 28 26 20 3 10 22 12 48 21 51 4 5 33 9 18 10 36 20 7 2 17 313 20 281 3 17 68 25 69 28 26 1 23 197 2 21 31 27 66
32 4 5 41 9 26 10 15 20 17 3 1 239 18 341 24 185 2 4 39 10 14 2 2 245 4 204 3 1 212 18 150 24 244 3 2 39 7 34 24 43 3 12 98 19 71 26 14 3 3 147 17 55 25 44 3 4 5 12 16 23 17 3 3 15 7 12 22 5 2 5 46 19 222 3 12 40 14 104 20 107 2 6 125 11 29 2 7 73 22 66 3 6 288 8 140 23 219 3 8 14 9 18 10 15 2 23 70 28 49 2 11 75 22 225 2 21 40 27 28 3 13 303 24 108 29 102 3 1 280 18 318 24 199 2 1 70 15 56 3 10 26 12 19 21 25 3 17 47 25 42 28 14 2 16 142 18 120 2 17 73 20 101 1 23 189 2 8 50 18 79 1 19 13 2 11 159 26 113 3 2 93 9 54 30 43 2 2 37 29 49
32 4 5 41 9 26 10 15 20 17 3 1 239 18 341 24 185 2 4 39 10 14 2 2 245 4 204 3 1 212 18 150 24 244 3 2 39 7 34 24 43 3 12 98 19 71 26 14 3 3 147 17 55 25 44 3 4 5 12 16 23 17 3 3 15 7 12 22 5 2 5 46 19 222 3 12 40 14 104 20 107 2 6 125 11 29 2 7 73 22 66 3 6 288 8 140 23 219 3 8 14 9 18 10 15 2 23 70 28 49 2 11 75 22 225 2 21 40 27 28 3 13 303 24 108 29 102 3 1 280 18 318 24 199 2 1 70 15 56 3 10 26 12 19 21 25 3 17 47 25 42 28 14 2 16 142 18 120 2 17 73 20 101 1 23 189 2 8 50 18 79 1 19 13 2 11 159 26 113 3 2 93 9 54 30 43 2 2 37 29 49
36 3 1 336 18 229 24 284 2 17 88 20 136 3 12 42 19 53 26 63 2 21 58 27 56 4 5 21 9 49 10 35 20 28 2 2 45 4 228 3 3 35 7 31 22 8 2 17 225 20 93 2 11 150 26 175 3 3 231 17 115 25 49 2 11 215 22 43 3 12 51 19 46 26 21 3 10 16 12 55 21 44 2 2 77 4 86 2 8 231 18 136 3 17 20 25 61 28 10 2 8 51 18 158 3 4 8 12 35 23 5 2 5 216 19 196 2 6 35 11 124 2 7 68 22 97 2 23 116 28 133 3 2 69 9 30 30 59 3 6 300 8 40 23 195 3 8 14 9 16 10 38 2 4 14 10 33 2 1 36 15 54 3 13 241 24 145 29 175 1 23 110 3 12 115 14 51 20 63 2 16 74 18 139 3 8 41 9 39 10 23 1 19 32 3 2 13 7 13 24 41 2 11 114 26 113 2 2 71 29 42
37 3 1 138 18 193 24 144 2 2 52 4 217 3 3 235 17 37 25 149 3 4 26 12 10 23 17 2 5 136 19 119 3 4 33 12 14 23 15 3 3 29 7 7 22 36 2 6 116 11 29 2 7 47 22 98 2 5 216 19 216 3 6 126 8 114 23 286 3 8 35 9 16 10 14 2 17 176 20 64 2 4 19 10 16 1 23 26 3 6 230 8 168 23 287 2 11 40 22 191 3 12 93 19 48 26 76 1 19 20 3 13 119 24 130 29 149 2 23 54 28 122 4 5 8 9 25 10 10 20 37 3 3 35 7 10 22 9 3 2 67 7 35 24 10 2 1 69 15 93 3 12 40 14 22 20 53 3 3 16 7 20 22 4 2 11 91 26 37 2 16 67 18 82 3 12 45 19 13 26 69 2 8 154 18 155 3 2 83 9 45 30 37 2 6 132 11 159 3 10 51 12 44 21 41 2 21 18 27 17 3 17 40 25 59 28 31 2 2 17 29 31
36 3 1 188 18 106 24 161 2 23 109 28 125 1 19 6 2 2 169 4 238 3 3 123 17 136 25 135 2 7 43 22 23 3 8 19 9 32 10 44 2 23 83 28 85 3 4 19 12 33 23 23 2 11 40 22 236 2 2 107 4 200 2 5 222 19 97 3 13 60 24 290 29 224 2 2 159 4 31 2 6 189 11 168 3 6 238 8 160 23 39 3 3 53 17 102 25 65 2 1 62 15 79 2 8 136 18 76 2 4 11 10 11 2 23 130 28 51 2 16 90 18 77 2 2 42 29 56 3 12 65 19 21 26 36 3 17 21 25 54 28 22 3 12 84 14 73 20 29 3 3 19 7 33 22 13 2 17 231 20 229 4 5 39 9 12 10 53 20 50 3 2 12 7 41 24 34 3 10 34 12 45 21 55 1 23 156 2 21 60 27 11 3 8 27 9 9 10 20 3 2 83 9 40 30 87 2 11 54 26 103
36 3 1 72 18 44 24 62 2 17 102 20 246 3 12 39 19 41 26 12 2 21 57 27 33 4 5 35 9 23 10 6 20 32 2 2 195 4 92 3 3 22 7 15 22 23 2 17 269 20 180 2 11 96 26 30 3 3 80 17 150 25 47 2 11 249 22 91 3 12 52 19 67 26 34 3 10 47 12 18 21 60 2 2 203 4 255 2 8 84 18 110 3 17 43 25 12 28 10 2 8 151 18 71 3 4 28 12 27 23 14 2 5 117 19 72 2 6 37 11 63 2 7 25 22 91 2 23 99 28 133 3 2 34 9 77 30 61 3 6 216 8 170 23 309 3 8 38 9 38 10 39 2 4 23 10 21 2 1 70 15 11 3 13 191 24 129 29 96 1 23 176 3 12 82 14 65 20 89 2 16 30 18 72 3 8 27 9 5 10 18 1 19 31 3 2 18 7 57 24 19 2 11 119 26 107 2 2 12 29 9
36 3 1 237 18 268 24 76 2 17 104 20 188 3 12 59 19 53 26 70 2 21 24 27 41 4 5 46 9 17 10 33 20 29 2 2 229 4 173 3 3 12 7 6 22 22 2 17 204 20 104 2 11 58 26 38 3 3 314 17 229 25 278 2 11 171 22 103 3 12 35 19 73 26 84 3 10 52 12 61 21 45 2 2 212 4 119 2 8 216 18 109 3 17 62 25 20 28 11 2 8 190 18 36 3 4 5 12 21 23 33 2 5 152 19 146 2 6 55 11 53 2 7 117 22 77 2 23 33 28 78 3 2 56 9 77 30 87 3 6 169 8 290 23 179 3 8 13 9 38 10 29 2 4 19 10 21 2 1 54 15 84 3 13 155 24 303 29 215 1 23 147 3 12 50 14 83 20 80 2 16 131 18 72 3 8 42 9 22 10 35 1 19 23 3 2 60 7 36 24 65 2 11 156 26 177 2 2 63 29 30
30 3 1 296 18 166 24 349 2 2 196 4 242 3 3 199 17 135 25 187 3 4 34 12 21 23 11 2 5 155 19 72 2 6 163 11 45 2 7 21 22 49 3 6 101 8 44 23 117 3 8 36 9 15 10 16 2 4 31 10 19 3 2 28 9 92 30 67 2 11 118 22 217 2 1 19 15 32 3 12 36 19 98 26 100 2 8 107 18 159 3 13 332 24 121 29 104 3 12 61 14 111 20 94 2 16 69 18 19 2 17 201 20 293 1 19 28 2 11 77 26 56 4 5 28 9 27 10 16 20 10 3 10 46 12 41 21 28 3 17 48 25 10 28 30 3 3 35 7 18 22 28 1 23 25 2 2 24 29 53 3 2 36 7 55 24 17 2 23 87 28 39 2 21 52 27 13
DUE_DATES: 6402 6402 6305 5745 5177 5177 4857 4857 6056 5571 5571 5571 5522 4430 4430 5145 5145 5145 4892 5463 5463 5463 5463 5051 5051 5051 4883 5935 5935 5749 5749 5949 5949 5875 5888 5190 5274 6891 5813 6585 6585 6585 5637 5637 6128 5295 5867 5480 6488 4619
WEIGHTS: 2 2 2 3 2 2 1 3 2 1 1 3 2 2 2 2 3 3 1 1 3 2 1 3 3 2 1 2 3 2 2 1 2 3 1 1 3 1 3 1 1 1 2 1 1 2 2 1 1 2
