50 30
38 2 2 95 5 252 2 8 155 15 241 3 1 40 6 249 19 114 2 2 41 5 229 3 12 116 20 45 23 45 3 1 254 6 140 19 100 3 2 11 22 5 30 13 3 2 123 17 199 23 127 3 12 118 20 68 23 35 2 13 53 17 19 3 8 208 9 243 20 46 2 3 20 26 21 3 25 146 26 278 30 49 3 12 20 20 37 23 127 2 4 40 8 229 2 6 13 25 6 2 3 24 26 9 3 12 120 18 302 29 130 4 6 113 11 73 22 106 27 44 3 7 10 18 55 21 8 2 6 67 9 188 2 22 105 27 158 2 2 200 19 87 4 9 46 11 142 18 167 23 155 3 5 95 10 85 24 45 2 4 219 14 154 3 16 177 28 99 30 343 3 11 116 23 123 28 34 2 4 132 8 80 3 17 149 25 270 30 331 3 8 31 18 71 25 83 2 8 189 15 235 2 24 36 27 36 2 21 152 30 270 3 12 339 18 39 29 255 2 4 22 25 92 2 4 19 29 55 2 15 136 30 62
38 2 2 95 5 252 2 8 155 15 241 3 1 40 6 249 19 114 2 2 41 5 229 3 12 116 20 45 23 45 3 1 254 6 140 19 100 3 2 11 22 5 30 13 3 2 123 17 199 23 127 3 12 118 20 68 23 35 2 13 53 17 19 3 8 208 9 243 20 46 2 3 20 26 21 3 25 146 26 278 30 49 3 12 20 20 37 23 127 2 4 40 8 229 2 6 13 25 6 2 3 24 26 9 3 12 120 18 302 29 130 4 6 113 11 73 22 106 27 44 3 7 10 18 55 21 8 2 6 67 9 188 2 22 105 27 158 2 2 200 19 87 4 9 46 11 142 18 167 23 155 3 5 95 10 85 24 45 2 4 219 14 154 3 16 177 28 99 30 343 3 11 116 23 123 28 34 2 4 132 8 80 3 17 149 25 270 30 331 3 8 31 18 71 25 83 2 8 189 15 235 2 24 36 27 36 2 21 152 30 270 3 12 339 18 39 29 255 2 4 22 25 92 2 4 19 29 55 2 15 136 30 62
37 3 1 232 6 140 19 158 3 2 17 22 6 30 10 2 3 4 26 10 2 4 56 8 195 2 2 161 19 87 3 1 86 6 188 19 222 2 2 95 5 141 2 6 7 25 3 2 4 48 8 152 3 7 23 18 48 21 11 2 8 112 15 115 3 2 117 17 229 23 193 2 21 130 30 170 2 6 2 25 16 3 25 163 26 64 30 73 3 2 17 22 6 30 3 3 8 52 9 129 20 73 4 9 181 11 34 18 141 23 81 2 6 66 9 128 3 5 93 10 88 24 54 3 2 8 22 15 30 14 3 12 163 18 288 29 155 3 16 321 28 213 30 336 2 13 25 17 79 2 4 225 14 284 3 12 51 20 53 23 51 2 22 97 27 53 3 17 318 25 229 30 308 3 8 103 18 96 25 23 2 2 244 5 87 2 15 224 30 98 2 24 11 27 5 2 4 34 29 29 2 22 151 27 30 2 4 18 25 39 4 6 112 11 26 22 78 27 45 3 11 25 23 20 28 123
37 3 1 232 6 140 19 158 3 2 17 22 6 30 10 2 3 4 26 10 2 4 56 8 195 2 2 161 19 87 3 1 86 6 188 19 222 2 2 95 5 141 2 6 7 25 3 2 4 48 8 152 3 7 23 18 48 21 11 2 8 112 15 115 3 2 117 17 229 23 193 2 21 130 30 170 2 6 2 25 16 3 25 163 26 64 30 73 3 2 17 22 6 30 3 3 8 52 9 129 20 73 4 9 181 11 34 18 141 23 81 2 6 66 9 128 3 5 93 10 88 24 54 3 2 8 22 15 30 14 3 12 163 18 288 29 155 3 16 321 28 213 30 336 2 13 25 17 79 2 4 225 14 284 3 12 51 20 53 23 51 2 22 97 27 53 3 17 318 25 229 30 308 3 8 103 18 96 25 23 2 2 244 5 87 2 15 224 30 98 2 24 11 27 5 2 4 34 29 29 2 22 151 27 30 2 4 18 25 39 4 6 112 11 26 22 78 27 45 3 11 25 23 20 28 123
35 3 1 270 6 204 19 69 3 2 14 22 3 30 4 3 25 294 26 302 30 285 2 3 13 26 16 2 4 150 8 214 2 2 133 5 74 3 25 68 26 165 30 83 2 6 8 25 5 3 16 210 28 142 30 328 3 7 39 18 55 21 40 2 6 8 25 3 2 21 62 30 300 3 8 55 9 179 20 49 3 12 243 18 191 29 279 2 24 15 27 27 3 16 118 28 68 30 248 2 6 151 9 134 2 4 47 25 32 2 22 30 27 48 3 2 151 17 161 23 81 2 4 20 29 53 3 16 102 28 75 30 261 3 5 42 10 82 24 37 3 8 90 18 100 25 38 4 9 104 11 39 18 65 23 55 2 13 12 17 62 2 4 125 14 264 2 2 245 5 128 2 2 170 19 125 2 15 166 30 243 3 12 80 20 125 23 97 4 6 26 11 19 22 15 27 43 2 8 87 15 266 3 17 112 25 181 30 176 3 11 48 23 56 28 101
35 3 1 270 6 204 19 69 3 2 14 22 3 30 4 3 25 294 26 302 30 285 2 3 13 26 16 2 4 150 8 214 2 2 133 5 74 3 25 68 26 165 30 83 2 6 8 25 5 3 16 210 28 142 30 328 3 7 39 18 55 21 40 2 6 8 25 3 2 21 62 30 300 3 8 55 9 179 20 49 3 12 243 18 191 29 279 2 24 15 27 27 3 16 118 28 68 30 248 2 6 151 9 134 2 4 47 25 32 2 22 30 27 48 3 2 151 17 161 23 81 2 4 20 29 53 3 16 102 28 75 30 261 3 5 42 10 82 24 37 3 8 90 18 100 25 38 4 9 104 11 39 18 65 23 55 2 13 12 17 62 2 4 125 14 264 2 2 245 5 128 2 2 170 19 125 2 15 166 30 243 3 12 80 20 125 23 97 4 6 26 11 19 22 15 27 43 2 8 87 15 266 3 17 112 25 181 30 176 3 11 48 23 56 28 101
36 3 1 162 6 213 19 184 3 2 6 22 8 30 16 2 3 20 26 18 2 4 56 8 237 2 2 100 5 104 3 17 178 25 168 30 68 3 2 142 17 192 23 203 2 6 3 25 2 2 3 12 26 20 3 7 50 18 15 21 48 3 1 224 6 83 19 202 3 8 181 9 187 20 33 2 6 41 9 112 3 5 82 10 86 24 78 2 22 152 27 102 2 13 63 17 70 2 4 68 29 55 4 9 29 11 119 18 50 23 74 3 12 269 18 200 29 335 2 2 158 19 144 2 13 56 17 50 3 8 29 18 101 25 105 2 4 216 14 188 2 8 140 15 62 3 16 267 28 115 30 40 2 15 48 30 129 3 12 48 20 22 23 59 2 21 228 30 64 3 2 52 17 89 23 104 2 24 39 27 27 2 4 85 25 84 2 22 141 27 29 3 11 86 23 60 28 111 3 25 198 26 88 30 269 3 12 234 18 196 29 274 4 6 59 11 58 22 120 27 89
36 3 1 162 6 213 19 184 3 2 6 22 8 30 16 2 3 20 26 18 2 4 56 8 237 2 2 100 5 104 3 17 178 25 168 30 68 3 2 142 17 192 23 203 2 6 3 25 2 2 3 12 26 20 3 7 50 18 15 21 48 3 1 224 6 83 19 202 3 8 181 9 187 20 33 2 6 41 9 112 3 5 82 10 86 24 78 2 22 152 27 102 2 13 63 17 70 2 4 68 29 55 4 9 29 11 119 18 50 23 74 3 12 269 18 200 29 335 2 2 158 19 144 2 13 56 17 50 3 8 29 18 101 25 105 2 4 216 14 188 2 8 140 15 62 3 16 267 28 115 30 40 2 15 48 30 129 3 12 48 20 22 23 59 2 21 228 30 64 3 2 52 17 89 23 104 2 24 39 27 27 2 4 85 25 84 2 22 141 27 29 3 11 86 23 60 28 111 3 25 198 26 88 30 269 3 12 234 18 196 29 274 4 6 59 11 58 22 120 27 89
34 3 1 130 6 205 19 93 2 6 13 25 7 3 2 13 22 13 30 6 2 3 12 26 23 2 4 107 8 106 2 2 92 5 155 3 7 14 18 19 21 12 3 8 157 9 98 20 96 2 6 73 9 107 3 5 37 10 29 24 68 3 2 3 22 7 30 17 4 9 129 11 134 18 159 23 100 3 5 95 10 80 24 64 3 12 128 18 161 29 303 3 12 89 20 74 23 35 3 8 81 18 106 25 88 2 2 81 19 171 2 13 20 17 64 2 4 332 14 226 3 17 146 25 218 30 320 2 8 348 15 198 2 22 41 27 149 3 2 15 22 17 30 5 4 6 33 11 34 22 29 27 116 2 4 313 14 201 3 16 180 28 301 30 253 3 2 92 17 115 23 89 3 25 36 26 279 30 127 2 21 304 30 267 3 11 27 23 122 28 26 2 24 24 27 32 2 4 84 25 13 2 4 79 29 97 2 15 197 30 49
34 3 1 130 6 205 19 93 2 6 13 25 7 3 2 13 22 13 30 6 2 3 12 26 23 2 4 107 8 106 2 2 92 5 155 3 7 14 18 19 21 12 3 8 157 9 98 20 96 2 6 73 9 107 3 5 37 10 29 24 68 3 2 3 22 7 30 17 4 9 129 11 134 18 159 23 100 3 5 95 10 80 24 64 3 12 128 18 161 29 303 3 12 89 20 74 23 35 3 8 81 18 106 25 88 2 2 81 19 171 2 13 20 17 64 2 4 332 14 226 3 17 146 25 218 30 320 2 8 348 15 198 2 22 41 27 149 3 2 15 22 17 30 5 4 6 33 11 34 22 29 27 116 2 4 313 14 201 3 16 180 28 301 30 253 3 2 92 17 115 23 89 3 25 36 26 279 30 127 2 21 304 30 267 3 11 27 23 122 28 26 2 24 24 27 32 2 4 84 25 13 2 4 79 29 97 2 15 197 30 49
37 3 1 244 6 225 19 154 3 2 17 22 5 30 4 2 3 3 26 14 2 4 169 8 120 2 2 171 19 31 3 1 46 6 172 19 244 2 2 96 5 180 2 6 14 25 4 2 4 207 8 229 3 7 26 18 28 21 45 2 8 171 15 285 3 2 115 17 138 23 209 2 21 214 30 222 2 6 2 25 10 3 25 80 26 128 30 56 3 2 16 22 12 30 9 3 8 131 9 122 20 41 4 9 58 11 86 18 147 23 89 2 6 49 9 63 3 5 41 10 57 24 56 3 2 8 22 13 30 15 3 12 312 18 125 29 130 3 16 226 28 309 30 232 2 13 88 17 32 2 4 209 14 124 3 12 77 20 116 23 130 2 22 108 27 78 3 17 303 25 261 30 113 3 8 105 18 97 25 102 2 2 292 5 63 2 15 241 30 235 2 24 39 27 8 2 4 58 29 54 2 22 95 27 149 2 4 78 25 58 4 6 88 11 103 22 27 27 95 3 11 121 23 58 28 128
34 2 6 11 25 9 3 1 114 6 37 19 168 2 4 11 25 41 3 2 8 22 4 30 3 4 6 84 11 72 22 87 27 51 2 3 20 26 7 3 17 45 25 168 30 288 2 4 93 8 52 2 2 52 5 55 3 7 28 18 22 21 37 2 4 14 29 72 3 8 242 9 56 20 224 2 6 141 9 165 2 4 93 14 173 3 2 10 22 5 30 10 3 5 90 10 51 24 20 2 2 171 19 162 3 5 29 10 33 24 52 3 8 117 18 107 25 33 3 12 92 18 116 29 127 2 8 198 15 311 2 6 184 9 118 4 9 90 11 79 18 63 23 60 2 13 90 17 52 3 16 230 28 90 30 317 3 12 69 20 139 23 101 2 21 100 30 123 2 22 22 27 26 3 2 53 17 43 23 175 3 2 4 22 14 30 14 2 24 4 27 20 3 25 47 26 49 30 90 3 11 65 23 96 28 31 2 15 199 30 50
34 2 6 11 25 9 3 1 114 6 37 19 168 2 4 11 25 41 3 2 8 22 4 30 3 4 6 84 11 72 22 87 27 51 2 3 20 26 7 3 17 45 25 168 30 288 2 4 93 8 52 2 2 52 5 55 3 7 28 18 22 21 37 2 4 14 29 72 3 8 242 9 56 20 224 2 6 141 9 165 2 4 93 14 173 3 2 10 22 5 30 10 3 5 90 10 51 24 20 2 2 171 19 162 3 5 29 10 33 24 52 3 8 117 18 107 25 33 3 12 92 18 116 29 127 2 8 198 15 311 2 6 184 9 118 4 9 90 11 79 18 63 23 60 2 13 90 17 52 3 16 230 28 90 30 317 3 12 69 20 139 23 101 2 21 100 30 123 2 22 22 27 26 3 2 53 17 43 23 175 3 2 4 22 14 30 14 2 24 4 27 20 3 25 47 26 49 30 90 3 11 65 23 96 28 31 2 15 199 30 50
38 2 2 261 5 323 2 8 114 15 227 3 1 154 6 80 19 154 2 2 334 5 98 3 12 23 20 141 23 148 3 1 244 6 194 19 135 3 2 5 22 12 30 5 3 2 68 17 41 23 42 3 12 75 20 35 23 82 2 13 41 17 80 3 8 63 9 244 20 156 2 3 4 26 22 3 25 209 26 149 30 191 3 12 129 20 66 23 17 2 4 150 8 89 2 6 2 25 3 2 3 4 26 22 3 12 185 18 76 29 57 4 6 96 11 64 22 40 27 39 3 7 11 18 29 21 37 2 6 165 9 108 2 22 70 27 145 2 2 162 19 71 4 9 50 11 114 18 120 23 56 3 5 12 10 73 24 41 2 4 104 14 78 3 16 94 28 88 30 308 3 11 70 23 61 28 26 2 4 199 8 37 3 17 117 25 307 30 316 3 8 31 18 96 25 20 2 8 129 15 58 2 24 26 27 10 2 21 42 30 201 3 12 268 18 184 29 227 2 4 88 25 61 2 4 36 29 35 2 15 165 30 97
37 3 1 54 6 109 19 187 3 2 7 22 7 30 14 2 15 237 30 131 2 3 9 26 18 2 4 173 8 87 3 11 94 23 90 28 111 3 25 51 26 296 30 39 2 2 232 5 308 2 4 204 8 55 2 6 9 25 14 3 25 133 26 158 30 61 2 24 24 27 31 3 7 54 18 11 21 36 3 8 135 9 30 20 166 2 13 85 17 12 2 22 55 27 153 3 12 150 20 62 23 92 2 6 183 9 91 3 11 77 23 45 28 117 3 5 56 10 11 24 36 2 13 58 17 44 4 9 70 11 41 18 90 23 52 3 12 309 18 145 29 254 3 17 162 25 209 30 147 2 4 102 14 49 2 8 323 15 340 3 16 253 28 69 30 304 4 6 43 11 96 22 99 27 89 3 12 145 20 56 23 144 3 8 64 18 104 25 93 2 2 116 19 148 2 21 262 30 69 3 2 91 17 128 23 229 2 15 237 30 120 2 4 69 25 80 3 8 111 18 33 25 50 2 4 99 29 67
37 3 1 86 6 94 19 161 3 2 5 22 8 30 11 2 15 182 30 84 2 3 10 26 6 2 4 220 8 175 3 11 109 23 72 28 64 3 25 173 26 270 30 58 2 2 156 5 187 2 4 113 8 54 2 6 15 25 14 3 25 203 26 248 30 304 2 24 6 27 22 3 7 35 18 20 21 12 3 8 177 9 106 20 175 2 13 94 17 83 2 22 46 27 142 3 12 103 20 99 23 58 2 6 49 9 43 3 11 20 23 22 28 99 3 5 21 10 62 24 92 2 13 11 17 90 4 9 79 11 139 18 20 23 87 3 12 252 18 320 29 181 3 17 216 25 126 30 80 2 4 271 14 198 2 8 254 15 262 3 16 319 28 80 30 125 4 6 17 11 113 22 101 27 35 3 12 70 20 27 23 101 3 8 90 18 60 25 33 2 2 100 19 207 2 21 107 30 123 3 2 198 17 210 23 105 2 15 232 30 123 2 4 86 25 86 3 8 52 18 113 25 95 2 4 22 29 37
37 3 1 86 6 94 19 161 3 2 5 22 8 30 11 2 15 182 30 84 2 3 10 26 6 2 4 220 8 175 3 11 109 23 72 28 64 3 25 173 26 270 30 58 2 2 156 5 187 2 4 113 8 54 2 6 15 25 14 3 25 203 26 248 30 304 2 24 6 27 22 3 7 35 18 20 21 12 3 8 177 9 106 20 175 2 13 94 17 83 2 22 46 27 142 3 12 103 20 99 23 58 2 6 49 9 43 3 11 20 23 22 28 99 3 5 21 10 62 24 92 2 13 11 17 90 4 9 79 11 139 18 20 23 87 3 12 252 18 320 29 181 3 17 216 25 126 30 80 2 4 271 14 198 2 8 254 15 262 3 16 319 28 80 30 125 4 6 17 11 113 22 101 27 35 3 12 70 20 27 23 101 3 8 90 18 60 25 33 2 2 100 19 207 2 21 107 30 123 3 2 198 17 210 23 105 2 15 232 30 123 2 4 86 25 86 3 8 52 18 113 25 95 2 4 22 29 37
37 3 1 46 6 98 19 218 3 2 6 22 11 30 15 2 3 3 26 20 2 4 71 8 177 2 2 83 19 210 3 1 123 6 281 19 96 2 2 46 5 47 2 6 5 25 13 2 4 233 8 167 3 7 29 18 24 21 15 2 8 282 15 166 3 2 161 17 37 23 67 2 21 172 30 171 2 6 3 25 6 3 25 109 26 253 30 286 3 2 7 22 14 30 14 3 8 123 9 156 20 57 4 9 92 11 154 18 183 23 126 2 6 93 9 132 3 5 59 10 20 24 13 3 2 7 22 16 30 16 3 12 143 18 111 29 324 3 16 176 28 324 30 244 2 13 54 17 52 2 4 287 14 266 3 12 95 20 57 23 74 2 22 106 27 132 3 17 205 25 173 30 133 3 8 65 18 20 25 109 2 2 323 5 322 2 15 82 30 248 2 24 11 27 11 2 4 30 29 46 2 22 140 27 73 2 4 11 25 80 4 6 24 11 95 22 45 27 29 3 11 111 23 111 28 57
34 3 1 267 6 185 19 101 2 6 7 25 6 3 2 15 22 14 30 6 2 3 3 26 18 2 4 89 8 195 2 2 50 5 283 3 7 12 18 35 21 15 3 8 82 9 171 20 116 2 6 84 9 69 3 5 74 10 31 24 12 3 2 8 22 10 30 13 4 9 120 11 159 18 159 23 124 3 5 75 10 42 24 56 3 12 323 18 181 29 87 3 12 62 20 39 23 102 3 8 41 18 85 25 27 2 2 199 19 230 2 13 93 17 21 2 4 51 14 172 3 17 199 25 228 30 113 2 8 337 15 210 2 22 49 27 132 3 2 5 22 11 30 11 4 6 14 11 98 22 53 27 119 2 4 205 14 316 3 16 198 28 70 30 308 3 2 31 17 185 23 177 3 25 303 26 58 30 48 2 21 278 30 182 3 11 91 23 79 28 133 2 24 10 27 24 2 4 48 25 28 2 4 42 29 13 2 15 121 30 198
34 3 1 267 6 185 19 101 2 6 7 25 6 3 2 15 22 14 30 6 2 3 3 26 18 2 4 89 8 195 2 2 50 5 283 3 7 12 18 35 21 15 3 8 82 9 171 20 116 2 6 84 9 69 3 5 74 10 31 24 12 3 2 8 22 10 30 13 4 9 120 11 159 18 159 23 124 3 5 75 10 42 24 56 3 12 323 18 181 29 87 3 12 62 20 39 23 102 3 8 41 18 85 25 27 2 2 199 19 230 2 13 93 17 21 2 4 51 14 172 3 17 199 25 228 30 113 2 8 337 15 210 2 22 49 27 132 3 2 5 22 11 30 11 4 6 14 11 98 22 53 27 119 2 4 205 14 316 3 16 198 28 70 30 308 3 2 31 17 185 23 177 3 25 303 26 58 30 48 2 21 278 30 182 3 11 91 23 79 28 133 2 24 10 27 24 2 4 48 25 28 2 4 42 29 13 2 15 121 30 198
41 3 1 39 6 97 19 276 3 2 16 22 7 30 3 2 2 154 19 175 3 1 188 6 123 19 225 2 3 13 26 11 3 8 106 18 95 25 103 3 25 179 26 316 30 232 3 2 12 22 9 30 5 4 6 55 11 46 22 20 27 79 3 16 39 28 123 30 81 2 3 6 26 6 2 4 200 8 213 3 16 125 28 342 30 315 4 9 172 11 59 18 61 23 55 2 2 126 5 329 3 16 243 28 226 30 90 2 6 14 25 7 3 1 98 6 70 19 190 2 4 93 29 33 3 7 27 18 24 21 42 3 8 239 9 87 20 39 4 9 152 11 121 18 56 23 51 2 6 75 9 47 3 5 75 10 79 24 48 3 12 211 18 124 29 241 4 6 81 11 55 22 45 27 84 2 13 88 17 20 2 4 297 14 258 3 7 40 18 26 21 13 3 17 315 25 198 30 273 2 4 255 14 323 2 8 139 15 274 2 4 87 25 74 3 12 38 20 22 23 99 2 21 130 30 199 2 2 103 5 235 2 22 82 27 97 3 2 166 17 108 23 106 2 15 197 30 122 2 24 38 27 5 3 11 118 23 67 28 118
41 3 1 39 6 97 19 276 3 2 16 22 7 30 3 2 2 154 19 175 3 1 188 6 123 19 225 2 3 13 26 11 3 8 106 18 95 25 103 3 25 179 26 316 30 232 3 2 12 22 9 30 5 4 6 55 11 46 22 20 27 79 3 16 39 28 123 30 81 2 3 6 26 6 2 4 200 8 213 3 16 125 28 342 30 315 4 9 172 11 59 18 61 23 55 2 2 126 5 329 3 16 243 28 226 30 90 2 6 14 25 7 3 1 98 6 70 19 190 2 4 93 29 33 3 7 27 18 24 21 42 3 8 239 9 87 20 39 4 9 152 11 121 18 56 23 51 2 6 75 9 47 3 5 75 10 79 24 48 3 12 211 18 124 29 241 4 6 81 11 55 22 45 27 84 2 13 88 17 20 2 4 297 14 258 3 7 40 18 26 21 13 3 17 315 25 198 30 273 2 4 255 14 323 2 8 139 15 274 2 4 87 25 74 3 12 38 20 22 23 99 2 21 130 30 199 2 2 103 5 235 2 22 82 27 97 3 2 166 17 108 23 106 2 15 197 30 122 2 24 38 27 5 3 11 118 23 67 28 118
41 3 1 213 6 118 19 224 3 2 8 22 2 30 14 2 2 141 19 134 3 1 106 6 262 19 156 2 3 3 26 9 3 8 92 18 113 25 100 3 25 228 26 80 30 307 3 2 4 22 3 30 16 4 6 117 11 71 22 51 27 20 3 16 172 28 263 30 327 2 3 18 26 18 2 4 181 8 154 3 16 312 28 119 30 186 4 9 61 11 157 18 172 23 65 2 2 50 5 126 3 16 239 28 277 30 159 2 6 14 25 5 3 1 78 6 270 19 142 2 4 100 29 87 3 7 35 18 49 21 53 3 8 144 9 54 20 35 4 9 152 11 167 18 64 23 124 2 6 116 9 74 3 5 58 10 68 24 45 3 12 135 18 208 29 267 4 6 82 11 110 22 116 27 43 2 13 55 17 95 2 4 152 14 170 3 7 57 18 48 21 29 3 17 94 25 52 30 43 2 4 273 14 286 2 8 199 15 266 2 4 43 25 51 3 12 74 20 46 23 73 2 21 245 30 128 2 2 225 5 194 2 22 136 27 90 3 2 166 17 105 23 206 2 15 42 30 98 2 24 37 27 23 3 11 18 23 113 28 59
34 3 1 43 6 218 19 124 3 2 2 22 11 30 2 2 3 6 26 16 3 17 144 25 331 30 41 2 4 101 8 171 2 2 243 5 255 2 6 14 25 9 3 7 12 18 31 21 20 2 22 78 27 52 2 3 24 26 8 2 8 329 15 65 4 6 115 11 24 22 67 27 22 3 8 200 9 109 20 118 3 1 283 6 179 19 92 2 4 65 25 28 2 6 195 9 31 3 5 56 10 37 24 16 4 9 109 11 25 18 134 23 41 3 12 46 18 337 29 254 2 13 66 17 18 2 4 102 14 283 3 16 298 28 176 30 158 3 8 69 18 106 25 117 2 2 135 19 143 3 12 141 20 89 23 73 4 9 39 11 118 18 68 23 99 2 21 141 30 56 3 2 158 17 34 23 40 2 24 33 27 25 2 2 133 5 44 3 25 114 26 234 30 53 3 11 30 23 27 28 83 2 4 90 29 46 2 15 155 30 179
37 3 1 268 6 66 19 84 3 2 17 22 4 30 9 2 3 18 26 10 2 4 166 8 213 2 2 222 19 227 3 1 143 6 32 19 266 2 2 88 5 113 2 6 5 25 10 2 4 227 8 42 3 7 25 18 30 21 52 2 8 67 15 348 3 2 142 17 144 23 100 2 21 38 30 221 2 6 8 25 15 3 25 217 26 290 30 38 3 2 6 22 6 30 17 3 8 194 9 98 20 91 4 9 29 11 105 18 185 23 53 2 6 133 9 154 3 5 86 10 64 24 26 3 2 13 22 15 30 9 3 12 340 18 84 29 172 3 16 183 28 49 30 242 2 13 13 17 37 2 4 121 14 336 3 12 67 20 33 23 107 2 22 134 27 134 3 17 218 25 149 30 68 3 8 58 18 117 25 117 2 2 244 5 41 2 15 66 30 211 2 24 11 27 12 2 4 78 29 43 2 22 92 27 85 2 4 58 25 58 4 6 19 11 48 22 14 27 108 3 11 26 23 130 28 50
32 3 1 165 6 236 19 262 3 2 10 22 16 30 11 2 3 7 26 11 3 12 72 20 55 23 71 3 17 265 25 261 30 332 2 4 83 8 160 3 5 89 10 81 24 25 2 2 221 5 202 2 6 10 25 11 2 4 81 14 172 3 7 8 18 37 21 49 2 4 100 14 176 2 13 60 17 86 2 4 56 29 82 3 8 47 9 82 20 243 3 17 221 25 62 30 172 2 6 55 9 42 4 9 95 11 82 18 168 23 119 3 12 242 18 340 29 245 2 8 341 15 357 3 8 61 18 85 25 49 2 2 107 19 113 2 21 175 30 157 3 16 208 28 93 30 142 2 22 71 27 145 2 4 19 25 85 3 2 204 17 58 23 182 2 24 20 27 35 3 25 189 26 156 30 163 4 6 46 11 93 22 76 27 97 3 11 78 23 39 28 85 2 15 214 30 238
32 3 1 144 6 142 19 68 3 2 5 22 14 30 5 2 3 5 26 15 3 12 101 20 115 23 114 3 17 151 25 314 30 113 2 4 171 8 137 3 5 55 10 59 24 77 2 2 203 5 258 2 6 15 25 15 2 4 267 14 167 3 7 26 18 27 21 30 2 4 211 14 200 2 13 62 17 37 2 4 81 29 12 3 8 162 9 31 20 213 3 17 283 25 147 30 259 2 6 166 9 192 4 9 51 11 79 18 163 23 40 3 12 120 18 173 29 234 2 8 279 15 154 3 8 32 18 68 25 115 2 2 108 19 72 2 21 253 30 39 3 16 234 28 145 30 78 2 22 115 27 146 2 4 48 25 89 3 2 123 17 166 23 154 2 24 22 27 38 3 25 304 26 248 30 159 4 6 69 11 64 22 45 27 33 3 11 101 23 125 28 93 2 15 65 30 253
34 2 6 10 25 7 3 1 140 6 260 19 137 2 4 53 25 54 3 2 3 22 8 30 6 4 6 40 11 120 22 109 27 47 2 3 19 26 13 3 17 159 25 162 30 64 2 4 209 8 185 2 2 201 5 226 3 7 40 18 32 21 16 2 4 62 29 19 3 8 237 9 68 20 58 2 6 182 9 80 2 4 259 14 338 3 2 10 22 10 30 17 3 5 84 10 22 24 83 2 2 144 19 212 3 5 66 10 40 24 92 3 8 23 18 97 25 60 3 12 249 18 321 29 231 2 8 306 15 201 2 6 176 9 45 4 9 178 11 95 18 121 23 100 2 13 69 17 35 3 16 317 28 182 30 333 3 12 52 20 100 23 74 2 21 215 30 283 2 22 90 27 153 3 2 154 17 84 23 122 3 2 2 22 2 30 7 2 24 14 27 23 3 25 109 26 254 30 98 3 11 29 23 60 28 44 2 15 78 30 52
34 3 1 275 6 201 19 121 2 6 9 25 5 3 2 13 22 15 30 11 2 3 7 26 14 2 4 82 8 194 2 2 164 5 203 3 7 23 18 31 21 26 3 8 195 9 159 20 62 2 6 158 9 46 3 5 94 10 68 24 62 3 2 11 22 10 30 9 4 9 155 11 128 18 100 23 52 3 5 83 10 73 24 25 3 12 220 18 116 29 272 3 12 149 20 146 23 104 3 8 69 18 102 25 89 2 2 64 19 89 2 13 83 17 47 2 4 191 14 180 3 17 112 25 239 30 296 2 8 161 15 185 2 22 106 27 67 3 2 17 22 8 30 6 4 6 93 11 109 22 63 27 118 2 4 147 14 261 3 16 79 28 333 30 159 3 2 227 17 29 23 65 3 25 161 26 47 30 64 2 21 257 30 119 3 11 91 23 16 28 116 2 24 8 27 36 2 4 57 25 63 2 4 80 29 88 2 15 105 30 165
31 3 12 33 20 105 23 143 3 1 122 6 256 19 134 3 2 8 22 13 30 2 2 3 17 26 18 2 4 122 8 96 2 2 224 5 329 2 6 12 25 7 3 7 8 18 30 21 36 3 8 97 9 80 20 240 2 6 47 9 94 2 2 203 19 36 3 5 53 10 61 24 64 2 24 6 27 16 4 9 30 11 79 18 170 23 45 3 12 117 18 140 29 198 2 13 92 17 91 2 4 338 14 208 2 8 260 15 108 3 16 294 28 299 30 254 3 17 334 25 327 30 195 2 4 182 8 121 2 21 61 30 274 3 8 91 18 16 25 75 3 11 113 23 35 28 108 3 25 48 26 36 30 66 2 22 152 27 63 2 4 82 29 78 2 4 68 25 21 3 2 95 17 217 23 102 4 6 94 11 121 22 54 27 50 2 15 160 30 209
37 3 1 158 6 239 19 52 3 2 9 22 4 30 5 2 3 21 26 6 2 4 36 8 57 2 2 220 19 100 3 1 177 6 66 19 102 2 2 328 5 143 2 6 8 25 3 2 4 166 8 60 3 7 22 18 10 21 9 2 8 196 15 190 3 2 199 17 171 23 231 2 21 265 30 242 2 6 3 25 6 3 25 115 26 96 30 211 3 2 6 22 14 30 2 3 8 184 9 160 20 74 4 9 21 11 75 18 184 23 79 2 6 73 9 83 3 5 86 10 93 24 59 3 2 2 22 15 30 5 3 12 60 18 89 29 273 3 16 43 28 40 30 88 2 13 88 17 11 2 4 122 14 64 3 12 34 20 75 23 62 2 22 126 27 95 3 17 42 25 133 30 316 3 8 56 18 17 25 81 2 2 231 5 215 2 15 96 30 181 2 24 24 27 18 2 4 22 29 90 2 22 75 27 90 2 4 34 25 45 4 6 71 11 24 22 98 27 79 3 11 130 23 20 28 126
40 3 1 69 6 207 19 208 2 15 218 30 247 3 2 16 22 12 30 6 2 3 6 26 6 3 8 139 9 231 20 145 3 1 176 6 151 19 134 3 5 93 10 87 24 26 2 4 220 8 87 3 2 15 22 11 30 16 2 2 137 5 179 2 3 4 26 14 2 6 10 25 16 3 1 150 6 194 19 54 3 7 17 18 31 21 27 3 2 5 22 2 30 5 2 6 176 9 84 4 9 80 11 55 18 50 23 153 3 12 223 18 138 29 126 2 13 39 17 89 2 4 332 14 317 2 8 151 15 105 3 12 40 18 245 29 77 3 16 204 28 257 30 155 4 6 105 11 76 22 35 27 51 3 7 18 18 47 21 21 2 2 79 19 200 3 2 6 22 9 30 6 3 17 219 25 308 30 312 3 8 113 18 102 25 59 2 13 70 17 90 3 12 146 20 133 23 78 3 11 106 23 113 28 45 3 2 132 17 48 23 92 2 4 12 25 48 2 4 52 29 62 2 21 176 30 237 2 22 107 27 136 2 2 311 5 331 2 24 10 27 37 3 25 156 26 71 30 151
40 3 1 69 6 207 19 208 2 15 218 30 247 3 2 16 22 12 30 6 2 3 6 26 6 3 8 139 9 231 20 145 3 1 176 6 151 19 134 3 5 93 10 87 24 26 2 4 220 8 87 3 2 15 22 11 30 16 2 2 137 5 179 2 3 4 26 14 2 6 10 25 16 3 1 150 6 194 19 54 3 7 17 18 31 21 27 3 2 5 22 2 30 5 2 6 176 9 84 4 9 80 11 55 18 50 23 153 3 12 223 18 138 29 126 2 13 39 17 89 2 4 332 14 317 2 8 151 15 105 3 12 40 18 245 29 77 3 16 204 28 257 30 155 4 6 105 11 76 22 35 27 51 3 7 18 18 47 21 21 2 2 79 19 200 3 2 6 22 9 30 6 3 17 219 25 308 30 312 3 8 113 18 102 25 59 2 13 70 17 90 3 12 146 20 133 23 78 3 11 106 23 113 28 45 3 2 132 17 48 23 92 2 4 12 25 48 2 4 52 29 62 2 21 176 30 237 2 22 107 27 136 2 2 311 5 331 2 24 10 27 37 3 25 156 26 71 30 151
40 3 1 69 6 207 19 208 2 15 218 30 247 3 2 16 22 12 30 6 2 3 6 26 6 3 8 139 9 231 20 145 3 1 176 6 151 19 134 3 5 93 10 87 24 26 2 4 220 8 87 3 2 15 22 11 30 16 2 2 137 5 179 2 3 4 26 14 2 6 10 25 16 3 1 150 6 194 19 54 3 7 17 18 31 21 27 3 2 5 22 2 30 5 2 6 176 9 84 4 9 80 11 55 18 50 23 153 3 12 223 18 138 29 126 2 13 39 17 89 2 4 332 14 317 2 8 151 15 105 3 12 40 18 245 29 77 3 16 204 28 257 30 155 4 6 105 11 76 22 35 27 51 3 7 18 18 47 21 21 2 2 79 19 200 3 2 6 22 9 30 6 3 17 219 25 308 30 312 3 8 113 18 102 25 59 2 13 70 17 90 3 12 146 20 133 23 78 3 11 106 23 113 28 45 3 2 132 17 48 23 92 2 4 12 25 48 2 4 52 29 62 2 21 176 30 237 2 22 107 27 136 2 2 311 5 331 2 24 10 27 37 3 25 156 26 71 30 151
34 3 1 183 6 119 19 149 2 6 8 25 15 3 2 6 22 8 30 8 2 3 20 26 16 2 4 145 8 166 2 2 301 5 119 3 7 20 18 31 21 47 3 8 140 9 128 20 82 2 6 52 9 139 3 5 47 10 13 24 67 3 2 6 22 16 30 8 4 9 173 11 70 18 161 23 28 3 5 73 10 91 24 51 3 12 92 18 47 29 79 3 12 31 20 144 23 141 3 8 74 18 84 25 71 2 2 216 19 193 2 13 41 17 20 2 4 327 14 123 3 17 219 25 65 30 243 2 8 54 15 88 2 22 81 27 146 3 2 17 22 3 30 2 4 6 84 11 62 22 102 27 73 2 4 325 14 177 3 16 326 28 339 30 344 3 2 183 17 208 23 193 3 25 167 26 133 30 84 2 21 199 30 182 3 11 124 23 71 28 74 2 24 5 27 18 2 4 52 25 41 2 4 91 29 67 2 15 193 30 231
34 3 1 183 6 119 19 149 2 6 8 25 15 3 2 6 22 8 30 8 2 3 20 26 16 2 4 145 8 166 2 2 301 5 119 3 7 20 18 31 21 47 3 8 140 9 128 20 82 2 6 52 9 139 3 5 47 10 13 24 67 3 2 6 22 16 30 8 4 9 173 11 70 18 161 23 28 3 5 73 10 91 24 51 3 12 92 18 47 29 79 3 12 31 20 144 23 141 3 8 74 18 84 25 71 2 2 216 19 193 2 13 41 17 20 2 4 327 14 123 3 17 219 25 65 30 243 2 8 54 15 88 2 22 81 27 146 3 2 17 22 3 30 2 4 6 84 11 62 22 102 27 73 2 4 325 14 177 3 16 326 28 339 30 344 3 2 183 17 208 23 193 3 25 167 26 133 30 84 2 21 199 30 182 3 11 124 23 71 28 74 2 24 5 27 18 2 4 52 25 41 2 4 91 29 67 2 15 193 30 231
35 2 4 73 25 10 3 1 37 6 292 19 198 3 2 8 22 3 30 4 2 4 187 14 306 2 3 5 26 5 2 4 18 25 32 2 15 159 30 66 2 4 208 8 67 2 2 53 5 290 2 6 8 25 14 3 7 16 18 26 21 40 3 8 220 9 138 20 184 2 6 83 9 136 3 5 58 10 97 24 36 4 9 73 11 93 18 122 23 67 3 8 23 18 25 25 113 2 6 15 25 14 3 12 261 18 256 29 314 2 21 188 30 134 2 4 27 8 91 2 13 76 17 31 3 12 81 20 72 23 51 3 16 193 28 119 30 42 3 11 133 23 49 28 39 2 8 88 15 196 2 4 72 29 50 2 4 182 8 206 4 6 56 11 36 22 89 27 109 2 22 91 27 25 3 17 330 25 181 30 61 2 24 37 27 16 2 3 22 26 3 2 2 30 19 132 3 25 200 26 88 30 258 3 2 94 17 51 23 108
35 2 4 73 25 10 3 1 37 6 292 19 198 3 2 8 22 3 30 4 2 4 187 14 306 2 3 5 26 5 2 4 18 25 32 2 15 159 30 66 2 4 208 8 67 2 2 53 5 290 2 6 8 25 14 3 7 16 18 26 21 40 3 8 220 9 138 20 184 2 6 83 9 136 3 5 58 10 97 24 36 4 9 73 11 93 18 122 23 67 3 8 23 18 25 25 113 2 6 15 25 14 3 12 261 18 256 29 314 2 21 188 30 134 2 4 27 8 91 2 13 76 17 31 3 12 81 20 72 23 51 3 16 193 28 119 30 42 3 11 133 23 49 28 39 2 8 88 15 196 2 4 72 29 50 2 4 182 8 206 4 6 56 11 36 22 89 27 109 2 22 91 27 25 3 17 330 25 181 30 61 2 24 37 27 16 2 3 22 26 3 2 2 30 19 132 3 25 200 26 88 30 258 3 2 94 17 51 23 108
35 3 1 174 6 118 19 280 3 2 17 22 13 30 4 3 25 108 26 309 30 54 2 3 18 26 8 2 4 158 8 101 2 2 106 5 246 3 25 255 26 233 30 77 2 6 6 25 2 3 16 177 28 42 30 67 3 7 40 18 6 21 29 2 6 7 25 5 2 21 45 30 149 3 8 83 9 38 20 138 3 12 112 18 329 29 181 2 24 38 27 20 3 16 262 28 252 30 208 2 6 67 9 25 2 4 57 25 12 2 22 159 27 76 3 2 167 17 199 23 78 2 4 96 29 61 3 16 272 28 178 30 221 3 5 29 10 34 24 93 3 8 33 18 71 25 41 4 9 75 11 149 18 66 23 38 2 13 32 17 82 2 4 238 14 144 2 2 223 5 300 2 2 83 19 165 2 15 218 30 116 3 12 38 20 22 23 145 4 6 107 11 40 22 105 27 77 2 8 266 15 271 3 17 317 25 72 30 317 3 11 120 23 132 28 93
37 3 8 108 9 197 20 227 2 4 174 14 136 3 1 229 6 38 19 226 3 2 16 22 14 30 10 3 1 279 6 282 19 272 2 3 17 26 18 2 4 130 8 59 2 4 30 25 74 2 3 17 26 18 2 2 45 5 70 2 4 39 25 15 2 6 3 25 8 2 4 201 8 227 3 7 23 18 25 21 15 2 6 126 9 176 3 5 51 10 91 24 48 3 8 43 18 81 25 37 4 9 89 11 73 18 68 23 108 3 2 4 22 15 30 12 3 25 213 26 80 30 139 3 12 133 18 39 29 223 3 2 222 17 79 23 49 2 3 15 26 21 2 15 86 30 141 2 13 84 17 84 2 24 17 27 36 2 8 283 15 145 3 16 258 28 132 30 95 2 4 202 8 50 2 4 16 29 17 3 17 256 25 215 30 315 2 22 68 27 133 2 2 131 19 199 4 6 59 11 112 22 102 27 52 3 12 148 20 116 23 67 2 21 76 30 131 3 11 130 23 89 28 15
37 3 8 108 9 197 20 227 2 4 174 14 136 3 1 229 6 38 19 226 3 2 16 22 14 30 10 3 1 279 6 282 19 272 2 3 17 26 18 2 4 130 8 59 2 4 30 25 74 2 3 17 26 18 2 2 45 5 70 2 4 39 25 15 2 6 3 25 8 2 4 201 8 227 3 7 23 18 25 21 15 2 6 126 9 176 3 5 51 10 91 24 48 3 8 43 18 81 25 37 4 9 89 11 73 18 68 23 108 3 2 4 22 15 30 12 3 25 213 26 80 30 139 3 12 133 18 39 29 223 3 2 222 17 79 23 49 2 3 15 26 21 2 15 86 30 141 2 13 84 17 84 2 24 17 27 36 2 8 283 15 145 3 16 258 28 132 30 95 2 4 202 8 50 2 4 16 29 17 3 17 256 25 215 30 315 2 22 68 27 133 2 2 131 19 199 4 6 59 11 112 22 102 27 52 3 12 148 20 116 23 67 2 21 76 30 131 3 11 130 23 89 28 15
32 3 1 87 6 247 19 162 3 2 11 22 14 30 6 2 3 20 26 19 3 12 102 20 111 23 130 3 17 286 25 244 30 140 2 4 114 8 207 3 5 28 10 11 24 83 2 2 231 5 118 2 6 14 25 4 2 4 123 14 220 3 7 36 18 41 21 37 2 4 212 14 163 2 13 32 17 18 2 4 78 29 26 3 8 80 9 150 20 164 3 17 148 25 50 30 115 2 6 91 9 26 4 9 74 11 132 18 141 23 163 3 12 243 18 44 29 90 2 8 175 15 141 3 8 104 18 47 25 106 2 2 128 19 36 2 21 143 30 275 3 16 96 28 264 30 179 2 22 129 27 61 2 4 46 25 40 3 2 175 17 45 23 36 2 24 7 27 15 3 25 153 26 261 30 175 4 6 90 11 104 22 86 27 49 3 11 116 23 52 28 133 2 15 109 30 46
37 3 1 253 6 114 19 164 3 2 8 22 16 30 14 2 3 6 26 16 2 4 81 8 85 2 2 95 19 230 3 1 34 6 75 19 186 2 2 104 5 115 2 6 16 25 4 2 4 231 8 195 3 7 50 18 13 21 28 2 8 152 15 321 3 2 164 17 52 23 105 2 21 291 30 129 2 6 12 25 5 3 25 61 26 190 30 281 3 2 6 22 4 30 17 3 8 121 9 125 20 178 4 9 160 11 24 18 68 23 72 2 6 98 9 48 3 5 28 10 52 24 26 3 2 13 22 2 30 14 3 12 70 18 49 29 305 3 16 229 28 278 30 75 2 13 48 17 48 2 4 91 14 69 3 12 50 20 141 23 141 2 22 88 27 154 3 17 142 25 166 30 295 3 8 91 18 106 25 88 2 2 260 5 78 2 15 74 30 110 2 24 12 27 25 2 4 37 29 80 2 22 93 27 150 2 4 23 25 45 4 6 118 11 54 22 17 27 102 3 11 109 23 27 28 115
34 3 1 195 6 219 19 232 3 2 4 22 13 30 7 2 3 8 26 21 3 17 91 25 238 30 288 2 4 92 8 51 2 2 96 5 139 2 6 8 25 4 3 7 22 18 16 21 47 2 22 21 27 74 2 3 6 26 8 2 8 69 15 352 4 6 31 11 23 22 39 27 78 3 8 203 9 177 20 227 3 1 111 6 154 19 256 2 4 45 25 10 2 6 125 9 69 3 5 47 10 26 24 74 4 9 107 11 33 18 70 23 121 3 12 108 18 178 29 286 2 13 22 17 90 2 4 105 14 274 3 16 141 28 212 30 120 3 8 58 18 44 25 39 2 2 60 19 65 3 12 132 20 141 23 20 4 9 83 11 150 18 61 23 82 2 21 63 30 63 3 2 146 17 144 23 61 2 24 20 27 14 2 2 169 5 91 3 25 173 26 135 30 90 3 11 69 23 129 28 84 2 4 40 29 76 2 15 44 30 63
36 3 1 107 6 200 19 210 3 12 250 18 270 29 276 3 1 227 6 66 19 260 3 2 9 22 16 30 7 4 9 176 11 156 18 118 23 41 3 1 153 6 194 19 158 2 3 11 26 17 2 4 212 8 53 3 2 10 22 11 30 13 2 2 159 5 157 2 6 8 25 7 3 25 201 26 46 30 112 3 7 10 18 36 21 19 3 8 242 9 157 20 28 2 4 24 25 43 2 6 123 9 105 2 22 148 27 66 3 11 71 23 63 28 58 3 5 26 10 80 24 10 3 2 14 22 5 30 11 2 13 12 17 87 2 4 42 25 29 2 4 63 14 316 2 8 108 15 222 3 16 123 28 226 30 287 2 2 26 19 156 2 21 164 30 196 3 17 69 25 102 30 75 3 8 42 18 75 25 13 3 12 102 20 69 23 51 3 2 187 17 168 23 190 4 6 72 11 91 22 103 27 74 2 24 30 27 8 2 4 304 14 87 2 4 78 29 67 2 15 112 30 98
35 3 1 181 6 118 19 284 3 2 3 22 16 30 10 3 25 255 26 312 30 273 2 3 22 26 24 2 4 190 8 83 2 2 112 5 193 3 25 256 26 245 30 194 2 6 4 25 8 3 16 119 28 191 30 136 3 7 49 18 37 21 54 2 6 4 25 2 2 21 57 30 247 3 8 127 9 81 20 186 3 12 330 18 59 29 221 2 24 9 27 9 3 16 286 28 132 30 311 2 6 77 9 57 2 4 77 25 65 2 22 48 27 95 3 2 225 17 83 23 202 2 4 42 29 23 3 16 104 28 237 30 138 3 5 22 10 85 24 60 3 8 48 18 95 25 94 4 9 127 11 31 18 28 23 49 2 13 94 17 31 2 4 102 14 95 2 2 194 5 90 2 2 174 19 80 2 15 81 30 215 3 12 125 20 77 23 58 4 6 50 11 54 22 19 27 116 2 8 91 15 260 3 17 201 25 169 30 119 3 11 29 23 48 28 93
41 3 1 105 6 210 19 125 3 2 4 22 3 30 17 2 2 228 19 204 3 1 189 6 47 19 180 2 3 3 26 21 3 8 69 18 57 25 114 3 25 146 26 293 30 257 3 2 2 22 8 30 13 4 6 98 11 44 22 45 27 30 3 16 202 28 47 30 222 2 3 18 26 11 2 4 182 8 163 3 16 273 28 306 30 59 4 9 59 11 165 18 144 23 105 2 2 170 5 248 3 16 181 28 299 30 222 2 6 11 25 6 3 1 222 6 102 19 258 2 4 86 29 18 3 7 52 18 13 21 47 3 8 38 9 70 20 217 4 9 120 11 95 18 42 23 117 2 6 136 9 28 3 5 45 10 34 24 43 3 12 143 18 292 29 280 4 6 33 11 74 22 38 27 102 2 13 29 17 61 2 4 302 14 97 3 7 10 18 38 21 17 3 17 243 25 317 30 206 2 4 98 14 179 2 8 108 15 77 2 4 51 25 66 3 12 84 20 118 23 47 2 21 149 30 204 2 2 227 5 272 2 22 58 27 35 3 2 112 17 198 23 82 2 15 231 30 210 2 24 37 27 29 3 11 120 23 19 28 43
34 3 1 94 6 111 19 238 3 2 14 22 9 30 5 2 22 60 27 143 3 2 9 22 2 30 6 2 4 172 8 238 3 12 58 20 16 23 31 3 7 15 18 14 21 45 2 6 153 9 158 2 3 18 26 6 3 2 210 17 158 23 87 2 2 302 5 111 2 6 5 25 3 3 8 30 9 215 20 29 3 17 247 25 278 30 261 3 5 44 10 20 24 13 2 6 9 25 13 4 9 65 11 48 18 85 23 166 2 4 19 29 50 2 3 14 26 6 3 12 199 18 121 29 159 2 13 29 17 62 3 5 92 10 66 24 32 2 21 122 30 256 2 4 104 14 173 2 8 151 15 313 3 16 239 28 98 30 227 3 8 117 18 21 25 84 2 2 30 19 218 3 25 229 26 274 30 209 2 24 23 27 20 2 4 89 25 63 4 6 117 11 78 22 61 27 84 3 11 58 23 37 28 66 2 15 243 30 238
38 2 2 335 5 306 2 8 78 15 160 3 1 145 6 279 19 102 2 2 179 5 110 3 12 106 20 105 23 94 3 1 69 6 174 19 170 3 2 8 22 11 30 3 3 2 102 17 218 23 66 3 12 118 20 98 23 42 2 13 61 17 27 3 8 37 9 39 20 200 2 3 19 26 3 3 25 305 26 161 30 109 3 12 126 20 74 23 116 2 4 126 8 62 2 6 6 25 14 2 3 9 26 18 3 12 245 18 296 29 57 4 6 69 11 113 22 122 27 95 3 7 28 18 33 21 26 2 6 95 9 122 2 22 40 27 21 2 2 99 19 141 4 9 43 11 108 18 111 23 49 3 5 72 10 44 24 65 2 4 166 14 109 3 16 164 28 158 30 187 3 11 35 23 80 28 30 2 4 74 8 198 3 17 86 25 267 30 293 3 8 75 18 21 25 42 2 8 259 15 117 2 24 20 27 26 2 21 129 30 36 3 12 38 18 167 29 154 2 4 80 25 88 2 4 30 29 74 2 15 171 30 110
35 3 1 74 6 104 19 188 3 2 7 22 14 30 5 3 25 279 26 307 30 289 2 3 17 26 17 2 4 190 8 168 2 2 320 5 195 3 25 211 26 178 30 92 2 6 2 25 12 3 16 90 28 55 30 193 3 7 23 18 38 21 33 2 6 5 25 1 2 21 228 30 274 3 8 231 9 107 20 79 3 12 131 18 330 29 330 2 24 6 27 14 3 16 308 28 182 30 179 2 6 118 9 95 2 4 85 25 16 2 22 57 27 30 3 2 232 17 234 23 74 2 4 83 29 17 3 16 247 28 284 30 345 3 5 56 10 22 24 23 3 8 115 18 107 25 85 4 9 97 11 153 18 95 23 60 2 13 85 17 10 2 4 182 14 124 2 2 134 5 151 2 2 97 19 177 2 15 77 30 143 3 12 54 20 108 23 95 4 6 96 11 39 22 54 27 47 2 8 189 15 353 3 17 201 25 337 30 109 3 11 23 23 133 28 111
DUE_DATES: 8296 8296 7009 7009 7358 7358 7145 7145 7097 7097 7792 5480 5480 7479 7886 7673 7673 7612 6842 6842 9236 9236 8959 6555 7169 7346 7325 7241 6753 6845 6633 8370 8370 8370 7081 7081 6423 6423 7700 7042 7042 6347 6903 6011 6982 7318 8999 6666 7497 8251
WEIGHTS: 1 1 3 2 2 1 1 2 1 1 1 3 3 3 2 1 2 2 2 3 1 1 2 1 1 1 3 3 3 3 1 2 3 3 2 1 2 1 1 3 2 3 2 1 3 3 1 3 2 1
