50 30
36 2 8 127 9 314 2 1 19 6 16 3 10 293 12 147 17 125 3 1 84 2 202 15 189 3 3 55 6 125 25 173 2 8 50 9 125 3 3 70 9 76 30 62 3 5 37 17 47 24 55 2 8 68 9 83 3 15 123 20 63 25 63 2 1 156 4 203 3 3 90 9 75 30 76 2 5 264 21 41 2 6 103 14 73 3 1 24 7 20 9 29 3 3 77 4 85 26 106 2 11 16 18 23 1 22 59 2 10 34 12 41 2 13 119 26 93 2 14 25 30 17 2 10 30 16 57 3 19 147 25 52 26 99 2 17 234 22 60 3 5 61 17 43 24 27 3 9 45 18 32 22 15 2 11 36 19 112 3 3 29 18 42 20 87 2 1 195 21 181 3 18 308 23 201 28 259 2 8 182 9 290 2 11 236 27 239 3 18 323 23 193 28 197 2 5 24 30 18 2 14 42 28 38 3 10 159 11 119 29 159
41 2 1 48 6 25 3 1 189 2 223 15 79 2 1 28 6 46 2 14 18 28 36 3 3 208 6 218 25 119 2 14 56 30 32 3 1 177 2 81 15 170 3 1 10 7 12 9 20 3 10 99 11 124 29 79 3 9 29 18 18 22 77 3 10 176 11 49 29 96 2 1 172 4 81 2 5 75 21 220 2 17 139 22 64 2 6 83 14 85 2 8 240 9 286 2 14 36 30 82 3 3 71 9 11 30 47 2 10 61 16 42 3 10 325 12 82 17 152 2 6 47 14 115 2 11 34 18 11 2 10 110 12 24 2 8 73 9 123 2 13 102 26 112 3 15 64 20 115 25 100 2 11 82 19 23 3 15 75 20 79 25 133 2 11 80 27 278 2 1 49 4 120 2 1 250 21 230 3 3 106 18 185 20 226 3 10 85 11 177 29 158 1 22 41 2 5 32 30 30 2 14 40 28 6 3 18 48 23 138 28 334 2 11 66 19 23 3 5 28 17 42 24 23 3 19 31 25 184 26 139 3 3 79 4 18 26 30
41 2 1 48 6 25 3 1 189 2 223 15 79 2 1 28 6 46 2 14 18 28 36 3 3 208 6 218 25 119 2 14 56 30 32 3 1 177 2 81 15 170 3 1 10 7 12 9 20 3 10 99 11 124 29 79 3 9 29 18 18 22 77 3 10 176 11 49 29 96 2 1 172 4 81 2 5 75 21 220 2 17 139 22 64 2 6 83 14 85 2 8 240 9 286 2 14 36 30 82 3 3 71 9 11 30 47 2 10 61 16 42 3 10 325 12 82 17 152 2 6 47 14 115 2 11 34 18 11 2 10 110 12 24 2 8 73 9 123 2 13 102 26 112 3 15 64 20 115 25 100 2 11 82 19 23 3 15 75 20 79 25 133 2 11 80 27 278 2 1 49 4 120 2 1 250 21 230 3 3 106 18 185 20 226 3 10 85 11 177 29 158 1 22 41 2 5 32 30 30 2 14 40 28 6 3 18 48 23 138 28 334 2 11 66 19 23 3 5 28 17 42 24 23 3 19 31 25 184 26 139 3 3 79 4 18 26 30
36 2 1 11 6 54 2 14 110 30 75 3 1 181 2 74 15 221 2 1 13 6 15 3 3 94 6 162 25 214 3 1 126 2 197 15 45 2 1 136 4 174 2 5 143 21 111 2 17 172 22 99 3 1 115 2 137 15 169 3 10 135 11 184 29 132 2 6 63 14 56 3 10 263 12 46 17 74 2 1 43 4 83 3 3 28 9 21 30 31 2 10 80 12 115 3 1 19 7 6 9 20 2 8 64 9 270 2 11 188 27 151 2 11 25 18 45 3 15 146 20 78 25 56 2 1 174 4 165 2 13 129 26 202 3 1 19 7 18 9 16 2 10 82 16 52 3 5 17 17 26 24 28 2 11 108 19 101 2 1 116 21 89 1 22 43 3 9 22 18 11 22 54 3 3 138 18 90 20 155 3 18 166 23 213 28 108 3 19 47 25 71 26 90 3 3 45 4 78 26 100 2 14 35 28 31 2 5 32 30 9
35 2 6 120 14 78 2 1 9 6 26 3 1 200 2 147 15 143 2 6 61 14 81 2 11 64 19 114 3 3 41 6 109 25 123 3 1 224 2 127 15 144 3 10 248 12 225 17 226 2 5 320 21 54 2 1 169 4 81 3 1 235 2 149 15 36 2 8 78 9 279 3 10 196 12 117 17 177 3 1 17 7 31 9 8 3 10 111 12 254 17 181 2 14 43 28 41 3 3 60 9 51 30 16 2 11 29 18 25 2 1 212 21 226 3 15 61 20 146 25 151 2 10 54 12 108 1 22 33 2 13 47 26 53 3 5 54 17 41 24 57 2 14 112 30 102 2 10 82 16 59 2 17 147 22 219 3 9 30 18 17 22 72 3 3 44 18 51 20 184 3 18 94 23 117 28 336 3 19 168 25 176 26 201 3 3 114 4 68 26 63 2 5 27 30 30 2 11 67 27 200 3 10 93 11 196 29 107
35 2 6 120 14 78 2 1 9 6 26 3 1 200 2 147 15 143 2 6 61 14 81 2 11 64 19 114 3 3 41 6 109 25 123 3 1 224 2 127 15 144 3 10 248 12 225 17 226 2 5 320 21 54 2 1 169 4 81 3 1 235 2 149 15 36 2 8 78 9 279 3 10 196 12 117 17 177 3 1 17 7 31 9 8 3 10 111 12 254 17 181 2 14 43 28 41 3 3 60 9 51 30 16 2 11 29 18 25 2 1 212 21 226 3 15 61 20 146 25 151 2 10 54 12 108 1 22 33 2 13 47 26 53 3 5 54 17 41 24 57 2 14 112 30 102 2 10 82 16 59 2 17 147 22 219 3 9 30 18 17 22 72 3 3 44 18 51 20 184 3 18 94 23 117 28 336 3 19 168 25 176 26 201 3 3 114 4 68 26 63 2 5 27 30 30 2 11 67 27 200 3 10 93 11 196 29 107
35 2 1 40 6 51 3 1 41 2 35 15 111 3 3 46 9 35 30 88 2 1 41 6 39 3 1 26 7 13 9 9 2 11 90 19 62 3 3 186 6 64 25 37 3 1 114 2 84 15 168 2 1 192 4 54 2 5 84 21 105 2 6 118 14 94 2 8 141 9 226 3 1 142 2 155 15 76 3 10 206 12 57 17 185 2 1 30 6 31 2 13 107 26 122 2 11 50 18 40 2 10 145 12 25 2 14 122 30 95 3 15 63 20 186 25 138 2 10 46 16 73 2 17 183 22 156 3 9 83 18 80 22 22 2 5 75 21 231 2 11 237 27 162 3 3 116 4 60 26 98 3 3 172 18 175 20 65 1 22 28 2 1 114 21 81 3 18 323 23 74 28 338 3 5 8 17 46 24 64 3 19 164 25 117 26 172 2 14 21 28 32 2 5 26 30 25 3 10 193 11 145 29 132
35 2 1 40 6 51 3 1 41 2 35 15 111 3 3 46 9 35 30 88 2 1 41 6 39 3 1 26 7 13 9 9 2 11 90 19 62 3 3 186 6 64 25 37 3 1 114 2 84 15 168 2 1 192 4 54 2 5 84 21 105 2 6 118 14 94 2 8 141 9 226 3 1 142 2 155 15 76 3 10 206 12 57 17 185 2 1 30 6 31 2 13 107 26 122 2 11 50 18 40 2 10 145 12 25 2 14 122 30 95 3 15 63 20 186 25 138 2 10 46 16 73 2 17 183 22 156 3 9 83 18 80 22 22 2 5 75 21 231 2 11 237 27 162 3 3 116 4 60 26 98 3 3 172 18 175 20 65 1 22 28 2 1 114 21 81 3 18 323 23 74 28 338 3 5 8 17 46 24 64 3 19 164 25 117 26 172 2 14 21 28 32 2 5 26 30 25 3 10 193 11 145 29 132
41 2 1 19 6 31 3 1 80 2 178 15 222 2 1 53 6 39 2 14 23 28 40 3 3 195 6 69 25 195 2 14 66 30 85 3 1 223 2 172 15 173 3 1 25 7 30 9 16 3 10 38 11 46 29 191 3 9 26 18 9 22 62 3 10 41 11 44 29 26 2 1 144 4 99 2 5 115 21 189 2 17 95 22 123 2 6 22 14 101 2 8 241 9 93 2 14 43 30 125 3 3 12 9 35 30 68 2 10 33 16 12 3 10 280 12 163 17 212 2 6 52 14 61 2 11 26 18 22 2 10 59 12 21 2 8 36 9 308 2 13 166 26 168 3 15 93 20 52 25 44 2 11 57 19 39 3 15 32 20 96 25 152 2 11 201 27 211 2 1 193 4 70 2 1 282 21 194 3 3 188 18 222 20 192 3 10 128 11 71 29 120 1 22 53 2 5 10 30 24 2 14 41 28 42 3 18 293 23 54 28 225 2 11 35 19 37 3 5 17 17 39 24 44 3 19 115 25 85 26 207 3 3 117 4 91 26 21
36 2 8 97 9 127 2 1 7 6 26 3 10 153 12 221 17 144 3 1 195 2 73 15 62 3 3 189 6 114 25 53 2 8 54 9 289 3 3 82 9 15 30 56 3 5 38 17 15 24 61 2 8 57 9 57 3 15 93 20 170 25 111 2 1 38 4 88 3 3 24 9 15 30 50 2 5 75 21 122 2 6 96 14 14 3 1 23 7 10 9 15 3 3 28 4 118 26 43 2 11 32 18 55 1 22 15 2 10 92 12 20 2 13 149 26 28 2 14 43 30 19 2 10 73 16 68 3 19 143 25 182 26 78 2 17 174 22 257 3 5 49 17 34 24 28 3 9 44 18 25 22 61 2 11 33 19 29 3 3 180 18 186 20 37 2 1 267 21 200 3 18 124 23 51 28 153 2 8 279 9 201 2 11 286 27 224 3 18 278 23 88 28 117 2 5 27 30 31 2 14 21 28 21 3 10 65 11 199 29 181
36 2 8 97 9 127 2 1 7 6 26 3 10 153 12 221 17 144 3 1 195 2 73 15 62 3 3 189 6 114 25 53 2 8 54 9 289 3 3 82 9 15 30 56 3 5 38 17 15 24 61 2 8 57 9 57 3 15 93 20 170 25 111 2 1 38 4 88 3 3 24 9 15 30 50 2 5 75 21 122 2 6 96 14 14 3 1 23 7 10 9 15 3 3 28 4 118 26 43 2 11 32 18 55 1 22 15 2 10 92 12 20 2 13 149 26 28 2 14 43 30 19 2 10 73 16 68 3 19 143 25 182 26 78 2 17 174 22 257 3 5 49 17 34 24 28 3 9 44 18 25 22 61 2 11 33 19 29 3 3 180 18 186 20 37 2 1 267 21 200 3 18 124 23 51 28 153 2 8 279 9 201 2 11 286 27 224 3 18 278 23 88 28 117 2 5 27 30 31 2 14 21 28 21 3 10 65 11 199 29 181
34 2 10 35 12 39 2 1 48 6 28 3 1 177 2 64 15 119 3 3 31 6 62 25 182 2 1 133 4 35 2 5 320 21 252 2 1 202 21 267 2 6 50 14 94 2 11 56 18 29 3 19 32 25 37 26 131 3 1 11 7 5 9 21 2 13 61 26 123 3 1 12 7 12 9 29 3 9 64 18 74 22 59 3 1 93 2 146 15 58 2 8 314 9 212 3 3 23 9 74 30 18 3 10 233 12 233 17 318 2 14 38 30 44 3 18 107 23 155 28 255 3 3 158 18 73 20 172 2 1 123 4 184 3 15 87 20 63 25 133 2 10 67 16 42 2 5 28 30 28 3 3 41 4 105 26 30 3 1 62 2 198 15 197 2 17 308 22 283 2 11 19 19 109 1 22 63 3 5 65 17 59 24 40 2 11 272 27 178 2 14 8 28 44 3 10 174 11 105 29 180
34 2 10 35 12 39 2 1 48 6 28 3 1 177 2 64 15 119 3 3 31 6 62 25 182 2 1 133 4 35 2 5 320 21 252 2 1 202 21 267 2 6 50 14 94 2 11 56 18 29 3 19 32 25 37 26 131 3 1 11 7 5 9 21 2 13 61 26 123 3 1 12 7 12 9 29 3 9 64 18 74 22 59 3 1 93 2 146 15 58 2 8 314 9 212 3 3 23 9 74 30 18 3 10 233 12 233 17 318 2 14 38 30 44 3 18 107 23 155 28 255 3 3 158 18 73 20 172 2 1 123 4 184 3 15 87 20 63 25 133 2 10 67 16 42 2 5 28 30 28 3 3 41 4 105 26 30 3 1 62 2 198 15 197 2 17 308 22 283 2 11 19 19 109 1 22 63 3 5 65 17 59 24 40 2 11 272 27 178 2 14 8 28 44 3 10 174 11 105 29 180
34 2 10 35 12 39 2 1 48 6 28 3 1 177 2 64 15 119 3 3 31 6 62 25 182 2 1 133 4 35 2 5 320 21 252 2 1 202 21 267 2 6 50 14 94 2 11 56 18 29 3 19 32 25 37 26 131 3 1 11 7 5 9 21 2 13 61 26 123 3 1 12 7 12 9 29 3 9 64 18 74 22 59 3 1 93 2 146 15 58 2 8 314 9 212 3 3 23 9 74 30 18 3 10 233 12 233 17 318 2 14 38 30 44 3 18 107 23 155 28 255 3 3 158 18 73 20 172 2 1 123 4 184 3 15 87 20 63 25 133 2 10 67 16 42 2 5 28 30 28 3 3 41 4 105 26 30 3 1 62 2 198 15 197 2 17 308 22 283 2 11 19 19 109 1 22 63 3 5 65 17 59 24 40 2 11 272 27 178 2 14 8 28 44 3 10 174 11 105 29 180
38 2 11 57 19 106 2 1 14 6 9 3 1 169 2 103 15 228 2 13 68 26 151 2 1 125 4 87 2 11 16 19 62 3 3 24 6 48 25 204 2 5 279 21 104 2 17 38 22 195 2 11 111 19 105 2 6 113 14 97 2 10 45 12 105 2 6 37 14 119 3 1 6 7 30 9 8 2 8 130 9 252 3 1 20 7 32 9 29 2 1 236 21 255 3 10 240 12 135 17 89 2 5 89 21 242 3 3 50 9 89 30 63 2 14 43 28 14 2 11 34 18 56 3 3 151 18 41 20 65 3 1 7 7 22 9 25 2 14 71 30 98 3 15 108 20 98 25 184 2 10 74 16 30 3 9 66 18 52 22 68 1 22 63 2 1 16 6 54 3 18 48 23 233 28 286 2 11 199 27 150 3 5 28 17 14 24 25 3 19 29 25 194 26 209 3 3 102 4 28 26 36 3 10 60 11 61 29 110 2 5 43 21 284 2 5 13 30 23
33 3 1 34 2 54 15 135 2 13 182 26 151 2 1 21 6 29 3 3 78 6 72 25 169 2 1 68 4 194 2 5 262 21 265 2 6 72 14 64 3 1 5 7 17 9 28 2 10 13 16 37 3 5 32 17 14 24 35 3 10 105 11 173 29 88 3 1 24 7 17 9 15 2 8 225 9 183 3 3 42 9 26 30 13 1 22 31 3 10 57 12 188 17 168 2 11 45 18 21 3 3 141 6 179 25 179 3 18 331 23 213 28 55 2 8 114 9 323 2 10 50 12 113 2 14 55 30 117 3 15 80 20 89 25 133 2 17 112 22 294 3 9 29 18 39 22 82 2 11 29 19 76 3 3 160 18 198 20 171 2 1 72 21 263 3 19 34 25 166 26 78 3 3 76 4 52 26 121 2 11 145 27 244 2 14 31 28 18 2 5 14 30 4
33 3 1 34 2 54 15 135 2 13 182 26 151 2 1 21 6 29 3 3 78 6 72 25 169 2 1 68 4 194 2 5 262 21 265 2 6 72 14 64 3 1 5 7 17 9 28 2 10 13 16 37 3 5 32 17 14 24 35 3 10 105 11 173 29 88 3 1 24 7 17 9 15 2 8 225 9 183 3 3 42 9 26 30 13 1 22 31 3 10 57 12 188 17 168 2 11 45 18 21 3 3 141 6 179 25 179 3 18 331 23 213 28 55 2 8 114 9 323 2 10 50 12 113 2 14 55 30 117 3 15 80 20 89 25 133 2 17 112 22 294 3 9 29 18 39 22 82 2 11 29 19 76 3 3 160 18 198 20 171 2 1 72 21 263 3 19 34 25 166 26 78 3 3 76 4 52 26 121 2 11 145 27 244 2 14 31 28 18 2 5 14 30 4
33 3 1 34 2 54 15 135 2 13 182 26 151 2 1 21 6 29 3 3 78 6 72 25 169 2 1 68 4 194 2 5 262 21 265 2 6 72 14 64 3 1 5 7 17 9 28 2 10 13 16 37 3 5 32 17 14 24 35 3 10 105 11 173 29 88 3 1 24 7 17 9 15 2 8 225 9 183 3 3 42 9 26 30 13 1 22 31 3 10 57 12 188 17 168 2 11 45 18 21 3 3 141 6 179 25 179 3 18 331 23 213 28 55 2 8 114 9 323 2 10 50 12 113 2 14 55 30 117 3 15 80 20 89 25 133 2 17 112 22 294 3 9 29 18 39 22 82 2 11 29 19 76 3 3 160 18 198 20 171 2 1 72 21 263 3 19 34 25 166 26 78 3 3 76 4 52 26 121 2 11 145 27 244 2 14 31 28 18 2 5 14 30 4
33 3 1 34 2 54 15 135 2 13 182 26 151 2 1 21 6 29 3 3 78 6 72 25 169 2 1 68 4 194 2 5 262 21 265 2 6 72 14 64 3 1 5 7 17 9 28 2 10 13 16 37 3 5 32 17 14 24 35 3 10 105 11 173 29 88 3 1 24 7 17 9 15 2 8 225 9 183 3 3 42 9 26 30 13 1 22 31 3 10 57 12 188 17 168 2 11 45 18 21 3 3 141 6 179 25 179 3 18 331 23 213 28 55 2 8 114 9 323 2 10 50 12 113 2 14 55 30 117 3 15 80 20 89 25 133 2 17 112 22 294 3 9 29 18 39 22 82 2 11 29 19 76 3 3 160 18 198 20 171 2 1 72 21 263 3 19 34 25 166 26 78 3 3 76 4 52 26 121 2 11 145 27 244 2 14 31 28 18 2 5 14 30 4
34 3 10 176 12 62 17 201 2 1 42 6 53 3 10 60 12 239 17 191 3 1 221 2 42 15 214 3 3 124 6 34 25 148 2 5 5 30 12 2 1 38 4 65 2 5 211 21 301 2 5 32 30 9 2 6 67 14 87 3 1 18 7 13 9 20 2 8 281 9 165 3 3 50 9 65 30 40 2 11 51 18 45 3 1 32 7 18 9 11 3 3 82 4 18 26 19 2 14 29 28 38 2 10 68 12 97 3 3 76 9 19 30 66 3 18 224 23 236 28 263 2 13 84 26 123 2 14 94 30 29 3 15 192 20 125 25 82 2 11 18 19 84 3 19 98 25 87 26 170 3 5 22 17 12 24 65 1 22 69 2 10 29 16 69 2 17 46 22 282 3 9 41 18 32 22 63 3 3 147 18 147 20 36 2 1 84 21 193 2 11 216 27 107 3 10 59 11 60 29 146
41 2 1 10 6 42 3 1 55 2 72 15 71 2 1 17 6 25 2 14 22 28 21 3 3 136 6 102 25 128 2 14 102 30 78 3 1 225 2 42 15 79 3 1 24 7 19 9 25 3 10 168 11 64 29 78 3 9 78 18 34 22 29 3 10 41 11 127 29 26 2 1 45 4 142 2 5 219 21 145 2 17 214 22 288 2 6 91 14 78 2 8 305 9 257 2 14 33 30 50 3 3 32 9 54 30 41 2 10 45 16 58 3 10 227 12 171 17 110 2 6 49 14 84 2 11 55 18 53 2 10 43 12 67 2 8 46 9 103 2 13 98 26 111 3 15 88 20 158 25 103 2 11 35 19 62 3 15 104 20 134 25 154 2 11 200 27 153 2 1 107 4 190 2 1 215 21 270 3 3 146 18 56 20 38 3 10 175 11 140 29 72 1 22 14 2 5 9 30 4 2 14 19 28 22 3 18 121 23 322 28 220 2 11 28 19 18 3 5 52 17 51 24 10 3 19 154 25 108 26 134 3 3 103 4 90 26 62
41 2 1 10 6 42 3 1 55 2 72 15 71 2 1 17 6 25 2 14 22 28 21 3 3 136 6 102 25 128 2 14 102 30 78 3 1 225 2 42 15 79 3 1 24 7 19 9 25 3 10 168 11 64 29 78 3 9 78 18 34 22 29 3 10 41 11 127 29 26 2 1 45 4 142 2 5 219 21 145 2 17 214 22 288 2 6 91 14 78 2 8 305 9 257 2 14 33 30 50 3 3 32 9 54 30 41 2 10 45 16 58 3 10 227 12 171 17 110 2 6 49 14 84 2 11 55 18 53 2 10 43 12 67 2 8 46 9 103 2 13 98 26 111 3 15 88 20 158 25 103 2 11 35 19 62 3 15 104 20 134 25 154 2 11 200 27 153 2 1 107 4 190 2 1 215 21 270 3 3 146 18 56 20 38 3 10 175 11 140 29 72 1 22 14 2 5 9 30 4 2 14 19 28 22 3 18 121 23 322 28 220 2 11 28 19 18 3 5 52 17 51 24 10 3 19 154 25 108 26 134 3 3 103 4 90 26 62
41 2 1 10 6 42 3 1 55 2 72 15 71 2 1 17 6 25 2 14 22 28 21 3 3 136 6 102 25 128 2 14 102 30 78 3 1 225 2 42 15 79 3 1 24 7 19 9 25 3 10 168 11 64 29 78 3 9 78 18 34 22 29 3 10 41 11 127 29 26 2 1 45 4 142 2 5 219 21 145 2 17 214 22 288 2 6 91 14 78 2 8 305 9 257 2 14 33 30 50 3 3 32 9 54 30 41 2 10 45 16 58 3 10 227 12 171 17 110 2 6 49 14 84 2 11 55 18 53 2 10 43 12 67 2 8 46 9 103 2 13 98 26 111 3 15 88 20 158 25 103 2 11 35 19 62 3 15 104 20 134 25 154 2 11 200 27 153 2 1 107 4 190 2 1 215 21 270 3 3 146 18 56 20 38 3 10 175 11 140 29 72 1 22 14 2 5 9 30 4 2 14 19 28 22 3 18 121 23 322 28 220 2 11 28 19 18 3 5 52 17 51 24 10 3 19 154 25 108 26 134 3 3 103 4 90 26 62
41 2 1 10 6 42 3 1 55 2 72 15 71 2 1 17 6 25 2 14 22 28 21 3 3 136 6 102 25 128 2 14 102 30 78 3 1 225 2 42 15 79 3 1 24 7 19 9 25 3 10 168 11 64 29 78 3 9 78 18 34 22 29 3 10 41 11 127 29 26 2 1 45 4 142 2 5 219 21 145 2 17 214 22 288 2 6 91 14 78 2 8 305 9 257 2 14 33 30 50 3 3 32 9 54 30 41 2 10 45 16 58 3 10 227 12 171 17 110 2 6 49 14 84 2 11 55 18 53 2 10 43 12 67 2 8 46 9 103 2 13 98 26 111 3 15 88 20 158 25 103 2 11 35 19 62 3 15 104 20 134 25 154 2 11 200 27 153 2 1 107 4 190 2 1 215 21 270 3 3 146 18 56 20 38 3 10 175 11 140 29 72 1 22 14 2 5 9 30 4 2 14 19 28 22 3 18 121 23 322 28 220 2 11 28 19 18 3 5 52 17 51 24 10 3 19 154 25 108 26 134 3 3 103 4 90 26 62
36 2 1 48 6 39 3 1 39 2 103 15 164 3 15 30 20 98 25 27 3 3 44 6 107 25 50 2 1 195 4 63 2 5 127 21 282 2 6 111 14 24 3 3 61 9 14 30 39 2 5 314 21 308 3 1 14 7 7 9 24 2 11 32 18 24 2 8 77 9 323 3 10 152 12 153 17 330 2 10 16 12 85 2 1 76 4 66 2 14 36 28 35 2 13 121 26 71 2 14 86 30 31 2 10 33 16 23 2 14 94 30 24 1 22 50 3 9 42 18 30 22 43 3 10 82 11 157 29 114 3 19 28 25 60 26 210 2 17 121 22 188 2 11 80 19 60 2 11 236 27 228 3 3 122 18 46 20 198 2 8 250 9 64 2 1 54 21 217 3 18 165 23 208 28 41 2 1 111 21 97 3 3 104 4 84 26 63 3 5 26 17 35 24 39 3 3 141 6 42 25 180 2 5 30 30 26
37 2 1 46 6 37 3 1 126 2 109 15 119 2 1 15 6 36 3 3 164 18 121 20 132 2 13 114 26 158 3 1 155 2 194 15 206 3 3 181 6 147 25 185 2 1 47 6 42 2 1 105 4 43 2 5 236 21 251 2 6 19 14 63 2 5 10 30 23 2 13 102 26 139 3 1 6 7 10 9 26 2 8 161 9 208 3 3 33 9 42 30 68 2 17 171 22 123 3 10 141 12 270 17 248 2 1 28 6 12 2 1 282 21 179 1 22 56 3 3 13 4 43 26 31 2 11 61 18 20 2 10 104 12 26 2 14 110 30 43 3 15 138 20 144 25 56 2 10 82 16 65 3 10 147 11 23 29 147 3 19 127 25 98 26 43 3 9 30 18 79 22 69 2 11 76 19 78 2 11 128 27 52 3 1 27 2 75 15 85 3 18 247 23 309 28 165 3 5 26 17 54 24 33 3 3 59 9 69 30 29 2 14 42 28 34
37 2 17 213 22 55 2 1 53 6 23 3 1 152 2 190 15 217 2 17 305 22 229 3 10 160 12 283 17 320 3 3 216 18 138 20 25 3 3 189 6 116 25 80 3 19 113 25 137 26 64 3 1 24 7 11 9 4 2 11 12 18 36 3 3 63 4 106 26 64 2 1 67 4 201 2 5 191 21 208 2 17 248 22 104 2 6 105 14 27 3 10 46 11 175 29 45 2 8 270 9 203 2 5 118 21 248 3 3 84 9 29 30 41 2 1 19 6 42 2 10 33 12 140 2 13 35 26 29 2 14 47 30 77 3 15 56 20 136 25 22 2 1 47 6 34 2 10 22 16 11 3 9 66 18 15 22 10 2 11 108 19 46 2 1 126 21 249 1 22 61 2 14 19 28 44 2 13 33 26 140 3 18 325 23 273 28 98 2 14 25 28 25 2 11 130 27 99 3 5 65 17 64 24 47 2 5 12 30 28
39 2 1 52 6 44 3 1 217 2 107 15 140 3 3 38 6 84 25 150 1 22 40 2 1 122 4 105 3 1 118 2 201 15 222 3 3 121 4 85 26 116 2 5 92 21 190 3 15 81 20 190 25 76 3 1 32 7 10 9 24 2 1 13 6 39 3 18 115 23 230 28 226 3 3 218 6 196 25 197 2 14 15 28 15 1 22 56 2 6 69 14 52 3 3 139 18 68 20 192 2 8 307 9 37 3 3 92 9 13 30 66 3 3 37 18 84 20 130 3 9 21 18 34 22 79 2 10 51 12 91 3 10 308 12 133 17 220 3 19 126 25 200 26 126 2 8 96 9 103 2 11 56 18 25 2 13 92 26 82 3 5 18 17 27 24 53 2 14 24 30 80 3 10 24 11 144 29 131 2 10 12 16 11 3 10 288 12 171 17 284 2 11 209 27 185 2 17 174 22 49 2 11 83 19 92 2 17 50 22 91 2 1 173 21 102 2 17 211 22 230 2 5 14 30 21
39 2 1 52 6 44 3 1 217 2 107 15 140 3 3 38 6 84 25 150 1 22 40 2 1 122 4 105 3 1 118 2 201 15 222 3 3 121 4 85 26 116 2 5 92 21 190 3 15 81 20 190 25 76 3 1 32 7 10 9 24 2 1 13 6 39 3 18 115 23 230 28 226 3 3 218 6 196 25 197 2 14 15 28 15 1 22 56 2 6 69 14 52 3 3 139 18 68 20 192 2 8 307 9 37 3 3 92 9 13 30 66 3 3 37 18 84 20 130 3 9 21 18 34 22 79 2 10 51 12 91 3 10 308 12 133 17 220 3 19 126 25 200 26 126 2 8 96 9 103 2 11 56 18 25 2 13 92 26 82 3 5 18 17 27 24 53 2 14 24 30 80 3 10 24 11 144 29 131 2 10 12 16 11 3 10 288 12 171 17 284 2 11 209 27 185 2 17 174 22 49 2 11 83 19 92 2 17 50 22 91 2 1 173 21 102 2 17 211 22 230 2 5 14 30 21
39 2 1 52 6 44 3 1 217 2 107 15 140 3 3 38 6 84 25 150 1 22 40 2 1 122 4 105 3 1 118 2 201 15 222 3 3 121 4 85 26 116 2 5 92 21 190 3 15 81 20 190 25 76 3 1 32 7 10 9 24 2 1 13 6 39 3 18 115 23 230 28 226 3 3 218 6 196 25 197 2 14 15 28 15 1 22 56 2 6 69 14 52 3 3 139 18 68 20 192 2 8 307 9 37 3 3 92 9 13 30 66 3 3 37 18 84 20 130 3 9 21 18 34 22 79 2 10 51 12 91 3 10 308 12 133 17 220 3 19 126 25 200 26 126 2 8 96 9 103 2 11 56 18 25 2 13 92 26 82 3 5 18 17 27 24 53 2 14 24 30 80 3 10 24 11 144 29 131 2 10 12 16 11 3 10 288 12 171 17 284 2 11 209 27 185 2 17 174 22 49 2 11 83 19 92 2 17 50 22 91 2 1 173 21 102 2 17 211 22 230 2 5 14 30 21
33 2 1 20 6 37 3 9 51 18 80 22 55 3 1 44 2 68 15 162 2 17 246 22 94 3 3 182 6 139 25 212 3 1 153 2 142 15 211 2 1 147 4 173 2 5 236 21 200 2 14 28 28 31 2 6 117 14 122 3 1 4 7 12 9 4 2 8 301 9 127 2 14 20 30 120 3 3 67 9 39 30 56 3 10 97 12 314 17 102 2 11 51 27 107 2 11 56 18 39 2 10 66 12 130 2 13 88 26 171 2 8 55 9 168 3 15 105 20 28 25 163 3 1 187 2 162 15 114 2 10 55 16 62 2 11 46 19 56 3 19 63 25 83 26 119 3 3 143 18 67 20 55 2 1 202 21 119 3 10 24 11 170 29 156 1 22 31 3 3 19 4 82 26 82 3 18 209 23 96 28 256 2 5 33 30 26 3 5 28 17 32 24 27
36 2 1 53 6 26 2 14 70 30 88 3 1 200 2 85 15 141 2 1 53 6 15 3 3 32 6 182 25 117 3 1 57 2 153 15 127 2 1 108 4 49 2 5 38 21 296 2 17 267 22 72 3 1 142 2 154 15 128 3 10 70 11 43 29 189 2 6 95 14 114 3 10 261 12 222 17 63 2 1 186 4 35 3 3 72 9 28 30 47 2 10 95 12 31 3 1 12 7 22 9 5 2 8 245 9 307 2 11 206 27 48 2 11 8 18 62 3 15 96 20 46 25 71 2 1 33 4 54 2 13 139 26 180 3 1 26 7 9 9 23 2 10 68 16 74 3 5 17 17 50 24 44 2 11 50 19 82 2 1 262 21 192 1 22 74 3 9 71 18 27 22 56 3 3 187 18 200 20 49 3 18 182 23 54 28 272 3 19 168 25 205 26 178 3 3 25 4 36 26 116 2 14 21 28 14 2 5 7 30 30
36 2 1 10 6 44 3 1 124 2 130 15 158 3 15 69 20 191 25 98 3 3 201 6 214 25 129 2 1 111 4 148 2 5 298 21 56 2 6 96 14 39 3 3 40 9 55 30 15 2 5 167 21 267 3 1 23 7 11 9 17 2 11 38 18 19 2 8 148 9 250 3 10 196 12 305 17 219 2 10 119 12 145 2 1 23 4 53 2 14 41 28 42 2 13 57 26 103 2 14 88 30 105 2 10 10 16 27 2 14 26 30 53 1 22 46 3 9 73 18 25 22 75 3 10 131 11 30 29 32 3 19 36 25 153 26 116 2 17 112 22 264 2 11 98 19 59 2 11 156 27 141 3 3 77 18 100 20 102 2 8 191 9 246 2 1 271 21 170 3 18 317 23 160 28 116 2 1 163 21 167 3 3 94 4 106 26 106 3 5 19 17 30 24 23 3 3 42 6 89 25 203 2 5 28 30 12
38 2 11 111 19 113 2 1 7 6 35 3 1 89 2 100 15 132 2 13 53 26 150 2 1 183 4 169 2 11 38 19 38 3 3 148 6 57 25 131 2 5 132 21 274 2 17 272 22 109 2 11 35 19 28 2 6 19 14 72 2 10 93 12 98 2 6 45 14 85 3 1 13 7 17 9 13 2 8 53 9 112 3 1 21 7 7 9 30 2 1 155 21 209 3 10 235 12 118 17 194 2 5 91 21 301 3 3 13 9 36 30 55 2 14 35 28 17 2 11 46 18 47 3 3 141 18 216 20 104 3 1 16 7 5 9 24 2 14 61 30 111 3 15 159 20 111 25 165 2 10 67 16 65 3 9 29 18 79 22 49 1 22 58 2 1 17 6 41 3 18 289 23 307 28 314 2 11 202 27 56 3 5 39 17 51 24 41 3 19 107 25 134 26 169 3 3 27 4 82 26 82 3 10 178 11 132 29 89 2 5 121 21 206 2 5 16 30 25
37 2 17 176 22 323 2 1 14 6 12 3 1 80 2 161 15 107 2 17 269 22 179 3 10 138 12 242 17 307 3 3 133 18 25 20 93 3 3 71 6 126 25 145 3 19 199 25 74 26 211 3 1 20 7 22 9 19 2 11 64 18 44 3 3 51 4 47 26 85 2 1 40 4 45 2 5 168 21 73 2 17 163 22 282 2 6 61 14 54 3 10 29 11 112 29 170 2 8 78 9 319 2 5 147 21 220 3 3 62 9 28 30 49 2 1 6 6 37 2 10 90 12 82 2 13 129 26 137 2 14 36 30 127 3 15 197 20 37 25 59 2 1 54 6 21 2 10 47 16 37 3 9 72 18 25 22 47 2 11 28 19 42 2 1 92 21 37 1 22 28 2 14 31 28 44 2 13 90 26 113 3 18 54 23 334 28 39 2 14 34 28 14 2 11 34 27 193 3 5 42 17 60 24 66 2 5 20 30 17
35 2 1 49 6 18 3 1 162 2 190 15 202 3 3 51 9 31 30 67 2 1 46 6 13 3 1 22 7 25 9 8 2 11 22 19 27 3 3 93 6 125 25 140 3 1 82 2 27 15 100 2 1 162 4 55 2 5 172 21 177 2 6 119 14 80 2 8 237 9 40 3 1 93 2 117 15 132 3 10 54 12 100 17 104 2 1 40 6 27 2 13 37 26 208 2 11 18 18 10 2 10 115 12 66 2 14 59 30 89 3 15 114 20 37 25 87 2 10 21 16 28 2 17 176 22 68 3 9 38 18 75 22 40 2 5 225 21 81 2 11 250 27 199 3 3 69 4 105 26 33 3 3 182 18 89 20 52 1 22 12 2 1 122 21 237 3 18 178 23 262 28 284 3 5 60 17 46 24 51 3 19 131 25 108 26 46 2 14 21 28 5 2 5 12 30 30 3 10 132 11 76 29 146
35 2 17 245 22 166 2 1 27 6 12 3 1 192 2 183 15 190 2 13 220 26 73 2 11 57 18 63 3 9 42 18 61 22 37 3 3 136 6 87 25 149 2 1 76 4 120 1 22 24 2 1 28 6 49 2 5 116 21 167 2 14 34 28 21 2 11 51 27 44 2 5 34 30 7 2 6 114 14 63 3 3 35 9 84 30 77 3 1 4 7 14 9 8 2 5 62 21 172 3 3 74 4 18 26 102 2 8 272 9 293 3 10 329 12 82 17 165 3 1 16 7 15 9 23 2 1 55 21 272 2 10 79 16 36 2 10 61 12 79 2 10 62 16 68 2 14 112 30 33 3 15 178 20 94 25 193 2 11 46 19 73 3 18 141 23 261 28 189 2 11 119 27 55 3 3 204 18 97 20 163 3 5 32 17 52 24 55 3 19 178 25 28 26 142 3 10 32 11 200 29 108
35 2 17 245 22 166 2 1 27 6 12 3 1 192 2 183 15 190 2 13 220 26 73 2 11 57 18 63 3 9 42 18 61 22 37 3 3 136 6 87 25 149 2 1 76 4 120 1 22 24 2 1 28 6 49 2 5 116 21 167 2 14 34 28 21 2 11 51 27 44 2 5 34 30 7 2 6 114 14 63 3 3 35 9 84 30 77 3 1 4 7 14 9 8 2 5 62 21 172 3 3 74 4 18 26 102 2 8 272 9 293 3 10 329 12 82 17 165 3 1 16 7 15 9 23 2 1 55 21 272 2 10 79 16 36 2 10 61 12 79 2 10 62 16 68 2 14 112 30 33 3 15 178 20 94 25 193 2 11 46 19 73 3 18 141 23 261 28 189 2 11 119 27 55 3 3 204 18 97 20 163 3 5 32 17 52 24 55 3 19 178 25 28 26 142 3 10 32 11 200 29 108
35 2 17 245 22 166 2 1 27 6 12 3 1 192 2 183 15 190 2 13 220 26 73 2 11 57 18 63 3 9 42 18 61 22 37 3 3 136 6 87 25 149 2 1 76 4 120 1 22 24 2 1 28 6 49 2 5 116 21 167 2 14 34 28 21 2 11 51 27 44 2 5 34 30 7 2 6 114 14 63 3 3 35 9 84 30 77 3 1 4 7 14 9 8 2 5 62 21 172 3 3 74 4 18 26 102 2 8 272 9 293 3 10 329 12 82 17 165 3 1 16 7 15 9 23 2 1 55 21 272 2 10 79 16 36 2 10 61 12 79 2 10 62 16 68 2 14 112 30 33 3 15 178 20 94 25 193 2 11 46 19 73 3 18 141 23 261 28 189 2 11 119 27 55 3 3 204 18 97 20 163 3 5 32 17 52 24 55 3 19 178 25 28 26 142 3 10 32 11 200 29 108
33 3 1 169 2 138 15 142 2 13 122 26 229 2 1 22 6 43 3 3 126 6 90 25 158 2 1 24 4 94 2 5 45 21 80 2 6 22 14 92 3 1 30 7 6 9 15 2 10 42 16 63 3 5 25 17 55 24 64 3 10 40 11 129 29 48 3 1 31 7 7 9 31 2 8 314 9 60 3 3 19 9 29 30 65 1 22 77 3 10 306 12 310 17 110 2 11 39 18 45 3 3 216 6 52 25 172 3 18 94 23 40 28 233 2 8 109 9 317 2 10 56 12 87 2 14 25 30 19 3 15 33 20 46 25 86 2 17 202 22 198 3 9 61 18 26 22 42 2 11 71 19 50 3 3 176 18 116 20 143 2 1 54 21 190 3 19 39 25 153 26 99 3 3 57 4 102 26 87 2 11 243 27 136 2 14 40 28 10 2 5 26 30 18
33 2 1 32 6 51 3 9 24 18 67 22 55 3 1 109 2 233 15 228 2 17 53 22 45 3 3 101 6 25 25 148 3 1 130 2 211 15 214 2 1 129 4 198 2 5 244 21 82 2 14 17 28 35 2 6 47 14 82 3 1 6 7 28 9 9 2 8 117 9 39 2 14 116 30 41 3 3 61 9 15 30 34 3 10 100 12 294 17 130 2 11 67 27 283 2 11 52 18 29 2 10 89 12 37 2 13 156 26 105 2 8 46 9 160 3 15 181 20 35 25 85 3 1 114 2 27 15 83 2 10 70 16 71 2 11 107 19 99 3 19 177 25 182 26 102 3 3 95 18 174 20 92 2 1 75 21 173 3 10 122 11 141 29 64 1 22 24 3 3 120 4 38 26 91 3 18 275 23 260 28 267 2 5 7 30 32 3 5 34 17 42 24 43
35 2 6 44 14 117 2 1 8 6 22 3 1 132 2 112 15 209 2 6 28 14 27 2 11 106 19 85 3 3 53 6 188 25 119 3 1 119 2 206 15 70 3 10 202 12 136 17 193 2 5 97 21 238 2 1 139 4 113 3 1 199 2 136 15 139 2 8 248 9 113 3 10 244 12 39 17 110 3 1 25 7 6 9 7 3 10 267 12 195 17 203 2 14 12 28 39 3 3 38 9 64 30 25 2 11 39 18 14 2 1 237 21 267 3 15 46 20 192 25 50 2 10 27 12 137 1 22 25 2 13 98 26 154 3 5 66 17 53 24 28 2 14 106 30 115 2 10 67 16 69 2 17 226 22 48 3 9 84 18 55 22 54 3 3 96 18 64 20 142 3 18 266 23 164 28 206 3 19 174 25 105 26 201 3 3 48 4 84 26 63 2 5 13 30 33 2 11 79 27 160 3 10 174 11 80 29 147
36 2 1 14 6 53 2 14 28 30 36 3 1 75 2 95 15 184 2 1 20 6 8 3 3 120 6 180 25 210 3 1 77 2 81 15 86 2 1 133 4 103 2 5 275 21 305 2 17 274 22 211 3 1 30 2 72 15 79 3 10 27 11 180 29 115 2 6 31 14 113 3 10 141 12 289 17 225 2 1 63 4 104 3 3 32 9 70 30 81 2 10 24 12 135 3 1 22 7 9 9 30 2 8 146 9 291 2 11 40 27 48 2 11 40 18 65 3 15 167 20 182 25 96 2 1 140 4 94 2 13 57 26 68 3 1 31 7 21 9 15 2 10 63 16 23 3 5 59 17 41 24 34 2 11 95 19 72 2 1 228 21 281 1 22 22 3 9 49 18 69 22 29 3 3 43 18 142 20 129 3 18 311 23 344 28 77 3 19 195 25 196 26 197 3 3 22 4 33 26 54 2 14 6 28 37 2 5 31 30 9
35 2 17 133 22 192 2 1 50 6 51 3 1 187 2 133 15 136 2 13 195 26 210 2 11 30 18 35 3 9 74 18 12 22 63 3 3 96 6 144 25 119 2 1 46 4 87 1 22 18 2 1 6 6 13 2 5 64 21 276 2 14 11 28 19 2 11 79 27 98 2 5 21 30 33 2 6 67 14 36 3 3 68 9 84 30 47 3 1 4 7 24 9 5 2 5 103 21 313 3 3 53 4 106 26 70 2 8 215 9 225 3 10 206 12 55 17 142 3 1 24 7 22 9 8 2 1 36 21 164 2 10 24 16 79 2 10 54 12 130 2 10 69 16 21 2 14 80 30 35 3 15 138 20 31 25 58 2 11 18 19 43 3 18 111 23 322 28 139 2 11 127 27 236 3 3 116 18 122 20 210 3 5 48 17 19 24 27 3 19 173 25 192 26 45 3 10 25 11 200 29 107
35 2 17 133 22 192 2 1 50 6 51 3 1 187 2 133 15 136 2 13 195 26 210 2 11 30 18 35 3 9 74 18 12 22 63 3 3 96 6 144 25 119 2 1 46 4 87 1 22 18 2 1 6 6 13 2 5 64 21 276 2 14 11 28 19 2 11 79 27 98 2 5 21 30 33 2 6 67 14 36 3 3 68 9 84 30 47 3 1 4 7 24 9 5 2 5 103 21 313 3 3 53 4 106 26 70 2 8 215 9 225 3 10 206 12 55 17 142 3 1 24 7 22 9 8 2 1 36 21 164 2 10 24 16 79 2 10 54 12 130 2 10 69 16 21 2 14 80 30 35 3 15 138 20 31 25 58 2 11 18 19 43 3 18 111 23 322 28 139 2 11 127 27 236 3 3 116 18 122 20 210 3 5 48 17 19 24 27 3 19 173 25 192 26 45 3 10 25 11 200 29 107
35 2 17 83 22 310 2 1 24 6 35 3 1 69 2 196 15 123 2 13 191 26 118 2 11 21 18 46 3 9 40 18 52 22 77 3 3 65 6 69 25 105 2 1 136 4 94 1 22 58 2 1 21 6 40 2 5 274 21 127 2 14 8 28 11 2 11 57 27 144 2 5 13 30 16 2 6 117 14 94 3 3 33 9 84 30 48 3 1 21 7 29 9 6 2 5 105 21 198 3 3 33 4 116 26 116 2 8 265 9 251 3 10 175 12 71 17 180 3 1 6 7 5 9 32 2 1 171 21 271 2 10 62 16 25 2 10 85 12 109 2 10 19 16 35 2 14 29 30 20 3 15 177 20 134 25 26 2 11 95 19 34 3 18 189 23 71 28 88 2 11 277 27 217 3 3 154 18 44 20 94 3 5 52 17 29 24 40 3 19 125 25 49 26 78 3 10 124 11 43 29 48
35 2 17 83 22 310 2 1 24 6 35 3 1 69 2 196 15 123 2 13 191 26 118 2 11 21 18 46 3 9 40 18 52 22 77 3 3 65 6 69 25 105 2 1 136 4 94 1 22 58 2 1 21 6 40 2 5 274 21 127 2 14 8 28 11 2 11 57 27 144 2 5 13 30 16 2 6 117 14 94 3 3 33 9 84 30 48 3 1 21 7 29 9 6 2 5 105 21 198 3 3 33 4 116 26 116 2 8 265 9 251 3 10 175 12 71 17 180 3 1 6 7 5 9 32 2 1 171 21 271 2 10 62 16 25 2 10 85 12 109 2 10 19 16 35 2 14 29 30 20 3 15 177 20 134 25 26 2 11 95 19 34 3 18 189 23 71 28 88 2 11 277 27 217 3 3 154 18 44 20 94 3 5 52 17 29 24 40 3 19 125 25 49 26 78 3 10 124 11 43 29 48
39 2 1 19 6 10 3 1 108 2 29 15 31 3 3 109 6 210 25 169 1 22 32 2 1 67 4 161 3 1 27 2 145 15 99 3 3 63 4 17 26 62 2 5 240 21 257 3 15 197 20 177 25 163 3 1 10 7 15 9 26 2 1 46 6 55 3 18 186 23 191 28 189 3 3 59 6 73 25 127 2 14 17 28 35 1 22 9 2 6 36 14 65 3 3 182 18 167 20 179 2 8 290 9 273 3 3 35 9 63 30 65 3 3 226 18 176 20 180 3 9 18 18 38 22 21 2 10 121 12 110 3 10 80 12 177 17 293 3 19 196 25 87 26 148 2 8 275 9 276 2 11 7 18 57 2 13 110 26 190 3 5 17 17 32 24 14 2 14 112 30 62 3 10 102 11 195 29 125 2 10 23 16 60 3 10 230 12 191 17 233 2 11 275 27 39 2 17 247 22 108 2 11 21 19 84 2 17 143 22 286 2 1 155 21 149 2 17 118 22 257 2 5 8 30 5
35 2 17 204 22 162 2 1 18 6 50 3 1 228 2 155 15 57 2 13 212 26 25 2 11 39 18 32 3 9 30 18 32 22 84 3 3 56 6 190 25 217 2 1 169 4 188 1 22 19 2 1 29 6 25 2 5 56 21 205 2 14 7 28 26 2 11 233 27 172 2 5 6 30 27 2 6 117 14 85 3 3 73 9 63 30 56 3 1 19 7 28 9 8 2 5 154 21 193 3 3 101 4 64 26 14 2 8 65 9 261 3 10 46 12 224 17 218 3 1 27 7 19 9 25 2 1 105 21 112 2 10 63 16 27 2 10 65 12 109 2 10 70 16 14 2 14 90 30 106 3 15 104 20 57 25 90 2 11 25 19 34 3 18 111 23 117 28 183 2 11 125 27 285 3 3 192 18 105 20 222 3 5 63 17 46 24 16 3 19 53 25 53 26 187 3 10 185 11 118 29 165
40 3 3 170 18 48 20 171 2 1 28 6 30 3 1 59 2 147 15 87 2 1 46 6 41 3 3 103 6 180 25 152 2 14 41 28 32 2 1 35 6 29 2 1 94 4 38 3 5 55 17 17 24 48 3 3 71 6 46 25 149 2 5 104 21 250 2 6 114 14 69 3 1 10 7 9 9 14 2 8 310 9 222 2 1 97 4 29 3 3 91 9 73 30 31 3 15 118 20 27 25 41 2 6 18 14 26 2 11 91 19 94 3 10 201 12 250 17 95 2 1 55 4 54 2 10 53 12 106 2 11 43 18 9 3 10 74 11 102 29 164 3 1 29 7 11 9 23 2 14 120 30 42 2 11 41 18 24 2 13 75 26 165 2 10 27 16 65 2 17 306 22 90 2 5 247 21 222 3 9 27 18 17 22 82 2 1 45 21 138 1 22 74 3 18 169 23 274 28 103 2 1 71 4 93 3 19 81 25 78 26 98 2 5 18 30 24 2 11 219 27 249 3 3 74 4 45 26 33
DUE_DATES: 6532 6741 6741 5797 6613 6613 5969 5969 6870 5875 5875 6390 6390 6390 6220 5855 5855 5855 5855 5484 6685 6685 6685 6685 6148 6101 6494 6940 6940 6940 5816 6140 6681 6371 6004 5449 5854 5854 5854 5324 5549 6428 6207 5542 5542 5690 5690 7719 5852 6247
WEIGHTS: 2 2 2 1 2 2 3 2 1 1 3 2 2 1 1 2 1 1 1 3 2 2 1 2 1 2 1 2 2 1 1 2 2 1 1 1 2 3 1 2 3 1 2 2 1 1 3 1 1 1
