50 30
36 2 1 103 9 243 2 2 15 3 39 2 17 6 29 52 2 3 288 8 289 2 1 152 9 172 2 4 38 10 312 3 5 5 24 13 25 10 3 5 137 6 43 25 117 2 7 53 10 85 3 5 22 24 28 25 17 3 8 173 15 37 26 121 3 3 72 11 272 13 125 2 8 7 17 28 3 8 118 15 56 26 127 3 1 18 9 45 17 77 2 17 34 29 8 2 10 57 28 81 2 5 8 12 11 3 10 25 13 84 14 27 2 4 28 14 38 3 19 139 21 295 29 121 2 15 38 21 187 2 15 156 27 106 3 6 62 16 142 24 131 2 4 335 10 195 3 18 34 20 115 22 47 2 20 183 25 127 3 3 162 18 123 20 53 2 15 16 22 13 2 4 328 10 230 3 2 42 19 31 23 28 2 14 5 24 27 2 26 19 30 9 2 20 59 30 93 2 18 21 27 17 3 15 5 22 18 28 31
33 3 19 300 21 144 29 327 2 1 110 9 246 2 5 32 12 10 3 3 93 18 82 20 137 2 2 42 3 18 2 20 125 25 126 2 26 11 30 26 2 3 190 8 298 2 4 105 10 309 3 5 12 24 4 25 7 3 5 90 6 108 25 228 2 7 55 10 103 3 15 39 22 7 28 6 2 15 126 21 129 3 6 28 16 79 24 133 2 14 15 24 18 3 8 100 15 45 26 133 3 1 104 9 41 17 101 3 5 187 6 225 25 143 2 10 62 28 108 3 3 75 11 259 13 119 3 10 71 13 43 14 126 2 4 44 14 69 2 15 189 21 61 2 15 39 27 212 3 8 46 15 40 26 171 2 8 18 17 6 3 18 105 20 151 22 176 2 15 13 22 26 3 2 58 19 37 23 33 2 18 7 27 35 2 20 86 30 29 2 17 54 29 8
33 3 19 300 21 144 29 327 2 1 110 9 246 2 5 32 12 10 3 3 93 18 82 20 137 2 2 42 3 18 2 20 125 25 126 2 26 11 30 26 2 3 190 8 298 2 4 105 10 309 3 5 12 24 4 25 7 3 5 90 6 108 25 228 2 7 55 10 103 3 15 39 22 7 28 6 2 15 126 21 129 3 6 28 16 79 24 133 2 14 15 24 18 3 8 100 15 45 26 133 3 1 104 9 41 17 101 3 5 187 6 225 25 143 2 10 62 28 108 3 3 75 11 259 13 119 3 10 71 13 43 14 126 2 4 44 14 69 2 15 189 21 61 2 15 39 27 212 3 8 46 15 40 26 171 2 8 18 17 6 3 18 105 20 151 22 176 2 15 13 22 26 3 2 58 19 37 23 33 2 18 7 27 35 2 20 86 30 29 2 17 54 29 8
38 2 5 34 12 26 2 1 160 9 109 2 2 107 3 47 2 3 209 8 137 2 2 16 3 29 3 3 42 11 204 13 190 2 4 88 10 85 3 5 13 24 14 25 4 3 3 240 11 241 13 293 3 2 44 19 32 23 52 3 5 52 6 178 25 234 3 6 91 16 88 24 92 2 20 62 25 119 2 17 49 29 40 2 7 27 10 47 2 26 10 30 8 3 5 118 6 91 25 220 3 8 173 15 140 26 131 3 3 102 18 84 20 125 2 5 11 12 9 3 1 61 9 92 17 117 2 14 32 24 42 2 4 48 10 276 3 19 290 21 38 29 81 2 10 93 28 84 2 15 95 27 267 3 5 15 24 12 25 9 3 10 111 13 103 14 178 2 4 48 14 38 2 8 32 17 11 2 26 18 30 5 3 18 55 20 80 22 116 2 15 110 21 115 2 15 12 22 18 2 18 24 27 47 2 17 46 29 48 3 15 33 22 25 28 39 2 20 26 30 11
38 2 5 34 12 26 2 1 160 9 109 2 2 107 3 47 2 3 209 8 137 2 2 16 3 29 3 3 42 11 204 13 190 2 4 88 10 85 3 5 13 24 14 25 4 3 3 240 11 241 13 293 3 2 44 19 32 23 52 3 5 52 6 178 25 234 3 6 91 16 88 24 92 2 20 62 25 119 2 17 49 29 40 2 7 27 10 47 2 26 10 30 8 3 5 118 6 91 25 220 3 8 173 15 140 26 131 3 3 102 18 84 20 125 2 5 11 12 9 3 1 61 9 92 17 117 2 14 32 24 42 2 4 48 10 276 3 19 290 21 38 29 81 2 10 93 28 84 2 15 95 27 267 3 5 15 24 12 25 9 3 10 111 13 103 14 178 2 4 48 14 38 2 8 32 17 11 2 26 18 30 5 3 18 55 20 80 22 116 2 15 110 21 115 2 15 12 22 18 2 18 24 27 47 2 17 46 29 48 3 15 33 22 25 28 39 2 20 26 30 11
34 3 10 166 13 147 14 78 2 10 91 28 33 2 4 73 10 294 2 1 123 9 87 2 2 92 3 39 2 3 210 8 192 3 5 5 24 10 25 24 3 5 89 6 185 25 209 2 2 65 3 61 3 8 106 15 77 26 135 2 7 31 10 79 2 14 24 24 28 2 4 37 14 56 3 15 16 22 30 28 25 3 19 139 21 192 29 126 2 5 11 12 21 3 1 59 9 78 17 94 3 19 86 21 293 29 241 3 3 152 11 51 13 52 2 15 150 21 67 3 2 45 19 44 23 57 2 15 123 27 75 2 8 38 17 11 2 20 194 25 169 3 6 55 16 64 24 20 2 10 71 28 114 3 18 24 20 72 22 189 3 3 33 18 113 20 119 2 15 28 22 9 3 3 53 18 103 20 128 2 26 18 30 20 2 18 32 27 47 2 20 87 30 82 2 17 39 29 9
34 3 10 166 13 147 14 78 2 10 91 28 33 2 4 73 10 294 2 1 123 9 87 2 2 92 3 39 2 3 210 8 192 3 5 5 24 10 25 24 3 5 89 6 185 25 209 2 2 65 3 61 3 8 106 15 77 26 135 2 7 31 10 79 2 14 24 24 28 2 4 37 14 56 3 15 16 22 30 28 25 3 19 139 21 192 29 126 2 5 11 12 21 3 1 59 9 78 17 94 3 19 86 21 293 29 241 3 3 152 11 51 13 52 2 15 150 21 67 3 2 45 19 44 23 57 2 15 123 27 75 2 8 38 17 11 2 20 194 25 169 3 6 55 16 64 24 20 2 10 71 28 114 3 18 24 20 72 22 189 3 3 33 18 113 20 119 2 15 28 22 9 3 3 53 18 103 20 128 2 26 18 30 20 2 18 32 27 47 2 20 87 30 82 2 17 39 29 9
34 3 10 166 13 147 14 78 2 10 91 28 33 2 4 73 10 294 2 1 123 9 87 2 2 92 3 39 2 3 210 8 192 3 5 5 24 10 25 24 3 5 89 6 185 25 209 2 2 65 3 61 3 8 106 15 77 26 135 2 7 31 10 79 2 14 24 24 28 2 4 37 14 56 3 15 16 22 30 28 25 3 19 139 21 192 29 126 2 5 11 12 21 3 1 59 9 78 17 94 3 19 86 21 293 29 241 3 3 152 11 51 13 52 2 15 150 21 67 3 2 45 19 44 23 57 2 15 123 27 75 2 8 38 17 11 2 20 194 25 169 3 6 55 16 64 24 20 2 10 71 28 114 3 18 24 20 72 22 189 3 3 33 18 113 20 119 2 15 28 22 9 3 3 53 18 103 20 128 2 26 18 30 20 2 18 32 27 47 2 20 87 30 82 2 17 39 29 9
34 3 10 166 13 147 14 78 2 10 91 28 33 2 4 73 10 294 2 1 123 9 87 2 2 92 3 39 2 3 210 8 192 3 5 5 24 10 25 24 3 5 89 6 185 25 209 2 2 65 3 61 3 8 106 15 77 26 135 2 7 31 10 79 2 14 24 24 28 2 4 37 14 56 3 15 16 22 30 28 25 3 19 139 21 192 29 126 2 5 11 12 21 3 1 59 9 78 17 94 3 19 86 21 293 29 241 3 3 152 11 51 13 52 2 15 150 21 67 3 2 45 19 44 23 57 2 15 123 27 75 2 8 38 17 11 2 20 194 25 169 3 6 55 16 64 24 20 2 10 71 28 114 3 18 24 20 72 22 189 3 3 33 18 113 20 119 2 15 28 22 9 3 3 53 18 103 20 128 2 26 18 30 20 2 18 32 27 47 2 20 87 30 82 2 17 39 29 9
38 2 1 143 9 80 2 2 67 3 106 2 1 52 9 189 2 17 55 29 26 3 6 24 16 85 24 124 2 26 8 30 9 2 5 28 12 17 2 26 19 30 16 2 3 329 8 90 3 5 211 6 37 25 141 3 5 26 24 17 25 22 2 4 326 10 182 2 26 4 30 8 2 10 66 28 17 2 7 153 10 44 3 8 28 15 31 26 58 2 7 154 10 88 2 20 60 30 27 3 1 122 9 105 17 117 3 3 93 11 210 13 250 3 10 195 13 62 14 84 2 4 14 14 79 3 10 74 13 185 14 142 2 15 142 21 40 2 18 7 27 30 3 8 161 15 121 26 63 3 19 304 21 195 29 291 2 15 86 27 225 2 8 26 17 36 2 26 20 30 25 2 20 127 25 102 3 18 164 20 95 22 114 3 3 107 18 74 20 163 3 2 44 19 26 23 27 2 15 26 22 23 2 17 25 29 26 2 14 31 24 10 3 15 30 22 28 28 6
38 2 1 143 9 80 2 2 67 3 106 2 1 52 9 189 2 17 55 29 26 3 6 24 16 85 24 124 2 26 8 30 9 2 5 28 12 17 2 26 19 30 16 2 3 329 8 90 3 5 211 6 37 25 141 3 5 26 24 17 25 22 2 4 326 10 182 2 26 4 30 8 2 10 66 28 17 2 7 153 10 44 3 8 28 15 31 26 58 2 7 154 10 88 2 20 60 30 27 3 1 122 9 105 17 117 3 3 93 11 210 13 250 3 10 195 13 62 14 84 2 4 14 14 79 3 10 74 13 185 14 142 2 15 142 21 40 2 18 7 27 30 3 8 161 15 121 26 63 3 19 304 21 195 29 291 2 15 86 27 225 2 8 26 17 36 2 26 20 30 25 2 20 127 25 102 3 18 164 20 95 22 114 3 3 107 18 74 20 163 3 2 44 19 26 23 27 2 15 26 22 23 2 17 25 29 26 2 14 31 24 10 3 15 30 22 28 28 6
32 2 1 173 9 237 2 2 107 3 110 2 3 45 8 82 2 4 209 10 155 2 20 123 25 100 3 5 28 24 4 25 23 3 15 26 22 7 28 34 3 5 44 6 97 25 111 2 7 153 10 72 3 8 120 15 87 26 103 2 5 22 12 36 3 8 84 15 24 26 76 3 1 103 9 24 17 113 2 18 48 27 33 2 4 115 14 77 2 10 23 28 106 3 3 223 11 165 13 172 3 10 65 13 146 14 152 2 15 84 27 249 2 15 136 21 131 2 26 18 30 15 3 6 126 16 51 24 136 2 8 18 17 27 3 18 40 20 169 22 190 3 19 177 21 241 29 79 3 3 131 18 121 20 90 2 17 39 29 18 2 15 17 22 19 2 20 55 30 18 3 2 27 19 53 23 25 2 20 27 30 23 2 14 36 24 37
39 2 1 241 9 226 2 2 41 3 98 2 3 149 8 292 2 4 263 10 336 3 5 17 24 19 25 8 2 15 28 22 12 3 2 23 19 17 23 38 2 15 37 22 24 3 5 96 6 193 25 188 2 15 36 22 35 2 7 35 10 42 3 8 134 15 67 26 55 3 1 98 9 83 17 37 2 2 92 3 16 3 19 254 21 264 29 123 2 10 46 28 99 2 26 10 30 10 2 15 33 22 12 3 15 13 22 34 28 16 2 7 118 10 35 3 3 307 11 108 13 184 2 5 5 12 22 3 10 158 13 191 14 64 2 4 89 14 65 2 15 77 27 70 3 6 31 16 48 24 34 2 2 80 3 108 2 15 128 21 155 2 15 36 22 18 2 8 14 17 30 3 18 164 20 144 22 75 2 14 6 24 29 3 3 164 18 34 20 106 2 20 184 25 57 3 18 52 20 28 22 98 2 18 12 27 14 2 15 69 27 160 2 17 46 29 42 2 20 33 30 93
35 2 1 58 9 226 2 15 155 27 217 2 1 93 9 132 2 2 59 3 19 2 1 203 9 221 2 3 260 8 263 2 4 255 10 134 2 15 101 27 261 2 26 16 30 4 3 18 119 20 131 22 197 3 5 14 24 10 25 12 3 5 185 6 206 25 219 2 7 134 10 115 3 8 157 15 69 26 170 3 3 54 11 250 13 127 3 1 50 9 80 17 36 2 10 32 28 110 2 5 11 12 34 2 10 44 28 51 3 10 151 13 125 14 110 2 4 20 14 102 3 19 278 21 300 29 204 3 6 121 16 23 24 64 2 8 18 17 13 3 3 47 18 66 20 78 3 15 37 22 31 28 25 3 2 16 19 45 23 62 2 15 112 21 161 2 15 5 22 17 2 17 25 29 30 2 14 15 24 12 2 20 71 25 67 2 20 43 30 22 3 5 5 24 18 25 9 2 18 25 27 16
38 2 5 30 12 34 2 1 91 9 46 2 2 101 3 30 2 3 202 8 177 2 2 16 3 65 3 3 167 11 43 13 116 2 4 131 10 48 3 5 16 24 4 25 25 3 3 89 11 112 13 305 3 2 23 19 32 23 42 3 5 215 6 131 25 163 3 6 39 16 144 24 71 2 20 25 25 83 2 17 30 29 14 2 7 120 10 41 2 26 17 30 13 3 5 209 6 75 25 55 3 8 47 15 169 26 43 3 3 28 18 84 20 112 2 5 31 12 32 3 1 38 9 96 17 33 2 14 17 24 15 2 4 188 10 298 3 19 108 21 219 29 324 2 10 71 28 60 2 15 130 27 213 3 5 5 24 9 25 19 3 10 80 13 93 14 96 2 4 84 14 55 2 8 13 17 11 2 26 15 30 15 3 18 177 20 185 22 46 2 15 38 21 166 2 15 16 22 19 2 18 41 27 40 2 17 42 29 39 3 15 17 22 36 28 22 2 20 77 30 63
38 2 5 30 12 34 2 1 91 9 46 2 2 101 3 30 2 3 202 8 177 2 2 16 3 65 3 3 167 11 43 13 116 2 4 131 10 48 3 5 16 24 4 25 25 3 3 89 11 112 13 305 3 2 23 19 32 23 42 3 5 215 6 131 25 163 3 6 39 16 144 24 71 2 20 25 25 83 2 17 30 29 14 2 7 120 10 41 2 26 17 30 13 3 5 209 6 75 25 55 3 8 47 15 169 26 43 3 3 28 18 84 20 112 2 5 31 12 32 3 1 38 9 96 17 33 2 14 17 24 15 2 4 188 10 298 3 19 108 21 219 29 324 2 10 71 28 60 2 15 130 27 213 3 5 5 24 9 25 19 3 10 80 13 93 14 96 2 4 84 14 55 2 8 13 17 11 2 26 15 30 15 3 18 177 20 185 22 46 2 15 38 21 166 2 15 16 22 19 2 18 41 27 40 2 17 42 29 39 3 15 17 22 36 28 22 2 20 77 30 63
33 2 1 198 9 133 2 18 40 27 26 2 2 17 3 91 2 3 236 8 115 2 4 116 10 285 3 5 14 24 23 25 5 3 5 87 6 37 25 77 3 15 31 22 11 28 17 3 3 151 18 37 20 141 2 7 86 10 151 2 20 147 25 189 3 8 136 15 32 26 132 2 7 70 10 106 2 8 38 17 35 2 5 36 12 5 3 1 105 9 25 17 103 2 10 95 28 84 3 3 63 11 266 13 67 3 10 162 13 103 14 33 2 26 4 30 16 2 4 39 14 94 3 19 194 21 83 29 89 2 15 274 27 203 3 6 139 16 145 24 98 2 26 9 30 25 3 18 62 20 131 22 121 2 15 31 21 43 2 15 6 22 13 2 20 72 30 30 3 2 39 19 20 23 31 2 18 39 27 30 2 14 31 24 8 2 17 28 29 35
33 2 1 198 9 133 2 18 40 27 26 2 2 17 3 91 2 3 236 8 115 2 4 116 10 285 3 5 14 24 23 25 5 3 5 87 6 37 25 77 3 15 31 22 11 28 17 3 3 151 18 37 20 141 2 7 86 10 151 2 20 147 25 189 3 8 136 15 32 26 132 2 7 70 10 106 2 8 38 17 35 2 5 36 12 5 3 1 105 9 25 17 103 2 10 95 28 84 3 3 63 11 266 13 67 3 10 162 13 103 14 33 2 26 4 30 16 2 4 39 14 94 3 19 194 21 83 29 89 2 15 274 27 203 3 6 139 16 145 24 98 2 26 9 30 25 3 18 62 20 131 22 121 2 15 31 21 43 2 15 6 22 13 2 20 72 30 30 3 2 39 19 20 23 31 2 18 39 27 30 2 14 31 24 8 2 17 28 29 35
34 2 18 5 27 38 2 15 44 27 156 2 1 204 9 125 2 2 25 3 42 3 5 18 24 3 25 9 2 14 11 24 5 3 2 57 19 28 23 57 2 2 36 3 34 3 18 185 20 33 22 29 2 3 161 8 140 2 4 292 10 170 3 2 63 19 63 23 18 3 5 63 6 82 25 189 2 10 42 28 20 2 7 153 10 47 2 2 98 3 62 3 8 166 15 66 26 50 3 2 63 19 19 23 17 3 1 111 9 107 17 120 3 6 89 16 119 24 76 3 3 208 11 120 13 285 2 5 9 12 23 3 10 196 13 24 14 184 2 4 52 14 20 2 8 26 17 38 2 17 47 29 42 3 19 103 21 236 29 294 3 3 62 18 83 20 154 2 15 141 21 152 2 15 16 22 7 2 20 110 25 30 2 26 9 30 16 3 15 7 22 34 28 18 2 20 92 30 96
35 2 17 46 29 27 2 1 61 9 53 2 2 28 3 98 2 3 299 8 206 2 1 49 9 100 2 4 330 10 190 3 5 15 24 24 25 21 3 5 29 6 67 25 40 2 7 135 10 121 2 18 6 27 15 3 8 38 15 69 26 30 2 3 143 8 158 3 1 124 9 91 17 57 2 8 26 17 36 2 15 24 21 96 2 10 50 28 48 3 3 221 11 47 13 80 2 5 29 12 5 3 10 81 13 30 14 135 2 26 12 30 22 3 2 8 19 33 23 39 2 4 98 14 114 2 15 242 27 119 3 6 66 16 29 24 134 3 18 32 20 130 22 81 3 10 117 13 97 14 86 3 15 9 22 9 28 22 2 20 150 25 144 2 1 156 9 49 3 19 190 21 53 29 138 2 14 40 24 7 3 3 71 18 98 20 28 2 4 60 14 84 2 15 11 22 32 2 20 49 30 52
35 2 17 46 29 27 2 1 61 9 53 2 2 28 3 98 2 3 299 8 206 2 1 49 9 100 2 4 330 10 190 3 5 15 24 24 25 21 3 5 29 6 67 25 40 2 7 135 10 121 2 18 6 27 15 3 8 38 15 69 26 30 2 3 143 8 158 3 1 124 9 91 17 57 2 8 26 17 36 2 15 24 21 96 2 10 50 28 48 3 3 221 11 47 13 80 2 5 29 12 5 3 10 81 13 30 14 135 2 26 12 30 22 3 2 8 19 33 23 39 2 4 98 14 114 2 15 242 27 119 3 6 66 16 29 24 134 3 18 32 20 130 22 81 3 10 117 13 97 14 86 3 15 9 22 9 28 22 2 20 150 25 144 2 1 156 9 49 3 19 190 21 53 29 138 2 14 40 24 7 3 3 71 18 98 20 28 2 4 60 14 84 2 15 11 22 32 2 20 49 30 52
33 2 1 62 9 88 3 10 23 13 189 14 186 2 10 39 28 49 2 15 166 27 81 2 2 63 3 109 2 3 243 8 58 2 20 212 25 60 3 8 111 15 173 26 29 3 2 54 19 51 23 9 3 5 205 6 239 25 210 2 4 37 10 305 2 26 4 30 6 3 5 19 24 7 25 26 2 7 80 10 149 3 18 175 20 34 22 55 3 1 107 9 101 17 15 3 3 196 11 202 13 39 2 8 15 17 34 2 14 11 24 9 2 5 14 12 28 3 3 65 18 20 20 75 2 17 35 29 17 3 3 162 18 135 20 140 3 15 25 22 21 28 9 2 4 44 14 100 2 18 22 27 42 3 6 43 16 103 24 111 3 19 199 21 173 29 81 2 15 23 22 4 2 20 31 25 49 2 15 166 21 29 3 19 83 21 98 29 243 2 20 57 30 25
33 2 1 62 9 88 3 10 23 13 189 14 186 2 10 39 28 49 2 15 166 27 81 2 2 63 3 109 2 3 243 8 58 2 20 212 25 60 3 8 111 15 173 26 29 3 2 54 19 51 23 9 3 5 205 6 239 25 210 2 4 37 10 305 2 26 4 30 6 3 5 19 24 7 25 26 2 7 80 10 149 3 18 175 20 34 22 55 3 1 107 9 101 17 15 3 3 196 11 202 13 39 2 8 15 17 34 2 14 11 24 9 2 5 14 12 28 3 3 65 18 20 20 75 2 17 35 29 17 3 3 162 18 135 20 140 3 15 25 22 21 28 9 2 4 44 14 100 2 18 22 27 42 3 6 43 16 103 24 111 3 19 199 21 173 29 81 2 15 23 22 4 2 20 31 25 49 2 15 166 21 29 3 19 83 21 98 29 243 2 20 57 30 25
33 2 1 62 9 88 3 10 23 13 189 14 186 2 10 39 28 49 2 15 166 27 81 2 2 63 3 109 2 3 243 8 58 2 20 212 25 60 3 8 111 15 173 26 29 3 2 54 19 51 23 9 3 5 205 6 239 25 210 2 4 37 10 305 2 26 4 30 6 3 5 19 24 7 25 26 2 7 80 10 149 3 18 175 20 34 22 55 3 1 107 9 101 17 15 3 3 196 11 202 13 39 2 8 15 17 34 2 14 11 24 9 2 5 14 12 28 3 3 65 18 20 20 75 2 17 35 29 17 3 3 162 18 135 20 140 3 15 25 22 21 28 9 2 4 44 14 100 2 18 22 27 42 3 6 43 16 103 24 111 3 19 199 21 173 29 81 2 15 23 22 4 2 20 31 25 49 2 15 166 21 29 3 19 83 21 98 29 243 2 20 57 30 25
33 3 19 133 21 247 29 214 2 1 78 9 218 2 5 24 12 6 3 3 97 18 125 20 133 2 2 46 3 56 2 20 73 25 96 2 26 25 30 21 2 3 39 8 286 2 4 301 10 165 3 5 6 24 26 25 16 3 5 192 6 38 25 34 2 7 87 10 54 3 15 37 22 15 28 24 2 15 111 21 47 3 6 39 16 135 24 35 2 14 33 24 7 3 8 172 15 53 26 122 3 1 115 9 84 17 115 3 5 101 6 205 25 169 2 10 101 28 85 3 3 85 11 68 13 236 3 10 168 13 24 14 36 2 4 70 14 71 2 15 185 21 30 2 15 57 27 253 3 8 122 15 59 26 173 2 8 4 17 28 3 18 153 20 52 22 92 2 15 7 22 29 3 2 15 19 16 23 14 2 18 41 27 39 2 20 27 30 95 2 17 13 29 9
35 2 17 40 29 36 2 1 248 9 122 2 2 82 3 50 2 3 313 8 82 2 1 117 9 136 2 4 229 10 289 3 5 11 24 26 25 16 3 5 180 6 230 25 86 2 7 44 10 148 2 18 44 27 6 3 8 89 15 152 26 154 2 3 240 8 205 3 1 67 9 73 17 23 2 8 17 17 6 2 15 103 21 31 2 10 29 28 92 3 3 204 11 263 13 167 2 5 13 12 7 3 10 23 13 185 14 121 2 26 17 30 3 3 2 15 19 33 23 15 2 4 110 14 21 2 15 254 27 235 3 6 42 16 44 24 60 3 18 156 20 46 22 104 3 10 191 13 22 14 72 3 15 20 22 23 28 5 2 20 134 25 157 2 1 94 9 214 3 19 288 21 200 29 53 2 14 13 24 42 3 3 129 18 144 20 105 2 4 86 14 82 2 15 19 22 12 2 20 23 30 27
33 3 19 76 21 107 29 125 2 1 31 9 225 2 5 13 12 38 3 3 104 18 106 20 78 2 2 77 3 103 2 20 29 25 176 2 26 25 30 5 2 3 110 8 246 2 4 101 10 317 3 5 19 24 17 25 28 3 5 220 6 130 25 122 2 7 48 10 71 3 15 13 22 18 28 36 2 15 32 21 125 3 6 41 16 36 24 67 2 14 23 24 6 3 8 123 15 127 26 52 3 1 49 9 110 17 56 3 5 212 6 226 25 98 2 10 92 28 104 3 3 188 11 69 13 234 3 10 98 13 52 14 164 2 4 71 14 86 2 15 59 21 62 2 15 88 27 258 3 8 142 15 162 26 43 2 8 12 17 13 3 18 145 20 27 22 48 2 15 16 22 33 3 2 38 19 41 23 20 2 18 6 27 13 2 20 12 30 84 2 17 14 29 28
33 3 19 76 21 107 29 125 2 1 31 9 225 2 5 13 12 38 3 3 104 18 106 20 78 2 2 77 3 103 2 20 29 25 176 2 26 25 30 5 2 3 110 8 246 2 4 101 10 317 3 5 19 24 17 25 28 3 5 220 6 130 25 122 2 7 48 10 71 3 15 13 22 18 28 36 2 15 32 21 125 3 6 41 16 36 24 67 2 14 23 24 6 3 8 123 15 127 26 52 3 1 49 9 110 17 56 3 5 212 6 226 25 98 2 10 92 28 104 3 3 188 11 69 13 234 3 10 98 13 52 14 164 2 4 71 14 86 2 15 59 21 62 2 15 88 27 258 3 8 142 15 162 26 43 2 8 12 17 13 3 18 145 20 27 22 48 2 15 16 22 33 3 2 38 19 41 23 20 2 18 6 27 13 2 20 12 30 84 2 17 14 29 28
33 3 19 53 21 45 29 85 2 1 29 9 250 2 5 21 12 38 3 3 123 18 166 20 56 2 2 86 3 50 2 20 157 25 58 2 26 13 30 16 2 3 94 8 108 2 4 89 10 147 3 5 25 24 27 25 18 3 5 165 6 150 25 107 2 7 104 10 105 3 15 18 22 6 28 9 2 15 156 21 92 3 6 118 16 77 24 78 2 14 32 24 23 3 8 30 15 151 26 122 3 1 28 9 57 17 71 3 5 247 6 141 25 206 2 10 64 28 19 3 3 230 11 210 13 140 3 10 81 13 106 14 187 2 4 109 14 101 2 15 122 21 164 2 15 264 27 196 3 8 83 15 179 26 82 2 8 13 17 14 3 18 161 20 187 22 103 2 15 32 22 30 3 2 32 19 32 23 56 2 18 25 27 12 2 20 42 30 53 2 17 21 29 47
34 2 18 37 27 37 2 15 225 27 97 2 1 57 9 117 2 2 93 3 91 3 5 22 24 9 25 23 2 14 40 24 12 3 2 13 19 14 23 12 2 2 39 3 101 3 18 155 20 82 22 128 2 3 94 8 328 2 4 119 10 249 3 2 27 19 30 23 33 3 5 243 6 124 25 80 2 10 73 28 70 2 7 85 10 35 2 2 70 3 75 3 8 31 15 169 26 110 3 2 35 19 17 23 31 3 1 57 9 38 17 120 3 6 86 16 120 24 128 3 3 134 11 147 13 142 2 5 12 12 13 3 10 168 13 50 14 49 2 4 38 14 47 2 8 30 17 15 2 17 37 29 53 3 19 148 21 224 29 169 3 3 76 18 28 20 52 2 15 54 21 30 2 15 22 22 23 2 20 169 25 214 2 26 19 30 4 3 15 8 22 22 28 33 2 20 87 30 70
35 2 1 148 9 117 2 17 18 29 17 2 1 206 9 38 2 2 85 3 32 2 3 293 8 243 3 8 21 15 166 26 168 2 7 118 10 47 2 4 274 10 82 2 26 15 30 21 3 5 10 24 18 25 27 3 5 122 6 69 25 104 2 26 9 30 3 2 20 133 25 25 2 15 37 21 79 3 1 94 9 69 17 85 2 10 91 28 65 3 3 115 11 113 13 180 2 4 89 14 86 2 5 16 12 12 3 10 157 13 104 14 182 2 15 247 27 127 3 6 142 16 42 24 71 2 26 18 30 8 3 3 103 18 157 20 139 2 20 54 25 195 2 8 37 17 19 3 18 161 20 153 22 119 3 19 153 21 115 29 66 2 15 33 22 28 3 15 24 22 36 28 38 2 10 116 28 61 3 2 25 19 63 23 28 2 14 41 24 28 2 18 27 27 12 2 20 44 30 18
34 2 15 140 21 53 2 1 168 9 81 2 2 92 3 86 2 3 211 8 170 3 8 145 15 37 26 175 2 3 113 8 143 2 4 252 10 150 2 14 15 24 19 3 10 77 13 182 14 40 3 5 10 24 12 25 7 2 20 192 25 195 2 8 12 17 24 3 5 67 6 79 25 211 3 3 75 11 289 13 303 2 7 52 10 28 2 14 30 24 41 3 1 24 9 106 17 16 3 8 20 15 68 26 64 2 10 106 28 79 2 5 24 12 6 2 4 55 14 80 2 15 243 27 198 3 18 132 20 79 22 140 2 20 60 30 95 3 6 71 16 138 24 81 3 15 15 22 31 28 10 3 2 51 19 27 23 49 3 19 268 21 257 29 58 2 26 25 30 9 3 3 64 18 25 20 100 2 15 10 22 35 2 18 21 27 5 2 7 66 10 74 2 17 20 29 40
34 2 15 140 21 53 2 1 168 9 81 2 2 92 3 86 2 3 211 8 170 3 8 145 15 37 26 175 2 3 113 8 143 2 4 252 10 150 2 14 15 24 19 3 10 77 13 182 14 40 3 5 10 24 12 25 7 2 20 192 25 195 2 8 12 17 24 3 5 67 6 79 25 211 3 3 75 11 289 13 303 2 7 52 10 28 2 14 30 24 41 3 1 24 9 106 17 16 3 8 20 15 68 26 64 2 10 106 28 79 2 5 24 12 6 2 4 55 14 80 2 15 243 27 198 3 18 132 20 79 22 140 2 20 60 30 95 3 6 71 16 138 24 81 3 15 15 22 31 28 10 3 2 51 19 27 23 49 3 19 268 21 257 29 58 2 26 25 30 9 3 3 64 18 25 20 100 2 15 10 22 35 2 18 21 27 5 2 7 66 10 74 2 17 20 29 40
34 3 10 122 13 179 14 48 2 10 88 28 100 2 4 152 10 335 2 1 196 9 47 2 2 42 3 41 2 3 80 8 161 3 5 12 24 23 25 22 3 5 51 6 63 25 179 2 2 109 3 53 3 8 60 15 112 26 109 2 7 45 10 39 2 14 28 24 6 2 4 74 14 55 3 15 10 22 6 28 26 3 19 171 21 277 29 312 2 5 5 12 19 3 1 24 9 38 17 107 3 19 171 21 253 29 90 3 3 262 11 158 13 75 2 15 175 21 28 3 2 42 19 58 23 15 2 15 277 27 222 2 8 10 17 39 2 20 65 25 189 3 6 75 16 32 24 132 2 10 115 28 98 3 18 130 20 112 22 177 3 3 94 18 55 20 85 2 15 17 22 13 3 3 50 18 114 20 44 2 26 7 30 18 2 18 11 27 40 2 20 92 30 20 2 17 14 29 39
32 2 1 111 9 217 2 2 97 3 96 2 3 330 8 269 2 4 70 10 221 2 20 50 25 184 3 5 7 24 19 25 22 3 15 27 22 5 28 7 3 5 58 6 92 25 219 2 7 48 10 81 3 8 128 15 40 26 156 2 5 19 12 18 3 8 163 15 94 26 151 3 1 41 9 80 17 34 2 18 36 27 18 2 4 47 14 26 2 10 107 28 96 3 3 146 11 229 13 97 3 10 56 13 69 14 46 2 15 123 27 240 2 15 148 21 23 2 26 16 30 18 3 6 77 16 141 24 32 2 8 4 17 19 3 18 98 20 69 22 80 3 19 162 21 290 29 114 3 3 121 18 81 20 62 2 17 31 29 16 2 15 29 22 24 2 20 81 30 91 3 2 20 19 62 23 17 2 20 83 30 78 2 14 7 24 8
39 2 1 234 9 125 2 2 112 3 61 2 3 159 8 253 2 4 200 10 201 3 5 14 24 27 25 11 2 15 11 22 9 3 2 15 19 44 23 53 2 15 33 22 28 3 5 36 6 221 25 200 2 15 23 22 4 2 7 68 10 67 3 8 166 15 52 26 73 3 1 25 9 24 17 119 2 2 68 3 112 3 19 210 21 36 29 196 2 10 52 28 64 2 26 6 30 26 2 15 23 22 22 3 15 21 22 7 28 37 2 7 79 10 132 3 3 288 11 67 13 188 2 5 29 12 38 3 10 183 13 171 14 39 2 4 16 14 55 2 15 213 27 275 3 6 64 16 130 24 30 2 2 42 3 62 2 15 130 21 157 2 15 36 22 13 2 8 9 17 12 3 18 67 20 183 22 158 2 14 7 24 31 3 3 154 18 130 20 112 2 20 199 25 100 3 18 197 20 48 22 97 2 18 44 27 26 2 15 159 27 274 2 17 36 29 32 2 20 19 30 23
39 2 1 234 9 125 2 2 112 3 61 2 3 159 8 253 2 4 200 10 201 3 5 14 24 27 25 11 2 15 11 22 9 3 2 15 19 44 23 53 2 15 33 22 28 3 5 36 6 221 25 200 2 15 23 22 4 2 7 68 10 67 3 8 166 15 52 26 73 3 1 25 9 24 17 119 2 2 68 3 112 3 19 210 21 36 29 196 2 10 52 28 64 2 26 6 30 26 2 15 23 22 22 3 15 21 22 7 28 37 2 7 79 10 132 3 3 288 11 67 13 188 2 5 29 12 38 3 10 183 13 171 14 39 2 4 16 14 55 2 15 213 27 275 3 6 64 16 130 24 30 2 2 42 3 62 2 15 130 21 157 2 15 36 22 13 2 8 9 17 12 3 18 67 20 183 22 158 2 14 7 24 31 3 3 154 18 130 20 112 2 20 199 25 100 3 18 197 20 48 22 97 2 18 44 27 26 2 15 159 27 274 2 17 36 29 32 2 20 19 30 23
39 2 1 66 9 213 3 15 30 22 34 28 36 3 10 131 13 92 14 171 2 1 101 9 220 2 2 102 3 74 3 10 179 13 163 14 58 2 3 155 8 62 3 15 31 22 35 28 39 3 19 116 21 111 29 221 2 4 316 10 65 3 3 32 18 135 20 55 3 5 20 24 22 25 6 2 3 204 8 46 3 5 77 6 156 25 239 2 4 106 14 16 2 7 78 10 135 3 15 28 22 9 28 28 3 3 204 11 57 13 161 3 8 36 15 156 26 168 3 1 65 9 46 17 118 2 4 136 10 91 2 10 20 28 74 2 5 4 12 24 2 26 24 30 13 2 15 44 27 269 3 1 69 9 59 17 48 2 17 14 29 55 3 6 79 16 101 24 44 2 8 27 17 36 2 20 61 30 17 2 4 74 10 223 3 18 167 20 152 22 169 2 15 186 21 146 2 15 29 22 16 2 20 156 25 69 3 2 39 19 18 23 55 2 4 102 14 21 2 14 33 24 30 2 18 28 27 20
34 2 18 40 27 18 2 15 63 27 139 2 1 182 9 222 2 2 111 3 104 3 5 16 24 28 25 8 2 14 23 24 15 3 2 61 19 26 23 64 2 2 81 3 17 3 18 70 20 93 22 143 2 3 184 8 89 2 4 265 10 147 3 2 52 19 38 23 47 3 5 200 6 92 25 229 2 10 59 28 14 2 7 94 10 92 2 2 94 3 54 3 8 57 15 90 26 33 3 2 32 19 41 23 49 3 1 87 9 108 17 41 3 6 118 16 136 24 71 3 3 253 11 86 13 305 2 5 32 12 27 3 10 63 13 41 14 86 2 4 48 14 59 2 8 21 17 15 2 17 54 29 31 3 19 291 21 322 29 152 3 3 42 18 122 20 61 2 15 45 21 154 2 15 4 22 21 2 20 62 25 149 2 26 11 30 8 3 15 31 22 8 28 23 2 20 59 30 86
34 2 18 40 27 18 2 15 63 27 139 2 1 182 9 222 2 2 111 3 104 3 5 16 24 28 25 8 2 14 23 24 15 3 2 61 19 26 23 64 2 2 81 3 17 3 18 70 20 93 22 143 2 3 184 8 89 2 4 265 10 147 3 2 52 19 38 23 47 3 5 200 6 92 25 229 2 10 59 28 14 2 7 94 10 92 2 2 94 3 54 3 8 57 15 90 26 33 3 2 32 19 41 23 49 3 1 87 9 108 17 41 3 6 118 16 136 24 71 3 3 253 11 86 13 305 2 5 32 12 27 3 10 63 13 41 14 86 2 4 48 14 59 2 8 21 17 15 2 17 54 29 31 3 19 291 21 322 29 152 3 3 42 18 122 20 61 2 15 45 21 154 2 15 4 22 21 2 20 62 25 149 2 26 11 30 8 3 15 31 22 8 28 23 2 20 59 30 86
39 2 18 43 27 12 2 1 248 9 221 2 2 83 3 16 2 14 18 24 35 3 5 149 6 126 25 111 2 3 298 8 189 2 1 211 9 123 2 20 28 30 48 2 4 288 10 134 3 5 14 24 3 25 11 2 7 74 10 96 2 14 10 24 28 3 19 90 21 46 29 248 3 10 156 13 34 14 93 3 8 45 15 61 26 176 2 14 13 24 38 2 10 55 28 48 3 8 177 15 61 26 81 3 1 38 9 90 17 58 2 7 152 10 42 3 3 246 11 208 13 107 2 7 51 10 42 2 5 20 12 7 2 4 35 14 67 2 15 94 27 242 3 6 63 16 65 24 48 2 8 9 17 23 2 7 48 10 60 3 18 198 20 198 22 30 3 10 97 13 151 14 53 3 3 21 18 130 20 156 2 15 96 21 121 2 26 15 30 26 2 15 20 22 9 2 20 70 30 96 3 2 9 19 18 23 12 2 20 103 25 35 3 15 19 22 21 28 30 2 17 45 29 20
39 2 18 43 27 12 2 1 248 9 221 2 2 83 3 16 2 14 18 24 35 3 5 149 6 126 25 111 2 3 298 8 189 2 1 211 9 123 2 20 28 30 48 2 4 288 10 134 3 5 14 24 3 25 11 2 7 74 10 96 2 14 10 24 28 3 19 90 21 46 29 248 3 10 156 13 34 14 93 3 8 45 15 61 26 176 2 14 13 24 38 2 10 55 28 48 3 8 177 15 61 26 81 3 1 38 9 90 17 58 2 7 152 10 42 3 3 246 11 208 13 107 2 7 51 10 42 2 5 20 12 7 2 4 35 14 67 2 15 94 27 242 3 6 63 16 65 24 48 2 8 9 17 23 2 7 48 10 60 3 18 198 20 198 22 30 3 10 97 13 151 14 53 3 3 21 18 130 20 156 2 15 96 21 121 2 26 15 30 26 2 15 20 22 9 2 20 70 30 96 3 2 9 19 18 23 12 2 20 103 25 35 3 15 19 22 21 28 30 2 17 45 29 20
39 2 18 30 27 29 2 8 25 17 35 2 18 6 27 36 2 10 81 28 86 2 18 6 27 21 3 3 118 11 114 13 80 2 20 118 25 189 2 20 16 30 24 3 3 61 11 132 13 112 3 2 46 19 41 23 62 2 20 94 25 155 2 1 48 9 151 2 2 104 3 58 2 15 19 22 7 2 3 176 8 71 2 4 207 10 258 2 10 49 28 114 3 5 13 24 13 25 18 3 5 68 6 214 25 89 2 7 38 10 23 3 8 41 15 157 26 170 3 1 44 9 74 17 49 2 7 140 10 136 2 5 16 12 27 3 10 195 13 69 14 155 2 4 14 14 99 2 26 26 30 6 2 15 178 27 44 3 15 32 22 20 28 10 3 6 97 16 141 24 101 2 4 96 14 96 3 18 22 20 157 22 176 2 17 38 29 35 3 19 132 21 247 29 223 2 14 14 24 12 2 4 75 14 106 3 3 68 18 110 20 93 3 18 52 20 129 22 123 2 15 140 21 115
38 2 5 24 12 10 2 1 168 9 107 2 2 24 3 92 2 3 311 8 228 2 2 89 3 107 3 3 243 11 196 13 209 2 4 217 10 299 3 5 20 24 13 25 22 3 3 143 11 165 13 222 3 2 61 19 58 23 34 3 5 188 6 115 25 188 3 6 77 16 90 24 127 2 20 147 25 176 2 17 45 29 32 2 7 121 10 131 2 26 7 30 14 3 5 171 6 143 25 191 3 8 122 15 93 26 29 3 3 106 18 90 20 151 2 5 32 12 31 3 1 107 9 28 17 101 2 14 38 24 12 2 4 104 10 151 3 19 241 21 214 29 42 2 10 48 28 25 2 15 101 27 212 3 5 9 24 23 25 8 3 10 126 13 124 14 38 2 4 27 14 31 2 8 20 17 5 2 26 13 30 18 3 18 54 20 170 22 78 2 15 121 21 182 2 15 26 22 34 2 18 46 27 18 2 17 43 29 26 3 15 28 22 33 28 8 2 20 67 30 37
37 3 2 12 19 54 23 44 2 1 188 9 181 3 2 54 19 25 23 55 2 2 34 3 46 2 3 147 8 212 2 17 54 29 27 2 4 107 10 215 2 17 55 29 40 3 5 21 24 14 25 8 3 3 48 11 147 13 235 3 5 140 6 195 25 179 2 7 26 10 113 3 8 82 15 85 26 50 3 15 19 22 5 28 39 3 1 91 9 25 17 108 3 8 63 15 171 26 120 3 10 80 13 53 14 195 2 10 47 28 117 2 5 11 12 21 3 18 107 20 161 22 41 3 15 15 22 38 28 38 2 15 64 21 37 2 4 23 14 19 2 15 263 27 119 3 6 96 16 60 24 103 2 5 32 12 23 2 8 28 17 18 3 1 48 9 72 17 81 2 15 27 22 30 2 20 180 25 145 2 14 25 24 33 3 19 130 21 242 29 97 2 3 43 8 136 3 3 108 18 150 20 74 2 26 7 30 20 2 18 23 27 7 2 20 41 30 24
39 2 1 129 9 196 3 15 35 22 24 28 14 3 10 31 13 135 14 155 2 1 34 9 240 2 2 22 3 88 3 10 160 13 145 14 95 2 3 122 8 180 3 15 11 22 33 28 24 3 19 43 21 151 29 294 2 4 198 10 296 3 3 120 18 103 20 55 3 5 6 24 19 25 19 2 3 218 8 143 3 5 98 6 79 25 165 2 4 92 14 46 2 7 46 10 46 3 15 33 22 38 28 5 3 3 85 11 187 13 76 3 8 152 15 137 26 167 3 1 124 9 116 17 74 2 4 303 10 276 2 10 115 28 31 2 5 37 12 6 2 26 19 30 7 2 15 146 27 180 3 1 126 9 118 17 118 2 17 39 29 27 3 6 63 16 52 24 42 2 8 29 17 35 2 20 72 30 31 2 4 180 10 135 3 18 195 20 186 22 92 2 15 171 21 165 2 15 28 22 12 2 20 71 25 46 3 2 48 19 38 23 54 2 4 116 14 26 2 14 20 24 21 2 18 44 27 44
38 2 1 80 9 129 2 2 65 3 40 2 1 81 9 143 2 17 19 29 54 3 6 71 16 89 24 132 2 26 13 30 18 2 5 19 12 31 2 26 4 30 25 2 3 158 8 263 3 5 161 6 119 25 164 3 5 5 24 23 25 12 2 4 239 10 68 2 26 9 30 4 2 10 29 28 55 2 7 144 10 140 3 8 114 15 103 26 54 2 7 66 10 35 2 20 50 30 71 3 1 118 9 108 17 28 3 3 129 11 294 13 211 3 10 117 13 78 14 88 2 4 105 14 24 3 10 138 13 133 14 133 2 15 169 21 38 2 18 7 27 9 3 8 29 15 119 26 93 3 19 234 21 297 29 50 2 15 149 27 59 2 8 31 17 22 2 26 17 30 11 2 20 77 25 159 3 18 184 20 104 22 28 3 3 133 18 147 20 113 3 2 36 19 8 23 23 2 15 31 22 24 2 17 13 29 18 2 14 29 24 14 3 15 22 22 16 28 12
35 2 1 179 9 32 2 15 177 27 253 2 1 156 9 66 2 2 55 3 62 2 1 31 9 139 2 3 262 8 161 2 4 135 10 75 2 15 278 27 37 2 26 26 30 11 3 18 188 20 143 22 177 3 5 5 24 4 25 9 3 5 172 6 189 25 161 2 7 29 10 86 3 8 47 15 48 26 137 3 3 71 11 251 13 216 3 1 126 9 72 17 99 2 10 108 28 104 2 5 19 12 14 2 10 89 28 85 3 10 190 13 172 14 32 2 4 60 14 14 3 19 238 21 164 29 141 3 6 113 16 144 24 78 2 8 9 17 39 3 3 133 18 144 20 123 3 15 13 22 37 28 7 3 2 50 19 63 23 51 2 15 60 21 22 2 15 17 22 32 2 17 34 29 8 2 14 36 24 19 2 20 199 25 57 2 20 33 30 81 3 5 19 24 9 25 13 2 18 46 27 17
38 2 1 146 9 246 2 2 25 3 107 2 1 225 9 34 2 17 20 29 35 3 6 86 16 131 24 115 2 26 8 30 9 2 5 26 12 21 2 26 25 30 15 2 3 57 8 57 3 5 30 6 243 25 99 3 5 7 24 26 25 27 2 4 168 10 171 2 26 15 30 17 2 10 25 28 98 2 7 135 10 83 3 8 40 15 131 26 156 2 7 80 10 57 2 20 44 30 63 3 1 14 9 77 17 112 3 3 102 11 135 13 222 3 10 180 13 62 14 178 2 4 80 14 75 3 10 148 13 78 14 119 2 15 59 21 137 2 18 7 27 17 3 8 147 15 150 26 37 3 19 269 21 110 29 288 2 15 74 27 156 2 8 20 17 13 2 26 6 30 10 2 20 105 25 133 3 18 126 20 179 22 190 3 3 62 18 157 20 67 3 2 16 19 21 23 62 2 15 24 22 11 2 17 24 29 30 2 14 35 24 39 3 15 28 22 18 28 35
36 3 8 71 15 60 26 21 2 1 136 9 132 2 2 93 3 46 2 3 91 8 178 2 2 86 3 84 2 4 128 10 249 2 8 11 17 17 3 5 11 24 18 25 3 2 15 158 21 53 2 3 62 8 228 3 5 164 6 60 25 145 2 15 180 21 69 2 7 134 10 24 3 1 126 9 28 17 116 2 10 61 28 62 2 18 17 27 36 2 2 32 3 95 2 20 52 25 210 3 3 252 11 234 13 204 2 5 28 12 40 2 15 281 27 278 2 17 12 29 7 3 10 141 13 110 14 166 3 18 176 20 192 22 179 3 19 77 21 298 29 236 2 4 47 14 21 2 26 12 30 25 3 6 90 16 52 24 108 2 15 165 21 165 2 14 34 24 19 2 15 171 21 109 3 3 157 18 26 20 146 2 20 23 30 91 2 15 6 22 21 3 2 29 19 21 23 45 3 15 30 22 32 28 24
DUE_DATES: 6019 5613 5613 5645 5645 5230 5230 5230 5230 5918 5918 5014 5997 6055 5407 5407 4908 4908 5005 5151 5151 4961 4961 4961 5133 6283 4995 4995 5361 4911 5339 5446 5446 5471 5018 6259 6259 6296 5155 5155 5891 5891 5886 6393 5268 6827 5431 5658 5569 6296
WEIGHTS: 2 1 1 3 2 2 3 3 1 2 1 2 3 3 3 2 1 3 1 1 3 2 2 2 2 1 2 2 2 2 2 2 2 1 2 2 2 2 2 3 3 3 3 2 2 3 1 1 3 3
