50 30
36 2 1 135 2 186 1 7 39 3 2 144 10 288 16 123 2 17 47 29 112 3 20 28 21 19 27 12 3 2 19 3 8 11 20 3 2 157 10 106 16 292 2 5 8 10 25 2 4 16 6 26 1 5 139 2 6 16 12 38 2 1 105 20 36 2 8 116 22 128 3 20 40 21 53 27 29 4 3 22 7 30 15 24 30 35 3 13 32 17 77 25 14 2 4 8 6 30 3 4 236 8 49 9 174 3 2 44 10 290 16 160 2 11 100 12 115 2 9 7 12 8 3 13 265 14 99 22 64 3 12 114 13 98 26 76 2 17 177 18 260 3 2 7 3 16 11 23 2 1 106 14 174 4 15 273 16 219 27 244 29 166 4 5 185 14 105 17 88 29 102 3 7 26 14 142 19 79 3 21 15 22 27 24 83 3 16 128 23 37 26 60 2 24 246 29 212 3 24 129 28 79 30 88 4 15 89 16 219 27 94 29 224 3 4 28 16 235 27 98 3 1 250 21 127 30 82
37 2 1 195 2 102 3 2 213 10 288 16 58 3 4 144 16 131 27 161 3 12 166 13 131 26 59 3 4 131 16 104 27 54 3 2 17 3 14 11 18 2 24 224 29 169 2 1 115 2 71 1 7 45 2 4 16 6 29 2 24 126 29 112 2 8 184 22 73 3 21 54 22 27 24 63 1 5 134 2 6 60 12 36 3 4 47 8 40 9 226 2 6 67 12 52 2 5 36 10 14 2 1 41 20 59 1 5 102 2 11 109 12 132 2 5 46 10 8 2 9 11 12 10 3 13 259 14 222 22 45 2 1 238 14 124 4 3 27 7 32 15 17 30 19 4 15 95 16 64 27 284 29 79 3 20 9 21 8 27 43 4 5 180 14 33 17 46 29 88 2 17 127 18 288 3 1 249 21 178 30 197 2 17 98 29 156 3 7 155 14 73 19 20 1 7 31 3 16 88 23 108 26 69 3 24 83 28 23 30 21 3 13 73 17 10 25 43
33 3 2 16 3 20 11 17 2 1 104 20 71 2 1 82 2 117 3 2 168 10 282 16 188 2 1 77 2 74 2 4 31 6 20 4 15 209 16 104 27 211 29 316 1 5 232 2 17 220 18 145 2 6 78 12 50 3 2 71 10 189 16 72 1 7 46 2 11 135 12 99 2 8 122 22 90 3 4 91 8 74 9 267 2 5 22 10 44 2 9 13 12 7 3 20 37 21 17 27 30 3 24 28 28 79 30 22 3 12 152 13 156 26 142 1 5 202 3 13 139 14 162 22 164 3 4 81 16 76 27 159 3 7 47 14 88 19 103 2 1 147 14 313 4 5 134 14 247 17 176 29 110 4 3 14 7 21 15 48 30 9 3 13 53 17 81 25 51 3 21 102 22 95 24 96 3 16 117 23 100 26 39 2 24 107 29 206 3 1 111 21 240 30 65 2 17 148 29 90
33 3 2 16 3 20 11 17 2 1 104 20 71 2 1 82 2 117 3 2 168 10 282 16 188 2 1 77 2 74 2 4 31 6 20 4 15 209 16 104 27 211 29 316 1 5 232 2 17 220 18 145 2 6 78 12 50 3 2 71 10 189 16 72 1 7 46 2 11 135 12 99 2 8 122 22 90 3 4 91 8 74 9 267 2 5 22 10 44 2 9 13 12 7 3 20 37 21 17 27 30 3 24 28 28 79 30 22 3 12 152 13 156 26 142 1 5 202 3 13 139 14 162 22 164 3 4 81 16 76 27 159 3 7 47 14 88 19 103 2 1 147 14 313 4 5 134 14 247 17 176 29 110 4 3 14 7 21 15 48 30 9 3 13 53 17 81 25 51 3 21 102 22 95 24 96 3 16 117 23 100 26 39 2 24 107 29 206 3 1 111 21 240 30 65 2 17 148 29 90
35 3 2 21 3 19 11 5 2 5 39 10 27 2 1 67 2 76 3 2 58 10 174 16 167 2 4 6 6 24 2 1 112 2 149 1 5 45 2 17 111 29 60 2 6 66 12 38 1 7 16 4 15 146 16 164 27 202 29 59 3 21 53 22 62 24 24 2 17 31 29 128 3 24 47 28 128 30 102 2 8 124 22 197 3 4 169 8 207 9 190 2 11 126 12 137 2 9 9 12 14 3 13 286 14 178 22 313 2 1 71 14 169 4 3 32 7 21 15 19 30 24 3 1 118 21 311 30 110 4 5 169 14 88 17 96 29 143 2 4 31 6 24 3 13 60 17 9 25 23 2 17 43 18 276 2 1 15 20 32 3 2 291 10 238 16 74 3 7 171 14 82 19 118 4 5 211 14 196 17 124 29 141 3 20 22 21 52 27 24 3 16 37 23 96 26 124 3 12 100 13 82 26 26 2 24 200 29 156 3 4 206 16 36 27 196
37 2 1 139 2 96 3 2 257 10 175 16 238 3 2 19 3 2 11 24 2 6 46 12 26 3 2 162 10 181 16 110 2 4 20 6 25 3 2 15 3 20 11 13 1 5 190 2 11 60 12 100 3 13 14 17 9 25 42 1 7 30 3 13 38 17 54 25 80 2 8 90 22 148 4 3 25 7 14 15 15 30 23 3 4 292 8 261 9 46 2 5 36 10 35 2 9 15 12 4 2 8 121 22 206 3 12 94 13 90 26 157 4 5 228 14 135 17 102 29 41 2 1 42 20 103 3 16 87 23 86 26 20 3 13 72 14 224 22 106 2 1 101 14 224 4 15 145 16 52 27 187 29 212 2 9 17 12 8 2 17 217 18 261 3 20 41 21 57 27 20 3 7 76 14 90 19 25 2 1 56 20 47 3 24 75 28 88 30 74 3 4 46 16 34 27 117 3 21 41 22 12 24 22 3 7 41 14 72 19 93 2 24 251 29 68 2 17 64 29 184 3 1 52 21 158 30 94
37 2 1 139 2 96 3 2 257 10 175 16 238 3 2 19 3 2 11 24 2 6 46 12 26 3 2 162 10 181 16 110 2 4 20 6 25 3 2 15 3 20 11 13 1 5 190 2 11 60 12 100 3 13 14 17 9 25 42 1 7 30 3 13 38 17 54 25 80 2 8 90 22 148 4 3 25 7 14 15 15 30 23 3 4 292 8 261 9 46 2 5 36 10 35 2 9 15 12 4 2 8 121 22 206 3 12 94 13 90 26 157 4 5 228 14 135 17 102 29 41 2 1 42 20 103 3 16 87 23 86 26 20 3 13 72 14 224 22 106 2 1 101 14 224 4 15 145 16 52 27 187 29 212 2 9 17 12 8 2 17 217 18 261 3 20 41 21 57 27 20 3 7 76 14 90 19 25 2 1 56 20 47 3 24 75 28 88 30 74 3 4 46 16 34 27 117 3 21 41 22 12 24 22 3 7 41 14 72 19 93 2 24 251 29 68 2 17 64 29 184 3 1 52 21 158 30 94
37 2 1 139 2 96 3 2 257 10 175 16 238 3 2 19 3 2 11 24 2 6 46 12 26 3 2 162 10 181 16 110 2 4 20 6 25 3 2 15 3 20 11 13 1 5 190 2 11 60 12 100 3 13 14 17 9 25 42 1 7 30 3 13 38 17 54 25 80 2 8 90 22 148 4 3 25 7 14 15 15 30 23 3 4 292 8 261 9 46 2 5 36 10 35 2 9 15 12 4 2 8 121 22 206 3 12 94 13 90 26 157 4 5 228 14 135 17 102 29 41 2 1 42 20 103 3 16 87 23 86 26 20 3 13 72 14 224 22 106 2 1 101 14 224 4 15 145 16 52 27 187 29 212 2 9 17 12 8 2 17 217 18 261 3 20 41 21 57 27 20 3 7 76 14 90 19 25 2 1 56 20 47 3 24 75 28 88 30 74 3 4 46 16 34 27 117 3 21 41 22 12 24 22 3 7 41 14 72 19 93 2 24 251 29 68 2 17 64 29 184 3 1 52 21 158 30 94
37 3 2 11 3 10 11 5 2 1 200 2 196 3 2 9 3 21 11 11 3 2 169 10 117 16 295 4 5 97 14 76 17 205 29 89 2 4 10 6 32 3 2 15 3 8 11 10 3 4 146 16 198 27 143 1 5 249 2 4 10 6 27 2 6 47 12 63 3 2 13 3 24 11 22 1 7 25 2 8 73 22 45 3 4 76 8 225 9 123 3 2 4 3 9 11 19 2 5 18 10 11 3 7 98 14 48 19 30 2 11 36 12 76 2 1 251 14 242 2 9 14 12 2 3 13 208 14 200 22 71 3 4 190 16 81 27 139 4 3 48 7 7 15 31 30 24 4 15 84 16 83 27 180 29 280 2 17 284 18 188 2 8 153 22 76 2 1 32 20 41 3 20 59 21 33 27 18 3 21 28 22 15 24 45 3 24 108 28 20 30 107 3 16 93 23 25 26 100 3 12 138 13 161 26 20 2 17 135 29 65 2 24 213 29 153 3 13 48 17 32 25 51 3 1 101 21 279 30 222
37 3 2 11 3 10 11 5 2 1 200 2 196 3 2 9 3 21 11 11 3 2 169 10 117 16 295 4 5 97 14 76 17 205 29 89 2 4 10 6 32 3 2 15 3 8 11 10 3 4 146 16 198 27 143 1 5 249 2 4 10 6 27 2 6 47 12 63 3 2 13 3 24 11 22 1 7 25 2 8 73 22 45 3 4 76 8 225 9 123 3 2 4 3 9 11 19 2 5 18 10 11 3 7 98 14 48 19 30 2 11 36 12 76 2 1 251 14 242 2 9 14 12 2 3 13 208 14 200 22 71 3 4 190 16 81 27 139 4 3 48 7 7 15 31 30 24 4 15 84 16 83 27 180 29 280 2 17 284 18 188 2 8 153 22 76 2 1 32 20 41 3 20 59 21 33 27 18 3 21 28 22 15 24 45 3 24 108 28 20 30 107 3 16 93 23 25 26 100 3 12 138 13 161 26 20 2 17 135 29 65 2 24 213 29 153 3 13 48 17 32 25 51 3 1 101 21 279 30 222
37 3 2 11 3 10 11 5 2 1 200 2 196 3 2 9 3 21 11 11 3 2 169 10 117 16 295 4 5 97 14 76 17 205 29 89 2 4 10 6 32 3 2 15 3 8 11 10 3 4 146 16 198 27 143 1 5 249 2 4 10 6 27 2 6 47 12 63 3 2 13 3 24 11 22 1 7 25 2 8 73 22 45 3 4 76 8 225 9 123 3 2 4 3 9 11 19 2 5 18 10 11 3 7 98 14 48 19 30 2 11 36 12 76 2 1 251 14 242 2 9 14 12 2 3 13 208 14 200 22 71 3 4 190 16 81 27 139 4 3 48 7 7 15 31 30 24 4 15 84 16 83 27 180 29 280 2 17 284 18 188 2 8 153 22 76 2 1 32 20 41 3 20 59 21 33 27 18 3 21 28 22 15 24 45 3 24 108 28 20 30 107 3 16 93 23 25 26 100 3 12 138 13 161 26 20 2 17 135 29 65 2 24 213 29 153 3 13 48 17 32 25 51 3 1 101 21 279 30 222
37 3 2 11 3 10 11 5 2 1 200 2 196 3 2 9 3 21 11 11 3 2 169 10 117 16 295 4 5 97 14 76 17 205 29 89 2 4 10 6 32 3 2 15 3 8 11 10 3 4 146 16 198 27 143 1 5 249 2 4 10 6 27 2 6 47 12 63 3 2 13 3 24 11 22 1 7 25 2 8 73 22 45 3 4 76 8 225 9 123 3 2 4 3 9 11 19 2 5 18 10 11 3 7 98 14 48 19 30 2 11 36 12 76 2 1 251 14 242 2 9 14 12 2 3 13 208 14 200 22 71 3 4 190 16 81 27 139 4 3 48 7 7 15 31 30 24 4 15 84 16 83 27 180 29 280 2 17 284 18 188 2 8 153 22 76 2 1 32 20 41 3 20 59 21 33 27 18 3 21 28 22 15 24 45 3 24 108 28 20 30 107 3 16 93 23 25 26 100 3 12 138 13 161 26 20 2 17 135 29 65 2 24 213 29 153 3 13 48 17 32 25 51 3 1 101 21 279 30 222
35 3 1 126 21 118 30 131 4 3 7 7 25 15 47 30 23 4 15 60 16 208 27 197 29 336 2 1 79 20 39 4 3 43 7 6 15 14 30 29 2 1 200 2 27 3 2 103 10 77 16 204 2 4 23 6 24 3 2 12 3 6 11 21 1 5 143 2 24 146 29 205 2 6 45 12 54 4 15 328 16 72 27 92 29 62 1 7 33 3 2 190 10 278 16 134 3 4 96 8 41 9 207 3 2 327 10 225 16 301 3 13 96 14 89 22 41 2 8 170 22 83 2 5 45 10 34 3 21 59 22 39 24 46 3 24 34 28 117 30 38 2 11 103 12 37 2 9 14 12 15 2 1 71 14 67 3 2 250 10 186 16 332 4 5 228 14 144 17 83 29 156 2 17 135 18 197 3 7 40 14 41 19 58 3 20 35 21 37 27 14 3 12 106 13 67 26 79 3 16 101 23 117 26 68 3 13 63 17 30 25 51 3 4 177 16 123 27 210 2 17 185 29 165
35 3 1 126 21 118 30 131 4 3 7 7 25 15 47 30 23 4 15 60 16 208 27 197 29 336 2 1 79 20 39 4 3 43 7 6 15 14 30 29 2 1 200 2 27 3 2 103 10 77 16 204 2 4 23 6 24 3 2 12 3 6 11 21 1 5 143 2 24 146 29 205 2 6 45 12 54 4 15 328 16 72 27 92 29 62 1 7 33 3 2 190 10 278 16 134 3 4 96 8 41 9 207 3 2 327 10 225 16 301 3 13 96 14 89 22 41 2 8 170 22 83 2 5 45 10 34 3 21 59 22 39 24 46 3 24 34 28 117 30 38 2 11 103 12 37 2 9 14 12 15 2 1 71 14 67 3 2 250 10 186 16 332 4 5 228 14 144 17 83 29 156 2 17 135 18 197 3 7 40 14 41 19 58 3 20 35 21 37 27 14 3 12 106 13 67 26 79 3 16 101 23 117 26 68 3 13 63 17 30 25 51 3 4 177 16 123 27 210 2 17 185 29 165
34 2 1 203 2 91 3 2 306 10 246 16 334 3 2 14 3 15 11 14 1 5 116 2 4 27 6 11 2 6 68 12 72 1 7 34 2 8 139 22 165 1 7 28 3 4 227 8 93 9 54 2 5 38 10 17 3 2 2 3 18 11 22 2 11 113 12 31 2 17 34 29 171 2 9 8 12 8 3 13 255 14 210 22 108 2 11 134 12 32 2 1 249 14 155 3 1 90 21 153 30 175 4 3 14 7 9 15 15 30 17 4 15 240 16 261 27 138 29 205 3 12 50 13 157 26 144 2 4 17 6 25 4 5 204 14 228 17 71 29 57 2 17 93 18 181 3 7 161 14 175 19 150 2 1 118 20 54 3 20 14 21 26 27 21 3 16 61 23 86 26 112 3 21 33 22 36 24 77 2 24 37 29 219 3 4 157 16 174 27 170 3 13 12 17 29 25 23 3 24 81 28 71 30 132
34 2 1 203 2 91 3 2 306 10 246 16 334 3 2 14 3 15 11 14 1 5 116 2 4 27 6 11 2 6 68 12 72 1 7 34 2 8 139 22 165 1 7 28 3 4 227 8 93 9 54 2 5 38 10 17 3 2 2 3 18 11 22 2 11 113 12 31 2 17 34 29 171 2 9 8 12 8 3 13 255 14 210 22 108 2 11 134 12 32 2 1 249 14 155 3 1 90 21 153 30 175 4 3 14 7 9 15 15 30 17 4 15 240 16 261 27 138 29 205 3 12 50 13 157 26 144 2 4 17 6 25 4 5 204 14 228 17 71 29 57 2 17 93 18 181 3 7 161 14 175 19 150 2 1 118 20 54 3 20 14 21 26 27 21 3 16 61 23 86 26 112 3 21 33 22 36 24 77 2 24 37 29 219 3 4 157 16 174 27 170 3 13 12 17 29 25 23 3 24 81 28 71 30 132
37 3 2 17 3 20 11 9 2 1 132 2 194 3 2 23 3 20 11 22 3 2 151 10 192 16 210 4 5 139 14 176 17 220 29 84 2 4 32 6 14 3 2 10 3 16 11 11 3 4 101 16 37 27 175 1 5 307 2 4 12 6 20 2 6 61 12 18 3 2 10 3 22 11 23 1 7 37 2 8 127 22 41 3 4 173 8 211 9 249 3 2 18 3 11 11 8 2 5 21 10 42 3 7 57 14 144 19 157 2 11 60 12 66 2 1 251 14 85 2 9 6 12 2 3 13 161 14 259 22 310 3 4 59 16 85 27 44 4 3 18 7 15 15 29 30 33 4 15 77 16 89 27 55 29 108 2 17 259 18 210 2 8 67 22 43 2 1 47 20 108 3 20 11 21 7 27 20 3 21 48 22 57 24 48 3 24 44 28 118 30 31 3 16 70 23 18 26 112 3 12 100 13 89 26 38 2 17 170 29 32 2 24 126 29 141 3 13 32 17 49 25 13 3 1 93 21 212 30 281
37 3 2 17 3 20 11 9 2 1 132 2 194 3 2 23 3 20 11 22 3 2 151 10 192 16 210 4 5 139 14 176 17 220 29 84 2 4 32 6 14 3 2 10 3 16 11 11 3 4 101 16 37 27 175 1 5 307 2 4 12 6 20 2 6 61 12 18 3 2 10 3 22 11 23 1 7 37 2 8 127 22 41 3 4 173 8 211 9 249 3 2 18 3 11 11 8 2 5 21 10 42 3 7 57 14 144 19 157 2 11 60 12 66 2 1 251 14 85 2 9 6 12 2 3 13 161 14 259 22 310 3 4 59 16 85 27 44 4 3 18 7 15 15 29 30 33 4 15 77 16 89 27 55 29 108 2 17 259 18 210 2 8 67 22 43 2 1 47 20 108 3 20 11 21 7 27 20 3 21 48 22 57 24 48 3 24 44 28 118 30 31 3 16 70 23 18 26 112 3 12 100 13 89 26 38 2 17 170 29 32 2 24 126 29 141 3 13 32 17 49 25 13 3 1 93 21 212 30 281
38 2 1 35 2 209 3 2 311 10 134 16 198 3 2 13 3 7 11 18 2 4 15 6 22 2 1 107 2 35 1 5 164 2 4 4 6 35 3 7 50 14 71 19 41 2 4 10 6 27 3 1 210 21 36 30 90 2 6 30 12 41 1 7 29 2 1 79 2 124 2 8 139 22 53 3 1 299 21 198 30 154 2 17 177 29 75 4 5 66 14 191 17 217 29 34 3 4 235 8 282 9 104 3 4 133 16 81 27 95 4 3 21 7 13 15 37 30 21 2 5 9 10 41 1 7 30 3 13 71 17 41 25 47 2 11 80 12 40 3 13 280 14 291 22 91 2 9 6 12 11 2 1 70 2 192 2 1 142 14 238 4 15 221 16 250 27 73 29 117 2 9 5 12 17 2 17 270 18 249 2 1 93 20 114 3 21 51 22 80 24 37 3 20 9 21 47 27 48 3 16 81 23 86 26 21 2 24 243 29 125 3 12 151 13 78 26 67 3 24 108 28 62 30 89
38 2 1 207 2 207 3 2 54 10 160 16 322 3 2 5 3 11 11 8 2 4 6 6 25 2 1 159 2 65 1 5 307 2 4 20 6 29 3 7 85 14 139 19 78 2 4 9 6 20 3 1 291 21 251 30 219 2 6 50 12 14 1 7 7 2 1 51 2 186 2 8 64 22 139 3 1 162 21 226 30 278 2 17 181 29 39 4 5 127 14 251 17 150 29 149 3 4 188 8 250 9 235 3 4 206 16 168 27 230 4 3 11 7 32 15 21 30 7 2 5 25 10 5 1 7 26 3 13 23 17 28 25 73 2 11 17 12 102 3 13 135 14 203 22 254 2 9 10 12 5 2 1 80 2 28 2 1 302 14 304 4 15 239 16 271 27 94 29 166 2 9 15 12 6 2 17 292 18 40 2 1 23 20 99 3 21 72 22 35 24 76 3 20 39 21 38 27 32 3 16 120 23 99 26 45 2 24 224 29 132 3 12 157 13 35 26 57 3 24 33 28 127 30 38
38 2 1 207 2 207 3 2 54 10 160 16 322 3 2 5 3 11 11 8 2 4 6 6 25 2 1 159 2 65 1 5 307 2 4 20 6 29 3 7 85 14 139 19 78 2 4 9 6 20 3 1 291 21 251 30 219 2 6 50 12 14 1 7 7 2 1 51 2 186 2 8 64 22 139 3 1 162 21 226 30 278 2 17 181 29 39 4 5 127 14 251 17 150 29 149 3 4 188 8 250 9 235 3 4 206 16 168 27 230 4 3 11 7 32 15 21 30 7 2 5 25 10 5 1 7 26 3 13 23 17 28 25 73 2 11 17 12 102 3 13 135 14 203 22 254 2 9 10 12 5 2 1 80 2 28 2 1 302 14 304 4 15 239 16 271 27 94 29 166 2 9 15 12 6 2 17 292 18 40 2 1 23 20 99 3 21 72 22 35 24 76 3 20 39 21 38 27 32 3 16 120 23 99 26 45 2 24 224 29 132 3 12 157 13 35 26 57 3 24 33 28 127 30 38
34 2 1 153 2 193 3 2 329 10 287 16 172 3 2 21 3 14 11 6 1 5 285 2 4 35 6 36 2 6 27 12 55 1 7 34 2 8 107 22 115 1 7 12 3 4 270 8 273 9 164 2 5 8 10 10 3 2 22 3 10 11 12 2 11 30 12 44 2 17 32 29 68 2 9 2 12 14 3 13 195 14 166 22 94 2 11 73 12 38 2 1 83 14 276 3 1 80 21 255 30 175 4 3 46 7 28 15 33 30 47 4 15 272 16 98 27 254 29 181 3 12 64 13 138 26 129 2 4 4 6 37 4 5 49 14 67 17 238 29 181 2 17 139 18 114 3 7 104 14 123 19 51 2 1 113 20 48 3 20 14 21 54 27 40 3 16 127 23 85 26 135 3 21 54 22 95 24 62 2 24 97 29 36 3 4 74 16 95 27 40 3 13 26 17 35 25 75 3 24 53 28 51 30 131
34 2 1 153 2 193 3 2 329 10 287 16 172 3 2 21 3 14 11 6 1 5 285 2 4 35 6 36 2 6 27 12 55 1 7 34 2 8 107 22 115 1 7 12 3 4 270 8 273 9 164 2 5 8 10 10 3 2 22 3 10 11 12 2 11 30 12 44 2 17 32 29 68 2 9 2 12 14 3 13 195 14 166 22 94 2 11 73 12 38 2 1 83 14 276 3 1 80 21 255 30 175 4 3 46 7 28 15 33 30 47 4 15 272 16 98 27 254 29 181 3 12 64 13 138 26 129 2 4 4 6 37 4 5 49 14 67 17 238 29 181 2 17 139 18 114 3 7 104 14 123 19 51 2 1 113 20 48 3 20 14 21 54 27 40 3 16 127 23 85 26 135 3 21 54 22 95 24 62 2 24 97 29 36 3 4 74 16 95 27 40 3 13 26 17 35 25 75 3 24 53 28 51 30 131
34 2 1 153 2 193 3 2 329 10 287 16 172 3 2 21 3 14 11 6 1 5 285 2 4 35 6 36 2 6 27 12 55 1 7 34 2 8 107 22 115 1 7 12 3 4 270 8 273 9 164 2 5 8 10 10 3 2 22 3 10 11 12 2 11 30 12 44 2 17 32 29 68 2 9 2 12 14 3 13 195 14 166 22 94 2 11 73 12 38 2 1 83 14 276 3 1 80 21 255 30 175 4 3 46 7 28 15 33 30 47 4 15 272 16 98 27 254 29 181 3 12 64 13 138 26 129 2 4 4 6 37 4 5 49 14 67 17 238 29 181 2 17 139 18 114 3 7 104 14 123 19 51 2 1 113 20 48 3 20 14 21 54 27 40 3 16 127 23 85 26 135 3 21 54 22 95 24 62 2 24 97 29 36 3 4 74 16 95 27 40 3 13 26 17 35 25 75 3 24 53 28 51 30 131
31 3 13 170 14 160 22 98 2 5 8 10 42 2 1 122 2 76 3 2 109 10 50 16 96 2 1 71 20 29 3 2 18 3 6 11 24 3 1 270 21 312 30 316 3 21 47 22 93 24 56 2 4 13 6 27 1 5 268 2 6 95 12 87 1 7 13 3 20 57 21 31 27 48 2 17 119 18 279 2 17 50 29 184 2 8 204 22 44 3 4 288 8 223 9 180 2 11 132 12 127 2 9 11 12 10 3 12 103 13 20 26 98 2 1 201 14 214 2 1 149 2 100 4 3 44 7 23 15 39 30 28 4 15 305 16 311 27 77 29 84 3 24 97 28 99 30 56 3 13 37 17 35 25 30 3 7 64 14 85 19 51 3 4 185 16 222 27 221 4 5 87 14 34 17 46 29 114 3 16 116 23 35 26 126 2 24 115 29 33
35 3 2 17 3 21 11 14 2 5 34 10 18 2 1 66 2 117 3 2 101 10 67 16 269 2 4 28 6 29 2 1 124 2 126 1 5 146 2 17 118 29 45 2 6 23 12 23 1 7 17 4 15 122 16 175 27 208 29 134 3 21 49 22 33 24 31 2 17 57 29 155 3 24 58 28 62 30 36 2 8 185 22 133 3 4 214 8 139 9 156 2 11 53 12 121 2 9 16 12 17 3 13 182 14 178 22 168 2 1 199 14 283 4 3 42 7 34 15 33 30 5 3 1 94 21 252 30 75 4 5 215 14 214 17 106 29 246 2 4 35 6 27 3 13 41 17 20 25 33 2 17 126 18 95 2 1 86 20 29 3 2 195 10 277 16 57 3 7 93 14 52 19 103 4 5 97 14 116 17 138 29 237 3 20 55 21 9 27 14 3 16 64 23 32 26 124 3 12 26 13 100 26 93 2 24 218 29 101 3 4 167 16 118 27 161
35 3 2 17 3 21 11 14 2 5 34 10 18 2 1 66 2 117 3 2 101 10 67 16 269 2 4 28 6 29 2 1 124 2 126 1 5 146 2 17 118 29 45 2 6 23 12 23 1 7 17 4 15 122 16 175 27 208 29 134 3 21 49 22 33 24 31 2 17 57 29 155 3 24 58 28 62 30 36 2 8 185 22 133 3 4 214 8 139 9 156 2 11 53 12 121 2 9 16 12 17 3 13 182 14 178 22 168 2 1 199 14 283 4 3 42 7 34 15 33 30 5 3 1 94 21 252 30 75 4 5 215 14 214 17 106 29 246 2 4 35 6 27 3 13 41 17 20 25 33 2 17 126 18 95 2 1 86 20 29 3 2 195 10 277 16 57 3 7 93 14 52 19 103 4 5 97 14 116 17 138 29 237 3 20 55 21 9 27 14 3 16 64 23 32 26 124 3 12 26 13 100 26 93 2 24 218 29 101 3 4 167 16 118 27 161
37 2 1 190 2 95 3 2 119 10 72 16 240 3 4 222 16 145 27 185 3 12 96 13 44 26 150 3 4 164 16 135 27 109 3 2 20 3 23 11 24 2 24 42 29 57 2 1 194 2 36 1 7 43 2 4 31 6 6 2 24 135 29 82 2 8 34 22 132 3 21 46 22 29 24 14 1 5 311 2 6 36 12 99 3 4 60 8 152 9 231 2 6 88 12 85 2 5 12 10 46 2 1 46 20 100 1 5 67 2 11 106 12 67 2 5 41 10 17 2 9 16 12 5 3 13 120 14 123 22 249 2 1 36 14 110 4 3 48 7 36 15 28 30 17 4 15 260 16 303 27 137 29 303 3 20 34 21 42 27 38 4 5 134 14 247 17 194 29 79 2 17 53 18 191 3 1 107 21 62 30 37 2 17 76 29 174 3 7 165 14 23 19 170 1 7 45 3 16 34 23 108 26 75 3 24 23 28 90 30 88 3 13 71 17 47 25 34
37 2 1 190 2 95 3 2 119 10 72 16 240 3 4 222 16 145 27 185 3 12 96 13 44 26 150 3 4 164 16 135 27 109 3 2 20 3 23 11 24 2 24 42 29 57 2 1 194 2 36 1 7 43 2 4 31 6 6 2 24 135 29 82 2 8 34 22 132 3 21 46 22 29 24 14 1 5 311 2 6 36 12 99 3 4 60 8 152 9 231 2 6 88 12 85 2 5 12 10 46 2 1 46 20 100 1 5 67 2 11 106 12 67 2 5 41 10 17 2 9 16 12 5 3 13 120 14 123 22 249 2 1 36 14 110 4 3 48 7 36 15 28 30 17 4 15 260 16 303 27 137 29 303 3 20 34 21 42 27 38 4 5 134 14 247 17 194 29 79 2 17 53 18 191 3 1 107 21 62 30 37 2 17 76 29 174 3 7 165 14 23 19 170 1 7 45 3 16 34 23 108 26 75 3 24 23 28 90 30 88 3 13 71 17 47 25 34
37 2 1 190 2 95 3 2 119 10 72 16 240 3 4 222 16 145 27 185 3 12 96 13 44 26 150 3 4 164 16 135 27 109 3 2 20 3 23 11 24 2 24 42 29 57 2 1 194 2 36 1 7 43 2 4 31 6 6 2 24 135 29 82 2 8 34 22 132 3 21 46 22 29 24 14 1 5 311 2 6 36 12 99 3 4 60 8 152 9 231 2 6 88 12 85 2 5 12 10 46 2 1 46 20 100 1 5 67 2 11 106 12 67 2 5 41 10 17 2 9 16 12 5 3 13 120 14 123 22 249 2 1 36 14 110 4 3 48 7 36 15 28 30 17 4 15 260 16 303 27 137 29 303 3 20 34 21 42 27 38 4 5 134 14 247 17 194 29 79 2 17 53 18 191 3 1 107 21 62 30 37 2 17 76 29 174 3 7 165 14 23 19 170 1 7 45 3 16 34 23 108 26 75 3 24 23 28 90 30 88 3 13 71 17 47 25 34
36 2 1 108 2 210 3 2 79 10 224 16 182 3 2 9 3 22 11 9 2 4 20 6 26 1 5 120 2 17 212 18 288 2 6 73 12 89 2 1 109 2 84 1 7 28 2 8 135 22 126 3 4 84 8 278 9 237 2 11 94 12 80 2 17 275 18 120 3 7 39 14 175 19 165 4 15 160 16 63 27 294 29 147 3 4 162 16 31 27 225 3 21 41 22 16 24 107 2 1 60 2 173 2 5 20 10 40 2 9 16 12 7 3 13 74 14 197 22 236 2 9 5 12 8 2 17 25 29 85 3 13 9 17 26 25 21 4 3 40 7 34 15 25 30 47 3 16 121 23 98 26 101 2 1 135 14 204 4 5 118 14 139 17 165 29 119 2 1 87 20 54 3 20 53 21 8 27 19 2 17 137 29 96 3 12 85 13 54 26 90 3 20 60 21 34 27 31 2 24 44 29 212 3 24 36 28 88 30 64 3 1 279 21 144 30 68
31 2 1 125 2 183 3 2 141 10 49 16 238 3 2 21 3 4 11 20 2 4 11 6 10 1 5 257 2 6 22 12 92 1 7 30 2 8 48 22 72 3 4 194 8 198 9 100 2 5 46 10 6 2 11 75 12 125 2 17 219 18 136 3 1 241 21 252 30 61 4 5 110 14 200 17 130 29 41 3 13 18 17 82 25 34 2 9 8 12 15 2 1 52 20 27 3 13 127 14 232 22 306 3 2 181 10 331 16 62 2 1 77 14 316 4 3 48 7 15 15 34 30 41 4 15 332 16 166 27 326 29 130 3 7 46 14 82 19 22 3 4 221 16 206 27 160 3 20 38 21 54 27 11 3 16 78 23 104 26 124 3 21 20 22 91 24 60 2 24 97 29 176 3 12 153 13 129 26 88 3 24 127 28 75 30 14 2 17 141 29 148
37 2 1 187 2 197 3 2 89 10 106 16 172 3 4 80 16 235 27 118 3 12 147 13 29 26 123 3 4 40 16 117 27 140 3 2 9 3 23 11 18 2 24 74 29 147 2 1 33 2 59 1 7 5 2 4 35 6 16 2 24 218 29 59 2 8 131 22 67 3 21 65 22 33 24 108 1 5 97 2 6 72 12 78 3 4 69 8 254 9 162 2 6 24 12 77 2 5 30 10 41 2 1 21 20 114 1 5 233 2 11 40 12 50 2 5 44 10 29 2 9 6 12 7 3 13 314 14 158 22 36 2 1 73 14 138 4 3 25 7 33 15 19 30 20 4 15 336 16 89 27 208 29 256 3 20 37 21 53 27 15 4 5 78 14 227 17 249 29 134 2 17 200 18 185 3 1 84 21 200 30 230 2 17 126 29 99 3 7 63 14 64 19 173 1 7 12 3 16 25 23 28 26 102 3 24 126 28 113 30 116 3 13 78 17 23 25 18
36 2 1 138 2 108 3 2 72 10 61 16 149 3 2 18 3 12 11 12 2 4 11 6 23 1 5 87 2 17 92 18 142 2 6 32 12 99 2 1 72 2 211 1 7 43 2 8 154 22 68 3 4 79 8 229 9 108 2 11 30 12 88 2 17 192 18 147 3 7 71 14 45 19 93 4 15 116 16 105 27 151 29 280 3 4 51 16 222 27 86 3 21 85 22 68 24 22 2 1 209 2 143 2 5 46 10 46 2 9 10 12 14 3 13 254 14 237 22 134 2 9 3 12 7 2 17 134 29 71 3 13 45 17 14 25 22 4 3 9 7 20 15 13 30 33 3 16 85 23 61 26 103 2 1 248 14 210 4 5 107 14 57 17 69 29 123 2 1 121 20 50 3 20 21 21 31 27 23 2 17 32 29 159 3 12 120 13 27 26 153 3 20 9 21 47 27 34 2 24 85 29 205 3 24 42 28 45 30 115 3 1 288 21 127 30 315
36 2 1 130 2 67 1 7 45 3 2 213 10 227 16 62 2 17 96 29 40 3 20 39 21 52 27 37 3 2 25 3 2 11 13 3 2 156 10 229 16 333 2 5 20 10 42 2 4 13 6 6 1 5 124 2 6 86 12 76 2 1 19 20 59 2 8 168 22 73 3 20 7 21 55 27 18 4 3 5 7 34 15 32 30 5 3 13 39 17 42 25 64 2 4 9 6 13 3 4 99 8 240 9 175 3 2 45 10 115 16 144 2 11 107 12 104 2 9 11 12 8 3 13 46 14 181 22 122 3 12 34 13 35 26 71 2 17 256 18 160 3 2 22 3 14 11 13 2 1 136 14 98 4 15 281 16 144 27 76 29 322 4 5 45 14 137 17 47 29 252 3 7 43 14 149 19 146 3 21 33 22 87 24 48 3 16 72 23 130 26 77 2 24 68 29 91 3 24 117 28 21 30 55 4 15 119 16 136 27 103 29 96 3 4 111 16 64 27 189 3 1 35 21 177 30 85
34 2 1 38 2 112 3 2 277 10 282 16 56 2 1 200 2 117 3 2 10 3 13 11 7 3 20 46 21 46 27 10 2 6 86 12 69 2 9 16 12 16 2 4 10 6 29 2 17 160 29 35 1 5 84 3 2 16 3 14 11 12 4 15 224 16 84 27 95 29 213 1 7 11 2 8 208 22 68 3 4 121 8 237 9 159 2 5 5 10 25 2 11 43 12 64 2 24 105 29 114 3 4 147 16 181 27 134 3 13 116 14 287 22 293 2 1 251 14 220 4 3 48 7 35 15 17 30 13 4 5 164 14 38 17 51 29 177 2 24 71 29 125 3 7 34 14 179 19 58 3 1 48 21 62 30 271 2 17 182 18 307 3 24 89 28 76 30 25 2 1 89 20 73 3 21 53 22 23 24 22 3 16 128 23 74 26 74 3 13 63 17 84 25 39 2 17 67 29 111 3 12 147 13 130 26 127
37 2 1 196 2 155 3 2 239 10 38 16 276 3 2 4 3 10 11 11 2 6 31 12 80 3 2 45 10 308 16 219 2 4 33 6 7 3 2 11 3 24 11 16 1 5 179 2 11 84 12 95 3 13 17 17 56 25 48 1 7 32 3 13 40 17 54 25 26 2 8 42 22 24 4 3 46 7 33 15 30 30 11 3 4 225 8 217 9 262 2 5 19 10 27 2 9 14 12 4 2 8 180 22 96 3 12 91 13 132 26 133 4 5 139 14 176 17 47 29 177 2 1 83 20 102 3 16 63 23 94 26 79 3 13 308 14 176 22 92 2 1 205 14 293 4 15 312 16 58 27 241 29 192 2 9 13 12 8 2 17 284 18 296 3 20 8 21 41 27 33 3 7 126 14 62 19 48 2 1 66 20 75 3 24 77 28 63 30 45 3 4 100 16 220 27 103 3 21 13 22 33 24 98 3 7 165 14 104 19 75 2 24 84 29 90 2 17 177 29 55 3 1 97 21 269 30 173
36 2 1 37 2 153 3 2 96 10 41 16 113 3 2 25 3 14 11 24 2 4 23 6 25 1 5 67 2 17 231 18 201 2 6 82 12 52 2 1 116 2 103 1 7 7 2 8 34 22 155 3 4 59 8 65 9 257 2 11 127 12 68 2 17 170 18 66 3 7 40 14 158 19 120 4 15 53 16 271 27 140 29 326 3 4 56 16 144 27 151 3 21 13 22 85 24 25 2 1 138 2 107 2 5 15 10 25 2 9 9 12 9 3 13 164 14 92 22 140 2 9 6 12 16 2 17 124 29 107 3 13 14 17 77 25 41 4 3 33 7 26 15 14 30 26 3 16 89 23 48 26 20 2 1 85 14 108 4 5 182 14 81 17 171 29 228 2 1 92 20 62 3 20 7 21 10 27 11 2 17 23 29 182 3 12 59 13 37 26 24 3 20 9 21 50 27 36 2 24 206 29 124 3 24 85 28 25 30 22 3 1 251 21 89 30 54
36 2 1 109 2 76 1 7 18 3 2 69 10 139 16 132 2 17 143 29 160 3 20 58 21 40 27 10 3 2 24 3 6 11 8 3 2 288 10 196 16 225 2 5 12 10 40 2 4 34 6 11 1 5 79 2 6 75 12 95 2 1 36 20 104 2 8 25 22 205 3 20 31 21 16 27 50 4 3 14 7 43 15 8 30 7 3 13 11 17 64 25 75 2 4 17 6 32 3 4 95 8 99 9 194 3 2 246 10 60 16 43 2 11 19 12 82 2 9 4 12 8 3 13 245 14 114 22 229 3 12 46 13 82 26 92 2 17 97 18 297 3 2 21 3 15 11 9 2 1 171 14 318 4 15 187 16 190 27 222 29 128 4 5 39 14 63 17 209 29 122 3 7 136 14 168 19 129 3 21 80 22 92 24 94 3 16 138 23 116 26 48 2 24 102 29 169 3 24 45 28 54 30 119 4 15 319 16 248 27 144 29 309 3 4 186 16 167 27 215 3 1 187 21 265 30 179
36 2 1 109 2 76 1 7 18 3 2 69 10 139 16 132 2 17 143 29 160 3 20 58 21 40 27 10 3 2 24 3 6 11 8 3 2 288 10 196 16 225 2 5 12 10 40 2 4 34 6 11 1 5 79 2 6 75 12 95 2 1 36 20 104 2 8 25 22 205 3 20 31 21 16 27 50 4 3 14 7 43 15 8 30 7 3 13 11 17 64 25 75 2 4 17 6 32 3 4 95 8 99 9 194 3 2 246 10 60 16 43 2 11 19 12 82 2 9 4 12 8 3 13 245 14 114 22 229 3 12 46 13 82 26 92 2 17 97 18 297 3 2 21 3 15 11 9 2 1 171 14 318 4 15 187 16 190 27 222 29 128 4 5 39 14 63 17 209 29 122 3 7 136 14 168 19 129 3 21 80 22 92 24 94 3 16 138 23 116 26 48 2 24 102 29 169 3 24 45 28 54 30 119 4 15 319 16 248 27 144 29 309 3 4 186 16 167 27 215 3 1 187 21 265 30 179
35 3 2 3 3 10 11 23 2 5 36 10 26 2 1 119 2 40 3 2 250 10 327 16 137 2 4 36 6 23 2 1 144 2 177 1 5 181 2 17 192 29 46 2 6 24 12 57 1 7 21 4 15 269 16 185 27 184 29 284 3 21 16 22 42 24 96 2 17 124 29 78 3 24 70 28 31 30 27 2 8 120 22 34 3 4 138 8 78 9 36 2 11 70 12 116 2 9 10 12 3 3 13 240 14 56 22 209 2 1 265 14 114 4 3 23 7 22 15 10 30 11 3 1 136 21 44 30 105 4 5 89 14 246 17 181 29 170 2 4 4 6 9 3 13 23 17 44 25 69 2 17 241 18 224 2 1 71 20 47 3 2 73 10 183 16 146 3 7 149 14 99 19 93 4 5 248 14 39 17 107 29 73 3 20 15 21 40 27 47 3 16 79 23 133 26 42 3 12 129 13 130 26 152 2 24 164 29 119 3 4 188 16 236 27 145
35 3 2 3 3 10 11 23 2 5 36 10 26 2 1 119 2 40 3 2 250 10 327 16 137 2 4 36 6 23 2 1 144 2 177 1 5 181 2 17 192 29 46 2 6 24 12 57 1 7 21 4 15 269 16 185 27 184 29 284 3 21 16 22 42 24 96 2 17 124 29 78 3 24 70 28 31 30 27 2 8 120 22 34 3 4 138 8 78 9 36 2 11 70 12 116 2 9 10 12 3 3 13 240 14 56 22 209 2 1 265 14 114 4 3 23 7 22 15 10 30 11 3 1 136 21 44 30 105 4 5 89 14 246 17 181 29 170 2 4 4 6 9 3 13 23 17 44 25 69 2 17 241 18 224 2 1 71 20 47 3 2 73 10 183 16 146 3 7 149 14 99 19 93 4 5 248 14 39 17 107 29 73 3 20 15 21 40 27 47 3 16 79 23 133 26 42 3 12 129 13 130 26 152 2 24 164 29 119 3 4 188 16 236 27 145
33 2 1 133 2 146 3 2 221 10 183 16 119 3 2 9 3 22 11 9 2 4 8 6 23 1 5 68 2 6 96 12 72 2 11 85 12 116 1 7 42 2 24 116 29 256 2 8 152 22 47 2 24 263 29 108 3 4 201 8 207 9 271 3 12 142 13 66 26 87 2 5 36 10 14 2 9 9 12 6 3 4 207 16 37 27 106 3 13 116 14 204 22 193 2 1 90 14 295 4 3 11 7 14 15 15 30 18 4 15 303 16 265 27 338 29 110 4 5 167 14 216 17 132 29 83 2 17 305 18 273 3 7 132 14 33 19 44 3 1 83 21 159 30 244 3 13 63 17 18 25 81 4 3 39 7 23 15 13 30 41 2 1 91 20 59 3 20 38 21 31 27 28 3 21 66 22 40 24 44 3 16 121 23 20 26 34 3 24 128 28 31 30 65 2 9 9 12 4 2 17 124 29 79
33 2 1 98 2 85 3 2 99 10 275 16 314 3 2 9 3 10 11 10 2 4 36 6 18 1 5 75 2 6 65 12 58 2 11 27 12 40 1 7 30 2 24 119 29 154 2 8 60 22 126 2 24 237 29 167 3 4 169 8 143 9 149 3 12 51 13 103 26 163 2 5 25 10 36 2 9 15 12 2 3 4 89 16 214 27 63 3 13 209 14 78 22 74 2 1 164 14 82 4 3 24 7 42 15 41 30 43 4 15 309 16 175 27 160 29 132 4 5 100 14 66 17 196 29 123 2 17 160 18 179 3 7 93 14 130 19 85 3 1 224 21 39 30 99 3 13 12 17 25 25 59 4 3 11 7 6 15 29 30 26 2 1 66 20 115 3 20 38 21 36 27 59 3 21 13 22 53 24 81 3 16 85 23 116 26 117 3 24 113 28 101 30 112 2 9 11 12 17 2 17 137 29 148
34 2 8 63 22 140 2 1 53 2 24 3 2 57 10 39 16 246 2 24 34 29 34 2 1 150 2 137 3 2 5 3 20 11 22 2 4 7 6 25 1 5 291 2 6 78 12 76 3 4 101 16 84 27 60 2 6 94 12 29 1 7 44 3 4 286 8 137 9 194 3 13 216 14 156 22 38 4 3 12 7 30 15 20 30 10 2 5 18 10 17 2 11 28 12 125 2 9 6 12 10 2 1 219 14 40 2 17 143 18 87 3 24 68 28 64 30 61 4 15 306 16 123 27 112 29 101 4 5 163 14 152 17 152 29 242 3 7 124 14 94 19 95 2 1 25 20 27 3 12 27 13 114 26 89 3 20 19 21 52 27 54 3 21 28 22 49 24 92 2 11 28 12 127 3 16 135 23 90 26 135 3 13 40 17 21 25 64 2 17 187 29 160 2 8 99 22 53 3 1 222 21 94 30 51
36 2 1 139 2 70 3 2 313 10 109 16 126 3 2 23 3 18 11 19 2 4 16 6 13 1 5 117 2 17 49 18 87 2 6 99 12 78 2 1 43 2 201 1 7 36 2 8 74 22 96 3 4 195 8 89 9 132 2 11 125 12 121 2 17 236 18 307 3 7 29 14 34 19 140 4 15 178 16 313 27 78 29 86 3 4 165 16 27 27 109 3 21 41 22 57 24 63 2 1 116 2 119 2 5 45 10 36 2 9 16 12 9 3 13 79 14 209 22 202 2 9 15 12 15 2 17 78 29 84 3 13 37 17 51 25 60 4 3 21 7 11 15 34 30 42 3 16 49 23 25 26 85 2 1 150 14 173 4 5 140 14 67 17 200 29 240 2 1 51 20 30 3 20 12 21 39 27 16 2 17 105 29 146 3 12 158 13 141 26 70 3 20 55 21 18 27 34 2 24 195 29 42 3 24 50 28 110 30 102 3 1 59 21 111 30 313
36 2 1 55 2 125 3 2 184 10 142 16 303 2 1 67 2 194 3 2 23 3 19 11 15 2 24 196 29 234 2 4 16 6 33 3 13 195 14 43 22 303 2 6 45 12 11 2 17 118 29 35 3 7 80 14 138 19 59 1 5 47 2 17 171 29 63 2 17 37 18 253 3 24 63 28 87 30 43 1 7 5 3 20 17 21 15 27 32 2 5 37 10 10 2 8 133 22 212 3 4 105 8 169 9 181 2 17 160 29 144 2 11 110 12 40 2 9 3 12 10 2 1 18 20 109 2 9 13 12 13 3 13 48 17 60 25 77 2 1 167 14 230 3 1 64 21 230 30 93 2 1 26 20 48 3 4 197 16 75 27 35 2 1 62 14 115 4 3 10 7 24 15 41 30 41 4 15 271 16 335 27 334 29 107 4 5 78 14 200 17 62 29 244 3 21 35 22 87 24 103 3 16 57 23 81 26 115 3 12 73 13 154 26 28
33 3 2 12 3 8 11 14 2 1 102 20 86 2 1 136 2 179 3 2 236 10 207 16 63 2 1 171 2 146 2 4 27 6 36 4 15 322 16 184 27 307 29 210 1 5 70 2 17 61 18 146 2 6 76 12 86 3 2 244 10 149 16 269 1 7 26 2 11 51 12 59 2 8 32 22 73 3 4 233 8 229 9 216 2 5 8 10 41 2 9 2 12 16 3 20 60 21 59 27 7 3 24 110 28 15 30 91 3 12 54 13 18 26 67 1 5 231 3 13 216 14 43 22 147 3 4 178 16 83 27 190 3 7 58 14 175 19 178 2 1 304 14 167 4 5 241 14 185 17 86 29 103 4 3 7 7 7 15 46 30 43 3 13 40 17 54 25 35 3 21 71 22 69 24 90 3 16 95 23 106 26 44 2 24 154 29 258 3 1 288 21 98 30 180 2 17 52 29 65
33 3 2 12 3 8 11 14 2 1 102 20 86 2 1 136 2 179 3 2 236 10 207 16 63 2 1 171 2 146 2 4 27 6 36 4 15 322 16 184 27 307 29 210 1 5 70 2 17 61 18 146 2 6 76 12 86 3 2 244 10 149 16 269 1 7 26 2 11 51 12 59 2 8 32 22 73 3 4 233 8 229 9 216 2 5 8 10 41 2 9 2 12 16 3 20 60 21 59 27 7 3 24 110 28 15 30 91 3 12 54 13 18 26 67 1 5 231 3 13 216 14 43 22 147 3 4 178 16 83 27 190 3 7 58 14 175 19 178 2 1 304 14 167 4 5 241 14 185 17 86 29 103 4 3 7 7 7 15 46 30 43 3 13 40 17 54 25 35 3 21 71 22 69 24 90 3 16 95 23 106 26 44 2 24 154 29 258 3 1 288 21 98 30 180 2 17 52 29 65
37 2 1 156 2 190 3 2 258 10 275 16 225 3 4 208 16 185 27 52 3 12 157 13 159 26 58 3 4 109 16 60 27 70 3 2 17 3 6 11 15 2 24 171 29 105 2 1 116 2 133 1 7 15 2 4 20 6 27 2 24 49 29 221 2 8 177 22 35 3 21 61 22 54 24 19 1 5 113 2 6 12 12 27 3 4 110 8 104 9 51 2 6 44 12 23 2 5 11 10 46 2 1 77 20 18 1 5 91 2 11 95 12 74 2 5 33 10 37 2 9 11 12 4 3 13 195 14 285 22 166 2 1 76 14 100 4 3 22 7 16 15 13 30 9 4 15 73 16 175 27 278 29 47 3 20 60 21 35 27 36 4 5 120 14 89 17 135 29 112 2 17 255 18 242 3 1 53 21 211 30 112 2 17 188 29 29 3 7 169 14 151 19 132 1 7 18 3 16 46 23 120 26 51 3 24 106 28 104 30 87 3 13 34 17 46 25 47
DUE_DATES: 9318 9148 9472 9472 8914 8800 8800 8800 8923 8923 8923 8923 9375 9375 8631 8631 8648 8648 9567 10668 10668 8292 8292 8292 8631 8875 8875 9096 9096 9096 9367 8888 9175 8854 8232 8689 9934 7814 9688 9688 9259 9259 8819 7869 7974 8786 8965 9509 9509 8935
WEIGHTS: 2 3 3 2 3 2 1 2 2 3 3 1 2 2 2 1 1 2 2 3 1 2 1 1 3 3 1 3 2 1 3 2 2 2 1 2 3 1 1 1 3 3 2 1 3 3 1 1 3 2
