50 30
34 2 1 125 19 179 2 1 136 29 136 3 2 129 26 66 28 229 2 1 140 19 46 3 5 14 15 27 26 18 2 1 220 19 154 2 3 10 7 17 2 1 31 29 88 2 13 43 26 17 2 2 10 4 17 2 7 82 26 91 3 6 215 15 45 21 244 2 7 77 8 130 3 5 13 6 10 8 11 3 1 61 17 23 21 72 2 9 98 24 17 2 10 112 13 153 2 21 2 23 2 3 6 124 20 261 30 35 4 6 36 8 70 16 64 23 16 3 16 60 22 49 30 70 2 11 119 14 135 2 12 115 15 174 2 23 42 28 81 3 10 164 14 178 26 28 2 23 29 24 13 2 27 31 30 23 3 12 60 23 67 25 54 2 18 130 20 165 3 7 92 15 88 28 26 3 2 46 11 144 18 90 2 3 30 7 10 2 16 234 29 233 3 6 284 13 316 23 177
34 2 1 125 19 179 2 1 136 29 136 3 2 129 26 66 28 229 2 1 140 19 46 3 5 14 15 27 26 18 2 1 220 19 154 2 3 10 7 17 2 1 31 29 88 2 13 43 26 17 2 2 10 4 17 2 7 82 26 91 3 6 215 15 45 21 244 2 7 77 8 130 3 5 13 6 10 8 11 3 1 61 17 23 21 72 2 9 98 24 17 2 10 112 13 153 2 21 2 23 2 3 6 124 20 261 30 35 4 6 36 8 70 16 64 23 16 3 16 60 22 49 30 70 2 11 119 14 135 2 12 115 15 174 2 23 42 28 81 3 10 164 14 178 26 28 2 23 29 24 13 2 27 31 30 23 3 12 60 23 67 25 54 2 18 130 20 165 3 7 92 15 88 28 26 3 2 46 11 144 18 90 2 3 30 7 10 2 16 234 29 233 3 6 284 13 316 23 177
36 2 7 247 26 124 2 1 140 29 96 2 7 246 26 187 3 12 35 23 52 25 49 3 2 190 26 184 28 48 2 3 28 7 56 2 2 16 4 2 3 10 74 14 150 26 27 3 5 33 15 24 26 21 2 23 212 28 160 2 23 10 24 22 2 13 10 26 66 3 6 93 15 116 21 253 2 7 120 8 131 3 6 206 15 198 21 144 3 5 14 6 4 8 2 2 9 17 24 41 2 10 186 13 63 2 13 81 26 51 2 11 154 14 43 2 1 99 29 225 2 12 164 15 47 3 7 59 15 154 28 51 3 1 50 17 27 21 12 4 6 65 8 29 16 61 23 20 2 2 16 4 4 3 6 91 20 55 30 55 2 18 139 20 184 3 2 55 11 68 18 134 2 1 75 19 114 2 21 3 23 1 3 16 58 22 76 30 13 3 6 125 13 278 23 225 2 16 265 29 38 2 23 11 24 13 2 27 15 30 14
36 2 7 247 26 124 2 1 140 29 96 2 7 246 26 187 3 12 35 23 52 25 49 3 2 190 26 184 28 48 2 3 28 7 56 2 2 16 4 2 3 10 74 14 150 26 27 3 5 33 15 24 26 21 2 23 212 28 160 2 23 10 24 22 2 13 10 26 66 3 6 93 15 116 21 253 2 7 120 8 131 3 6 206 15 198 21 144 3 5 14 6 4 8 2 2 9 17 24 41 2 10 186 13 63 2 13 81 26 51 2 11 154 14 43 2 1 99 29 225 2 12 164 15 47 3 7 59 15 154 28 51 3 1 50 17 27 21 12 4 6 65 8 29 16 61 23 20 2 2 16 4 4 3 6 91 20 55 30 55 2 18 139 20 184 3 2 55 11 68 18 134 2 1 75 19 114 2 21 3 23 1 3 16 58 22 76 30 13 3 6 125 13 278 23 225 2 16 265 29 38 2 23 11 24 13 2 27 15 30 14
34 2 1 126 19 190 2 1 106 29 135 3 2 195 26 195 28 200 2 1 138 19 217 3 5 19 15 52 26 21 2 1 77 19 37 2 3 61 7 36 2 1 208 29 199 2 13 9 26 28 2 2 13 4 14 2 7 85 26 38 3 6 64 15 204 21 71 2 7 36 8 59 3 5 6 6 11 8 9 3 1 13 17 58 21 69 2 9 43 24 96 2 10 57 13 150 2 21 4 23 4 3 6 84 20 68 30 277 4 6 47 8 41 16 12 23 34 3 16 64 22 64 30 38 2 11 62 14 110 2 12 39 15 121 2 23 247 28 90 3 10 58 14 29 26 121 2 23 26 24 28 2 27 31 30 6 3 12 88 23 66 25 83 2 18 129 20 116 3 7 100 15 127 28 126 3 2 240 11 172 18 180 2 3 28 7 43 2 16 294 29 111 3 6 263 13 226 23 126
34 2 1 126 19 190 2 1 106 29 135 3 2 195 26 195 28 200 2 1 138 19 217 3 5 19 15 52 26 21 2 1 77 19 37 2 3 61 7 36 2 1 208 29 199 2 13 9 26 28 2 2 13 4 14 2 7 85 26 38 3 6 64 15 204 21 71 2 7 36 8 59 3 5 6 6 11 8 9 3 1 13 17 58 21 69 2 9 43 24 96 2 10 57 13 150 2 21 4 23 4 3 6 84 20 68 30 277 4 6 47 8 41 16 12 23 34 3 16 64 22 64 30 38 2 11 62 14 110 2 12 39 15 121 2 23 247 28 90 3 10 58 14 29 26 121 2 23 26 24 28 2 27 31 30 6 3 12 88 23 66 25 83 2 18 129 20 116 3 7 100 15 127 28 126 3 2 240 11 172 18 180 2 3 28 7 43 2 16 294 29 111 3 6 263 13 226 23 126
34 2 1 126 19 190 2 1 106 29 135 3 2 195 26 195 28 200 2 1 138 19 217 3 5 19 15 52 26 21 2 1 77 19 37 2 3 61 7 36 2 1 208 29 199 2 13 9 26 28 2 2 13 4 14 2 7 85 26 38 3 6 64 15 204 21 71 2 7 36 8 59 3 5 6 6 11 8 9 3 1 13 17 58 21 69 2 9 43 24 96 2 10 57 13 150 2 21 4 23 4 3 6 84 20 68 30 277 4 6 47 8 41 16 12 23 34 3 16 64 22 64 30 38 2 11 62 14 110 2 12 39 15 121 2 23 247 28 90 3 10 58 14 29 26 121 2 23 26 24 28 2 27 31 30 6 3 12 88 23 66 25 83 2 18 129 20 116 3 7 100 15 127 28 126 3 2 240 11 172 18 180 2 3 28 7 43 2 16 294 29 111 3 6 263 13 226 23 126
36 2 1 168 29 38 2 12 58 15 100 3 2 90 26 90 28 243 2 1 98 29 114 2 3 61 7 38 2 2 3 4 2 2 23 58 28 63 2 9 94 24 13 3 5 31 15 17 26 19 3 6 134 15 230 21 200 2 23 258 28 64 2 7 66 8 89 2 23 156 28 213 3 6 178 20 253 30 121 2 23 10 24 32 3 5 8 6 6 8 12 2 10 132 13 213 2 11 63 14 121 2 27 5 30 39 2 13 21 26 12 3 2 78 26 96 28 218 3 10 41 14 69 26 119 2 1 161 19 142 3 7 142 15 45 28 84 2 13 57 26 32 4 6 10 8 54 16 46 23 61 2 27 27 30 19 3 1 16 17 38 21 44 3 2 263 11 129 18 68 2 18 181 20 35 2 21 5 23 5 3 16 45 22 25 30 32 3 6 174 13 308 23 312 3 12 89 23 81 25 79 2 16 72 29 147 2 7 163 26 229
37 2 1 45 29 172 3 6 140 20 178 30 95 2 1 211 29 102 3 2 227 26 77 28 243 2 3 41 7 55 2 2 10 4 9 3 5 24 15 18 26 43 3 2 59 11 307 18 188 3 5 25 15 40 26 28 3 6 35 15 230 21 134 3 5 34 15 27 26 14 2 7 56 8 73 3 5 10 6 10 8 10 2 9 40 24 76 4 6 51 8 22 16 14 23 71 3 5 45 15 47 26 12 2 27 37 30 35 3 6 195 15 148 21 53 3 7 83 15 160 28 179 2 10 36 13 40 3 6 314 13 113 23 223 2 11 45 14 63 2 12 41 15 163 2 13 68 26 28 3 10 133 14 177 26 32 2 23 200 28 63 3 1 38 17 43 21 57 2 1 35 19 141 2 18 264 20 265 2 16 149 29 168 2 18 301 20 186 2 21 7 23 7 3 16 11 22 74 30 71 2 23 31 24 15 3 12 49 23 47 25 51 2 27 7 30 10 2 7 147 26 81
36 2 12 132 15 150 2 1 227 29 104 3 2 244 26 33 28 211 2 3 33 7 33 2 2 17 4 17 3 5 53 15 20 26 16 3 2 71 26 72 28 241 2 10 42 13 215 3 6 230 15 228 21 40 2 7 128 8 57 3 5 8 6 5 8 6 2 21 5 23 8 2 16 200 29 85 2 9 104 24 96 2 11 19 14 120 2 13 75 26 13 3 10 68 14 97 26 147 3 7 185 15 129 28 167 2 2 3 4 6 3 16 20 22 68 30 21 4 6 72 8 58 16 33 23 59 3 7 50 15 72 28 49 3 1 36 17 43 21 31 3 5 2 6 8 8 8 2 18 260 20 40 3 6 69 13 206 23 202 3 10 55 14 164 26 122 2 1 41 19 215 2 18 256 20 252 2 23 236 28 50 3 2 152 11 276 18 314 2 23 24 24 24 3 12 101 23 75 25 68 2 27 15 30 27 2 7 210 26 82 3 6 277 20 66 30 175
36 2 12 132 15 150 2 1 227 29 104 3 2 244 26 33 28 211 2 3 33 7 33 2 2 17 4 17 3 5 53 15 20 26 16 3 2 71 26 72 28 241 2 10 42 13 215 3 6 230 15 228 21 40 2 7 128 8 57 3 5 8 6 5 8 6 2 21 5 23 8 2 16 200 29 85 2 9 104 24 96 2 11 19 14 120 2 13 75 26 13 3 10 68 14 97 26 147 3 7 185 15 129 28 167 2 2 3 4 6 3 16 20 22 68 30 21 4 6 72 8 58 16 33 23 59 3 7 50 15 72 28 49 3 1 36 17 43 21 31 3 5 2 6 8 8 8 2 18 260 20 40 3 6 69 13 206 23 202 3 10 55 14 164 26 122 2 1 41 19 215 2 18 256 20 252 2 23 236 28 50 3 2 152 11 276 18 314 2 23 24 24 24 3 12 101 23 75 25 68 2 27 15 30 27 2 7 210 26 82 3 6 277 20 66 30 175
36 2 7 221 26 213 2 1 215 29 169 2 7 100 26 204 3 12 54 23 37 25 57 3 2 30 26 135 28 102 2 3 10 7 42 2 2 13 4 9 3 10 78 14 69 26 131 3 5 44 15 43 26 13 2 23 126 28 80 2 23 8 24 7 2 13 20 26 31 3 6 215 15 56 21 184 2 7 119 8 33 3 6 92 15 87 21 213 3 5 2 6 4 8 13 2 9 89 24 55 2 10 219 13 94 2 13 79 26 20 2 11 18 14 131 2 1 129 29 75 2 12 69 15 207 3 7 119 15 49 28 180 3 1 41 17 28 21 70 4 6 66 8 64 16 45 23 42 2 2 5 4 12 3 6 206 20 91 30 270 2 18 219 20 167 3 2 212 11 259 18 256 2 1 96 19 224 2 21 3 23 3 3 16 56 22 67 30 65 3 6 214 13 170 23 324 2 16 188 29 147 2 23 9 24 22 2 27 8 30 10
38 2 1 50 29 31 3 2 135 26 198 28 166 3 12 91 23 64 25 90 2 1 161 29 121 2 13 72 26 54 2 3 37 7 61 3 12 59 23 81 25 100 2 27 19 30 24 2 2 16 4 7 2 3 80 7 19 3 5 34 15 25 26 39 2 10 118 13 204 3 6 67 15 201 21 47 2 3 30 7 75 2 7 66 8 89 3 5 13 6 13 8 12 2 9 85 24 101 2 11 145 14 103 2 12 181 15 68 2 7 166 26 125 2 27 40 30 12 3 16 33 22 26 30 63 3 10 189 14 25 26 71 3 6 134 15 77 21 103 2 1 118 19 41 3 7 114 15 61 28 66 4 6 61 8 38 16 18 23 19 2 11 27 14 150 3 6 91 20 125 30 38 3 1 49 17 59 21 36 3 2 94 11 110 18 129 2 18 265 20 181 3 6 168 13 120 23 99 2 21 1 23 6 3 12 89 23 83 25 94 2 23 34 24 8 2 16 85 29 190 2 23 277 28 296
33 2 1 99 29 91 2 7 121 8 112 3 2 225 26 76 28 218 3 7 108 15 54 28 133 2 3 63 7 55 2 2 3 4 7 3 5 46 15 21 26 30 3 7 129 15 174 28 163 3 6 250 15 138 21 117 3 5 4 6 2 8 14 2 9 27 24 101 2 10 89 13 106 2 11 37 14 24 2 12 161 15 62 2 13 23 26 18 2 9 104 24 97 3 10 103 14 127 26 139 4 6 13 8 63 16 27 23 20 3 1 36 17 11 21 26 3 2 276 11 52 18 85 2 1 102 19 181 2 18 64 20 42 2 21 5 23 5 3 6 235 20 295 30 170 3 16 19 22 26 30 83 3 6 149 13 177 23 222 2 23 30 24 4 2 16 177 29 57 3 12 52 23 71 25 38 2 23 265 28 168 2 13 20 26 32 2 27 4 30 23 2 7 85 26 64
38 2 1 98 29 46 3 2 146 26 191 28 228 2 3 14 7 28 2 2 16 4 3 3 2 36 26 223 28 29 3 5 10 15 12 26 16 3 6 230 15 191 21 131 2 1 58 29 175 2 10 27 13 173 2 2 8 4 15 3 12 97 23 81 25 14 2 7 83 8 19 2 2 12 4 16 2 9 21 24 94 3 2 212 26 62 28 224 3 1 23 17 68 21 77 3 5 12 6 6 8 7 2 11 114 14 32 2 12 30 15 131 3 5 47 15 40 26 19 2 27 31 30 21 3 5 50 15 30 26 31 4 6 52 8 55 16 46 23 66 2 13 42 26 22 3 7 194 15 102 28 28 2 21 7 23 6 3 10 142 14 86 26 159 3 2 169 11 321 18 333 2 7 255 26 49 2 1 222 19 136 2 18 163 20 149 3 16 41 22 58 30 42 2 23 277 28 59 3 6 275 13 142 23 248 2 23 129 28 261 2 23 27 24 15 2 16 249 29 296 3 6 78 20 88 30 241
36 2 7 94 26 245 2 1 228 29 81 2 7 32 26 187 3 12 12 23 98 25 95 3 2 211 26 37 28 31 2 3 34 7 51 2 2 12 4 9 3 10 30 14 91 26 145 3 5 13 15 32 26 15 2 23 286 28 128 2 23 10 24 16 2 13 27 26 75 3 6 138 15 96 21 97 2 7 64 8 101 3 6 189 15 236 21 130 3 5 5 6 6 8 3 2 9 82 24 22 2 10 81 13 107 2 13 60 26 30 2 11 102 14 64 2 1 221 29 77 2 12 29 15 53 3 7 80 15 199 28 105 3 1 58 17 61 21 28 4 6 26 8 41 16 60 23 21 2 2 4 4 11 3 6 233 20 65 30 196 2 18 106 20 46 3 2 106 11 241 18 102 2 1 63 19 125 2 21 6 23 7 3 16 32 22 17 30 41 3 6 231 13 255 23 290 2 16 118 29 179 2 23 28 24 20 2 27 36 30 12
36 2 7 94 26 245 2 1 228 29 81 2 7 32 26 187 3 12 12 23 98 25 95 3 2 211 26 37 28 31 2 3 34 7 51 2 2 12 4 9 3 10 30 14 91 26 145 3 5 13 15 32 26 15 2 23 286 28 128 2 23 10 24 16 2 13 27 26 75 3 6 138 15 96 21 97 2 7 64 8 101 3 6 189 15 236 21 130 3 5 5 6 6 8 3 2 9 82 24 22 2 10 81 13 107 2 13 60 26 30 2 11 102 14 64 2 1 221 29 77 2 12 29 15 53 3 7 80 15 199 28 105 3 1 58 17 61 21 28 4 6 26 8 41 16 60 23 21 2 2 4 4 11 3 6 233 20 65 30 196 2 18 106 20 46 3 2 106 11 241 18 102 2 1 63 19 125 2 21 6 23 7 3 16 32 22 17 30 41 3 6 231 13 255 23 290 2 16 118 29 179 2 23 28 24 20 2 27 36 30 12
34 2 1 204 29 208 3 2 118 26 39 28 93 2 1 33 29 186 3 10 177 14 90 26 29 2 3 64 7 34 2 2 15 4 11 2 7 72 8 68 3 5 25 15 38 26 47 2 23 73 28 186 3 1 52 17 16 21 47 3 6 100 15 213 21 162 2 23 17 24 25 3 5 10 6 2 8 11 2 1 94 29 165 2 9 27 24 75 3 2 305 11 38 18 174 3 6 114 20 258 30 116 2 10 148 13 77 2 9 62 24 107 2 11 145 14 104 2 12 238 15 180 2 21 5 23 1 3 7 69 15 26 28 170 2 13 49 26 28 4 6 22 8 41 16 55 23 15 2 27 16 30 12 2 1 77 19 178 3 12 38 23 43 25 15 2 18 76 20 123 3 16 11 22 32 30 69 3 6 49 13 333 23 73 2 7 36 26 90 3 16 50 22 51 30 78 2 16 186 29 74
33 2 1 84 29 188 2 7 98 8 103 3 2 62 26 228 28 60 3 7 186 15 175 28 63 2 3 40 7 59 2 2 14 4 7 3 5 47 15 47 26 51 3 7 69 15 32 28 81 3 6 234 15 206 21 93 3 5 5 6 13 8 7 2 9 104 24 61 2 10 45 13 80 2 11 55 14 37 2 12 180 15 75 2 13 60 26 49 2 9 61 24 35 3 10 192 14 52 26 84 4 6 15 8 72 16 12 23 15 3 1 77 17 15 21 38 3 2 167 11 273 18 320 2 1 143 19 81 2 18 223 20 252 2 21 5 23 3 3 6 186 20 148 30 117 3 16 52 22 9 30 16 3 6 287 13 314 23 102 2 23 32 24 35 2 16 257 29 245 3 12 93 23 63 25 65 2 23 160 28 271 2 13 39 26 31 2 27 5 30 26 2 7 68 26 255
33 2 1 99 29 117 2 7 53 8 41 3 2 143 26 130 28 34 3 7 111 15 71 28 201 2 3 68 7 22 2 2 10 4 2 3 5 29 15 52 26 31 3 7 135 15 139 28 50 3 6 76 15 133 21 220 3 5 2 6 4 8 5 2 9 81 24 88 2 10 211 13 39 2 11 40 14 46 2 12 151 15 159 2 13 28 26 51 2 9 77 24 68 3 10 61 14 42 26 93 4 6 29 8 25 16 12 23 69 3 1 51 17 77 21 53 3 2 245 11 127 18 65 2 1 179 19 211 2 18 193 20 251 2 21 3 23 5 3 6 86 20 266 30 55 3 16 83 22 32 30 25 3 6 64 13 164 23 307 2 23 22 24 32 2 16 213 29 61 3 12 45 23 21 25 85 2 23 232 28 55 2 13 23 26 54 2 27 29 30 35 2 7 193 26 252
33 2 1 99 29 117 2 7 53 8 41 3 2 143 26 130 28 34 3 7 111 15 71 28 201 2 3 68 7 22 2 2 10 4 2 3 5 29 15 52 26 31 3 7 135 15 139 28 50 3 6 76 15 133 21 220 3 5 2 6 4 8 5 2 9 81 24 88 2 10 211 13 39 2 11 40 14 46 2 12 151 15 159 2 13 28 26 51 2 9 77 24 68 3 10 61 14 42 26 93 4 6 29 8 25 16 12 23 69 3 1 51 17 77 21 53 3 2 245 11 127 18 65 2 1 179 19 211 2 18 193 20 251 2 21 3 23 5 3 6 86 20 266 30 55 3 16 83 22 32 30 25 3 6 64 13 164 23 307 2 23 22 24 32 2 16 213 29 61 3 12 45 23 21 25 85 2 23 232 28 55 2 13 23 26 54 2 27 29 30 35 2 7 193 26 252
33 2 1 99 29 117 2 7 53 8 41 3 2 143 26 130 28 34 3 7 111 15 71 28 201 2 3 68 7 22 2 2 10 4 2 3 5 29 15 52 26 31 3 7 135 15 139 28 50 3 6 76 15 133 21 220 3 5 2 6 4 8 5 2 9 81 24 88 2 10 211 13 39 2 11 40 14 46 2 12 151 15 159 2 13 28 26 51 2 9 77 24 68 3 10 61 14 42 26 93 4 6 29 8 25 16 12 23 69 3 1 51 17 77 21 53 3 2 245 11 127 18 65 2 1 179 19 211 2 18 193 20 251 2 21 3 23 5 3 6 86 20 266 30 55 3 16 83 22 32 30 25 3 6 64 13 164 23 307 2 23 22 24 32 2 16 213 29 61 3 12 45 23 21 25 85 2 23 232 28 55 2 13 23 26 54 2 27 29 30 35 2 7 193 26 252
33 2 1 78 29 62 2 7 34 8 47 3 2 197 26 53 28 107 3 7 98 15 159 28 194 2 3 77 7 65 2 2 14 4 5 3 5 42 15 34 26 23 3 7 96 15 204 28 28 3 6 63 15 215 21 48 3 5 3 6 2 8 12 2 9 63 24 33 2 10 205 13 187 2 11 84 14 115 2 12 87 15 228 2 13 56 26 69 2 9 92 24 52 3 10 21 14 58 26 24 4 6 65 8 22 16 26 23 30 3 1 45 17 53 21 17 3 2 297 11 280 18 142 2 1 180 19 154 2 18 194 20 220 2 21 4 23 2 3 6 241 20 237 30 121 3 16 71 22 49 30 77 3 6 347 13 215 23 54 2 23 18 24 33 2 16 207 29 237 3 12 61 23 70 25 80 2 23 75 28 185 2 13 51 26 43 2 27 8 30 36 2 7 199 26 31
33 2 1 78 29 62 2 7 34 8 47 3 2 197 26 53 28 107 3 7 98 15 159 28 194 2 3 77 7 65 2 2 14 4 5 3 5 42 15 34 26 23 3 7 96 15 204 28 28 3 6 63 15 215 21 48 3 5 3 6 2 8 12 2 9 63 24 33 2 10 205 13 187 2 11 84 14 115 2 12 87 15 228 2 13 56 26 69 2 9 92 24 52 3 10 21 14 58 26 24 4 6 65 8 22 16 26 23 30 3 1 45 17 53 21 17 3 2 297 11 280 18 142 2 1 180 19 154 2 18 194 20 220 2 21 4 23 2 3 6 241 20 237 30 121 3 16 71 22 49 30 77 3 6 347 13 215 23 54 2 23 18 24 33 2 16 207 29 237 3 12 61 23 70 25 80 2 23 75 28 185 2 13 51 26 43 2 27 8 30 36 2 7 199 26 31
34 2 1 161 29 158 3 2 108 26 63 28 161 2 1 65 29 120 2 3 50 7 43 2 1 223 29 197 2 2 12 4 7 3 5 11 15 9 26 34 3 6 206 15 237 21 94 2 7 38 8 41 3 5 5 6 9 8 2 2 9 106 24 43 2 10 79 13 99 2 11 129 14 47 2 13 52 26 58 3 6 336 13 133 23 151 2 7 59 8 46 3 7 175 15 179 28 65 2 18 88 20 165 2 12 197 15 89 2 13 34 26 60 2 23 132 28 203 3 10 110 14 157 26 170 4 6 72 8 30 16 45 23 33 3 1 75 17 44 21 40 3 2 43 11 275 18 92 2 1 200 19 210 2 21 1 23 5 2 23 14 24 17 2 27 32 30 39 3 16 65 22 14 30 81 3 12 71 23 93 25 72 2 7 158 26 234 2 16 122 29 55 3 6 128 20 50 30 213
38 2 1 121 29 92 2 12 59 15 113 2 1 169 29 154 2 1 166 19 175 3 6 281 13 111 23 277 2 2 17 4 10 2 18 136 20 258 3 6 33 20 267 30 260 3 6 223 13 169 23 296 3 2 111 26 242 28 119 2 12 237 15 129 2 3 60 7 52 3 5 16 15 16 26 37 2 1 203 29 132 3 10 179 14 68 26 91 3 2 59 26 55 28 30 3 12 96 23 50 25 73 2 1 80 19 211 2 7 140 26 117 3 6 90 15 127 21 223 2 18 200 20 143 2 7 46 8 118 3 5 10 6 4 8 4 2 23 111 28 163 2 16 86 29 173 2 9 37 24 41 2 11 141 14 74 2 10 180 13 148 3 1 44 17 71 21 38 2 13 48 26 31 4 6 21 8 11 16 70 23 27 2 3 44 7 24 3 7 89 15 71 28 191 3 16 28 22 62 30 16 3 2 46 11 155 18 59 2 21 6 23 2 2 23 26 24 20 2 27 37 30 18
38 2 1 121 29 92 2 12 59 15 113 2 1 169 29 154 2 1 166 19 175 3 6 281 13 111 23 277 2 2 17 4 10 2 18 136 20 258 3 6 33 20 267 30 260 3 6 223 13 169 23 296 3 2 111 26 242 28 119 2 12 237 15 129 2 3 60 7 52 3 5 16 15 16 26 37 2 1 203 29 132 3 10 179 14 68 26 91 3 2 59 26 55 28 30 3 12 96 23 50 25 73 2 1 80 19 211 2 7 140 26 117 3 6 90 15 127 21 223 2 18 200 20 143 2 7 46 8 118 3 5 10 6 4 8 4 2 23 111 28 163 2 16 86 29 173 2 9 37 24 41 2 11 141 14 74 2 10 180 13 148 3 1 44 17 71 21 38 2 13 48 26 31 4 6 21 8 11 16 70 23 27 2 3 44 7 24 3 7 89 15 71 28 191 3 16 28 22 62 30 16 3 2 46 11 155 18 59 2 21 6 23 2 2 23 26 24 20 2 27 37 30 18
33 2 1 84 29 31 2 7 36 8 26 3 2 206 26 77 28 97 3 7 132 15 158 28 103 2 3 59 7 17 2 2 3 4 8 3 5 44 15 6 26 27 3 7 105 15 133 28 182 3 6 87 15 200 21 155 3 5 9 6 8 8 9 2 9 89 24 91 2 10 183 13 56 2 11 53 14 30 2 12 104 15 137 2 13 60 26 58 2 9 17 24 56 3 10 144 14 146 26 104 4 6 12 8 23 16 39 23 22 3 1 35 17 39 21 41 3 2 261 11 259 18 177 2 1 106 19 172 2 18 226 20 37 2 21 8 23 2 3 6 290 20 237 30 96 3 16 22 22 21 30 44 3 6 69 13 133 23 214 2 23 24 24 13 2 16 47 29 66 3 12 15 23 30 25 19 2 23 229 28 95 2 13 36 26 72 2 27 23 30 34 2 7 58 26 76
33 2 1 84 29 31 2 7 36 8 26 3 2 206 26 77 28 97 3 7 132 15 158 28 103 2 3 59 7 17 2 2 3 4 8 3 5 44 15 6 26 27 3 7 105 15 133 28 182 3 6 87 15 200 21 155 3 5 9 6 8 8 9 2 9 89 24 91 2 10 183 13 56 2 11 53 14 30 2 12 104 15 137 2 13 60 26 58 2 9 17 24 56 3 10 144 14 146 26 104 4 6 12 8 23 16 39 23 22 3 1 35 17 39 21 41 3 2 261 11 259 18 177 2 1 106 19 172 2 18 226 20 37 2 21 8 23 2 3 6 290 20 237 30 96 3 16 22 22 21 30 44 3 6 69 13 133 23 214 2 23 24 24 13 2 16 47 29 66 3 12 15 23 30 25 19 2 23 229 28 95 2 13 36 26 72 2 27 23 30 34 2 7 58 26 76
38 2 1 200 29 33 3 2 47 26 244 28 121 2 3 30 7 70 2 2 2 4 14 3 2 27 26 142 28 45 3 5 20 15 9 26 6 3 6 158 15 70 21 183 2 1 49 29 207 2 10 140 13 155 2 2 17 4 16 3 12 75 23 84 25 56 2 7 79 8 36 2 2 5 4 15 2 9 48 24 31 3 2 125 26 114 28 199 3 1 42 17 15 21 18 3 5 13 6 5 8 13 2 11 67 14 106 2 12 210 15 161 3 5 42 15 6 26 30 2 27 24 30 32 3 5 9 15 25 26 20 4 6 45 8 14 16 31 23 33 2 13 65 26 53 3 7 92 15 197 28 46 2 21 6 23 4 3 10 111 14 38 26 37 3 2 273 11 324 18 183 2 7 246 26 177 2 1 132 19 206 2 18 246 20 275 3 16 42 22 22 30 55 2 23 263 28 310 3 6 259 13 150 23 312 2 23 303 28 302 2 23 11 24 16 2 16 194 29 145 3 6 172 20 227 30 259
38 2 1 200 29 33 3 2 47 26 244 28 121 2 3 30 7 70 2 2 2 4 14 3 2 27 26 142 28 45 3 5 20 15 9 26 6 3 6 158 15 70 21 183 2 1 49 29 207 2 10 140 13 155 2 2 17 4 16 3 12 75 23 84 25 56 2 7 79 8 36 2 2 5 4 15 2 9 48 24 31 3 2 125 26 114 28 199 3 1 42 17 15 21 18 3 5 13 6 5 8 13 2 11 67 14 106 2 12 210 15 161 3 5 42 15 6 26 30 2 27 24 30 32 3 5 9 15 25 26 20 4 6 45 8 14 16 31 23 33 2 13 65 26 53 3 7 92 15 197 28 46 2 21 6 23 4 3 10 111 14 38 26 37 3 2 273 11 324 18 183 2 7 246 26 177 2 1 132 19 206 2 18 246 20 275 3 16 42 22 22 30 55 2 23 263 28 310 3 6 259 13 150 23 312 2 23 303 28 302 2 23 11 24 16 2 16 194 29 145 3 6 172 20 227 30 259
33 2 1 207 29 27 2 7 101 8 131 3 2 217 26 50 28 192 3 7 118 15 75 28 138 2 3 50 7 12 2 2 16 4 14 3 5 48 15 12 26 12 3 7 117 15 63 28 71 3 6 129 15 233 21 122 3 5 9 6 4 8 12 2 9 67 24 94 2 10 196 13 162 2 11 45 14 136 2 12 47 15 67 2 13 81 26 56 2 9 63 24 100 3 10 112 14 64 26 75 4 6 36 8 21 16 31 23 64 3 1 43 17 63 21 19 3 2 239 11 162 18 91 2 1 100 19 145 2 18 117 20 197 2 21 8 23 3 3 6 47 20 35 30 246 3 16 30 22 31 30 70 3 6 137 13 269 23 163 2 23 34 24 32 2 16 251 29 232 3 12 49 23 22 25 13 2 23 109 28 111 2 13 15 26 44 2 27 29 30 19 2 7 190 26 151
36 2 23 66 28 126 2 1 125 29 171 3 5 12 15 13 26 48 3 2 194 26 53 28 223 2 3 64 7 26 3 1 73 17 69 21 65 2 2 17 4 16 2 9 98 24 30 3 6 209 15 108 21 29 2 7 33 8 69 3 5 3 6 3 8 7 3 6 177 13 93 23 99 2 21 1 23 5 3 12 70 23 62 25 66 2 10 103 13 95 2 11 162 14 72 2 12 116 15 158 2 7 15 8 33 2 16 51 29 270 2 13 21 26 13 2 3 80 7 79 2 27 33 30 25 3 2 217 11 157 18 286 3 10 57 14 146 26 100 3 1 23 17 40 21 27 2 18 266 20 230 3 2 49 26 165 28 92 4 6 68 8 63 16 49 23 65 2 3 25 7 67 3 7 148 15 159 28 47 2 18 270 20 151 2 1 212 19 43 3 16 24 22 77 30 81 2 23 13 24 6 2 7 142 26 60 3 6 254 20 157 30 85
36 2 1 50 29 88 2 7 55 8 83 3 6 234 13 116 23 114 2 11 46 14 51 2 7 100 8 95 3 2 217 26 192 28 123 2 3 20 7 67 3 12 68 23 90 25 59 2 7 85 26 177 2 2 14 4 16 3 5 7 15 31 26 13 2 7 32 26 206 2 12 135 15 245 2 27 13 30 16 3 6 187 15 199 21 66 2 2 4 4 13 3 6 219 20 165 30 277 2 23 10 24 7 3 5 4 6 8 8 7 2 9 81 24 35 3 2 73 26 195 28 219 3 16 65 22 31 30 49 2 10 66 13 99 2 1 195 29 160 3 2 288 11 159 18 279 2 18 252 20 233 2 16 253 29 249 2 13 45 26 54 3 5 41 15 17 26 24 3 10 150 14 55 26 23 3 7 120 15 70 28 205 4 6 35 8 14 16 47 23 54 3 1 41 17 77 21 51 2 1 101 19 66 2 23 37 28 107 2 21 7 23 4
34 2 1 76 29 115 3 2 154 26 222 28 153 2 1 78 29 132 2 3 37 7 60 2 1 129 29 223 2 2 6 4 13 3 5 39 15 32 26 18 3 6 194 15 44 21 103 2 7 119 8 97 3 5 13 6 10 8 6 2 9 36 24 68 2 10 121 13 129 2 11 40 14 73 2 13 74 26 73 3 6 153 13 139 23 274 2 7 66 8 84 3 7 61 15 68 28 205 2 18 297 20 178 2 12 59 15 241 2 13 41 26 61 2 23 197 28 75 3 10 182 14 60 26 28 4 6 66 8 43 16 34 23 43 3 1 39 17 78 21 37 3 2 54 11 312 18 295 2 1 149 19 45 2 21 2 23 3 2 23 18 24 34 2 27 40 30 31 3 16 34 22 17 30 36 3 12 35 23 66 25 39 2 7 225 26 76 2 16 289 29 274 3 6 90 20 269 30 243
37 2 1 229 29 179 3 2 122 26 235 28 123 3 1 78 17 17 21 33 3 2 209 26 62 28 65 2 3 45 7 42 3 12 12 23 100 25 82 2 2 16 4 16 3 2 164 26 94 28 105 3 5 44 15 37 26 38 2 7 117 8 84 3 5 9 6 10 8 7 3 12 104 23 92 25 101 3 6 175 15 188 21 120 3 6 89 13 45 23 326 3 1 15 17 78 21 35 3 2 281 11 282 18 50 2 9 50 24 106 2 10 163 13 55 2 11 164 14 50 3 7 131 15 196 28 137 2 16 155 29 58 2 12 152 15 196 3 6 208 13 260 23 49 2 21 1 23 7 2 13 65 26 20 3 10 149 14 57 26 47 3 2 225 11 167 18 95 2 27 24 30 29 4 6 28 8 53 16 29 23 55 2 7 76 26 81 3 16 24 22 19 30 65 2 1 217 19 186 2 18 204 20 290 2 23 16 24 31 3 16 40 22 27 30 60 2 23 251 28 140 3 6 290 20 123 30 240
37 2 1 229 29 179 3 2 122 26 235 28 123 3 1 78 17 17 21 33 3 2 209 26 62 28 65 2 3 45 7 42 3 12 12 23 100 25 82 2 2 16 4 16 3 2 164 26 94 28 105 3 5 44 15 37 26 38 2 7 117 8 84 3 5 9 6 10 8 7 3 12 104 23 92 25 101 3 6 175 15 188 21 120 3 6 89 13 45 23 326 3 1 15 17 78 21 35 3 2 281 11 282 18 50 2 9 50 24 106 2 10 163 13 55 2 11 164 14 50 3 7 131 15 196 28 137 2 16 155 29 58 2 12 152 15 196 3 6 208 13 260 23 49 2 21 1 23 7 2 13 65 26 20 3 10 149 14 57 26 47 3 2 225 11 167 18 95 2 27 24 30 29 4 6 28 8 53 16 29 23 55 2 7 76 26 81 3 16 24 22 19 30 65 2 1 217 19 186 2 18 204 20 290 2 23 16 24 31 3 16 40 22 27 30 60 2 23 251 28 140 3 6 290 20 123 30 240
33 2 1 98 29 67 2 7 77 8 38 3 2 244 26 76 28 95 3 7 83 15 38 28 64 2 3 19 7 80 2 2 10 4 5 3 5 45 15 28 26 46 3 7 156 15 197 28 131 3 6 62 15 159 21 47 3 5 6 6 11 8 2 2 9 14 24 73 2 10 26 13 102 2 11 67 14 99 2 12 34 15 84 2 13 56 26 32 2 9 36 24 85 3 10 125 14 168 26 99 4 6 36 8 53 16 20 23 47 3 1 44 17 75 21 48 3 2 166 11 166 18 255 2 1 70 19 37 2 18 248 20 276 2 21 6 23 7 3 6 277 20 72 30 273 3 16 67 22 22 30 37 3 6 90 13 79 23 197 2 23 6 24 23 2 16 310 29 88 3 12 26 23 107 25 56 2 23 79 28 166 2 13 77 26 69 2 27 7 30 36 2 7 171 26 54
33 2 1 105 29 99 3 7 131 15 90 28 41 3 2 209 26 51 28 117 2 3 61 7 62 2 2 10 4 16 3 5 28 15 15 26 13 2 7 218 26 180 2 11 120 14 40 3 6 90 15 227 21 113 2 7 53 8 90 3 5 8 6 12 8 8 3 16 66 22 76 30 20 2 7 129 8 36 2 9 29 24 55 2 10 199 13 169 2 12 243 15 141 2 13 44 26 46 2 23 29 24 24 3 6 151 13 292 23 312 3 10 171 14 117 26 156 2 27 26 30 20 3 2 280 11 284 18 252 4 6 29 8 51 16 50 23 61 2 18 136 20 217 3 7 195 15 39 28 142 3 12 88 23 67 25 61 3 1 38 17 9 21 67 2 1 116 19 196 3 6 178 20 105 30 263 2 21 8 23 1 2 23 161 28 104 2 1 50 19 34 2 16 195 29 87
36 2 7 242 26 157 2 1 225 29 80 2 7 232 26 46 3 12 102 23 98 25 16 3 2 63 26 234 28 48 2 3 63 7 68 2 2 17 4 6 3 10 97 14 75 26 86 3 5 16 15 33 26 39 2 23 120 28 165 2 23 11 24 22 2 13 78 26 47 3 6 158 15 136 21 186 2 7 15 8 46 3 6 85 15 30 21 196 3 5 5 6 11 8 6 2 9 99 24 76 2 10 26 13 127 2 13 23 26 36 2 11 88 14 142 2 1 82 29 63 2 12 65 15 112 3 7 60 15 204 28 162 3 1 58 17 73 21 58 4 6 58 8 60 16 48 23 40 2 2 14 4 12 3 6 151 20 111 30 149 2 18 70 20 232 3 2 87 11 194 18 240 2 1 207 19 198 2 21 6 23 6 3 16 23 22 65 30 22 3 6 216 13 58 23 42 2 16 70 29 290 2 23 26 24 18 2 27 26 30 40
36 2 7 242 26 157 2 1 225 29 80 2 7 232 26 46 3 12 102 23 98 25 16 3 2 63 26 234 28 48 2 3 63 7 68 2 2 17 4 6 3 10 97 14 75 26 86 3 5 16 15 33 26 39 2 23 120 28 165 2 23 11 24 22 2 13 78 26 47 3 6 158 15 136 21 186 2 7 15 8 46 3 6 85 15 30 21 196 3 5 5 6 11 8 6 2 9 99 24 76 2 10 26 13 127 2 13 23 26 36 2 11 88 14 142 2 1 82 29 63 2 12 65 15 112 3 7 60 15 204 28 162 3 1 58 17 73 21 58 4 6 58 8 60 16 48 23 40 2 2 14 4 12 3 6 151 20 111 30 149 2 18 70 20 232 3 2 87 11 194 18 240 2 1 207 19 198 2 21 6 23 6 3 16 23 22 65 30 22 3 6 216 13 58 23 42 2 16 70 29 290 2 23 26 24 18 2 27 26 30 40
36 2 7 171 26 161 2 1 168 29 93 2 7 170 26 80 3 12 40 23 76 25 84 3 2 230 26 104 28 45 2 3 44 7 77 2 2 12 4 12 3 10 35 14 138 26 79 3 5 43 15 33 26 37 2 23 191 28 158 2 23 4 24 26 2 13 29 26 54 3 6 252 15 77 21 86 2 7 86 8 104 3 6 136 15 147 21 50 3 5 13 6 10 8 11 2 9 17 24 34 2 10 109 13 123 2 13 59 26 16 2 11 47 14 126 2 1 141 29 173 2 12 233 15 152 3 7 136 15 183 28 151 3 1 59 17 75 21 44 4 6 44 8 72 16 36 23 23 2 2 6 4 3 3 6 42 20 92 30 190 2 18 73 20 276 3 2 287 11 246 18 267 2 1 51 19 151 2 21 4 23 4 3 16 23 22 65 30 35 3 6 111 13 223 23 111 2 16 84 29 236 2 23 14 24 12 2 27 29 30 9
36 2 7 171 26 161 2 1 168 29 93 2 7 170 26 80 3 12 40 23 76 25 84 3 2 230 26 104 28 45 2 3 44 7 77 2 2 12 4 12 3 10 35 14 138 26 79 3 5 43 15 33 26 37 2 23 191 28 158 2 23 4 24 26 2 13 29 26 54 3 6 252 15 77 21 86 2 7 86 8 104 3 6 136 15 147 21 50 3 5 13 6 10 8 11 2 9 17 24 34 2 10 109 13 123 2 13 59 26 16 2 11 47 14 126 2 1 141 29 173 2 12 233 15 152 3 7 136 15 183 28 151 3 1 59 17 75 21 44 4 6 44 8 72 16 36 23 23 2 2 6 4 3 3 6 42 20 92 30 190 2 18 73 20 276 3 2 287 11 246 18 267 2 1 51 19 151 2 21 4 23 4 3 16 23 22 65 30 35 3 6 111 13 223 23 111 2 16 84 29 236 2 23 14 24 12 2 27 29 30 9
37 2 1 80 29 76 3 2 61 26 142 28 231 3 1 48 17 33 21 70 3 2 46 26 101 28 178 2 3 70 7 15 3 12 74 23 86 25 73 2 2 7 4 8 3 2 109 26 30 28 176 3 5 52 15 24 26 33 2 7 83 8 71 3 5 8 6 2 8 4 3 12 75 23 68 25 77 3 6 199 15 220 21 98 3 6 148 13 101 23 75 3 1 31 17 73 21 75 3 2 241 11 257 18 275 2 9 33 24 89 2 10 96 13 35 2 11 52 14 52 3 7 193 15 117 28 77 2 16 323 29 112 2 12 101 15 75 3 6 55 13 307 23 342 2 21 6 23 5 2 13 27 26 17 3 10 73 14 165 26 164 3 2 314 11 189 18 119 2 27 21 30 4 4 6 15 8 11 16 20 23 56 2 7 178 26 83 3 16 71 22 67 30 81 2 1 34 19 104 2 18 216 20 173 2 23 11 24 23 3 16 22 22 14 30 9 2 23 158 28 58 3 6 255 20 121 30 89
36 3 5 10 6 4 8 2 3 5 11 15 26 26 26 2 18 37 20 264 3 5 10 6 9 8 8 2 1 57 29 101 3 2 208 26 173 28 33 3 5 32 15 48 26 8 2 27 19 30 16 2 3 9 7 73 3 6 163 15 165 21 119 3 6 52 13 184 23 70 2 2 12 4 12 2 7 99 8 126 2 9 24 24 86 2 10 131 13 171 2 9 28 24 92 2 11 140 14 113 2 12 115 15 195 2 13 28 26 73 3 10 169 14 158 26 45 3 7 126 15 206 28 170 4 6 46 8 62 16 17 23 56 2 16 102 29 309 3 1 68 17 57 21 58 3 2 259 11 262 18 84 2 1 44 19 173 2 21 1 23 4 3 1 61 17 34 21 65 3 16 27 22 35 30 56 2 23 9 24 30 3 12 14 23 94 25 35 2 2 15 4 2 2 7 220 26 51 2 23 144 28 55 3 2 140 26 85 28 166 3 6 87 20 273 30 124
36 3 5 10 6 4 8 2 3 5 11 15 26 26 26 2 18 37 20 264 3 5 10 6 9 8 8 2 1 57 29 101 3 2 208 26 173 28 33 3 5 32 15 48 26 8 2 27 19 30 16 2 3 9 7 73 3 6 163 15 165 21 119 3 6 52 13 184 23 70 2 2 12 4 12 2 7 99 8 126 2 9 24 24 86 2 10 131 13 171 2 9 28 24 92 2 11 140 14 113 2 12 115 15 195 2 13 28 26 73 3 10 169 14 158 26 45 3 7 126 15 206 28 170 4 6 46 8 62 16 17 23 56 2 16 102 29 309 3 1 68 17 57 21 58 3 2 259 11 262 18 84 2 1 44 19 173 2 21 1 23 4 3 1 61 17 34 21 65 3 16 27 22 35 30 56 2 23 9 24 30 3 12 14 23 94 25 35 2 2 15 4 2 2 7 220 26 51 2 23 144 28 55 3 2 140 26 85 28 166 3 6 87 20 273 30 124
33 2 2 11 4 3 2 1 130 29 32 2 7 128 26 140 3 2 187 11 182 18 187 3 2 73 26 122 28 124 2 18 220 20 49 2 7 87 26 62 2 3 53 7 68 3 5 30 15 16 26 43 2 18 207 20 289 2 12 239 15 197 3 6 57 15 198 21 226 2 7 127 8 132 3 5 6 6 10 8 13 3 16 12 22 46 30 19 2 9 35 24 29 2 10 214 13 137 2 11 22 14 45 3 12 70 23 86 25 78 2 13 54 26 46 3 6 231 20 68 30 210 3 5 29 15 46 26 10 3 10 84 14 126 26 88 3 7 89 15 99 28 129 2 27 7 30 35 4 6 24 8 64 16 28 23 51 2 1 185 19 161 3 1 59 17 35 21 18 2 21 3 23 1 3 6 157 13 123 23 273 2 23 29 24 24 2 23 78 28 223 2 16 74 29 150
36 3 5 9 6 11 8 3 3 5 27 15 52 26 39 2 18 89 20 159 3 5 3 6 3 8 12 2 1 210 29 85 3 2 197 26 110 28 113 3 5 46 15 38 26 16 2 27 27 30 38 2 3 21 7 44 3 6 59 15 204 21 206 3 6 251 13 277 23 212 2 2 3 4 12 2 7 19 8 25 2 9 17 24 34 2 10 145 13 166 2 9 15 24 52 2 11 73 14 56 2 12 84 15 201 2 13 37 26 46 3 10 84 14 105 26 117 3 7 49 15 101 28 137 4 6 14 8 50 16 28 23 56 2 16 141 29 75 3 1 59 17 76 21 62 3 2 323 11 107 18 245 2 1 43 19 44 2 21 1 23 1 3 1 23 17 66 21 44 3 16 38 22 61 30 23 2 23 7 24 22 3 12 43 23 30 25 104 2 2 16 4 7 2 7 57 26 70 2 23 213 28 108 3 2 32 26 239 28 128 3 6 164 20 249 30 200
36 2 7 243 26 74 2 1 88 29 155 2 7 54 26 121 3 12 99 23 63 25 34 3 2 125 26 45 28 127 2 3 59 7 24 2 2 9 4 17 3 10 149 14 171 26 98 3 5 51 15 32 26 25 2 23 279 28 142 2 23 21 24 12 2 13 70 26 77 3 6 90 15 107 21 168 2 7 66 8 122 3 6 30 15 223 21 143 3 5 12 6 6 8 6 2 9 36 24 67 2 10 94 13 56 2 13 28 26 58 2 11 108 14 83 2 1 133 29 34 2 12 106 15 179 3 7 129 15 61 28 204 3 1 39 17 21 21 50 4 6 18 8 11 16 52 23 70 2 2 13 4 16 3 6 293 20 46 30 44 2 18 186 20 221 3 2 119 11 274 18 275 2 1 96 19 44 2 21 2 23 4 3 16 51 22 44 30 32 3 6 195 13 202 23 108 2 16 258 29 159 2 23 26 24 13 2 27 39 30 29
36 3 5 8 6 6 8 11 3 5 48 15 45 26 50 2 18 81 20 100 3 5 7 6 7 8 6 2 1 208 29 109 3 2 95 26 230 28 189 3 5 40 15 8 26 40 2 27 21 30 34 2 3 46 7 76 3 6 122 15 95 21 47 3 6 201 13 96 23 240 2 2 4 4 15 2 7 26 8 40 2 9 40 24 103 2 10 87 13 83 2 9 85 24 38 2 11 89 14 85 2 12 153 15 223 2 13 79 26 47 3 10 122 14 85 26 93 3 7 120 15 110 28 111 4 6 39 8 66 16 72 23 36 2 16 239 29 280 3 1 58 17 46 21 28 3 2 254 11 262 18 104 2 1 161 19 157 2 21 5 23 5 3 1 21 17 19 21 17 3 16 45 22 52 30 9 2 23 8 24 19 3 12 73 23 83 25 94 2 2 17 4 12 2 7 29 26 109 2 23 302 28 110 3 2 213 26 192 28 183 3 6 58 20 39 30 282
DUE_DATES: 5716 5716 5879 5879 5768 5768 5768 6084 6135 6533 6533 6395 6127 5225 6717 5679 5679 5445 6018 5519 5519 5519 5880 5880 6002 7215 7215 4924 4924 7338 7338 5488 6002 6316 6297 7169 7169 5118 6193 5879 5879 6120 6120 6323 5685 5685 5777 5302 5970 5862
WEIGHTS: 3 1 3 2 1 1 3 2 3 2 2 3 1 3 3 1 3 2 2 3 3 1 1 1 2 1 1 2 1 1 1 1 3 1 2 2 2 1 3 3 2 2 1 3 1 1 1 1 3 3
