50 30
34 3 4 116 5 186 11 238 3 1 97 21 141 26 20 2 2 12 19 45 3 1 73 21 101 26 132 2 3 230 19 217 2 2 17 19 43 3 5 103 6 63 10 161 2 8 14 14 19 2 2 7 19 26 2 5 6 6 6 4 1 93 7 118 15 105 27 98 3 6 141 20 119 30 292 2 8 144 12 103 2 5 21 6 23 2 15 133 19 76 3 9 44 11 32 22 68 3 10 157 14 52 28 99 3 18 131 23 100 29 105 2 27 85 28 242 3 3 108 6 39 11 54 3 12 13 14 15 28 18 3 13 264 25 121 28 205 3 3 7 15 11 19 14 2 14 120 16 22 2 15 246 17 234 2 28 60 29 82 4 12 124 21 95 23 107 29 93 2 19 292 22 263 2 8 33 26 11 3 6 113 27 90 29 227 2 7 178 18 353 3 5 123 15 134 24 40 2 13 24 25 7 3 2 81 14 125 20 202
34 3 4 116 5 186 11 238 3 1 97 21 141 26 20 2 2 12 19 45 3 1 73 21 101 26 132 2 3 230 19 217 2 2 17 19 43 3 5 103 6 63 10 161 2 8 14 14 19 2 2 7 19 26 2 5 6 6 6 4 1 93 7 118 15 105 27 98 3 6 141 20 119 30 292 2 8 144 12 103 2 5 21 6 23 2 15 133 19 76 3 9 44 11 32 22 68 3 10 157 14 52 28 99 3 18 131 23 100 29 105 2 27 85 28 242 3 3 108 6 39 11 54 3 12 13 14 15 28 18 3 13 264 25 121 28 205 3 3 7 15 11 19 14 2 14 120 16 22 2 15 246 17 234 2 28 60 29 82 4 12 124 21 95 23 107 29 93 2 19 292 22 263 2 8 33 26 11 3 6 113 27 90 29 227 2 7 178 18 353 3 5 123 15 134 24 40 2 13 24 25 7 3 2 81 14 125 20 202
34 3 4 116 5 186 11 238 3 1 97 21 141 26 20 2 2 12 19 45 3 1 73 21 101 26 132 2 3 230 19 217 2 2 17 19 43 3 5 103 6 63 10 161 2 8 14 14 19 2 2 7 19 26 2 5 6 6 6 4 1 93 7 118 15 105 27 98 3 6 141 20 119 30 292 2 8 144 12 103 2 5 21 6 23 2 15 133 19 76 3 9 44 11 32 22 68 3 10 157 14 52 28 99 3 18 131 23 100 29 105 2 27 85 28 242 3 3 108 6 39 11 54 3 12 13 14 15 28 18 3 13 264 25 121 28 205 3 3 7 15 11 19 14 2 14 120 16 22 2 15 246 17 234 2 28 60 29 82 4 12 124 21 95 23 107 29 93 2 19 292 22 263 2 8 33 26 11 3 6 113 27 90 29 227 2 7 178 18 353 3 5 123 15 134 24 40 2 13 24 25 7 3 2 81 14 125 20 202
34 3 4 159 5 257 11 181 3 1 122 21 45 26 170 2 2 56 19 51 3 1 134 21 122 26 153 2 3 280 19 129 2 2 10 19 60 3 5 63 6 77 10 100 2 8 8 14 6 2 2 58 19 54 2 5 14 6 15 4 1 44 7 108 15 105 27 114 3 6 236 20 48 30 287 2 8 190 12 239 2 5 25 6 21 2 15 136 19 52 3 9 58 11 46 22 12 3 10 348 14 233 28 160 3 18 77 23 86 29 177 2 27 252 28 206 3 3 64 6 26 11 17 3 12 9 14 10 28 5 3 13 64 25 141 28 136 3 3 3 15 8 19 7 2 14 113 16 47 2 15 68 17 92 2 28 128 29 28 4 12 25 21 107 23 57 29 87 2 19 292 22 121 2 8 12 26 23 3 6 103 27 54 29 168 2 7 47 18 144 3 5 234 15 86 24 186 2 13 23 25 5 3 2 74 14 26 20 128
34 3 4 159 5 257 11 181 3 1 122 21 45 26 170 2 2 56 19 51 3 1 134 21 122 26 153 2 3 280 19 129 2 2 10 19 60 3 5 63 6 77 10 100 2 8 8 14 6 2 2 58 19 54 2 5 14 6 15 4 1 44 7 108 15 105 27 114 3 6 236 20 48 30 287 2 8 190 12 239 2 5 25 6 21 2 15 136 19 52 3 9 58 11 46 22 12 3 10 348 14 233 28 160 3 18 77 23 86 29 177 2 27 252 28 206 3 3 64 6 26 11 17 3 12 9 14 10 28 5 3 13 64 25 141 28 136 3 3 3 15 8 19 7 2 14 113 16 47 2 15 68 17 92 2 28 128 29 28 4 12 25 21 107 23 57 29 87 2 19 292 22 121 2 8 12 26 23 3 6 103 27 54 29 168 2 7 47 18 144 3 5 234 15 86 24 186 2 13 23 25 5 3 2 74 14 26 20 128
36 3 1 20 21 119 26 117 2 2 45 19 16 2 7 337 18 47 2 3 118 19 85 2 7 250 18 75 2 5 6 6 26 3 6 84 20 288 30 115 3 4 225 5 308 11 314 3 5 32 6 186 10 86 4 1 101 7 15 15 107 27 48 2 8 206 12 233 3 9 33 11 93 22 70 3 10 269 14 127 28 95 3 3 61 6 26 11 98 3 3 14 15 13 19 8 2 8 236 12 216 3 12 22 14 4 28 22 3 13 246 25 63 28 264 3 12 16 14 7 28 22 2 8 7 14 26 2 27 204 28 43 2 14 112 16 64 3 1 35 21 152 26 32 2 15 60 17 287 3 10 230 14 205 28 217 2 15 67 19 168 3 2 67 14 183 20 115 2 7 89 18 169 3 5 140 15 51 24 191 4 12 46 21 63 23 40 29 58 2 28 18 29 36 2 8 19 26 8 3 6 29 27 47 29 159 2 19 337 22 88 2 13 32 25 7 3 18 74 23 164 29 35
36 3 1 20 21 119 26 117 2 2 45 19 16 2 7 337 18 47 2 3 118 19 85 2 7 250 18 75 2 5 6 6 26 3 6 84 20 288 30 115 3 4 225 5 308 11 314 3 5 32 6 186 10 86 4 1 101 7 15 15 107 27 48 2 8 206 12 233 3 9 33 11 93 22 70 3 10 269 14 127 28 95 3 3 61 6 26 11 98 3 3 14 15 13 19 8 2 8 236 12 216 3 12 22 14 4 28 22 3 13 246 25 63 28 264 3 12 16 14 7 28 22 2 8 7 14 26 2 27 204 28 43 2 14 112 16 64 3 1 35 21 152 26 32 2 15 60 17 287 3 10 230 14 205 28 217 2 15 67 19 168 3 2 67 14 183 20 115 2 7 89 18 169 3 5 140 15 51 24 191 4 12 46 21 63 23 40 29 58 2 28 18 29 36 2 8 19 26 8 3 6 29 27 47 29 159 2 19 337 22 88 2 13 32 25 7 3 18 74 23 164 29 35
33 3 18 167 23 126 29 66 3 1 167 21 169 26 62 2 2 14 19 43 2 3 113 19 237 3 18 50 23 130 29 77 3 4 270 5 223 11 54 2 28 55 29 28 3 5 115 6 79 10 88 3 5 66 15 141 24 196 2 5 11 6 11 3 10 186 14 152 28 258 4 1 84 7 82 15 100 27 95 2 8 272 12 248 3 9 22 11 57 22 62 3 13 274 25 298 28 144 3 3 43 6 14 11 84 2 8 14 14 23 3 12 20 14 11 28 7 3 3 2 15 7 19 5 2 19 60 22 83 3 3 3 15 17 19 9 2 14 55 16 134 3 1 73 21 148 26 114 3 2 52 14 75 20 50 2 15 231 17 188 2 15 161 19 128 2 7 176 18 270 4 12 34 21 103 23 18 29 49 3 6 135 27 103 29 176 2 13 35 25 26 2 8 14 26 23 2 27 174 28 150 3 6 49 20 102 30 123
33 3 18 167 23 126 29 66 3 1 167 21 169 26 62 2 2 14 19 43 2 3 113 19 237 3 18 50 23 130 29 77 3 4 270 5 223 11 54 2 28 55 29 28 3 5 115 6 79 10 88 3 5 66 15 141 24 196 2 5 11 6 11 3 10 186 14 152 28 258 4 1 84 7 82 15 100 27 95 2 8 272 12 248 3 9 22 11 57 22 62 3 13 274 25 298 28 144 3 3 43 6 14 11 84 2 8 14 14 23 3 12 20 14 11 28 7 3 3 2 15 7 19 5 2 19 60 22 83 3 3 3 15 17 19 9 2 14 55 16 134 3 1 73 21 148 26 114 3 2 52 14 75 20 50 2 15 231 17 188 2 15 161 19 128 2 7 176 18 270 4 12 34 21 103 23 18 29 49 3 6 135 27 103 29 176 2 13 35 25 26 2 8 14 26 23 2 27 174 28 150 3 6 49 20 102 30 123
34 3 4 144 5 227 11 291 3 1 162 21 35 26 89 2 2 54 19 25 3 1 48 21 160 26 110 2 3 187 19 214 2 2 24 19 35 3 5 123 6 91 10 174 2 8 24 14 4 2 2 40 19 47 2 5 29 6 19 4 1 14 7 74 15 22 27 31 3 6 143 20 60 30 161 2 8 81 12 107 2 5 18 6 11 2 15 260 19 118 3 9 41 11 55 22 50 3 10 308 14 141 28 274 3 18 89 23 155 29 98 2 27 149 28 191 3 3 22 6 45 11 18 3 12 2 14 4 28 13 3 13 96 25 203 28 196 3 3 15 15 5 19 11 2 14 50 16 155 2 15 126 17 251 2 28 126 29 90 4 12 90 21 118 23 93 29 57 2 19 329 22 96 2 8 13 26 12 3 6 118 27 182 29 30 2 7 313 18 93 3 5 118 15 193 24 173 2 13 35 25 31 3 2 123 14 193 20 106
34 3 1 72 21 99 26 52 2 2 45 19 44 2 7 200 18 231 2 3 61 19 137 3 4 148 5 65 11 43 2 7 161 18 308 3 2 82 14 56 20 50 3 5 120 6 89 10 185 2 5 14 6 27 4 1 107 7 16 15 79 27 115 2 8 232 12 305 4 12 32 21 36 23 77 29 56 3 9 72 11 57 22 64 2 14 131 16 35 3 10 251 14 47 28 130 2 8 6 14 16 2 13 15 25 29 3 18 179 23 147 29 186 3 3 21 6 69 11 73 2 15 230 19 64 3 12 18 14 6 28 21 3 13 129 25 44 28 152 3 3 11 15 16 19 4 3 5 156 6 186 10 45 2 15 282 17 63 2 8 7 26 19 3 6 137 20 107 30 174 2 28 86 29 124 2 19 104 22 250 2 14 91 16 114 3 5 55 15 45 24 138 2 2 20 19 9 2 27 265 28 188 3 6 91 27 84 29 183
34 3 1 72 21 99 26 52 2 2 45 19 44 2 7 200 18 231 2 3 61 19 137 3 4 148 5 65 11 43 2 7 161 18 308 3 2 82 14 56 20 50 3 5 120 6 89 10 185 2 5 14 6 27 4 1 107 7 16 15 79 27 115 2 8 232 12 305 4 12 32 21 36 23 77 29 56 3 9 72 11 57 22 64 2 14 131 16 35 3 10 251 14 47 28 130 2 8 6 14 16 2 13 15 25 29 3 18 179 23 147 29 186 3 3 21 6 69 11 73 2 15 230 19 64 3 12 18 14 6 28 21 3 13 129 25 44 28 152 3 3 11 15 16 19 4 3 5 156 6 186 10 45 2 15 282 17 63 2 8 7 26 19 3 6 137 20 107 30 174 2 28 86 29 124 2 19 104 22 250 2 14 91 16 114 3 5 55 15 45 24 138 2 2 20 19 9 2 27 265 28 188 3 6 91 27 84 29 183
37 2 2 53 19 29 3 1 45 21 132 26 143 3 2 26 14 115 20 36 4 12 73 21 71 23 50 29 24 2 8 7 26 27 2 2 15 19 27 2 3 141 19 62 3 2 131 14 137 20 140 2 28 76 29 70 3 4 79 5 67 11 99 3 6 206 20 310 30 190 2 13 18 25 24 2 19 218 22 155 2 2 8 19 59 3 5 98 6 154 10 87 3 4 298 5 239 11 225 2 5 14 6 12 4 1 88 7 85 15 81 27 104 2 8 232 12 282 3 9 66 11 37 22 12 2 14 151 16 83 2 19 191 22 127 2 7 268 18 175 3 10 125 14 266 28 112 3 6 143 20 200 30 56 3 18 39 23 38 29 158 3 12 12 14 22 28 15 3 3 93 6 67 11 78 3 13 146 25 102 28 47 2 19 230 22 55 2 8 24 14 14 3 3 14 15 11 19 15 2 15 145 17 164 2 15 210 19 110 2 27 228 28 223 3 5 155 15 266 24 192 3 6 126 27 157 29 194
37 2 2 53 19 29 3 1 45 21 132 26 143 3 2 26 14 115 20 36 4 12 73 21 71 23 50 29 24 2 8 7 26 27 2 2 15 19 27 2 3 141 19 62 3 2 131 14 137 20 140 2 28 76 29 70 3 4 79 5 67 11 99 3 6 206 20 310 30 190 2 13 18 25 24 2 19 218 22 155 2 2 8 19 59 3 5 98 6 154 10 87 3 4 298 5 239 11 225 2 5 14 6 12 4 1 88 7 85 15 81 27 104 2 8 232 12 282 3 9 66 11 37 22 12 2 14 151 16 83 2 19 191 22 127 2 7 268 18 175 3 10 125 14 266 28 112 3 6 143 20 200 30 56 3 18 39 23 38 29 158 3 12 12 14 22 28 15 3 3 93 6 67 11 78 3 13 146 25 102 28 47 2 19 230 22 55 2 8 24 14 14 3 3 14 15 11 19 15 2 15 145 17 164 2 15 210 19 110 2 27 228 28 223 3 5 155 15 266 24 192 3 6 126 27 157 29 194
35 3 1 112 21 70 26 26 2 2 11 19 28 3 2 124 14 184 20 83 2 3 96 19 194 2 15 172 17 261 3 12 16 14 17 28 15 2 13 4 25 34 3 4 137 5 253 11 282 3 5 166 6 39 10 71 3 12 8 14 22 28 19 2 5 28 6 28 4 1 88 7 87 15 66 27 98 2 8 121 12 151 3 9 98 11 61 22 97 2 27 237 28 229 3 3 10 15 4 19 10 3 1 100 21 139 26 86 2 19 276 22 108 3 10 178 14 274 28 174 3 3 109 6 91 11 61 3 13 152 25 123 28 285 2 8 10 14 14 3 3 16 15 7 19 8 2 14 72 16 72 2 7 153 18 310 2 8 14 26 24 2 3 280 19 282 3 6 142 20 253 30 150 2 15 255 19 46 2 14 82 16 168 3 6 62 27 128 29 71 4 12 40 21 25 23 96 29 116 3 18 99 23 129 29 147 3 5 96 15 170 24 260 2 28 80 29 75
35 3 1 112 21 70 26 26 2 2 11 19 28 3 2 124 14 184 20 83 2 3 96 19 194 2 15 172 17 261 3 12 16 14 17 28 15 2 13 4 25 34 3 4 137 5 253 11 282 3 5 166 6 39 10 71 3 12 8 14 22 28 19 2 5 28 6 28 4 1 88 7 87 15 66 27 98 2 8 121 12 151 3 9 98 11 61 22 97 2 27 237 28 229 3 3 10 15 4 19 10 3 1 100 21 139 26 86 2 19 276 22 108 3 10 178 14 274 28 174 3 3 109 6 91 11 61 3 13 152 25 123 28 285 2 8 10 14 14 3 3 16 15 7 19 8 2 14 72 16 72 2 7 153 18 310 2 8 14 26 24 2 3 280 19 282 3 6 142 20 253 30 150 2 15 255 19 46 2 14 82 16 168 3 6 62 27 128 29 71 4 12 40 21 25 23 96 29 116 3 18 99 23 129 29 147 3 5 96 15 170 24 260 2 28 80 29 75
35 3 1 112 21 70 26 26 2 2 11 19 28 3 2 124 14 184 20 83 2 3 96 19 194 2 15 172 17 261 3 12 16 14 17 28 15 2 13 4 25 34 3 4 137 5 253 11 282 3 5 166 6 39 10 71 3 12 8 14 22 28 19 2 5 28 6 28 4 1 88 7 87 15 66 27 98 2 8 121 12 151 3 9 98 11 61 22 97 2 27 237 28 229 3 3 10 15 4 19 10 3 1 100 21 139 26 86 2 19 276 22 108 3 10 178 14 274 28 174 3 3 109 6 91 11 61 3 13 152 25 123 28 285 2 8 10 14 14 3 3 16 15 7 19 8 2 14 72 16 72 2 7 153 18 310 2 8 14 26 24 2 3 280 19 282 3 6 142 20 253 30 150 2 15 255 19 46 2 14 82 16 168 3 6 62 27 128 29 71 4 12 40 21 25 23 96 29 116 3 18 99 23 129 29 147 3 5 96 15 170 24 260 2 28 80 29 75
37 2 2 59 19 12 3 1 69 21 134 26 152 3 2 61 14 44 20 80 4 12 118 21 119 23 108 29 102 2 8 25 26 21 2 2 59 19 19 2 3 221 19 58 3 2 138 14 26 20 120 2 28 103 29 96 3 4 193 5 288 11 297 3 6 210 20 295 30 99 2 13 32 25 8 2 19 290 22 230 2 2 38 19 26 3 5 111 6 136 10 168 3 4 88 5 147 11 167 2 5 8 6 10 4 1 70 7 57 15 25 27 45 2 8 213 12 83 3 9 76 11 17 22 61 2 14 165 16 121 2 19 242 22 196 2 7 75 18 242 3 10 278 14 278 28 162 3 6 260 20 39 30 252 3 18 147 23 181 29 74 3 12 9 14 8 28 18 3 3 83 6 106 11 35 3 13 94 25 64 28 235 2 19 241 22 202 2 8 26 14 24 3 3 2 15 14 19 16 2 15 89 17 290 2 15 266 19 251 2 27 78 28 174 3 5 115 15 93 24 204 3 6 213 27 94 29 136
35 3 2 29 14 150 20 65 3 1 168 21 162 26 90 3 2 51 14 65 20 163 2 2 58 19 56 2 3 228 19 239 2 14 76 16 138 3 4 154 5 277 11 86 3 5 92 6 186 10 101 2 5 16 6 8 3 1 46 21 124 26 123 4 1 103 7 22 15 113 27 28 2 8 239 12 314 2 28 106 29 123 3 3 14 15 6 19 13 3 9 96 11 21 22 41 3 3 8 15 3 19 5 4 12 32 21 58 23 82 29 65 2 15 297 17 173 2 15 34 19 208 3 10 332 14 181 28 353 2 27 47 28 186 3 3 24 6 56 11 94 2 8 18 26 27 3 12 10 14 5 28 19 3 6 271 20 90 30 188 3 13 64 25 165 28 225 3 5 115 15 192 24 118 2 8 4 14 20 2 7 168 18 286 3 9 57 11 30 22 95 3 18 72 23 48 29 75 4 12 119 21 52 23 28 29 84 2 19 320 22 281 2 13 32 25 5 3 6 165 27 53 29 150
35 3 2 29 14 150 20 65 3 1 168 21 162 26 90 3 2 51 14 65 20 163 2 2 58 19 56 2 3 228 19 239 2 14 76 16 138 3 4 154 5 277 11 86 3 5 92 6 186 10 101 2 5 16 6 8 3 1 46 21 124 26 123 4 1 103 7 22 15 113 27 28 2 8 239 12 314 2 28 106 29 123 3 3 14 15 6 19 13 3 9 96 11 21 22 41 3 3 8 15 3 19 5 4 12 32 21 58 23 82 29 65 2 15 297 17 173 2 15 34 19 208 3 10 332 14 181 28 353 2 27 47 28 186 3 3 24 6 56 11 94 2 8 18 26 27 3 12 10 14 5 28 19 3 6 271 20 90 30 188 3 13 64 25 165 28 225 3 5 115 15 192 24 118 2 8 4 14 20 2 7 168 18 286 3 9 57 11 30 22 95 3 18 72 23 48 29 75 4 12 119 21 52 23 28 29 84 2 19 320 22 281 2 13 32 25 5 3 6 165 27 53 29 150
35 3 2 186 14 161 20 108 3 1 25 21 117 26 89 3 2 102 14 175 20 101 2 2 31 19 12 2 3 64 19 71 2 14 121 16 21 3 4 224 5 137 11 161 3 5 30 6 110 10 64 2 5 12 6 9 3 1 94 21 158 26 67 4 1 69 7 74 15 38 27 17 2 8 54 12 46 2 28 107 29 131 3 3 11 15 17 19 12 3 9 74 11 47 22 65 3 3 10 15 7 19 5 4 12 94 21 87 23 74 29 109 2 15 89 17 118 2 15 36 19 62 3 10 316 14 132 28 205 2 27 155 28 225 3 3 49 6 26 11 49 2 8 25 26 29 3 12 4 14 20 28 16 3 6 310 20 65 30 148 3 13 240 25 140 28 85 3 5 73 15 258 24 118 2 8 26 14 25 2 7 158 18 231 3 9 60 11 47 22 25 3 18 100 23 92 29 35 4 12 48 21 67 23 118 29 109 2 19 240 22 186 2 13 17 25 21 3 6 105 27 143 29 70
35 3 2 186 14 161 20 108 3 1 25 21 117 26 89 3 2 102 14 175 20 101 2 2 31 19 12 2 3 64 19 71 2 14 121 16 21 3 4 224 5 137 11 161 3 5 30 6 110 10 64 2 5 12 6 9 3 1 94 21 158 26 67 4 1 69 7 74 15 38 27 17 2 8 54 12 46 2 28 107 29 131 3 3 11 15 17 19 12 3 9 74 11 47 22 65 3 3 10 15 7 19 5 4 12 94 21 87 23 74 29 109 2 15 89 17 118 2 15 36 19 62 3 10 316 14 132 28 205 2 27 155 28 225 3 3 49 6 26 11 49 2 8 25 26 29 3 12 4 14 20 28 16 3 6 310 20 65 30 148 3 13 240 25 140 28 85 3 5 73 15 258 24 118 2 8 26 14 25 2 7 158 18 231 3 9 60 11 47 22 25 3 18 100 23 92 29 35 4 12 48 21 67 23 118 29 109 2 19 240 22 186 2 13 17 25 21 3 6 105 27 143 29 70
36 2 8 17 14 27 3 1 75 21 82 26 26 2 5 29 6 23 2 2 23 19 9 2 8 14 14 23 2 3 228 19 255 2 15 91 17 298 2 5 6 6 24 3 4 39 5 109 11 310 3 5 144 6 28 10 34 2 13 22 25 19 4 1 111 7 51 15 91 27 35 2 15 111 19 187 3 9 19 11 47 22 95 2 19 329 22 65 2 8 256 12 194 2 3 242 19 184 3 10 82 14 305 28 311 3 3 74 6 51 11 75 3 5 216 15 44 24 164 3 12 21 14 17 28 10 3 3 3 15 13 19 17 2 27 211 28 290 2 15 181 19 90 3 6 176 20 213 30 157 3 13 186 25 79 28 281 2 14 178 16 178 2 7 302 18 231 2 28 131 29 112 2 8 4 26 27 2 15 254 19 158 4 12 106 21 56 23 54 29 69 3 6 122 27 68 29 176 3 3 5 15 8 19 5 3 2 88 14 109 20 159 3 18 26 23 51 29 101
33 3 18 150 23 112 29 108 3 1 55 21 105 26 139 2 2 12 19 28 2 3 168 19 82 3 18 176 23 142 29 83 3 4 232 5 79 11 49 2 28 133 29 115 3 5 76 6 106 10 25 3 5 225 15 264 24 59 2 5 28 6 28 3 10 85 14 83 28 124 4 1 99 7 22 15 103 27 43 2 8 230 12 173 3 9 24 11 80 22 64 3 13 240 25 99 28 130 3 3 62 6 16 11 97 2 8 26 14 19 3 12 8 14 16 28 3 3 3 16 15 10 19 9 2 19 132 22 102 3 3 2 15 5 19 3 2 14 27 16 99 3 1 46 21 66 26 171 3 2 76 14 136 20 160 2 15 255 17 239 2 15 214 19 187 2 7 284 18 180 4 12 99 21 119 23 84 29 111 3 6 38 27 179 29 238 2 13 19 25 14 2 8 20 26 23 2 27 281 28 255 3 6 52 20 187 30 292
36 3 1 125 21 30 26 133 2 2 62 19 33 2 28 35 29 52 2 3 114 19 186 3 1 150 21 76 26 93 3 3 2 15 9 19 10 3 6 231 27 51 29 168 2 28 83 29 56 3 4 311 5 280 11 275 3 2 192 14 94 20 202 3 12 13 14 14 28 4 2 13 6 25 6 3 5 123 6 92 10 171 2 8 12 14 24 2 5 7 6 14 3 13 217 25 72 28 297 3 6 146 27 181 29 223 2 8 281 12 138 4 12 23 21 94 23 53 29 104 3 3 8 15 9 19 15 4 1 102 7 84 15 100 27 106 3 9 23 11 22 22 100 3 10 63 14 241 28 279 3 3 55 6 27 11 94 3 5 53 15 181 24 43 2 14 32 16 106 2 3 85 19 148 2 15 272 17 299 2 7 159 18 349 2 15 203 19 46 3 18 67 23 112 29 62 2 19 287 22 179 3 12 16 14 8 28 12 2 8 6 26 15 2 27 120 28 278 3 6 127 20 80 30 172
36 3 1 125 21 30 26 133 2 2 62 19 33 2 28 35 29 52 2 3 114 19 186 3 1 150 21 76 26 93 3 3 2 15 9 19 10 3 6 231 27 51 29 168 2 28 83 29 56 3 4 311 5 280 11 275 3 2 192 14 94 20 202 3 12 13 14 14 28 4 2 13 6 25 6 3 5 123 6 92 10 171 2 8 12 14 24 2 5 7 6 14 3 13 217 25 72 28 297 3 6 146 27 181 29 223 2 8 281 12 138 4 12 23 21 94 23 53 29 104 3 3 8 15 9 19 15 4 1 102 7 84 15 100 27 106 3 9 23 11 22 22 100 3 10 63 14 241 28 279 3 3 55 6 27 11 94 3 5 53 15 181 24 43 2 14 32 16 106 2 3 85 19 148 2 15 272 17 299 2 7 159 18 349 2 15 203 19 46 3 18 67 23 112 29 62 2 19 287 22 179 3 12 16 14 8 28 12 2 8 6 26 15 2 27 120 28 278 3 6 127 20 80 30 172
35 3 1 51 21 26 26 147 2 2 11 19 48 3 12 16 14 11 28 17 2 3 160 19 256 2 2 28 19 39 3 4 204 5 266 11 62 4 1 103 7 74 15 59 27 22 3 2 154 14 166 20 33 2 8 21 14 13 3 5 80 6 182 10 90 2 5 7 6 13 2 8 182 12 133 3 13 122 25 101 28 38 2 8 21 14 21 3 6 238 27 90 29 124 4 12 111 21 91 23 99 29 18 3 9 92 11 54 22 34 3 10 327 14 136 28 323 3 2 24 14 31 20 76 3 3 93 6 41 11 40 3 3 15 15 16 19 10 2 14 99 16 110 3 4 78 5 239 11 297 2 15 299 17 178 2 7 125 18 76 2 27 142 28 38 2 3 91 19 63 2 15 267 19 167 3 5 279 15 59 24 72 3 18 55 23 70 29 52 2 19 181 22 61 2 13 8 25 20 2 8 14 26 34 2 28 37 29 103 3 6 88 20 95 30 254
37 3 1 63 21 77 26 96 2 2 52 19 38 2 3 299 19 300 2 8 20 14 20 2 3 154 19 295 3 4 191 5 68 11 230 3 13 132 25 123 28 151 3 5 84 6 89 10 198 2 5 29 6 23 3 2 187 14 111 20 205 3 13 153 25 297 28 146 4 1 54 7 67 15 55 27 87 3 18 122 23 96 29 123 2 8 126 12 108 3 9 59 11 50 22 11 3 13 68 25 56 28 98 3 10 271 14 317 28 232 3 3 112 6 66 11 65 3 5 121 15 270 24 162 3 12 18 14 2 28 6 3 5 132 15 64 24 39 2 7 313 18 289 3 3 6 15 6 19 5 3 6 32 27 69 29 220 2 27 38 28 54 2 14 31 16 116 2 28 79 29 112 2 15 148 17 225 2 3 179 19 217 2 15 58 19 51 4 12 117 21 68 23 40 29 44 2 15 191 17 171 3 6 271 20 60 30 305 3 10 262 14 163 28 299 2 19 335 22 270 2 13 32 25 34 2 8 24 26 35
37 3 1 63 21 77 26 96 2 2 52 19 38 2 3 299 19 300 2 8 20 14 20 2 3 154 19 295 3 4 191 5 68 11 230 3 13 132 25 123 28 151 3 5 84 6 89 10 198 2 5 29 6 23 3 2 187 14 111 20 205 3 13 153 25 297 28 146 4 1 54 7 67 15 55 27 87 3 18 122 23 96 29 123 2 8 126 12 108 3 9 59 11 50 22 11 3 13 68 25 56 28 98 3 10 271 14 317 28 232 3 3 112 6 66 11 65 3 5 121 15 270 24 162 3 12 18 14 2 28 6 3 5 132 15 64 24 39 2 7 313 18 289 3 3 6 15 6 19 5 3 6 32 27 69 29 220 2 27 38 28 54 2 14 31 16 116 2 28 79 29 112 2 15 148 17 225 2 3 179 19 217 2 15 58 19 51 4 12 117 21 68 23 40 29 44 2 15 191 17 171 3 6 271 20 60 30 305 3 10 262 14 163 28 299 2 19 335 22 270 2 13 32 25 34 2 8 24 26 35
36 2 8 28 14 5 3 1 145 21 158 26 116 2 5 4 6 14 2 2 13 19 28 2 8 9 14 26 2 3 61 19 285 2 15 74 17 202 2 5 3 6 19 3 4 118 5 224 11 97 3 5 136 6 189 10 121 2 13 35 25 36 4 1 22 7 15 15 106 27 58 2 15 125 19 241 3 9 73 11 74 22 13 2 19 63 22 89 2 8 159 12 156 2 3 287 19 275 3 10 240 14 131 28 280 3 3 22 6 29 11 85 3 5 149 15 172 24 251 3 12 15 14 8 28 17 3 3 13 15 2 19 2 2 27 155 28 172 2 15 83 19 271 3 6 56 20 104 30 77 3 13 243 25 261 28 37 2 14 65 16 125 2 7 228 18 209 2 28 40 29 16 2 8 30 26 12 2 15 182 19 48 4 12 62 21 43 23 52 29 54 3 6 129 27 136 29 103 3 3 10 15 16 19 8 3 2 81 14 146 20 133 3 18 96 23 82 29 173
36 2 8 28 14 5 3 1 145 21 158 26 116 2 5 4 6 14 2 2 13 19 28 2 8 9 14 26 2 3 61 19 285 2 15 74 17 202 2 5 3 6 19 3 4 118 5 224 11 97 3 5 136 6 189 10 121 2 13 35 25 36 4 1 22 7 15 15 106 27 58 2 15 125 19 241 3 9 73 11 74 22 13 2 19 63 22 89 2 8 159 12 156 2 3 287 19 275 3 10 240 14 131 28 280 3 3 22 6 29 11 85 3 5 149 15 172 24 251 3 12 15 14 8 28 17 3 3 13 15 2 19 2 2 27 155 28 172 2 15 83 19 271 3 6 56 20 104 30 77 3 13 243 25 261 28 37 2 14 65 16 125 2 7 228 18 209 2 28 40 29 16 2 8 30 26 12 2 15 182 19 48 4 12 62 21 43 23 52 29 54 3 6 129 27 136 29 103 3 3 10 15 16 19 8 3 2 81 14 146 20 133 3 18 96 23 82 29 173
35 3 1 36 21 42 26 27 2 2 27 19 39 3 12 7 14 11 28 2 2 3 274 19 161 2 2 48 19 21 3 4 173 5 71 11 268 4 1 16 7 105 15 35 27 107 3 2 205 14 169 20 181 2 8 19 14 6 3 5 96 6 72 10 32 2 5 24 6 8 2 8 241 12 142 3 13 158 25 232 28 276 2 8 19 14 28 3 6 228 27 106 29 125 4 12 46 21 108 23 39 29 95 3 9 100 11 54 22 92 3 10 334 14 221 28 186 3 2 121 14 69 20 101 3 3 64 6 65 11 94 3 3 11 15 8 19 17 2 14 149 16 152 3 4 114 5 252 11 240 2 15 262 17 81 2 7 55 18 288 2 27 203 28 192 2 3 305 19 275 2 15 230 19 232 3 5 91 15 69 24 265 3 18 115 23 90 29 81 2 19 120 22 330 2 13 27 25 12 2 8 4 26 18 2 28 105 29 54 3 6 152 20 240 30 291
33 3 18 142 23 40 29 38 3 1 79 21 137 26 49 2 2 39 19 32 2 3 246 19 84 3 18 177 23 146 29 44 3 4 229 5 83 11 138 2 28 99 29 76 3 5 179 6 39 10 163 3 5 241 15 85 24 43 2 5 20 6 22 3 10 257 14 158 28 233 4 1 78 7 113 15 29 27 75 2 8 247 12 87 3 9 23 11 13 22 37 3 13 233 25 248 28 230 3 3 85 6 35 11 92 2 8 10 14 22 3 12 18 14 12 28 22 3 3 17 15 7 19 10 2 19 138 22 87 3 3 7 15 2 19 13 2 14 92 16 39 3 1 99 21 72 26 166 3 2 143 14 99 20 207 2 15 160 17 245 2 15 155 19 207 2 7 302 18 130 4 12 59 21 37 23 117 29 92 3 6 175 27 118 29 75 2 13 21 25 22 2 8 31 26 8 2 27 147 28 265 3 6 249 20 248 30 235
36 3 1 33 21 144 26 117 2 2 24 19 51 2 28 20 29 49 2 3 266 19 77 3 1 24 21 128 26 142 3 3 17 15 8 19 3 3 6 166 27 136 29 150 2 28 53 29 59 3 4 254 5 299 11 177 3 2 51 14 59 20 172 3 12 10 14 19 28 9 2 13 19 25 15 3 5 33 6 154 10 93 2 8 17 14 20 2 5 13 6 15 3 13 155 25 311 28 123 3 6 178 27 104 29 128 2 8 169 12 136 4 12 26 21 59 23 70 29 52 3 3 16 15 5 19 17 4 1 115 7 17 15 58 27 78 3 9 13 11 89 22 76 3 10 234 14 262 28 213 3 3 54 6 27 11 94 3 5 205 15 228 24 132 2 14 46 16 78 2 3 298 19 190 2 15 293 17 248 2 7 234 18 65 2 15 202 19 61 3 18 90 23 54 29 47 2 19 177 22 218 3 12 16 14 10 28 21 2 8 30 26 8 2 27 246 28 164 3 6 45 20 92 30 109
36 3 1 33 21 144 26 117 2 2 24 19 51 2 28 20 29 49 2 3 266 19 77 3 1 24 21 128 26 142 3 3 17 15 8 19 3 3 6 166 27 136 29 150 2 28 53 29 59 3 4 254 5 299 11 177 3 2 51 14 59 20 172 3 12 10 14 19 28 9 2 13 19 25 15 3 5 33 6 154 10 93 2 8 17 14 20 2 5 13 6 15 3 13 155 25 311 28 123 3 6 178 27 104 29 128 2 8 169 12 136 4 12 26 21 59 23 70 29 52 3 3 16 15 5 19 17 4 1 115 7 17 15 58 27 78 3 9 13 11 89 22 76 3 10 234 14 262 28 213 3 3 54 6 27 11 94 3 5 205 15 228 24 132 2 14 46 16 78 2 3 298 19 190 2 15 293 17 248 2 7 234 18 65 2 15 202 19 61 3 18 90 23 54 29 47 2 19 177 22 218 3 12 16 14 10 28 21 2 8 30 26 8 2 27 246 28 164 3 6 45 20 92 30 109
36 3 1 33 21 144 26 117 2 2 24 19 51 2 28 20 29 49 2 3 266 19 77 3 1 24 21 128 26 142 3 3 17 15 8 19 3 3 6 166 27 136 29 150 2 28 53 29 59 3 4 254 5 299 11 177 3 2 51 14 59 20 172 3 12 10 14 19 28 9 2 13 19 25 15 3 5 33 6 154 10 93 2 8 17 14 20 2 5 13 6 15 3 13 155 25 311 28 123 3 6 178 27 104 29 128 2 8 169 12 136 4 12 26 21 59 23 70 29 52 3 3 16 15 5 19 17 4 1 115 7 17 15 58 27 78 3 9 13 11 89 22 76 3 10 234 14 262 28 213 3 3 54 6 27 11 94 3 5 205 15 228 24 132 2 14 46 16 78 2 3 298 19 190 2 15 293 17 248 2 7 234 18 65 2 15 202 19 61 3 18 90 23 54 29 47 2 19 177 22 218 3 12 16 14 10 28 21 2 8 30 26 8 2 27 246 28 164 3 6 45 20 92 30 109
36 3 1 33 21 144 26 117 2 2 24 19 51 2 28 20 29 49 2 3 266 19 77 3 1 24 21 128 26 142 3 3 17 15 8 19 3 3 6 166 27 136 29 150 2 28 53 29 59 3 4 254 5 299 11 177 3 2 51 14 59 20 172 3 12 10 14 19 28 9 2 13 19 25 15 3 5 33 6 154 10 93 2 8 17 14 20 2 5 13 6 15 3 13 155 25 311 28 123 3 6 178 27 104 29 128 2 8 169 12 136 4 12 26 21 59 23 70 29 52 3 3 16 15 5 19 17 4 1 115 7 17 15 58 27 78 3 9 13 11 89 22 76 3 10 234 14 262 28 213 3 3 54 6 27 11 94 3 5 205 15 228 24 132 2 14 46 16 78 2 3 298 19 190 2 15 293 17 248 2 7 234 18 65 2 15 202 19 61 3 18 90 23 54 29 47 2 19 177 22 218 3 12 16 14 10 28 21 2 8 30 26 8 2 27 246 28 164 3 6 45 20 92 30 109
36 3 1 115 21 126 26 84 2 2 40 19 8 2 7 45 18 180 2 3 264 19 170 2 7 298 18 335 2 5 26 6 17 3 6 131 20 68 30 58 3 4 50 5 95 11 149 3 5 128 6 153 10 118 4 1 52 7 30 15 40 27 70 2 8 64 12 288 3 9 29 11 91 22 15 3 10 196 14 154 28 64 3 3 77 6 25 11 77 3 3 6 15 15 19 2 2 8 186 12 138 3 12 16 14 23 28 6 3 13 178 25 189 28 195 3 12 14 14 3 28 13 2 8 19 14 18 2 27 161 28 55 2 14 118 16 27 3 1 42 21 118 26 32 2 15 267 17 80 3 10 159 14 312 28 223 2 15 35 19 239 3 2 144 14 116 20 59 2 7 247 18 149 3 5 277 15 187 24 161 4 12 88 21 108 23 75 29 25 2 28 67 29 77 2 8 28 26 18 3 6 172 27 94 29 140 2 19 296 22 219 2 13 28 25 5 3 18 146 23 55 29 24
35 4 12 84 21 70 23 92 29 77 4 1 86 7 90 15 105 27 104 4 12 114 21 121 23 83 29 59 3 1 117 21 96 26 19 3 9 77 11 12 22 76 3 3 6 15 16 19 9 3 1 81 21 107 26 82 2 28 24 29 107 2 2 22 19 48 2 27 273 28 157 3 1 84 21 152 26 154 2 15 307 17 316 2 3 235 19 244 3 4 55 5 163 11 255 3 5 175 6 158 10 187 2 5 27 6 19 3 6 265 20 121 30 49 3 12 10 14 13 28 13 2 8 144 12 51 3 13 185 25 275 28 211 3 18 84 23 179 29 178 3 10 252 14 251 28 310 3 3 47 6 14 11 87 2 13 21 25 16 2 7 337 18 52 3 5 195 15 103 24 179 3 9 87 11 74 22 59 2 8 16 14 24 2 15 245 19 161 2 19 188 22 113 3 6 35 27 218 29 237 2 14 169 16 119 3 10 296 14 188 28 208 3 2 151 14 146 20 46 2 8 13 26 14
35 3 2 177 14 101 20 67 3 1 158 21 114 26 36 3 2 198 14 141 20 120 2 2 14 19 34 2 3 69 19 43 2 14 31 16 103 3 4 59 5 84 11 161 3 5 123 6 134 10 108 2 5 6 6 24 3 1 49 21 42 26 133 4 1 54 7 56 15 59 27 29 2 8 208 12 210 2 28 121 29 71 3 3 12 15 3 19 8 3 9 66 11 77 22 99 3 3 10 15 7 19 9 4 12 21 21 24 23 14 29 53 2 15 180 17 243 2 15 208 19 150 3 10 84 14 87 28 124 2 27 226 28 95 3 3 26 6 96 11 79 2 8 6 26 16 3 12 6 14 18 28 11 3 6 245 20 112 30 185 3 13 222 25 281 28 277 3 5 281 15 81 24 233 2 8 25 14 14 2 7 170 18 124 3 9 98 11 44 22 34 3 18 183 23 21 29 38 4 12 82 21 66 23 121 29 78 2 19 81 22 336 2 13 12 25 27 3 6 209 27 118 29 226
34 3 1 108 21 46 26 22 2 2 25 19 20 2 7 113 18 68 2 3 245 19 101 3 4 151 5 171 11 258 2 7 297 18 89 3 2 40 14 138 20 100 3 5 132 6 125 10 185 2 5 5 6 10 4 1 77 7 69 15 14 27 40 2 8 67 12 151 4 12 68 21 28 23 73 29 36 3 9 38 11 28 22 82 2 14 166 16 149 3 10 120 14 64 28 42 2 8 22 14 17 2 13 21 25 36 3 18 175 23 90 29 28 3 3 53 6 82 11 73 2 15 159 19 264 3 12 11 14 3 28 20 3 13 170 25 307 28 269 3 3 3 15 5 19 4 3 5 131 6 186 10 94 2 15 303 17 186 2 8 36 26 10 3 6 192 20 187 30 44 2 28 25 29 33 2 19 96 22 165 2 14 75 16 160 3 5 52 15 69 24 104 2 2 25 19 29 2 27 63 28 122 3 6 72 27 61 29 224
34 3 1 108 21 46 26 22 2 2 25 19 20 2 7 113 18 68 2 3 245 19 101 3 4 151 5 171 11 258 2 7 297 18 89 3 2 40 14 138 20 100 3 5 132 6 125 10 185 2 5 5 6 10 4 1 77 7 69 15 14 27 40 2 8 67 12 151 4 12 68 21 28 23 73 29 36 3 9 38 11 28 22 82 2 14 166 16 149 3 10 120 14 64 28 42 2 8 22 14 17 2 13 21 25 36 3 18 175 23 90 29 28 3 3 53 6 82 11 73 2 15 159 19 264 3 12 11 14 3 28 20 3 13 170 25 307 28 269 3 3 3 15 5 19 4 3 5 131 6 186 10 94 2 15 303 17 186 2 8 36 26 10 3 6 192 20 187 30 44 2 28 25 29 33 2 19 96 22 165 2 14 75 16 160 3 5 52 15 69 24 104 2 2 25 19 29 2 27 63 28 122 3 6 72 27 61 29 224
36 3 1 171 21 108 26 36 3 13 245 25 70 28 216 2 2 53 19 30 2 28 32 29 67 2 14 82 16 99 3 9 13 11 99 22 69 2 3 266 19 46 3 4 196 5 56 11 118 2 14 139 16 161 3 10 187 14 260 28 133 3 5 166 6 89 10 76 2 5 15 6 10 3 5 70 6 152 10 178 4 1 57 7 44 15 79 27 98 2 8 164 12 272 3 3 79 6 78 11 16 3 12 17 14 17 28 19 2 28 122 29 105 2 8 4 14 11 3 3 4 15 12 19 8 2 15 102 17 219 2 7 191 18 66 2 15 98 19 37 3 18 60 23 37 29 169 2 8 21 26 15 3 2 54 14 79 20 38 3 5 107 15 68 24 63 4 12 96 21 84 23 32 29 121 2 19 126 22 144 4 12 49 21 42 23 44 29 113 2 13 21 25 10 4 1 86 7 97 15 91 27 102 3 6 80 27 178 29 145 2 3 276 19 125 2 27 159 28 204 3 6 176 20 141 30 131
37 3 1 86 21 91 26 117 2 2 30 19 25 2 3 138 19 251 2 8 22 14 21 2 3 57 19 112 3 4 104 5 81 11 100 3 13 88 25 104 28 311 3 5 59 6 107 10 124 2 5 14 6 10 3 2 79 14 183 20 78 3 13 254 25 135 28 150 4 1 79 7 57 15 71 27 61 3 18 29 23 28 29 44 2 8 258 12 122 3 9 29 11 30 22 62 3 13 259 25 246 28 64 3 10 120 14 184 28 217 3 3 71 6 84 11 24 3 5 236 15 97 24 61 3 12 2 14 11 28 17 3 5 108 15 136 24 169 2 7 334 18 157 3 3 17 15 4 19 8 3 6 32 27 230 29 120 2 27 280 28 68 2 14 138 16 142 2 28 94 29 86 2 15 101 17 112 2 3 269 19 187 2 15 170 19 194 4 12 99 21 39 23 93 29 112 2 15 128 17 110 3 6 141 20 230 30 292 3 10 211 14 168 28 242 2 19 218 22 267 2 13 32 25 33 2 8 32 26 12
35 3 1 151 21 137 26 147 3 3 98 6 35 11 61 3 9 61 11 79 22 91 2 19 199 22 271 2 2 15 19 61 2 3 289 19 284 3 4 177 5 203 11 185 3 3 88 6 78 11 76 3 5 77 6 177 10 151 3 12 19 14 5 28 14 2 5 4 6 18 2 27 102 28 236 4 1 27 7 106 15 111 27 60 2 13 7 25 18 3 2 167 14 178 20 66 2 28 47 29 96 2 8 276 12 195 3 12 3 14 7 28 15 3 3 3 15 2 19 15 3 10 101 14 51 28 302 3 13 44 25 199 28 213 2 8 15 14 15 3 6 275 20 192 30 45 2 15 40 19 227 2 14 144 16 117 3 4 257 5 104 11 78 2 15 308 17 244 3 10 224 14 157 28 300 2 7 169 18 40 4 12 79 21 48 23 112 29 80 3 18 174 23 61 29 65 3 5 111 15 75 24 135 2 8 36 26 31 3 2 205 14 78 20 101 3 6 208 27 147 29 90
35 3 1 142 21 28 26 69 2 2 28 19 8 3 12 20 14 17 28 22 2 3 106 19 227 2 2 32 19 21 3 4 116 5 104 11 185 4 1 71 7 116 15 61 27 31 3 2 86 14 163 20 51 2 8 21 14 21 3 5 82 6 101 10 97 2 5 7 6 6 2 8 311 12 98 3 13 302 25 266 28 119 2 8 10 14 6 3 6 120 27 123 29 71 4 12 73 21 113 23 81 29 79 3 9 59 11 84 22 83 3 10 182 14 232 28 65 3 2 67 14 90 20 113 3 3 63 6 87 11 105 3 3 4 15 7 19 9 2 14 97 16 74 3 4 223 5 222 11 278 2 15 133 17 218 2 7 245 18 332 2 27 105 28 218 2 3 215 19 95 2 15 110 19 75 3 5 73 15 130 24 53 3 18 142 23 169 29 105 2 19 315 22 168 2 13 32 25 28 2 8 25 26 24 2 28 25 29 94 3 6 165 20 185 30 208
33 3 18 131 23 185 29 96 3 1 65 21 87 26 82 2 2 38 19 14 2 3 271 19 154 3 18 111 23 182 29 171 3 4 222 5 211 11 265 2 28 127 29 46 3 5 154 6 67 10 185 3 5 116 15 221 24 100 2 5 11 6 18 3 10 327 14 118 28 129 4 1 54 7 105 15 59 27 17 2 8 155 12 196 3 9 66 11 34 22 46 3 13 182 25 233 28 230 3 3 34 6 99 11 29 2 8 12 14 28 3 12 6 14 16 28 9 3 3 10 15 13 19 14 2 19 154 22 294 3 3 4 15 5 19 17 2 14 59 16 58 3 1 92 21 119 26 69 3 2 91 14 71 20 27 2 15 186 17 70 2 15 96 19 162 2 7 273 18 322 4 12 75 21 66 23 95 29 42 3 6 132 27 36 29 142 2 13 34 25 30 2 8 37 26 30 2 27 172 28 65 3 6 65 20 204 30 298
33 3 18 131 23 185 29 96 3 1 65 21 87 26 82 2 2 38 19 14 2 3 271 19 154 3 18 111 23 182 29 171 3 4 222 5 211 11 265 2 28 127 29 46 3 5 154 6 67 10 185 3 5 116 15 221 24 100 2 5 11 6 18 3 10 327 14 118 28 129 4 1 54 7 105 15 59 27 17 2 8 155 12 196 3 9 66 11 34 22 46 3 13 182 25 233 28 230 3 3 34 6 99 11 29 2 8 12 14 28 3 12 6 14 16 28 9 3 3 10 15 13 19 14 2 19 154 22 294 3 3 4 15 5 19 17 2 14 59 16 58 3 1 92 21 119 26 69 3 2 91 14 71 20 27 2 15 186 17 70 2 15 96 19 162 2 7 273 18 322 4 12 75 21 66 23 95 29 42 3 6 132 27 36 29 142 2 13 34 25 30 2 8 37 26 30 2 27 172 28 65 3 6 65 20 204 30 298
36 2 8 20 14 11 3 1 166 21 106 26 102 2 5 15 6 10 2 2 51 19 61 2 8 24 14 10 2 3 122 19 241 2 15 238 17 132 2 5 22 6 9 3 4 237 5 109 11 279 3 5 140 6 114 10 197 2 13 25 25 22 4 1 45 7 99 15 13 27 78 2 15 103 19 32 3 9 58 11 15 22 12 2 19 318 22 43 2 8 195 12 149 2 3 236 19 111 3 10 178 14 317 28 171 3 3 110 6 41 11 41 3 5 193 15 155 24 186 3 12 20 14 18 28 16 3 3 6 15 16 19 17 2 27 250 28 198 2 15 43 19 145 3 6 258 20 196 30 280 3 13 232 25 283 28 121 2 14 48 16 99 2 7 193 18 70 2 28 83 29 126 2 8 37 26 29 2 15 42 19 36 4 12 65 21 43 23 90 29 79 3 6 159 27 97 29 77 3 3 2 15 3 19 3 3 2 169 14 105 20 87 3 18 118 23 86 29 102
37 2 2 60 19 8 3 1 99 21 115 26 108 3 2 187 14 87 20 80 4 12 108 21 63 23 66 29 123 2 8 26 26 34 2 2 30 19 27 2 3 264 19 299 3 2 159 14 112 20 47 2 28 95 29 105 3 4 101 5 82 11 297 3 6 69 20 252 30 98 2 13 37 25 21 2 19 177 22 132 2 2 58 19 10 3 5 159 6 137 10 47 3 4 311 5 308 11 143 2 5 14 6 26 4 1 71 7 55 15 69 27 34 2 8 262 12 135 3 9 12 11 51 22 42 2 14 51 16 135 2 19 267 22 136 2 7 232 18 244 3 10 234 14 51 28 310 3 6 164 20 245 30 187 3 18 181 23 115 29 118 3 12 5 14 10 28 4 3 3 84 6 30 11 96 3 13 256 25 147 28 224 2 19 313 22 292 2 8 4 14 24 3 3 16 15 2 19 17 2 15 119 17 310 2 15 260 19 97 2 27 51 28 273 3 5 111 15 180 24 33 3 6 204 27 68 29 118
DUE_DATES: 6346 6346 6346 5984 5984 6991 6991 6055 6055 6354 6301 6301 7406 7406 7118 7118 7118 8051 7099 7099 5715 5715 7492 6394 7194 7194 6169 8442 8442 6587 6587 7678 6466 6801 6801 6801 6801 7142 7775 6338 5983 5983 6441 7905 7429 6805 6454 6454 6763 8285
WEIGHTS: 3 2 3 2 2 2 3 1 1 3 2 1 1 3 3 1 2 2 1 3 2 1 1 1 2 2 2 1 1 1 3 2 3 1 3 1 2 2 3 1 2 3 1 1 1 2 1 3 2 1
