50 30
37 2 9 65 19 46 2 18 4 29 3 2 24 137 29 182 1 1 97 3 21 164 22 30 25 96 3 2 48 16 134 23 147 3 1 333 3 286 21 265 2 5 13 22 11 3 4 117 12 45 15 122 3 3 36 4 138 5 105 3 8 73 11 30 28 49 3 6 27 7 46 10 63 3 3 162 7 197 28 189 2 5 185 8 200 3 8 55 11 52 28 70 3 9 247 12 149 26 65 2 5 2 22 6 2 10 9 16 21 3 21 70 22 25 25 111 2 6 307 12 186 3 9 76 13 60 28 181 3 8 12 16 19 27 12 3 4 17 12 81 15 132 3 10 24 17 146 20 88 3 5 190 14 64 15 273 3 8 19 11 34 28 60 2 8 80 15 193 3 9 305 13 323 28 315 2 1 102 18 118 3 2 58 9 10 20 27 3 12 52 14 65 21 89 2 1 30 23 27 2 23 60 26 17 2 6 5 30 2 3 15 4 27 11 30 16 3 4 48 12 75 15 68 3 2 16 5 33 28 28
37 2 9 65 19 46 2 18 4 29 3 2 24 137 29 182 1 1 97 3 21 164 22 30 25 96 3 2 48 16 134 23 147 3 1 333 3 286 21 265 2 5 13 22 11 3 4 117 12 45 15 122 3 3 36 4 138 5 105 3 8 73 11 30 28 49 3 6 27 7 46 10 63 3 3 162 7 197 28 189 2 5 185 8 200 3 8 55 11 52 28 70 3 9 247 12 149 26 65 2 5 2 22 6 2 10 9 16 21 3 21 70 22 25 25 111 2 6 307 12 186 3 9 76 13 60 28 181 3 8 12 16 19 27 12 3 4 17 12 81 15 132 3 10 24 17 146 20 88 3 5 190 14 64 15 273 3 8 19 11 34 28 60 2 8 80 15 193 3 9 305 13 323 28 315 2 1 102 18 118 3 2 58 9 10 20 27 3 12 52 14 65 21 89 2 1 30 23 27 2 23 60 26 17 2 6 5 30 2 3 15 4 27 11 30 16 3 4 48 12 75 15 68 3 2 16 5 33 28 28
37 2 9 65 19 46 2 18 4 29 3 2 24 137 29 182 1 1 97 3 21 164 22 30 25 96 3 2 48 16 134 23 147 3 1 333 3 286 21 265 2 5 13 22 11 3 4 117 12 45 15 122 3 3 36 4 138 5 105 3 8 73 11 30 28 49 3 6 27 7 46 10 63 3 3 162 7 197 28 189 2 5 185 8 200 3 8 55 11 52 28 70 3 9 247 12 149 26 65 2 5 2 22 6 2 10 9 16 21 3 21 70 22 25 25 111 2 6 307 12 186 3 9 76 13 60 28 181 3 8 12 16 19 27 12 3 4 17 12 81 15 132 3 10 24 17 146 20 88 3 5 190 14 64 15 273 3 8 19 11 34 28 60 2 8 80 15 193 3 9 305 13 323 28 315 2 1 102 18 118 3 2 58 9 10 20 27 3 12 52 14 65 21 89 2 1 30 23 27 2 23 60 26 17 2 6 5 30 2 3 15 4 27 11 30 16 3 4 48 12 75 15 68 3 2 16 5 33 28 28
36 1 1 34 3 2 50 16 84 23 85 2 23 58 26 58 3 1 80 3 307 21 337 3 2 37 5 8 28 8 3 4 73 12 92 15 86 3 3 90 4 225 5 104 3 6 15 7 69 10 48 3 3 241 7 164 28 221 2 5 92 8 44 3 9 252 12 128 26 181 3 12 11 14 12 21 73 2 10 6 16 7 3 3 178 4 195 5 82 3 8 9 16 7 27 8 2 6 1 30 6 3 8 53 11 72 28 50 3 12 45 14 61 21 37 2 6 207 12 258 3 12 76 14 32 21 15 3 9 89 13 42 28 200 2 24 78 29 208 2 5 8 22 1 3 5 41 14 169 15 110 2 8 129 15 204 2 18 4 29 1 2 5 3 22 13 3 10 192 17 111 20 67 2 9 214 19 157 2 1 137 18 131 2 1 33 23 38 3 2 63 9 22 20 54 2 5 11 22 10 3 15 4 27 19 30 19 2 5 195 8 170 3 21 32 22 110 25 47
36 3 3 80 7 239 28 151 1 1 89 3 3 149 7 133 28 46 3 2 80 16 138 23 35 3 1 99 3 39 21 166 2 1 42 23 39 3 3 215 7 242 28 247 3 2 36 9 9 20 56 3 8 11 16 10 27 8 3 4 90 12 94 15 28 2 9 100 19 173 3 3 99 4 166 5 226 3 6 66 7 67 10 74 2 5 49 8 117 3 9 151 12 123 26 225 2 10 22 16 17 2 1 117 18 147 3 1 331 3 233 21 249 3 9 309 13 181 28 161 3 8 36 11 29 28 30 2 6 71 12 292 3 5 76 14 82 15 141 2 8 222 15 97 3 8 3 16 24 27 2 3 10 62 17 30 20 130 3 12 23 14 75 21 81 2 8 211 15 84 2 5 2 22 8 2 24 200 29 85 3 2 18 5 40 28 7 3 9 255 12 248 26 138 3 21 124 22 23 25 117 3 15 18 27 11 30 21 2 23 35 26 71 2 18 2 29 2 2 6 4 30 4
36 3 3 80 7 239 28 151 1 1 89 3 3 149 7 133 28 46 3 2 80 16 138 23 35 3 1 99 3 39 21 166 2 1 42 23 39 3 3 215 7 242 28 247 3 2 36 9 9 20 56 3 8 11 16 10 27 8 3 4 90 12 94 15 28 2 9 100 19 173 3 3 99 4 166 5 226 3 6 66 7 67 10 74 2 5 49 8 117 3 9 151 12 123 26 225 2 10 22 16 17 2 1 117 18 147 3 1 331 3 233 21 249 3 9 309 13 181 28 161 3 8 36 11 29 28 30 2 6 71 12 292 3 5 76 14 82 15 141 2 8 222 15 97 3 8 3 16 24 27 2 3 10 62 17 30 20 130 3 12 23 14 75 21 81 2 8 211 15 84 2 5 2 22 8 2 24 200 29 85 3 2 18 5 40 28 7 3 9 255 12 248 26 138 3 21 124 22 23 25 117 3 15 18 27 11 30 21 2 23 35 26 71 2 18 2 29 2 2 6 4 30 4
35 3 1 87 3 99 21 306 3 3 179 4 58 5 102 1 1 145 2 5 11 22 9 3 2 159 16 79 23 79 3 4 132 12 49 15 98 3 6 47 7 13 10 47 3 3 135 7 154 28 121 2 5 74 8 25 3 2 99 16 53 23 123 2 23 71 26 71 3 2 23 5 32 28 32 3 9 167 12 114 26 230 2 10 23 16 5 2 9 167 19 100 2 8 223 15 201 2 6 3 30 5 2 23 66 26 48 3 8 24 11 21 28 14 2 6 121 12 183 3 9 87 13 288 28 322 3 2 17 9 45 20 9 3 8 17 16 14 27 16 3 9 324 13 122 28 171 3 5 181 14 45 15 121 2 1 91 18 94 3 12 51 14 41 21 23 3 21 140 22 87 25 147 3 10 193 17 174 20 136 2 1 8 23 10 3 3 215 4 158 5 184 2 24 174 29 135 3 8 11 16 4 27 11 2 18 3 29 2 3 15 20 27 16 30 17
37 2 9 96 19 169 2 18 8 29 4 2 24 80 29 109 1 1 172 3 21 44 22 102 25 142 3 2 65 16 180 23 93 3 1 215 3 164 21 241 2 5 5 22 5 3 4 129 12 134 15 23 3 3 89 4 62 5 159 3 8 41 11 73 28 30 3 6 74 7 78 10 69 3 3 154 7 82 28 264 2 5 183 8 176 3 8 15 11 26 28 44 3 9 291 12 215 26 66 2 5 11 22 11 2 10 11 16 14 3 21 129 22 131 25 165 2 6 148 12 67 3 9 195 13 138 28 238 3 8 4 16 13 27 9 3 4 79 12 20 15 112 3 10 67 17 104 20 93 3 5 154 14 37 15 172 3 8 32 11 44 28 71 2 8 54 15 119 3 9 146 13 73 28 231 2 1 132 18 23 3 2 68 9 28 20 61 3 12 76 14 20 21 24 2 1 39 23 31 2 23 33 26 26 2 6 4 30 3 3 15 7 27 8 30 24 3 4 111 12 36 15 71 3 2 19 5 25 28 11
37 2 9 96 19 169 2 18 8 29 4 2 24 80 29 109 1 1 172 3 21 44 22 102 25 142 3 2 65 16 180 23 93 3 1 215 3 164 21 241 2 5 5 22 5 3 4 129 12 134 15 23 3 3 89 4 62 5 159 3 8 41 11 73 28 30 3 6 74 7 78 10 69 3 3 154 7 82 28 264 2 5 183 8 176 3 8 15 11 26 28 44 3 9 291 12 215 26 66 2 5 11 22 11 2 10 11 16 14 3 21 129 22 131 25 165 2 6 148 12 67 3 9 195 13 138 28 238 3 8 4 16 13 27 9 3 4 79 12 20 15 112 3 10 67 17 104 20 93 3 5 154 14 37 15 172 3 8 32 11 44 28 71 2 8 54 15 119 3 9 146 13 73 28 231 2 1 132 18 23 3 2 68 9 28 20 61 3 12 76 14 20 21 24 2 1 39 23 31 2 23 33 26 26 2 6 4 30 3 3 15 7 27 8 30 24 3 4 111 12 36 15 71 3 2 19 5 25 28 11
35 1 1 181 3 15 19 27 15 30 19 3 2 45 16 98 23 75 2 18 6 29 3 3 1 284 3 154 21 150 3 4 47 12 57 15 28 3 3 125 4 117 5 130 3 6 50 7 49 10 11 3 3 322 7 179 28 291 3 1 81 3 60 21 278 2 5 130 8 67 3 9 255 12 64 26 65 2 10 19 16 14 2 9 153 19 188 3 8 51 11 22 28 14 2 6 282 12 67 3 9 163 13 145 28 52 2 5 173 8 197 3 5 133 14 182 15 63 2 9 179 19 24 2 8 114 15 194 3 8 9 16 4 27 11 3 10 40 17 188 20 58 3 12 29 14 24 21 83 2 1 99 18 154 3 2 62 9 9 20 51 2 5 9 22 13 2 1 36 23 13 3 3 151 4 128 5 98 2 24 132 29 294 3 21 103 22 48 25 115 3 2 57 9 67 20 28 2 23 17 26 32 3 2 17 5 23 28 31 2 6 6 30 7
35 1 1 181 3 15 19 27 15 30 19 3 2 45 16 98 23 75 2 18 6 29 3 3 1 284 3 154 21 150 3 4 47 12 57 15 28 3 3 125 4 117 5 130 3 6 50 7 49 10 11 3 3 322 7 179 28 291 3 1 81 3 60 21 278 2 5 130 8 67 3 9 255 12 64 26 65 2 10 19 16 14 2 9 153 19 188 3 8 51 11 22 28 14 2 6 282 12 67 3 9 163 13 145 28 52 2 5 173 8 197 3 5 133 14 182 15 63 2 9 179 19 24 2 8 114 15 194 3 8 9 16 4 27 11 3 10 40 17 188 20 58 3 12 29 14 24 21 83 2 1 99 18 154 3 2 62 9 9 20 51 2 5 9 22 13 2 1 36 23 13 3 3 151 4 128 5 98 2 24 132 29 294 3 21 103 22 48 25 115 3 2 57 9 67 20 28 2 23 17 26 32 3 2 17 5 23 28 31 2 6 6 30 7
37 1 1 113 3 2 136 16 50 23 59 1 1 55 3 9 126 13 175 28 159 3 10 207 17 159 20 185 1 1 170 3 15 16 27 21 30 3 3 1 231 3 175 21 167 3 9 235 12 160 26 299 3 4 57 12 60 15 33 3 8 69 11 52 28 19 3 9 74 12 194 26 126 3 3 173 4 221 5 117 3 10 149 17 65 20 77 3 6 90 7 19 10 23 3 3 231 7 82 28 242 3 2 39 5 18 28 31 2 23 57 26 19 2 5 108 8 107 2 10 34 16 15 2 1 13 23 37 3 5 45 14 139 15 71 2 6 111 12 66 3 9 68 12 189 26 155 2 5 6 22 13 3 5 48 14 219 15 257 2 8 144 15 124 3 8 8 16 12 27 11 2 9 43 19 146 2 1 76 18 56 3 2 43 9 69 20 76 3 12 70 14 58 21 24 2 18 1 29 7 2 24 269 29 58 2 6 4 30 3 3 1 245 3 40 21 336 3 21 111 22 78 25 151
37 1 1 113 3 2 136 16 50 23 59 1 1 55 3 9 126 13 175 28 159 3 10 207 17 159 20 185 1 1 170 3 15 16 27 21 30 3 3 1 231 3 175 21 167 3 9 235 12 160 26 299 3 4 57 12 60 15 33 3 8 69 11 52 28 19 3 9 74 12 194 26 126 3 3 173 4 221 5 117 3 10 149 17 65 20 77 3 6 90 7 19 10 23 3 3 231 7 82 28 242 3 2 39 5 18 28 31 2 23 57 26 19 2 5 108 8 107 2 10 34 16 15 2 1 13 23 37 3 5 45 14 139 15 71 2 6 111 12 66 3 9 68 12 189 26 155 2 5 6 22 13 3 5 48 14 219 15 257 2 8 144 15 124 3 8 8 16 12 27 11 2 9 43 19 146 2 1 76 18 56 3 2 43 9 69 20 76 3 12 70 14 58 21 24 2 18 1 29 7 2 24 269 29 58 2 6 4 30 3 3 1 245 3 40 21 336 3 21 111 22 78 25 151
37 1 1 113 3 2 136 16 50 23 59 1 1 55 3 9 126 13 175 28 159 3 10 207 17 159 20 185 1 1 170 3 15 16 27 21 30 3 3 1 231 3 175 21 167 3 9 235 12 160 26 299 3 4 57 12 60 15 33 3 8 69 11 52 28 19 3 9 74 12 194 26 126 3 3 173 4 221 5 117 3 10 149 17 65 20 77 3 6 90 7 19 10 23 3 3 231 7 82 28 242 3 2 39 5 18 28 31 2 23 57 26 19 2 5 108 8 107 2 10 34 16 15 2 1 13 23 37 3 5 45 14 139 15 71 2 6 111 12 66 3 9 68 12 189 26 155 2 5 6 22 13 3 5 48 14 219 15 257 2 8 144 15 124 3 8 8 16 12 27 11 2 9 43 19 146 2 1 76 18 56 3 2 43 9 69 20 76 3 12 70 14 58 21 24 2 18 1 29 7 2 24 269 29 58 2 6 4 30 3 3 1 245 3 40 21 336 3 21 111 22 78 25 151
37 1 1 118 3 2 58 16 152 23 177 1 1 70 3 9 144 13 238 28 169 3 10 201 17 165 20 76 1 1 151 3 15 3 27 13 30 6 3 1 264 3 89 21 268 3 9 189 12 190 26 120 3 4 124 12 37 15 129 3 8 55 11 48 28 28 3 9 63 12 243 26 293 3 3 64 4 62 5 220 3 10 148 17 139 20 98 3 6 29 7 36 10 68 3 3 67 7 327 28 190 3 2 42 5 10 28 19 2 23 10 26 24 2 5 159 8 193 2 10 10 16 7 2 1 14 23 6 3 5 294 14 223 15 218 2 6 81 12 132 3 9 119 12 91 26 302 2 5 10 22 8 3 5 168 14 115 15 228 2 8 168 15 203 3 8 5 16 23 27 20 2 9 202 19 121 2 1 126 18 137 3 2 73 9 72 20 20 3 12 52 14 59 21 79 2 18 5 29 8 2 24 188 29 71 2 6 5 30 6 3 1 210 3 329 21 219 3 21 35 22 22 25 138
37 1 1 118 3 2 58 16 152 23 177 1 1 70 3 9 144 13 238 28 169 3 10 201 17 165 20 76 1 1 151 3 15 3 27 13 30 6 3 1 264 3 89 21 268 3 9 189 12 190 26 120 3 4 124 12 37 15 129 3 8 55 11 48 28 28 3 9 63 12 243 26 293 3 3 64 4 62 5 220 3 10 148 17 139 20 98 3 6 29 7 36 10 68 3 3 67 7 327 28 190 3 2 42 5 10 28 19 2 23 10 26 24 2 5 159 8 193 2 10 10 16 7 2 1 14 23 6 3 5 294 14 223 15 218 2 6 81 12 132 3 9 119 12 91 26 302 2 5 10 22 8 3 5 168 14 115 15 228 2 8 168 15 203 3 8 5 16 23 27 20 2 9 202 19 121 2 1 126 18 137 3 2 73 9 72 20 20 3 12 52 14 59 21 79 2 18 5 29 8 2 24 188 29 71 2 6 5 30 6 3 1 210 3 329 21 219 3 21 35 22 22 25 138
34 3 8 48 11 68 28 30 1 1 51 3 2 163 16 26 23 167 3 1 58 3 282 21 263 3 2 106 16 28 23 100 3 4 76 12 127 15 103 3 2 11 5 40 28 8 3 3 221 4 172 5 211 3 9 223 13 230 28 197 3 6 42 7 67 10 23 3 3 271 7 59 28 280 2 5 111 8 41 3 4 45 12 98 15 119 2 6 295 12 282 3 8 47 11 34 28 49 2 1 25 23 26 3 9 246 12 153 26 290 2 5 8 22 10 3 21 137 22 87 25 46 2 10 12 16 10 3 5 315 14 271 15 107 3 10 195 17 31 20 105 2 1 65 18 135 2 8 129 15 112 3 8 21 16 25 27 18 2 9 140 19 31 2 18 8 29 8 3 2 15 9 51 20 77 3 12 41 14 63 21 48 2 24 282 29 250 2 23 73 26 72 3 10 38 17 36 20 135 3 15 24 27 24 30 3 2 6 6 30 7
38 1 1 52 3 2 25 5 22 28 10 3 4 45 12 104 15 24 3 2 92 16 30 23 33 3 1 184 3 252 21 282 3 3 94 4 42 5 140 3 8 65 11 68 28 29 2 10 14 16 21 3 6 27 7 90 10 45 3 3 98 7 189 28 59 1 1 108 2 5 95 8 61 3 9 260 12 145 26 309 2 6 176 12 64 3 3 141 4 110 5 115 3 9 312 13 261 28 67 2 6 211 12 273 3 5 173 14 97 15 145 2 8 177 15 94 3 15 19 27 15 30 3 3 8 10 16 20 27 14 3 9 251 13 84 28 51 3 10 110 17 199 20 85 3 9 71 12 79 26 257 3 12 61 14 67 21 56 2 1 70 18 28 2 9 178 19 81 3 8 4 16 7 27 13 2 18 5 29 5 3 2 29 9 32 20 72 2 5 2 22 11 3 1 306 3 239 21 74 2 1 12 23 9 2 24 178 29 54 3 21 151 22 87 25 79 2 23 67 26 29 3 21 82 22 21 25 83 2 6 1 30 3
37 1 1 162 3 2 28 16 179 23 166 2 18 6 29 4 2 8 59 15 154 3 3 116 4 117 5 68 3 1 236 3 129 21 152 3 4 116 12 59 15 103 1 1 22 3 21 44 22 102 25 160 3 6 69 7 18 10 21 3 3 320 7 129 28 138 3 4 123 12 115 15 93 2 5 44 8 70 3 9 186 13 177 28 45 2 1 10 23 30 2 8 127 15 157 3 9 230 12 253 26 186 3 15 16 27 3 30 22 3 3 340 7 295 28 114 2 10 10 16 12 3 8 57 11 14 28 61 2 6 189 12 39 2 5 3 22 2 3 5 255 14 300 15 85 2 23 15 26 58 3 8 15 16 14 27 9 3 2 91 16 168 23 42 3 10 205 17 82 20 191 2 1 115 18 60 3 3 324 7 209 28 183 2 9 84 19 68 3 2 38 9 14 20 65 3 12 78 14 21 21 66 1 1 31 2 24 290 29 191 3 2 10 5 36 28 11 2 6 6 30 1
37 1 1 162 3 2 28 16 179 23 166 2 18 6 29 4 2 8 59 15 154 3 3 116 4 117 5 68 3 1 236 3 129 21 152 3 4 116 12 59 15 103 1 1 22 3 21 44 22 102 25 160 3 6 69 7 18 10 21 3 3 320 7 129 28 138 3 4 123 12 115 15 93 2 5 44 8 70 3 9 186 13 177 28 45 2 1 10 23 30 2 8 127 15 157 3 9 230 12 253 26 186 3 15 16 27 3 30 22 3 3 340 7 295 28 114 2 10 10 16 12 3 8 57 11 14 28 61 2 6 189 12 39 2 5 3 22 2 3 5 255 14 300 15 85 2 23 15 26 58 3 8 15 16 14 27 9 3 2 91 16 168 23 42 3 10 205 17 82 20 191 2 1 115 18 60 3 3 324 7 209 28 183 2 9 84 19 68 3 2 38 9 14 20 65 3 12 78 14 21 21 66 1 1 31 2 24 290 29 191 3 2 10 5 36 28 11 2 6 6 30 1
37 1 1 162 3 2 28 16 179 23 166 2 18 6 29 4 2 8 59 15 154 3 3 116 4 117 5 68 3 1 236 3 129 21 152 3 4 116 12 59 15 103 1 1 22 3 21 44 22 102 25 160 3 6 69 7 18 10 21 3 3 320 7 129 28 138 3 4 123 12 115 15 93 2 5 44 8 70 3 9 186 13 177 28 45 2 1 10 23 30 2 8 127 15 157 3 9 230 12 253 26 186 3 15 16 27 3 30 22 3 3 340 7 295 28 114 2 10 10 16 12 3 8 57 11 14 28 61 2 6 189 12 39 2 5 3 22 2 3 5 255 14 300 15 85 2 23 15 26 58 3 8 15 16 14 27 9 3 2 91 16 168 23 42 3 10 205 17 82 20 191 2 1 115 18 60 3 3 324 7 209 28 183 2 9 84 19 68 3 2 38 9 14 20 65 3 12 78 14 21 21 66 1 1 31 2 24 290 29 191 3 2 10 5 36 28 11 2 6 6 30 1
38 1 1 93 3 2 11 5 14 28 41 3 4 85 12 49 15 27 3 2 67 16 129 23 159 3 1 124 3 192 21 237 3 3 180 4 34 5 58 3 8 49 11 9 28 61 2 10 5 16 23 3 6 41 7 67 10 54 3 3 88 7 227 28 111 1 1 40 2 5 51 8 72 3 9 146 12 183 26 49 2 6 269 12 164 3 3 177 4 76 5 150 3 9 64 13 118 28 140 2 6 141 12 154 3 5 83 14 276 15 248 2 8 195 15 92 3 15 18 27 21 30 22 3 8 17 16 7 27 23 3 9 237 13 257 28 82 3 10 80 17 185 20 136 3 9 59 12 149 26 310 3 12 76 14 88 21 22 2 1 125 18 102 2 9 211 19 153 3 8 16 16 4 27 13 2 18 8 29 7 3 2 48 9 35 20 40 2 5 7 22 13 3 1 181 3 302 21 303 2 1 48 23 11 2 24 251 29 279 3 21 50 22 90 25 103 2 23 42 26 37 3 21 148 22 86 25 124 2 6 5 30 6
34 3 8 33 11 66 28 69 1 1 167 3 2 151 16 117 23 121 3 1 329 3 321 21 223 3 2 189 16 117 23 155 3 4 97 12 26 15 110 3 2 10 5 5 28 27 3 3 37 4 235 5 132 3 9 235 13 319 28 140 3 6 36 7 38 10 94 3 3 51 7 124 28 118 2 5 120 8 172 3 4 116 12 21 15 76 2 6 87 12 306 3 8 44 11 63 28 20 2 1 44 23 46 3 9 193 12 160 26 39 2 5 9 22 10 3 21 66 22 30 25 97 2 10 10 16 28 3 5 184 14 140 15 127 3 10 135 17 180 20 94 2 1 118 18 121 2 8 148 15 179 3 8 24 16 10 27 25 2 9 121 19 72 2 18 1 29 3 3 2 79 9 19 20 24 3 12 73 14 31 21 38 2 24 235 29 82 2 23 73 26 52 3 10 97 17 45 20 116 3 15 6 27 7 30 10 2 6 4 30 1
35 3 1 112 3 186 21 203 3 3 36 4 34 5 163 1 1 164 2 5 9 22 2 3 2 148 16 52 23 85 3 4 54 12 45 15 90 3 6 95 7 73 10 38 3 3 189 7 283 28 331 2 5 179 8 111 3 2 161 16 50 23 159 2 23 36 26 73 3 2 12 5 21 28 22 3 9 221 12 124 26 251 2 10 36 16 21 2 9 127 19 89 2 8 156 15 83 2 6 4 30 2 2 23 57 26 68 3 8 45 11 37 28 68 2 6 208 12 297 3 9 153 13 108 28 184 3 2 24 9 22 20 30 3 8 8 16 21 27 13 3 9 228 13 258 28 163 3 5 84 14 51 15 152 2 1 30 18 22 3 12 47 14 42 21 81 3 21 116 22 19 25 67 3 10 127 17 118 20 211 2 1 27 23 45 3 3 184 4 111 5 131 2 24 268 29 175 3 8 3 16 4 27 7 2 18 3 29 1 3 15 15 27 25 30 3
36 1 1 29 3 2 172 16 177 23 131 2 23 30 26 8 3 1 312 3 286 21 98 3 2 42 5 23 28 35 3 4 72 12 60 15 84 3 3 31 4 228 5 110 3 6 39 7 81 10 32 3 3 306 7 232 28 72 2 5 38 8 28 3 9 81 12 267 26 180 3 12 79 14 65 21 21 2 10 19 16 13 3 3 134 4 87 5 191 3 8 13 16 5 27 8 2 6 6 30 7 3 8 51 11 70 28 40 3 12 53 14 22 21 86 2 6 205 12 69 3 12 35 14 67 21 33 3 9 251 13 46 28 220 2 24 211 29 222 2 5 3 22 12 3 5 301 14 51 15 36 2 8 154 15 187 2 18 4 29 6 2 5 13 22 6 3 10 135 17 90 20 132 2 9 101 19 191 2 1 33 18 121 2 1 43 23 13 3 2 17 9 55 20 30 2 5 8 22 9 3 15 10 27 14 30 20 2 5 39 8 85 3 21 52 22 76 25 119
36 1 1 29 3 2 172 16 177 23 131 2 23 30 26 8 3 1 312 3 286 21 98 3 2 42 5 23 28 35 3 4 72 12 60 15 84 3 3 31 4 228 5 110 3 6 39 7 81 10 32 3 3 306 7 232 28 72 2 5 38 8 28 3 9 81 12 267 26 180 3 12 79 14 65 21 21 2 10 19 16 13 3 3 134 4 87 5 191 3 8 13 16 5 27 8 2 6 6 30 7 3 8 51 11 70 28 40 3 12 53 14 22 21 86 2 6 205 12 69 3 12 35 14 67 21 33 3 9 251 13 46 28 220 2 24 211 29 222 2 5 3 22 12 3 5 301 14 51 15 36 2 8 154 15 187 2 18 4 29 6 2 5 13 22 6 3 10 135 17 90 20 132 2 9 101 19 191 2 1 33 18 121 2 1 43 23 13 3 2 17 9 55 20 30 2 5 8 22 9 3 15 10 27 14 30 20 2 5 39 8 85 3 21 52 22 76 25 119
37 2 5 13 22 13 3 10 189 17 38 20 93 2 1 20 18 91 1 1 137 3 2 99 16 123 23 152 3 1 207 3 119 21 98 3 4 26 12 66 15 23 3 10 193 17 119 20 187 3 3 206 4 80 5 220 3 2 48 16 180 23 142 3 6 64 7 80 10 52 3 3 215 7 145 28 155 2 5 75 8 24 3 9 298 12 53 26 291 2 10 31 16 19 3 10 144 17 35 20 73 2 8 174 15 224 3 21 167 22 33 25 75 2 6 1 30 2 3 8 65 11 28 28 15 2 6 282 12 86 3 9 101 13 51 28 170 3 1 159 3 144 21 223 3 5 140 14 239 15 269 2 23 53 26 61 3 10 41 17 200 20 181 2 24 284 29 86 3 12 57 14 48 21 70 3 8 7 16 11 27 13 2 9 160 19 126 2 1 13 23 25 2 5 3 22 2 3 2 62 9 65 20 77 3 2 16 5 27 28 23 2 18 4 29 5 3 4 32 12 25 15 92 3 15 15 27 11 30 15
37 2 5 13 22 13 3 10 189 17 38 20 93 2 1 20 18 91 1 1 137 3 2 99 16 123 23 152 3 1 207 3 119 21 98 3 4 26 12 66 15 23 3 10 193 17 119 20 187 3 3 206 4 80 5 220 3 2 48 16 180 23 142 3 6 64 7 80 10 52 3 3 215 7 145 28 155 2 5 75 8 24 3 9 298 12 53 26 291 2 10 31 16 19 3 10 144 17 35 20 73 2 8 174 15 224 3 21 167 22 33 25 75 2 6 1 30 2 3 8 65 11 28 28 15 2 6 282 12 86 3 9 101 13 51 28 170 3 1 159 3 144 21 223 3 5 140 14 239 15 269 2 23 53 26 61 3 10 41 17 200 20 181 2 24 284 29 86 3 12 57 14 48 21 70 3 8 7 16 11 27 13 2 9 160 19 126 2 1 13 23 25 2 5 3 22 2 3 2 62 9 65 20 77 3 2 16 5 27 28 23 2 18 4 29 5 3 4 32 12 25 15 92 3 15 15 27 11 30 15
37 1 1 179 3 2 168 16 65 23 150 2 18 5 29 8 2 8 179 15 182 3 3 176 4 36 5 165 3 1 189 3 214 21 121 3 4 114 12 17 15 61 1 1 67 3 21 22 22 40 25 142 3 6 76 7 64 10 78 3 3 215 7 132 28 89 3 4 57 12 25 15 60 2 5 166 8 48 3 9 120 13 107 28 89 2 1 41 23 25 2 8 60 15 86 3 9 181 12 314 26 50 3 15 13 27 21 30 11 3 3 64 7 88 28 287 2 10 18 16 37 3 8 43 11 41 28 65 2 6 300 12 202 2 5 4 22 5 3 5 173 14 187 15 202 2 23 31 26 47 3 8 9 16 15 27 24 3 2 56 16 88 23 126 3 10 25 17 126 20 164 2 1 35 18 54 3 3 82 7 39 28 303 2 9 157 19 104 3 2 44 9 61 20 67 3 12 83 14 43 21 39 1 1 168 2 24 49 29 243 3 2 22 5 14 28 4 2 6 4 30 1
37 1 1 179 3 2 168 16 65 23 150 2 18 5 29 8 2 8 179 15 182 3 3 176 4 36 5 165 3 1 189 3 214 21 121 3 4 114 12 17 15 61 1 1 67 3 21 22 22 40 25 142 3 6 76 7 64 10 78 3 3 215 7 132 28 89 3 4 57 12 25 15 60 2 5 166 8 48 3 9 120 13 107 28 89 2 1 41 23 25 2 8 60 15 86 3 9 181 12 314 26 50 3 15 13 27 21 30 11 3 3 64 7 88 28 287 2 10 18 16 37 3 8 43 11 41 28 65 2 6 300 12 202 2 5 4 22 5 3 5 173 14 187 15 202 2 23 31 26 47 3 8 9 16 15 27 24 3 2 56 16 88 23 126 3 10 25 17 126 20 164 2 1 35 18 54 3 3 82 7 39 28 303 2 9 157 19 104 3 2 44 9 61 20 67 3 12 83 14 43 21 39 1 1 168 2 24 49 29 243 3 2 22 5 14 28 4 2 6 4 30 1
35 1 1 28 2 9 82 19 107 3 10 204 17 162 20 38 1 1 154 3 2 90 16 102 23 33 3 4 54 12 64 15 34 3 10 215 17 200 20 206 2 6 290 12 126 3 1 131 3 122 21 167 3 2 15 5 33 28 32 3 3 123 4 128 5 79 3 6 63 7 35 10 16 3 3 268 7 237 28 87 3 6 64 7 69 10 12 2 5 55 8 61 3 9 164 12 106 26 98 2 10 32 16 34 3 8 64 11 55 28 36 3 9 46 13 44 28 202 2 1 27 18 37 2 10 18 16 10 3 5 163 14 277 15 213 2 5 14 22 3 2 8 117 15 31 3 3 138 7 143 28 157 3 8 22 16 11 27 13 3 2 23 9 27 20 45 3 12 34 14 46 21 63 2 18 7 29 7 2 24 113 29 108 2 1 45 23 12 2 23 10 26 17 3 21 30 22 89 25 48 3 15 11 27 23 30 23 2 6 4 30 2
37 3 3 195 7 131 28 261 1 1 174 3 2 88 16 77 23 174 3 1 195 3 173 21 254 3 6 46 7 48 10 34 3 4 136 12 83 15 23 3 3 240 4 240 5 159 2 5 45 8 72 3 3 220 7 276 28 92 3 9 70 12 76 26 305 3 6 32 7 57 10 49 2 10 34 16 8 3 2 122 16 130 23 105 3 8 41 11 52 28 53 2 6 108 12 123 3 9 164 13 178 28 115 3 5 236 14 213 15 248 2 8 123 15 100 3 8 5 16 9 27 9 2 5 67 8 131 3 10 89 17 108 20 174 3 5 208 14 138 15 57 2 1 100 18 94 2 9 106 19 191 2 5 3 22 6 3 2 66 9 58 20 80 3 12 87 14 51 21 28 2 24 167 29 77 2 1 27 23 35 3 21 23 22 122 25 116 3 12 26 14 51 21 85 3 2 32 5 11 28 13 3 10 37 17 186 20 146 2 18 5 29 1 2 23 49 26 50 2 6 1 30 3 3 15 5 27 19 30 14
37 3 3 195 7 131 28 261 1 1 174 3 2 88 16 77 23 174 3 1 195 3 173 21 254 3 6 46 7 48 10 34 3 4 136 12 83 15 23 3 3 240 4 240 5 159 2 5 45 8 72 3 3 220 7 276 28 92 3 9 70 12 76 26 305 3 6 32 7 57 10 49 2 10 34 16 8 3 2 122 16 130 23 105 3 8 41 11 52 28 53 2 6 108 12 123 3 9 164 13 178 28 115 3 5 236 14 213 15 248 2 8 123 15 100 3 8 5 16 9 27 9 2 5 67 8 131 3 10 89 17 108 20 174 3 5 208 14 138 15 57 2 1 100 18 94 2 9 106 19 191 2 5 3 22 6 3 2 66 9 58 20 80 3 12 87 14 51 21 28 2 24 167 29 77 2 1 27 23 35 3 21 23 22 122 25 116 3 12 26 14 51 21 85 3 2 32 5 11 28 13 3 10 37 17 186 20 146 2 18 5 29 1 2 23 49 26 50 2 6 1 30 3 3 15 5 27 19 30 14
37 3 3 195 7 131 28 261 1 1 174 3 2 88 16 77 23 174 3 1 195 3 173 21 254 3 6 46 7 48 10 34 3 4 136 12 83 15 23 3 3 240 4 240 5 159 2 5 45 8 72 3 3 220 7 276 28 92 3 9 70 12 76 26 305 3 6 32 7 57 10 49 2 10 34 16 8 3 2 122 16 130 23 105 3 8 41 11 52 28 53 2 6 108 12 123 3 9 164 13 178 28 115 3 5 236 14 213 15 248 2 8 123 15 100 3 8 5 16 9 27 9 2 5 67 8 131 3 10 89 17 108 20 174 3 5 208 14 138 15 57 2 1 100 18 94 2 9 106 19 191 2 5 3 22 6 3 2 66 9 58 20 80 3 12 87 14 51 21 28 2 24 167 29 77 2 1 27 23 35 3 21 23 22 122 25 116 3 12 26 14 51 21 85 3 2 32 5 11 28 13 3 10 37 17 186 20 146 2 18 5 29 1 2 23 49 26 50 2 6 1 30 3 3 15 5 27 19 30 14
37 2 5 8 22 10 3 10 73 17 90 20 72 2 1 115 18 41 1 1 167 3 2 33 16 86 23 109 3 1 176 3 204 21 327 3 4 16 12 93 15 28 3 10 43 17 76 20 94 3 3 84 4 169 5 188 3 2 42 16 178 23 172 3 6 26 7 36 10 20 3 3 156 7 267 28 66 2 5 90 8 78 3 9 68 12 46 26 311 2 10 6 16 18 3 10 195 17 173 20 177 2 8 138 15 148 3 21 54 22 116 25 144 2 6 2 30 1 3 8 62 11 33 28 65 2 6 47 12 66 3 9 144 13 57 28 72 3 1 199 3 247 21 141 3 5 39 14 279 15 195 2 23 26 26 44 3 10 99 17 183 20 111 2 24 213 29 207 3 12 44 14 82 21 12 3 8 18 16 12 27 7 2 9 180 19 128 2 1 25 23 37 2 5 8 22 4 3 2 58 9 63 20 54 3 2 43 5 5 28 23 2 18 7 29 8 3 4 42 12 99 15 68 3 15 6 27 9 30 22
37 2 5 8 22 10 3 10 73 17 90 20 72 2 1 115 18 41 1 1 167 3 2 33 16 86 23 109 3 1 176 3 204 21 327 3 4 16 12 93 15 28 3 10 43 17 76 20 94 3 3 84 4 169 5 188 3 2 42 16 178 23 172 3 6 26 7 36 10 20 3 3 156 7 267 28 66 2 5 90 8 78 3 9 68 12 46 26 311 2 10 6 16 18 3 10 195 17 173 20 177 2 8 138 15 148 3 21 54 22 116 25 144 2 6 2 30 1 3 8 62 11 33 28 65 2 6 47 12 66 3 9 144 13 57 28 72 3 1 199 3 247 21 141 3 5 39 14 279 15 195 2 23 26 26 44 3 10 99 17 183 20 111 2 24 213 29 207 3 12 44 14 82 21 12 3 8 18 16 12 27 7 2 9 180 19 128 2 1 25 23 37 2 5 8 22 4 3 2 58 9 63 20 54 3 2 43 5 5 28 23 2 18 7 29 8 3 4 42 12 99 15 68 3 15 6 27 9 30 22
34 3 8 45 11 11 28 49 1 1 117 3 2 76 16 162 23 131 3 1 152 3 100 21 97 3 2 137 16 140 23 128 3 4 110 12 60 15 26 3 2 12 5 6 28 9 3 3 188 4 105 5 40 3 9 259 13 324 28 116 3 6 94 7 32 10 24 3 3 122 7 92 28 297 2 5 39 8 79 3 4 107 12 55 15 128 2 6 281 12 95 3 8 66 11 48 28 29 2 1 50 23 26 3 9 203 12 188 26 66 2 5 13 22 11 3 21 38 22 160 25 65 2 10 27 16 6 3 5 99 14 78 15 302 3 10 49 17 121 20 107 2 1 27 18 25 2 8 69 15 140 3 8 19 16 18 27 23 2 9 109 19 53 2 18 1 29 7 3 2 50 9 17 20 70 3 12 60 14 21 21 57 2 24 225 29 74 2 23 17 26 71 3 10 143 17 202 20 165 3 15 3 27 19 30 2 2 6 2 30 6
38 1 1 103 3 2 24 5 5 28 12 3 4 91 12 93 15 87 3 2 66 16 164 23 142 3 1 188 3 176 21 96 3 3 205 4 51 5 160 3 8 39 11 30 28 70 2 10 28 16 32 3 6 51 7 44 10 55 3 3 44 7 95 28 265 1 1 79 2 5 90 8 205 3 9 305 12 217 26 174 2 6 261 12 258 3 3 194 4 132 5 129 3 9 278 13 209 28 301 2 6 99 12 124 3 5 61 14 189 15 128 2 8 134 15 48 3 15 18 27 24 30 8 3 8 17 16 7 27 9 3 9 174 13 287 28 327 3 10 31 17 63 20 94 3 9 270 12 218 26 123 3 12 25 14 31 21 75 2 1 81 18 119 2 9 172 19 151 3 8 15 16 6 27 23 2 18 7 29 2 3 2 60 9 10 20 33 2 5 6 22 5 3 1 86 3 216 21 281 2 1 39 23 33 2 24 197 29 77 3 21 124 22 50 25 164 2 23 31 26 73 3 21 49 22 135 25 45 2 6 6 30 4
35 1 1 58 3 15 10 27 12 30 21 3 2 160 16 61 23 41 2 18 7 29 2 3 1 116 3 284 21 194 3 4 15 12 66 15 102 3 3 200 4 190 5 171 3 6 71 7 64 10 94 3 3 42 7 195 28 233 3 1 95 3 310 21 197 2 5 202 8 158 3 9 86 12 129 26 135 2 10 35 16 33 2 9 178 19 214 3 8 59 11 37 28 10 2 6 72 12 218 3 9 86 13 244 28 300 2 5 138 8 141 3 5 257 14 223 15 112 2 9 111 19 102 2 8 166 15 162 3 8 12 16 9 27 9 3 10 205 17 56 20 130 3 12 39 14 42 21 47 2 1 113 18 101 3 2 74 9 50 20 35 2 5 13 22 10 2 1 5 23 32 3 3 68 4 235 5 79 2 24 181 29 269 3 21 101 22 83 25 83 3 2 53 9 42 20 28 2 23 54 26 28 3 2 28 5 11 28 42 2 6 1 30 6
35 1 1 58 3 15 10 27 12 30 21 3 2 160 16 61 23 41 2 18 7 29 2 3 1 116 3 284 21 194 3 4 15 12 66 15 102 3 3 200 4 190 5 171 3 6 71 7 64 10 94 3 3 42 7 195 28 233 3 1 95 3 310 21 197 2 5 202 8 158 3 9 86 12 129 26 135 2 10 35 16 33 2 9 178 19 214 3 8 59 11 37 28 10 2 6 72 12 218 3 9 86 13 244 28 300 2 5 138 8 141 3 5 257 14 223 15 112 2 9 111 19 102 2 8 166 15 162 3 8 12 16 9 27 9 3 10 205 17 56 20 130 3 12 39 14 42 21 47 2 1 113 18 101 3 2 74 9 50 20 35 2 5 13 22 10 2 1 5 23 32 3 3 68 4 235 5 79 2 24 181 29 269 3 21 101 22 83 25 83 3 2 53 9 42 20 28 2 23 54 26 28 3 2 28 5 11 28 42 2 6 1 30 6
33 2 10 4 16 23 1 1 55 2 10 19 16 9 3 3 94 4 129 5 144 3 6 70 7 70 10 22 3 2 38 16 184 23 134 3 1 285 3 188 21 303 3 8 13 16 20 27 4 3 4 53 12 112 15 116 3 15 4 27 20 30 8 2 18 5 29 8 3 3 252 7 106 28 60 2 5 47 8 170 3 9 61 12 197 26 57 3 8 19 11 42 28 16 2 6 144 12 276 3 9 303 13 264 28 49 2 24 114 29 279 3 5 274 14 102 15 79 2 8 136 15 64 2 23 63 26 22 3 10 122 17 141 20 36 2 6 1 30 4 2 1 35 18 110 2 6 196 12 94 2 9 55 19 25 3 2 68 9 55 20 55 3 12 51 14 82 21 50 2 5 9 22 14 3 3 170 4 28 5 232 2 1 10 23 41 3 2 41 5 41 28 5 3 21 141 22 131 25 61
33 1 1 50 3 12 69 14 38 21 34 3 2 104 16 184 23 77 3 15 9 27 14 30 9 3 1 94 3 227 21 132 3 9 166 13 90 28 265 3 1 200 3 289 21 139 2 1 34 23 28 3 4 48 12 33 15 54 2 5 47 8 106 3 12 20 14 41 21 50 2 6 2 30 1 2 24 192 29 212 3 3 94 4 233 5 179 2 6 2 30 4 3 2 10 5 6 28 41 3 8 44 11 69 28 18 3 6 25 7 13 10 64 3 3 181 7 136 28 291 3 8 9 16 22 27 18 3 9 106 12 106 26 150 2 1 144 18 82 2 10 26 16 34 2 6 270 12 130 3 10 41 17 43 20 34 3 5 50 14 251 15 209 2 5 13 22 3 2 8 71 15 105 2 9 152 19 135 3 2 78 9 50 20 53 3 21 90 22 132 25 19 2 18 8 29 3 2 23 55 26 30
33 1 1 50 3 12 69 14 38 21 34 3 2 104 16 184 23 77 3 15 9 27 14 30 9 3 1 94 3 227 21 132 3 9 166 13 90 28 265 3 1 200 3 289 21 139 2 1 34 23 28 3 4 48 12 33 15 54 2 5 47 8 106 3 12 20 14 41 21 50 2 6 2 30 1 2 24 192 29 212 3 3 94 4 233 5 179 2 6 2 30 4 3 2 10 5 6 28 41 3 8 44 11 69 28 18 3 6 25 7 13 10 64 3 3 181 7 136 28 291 3 8 9 16 22 27 18 3 9 106 12 106 26 150 2 1 144 18 82 2 10 26 16 34 2 6 270 12 130 3 10 41 17 43 20 34 3 5 50 14 251 15 209 2 5 13 22 3 2 8 71 15 105 2 9 152 19 135 3 2 78 9 50 20 53 3 21 90 22 132 25 19 2 18 8 29 3 2 23 55 26 30
33 2 10 20 16 16 1 1 29 2 10 19 16 20 3 3 33 4 199 5 187 3 6 44 7 50 10 15 3 2 157 16 50 23 89 3 1 293 3 266 21 299 3 8 4 16 18 27 8 3 4 65 12 92 15 91 3 15 15 27 3 30 14 2 18 3 29 8 3 3 177 7 186 28 182 2 5 129 8 43 3 9 183 12 103 26 90 3 8 71 11 56 28 63 2 6 296 12 141 3 9 153 13 316 28 133 2 24 48 29 220 3 5 161 14 197 15 245 2 8 184 15 120 2 23 15 26 68 3 10 35 17 132 20 128 2 6 4 30 6 2 1 128 18 52 2 6 126 12 46 2 9 32 19 198 3 2 46 9 72 20 10 3 12 37 14 84 21 80 2 5 6 22 9 3 3 163 4 132 5 102 2 1 32 23 8 3 2 8 5 32 28 40 3 21 75 22 36 25 83
37 3 3 67 7 257 28 295 1 1 155 3 2 151 16 184 23 99 3 1 157 3 83 21 220 3 6 24 7 62 10 93 3 4 49 12 115 15 40 3 3 242 4 120 5 62 2 5 136 8 90 3 3 210 7 142 28 292 3 9 118 12 221 26 69 3 6 12 7 76 10 16 2 10 20 16 22 3 2 43 16 107 23 34 3 8 23 11 31 28 17 2 6 157 12 154 3 9 123 13 76 28 81 3 5 118 14 101 15 246 2 8 25 15 72 3 8 19 16 24 27 19 2 5 148 8 105 3 10 147 17 158 20 192 3 5 244 14 78 15 63 2 1 28 18 113 2 9 39 19 117 2 5 8 22 13 3 2 71 9 78 20 17 3 12 15 14 57 21 78 2 24 154 29 144 2 1 10 23 40 3 21 45 22 159 25 96 3 12 23 14 74 21 11 3 2 5 5 20 28 34 3 10 43 17 137 20 104 2 18 1 29 4 2 23 32 26 39 2 6 2 30 2 3 15 6 27 5 30 6
37 2 5 7 22 8 3 10 205 17 167 20 165 2 1 20 18 91 1 1 142 3 2 182 16 86 23 24 3 1 306 3 160 21 309 3 4 118 12 64 15 73 3 10 34 17 178 20 88 3 3 133 4 57 5 111 3 2 154 16 23 23 87 3 6 70 7 48 10 65 3 3 226 7 218 28 190 2 5 207 8 31 3 9 96 12 215 26 217 2 10 30 16 13 3 10 63 17 142 20 162 2 8 212 15 169 3 21 82 22 89 25 149 2 6 5 30 3 3 8 67 11 69 28 60 2 6 159 12 243 3 9 41 13 63 28 220 3 1 319 3 66 21 101 3 5 152 14 279 15 121 2 23 59 26 21 3 10 91 17 103 20 193 2 24 244 29 46 3 12 65 14 22 21 53 3 8 2 16 14 27 22 2 9 86 19 60 2 1 41 23 6 2 5 8 22 10 3 2 57 9 32 20 75 3 2 26 5 25 28 7 2 18 8 29 3 3 4 43 12 126 15 67 3 15 21 27 7 30 15
36 1 1 114 2 24 184 29 68 3 2 145 16 140 23 92 3 1 251 3 197 21 323 2 6 4 30 3 3 4 69 12 82 15 23 2 6 1 30 4 3 8 12 16 5 27 4 3 3 139 4 37 5 117 3 2 65 16 159 23 141 3 6 35 7 28 10 29 3 3 281 7 133 28 101 2 5 117 8 169 3 9 271 12 167 26 220 3 2 63 9 61 20 80 2 18 2 29 3 2 6 40 12 74 3 1 266 3 39 21 282 2 10 6 16 30 3 8 14 11 25 28 73 2 6 1 30 1 2 9 108 19 173 2 8 104 15 167 3 9 181 13 290 28 207 3 5 179 14 104 15 216 2 1 124 18 77 2 1 14 23 8 3 10 59 17 190 20 38 3 12 20 14 83 21 67 3 9 184 12 66 26 199 3 2 23 5 27 28 24 3 21 133 22 88 25 97 2 9 210 19 108 2 23 19 26 34 2 5 4 22 13 3 15 23 27 17 30 11
36 1 1 114 2 24 184 29 68 3 2 145 16 140 23 92 3 1 251 3 197 21 323 2 6 4 30 3 3 4 69 12 82 15 23 2 6 1 30 4 3 8 12 16 5 27 4 3 3 139 4 37 5 117 3 2 65 16 159 23 141 3 6 35 7 28 10 29 3 3 281 7 133 28 101 2 5 117 8 169 3 9 271 12 167 26 220 3 2 63 9 61 20 80 2 18 2 29 3 2 6 40 12 74 3 1 266 3 39 21 282 2 10 6 16 30 3 8 14 11 25 28 73 2 6 1 30 1 2 9 108 19 173 2 8 104 15 167 3 9 181 13 290 28 207 3 5 179 14 104 15 216 2 1 124 18 77 2 1 14 23 8 3 10 59 17 190 20 38 3 12 20 14 83 21 67 3 9 184 12 66 26 199 3 2 23 5 27 28 24 3 21 133 22 88 25 97 2 9 210 19 108 2 23 19 26 34 2 5 4 22 13 3 15 23 27 17 30 11
38 1 1 132 3 2 52 16 96 23 55 1 1 24 3 1 159 3 328 21 106 1 1 63 3 4 105 12 95 15 126 3 2 84 16 49 23 45 3 8 13 16 13 27 13 3 4 132 12 22 15 110 3 12 57 14 18 21 89 3 3 228 4 66 5 150 2 6 3 30 3 3 6 31 7 74 10 12 2 18 6 29 3 3 3 136 7 48 28 121 2 5 77 8 117 3 9 295 13 91 28 105 2 6 216 12 187 2 6 2 30 2 3 9 186 12 147 26 131 2 10 10 16 26 3 8 12 16 6 27 4 3 8 37 11 35 28 37 3 5 214 14 166 15 298 2 8 81 15 93 3 10 81 17 47 20 70 2 5 200 8 102 2 1 23 18 73 2 9 111 19 173 3 2 25 9 65 20 50 2 5 9 22 4 2 1 17 23 9 2 24 218 29 57 3 15 21 27 5 30 8 3 2 21 5 16 28 10 3 21 136 22 36 25 112 2 8 131 15 35 2 23 15 26 11
34 3 8 70 11 41 28 60 1 1 161 3 2 177 16 95 23 22 3 1 276 3 173 21 313 3 2 151 16 135 23 181 3 4 42 12 84 15 118 3 2 40 5 31 28 14 3 3 146 4 53 5 215 3 9 171 13 246 28 212 3 6 78 7 50 10 93 3 3 83 7 61 28 300 2 5 88 8 70 3 4 64 12 93 15 26 2 6 109 12 266 3 8 67 11 13 28 11 2 1 41 23 49 3 9 96 12 152 26 43 2 5 9 22 1 3 21 72 22 63 25 91 2 10 10 16 29 3 5 110 14 130 15 128 3 10 43 17 91 20 198 2 1 85 18 57 2 8 137 15 39 3 8 16 16 6 27 9 2 9 135 19 120 2 18 4 29 2 3 2 11 9 66 20 41 3 12 52 14 79 21 43 2 24 164 29 121 2 23 38 26 53 3 10 153 17 154 20 30 3 15 4 27 3 30 15 2 6 5 30 1
DUE_DATES: 8608 8608 8608 7867 8956 8956 8196 7910 7910 8367 8367 9079 9079 9079 10271 10271 8581 8769 9101 9101 9101 9612 8261 8436 7493 7493 8882 8882 8829 8829 6911 9009 9009 9009 8351 8351 7214 9933 8949 8949 7283 7028 7028 7413 8093 8954 8401 8401 7492 7542
WEIGHTS: 2 2 2 2 1 1 3 2 3 2 1 1 3 1 3 1 1 2 2 2 1 3 1 3 3 1 2 3 1 1 3 1 2 3 2 3 2 3 3 1 2 3 3 3 3 1 2 3 1 1
