50 30
34 3 17 92 22 118 26 87 3 1 73 27 108 29 36 3 17 119 22 187 26 26 3 2 28 9 97 18 71 3 3 140 6 58 16 58 2 3 276 13 238 2 4 31 27 22 2 20 74 22 44 3 19 111 22 204 26 95 3 2 20 14 44 21 24 3 1 83 10 85 19 68 3 5 67 11 213 21 81 3 1 272 5 109 28 63 3 2 53 9 137 18 51 3 6 115 11 19 24 99 2 15 64 26 45 3 3 33 6 74 16 61 2 7 112 16 50 2 8 152 30 32 2 2 176 9 187 2 8 149 30 141 2 10 5 14 22 2 4 62 17 87 3 2 34 6 11 11 87 3 12 51 23 71 25 195 3 6 157 15 96 24 213 3 5 100 11 17 16 58 2 6 9 18 22 3 3 216 23 29 29 168 3 4 195 5 160 24 239 3 1 33 13 197 30 57 3 10 72 17 258 25 240 2 21 209 27 191 2 11 154 29 79
34 3 17 27 22 156 26 74 3 1 32 27 81 29 63 3 17 41 22 135 26 101 3 2 102 9 26 18 108 3 3 215 6 77 16 145 2 3 148 13 253 2 4 31 27 26 2 20 115 22 90 3 19 181 22 160 26 249 3 2 37 14 11 21 10 3 1 131 10 125 19 77 3 5 82 11 218 21 142 3 1 225 5 187 28 287 3 2 97 9 112 18 107 3 6 75 11 42 24 22 2 15 55 26 27 3 3 185 6 211 16 193 2 7 233 16 71 2 8 38 30 159 2 2 25 9 163 2 8 155 30 40 2 10 28 14 12 2 4 131 17 97 3 2 33 6 63 11 31 3 12 223 23 61 25 29 3 6 176 15 70 24 207 3 5 26 11 108 16 115 2 6 14 18 14 3 3 104 23 57 29 212 3 4 193 5 187 24 200 3 1 51 13 104 30 193 3 10 172 17 222 25 296 2 21 102 27 234 2 11 90 29 74
34 3 17 27 22 156 26 74 3 1 32 27 81 29 63 3 17 41 22 135 26 101 3 2 102 9 26 18 108 3 3 215 6 77 16 145 2 3 148 13 253 2 4 31 27 26 2 20 115 22 90 3 19 181 22 160 26 249 3 2 37 14 11 21 10 3 1 131 10 125 19 77 3 5 82 11 218 21 142 3 1 225 5 187 28 287 3 2 97 9 112 18 107 3 6 75 11 42 24 22 2 15 55 26 27 3 3 185 6 211 16 193 2 7 233 16 71 2 8 38 30 159 2 2 25 9 163 2 8 155 30 40 2 10 28 14 12 2 4 131 17 97 3 2 33 6 63 11 31 3 12 223 23 61 25 29 3 6 176 15 70 24 207 3 5 26 11 108 16 115 2 6 14 18 14 3 3 104 23 57 29 212 3 4 193 5 187 24 200 3 1 51 13 104 30 193 3 10 172 17 222 25 296 2 21 102 27 234 2 11 90 29 74
34 3 17 27 22 156 26 74 3 1 32 27 81 29 63 3 17 41 22 135 26 101 3 2 102 9 26 18 108 3 3 215 6 77 16 145 2 3 148 13 253 2 4 31 27 26 2 20 115 22 90 3 19 181 22 160 26 249 3 2 37 14 11 21 10 3 1 131 10 125 19 77 3 5 82 11 218 21 142 3 1 225 5 187 28 287 3 2 97 9 112 18 107 3 6 75 11 42 24 22 2 15 55 26 27 3 3 185 6 211 16 193 2 7 233 16 71 2 8 38 30 159 2 2 25 9 163 2 8 155 30 40 2 10 28 14 12 2 4 131 17 97 3 2 33 6 63 11 31 3 12 223 23 61 25 29 3 6 176 15 70 24 207 3 5 26 11 108 16 115 2 6 14 18 14 3 3 104 23 57 29 212 3 4 193 5 187 24 200 3 1 51 13 104 30 193 3 10 172 17 222 25 296 2 21 102 27 234 2 11 90 29 74
34 3 17 27 22 156 26 74 3 1 32 27 81 29 63 3 17 41 22 135 26 101 3 2 102 9 26 18 108 3 3 215 6 77 16 145 2 3 148 13 253 2 4 31 27 26 2 20 115 22 90 3 19 181 22 160 26 249 3 2 37 14 11 21 10 3 1 131 10 125 19 77 3 5 82 11 218 21 142 3 1 225 5 187 28 287 3 2 97 9 112 18 107 3 6 75 11 42 24 22 2 15 55 26 27 3 3 185 6 211 16 193 2 7 233 16 71 2 8 38 30 159 2 2 25 9 163 2 8 155 30 40 2 10 28 14 12 2 4 131 17 97 3 2 33 6 63 11 31 3 12 223 23 61 25 29 3 6 176 15 70 24 207 3 5 26 11 108 16 115 2 6 14 18 14 3 3 104 23 57 29 212 3 4 193 5 187 24 200 3 1 51 13 104 30 193 3 10 172 17 222 25 296 2 21 102 27 234 2 11 90 29 74
35 3 1 68 27 55 29 46 3 2 74 9 115 18 35 3 1 49 27 18 29 73 2 20 67 22 66 3 1 112 27 95 29 98 3 3 70 6 138 16 172 2 6 5 18 31 2 4 19 27 52 3 5 140 11 229 21 134 3 6 65 11 52 24 101 2 7 230 16 110 3 19 70 22 33 26 189 2 20 86 22 84 2 8 144 30 148 3 3 214 23 33 29 77 2 2 166 9 64 3 1 111 10 20 19 93 2 2 76 9 31 2 3 180 13 66 3 5 122 11 70 16 150 3 2 39 6 57 11 72 2 4 52 17 116 3 12 177 23 97 25 51 2 10 11 14 12 3 6 218 15 76 24 197 3 2 51 14 51 21 19 3 10 130 17 81 25 337 3 17 193 22 168 26 34 2 15 82 26 108 3 4 225 5 114 24 70 3 1 32 13 192 30 53 3 1 214 5 43 28 233 2 11 238 29 121 3 19 180 22 39 26 67 2 21 230 27 209
35 3 1 68 27 55 29 46 3 2 74 9 115 18 35 3 1 49 27 18 29 73 2 20 67 22 66 3 1 112 27 95 29 98 3 3 70 6 138 16 172 2 6 5 18 31 2 4 19 27 52 3 5 140 11 229 21 134 3 6 65 11 52 24 101 2 7 230 16 110 3 19 70 22 33 26 189 2 20 86 22 84 2 8 144 30 148 3 3 214 23 33 29 77 2 2 166 9 64 3 1 111 10 20 19 93 2 2 76 9 31 2 3 180 13 66 3 5 122 11 70 16 150 3 2 39 6 57 11 72 2 4 52 17 116 3 12 177 23 97 25 51 2 10 11 14 12 3 6 218 15 76 24 197 3 2 51 14 51 21 19 3 10 130 17 81 25 337 3 17 193 22 168 26 34 2 15 82 26 108 3 4 225 5 114 24 70 3 1 32 13 192 30 53 3 1 214 5 43 28 233 2 11 238 29 121 3 19 180 22 39 26 67 2 21 230 27 209
36 3 1 45 27 77 29 71 3 2 84 9 40 18 22 3 3 170 6 133 16 208 2 20 58 22 50 2 4 20 27 16 3 5 26 11 155 21 226 3 6 83 11 64 24 50 2 7 236 16 269 2 15 53 26 40 2 6 15 18 35 2 8 128 30 17 3 10 299 17 349 25 159 2 10 5 14 24 2 2 39 9 29 2 15 118 26 26 3 1 102 10 98 19 49 3 2 91 6 74 11 49 3 12 131 23 188 25 47 2 3 75 13 291 2 2 81 9 26 3 17 66 22 188 26 194 3 2 39 9 61 18 98 3 6 137 15 120 24 45 3 5 94 11 51 16 60 2 4 53 17 96 2 11 124 29 73 2 4 24 27 24 3 19 88 22 193 26 38 2 4 18 27 21 3 2 51 14 24 21 46 3 3 61 23 36 29 157 3 4 141 5 90 24 162 2 8 57 30 91 2 21 159 27 119 3 1 131 5 65 28 261 3 1 170 13 182 30 186
36 3 1 45 27 77 29 71 3 2 84 9 40 18 22 3 3 170 6 133 16 208 2 20 58 22 50 2 4 20 27 16 3 5 26 11 155 21 226 3 6 83 11 64 24 50 2 7 236 16 269 2 15 53 26 40 2 6 15 18 35 2 8 128 30 17 3 10 299 17 349 25 159 2 10 5 14 24 2 2 39 9 29 2 15 118 26 26 3 1 102 10 98 19 49 3 2 91 6 74 11 49 3 12 131 23 188 25 47 2 3 75 13 291 2 2 81 9 26 3 17 66 22 188 26 194 3 2 39 9 61 18 98 3 6 137 15 120 24 45 3 5 94 11 51 16 60 2 4 53 17 96 2 11 124 29 73 2 4 24 27 24 3 19 88 22 193 26 38 2 4 18 27 21 3 2 51 14 24 21 46 3 3 61 23 36 29 157 3 4 141 5 90 24 162 2 8 57 30 91 2 21 159 27 119 3 1 131 5 65 28 261 3 1 170 13 182 30 186
33 3 1 32 27 77 29 81 3 5 55 11 59 16 128 3 2 19 9 67 18 19 3 3 201 6 106 16 66 3 5 41 11 84 16 88 2 10 14 14 28 2 4 14 27 27 3 5 150 11 131 21 136 3 6 100 11 88 24 60 2 7 128 16 155 2 11 172 29 191 2 8 24 30 123 2 2 66 9 77 3 1 49 10 86 19 108 3 6 205 15 222 24 189 3 2 52 6 75 11 14 3 12 201 23 71 25 194 2 10 8 14 7 2 3 135 13 125 2 4 22 17 86 3 3 244 23 196 29 172 2 6 9 18 38 3 19 175 22 232 26 74 2 20 27 22 61 3 4 195 5 135 24 78 3 2 41 14 38 21 29 3 17 46 22 156 26 65 3 10 94 17 227 25 52 2 15 107 26 49 2 21 37 27 223 2 20 153 22 109 3 1 163 5 223 28 95 3 1 91 13 184 30 168
33 3 1 32 27 77 29 81 3 5 55 11 59 16 128 3 2 19 9 67 18 19 3 3 201 6 106 16 66 3 5 41 11 84 16 88 2 10 14 14 28 2 4 14 27 27 3 5 150 11 131 21 136 3 6 100 11 88 24 60 2 7 128 16 155 2 11 172 29 191 2 8 24 30 123 2 2 66 9 77 3 1 49 10 86 19 108 3 6 205 15 222 24 189 3 2 52 6 75 11 14 3 12 201 23 71 25 194 2 10 8 14 7 2 3 135 13 125 2 4 22 17 86 3 3 244 23 196 29 172 2 6 9 18 38 3 19 175 22 232 26 74 2 20 27 22 61 3 4 195 5 135 24 78 3 2 41 14 38 21 29 3 17 46 22 156 26 65 3 10 94 17 227 25 52 2 15 107 26 49 2 21 37 27 223 2 20 153 22 109 3 1 163 5 223 28 95 3 1 91 13 184 30 168
38 3 1 78 27 90 29 109 3 2 101 9 51 18 82 3 1 47 27 13 29 95 3 1 124 5 313 28 232 2 4 53 27 44 3 2 65 9 101 18 34 3 3 130 6 78 16 121 2 4 129 17 47 3 1 87 27 84 29 107 3 5 54 11 133 21 192 3 17 169 22 37 26 143 2 4 106 17 102 3 3 253 23 190 29 174 3 6 14 11 42 24 62 2 7 165 16 104 2 10 10 14 20 3 3 249 23 78 29 154 2 8 32 30 140 2 2 77 9 94 3 1 90 10 122 19 108 3 2 34 6 82 11 31 3 6 196 15 193 24 192 3 12 217 23 111 25 217 2 6 13 18 29 3 2 15 14 49 21 27 2 3 140 13 133 3 5 70 11 109 16 127 3 1 224 5 49 28 269 3 1 42 13 179 30 117 2 11 65 29 243 3 19 183 22 244 26 137 3 4 146 5 170 24 216 2 20 94 22 93 3 10 223 17 275 25 161 3 1 174 5 254 28 144 2 15 59 26 51 3 4 115 5 191 24 169 2 21 209 27 116
38 3 1 78 27 90 29 109 3 2 101 9 51 18 82 3 1 47 27 13 29 95 3 1 124 5 313 28 232 2 4 53 27 44 3 2 65 9 101 18 34 3 3 130 6 78 16 121 2 4 129 17 47 3 1 87 27 84 29 107 3 5 54 11 133 21 192 3 17 169 22 37 26 143 2 4 106 17 102 3 3 253 23 190 29 174 3 6 14 11 42 24 62 2 7 165 16 104 2 10 10 14 20 3 3 249 23 78 29 154 2 8 32 30 140 2 2 77 9 94 3 1 90 10 122 19 108 3 2 34 6 82 11 31 3 6 196 15 193 24 192 3 12 217 23 111 25 217 2 6 13 18 29 3 2 15 14 49 21 27 2 3 140 13 133 3 5 70 11 109 16 127 3 1 224 5 49 28 269 3 1 42 13 179 30 117 2 11 65 29 243 3 19 183 22 244 26 137 3 4 146 5 170 24 216 2 20 94 22 93 3 10 223 17 275 25 161 3 1 174 5 254 28 144 2 15 59 26 51 3 4 115 5 191 24 169 2 21 209 27 116
36 2 4 23 17 19 3 6 212 15 30 24 27 2 10 22 14 27 3 3 183 6 46 16 97 3 1 101 27 61 29 33 3 3 99 23 221 29 57 2 21 86 27 108 2 4 99 17 126 3 2 121 9 103 18 49 2 4 59 27 27 2 3 164 13 212 3 5 151 11 150 21 151 3 1 125 13 71 30 40 3 6 27 11 71 24 50 2 15 66 26 41 3 1 106 27 62 29 97 2 7 284 16 213 2 4 43 17 110 2 8 143 30 102 2 2 33 9 56 2 10 27 14 14 3 5 43 11 70 16 29 3 4 45 5 74 24 49 3 12 205 23 216 25 176 2 15 91 26 33 3 1 128 10 116 19 92 3 10 331 17 64 25 251 2 4 51 27 22 3 2 50 6 49 11 46 2 6 25 18 27 3 19 34 22 217 26 43 2 20 26 22 115 3 2 19 14 42 21 15 3 17 31 22 128 26 53 3 1 169 5 121 28 267 2 11 96 29 264
38 3 1 77 27 32 29 13 3 2 126 9 46 18 37 3 1 106 27 92 29 108 3 3 43 6 147 16 203 2 4 43 27 32 3 2 105 9 129 18 119 3 5 165 11 177 21 120 3 6 19 11 36 24 14 2 7 76 16 110 3 2 20 9 72 18 17 2 8 144 30 22 2 2 43 9 215 3 1 22 10 75 19 88 3 2 91 6 72 11 49 3 3 58 6 53 16 87 3 12 104 23 70 25 180 2 3 174 13 75 3 1 70 27 76 29 55 2 10 21 14 25 3 1 40 10 119 19 85 3 6 53 15 167 24 167 2 4 7 27 50 3 5 102 11 112 16 132 2 4 71 17 44 2 6 20 18 24 3 2 41 14 16 21 17 3 19 222 22 207 26 188 2 20 163 22 56 3 17 156 22 96 26 166 3 3 183 23 31 29 109 3 4 231 5 181 24 201 3 10 246 17 138 25 313 2 15 105 26 93 2 2 25 9 132 2 11 228 29 117 2 21 104 27 52 3 1 163 5 105 28 307 3 1 23 13 201 30 34
38 3 1 77 27 32 29 13 3 2 126 9 46 18 37 3 1 106 27 92 29 108 3 3 43 6 147 16 203 2 4 43 27 32 3 2 105 9 129 18 119 3 5 165 11 177 21 120 3 6 19 11 36 24 14 2 7 76 16 110 3 2 20 9 72 18 17 2 8 144 30 22 2 2 43 9 215 3 1 22 10 75 19 88 3 2 91 6 72 11 49 3 3 58 6 53 16 87 3 12 104 23 70 25 180 2 3 174 13 75 3 1 70 27 76 29 55 2 10 21 14 25 3 1 40 10 119 19 85 3 6 53 15 167 24 167 2 4 7 27 50 3 5 102 11 112 16 132 2 4 71 17 44 2 6 20 18 24 3 2 41 14 16 21 17 3 19 222 22 207 26 188 2 20 163 22 56 3 17 156 22 96 26 166 3 3 183 23 31 29 109 3 4 231 5 181 24 201 3 10 246 17 138 25 313 2 15 105 26 93 2 2 25 9 132 2 11 228 29 117 2 21 104 27 52 3 1 163 5 105 28 307 3 1 23 13 201 30 34
38 3 1 77 27 32 29 13 3 2 126 9 46 18 37 3 1 106 27 92 29 108 3 3 43 6 147 16 203 2 4 43 27 32 3 2 105 9 129 18 119 3 5 165 11 177 21 120 3 6 19 11 36 24 14 2 7 76 16 110 3 2 20 9 72 18 17 2 8 144 30 22 2 2 43 9 215 3 1 22 10 75 19 88 3 2 91 6 72 11 49 3 3 58 6 53 16 87 3 12 104 23 70 25 180 2 3 174 13 75 3 1 70 27 76 29 55 2 10 21 14 25 3 1 40 10 119 19 85 3 6 53 15 167 24 167 2 4 7 27 50 3 5 102 11 112 16 132 2 4 71 17 44 2 6 20 18 24 3 2 41 14 16 21 17 3 19 222 22 207 26 188 2 20 163 22 56 3 17 156 22 96 26 166 3 3 183 23 31 29 109 3 4 231 5 181 24 201 3 10 246 17 138 25 313 2 15 105 26 93 2 2 25 9 132 2 11 228 29 117 2 21 104 27 52 3 1 163 5 105 28 307 3 1 23 13 201 30 34
35 3 1 20 27 85 29 35 3 12 123 23 119 25 166 3 2 38 9 82 18 93 3 12 65 23 52 25 219 2 11 44 29 132 3 3 180 6 71 16 89 3 2 17 9 79 18 61 2 20 24 22 58 2 4 33 27 49 3 5 64 11 141 21 43 3 6 119 11 51 24 22 2 7 90 16 107 2 8 36 30 48 2 4 65 17 116 3 6 66 11 53 24 23 2 2 28 9 180 3 1 97 10 97 19 133 3 2 93 6 56 11 75 2 3 282 13 282 2 10 27 14 17 3 6 108 15 56 24 190 3 1 48 13 85 30 183 3 5 100 11 64 16 116 2 6 31 18 5 3 19 56 22 118 26 172 3 6 82 11 69 24 71 3 2 17 14 6 21 27 3 17 87 22 136 26 119 3 3 201 23 215 29 248 3 1 199 5 206 28 236 3 4 58 5 163 24 67 3 5 179 11 141 21 185 3 10 187 17 67 25 214 2 15 117 26 111 2 21 147 27 229
35 3 1 20 27 85 29 35 3 12 123 23 119 25 166 3 2 38 9 82 18 93 3 12 65 23 52 25 219 2 11 44 29 132 3 3 180 6 71 16 89 3 2 17 9 79 18 61 2 20 24 22 58 2 4 33 27 49 3 5 64 11 141 21 43 3 6 119 11 51 24 22 2 7 90 16 107 2 8 36 30 48 2 4 65 17 116 3 6 66 11 53 24 23 2 2 28 9 180 3 1 97 10 97 19 133 3 2 93 6 56 11 75 2 3 282 13 282 2 10 27 14 17 3 6 108 15 56 24 190 3 1 48 13 85 30 183 3 5 100 11 64 16 116 2 6 31 18 5 3 19 56 22 118 26 172 3 6 82 11 69 24 71 3 2 17 14 6 21 27 3 17 87 22 136 26 119 3 3 201 23 215 29 248 3 1 199 5 206 28 236 3 4 58 5 163 24 67 3 5 179 11 141 21 185 3 10 187 17 67 25 214 2 15 117 26 111 2 21 147 27 229
33 3 1 84 27 57 29 84 3 5 47 11 136 16 77 3 2 77 9 39 18 130 3 3 126 6 65 16 204 3 5 142 11 133 16 28 2 10 8 14 14 2 4 44 27 42 3 5 194 11 106 21 131 3 6 103 11 108 24 121 2 7 128 16 260 2 11 168 29 321 2 8 141 30 128 2 2 93 9 38 3 1 113 10 77 19 35 3 6 120 15 143 24 145 3 2 39 6 75 11 40 3 12 182 23 118 25 194 2 10 9 14 9 2 3 263 13 276 2 4 25 17 112 3 3 77 23 233 29 165 2 6 27 18 29 3 19 233 22 222 26 125 2 20 51 22 138 3 4 165 5 111 24 210 3 2 46 14 48 21 23 3 17 116 22 26 26 59 3 10 260 17 226 25 154 2 15 88 26 40 2 21 123 27 55 2 20 157 22 61 3 1 37 5 176 28 149 3 1 126 13 49 30 63
36 3 1 23 27 83 29 36 3 2 138 9 41 18 43 3 3 76 6 167 16 52 2 20 150 22 70 2 4 61 27 61 3 5 162 11 176 21 108 3 6 77 11 71 24 95 2 7 274 16 146 2 15 59 26 21 2 6 29 18 27 2 8 116 30 25 3 10 84 17 108 25 128 2 10 6 14 14 2 2 103 9 177 2 15 111 26 27 3 1 103 10 127 19 132 3 2 70 6 41 11 72 3 12 101 23 152 25 144 2 3 173 13 290 2 2 47 9 71 3 17 80 22 155 26 131 3 2 137 9 88 18 32 3 6 72 15 138 24 215 3 5 74 11 128 16 25 2 4 93 17 115 2 11 84 29 314 2 4 38 27 46 3 19 99 22 176 26 185 2 4 33 27 10 3 2 16 14 35 21 16 3 3 196 23 178 29 219 3 4 182 5 96 24 238 2 8 75 30 43 2 21 185 27 31 3 1 142 5 183 28 168 3 1 175 13 86 30 78
36 3 1 82 27 107 29 49 3 2 28 14 45 21 42 3 2 99 9 35 18 98 3 1 107 27 73 29 30 2 11 165 29 123 2 6 11 18 38 2 11 144 29 124 3 3 138 6 219 16 152 2 4 14 27 27 3 5 201 11 209 21 98 3 6 42 11 16 24 23 2 7 115 16 113 2 8 58 30 122 2 2 52 9 75 3 1 36 10 48 19 36 3 10 352 17 162 25 95 2 3 255 13 166 3 2 16 6 51 11 94 2 10 13 14 17 2 2 196 9 82 3 12 28 23 137 25 161 3 6 208 15 45 24 190 3 4 54 5 165 24 117 2 15 33 26 71 3 5 76 11 156 16 149 3 1 171 5 289 28 135 2 4 66 17 36 3 19 175 22 50 26 141 2 15 47 26 117 2 20 50 22 86 3 19 109 22 63 26 77 3 17 141 22 155 26 80 3 3 186 23 233 29 134 2 21 254 27 158 3 3 30 6 61 16 37 3 1 48 13 111 30 190
38 2 4 129 17 72 3 1 33 27 53 29 63 2 4 42 17 64 3 2 76 9 22 18 25 3 3 51 6 119 16 136 2 4 16 27 44 3 5 131 11 187 21 214 3 3 57 6 46 16 177 3 6 92 11 104 24 106 2 7 190 16 197 3 1 14 27 56 29 49 3 2 47 14 39 21 17 3 3 90 6 74 16 177 2 8 41 30 79 2 2 170 9 83 3 5 69 11 145 21 133 3 19 235 22 214 26 248 2 2 77 9 26 3 2 89 6 50 11 16 3 1 15 10 132 19 124 3 12 148 23 191 25 95 3 4 228 5 114 24 128 2 11 50 29 56 2 3 213 13 189 2 20 57 22 68 3 17 37 22 28 26 180 2 10 13 14 28 3 6 53 15 155 24 89 3 5 30 11 100 16 119 3 1 258 5 80 28 167 2 15 104 26 27 2 6 38 18 10 2 3 175 13 182 3 3 221 23 90 29 52 3 10 220 17 324 25 250 2 3 37 13 42 2 21 100 27 111 3 1 136 13 73 30 82
32 3 1 82 27 56 29 49 3 2 56 9 129 18 137 3 3 179 6 182 16 216 2 4 47 27 60 3 1 33 27 77 29 31 3 1 285 5 284 28 325 3 5 162 11 53 21 229 2 4 40 27 18 3 3 157 23 143 29 67 3 6 84 11 61 24 121 2 7 65 16 298 3 4 77 5 69 24 64 2 8 139 30 123 2 2 42 9 40 2 6 24 18 19 3 1 23 10 89 19 44 3 2 84 6 30 11 35 3 12 134 23 114 25 86 3 19 188 22 180 26 146 2 3 298 13 158 3 2 13 14 20 21 10 2 4 67 17 63 3 6 65 15 25 24 195 2 10 24 14 25 2 15 28 26 78 3 5 38 11 58 16 115 2 11 78 29 289 2 20 112 22 33 2 21 203 27 142 3 17 194 22 134 26 146 3 10 150 17 175 25 266 3 1 122 13 130 30 178
32 3 1 82 27 56 29 49 3 2 56 9 129 18 137 3 3 179 6 182 16 216 2 4 47 27 60 3 1 33 27 77 29 31 3 1 285 5 284 28 325 3 5 162 11 53 21 229 2 4 40 27 18 3 3 157 23 143 29 67 3 6 84 11 61 24 121 2 7 65 16 298 3 4 77 5 69 24 64 2 8 139 30 123 2 2 42 9 40 2 6 24 18 19 3 1 23 10 89 19 44 3 2 84 6 30 11 35 3 12 134 23 114 25 86 3 19 188 22 180 26 146 2 3 298 13 158 3 2 13 14 20 21 10 2 4 67 17 63 3 6 65 15 25 24 195 2 10 24 14 25 2 15 28 26 78 3 5 38 11 58 16 115 2 11 78 29 289 2 20 112 22 33 2 21 203 27 142 3 17 194 22 134 26 146 3 10 150 17 175 25 266 3 1 122 13 130 30 178
38 2 4 99 17 121 3 1 97 27 50 29 49 2 4 64 17 113 3 2 101 9 20 18 23 3 3 89 6 175 16 76 2 4 20 27 59 3 5 69 11 28 21 186 3 3 66 6 160 16 138 3 6 97 11 64 24 73 2 7 214 16 222 3 1 16 27 22 29 80 3 2 51 14 24 21 41 3 3 48 6 58 16 75 2 8 40 30 60 2 2 56 9 154 3 5 34 11 175 21 77 3 19 190 22 240 26 115 2 2 51 9 136 3 2 89 6 27 11 48 3 1 63 10 95 19 62 3 12 157 23 78 25 29 3 4 96 5 225 24 62 2 11 289 29 42 2 3 263 13 268 2 20 133 22 95 3 17 156 22 134 26 141 2 10 4 14 6 3 6 208 15 198 24 78 3 5 124 11 22 16 22 3 1 160 5 74 28 208 2 15 94 26 67 2 6 11 18 32 2 3 276 13 211 3 3 208 23 265 29 134 3 10 236 17 154 25 318 2 3 271 13 170 2 21 211 27 40 3 1 82 13 172 30 63
38 3 1 61 27 60 29 27 3 2 89 9 33 18 99 3 1 21 27 93 29 50 3 3 27 6 205 16 99 2 4 50 27 10 3 2 127 9 24 18 116 3 5 190 11 222 21 43 3 6 72 11 59 24 107 2 7 161 16 279 3 2 137 9 26 18 88 2 8 19 30 65 2 2 184 9 120 3 1 120 10 31 19 86 3 2 63 6 49 11 97 3 3 193 6 90 16 173 3 12 80 23 172 25 177 2 3 120 13 47 3 1 36 27 32 29 41 2 10 28 14 22 3 1 132 10 88 19 19 3 6 82 15 121 24 176 2 4 9 27 48 3 5 113 11 68 16 151 2 4 99 17 53 2 6 34 18 17 3 2 39 14 28 21 35 3 19 56 22 115 26 80 2 20 94 22 158 3 17 115 22 105 26 89 3 3 136 23 78 29 231 3 4 63 5 74 24 120 3 10 264 17 209 25 207 2 15 58 26 34 2 2 92 9 172 2 11 97 29 307 2 21 201 27 186 3 1 153 5 167 28 106 3 1 120 13 137 30 103
38 3 1 61 27 60 29 27 3 2 89 9 33 18 99 3 1 21 27 93 29 50 3 3 27 6 205 16 99 2 4 50 27 10 3 2 127 9 24 18 116 3 5 190 11 222 21 43 3 6 72 11 59 24 107 2 7 161 16 279 3 2 137 9 26 18 88 2 8 19 30 65 2 2 184 9 120 3 1 120 10 31 19 86 3 2 63 6 49 11 97 3 3 193 6 90 16 173 3 12 80 23 172 25 177 2 3 120 13 47 3 1 36 27 32 29 41 2 10 28 14 22 3 1 132 10 88 19 19 3 6 82 15 121 24 176 2 4 9 27 48 3 5 113 11 68 16 151 2 4 99 17 53 2 6 34 18 17 3 2 39 14 28 21 35 3 19 56 22 115 26 80 2 20 94 22 158 3 17 115 22 105 26 89 3 3 136 23 78 29 231 3 4 63 5 74 24 120 3 10 264 17 209 25 207 2 15 58 26 34 2 2 92 9 172 2 11 97 29 307 2 21 201 27 186 3 1 153 5 167 28 106 3 1 120 13 137 30 103
36 2 4 121 17 122 3 6 116 15 35 24 40 2 10 24 14 4 3 3 199 6 131 16 174 3 1 89 27 101 29 54 3 3 205 23 150 29 229 2 21 206 27 233 2 4 55 17 22 3 2 60 9 112 18 127 2 4 52 27 29 2 3 303 13 174 3 5 63 11 49 21 160 3 1 24 13 171 30 206 3 6 99 11 111 24 41 2 15 38 26 85 3 1 87 27 13 29 106 2 7 104 16 115 2 4 76 17 102 2 8 96 30 133 2 2 188 9 74 2 10 21 14 28 3 5 108 11 18 16 103 3 4 215 5 41 24 86 3 12 180 23 116 25 180 2 15 65 26 24 3 1 41 10 116 19 87 3 10 179 17 347 25 339 2 4 11 27 51 3 2 17 6 89 11 35 2 6 37 18 30 3 19 256 22 54 26 149 2 20 90 22 24 3 2 7 14 23 21 27 3 17 50 22 166 26 57 3 1 317 5 262 28 241 2 11 259 29 137
34 3 1 111 27 22 29 18 3 2 34 9 102 18 24 3 19 157 22 150 26 152 3 3 96 6 133 16 43 2 4 7 27 7 3 5 126 11 196 21 150 3 1 234 5 243 28 241 3 5 174 11 64 21 106 3 6 36 11 59 24 57 2 7 34 16 157 2 8 85 30 83 2 2 139 9 208 3 4 104 5 173 24 122 3 1 103 10 113 19 52 3 2 53 6 13 11 19 3 12 50 23 113 25 63 2 3 214 13 187 2 4 54 27 43 2 10 3 14 3 3 6 135 15 37 24 35 3 2 49 14 52 21 23 2 20 45 22 75 3 5 87 11 130 16 88 2 4 109 17 20 3 1 165 13 131 30 77 3 2 13 14 52 21 7 2 6 7 18 26 3 5 89 11 48 16 27 3 17 77 22 37 26 38 3 3 206 23 187 29 262 2 21 254 27 31 3 10 213 17 203 25 253 2 15 18 26 19 2 11 203 29 134
34 3 1 25 27 74 29 42 3 3 168 6 81 16 158 3 2 115 9 16 18 73 3 19 189 22 248 26 42 2 4 40 27 32 3 5 87 11 228 21 166 3 17 165 22 39 26 135 3 6 64 11 84 24 33 3 5 149 11 55 21 79 2 7 169 16 54 2 4 40 17 91 3 6 163 15 79 24 66 3 5 224 11 51 21 178 2 8 99 30 80 2 15 33 26 54 2 2 94 9 60 3 1 114 10 111 19 122 3 2 17 6 27 11 67 3 5 110 11 45 16 153 3 12 87 23 41 25 46 2 3 258 13 105 2 10 27 14 11 3 2 14 14 13 21 52 2 6 28 18 38 3 4 133 5 231 24 200 3 1 68 10 118 19 37 2 20 26 22 128 3 3 167 23 202 29 148 3 10 314 17 46 25 199 2 11 82 29 277 2 21 100 27 161 3 1 111 5 162 28 173 3 6 100 15 56 24 81 3 1 85 13 169 30 206
34 3 1 25 27 74 29 42 3 3 168 6 81 16 158 3 2 115 9 16 18 73 3 19 189 22 248 26 42 2 4 40 27 32 3 5 87 11 228 21 166 3 17 165 22 39 26 135 3 6 64 11 84 24 33 3 5 149 11 55 21 79 2 7 169 16 54 2 4 40 17 91 3 6 163 15 79 24 66 3 5 224 11 51 21 178 2 8 99 30 80 2 15 33 26 54 2 2 94 9 60 3 1 114 10 111 19 122 3 2 17 6 27 11 67 3 5 110 11 45 16 153 3 12 87 23 41 25 46 2 3 258 13 105 2 10 27 14 11 3 2 14 14 13 21 52 2 6 28 18 38 3 4 133 5 231 24 200 3 1 68 10 118 19 37 2 20 26 22 128 3 3 167 23 202 29 148 3 10 314 17 46 25 199 2 11 82 29 277 2 21 100 27 161 3 1 111 5 162 28 173 3 6 100 15 56 24 81 3 1 85 13 169 30 206
34 3 1 25 27 74 29 42 3 3 168 6 81 16 158 3 2 115 9 16 18 73 3 19 189 22 248 26 42 2 4 40 27 32 3 5 87 11 228 21 166 3 17 165 22 39 26 135 3 6 64 11 84 24 33 3 5 149 11 55 21 79 2 7 169 16 54 2 4 40 17 91 3 6 163 15 79 24 66 3 5 224 11 51 21 178 2 8 99 30 80 2 15 33 26 54 2 2 94 9 60 3 1 114 10 111 19 122 3 2 17 6 27 11 67 3 5 110 11 45 16 153 3 12 87 23 41 25 46 2 3 258 13 105 2 10 27 14 11 3 2 14 14 13 21 52 2 6 28 18 38 3 4 133 5 231 24 200 3 1 68 10 118 19 37 2 20 26 22 128 3 3 167 23 202 29 148 3 10 314 17 46 25 199 2 11 82 29 277 2 21 100 27 161 3 1 111 5 162 28 173 3 6 100 15 56 24 81 3 1 85 13 169 30 206
35 3 1 66 27 83 29 68 3 2 22 9 97 18 75 3 1 65 27 23 29 92 2 20 88 22 33 3 1 20 27 56 29 110 3 3 142 6 212 16 184 2 6 20 18 5 2 4 9 27 47 3 5 47 11 226 21 137 3 6 85 11 59 24 70 2 7 146 16 37 3 19 62 22 83 26 185 2 20 105 22 154 2 8 85 30 65 3 3 162 23 30 29 132 2 2 191 9 191 3 1 28 10 105 19 109 2 2 135 9 205 2 3 179 13 49 3 5 116 11 41 16 48 3 2 54 6 89 11 19 2 4 38 17 89 3 12 33 23 132 25 186 2 10 6 14 9 3 6 183 15 190 24 41 3 2 40 14 53 21 28 3 10 289 17 205 25 229 3 17 35 22 52 26 148 2 15 95 26 83 3 4 173 5 215 24 166 3 1 130 13 62 30 125 3 1 88 5 60 28 116 2 11 119 29 220 3 19 239 22 177 26 173 2 21 128 27 112
38 3 1 13 27 100 29 39 3 2 32 9 117 18 34 3 1 106 27 28 29 25 3 1 241 5 70 28 96 2 4 37 27 51 3 2 56 9 45 18 99 3 3 132 6 56 16 204 2 4 61 17 74 3 1 109 27 43 29 87 3 5 135 11 190 21 28 3 17 143 22 117 26 101 2 4 60 17 15 3 3 72 23 65 29 125 3 6 58 11 40 24 22 2 7 195 16 52 2 10 13 14 18 3 3 259 23 185 29 190 2 8 27 30 141 2 2 109 9 183 3 1 31 10 63 19 50 3 2 24 6 55 11 18 3 6 100 15 149 24 70 3 12 176 23 100 25 72 2 6 19 18 4 3 2 16 14 50 21 35 2 3 216 13 116 3 5 20 11 108 16 70 3 1 108 5 55 28 215 3 1 100 13 183 30 197 2 11 252 29 196 3 19 66 22 119 26 109 3 4 209 5 208 24 73 2 20 168 22 152 3 10 144 17 290 25 328 3 1 116 5 39 28 258 2 15 65 26 108 3 4 119 5 37 24 230 2 21 39 27 214
41 3 1 49 27 48 29 38 3 2 69 9 88 18 17 3 1 98 27 56 29 45 3 3 159 6 196 16 184 2 4 20 17 51 3 1 21 27 94 29 108 2 4 27 27 54 2 4 48 17 55 3 5 69 11 96 21 162 3 6 33 11 31 24 58 2 8 149 30 122 2 7 295 16 282 2 4 41 27 33 2 2 87 9 154 2 4 57 27 34 3 3 195 23 69 29 51 3 1 93 10 15 19 22 3 6 113 11 47 24 103 3 2 27 6 28 11 41 3 5 72 11 36 21 67 3 12 162 23 116 25 66 3 2 130 9 63 18 24 2 3 86 13 85 2 10 21 14 27 3 17 94 22 61 26 68 3 6 49 15 192 24 196 3 1 120 5 49 28 262 3 5 136 11 43 16 124 2 15 101 26 82 2 8 29 30 65 2 6 6 18 18 3 19 162 22 80 26 183 2 4 51 17 85 2 20 163 22 160 2 7 60 16 84 3 2 20 14 42 21 28 2 21 193 27 187 3 4 128 5 90 24 143 3 10 146 17 77 25 330 2 11 60 29 226 3 1 100 13 181 30 92
38 3 1 108 27 57 29 113 3 2 48 9 47 18 19 3 1 74 27 56 29 88 3 3 105 6 53 16 189 2 4 30 27 55 3 2 131 9 30 18 96 3 5 68 11 25 21 223 3 6 48 11 92 24 68 2 7 231 16 105 3 2 66 9 47 18 70 2 8 35 30 52 2 2 62 9 217 3 1 97 10 75 19 130 3 2 49 6 48 11 16 3 3 100 6 137 16 206 3 12 80 23 54 25 176 2 3 262 13 179 3 1 31 27 81 29 31 2 10 7 14 20 3 1 117 10 75 19 103 3 6 152 15 86 24 48 2 4 31 27 21 3 5 43 11 103 16 98 2 4 105 17 96 2 6 21 18 20 3 2 10 14 39 21 51 3 19 115 22 106 26 230 2 20 158 22 81 3 17 75 22 67 26 193 3 3 187 23 177 29 85 3 4 210 5 143 24 34 3 10 77 17 66 25 248 2 15 36 26 49 2 2 45 9 56 2 11 217 29 247 2 21 219 27 45 3 1 290 5 293 28 275 3 1 97 13 57 30 108
38 3 1 108 27 57 29 113 3 2 48 9 47 18 19 3 1 74 27 56 29 88 3 3 105 6 53 16 189 2 4 30 27 55 3 2 131 9 30 18 96 3 5 68 11 25 21 223 3 6 48 11 92 24 68 2 7 231 16 105 3 2 66 9 47 18 70 2 8 35 30 52 2 2 62 9 217 3 1 97 10 75 19 130 3 2 49 6 48 11 16 3 3 100 6 137 16 206 3 12 80 23 54 25 176 2 3 262 13 179 3 1 31 27 81 29 31 2 10 7 14 20 3 1 117 10 75 19 103 3 6 152 15 86 24 48 2 4 31 27 21 3 5 43 11 103 16 98 2 4 105 17 96 2 6 21 18 20 3 2 10 14 39 21 51 3 19 115 22 106 26 230 2 20 158 22 81 3 17 75 22 67 26 193 3 3 187 23 177 29 85 3 4 210 5 143 24 34 3 10 77 17 66 25 248 2 15 36 26 49 2 2 45 9 56 2 11 217 29 247 2 21 219 27 45 3 1 290 5 293 28 275 3 1 97 13 57 30 108
32 2 10 23 14 13 3 2 118 9 123 18 69 3 19 233 22 209 26 216 3 1 77 27 30 29 22 3 5 98 11 24 16 52 3 2 43 9 123 18 78 2 3 101 13 108 3 3 51 6 160 16 146 3 4 145 5 194 24 40 2 6 22 18 10 3 2 85 6 94 11 58 3 6 77 11 78 24 32 2 2 110 9 49 2 4 100 17 86 2 4 47 27 8 3 6 165 15 131 24 27 3 10 305 17 70 25 290 2 21 208 27 207 2 15 68 26 50 3 17 164 22 90 26 173 3 5 37 11 147 21 112 2 7 75 16 36 2 8 56 30 97 3 1 127 10 112 19 21 3 1 284 5 104 28 41 3 12 65 23 80 25 36 2 20 125 22 95 2 7 177 16 84 2 11 177 29 160 3 2 39 14 21 21 13 3 1 26 13 131 30 35 3 3 52 23 41 29 115
32 2 10 23 14 13 3 2 118 9 123 18 69 3 19 233 22 209 26 216 3 1 77 27 30 29 22 3 5 98 11 24 16 52 3 2 43 9 123 18 78 2 3 101 13 108 3 3 51 6 160 16 146 3 4 145 5 194 24 40 2 6 22 18 10 3 2 85 6 94 11 58 3 6 77 11 78 24 32 2 2 110 9 49 2 4 100 17 86 2 4 47 27 8 3 6 165 15 131 24 27 3 10 305 17 70 25 290 2 21 208 27 207 2 15 68 26 50 3 17 164 22 90 26 173 3 5 37 11 147 21 112 2 7 75 16 36 2 8 56 30 97 3 1 127 10 112 19 21 3 1 284 5 104 28 41 3 12 65 23 80 25 36 2 20 125 22 95 2 7 177 16 84 2 11 177 29 160 3 2 39 14 21 21 13 3 1 26 13 131 30 35 3 3 52 23 41 29 115
34 3 1 16 27 74 29 85 3 3 67 6 217 16 147 3 2 72 9 126 18 53 3 19 148 22 241 26 200 2 4 40 27 53 3 5 221 11 74 21 150 3 17 144 22 52 26 168 3 6 72 11 72 24 96 3 5 56 11 118 21 175 2 7 174 16 204 2 4 39 17 94 3 6 50 15 135 24 32 3 5 122 11 57 21 170 2 8 125 30 37 2 15 101 26 93 2 2 151 9 205 3 1 91 10 111 19 111 3 2 82 6 79 11 19 3 5 112 11 103 16 93 3 12 63 23 205 25 136 2 3 236 13 102 2 10 21 14 17 3 2 47 14 7 21 34 2 6 21 18 14 3 4 121 5 196 24 76 3 1 60 10 108 19 34 2 20 114 22 51 3 3 41 23 32 29 80 3 10 141 17 76 25 342 2 11 277 29 175 2 21 200 27 166 3 1 256 5 224 28 174 3 6 98 15 102 24 63 3 1 204 13 173 30 134
34 3 17 132 22 34 26 166 3 1 73 27 17 29 67 3 17 104 22 143 26 186 3 2 72 9 84 18 38 3 3 139 6 69 16 200 2 3 85 13 222 2 4 39 27 36 2 20 117 22 118 3 19 170 22 229 26 171 3 2 51 14 27 21 28 3 1 70 10 35 19 36 3 5 59 11 67 21 42 3 1 111 5 106 28 121 3 2 65 9 130 18 90 3 6 55 11 40 24 21 2 15 59 26 87 3 3 70 6 114 16 65 2 7 58 16 216 2 8 47 30 84 2 2 145 9 64 2 8 97 30 28 2 10 25 14 13 2 4 125 17 88 3 2 53 6 89 11 16 3 12 207 23 177 25 166 3 6 44 15 118 24 186 3 5 67 11 24 16 124 2 6 23 18 25 3 3 152 23 43 29 126 3 4 121 5 220 24 152 3 1 149 13 24 30 110 3 10 345 17 138 25 155 2 21 77 27 149 2 11 320 29 267
35 3 1 33 27 50 29 82 3 1 137 13 139 30 180 3 6 92 15 161 24 182 3 2 18 9 85 18 83 3 3 206 6 109 16 104 2 4 26 27 19 3 1 269 5 237 28 117 3 5 206 11 136 21 104 3 6 22 11 26 24 120 2 11 155 29 52 2 4 48 27 9 2 15 112 26 70 3 6 196 15 198 24 194 2 7 243 16 257 3 2 56 9 113 18 61 2 20 47 22 126 2 15 20 26 13 3 12 56 23 163 25 153 3 17 191 22 59 26 160 2 2 174 9 31 2 8 125 30 109 3 19 186 22 105 26 166 3 2 38 14 6 21 49 3 1 118 10 16 19 98 3 2 8 14 23 21 19 3 2 81 6 88 11 36 2 3 289 13 121 3 4 33 5 73 24 72 3 5 74 11 49 16 27 2 6 36 18 6 2 10 15 14 27 2 4 79 17 76 3 10 158 17 160 25 225 3 3 43 23 63 29 264 2 21 115 27 107
32 3 1 72 27 85 29 81 3 2 123 9 120 18 109 3 3 153 6 186 16 161 2 4 29 27 45 3 1 73 27 93 29 88 3 1 139 5 62 28 197 3 5 175 11 187 21 198 2 4 36 27 50 3 3 195 23 242 29 256 3 6 94 11 30 24 42 2 7 194 16 218 3 4 199 5 76 24 41 2 8 135 30 26 2 2 31 9 136 2 6 32 18 37 3 1 26 10 88 19 87 3 2 23 6 15 11 66 3 12 174 23 181 25 169 3 19 47 22 221 26 80 2 3 75 13 303 3 2 25 14 40 21 46 2 4 30 17 78 3 6 103 15 111 24 143 2 10 5 14 13 2 15 109 26 15 3 5 26 11 55 16 124 2 11 249 29 57 2 20 134 22 138 2 21 166 27 224 3 17 96 22 121 26 41 3 10 290 17 59 25 86 3 1 147 13 43 30 126
35 3 19 240 22 163 26 94 3 1 72 27 15 29 32 3 2 50 9 47 18 120 3 3 98 6 68 16 154 2 4 30 27 37 3 2 60 9 130 18 57 3 5 59 11 219 21 45 3 6 113 11 70 24 34 2 7 183 16 145 3 2 64 9 26 18 17 2 8 152 30 66 2 2 74 9 44 2 11 163 29 293 3 1 23 10 79 19 61 3 2 42 6 32 11 85 2 10 27 14 10 3 12 91 23 38 25 72 2 11 123 29 155 2 3 138 13 169 3 6 31 15 94 24 70 3 5 18 11 134 16 117 2 4 18 17 60 3 4 130 5 99 24 34 2 15 46 26 109 2 6 6 18 21 3 2 13 14 20 21 11 2 20 77 22 147 3 2 76 9 101 18 77 3 17 124 22 194 26 149 2 21 180 27 59 3 3 67 23 98 29 102 3 1 81 13 122 30 64 3 1 96 27 107 29 104 3 10 135 17 317 25 254 3 1 260 5 198 28 59
34 3 1 14 27 24 29 26 3 2 90 9 110 18 33 3 19 89 22 44 26 213 3 3 88 6 49 16 174 2 4 22 27 61 3 5 185 11 79 21 114 3 1 90 5 234 28 305 3 5 170 11 115 21 77 3 6 117 11 40 24 74 2 7 244 16 134 2 8 97 30 91 2 2 163 9 157 3 4 85 5 76 24 186 3 1 113 10 56 19 90 3 2 59 6 25 11 13 3 12 208 23 149 25 187 2 3 299 13 310 2 4 18 27 55 2 10 25 14 12 3 6 207 15 124 24 89 3 2 34 14 41 21 6 2 20 19 22 76 3 5 18 11 29 16 132 2 4 123 17 74 3 1 172 13 172 30 196 3 2 37 14 33 21 28 2 6 30 18 22 3 5 69 11 73 16 76 3 17 94 22 72 26 128 3 3 44 23 97 29 222 2 21 38 27 159 3 10 331 17 65 25 60 2 15 74 26 34 2 11 138 29 149
35 3 1 69 27 13 29 13 3 2 16 9 62 18 69 3 1 101 27 51 29 104 2 20 162 22 125 3 1 91 27 58 29 71 3 3 26 6 46 16 49 2 6 12 18 27 2 4 52 27 17 3 5 74 11 54 21 76 3 6 117 11 120 24 75 2 7 205 16 82 3 19 127 22 200 26 43 2 20 105 22 98 2 8 24 30 158 3 3 214 23 262 29 203 2 2 81 9 141 3 1 90 10 55 19 55 2 2 85 9 97 2 3 148 13 153 3 5 101 11 106 16 95 3 2 31 6 62 11 58 2 4 57 17 79 3 12 48 23 59 25 120 2 10 22 14 8 3 6 148 15 157 24 46 3 2 24 14 40 21 8 3 10 150 17 262 25 235 3 17 139 22 188 26 179 2 15 72 26 116 3 4 42 5 84 24 128 3 1 37 13 94 30 145 3 1 147 5 205 28 201 2 11 267 29 91 3 19 254 22 83 26 56 2 21 246 27 56
38 3 1 23 27 110 29 73 3 2 19 9 30 18 91 3 1 112 27 112 29 26 3 3 30 6 160 16 26 2 4 42 27 61 3 2 69 9 87 18 60 3 5 205 11 116 21 149 3 6 67 11 13 24 81 2 7 68 16 154 3 2 15 9 124 18 66 2 8 150 30 71 2 2 174 9 199 3 1 41 10 123 19 89 3 2 30 6 46 11 35 3 3 30 6 163 16 122 3 12 178 23 40 25 94 2 3 42 13 82 3 1 99 27 83 29 42 2 10 5 14 21 3 1 40 10 92 19 52 3 6 110 15 48 24 172 2 4 58 27 14 3 5 139 11 152 16 64 2 4 46 17 121 2 6 18 18 17 3 2 24 14 47 21 22 3 19 154 22 166 26 99 2 20 53 22 134 3 17 193 22 29 26 137 3 3 137 23 171 29 106 3 4 97 5 213 24 152 3 10 91 17 157 25 143 2 15 110 26 57 2 2 178 9 158 2 11 48 29 133 2 21 50 27 34 3 1 213 5 231 28 272 3 1 185 13 69 30 171
36 3 1 66 27 103 29 100 3 2 108 9 94 18 111 3 3 181 6 169 16 142 2 20 166 22 52 2 4 38 27 36 3 5 73 11 98 21 136 3 6 93 11 86 24 69 2 7 236 16 112 2 15 45 26 31 2 6 32 18 4 2 8 148 30 104 3 10 68 17 171 25 114 2 10 4 14 4 2 2 39 9 175 2 15 77 26 87 3 1 110 10 16 19 80 3 2 36 6 40 11 84 3 12 73 23 225 25 120 2 3 73 13 138 2 2 39 9 192 3 17 46 22 57 26 104 3 2 86 9 113 18 85 3 6 161 15 169 24 81 3 5 111 11 105 16 52 2 4 113 17 37 2 11 122 29 305 2 4 23 27 58 3 19 123 22 159 26 199 2 4 44 27 10 3 2 11 14 23 21 28 3 3 45 23 191 29 254 3 4 32 5 174 24 169 2 8 107 30 94 2 21 207 27 91 3 1 130 5 52 28 233 3 1 123 13 132 30 41
38 3 1 32 27 35 29 19 3 2 78 9 126 18 47 3 1 23 27 15 29 98 3 3 197 6 216 16 51 2 4 44 27 21 3 2 21 9 90 18 82 3 5 77 11 124 21 54 3 6 19 11 111 24 72 2 7 223 16 166 3 2 82 9 82 18 102 2 8 138 30 97 2 2 195 9 190 3 1 106 10 43 19 60 3 2 22 6 59 11 31 3 3 31 6 75 16 189 3 12 27 23 87 25 138 2 3 58 13 214 3 1 68 27 105 29 101 2 10 24 14 19 3 1 74 10 132 19 31 3 6 168 15 152 24 86 2 4 46 27 39 3 5 123 11 107 16 28 2 4 80 17 80 2 6 39 18 17 3 2 17 14 50 21 44 3 19 94 22 233 26 114 2 20 70 22 118 3 17 65 22 26 26 173 3 3 31 23 141 29 259 3 4 133 5 90 24 206 3 10 272 17 325 25 304 2 15 87 26 28 2 2 167 9 108 2 11 68 29 209 2 21 180 27 236 3 1 134 5 92 28 57 3 1 112 13 209 30 75
DUE_DATES: 5732 6249 6249 6249 6249 5983 5983 5570 5570 5382 5382 7348 7348 5518 6146 6146 6146 5847 5847 5987 6095 6143 6331 5722 5722 7085 6316 6316 6381 5341 5759 5759 5759 5926 6487 6295 6262 6262 5061 5061 6351 5755 5817 5622 5479 5734 5805 5893 5863 6401
WEIGHTS: 2 2 1 1 2 1 1 3 3 1 1 3 3 2 1 2 2 3 3 2 3 2 2 2 3 1 2 2 3 3 2 2 3 3 1 1 1 1 1 2 1 3 2 1 1 2 1 1 2 3
