50 30
38 2 1 59 25 63 3 2 24 12 108 30 173 2 8 55 16 183 3 3 127 17 269 22 93 2 3 44 26 167 3 4 20 15 49 22 89 2 8 232 16 97 2 10 28 20 67 3 5 215 6 207 10 253 3 4 188 6 217 11 219 3 7 211 17 245 22 228 2 8 156 13 89 2 8 90 16 71 3 9 119 10 96 30 85 2 7 114 11 308 3 9 87 10 119 30 81 3 9 58 12 87 14 35 2 14 200 23 148 3 17 1 21 5 30 1 3 10 29 26 55 27 11 2 12 11 29 6 2 13 5 20 7 3 17 4 21 1 30 2 3 12 148 15 286 21 122 3 2 223 14 224 24 60 3 12 39 18 21 27 101 2 15 244 17 148 2 8 69 13 105 2 19 215 23 76 2 19 103 27 119 2 8 52 16 134 2 16 104 22 63 2 1 49 23 203 2 3 53 26 95 3 4 20 25 27 28 19 3 5 71 6 82 10 210 3 8 73 20 19 25 8 3 13 93 24 158 29 94
38 2 1 59 25 63 3 2 24 12 108 30 173 2 8 55 16 183 3 3 127 17 269 22 93 2 3 44 26 167 3 4 20 15 49 22 89 2 8 232 16 97 2 10 28 20 67 3 5 215 6 207 10 253 3 4 188 6 217 11 219 3 7 211 17 245 22 228 2 8 156 13 89 2 8 90 16 71 3 9 119 10 96 30 85 2 7 114 11 308 3 9 87 10 119 30 81 3 9 58 12 87 14 35 2 14 200 23 148 3 17 1 21 5 30 1 3 10 29 26 55 27 11 2 12 11 29 6 2 13 5 20 7 3 17 4 21 1 30 2 3 12 148 15 286 21 122 3 2 223 14 224 24 60 3 12 39 18 21 27 101 2 15 244 17 148 2 8 69 13 105 2 19 215 23 76 2 19 103 27 119 2 8 52 16 134 2 16 104 22 63 2 1 49 23 203 2 3 53 26 95 3 4 20 25 27 28 19 3 5 71 6 82 10 210 3 8 73 20 19 25 8 3 13 93 24 158 29 94
36 2 1 20 25 45 3 2 56 12 88 30 109 3 8 56 20 45 25 26 3 2 23 12 38 30 115 2 10 126 20 57 3 8 25 20 9 25 40 3 3 56 17 169 22 100 3 4 33 15 70 22 36 2 1 52 25 40 2 13 19 20 12 3 2 92 12 62 30 38 3 7 53 17 225 22 300 3 5 184 6 42 10 131 3 4 27 6 96 11 234 2 8 79 13 33 2 1 130 23 170 3 9 82 12 62 14 14 3 10 62 26 27 27 45 2 7 95 11 204 3 5 93 6 211 10 104 2 12 26 29 34 2 1 179 23 94 2 14 63 23 286 2 8 135 16 58 2 15 44 17 289 3 12 212 15 141 21 234 3 9 40 10 53 30 104 3 2 106 14 32 24 32 2 3 47 26 49 3 12 34 18 39 27 83 3 4 76 25 94 28 108 3 17 3 21 1 30 1 2 19 271 23 300 2 16 196 22 132 2 19 118 27 141 3 13 94 24 190 29 163
36 2 1 20 25 45 3 2 56 12 88 30 109 3 8 56 20 45 25 26 3 2 23 12 38 30 115 2 10 126 20 57 3 8 25 20 9 25 40 3 3 56 17 169 22 100 3 4 33 15 70 22 36 2 1 52 25 40 2 13 19 20 12 3 2 92 12 62 30 38 3 7 53 17 225 22 300 3 5 184 6 42 10 131 3 4 27 6 96 11 234 2 8 79 13 33 2 1 130 23 170 3 9 82 12 62 14 14 3 10 62 26 27 27 45 2 7 95 11 204 3 5 93 6 211 10 104 2 12 26 29 34 2 1 179 23 94 2 14 63 23 286 2 8 135 16 58 2 15 44 17 289 3 12 212 15 141 21 234 3 9 40 10 53 30 104 3 2 106 14 32 24 32 2 3 47 26 49 3 12 34 18 39 27 83 3 4 76 25 94 28 108 3 17 3 21 1 30 1 2 19 271 23 300 2 16 196 22 132 2 19 118 27 141 3 13 94 24 190 29 163
36 2 1 20 25 45 3 2 56 12 88 30 109 3 8 56 20 45 25 26 3 2 23 12 38 30 115 2 10 126 20 57 3 8 25 20 9 25 40 3 3 56 17 169 22 100 3 4 33 15 70 22 36 2 1 52 25 40 2 13 19 20 12 3 2 92 12 62 30 38 3 7 53 17 225 22 300 3 5 184 6 42 10 131 3 4 27 6 96 11 234 2 8 79 13 33 2 1 130 23 170 3 9 82 12 62 14 14 3 10 62 26 27 27 45 2 7 95 11 204 3 5 93 6 211 10 104 2 12 26 29 34 2 1 179 23 94 2 14 63 23 286 2 8 135 16 58 2 15 44 17 289 3 12 212 15 141 21 234 3 9 40 10 53 30 104 3 2 106 14 32 24 32 2 3 47 26 49 3 12 34 18 39 27 83 3 4 76 25 94 28 108 3 17 3 21 1 30 1 2 19 271 23 300 2 16 196 22 132 2 19 118 27 141 3 13 94 24 190 29 163
38 2 1 56 25 7 3 2 84 12 181 30 74 2 8 75 16 250 3 3 252 17 94 22 115 2 3 33 26 125 3 4 16 15 41 22 107 2 8 254 16 85 2 10 20 20 161 3 5 65 6 165 10 81 3 4 236 6 139 11 130 3 7 234 17 289 22 276 2 8 182 13 120 2 8 108 16 124 3 9 129 10 27 30 81 2 7 151 11 295 3 9 57 10 73 30 102 3 9 35 12 43 14 77 2 14 174 23 265 3 17 2 21 2 30 2 3 10 64 26 28 27 24 2 12 10 29 27 2 13 9 20 8 3 17 1 21 3 30 3 3 12 104 15 39 21 261 3 2 86 14 262 24 180 3 12 48 18 48 27 60 2 15 282 17 141 2 8 128 13 142 2 19 207 23 159 2 19 80 27 113 2 8 271 16 79 2 16 153 22 175 2 1 202 23 172 2 3 156 26 55 3 4 133 25 144 28 109 3 5 142 6 70 10 125 3 8 41 20 53 25 43 3 13 80 24 85 29 145
38 2 1 56 25 7 3 2 84 12 181 30 74 2 8 75 16 250 3 3 252 17 94 22 115 2 3 33 26 125 3 4 16 15 41 22 107 2 8 254 16 85 2 10 20 20 161 3 5 65 6 165 10 81 3 4 236 6 139 11 130 3 7 234 17 289 22 276 2 8 182 13 120 2 8 108 16 124 3 9 129 10 27 30 81 2 7 151 11 295 3 9 57 10 73 30 102 3 9 35 12 43 14 77 2 14 174 23 265 3 17 2 21 2 30 2 3 10 64 26 28 27 24 2 12 10 29 27 2 13 9 20 8 3 17 1 21 3 30 3 3 12 104 15 39 21 261 3 2 86 14 262 24 180 3 12 48 18 48 27 60 2 15 282 17 141 2 8 128 13 142 2 19 207 23 159 2 19 80 27 113 2 8 271 16 79 2 16 153 22 175 2 1 202 23 172 2 3 156 26 55 3 4 133 25 144 28 109 3 5 142 6 70 10 125 3 8 41 20 53 25 43 3 13 80 24 85 29 145
34 2 1 38 25 52 3 2 170 12 126 30 135 3 3 39 17 260 22 76 3 4 84 15 66 22 22 2 1 157 23 205 3 5 97 6 133 10 233 2 14 148 23 96 3 4 71 25 147 28 87 2 10 103 20 134 3 4 182 6 46 11 169 3 7 232 17 246 22 308 2 10 170 20 49 2 19 239 23 40 2 8 153 13 143 2 12 30 29 26 3 9 65 12 52 14 20 3 12 25 18 36 27 79 3 10 46 26 62 27 30 3 12 221 15 79 21 273 3 9 18 12 85 14 37 2 7 60 11 152 2 14 173 23 308 3 17 1 21 3 30 2 2 13 4 20 13 2 8 228 16 36 2 15 132 17 66 3 4 47 25 83 28 157 3 13 37 24 166 29 116 2 16 57 22 73 2 19 49 27 125 3 8 66 20 66 25 12 3 2 102 14 83 24 106 3 9 27 10 132 30 91 2 3 40 26 29
34 2 1 38 25 52 3 2 170 12 126 30 135 3 3 39 17 260 22 76 3 4 84 15 66 22 22 2 1 157 23 205 3 5 97 6 133 10 233 2 14 148 23 96 3 4 71 25 147 28 87 2 10 103 20 134 3 4 182 6 46 11 169 3 7 232 17 246 22 308 2 10 170 20 49 2 19 239 23 40 2 8 153 13 143 2 12 30 29 26 3 9 65 12 52 14 20 3 12 25 18 36 27 79 3 10 46 26 62 27 30 3 12 221 15 79 21 273 3 9 18 12 85 14 37 2 7 60 11 152 2 14 173 23 308 3 17 1 21 3 30 2 2 13 4 20 13 2 8 228 16 36 2 15 132 17 66 3 4 47 25 83 28 157 3 13 37 24 166 29 116 2 16 57 22 73 2 19 49 27 125 3 8 66 20 66 25 12 3 2 102 14 83 24 106 3 9 27 10 132 30 91 2 3 40 26 29
35 2 1 19 25 36 2 13 2 20 3 3 2 75 12 137 30 146 3 7 143 17 125 22 93 3 2 129 12 156 30 54 3 9 41 10 74 30 27 2 7 143 11 278 3 3 155 17 137 22 139 3 4 44 15 43 22 16 3 5 262 6 185 10 264 3 4 113 6 187 11 146 2 8 73 13 75 3 9 15 12 36 14 74 3 5 175 6 114 10 163 3 10 25 26 63 27 42 2 10 86 20 63 2 12 26 29 24 2 14 241 23 63 2 12 19 29 40 3 12 271 15 254 21 73 2 13 13 20 18 2 8 204 16 53 2 15 280 17 264 3 12 56 18 87 27 88 2 19 152 23 294 3 17 3 21 4 30 4 2 16 38 22 33 2 19 117 23 182 3 8 11 20 17 25 72 2 1 130 23 152 3 2 89 14 228 24 262 2 3 49 26 138 2 19 111 27 82 3 4 26 25 26 28 109 3 13 110 24 125 29 92
35 2 1 19 25 36 2 13 2 20 3 3 2 75 12 137 30 146 3 7 143 17 125 22 93 3 2 129 12 156 30 54 3 9 41 10 74 30 27 2 7 143 11 278 3 3 155 17 137 22 139 3 4 44 15 43 22 16 3 5 262 6 185 10 264 3 4 113 6 187 11 146 2 8 73 13 75 3 9 15 12 36 14 74 3 5 175 6 114 10 163 3 10 25 26 63 27 42 2 10 86 20 63 2 12 26 29 24 2 14 241 23 63 2 12 19 29 40 3 12 271 15 254 21 73 2 13 13 20 18 2 8 204 16 53 2 15 280 17 264 3 12 56 18 87 27 88 2 19 152 23 294 3 17 3 21 4 30 4 2 16 38 22 33 2 19 117 23 182 3 8 11 20 17 25 72 2 1 130 23 152 3 2 89 14 228 24 262 2 3 49 26 138 2 19 111 27 82 3 4 26 25 26 28 109 3 13 110 24 125 29 92
35 2 1 19 25 36 2 13 2 20 3 3 2 75 12 137 30 146 3 7 143 17 125 22 93 3 2 129 12 156 30 54 3 9 41 10 74 30 27 2 7 143 11 278 3 3 155 17 137 22 139 3 4 44 15 43 22 16 3 5 262 6 185 10 264 3 4 113 6 187 11 146 2 8 73 13 75 3 9 15 12 36 14 74 3 5 175 6 114 10 163 3 10 25 26 63 27 42 2 10 86 20 63 2 12 26 29 24 2 14 241 23 63 2 12 19 29 40 3 12 271 15 254 21 73 2 13 13 20 18 2 8 204 16 53 2 15 280 17 264 3 12 56 18 87 27 88 2 19 152 23 294 3 17 3 21 4 30 4 2 16 38 22 33 2 19 117 23 182 3 8 11 20 17 25 72 2 1 130 23 152 3 2 89 14 228 24 262 2 3 49 26 138 2 19 111 27 82 3 4 26 25 26 28 109 3 13 110 24 125 29 92
35 2 1 19 25 36 2 13 2 20 3 3 2 75 12 137 30 146 3 7 143 17 125 22 93 3 2 129 12 156 30 54 3 9 41 10 74 30 27 2 7 143 11 278 3 3 155 17 137 22 139 3 4 44 15 43 22 16 3 5 262 6 185 10 264 3 4 113 6 187 11 146 2 8 73 13 75 3 9 15 12 36 14 74 3 5 175 6 114 10 163 3 10 25 26 63 27 42 2 10 86 20 63 2 12 26 29 24 2 14 241 23 63 2 12 19 29 40 3 12 271 15 254 21 73 2 13 13 20 18 2 8 204 16 53 2 15 280 17 264 3 12 56 18 87 27 88 2 19 152 23 294 3 17 3 21 4 30 4 2 16 38 22 33 2 19 117 23 182 3 8 11 20 17 25 72 2 1 130 23 152 3 2 89 14 228 24 262 2 3 49 26 138 2 19 111 27 82 3 4 26 25 26 28 109 3 13 110 24 125 29 92
37 3 12 155 15 135 21 186 2 1 57 25 14 3 2 119 12 91 30 100 3 3 160 17 312 22 347 3 4 46 15 60 22 33 3 5 242 6 107 10 215 3 4 231 6 143 11 33 3 7 116 17 136 22 89 2 8 141 13 174 3 9 59 12 43 14 44 2 19 22 27 21 3 10 18 26 45 27 34 2 7 146 11 302 3 7 277 17 292 22 170 2 13 17 20 16 3 2 124 14 215 24 34 3 9 69 12 83 14 53 2 12 28 29 11 3 12 85 18 16 27 33 2 14 235 23 120 3 12 54 18 32 27 65 2 8 187 16 37 3 13 109 24 172 29 82 3 9 63 10 101 30 103 2 15 189 17 56 2 19 156 23 62 2 10 144 20 77 3 12 22 18 52 27 54 3 17 2 21 1 30 4 3 4 169 6 76 11 170 2 3 24 26 45 3 3 146 17 188 22 263 3 8 72 20 12 25 45 3 10 14 26 53 27 28 2 1 70 23 35 2 16 95 22 26 3 4 24 25 74 28 130
36 2 1 57 25 49 2 15 52 17 268 3 2 167 12 114 30 154 3 3 261 17 172 22 308 3 2 147 12 27 30 139 3 4 99 15 99 22 88 2 7 106 11 247 3 5 50 6 243 10 66 2 15 244 17 61 3 4 145 6 143 11 209 3 4 116 15 43 22 111 2 8 38 13 23 3 3 129 17 171 22 277 3 7 305 17 122 22 284 3 9 35 12 52 14 83 3 10 9 26 32 27 66 2 13 12 20 5 2 15 43 17 123 2 12 40 29 26 2 14 62 23 110 3 8 36 20 68 25 50 3 3 125 17 43 22 50 2 19 217 23 85 3 12 54 15 104 21 220 2 10 34 20 51 3 12 48 18 14 27 30 2 8 77 16 126 2 19 89 27 90 3 17 2 21 2 30 4 2 16 130 22 28 2 1 131 23 38 3 9 55 10 93 30 73 3 4 122 25 154 28 69 3 2 151 14 63 24 85 2 3 38 26 125 3 13 210 24 113 29 122
36 2 1 57 25 49 2 15 52 17 268 3 2 167 12 114 30 154 3 3 261 17 172 22 308 3 2 147 12 27 30 139 3 4 99 15 99 22 88 2 7 106 11 247 3 5 50 6 243 10 66 2 15 244 17 61 3 4 145 6 143 11 209 3 4 116 15 43 22 111 2 8 38 13 23 3 3 129 17 171 22 277 3 7 305 17 122 22 284 3 9 35 12 52 14 83 3 10 9 26 32 27 66 2 13 12 20 5 2 15 43 17 123 2 12 40 29 26 2 14 62 23 110 3 8 36 20 68 25 50 3 3 125 17 43 22 50 2 19 217 23 85 3 12 54 15 104 21 220 2 10 34 20 51 3 12 48 18 14 27 30 2 8 77 16 126 2 19 89 27 90 3 17 2 21 2 30 4 2 16 130 22 28 2 1 131 23 38 3 9 55 10 93 30 73 3 4 122 25 154 28 69 3 2 151 14 63 24 85 2 3 38 26 125 3 13 210 24 113 29 122
36 2 1 57 25 49 2 15 52 17 268 3 2 167 12 114 30 154 3 3 261 17 172 22 308 3 2 147 12 27 30 139 3 4 99 15 99 22 88 2 7 106 11 247 3 5 50 6 243 10 66 2 15 244 17 61 3 4 145 6 143 11 209 3 4 116 15 43 22 111 2 8 38 13 23 3 3 129 17 171 22 277 3 7 305 17 122 22 284 3 9 35 12 52 14 83 3 10 9 26 32 27 66 2 13 12 20 5 2 15 43 17 123 2 12 40 29 26 2 14 62 23 110 3 8 36 20 68 25 50 3 3 125 17 43 22 50 2 19 217 23 85 3 12 54 15 104 21 220 2 10 34 20 51 3 12 48 18 14 27 30 2 8 77 16 126 2 19 89 27 90 3 17 2 21 2 30 4 2 16 130 22 28 2 1 131 23 38 3 9 55 10 93 30 73 3 4 122 25 154 28 69 3 2 151 14 63 24 85 2 3 38 26 125 3 13 210 24 113 29 122
35 2 1 28 25 62 3 2 162 12 69 30 137 3 4 60 15 109 22 77 3 8 63 20 67 25 37 3 4 81 15 42 22 77 2 19 196 23 251 2 3 82 26 94 3 9 67 10 70 30 97 3 2 54 14 125 24 151 3 9 121 10 29 30 70 3 3 115 17 237 22 198 3 5 286 6 101 10 270 3 4 48 6 125 11 45 2 7 168 11 300 3 7 226 17 281 22 44 2 3 147 26 46 2 13 8 20 14 3 2 67 12 32 30 56 2 8 133 13 126 3 9 19 12 16 14 45 3 10 48 26 65 27 31 3 12 89 15 213 21 277 2 7 271 11 211 2 12 40 29 32 2 14 44 23 273 2 10 54 20 157 3 13 201 24 106 29 207 3 12 60 18 47 27 40 2 8 230 16 212 2 19 133 27 169 2 15 101 17 99 3 17 1 21 1 30 3 3 4 133 25 83 28 92 2 16 52 22 138 2 1 68 23 194
35 2 1 52 25 30 3 2 179 12 111 30 142 3 4 88 15 62 22 32 3 8 35 20 69 25 19 3 4 63 15 55 22 51 2 19 272 23 248 2 3 135 26 96 3 9 30 10 84 30 131 3 2 41 14 188 24 150 3 9 47 10 115 30 107 3 3 189 17 219 22 253 3 5 194 6 87 10 67 3 4 180 6 32 11 185 2 7 257 11 306 3 7 162 17 74 22 259 2 3 56 26 91 2 13 11 20 6 3 2 147 12 66 30 72 2 8 100 13 72 3 9 49 12 80 14 43 3 10 34 26 18 27 55 3 12 228 15 125 21 186 2 7 324 11 228 2 12 7 29 46 2 14 235 23 142 2 10 175 20 62 3 13 203 24 178 29 95 3 12 49 18 29 27 42 2 8 35 16 73 2 19 52 27 93 2 15 97 17 146 3 17 3 21 3 30 1 3 4 103 25 77 28 107 2 16 72 22 47 2 1 141 23 31
35 2 1 25 25 22 3 2 97 12 27 30 88 3 3 54 17 202 22 254 2 8 101 13 169 3 4 51 15 112 22 75 3 5 132 6 50 10 242 3 4 61 6 104 11 43 2 7 274 11 307 3 2 165 14 86 24 110 3 5 283 6 183 10 186 3 7 213 17 289 22 147 3 9 67 12 81 14 42 3 2 33 12 97 30 120 3 10 11 26 62 27 38 3 7 72 17 171 22 36 2 12 23 29 38 2 13 16 20 17 3 13 63 24 122 29 210 2 14 107 23 273 3 9 77 10 95 30 114 2 19 37 27 71 2 1 126 23 126 3 12 270 15 108 21 143 2 8 77 16 98 3 17 3 21 4 30 1 2 10 64 20 72 3 4 186 6 117 11 81 2 15 233 17 165 3 12 32 18 67 27 88 2 16 32 22 50 2 19 87 23 280 3 17 2 21 4 30 5 3 8 29 20 73 25 65 2 3 157 26 26 3 4 147 25 147 28 120
35 2 1 45 25 11 3 2 179 12 63 30 28 3 3 325 17 193 22 179 2 8 101 13 137 3 4 78 15 100 22 113 3 5 182 6 36 10 270 3 4 114 6 57 11 92 2 7 237 11 262 3 2 119 14 188 24 248 3 5 115 6 237 10 183 3 7 196 17 120 22 167 3 9 60 12 41 14 43 3 2 60 12 54 30 154 3 10 28 26 50 27 65 3 7 109 17 130 22 197 2 12 45 29 26 2 13 14 20 8 3 13 70 24 106 29 63 2 14 84 23 197 3 9 84 10 75 30 57 2 19 111 27 169 2 1 36 23 126 3 12 87 15 169 21 142 2 8 67 16 125 3 17 2 21 2 30 3 2 10 32 20 152 3 4 108 6 138 11 97 2 15 71 17 62 3 12 16 18 42 27 103 2 16 183 22 121 2 19 282 23 317 3 17 5 21 3 30 1 3 8 28 20 67 25 20 2 3 51 26 93 3 4 27 25 161 28 134
35 2 1 45 25 11 3 2 179 12 63 30 28 3 3 325 17 193 22 179 2 8 101 13 137 3 4 78 15 100 22 113 3 5 182 6 36 10 270 3 4 114 6 57 11 92 2 7 237 11 262 3 2 119 14 188 24 248 3 5 115 6 237 10 183 3 7 196 17 120 22 167 3 9 60 12 41 14 43 3 2 60 12 54 30 154 3 10 28 26 50 27 65 3 7 109 17 130 22 197 2 12 45 29 26 2 13 14 20 8 3 13 70 24 106 29 63 2 14 84 23 197 3 9 84 10 75 30 57 2 19 111 27 169 2 1 36 23 126 3 12 87 15 169 21 142 2 8 67 16 125 3 17 2 21 2 30 3 2 10 32 20 152 3 4 108 6 138 11 97 2 15 71 17 62 3 12 16 18 42 27 103 2 16 183 22 121 2 19 282 23 317 3 17 5 21 3 30 1 3 8 28 20 67 25 20 2 3 51 26 93 3 4 27 25 161 28 134
32 2 1 14 25 53 3 2 86 12 77 30 187 3 3 125 17 241 22 147 3 4 49 15 16 22 33 3 5 146 6 130 10 289 3 4 190 6 90 11 103 3 7 95 17 36 22 96 2 19 133 23 292 3 9 29 12 41 14 24 2 8 140 13 49 3 10 22 26 58 27 45 2 7 36 11 135 3 9 116 10 87 30 76 2 14 77 23 47 2 12 38 29 8 3 13 111 24 76 29 33 2 13 13 20 13 3 12 264 15 97 21 235 2 3 112 26 175 3 4 70 15 23 22 37 2 8 57 16 119 2 19 167 27 30 2 15 264 17 50 3 4 117 15 98 22 92 3 12 48 18 32 27 86 2 10 121 20 167 3 17 2 21 2 30 1 2 16 106 22 156 2 1 91 23 93 3 4 130 25 163 28 87 3 2 222 14 178 24 255 3 8 8 20 72 25 22
35 2 1 24 25 63 2 8 125 13 36 3 2 113 12 25 30 127 3 3 223 17 277 22 198 3 13 201 24 101 29 154 3 10 8 26 13 27 15 3 4 65 15 102 22 51 3 5 199 6 222 10 117 3 3 289 17 55 22 156 2 19 110 27 25 3 4 219 6 94 11 239 3 3 128 17 331 22 46 3 7 213 17 254 22 191 3 9 35 12 48 14 56 3 4 119 15 104 22 30 2 7 98 11 317 2 12 43 29 37 2 13 5 20 4 2 10 150 20 131 2 14 101 23 269 3 12 48 15 180 21 179 3 10 24 26 27 27 20 2 15 109 17 157 3 4 43 25 21 28 24 2 1 139 23 175 2 8 212 16 98 3 12 42 18 50 27 87 3 17 2 21 4 30 5 2 19 129 23 61 2 16 31 22 141 3 8 30 20 36 25 33 2 1 85 23 158 3 2 140 14 181 24 194 2 3 58 26 78 3 9 61 10 111 30 93
33 2 1 40 25 17 3 2 111 12 115 30 187 3 3 292 17 259 22 336 3 4 93 25 47 28 158 3 4 117 15 114 22 79 2 13 12 20 8 3 2 86 14 161 24 81 3 5 168 6 218 10 44 2 1 155 23 75 3 4 36 6 180 11 105 3 7 229 17 83 22 209 2 8 125 13 98 3 9 11 12 21 14 78 2 3 42 26 96 3 7 35 17 305 22 194 3 10 34 26 43 27 47 2 7 163 11 208 2 12 46 29 19 3 9 31 10 81 30 27 2 14 140 23 133 3 12 258 15 145 21 175 2 10 139 20 78 3 4 152 6 27 11 152 2 8 199 16 204 2 3 97 26 163 2 15 212 17 151 3 12 91 18 54 27 58 2 19 37 23 243 3 17 3 21 3 30 5 3 13 27 24 63 29 122 2 16 88 22 104 3 8 73 20 27 25 46 2 19 39 27 76
33 2 1 40 25 17 3 2 111 12 115 30 187 3 3 292 17 259 22 336 3 4 93 25 47 28 158 3 4 117 15 114 22 79 2 13 12 20 8 3 2 86 14 161 24 81 3 5 168 6 218 10 44 2 1 155 23 75 3 4 36 6 180 11 105 3 7 229 17 83 22 209 2 8 125 13 98 3 9 11 12 21 14 78 2 3 42 26 96 3 7 35 17 305 22 194 3 10 34 26 43 27 47 2 7 163 11 208 2 12 46 29 19 3 9 31 10 81 30 27 2 14 140 23 133 3 12 258 15 145 21 175 2 10 139 20 78 3 4 152 6 27 11 152 2 8 199 16 204 2 3 97 26 163 2 15 212 17 151 3 12 91 18 54 27 58 2 19 37 23 243 3 17 3 21 3 30 5 3 13 27 24 63 29 122 2 16 88 22 104 3 8 73 20 27 25 46 2 19 39 27 76
35 2 1 8 25 37 3 2 77 12 101 30 26 3 4 52 15 108 22 51 3 8 47 20 58 25 9 3 4 110 15 33 22 80 2 19 71 23 292 2 3 176 26 62 3 9 109 10 64 30 35 3 2 73 14 133 24 173 3 9 35 10 67 30 104 3 3 49 17 290 22 58 3 5 75 6 49 10 43 3 4 198 6 175 11 185 2 7 205 11 302 3 7 114 17 52 22 42 2 3 172 26 132 2 13 7 20 15 3 2 87 12 141 30 142 2 8 130 13 141 3 9 68 12 40 14 49 3 10 60 26 54 27 43 3 12 75 15 87 21 127 2 7 97 11 205 2 12 26 29 23 2 14 204 23 108 2 10 60 20 130 3 13 115 24 117 29 188 3 12 79 18 69 27 55 2 8 274 16 261 2 19 63 27 102 2 15 183 17 124 3 17 1 21 3 30 4 3 4 49 25 29 28 98 2 16 153 22 60 2 1 184 23 78
33 2 1 12 25 8 3 2 115 12 75 30 185 3 3 289 17 323 22 245 3 4 88 25 58 28 128 3 4 54 15 60 22 85 2 13 17 20 6 3 2 236 14 195 24 258 3 5 263 6 131 10 73 2 1 40 23 55 3 4 151 6 145 11 168 3 7 275 17 46 22 138 2 8 53 13 65 3 9 26 12 25 14 25 2 3 149 26 122 3 7 288 17 210 22 170 3 10 27 26 66 27 15 2 7 182 11 162 2 12 14 29 42 3 9 49 10 66 30 98 2 14 281 23 120 3 12 305 15 328 21 326 2 10 156 20 50 3 4 198 6 33 11 222 2 8 55 16 130 2 3 139 26 117 2 15 86 17 181 3 12 24 18 31 27 46 2 19 182 23 306 3 17 4 21 4 30 5 3 13 110 24 151 29 77 2 16 155 22 181 3 8 65 20 47 25 71 2 19 106 27 116
33 2 1 12 25 8 3 2 115 12 75 30 185 3 3 289 17 323 22 245 3 4 88 25 58 28 128 3 4 54 15 60 22 85 2 13 17 20 6 3 2 236 14 195 24 258 3 5 263 6 131 10 73 2 1 40 23 55 3 4 151 6 145 11 168 3 7 275 17 46 22 138 2 8 53 13 65 3 9 26 12 25 14 25 2 3 149 26 122 3 7 288 17 210 22 170 3 10 27 26 66 27 15 2 7 182 11 162 2 12 14 29 42 3 9 49 10 66 30 98 2 14 281 23 120 3 12 305 15 328 21 326 2 10 156 20 50 3 4 198 6 33 11 222 2 8 55 16 130 2 3 139 26 117 2 15 86 17 181 3 12 24 18 31 27 46 2 19 182 23 306 3 17 4 21 4 30 5 3 13 110 24 151 29 77 2 16 155 22 181 3 8 65 20 47 25 71 2 19 106 27 116
34 2 8 112 13 50 2 1 39 25 58 3 2 149 12 71 30 148 3 3 243 17 261 22 250 3 8 42 20 58 25 19 3 4 161 25 91 28 58 2 1 37 25 62 3 4 111 15 55 22 70 3 8 67 20 48 25 37 3 5 182 6 80 10 179 3 4 91 6 231 11 96 3 7 203 17 300 22 41 3 9 77 12 19 14 71 3 10 41 26 38 27 44 3 13 79 24 131 29 160 2 7 263 11 286 2 16 112 22 131 2 12 8 29 26 2 13 8 20 5 3 2 185 14 65 24 90 2 14 298 23 222 3 12 146 15 290 21 245 2 3 47 26 126 2 8 154 16 77 2 15 134 17 111 3 12 98 18 95 27 105 2 19 278 23 313 2 10 148 20 110 3 17 5 21 4 30 2 2 8 116 13 169 2 1 137 23 135 2 19 136 27 50 3 12 22 18 37 27 107 3 9 94 10 64 30 90
34 2 8 112 13 50 2 1 39 25 58 3 2 149 12 71 30 148 3 3 243 17 261 22 250 3 8 42 20 58 25 19 3 4 161 25 91 28 58 2 1 37 25 62 3 4 111 15 55 22 70 3 8 67 20 48 25 37 3 5 182 6 80 10 179 3 4 91 6 231 11 96 3 7 203 17 300 22 41 3 9 77 12 19 14 71 3 10 41 26 38 27 44 3 13 79 24 131 29 160 2 7 263 11 286 2 16 112 22 131 2 12 8 29 26 2 13 8 20 5 3 2 185 14 65 24 90 2 14 298 23 222 3 12 146 15 290 21 245 2 3 47 26 126 2 8 154 16 77 2 15 134 17 111 3 12 98 18 95 27 105 2 19 278 23 313 2 10 148 20 110 3 17 5 21 4 30 2 2 8 116 13 169 2 1 137 23 135 2 19 136 27 50 3 12 22 18 37 27 107 3 9 94 10 64 30 90
36 3 4 65 25 134 28 112 2 1 10 25 19 3 2 57 12 99 30 64 3 9 86 12 50 14 21 3 4 66 25 42 28 119 3 3 347 17 323 22 219 3 8 70 20 51 25 60 3 7 301 17 215 22 308 3 13 119 24 135 29 36 2 16 37 22 97 3 5 133 6 192 10 290 2 13 7 20 2 3 2 97 12 165 30 25 3 4 54 15 70 22 72 3 4 227 6 148 11 200 2 7 272 11 57 3 12 76 15 91 21 128 2 1 67 23 99 2 8 185 16 129 2 14 35 23 69 3 4 227 6 80 11 61 2 8 33 13 124 3 4 96 25 69 28 57 2 3 159 26 114 2 10 142 20 113 3 10 32 26 60 27 16 3 9 61 12 65 14 36 3 2 130 14 88 24 235 2 10 110 20 92 2 12 9 29 28 2 15 90 17 287 2 19 290 23 50 3 9 102 10 18 30 22 3 12 101 18 70 27 83 2 19 166 27 158 3 17 2 21 4 30 5
36 3 4 65 25 134 28 112 2 1 10 25 19 3 2 57 12 99 30 64 3 9 86 12 50 14 21 3 4 66 25 42 28 119 3 3 347 17 323 22 219 3 8 70 20 51 25 60 3 7 301 17 215 22 308 3 13 119 24 135 29 36 2 16 37 22 97 3 5 133 6 192 10 290 2 13 7 20 2 3 2 97 12 165 30 25 3 4 54 15 70 22 72 3 4 227 6 148 11 200 2 7 272 11 57 3 12 76 15 91 21 128 2 1 67 23 99 2 8 185 16 129 2 14 35 23 69 3 4 227 6 80 11 61 2 8 33 13 124 3 4 96 25 69 28 57 2 3 159 26 114 2 10 142 20 113 3 10 32 26 60 27 16 3 9 61 12 65 14 36 3 2 130 14 88 24 235 2 10 110 20 92 2 12 9 29 28 2 15 90 17 287 2 19 290 23 50 3 9 102 10 18 30 22 3 12 101 18 70 27 83 2 19 166 27 158 3 17 2 21 4 30 5
35 2 1 41 25 46 2 13 14 20 8 3 2 53 12 28 30 88 3 7 265 17 102 22 271 3 2 103 12 110 30 147 3 9 78 10 45 30 83 2 7 79 11 315 3 3 333 17 165 22 186 3 4 37 15 70 22 80 3 5 222 6 207 10 218 3 4 201 6 199 11 38 2 8 107 13 162 3 9 16 12 13 14 73 3 5 49 6 217 10 244 3 10 55 26 36 27 15 2 10 97 20 83 2 12 35 29 5 2 14 54 23 288 2 12 7 29 41 3 12 265 15 146 21 108 2 13 6 20 15 2 8 181 16 97 2 15 142 17 48 3 12 62 18 82 27 87 2 19 199 23 45 3 17 4 21 1 30 3 2 16 170 22 170 2 19 66 23 50 3 8 27 20 48 25 29 2 1 121 23 175 3 2 145 14 46 24 42 2 3 186 26 92 2 19 78 27 49 3 4 98 25 76 28 72 3 13 199 24 197 29 94
35 2 1 41 25 46 2 13 14 20 8 3 2 53 12 28 30 88 3 7 265 17 102 22 271 3 2 103 12 110 30 147 3 9 78 10 45 30 83 2 7 79 11 315 3 3 333 17 165 22 186 3 4 37 15 70 22 80 3 5 222 6 207 10 218 3 4 201 6 199 11 38 2 8 107 13 162 3 9 16 12 13 14 73 3 5 49 6 217 10 244 3 10 55 26 36 27 15 2 10 97 20 83 2 12 35 29 5 2 14 54 23 288 2 12 7 29 41 3 12 265 15 146 21 108 2 13 6 20 15 2 8 181 16 97 2 15 142 17 48 3 12 62 18 82 27 87 2 19 199 23 45 3 17 4 21 1 30 3 2 16 170 22 170 2 19 66 23 50 3 8 27 20 48 25 29 2 1 121 23 175 3 2 145 14 46 24 42 2 3 186 26 92 2 19 78 27 49 3 4 98 25 76 28 72 3 13 199 24 197 29 94
32 3 5 257 6 253 10 112 2 1 14 25 62 3 2 46 12 96 30 158 3 8 47 20 50 25 19 3 3 199 17 99 22 67 3 9 70 12 17 14 47 3 4 96 15 43 22 31 2 14 140 23 271 3 4 233 6 220 11 163 3 9 69 12 56 14 66 3 7 144 17 114 22 107 2 8 71 13 97 3 10 18 26 27 27 62 2 7 114 11 170 2 12 47 29 47 2 13 5 20 12 3 17 1 21 3 30 5 3 12 89 15 219 21 99 2 8 38 16 273 2 15 94 17 211 3 13 38 24 37 29 89 3 12 17 18 24 27 33 2 3 146 26 29 3 2 74 14 134 24 160 2 19 176 23 74 2 10 148 20 109 2 19 117 27 57 2 16 150 22 25 2 1 171 23 195 3 4 19 25 105 28 74 2 10 88 20 143 3 9 20 10 129 30 100
39 2 7 315 11 62 2 1 11 25 16 2 7 301 11 121 3 2 173 12 179 30 24 3 3 46 17 86 22 75 3 2 182 12 26 30 159 3 4 38 15 89 22 34 3 2 88 12 71 30 143 3 5 267 6 246 10 168 3 4 206 6 230 11 34 3 7 227 17 72 22 180 3 2 128 12 95 30 153 2 8 149 13 91 3 9 74 12 65 14 41 2 3 52 26 165 3 10 63 26 18 27 42 3 12 57 18 82 27 73 2 12 10 29 45 3 2 102 14 88 24 127 3 10 15 26 34 27 33 3 4 78 25 90 28 109 2 13 4 20 10 2 14 208 23 221 3 12 297 15 215 21 234 2 8 78 16 167 2 15 224 17 216 3 8 16 20 47 25 43 3 4 41 25 45 28 138 2 19 258 23 152 2 10 125 20 31 3 2 34 12 152 30 27 3 17 1 21 5 30 5 2 14 203 23 232 2 16 167 22 48 2 1 107 23 198 2 19 82 27 145 3 13 138 24 58 29 181 3 4 45 15 110 22 31 3 9 71 10 77 30 53
39 2 7 315 11 62 2 1 11 25 16 2 7 301 11 121 3 2 173 12 179 30 24 3 3 46 17 86 22 75 3 2 182 12 26 30 159 3 4 38 15 89 22 34 3 2 88 12 71 30 143 3 5 267 6 246 10 168 3 4 206 6 230 11 34 3 7 227 17 72 22 180 3 2 128 12 95 30 153 2 8 149 13 91 3 9 74 12 65 14 41 2 3 52 26 165 3 10 63 26 18 27 42 3 12 57 18 82 27 73 2 12 10 29 45 3 2 102 14 88 24 127 3 10 15 26 34 27 33 3 4 78 25 90 28 109 2 13 4 20 10 2 14 208 23 221 3 12 297 15 215 21 234 2 8 78 16 167 2 15 224 17 216 3 8 16 20 47 25 43 3 4 41 25 45 28 138 2 19 258 23 152 2 10 125 20 31 3 2 34 12 152 30 27 3 17 1 21 5 30 5 2 14 203 23 232 2 16 167 22 48 2 1 107 23 198 2 19 82 27 145 3 13 138 24 58 29 181 3 4 45 15 110 22 31 3 9 71 10 77 30 53
39 2 7 315 11 62 2 1 11 25 16 2 7 301 11 121 3 2 173 12 179 30 24 3 3 46 17 86 22 75 3 2 182 12 26 30 159 3 4 38 15 89 22 34 3 2 88 12 71 30 143 3 5 267 6 246 10 168 3 4 206 6 230 11 34 3 7 227 17 72 22 180 3 2 128 12 95 30 153 2 8 149 13 91 3 9 74 12 65 14 41 2 3 52 26 165 3 10 63 26 18 27 42 3 12 57 18 82 27 73 2 12 10 29 45 3 2 102 14 88 24 127 3 10 15 26 34 27 33 3 4 78 25 90 28 109 2 13 4 20 10 2 14 208 23 221 3 12 297 15 215 21 234 2 8 78 16 167 2 15 224 17 216 3 8 16 20 47 25 43 3 4 41 25 45 28 138 2 19 258 23 152 2 10 125 20 31 3 2 34 12 152 30 27 3 17 1 21 5 30 5 2 14 203 23 232 2 16 167 22 48 2 1 107 23 198 2 19 82 27 145 3 13 138 24 58 29 181 3 4 45 15 110 22 31 3 9 71 10 77 30 53
32 2 1 21 25 60 3 2 82 12 176 30 35 3 3 205 17 238 22 256 3 4 100 15 72 22 113 3 5 285 6 226 10 93 3 4 102 6 152 11 120 3 7 298 17 110 22 49 2 19 142 23 299 3 9 57 12 87 14 23 2 8 147 13 79 3 10 27 26 9 27 17 2 7 244 11 126 3 9 38 10 105 30 77 2 14 121 23 154 2 12 16 29 12 3 13 204 24 170 29 142 2 13 18 20 18 3 12 79 15 298 21 162 2 3 172 26 96 3 4 63 15 67 22 55 2 8 248 16 204 2 19 53 27 130 2 15 160 17 167 3 4 60 15 16 22 39 3 12 83 18 84 27 24 2 10 156 20 124 3 17 3 21 1 30 1 2 16 190 22 139 2 1 166 23 187 3 4 115 25 20 28 33 3 2 236 14 187 24 200 3 8 64 20 62 25 50
33 2 1 45 25 46 3 2 180 12 29 30 172 3 3 235 17 85 22 73 3 4 105 25 128 28 156 3 4 95 15 116 22 57 2 13 8 20 8 3 2 261 14 136 24 163 3 5 164 6 50 10 83 2 1 121 23 57 3 4 234 6 114 11 102 3 7 202 17 171 22 233 2 8 118 13 176 3 9 21 12 85 14 84 2 3 177 26 165 3 7 307 17 49 22 254 3 10 43 26 47 27 40 2 7 133 11 267 2 12 8 29 44 3 9 73 10 131 30 103 2 14 163 23 288 3 12 40 15 148 21 319 2 10 99 20 35 3 4 195 6 239 11 135 2 8 57 16 76 2 3 118 26 144 2 15 282 17 53 3 12 56 18 84 27 30 2 19 317 23 219 3 17 2 21 2 30 3 3 13 45 24 38 29 58 2 16 181 22 149 3 8 13 20 34 25 20 2 19 96 27 65
38 2 1 8 25 37 3 2 78 12 112 30 168 2 8 227 16 261 3 3 342 17 131 22 315 2 3 92 26 43 3 4 65 15 19 22 77 2 8 166 16 275 2 10 71 20 87 3 5 142 6 126 10 116 3 4 66 6 156 11 207 3 7 257 17 47 22 88 2 8 124 13 64 2 8 243 16 207 3 9 127 10 90 30 110 2 7 253 11 230 3 9 128 10 93 30 103 3 9 65 12 66 14 32 2 14 265 23 154 3 17 2 21 3 30 2 3 10 23 26 54 27 7 2 12 29 29 19 2 13 5 20 11 3 17 4 21 4 30 2 3 12 209 15 41 21 50 3 2 221 14 41 24 181 3 12 47 18 82 27 107 2 15 244 17 90 2 8 29 13 56 2 19 42 23 109 2 19 58 27 53 2 8 93 16 115 2 16 41 22 174 2 1 106 23 117 2 3 91 26 63 3 4 97 25 133 28 33 3 5 260 6 78 10 161 3 8 62 20 27 25 69 3 13 148 24 80 29 99
39 2 7 215 11 74 2 1 11 25 45 2 7 282 11 127 3 2 25 12 176 30 33 3 3 334 17 150 22 280 3 2 167 12 164 30 169 3 4 15 15 18 22 102 3 2 56 12 149 30 75 3 5 50 6 232 10 196 3 4 163 6 29 11 154 3 7 259 17 82 22 151 3 2 74 12 115 30 44 2 8 176 13 163 3 9 60 12 79 14 71 2 3 138 26 144 3 10 59 26 41 27 11 3 12 47 18 29 27 96 2 12 26 29 11 3 2 93 14 35 24 149 3 10 40 26 61 27 46 3 4 150 25 132 28 54 2 13 16 20 12 2 14 162 23 164 3 12 89 15 211 21 231 2 8 120 16 61 2 15 105 17 65 3 8 11 20 12 25 24 3 4 93 25 102 28 62 2 19 254 23 231 2 10 56 20 74 3 2 124 12 21 30 95 3 17 1 21 4 30 3 2 14 254 23 84 2 16 85 22 123 2 1 122 23 120 2 19 94 27 24 3 13 154 24 29 29 179 3 4 102 15 45 22 44 3 9 29 10 131 30 31
34 3 4 202 6 156 11 163 2 13 8 20 9 3 7 220 17 211 22 164 2 1 58 25 47 2 8 169 16 262 3 4 223 6 162 11 116 2 19 56 27 131 2 8 236 16 231 3 17 2 21 4 30 3 3 4 197 6 222 11 124 3 2 120 12 186 30 185 3 3 310 17 255 22 71 3 9 12 12 53 14 25 2 16 40 22 163 2 8 181 13 75 3 9 67 10 24 30 56 2 15 162 17 214 3 5 254 6 238 10 113 3 2 29 14 210 24 223 3 4 119 15 89 22 19 3 13 88 24 70 29 125 2 14 151 23 92 3 12 103 15 84 21 273 2 10 177 20 31 3 10 8 26 64 27 46 2 7 151 11 149 2 12 8 29 34 2 1 7 25 9 3 12 13 18 52 27 79 2 3 60 26 74 2 19 283 23 40 3 8 14 20 50 25 70 2 1 44 23 176 3 4 91 25 81 28 48
34 3 4 202 6 156 11 163 2 13 8 20 9 3 7 220 17 211 22 164 2 1 58 25 47 2 8 169 16 262 3 4 223 6 162 11 116 2 19 56 27 131 2 8 236 16 231 3 17 2 21 4 30 3 3 4 197 6 222 11 124 3 2 120 12 186 30 185 3 3 310 17 255 22 71 3 9 12 12 53 14 25 2 16 40 22 163 2 8 181 13 75 3 9 67 10 24 30 56 2 15 162 17 214 3 5 254 6 238 10 113 3 2 29 14 210 24 223 3 4 119 15 89 22 19 3 13 88 24 70 29 125 2 14 151 23 92 3 12 103 15 84 21 273 2 10 177 20 31 3 10 8 26 64 27 46 2 7 151 11 149 2 12 8 29 34 2 1 7 25 9 3 12 13 18 52 27 79 2 3 60 26 74 2 19 283 23 40 3 8 14 20 50 25 70 2 1 44 23 176 3 4 91 25 81 28 48
33 2 1 43 25 47 3 2 136 12 132 30 31 3 3 231 17 104 22 209 3 4 59 25 131 28 162 3 4 113 15 104 22 111 2 13 12 20 14 3 2 200 14 228 24 221 3 5 208 6 159 10 70 2 1 162 23 70 3 4 61 6 147 11 73 3 7 213 17 159 22 94 2 8 87 13 59 3 9 63 12 43 14 29 2 3 185 26 37 3 7 226 17 296 22 44 3 10 51 26 61 27 22 2 7 148 11 151 2 12 45 29 44 3 9 80 10 57 30 18 2 14 61 23 219 3 12 191 15 291 21 275 2 10 66 20 123 3 4 146 6 153 11 170 2 8 215 16 162 2 3 47 26 54 2 15 234 17 107 3 12 94 18 87 27 101 2 19 173 23 317 3 17 3 21 1 30 1 3 13 75 24 154 29 50 2 16 182 22 34 3 8 13 20 42 25 59 2 19 133 27 41
39 2 7 110 11 61 2 1 62 25 22 2 7 247 11 323 3 2 65 12 133 30 149 3 3 110 17 281 22 245 3 2 21 12 160 30 99 3 4 95 15 92 22 68 3 2 142 12 182 30 82 3 5 256 6 285 10 183 3 4 240 6 228 11 125 3 7 256 17 155 22 236 3 2 66 12 160 30 163 2 8 176 13 146 3 9 64 12 78 14 47 2 3 148 26 117 3 10 31 26 66 27 16 3 12 46 18 63 27 48 2 12 43 29 8 3 2 47 14 151 24 249 3 10 26 26 59 27 34 3 4 26 25 57 28 33 2 13 3 20 18 2 14 167 23 308 3 12 74 15 61 21 236 2 8 253 16 147 2 15 211 17 195 3 8 65 20 25 25 54 3 4 124 25 107 28 31 2 19 308 23 282 2 10 97 20 32 3 2 182 12 72 30 50 3 17 1 21 2 30 2 2 14 86 23 230 2 16 181 22 206 2 1 204 23 72 2 19 110 27 131 3 13 104 24 142 29 70 3 4 117 15 105 22 74 3 9 83 10 130 30 94
36 3 4 81 25 99 28 94 2 1 60 25 36 3 2 43 12 74 30 120 3 9 86 12 71 14 51 3 4 29 25 144 28 36 3 3 173 17 189 22 87 3 8 64 20 32 25 73 3 7 244 17 304 22 111 3 13 143 24 100 29 190 2 16 169 22 24 3 5 288 6 210 10 118 2 13 17 20 11 3 2 139 12 162 30 21 3 4 75 15 46 22 92 3 4 169 6 134 11 209 2 7 77 11 139 3 12 74 15 278 21 183 2 1 77 23 61 2 8 120 16 96 2 14 289 23 177 3 4 98 6 227 11 126 2 8 21 13 153 3 4 155 25 57 28 138 2 3 23 26 60 2 10 22 20 151 3 10 9 26 7 27 30 3 9 46 12 27 14 81 3 2 73 14 101 24 219 2 10 43 20 100 2 12 29 29 38 2 15 250 17 265 2 19 72 23 47 3 9 92 10 109 30 26 3 12 86 18 34 27 71 2 19 125 27 55 3 17 4 21 4 30 5
35 2 1 64 25 22 2 13 14 20 3 3 2 148 12 178 30 47 3 7 235 17 68 22 79 3 2 26 12 146 30 90 3 9 46 10 66 30 46 2 7 92 11 172 3 3 232 17 200 22 234 3 4 88 15 116 22 76 3 5 280 6 278 10 227 3 4 130 6 143 11 42 2 8 47 13 167 3 9 31 12 22 14 83 3 5 222 6 123 10 183 3 10 25 26 22 27 57 2 10 101 20 36 2 12 6 29 35 2 14 77 23 91 2 12 40 29 45 3 12 244 15 164 21 182 2 13 14 20 6 2 8 117 16 198 2 15 50 17 90 3 12 23 18 73 27 88 2 19 93 23 247 3 17 1 21 1 30 1 2 16 159 22 46 2 19 45 23 60 3 8 24 20 73 25 67 2 1 167 23 141 3 2 84 14 113 24 129 2 3 86 26 40 2 19 23 27 126 3 4 107 25 104 28 137 3 13 194 24 180 29 105
35 2 1 39 25 30 2 13 18 20 18 3 2 49 12 122 30 90 3 7 203 17 220 22 243 3 2 104 12 44 30 76 3 9 64 10 82 30 77 2 7 135 11 137 3 3 167 17 264 22 149 3 4 17 15 24 22 115 3 5 50 6 199 10 177 3 4 58 6 53 11 41 2 8 34 13 164 3 9 22 12 83 14 64 3 5 273 6 137 10 200 3 10 39 26 38 27 51 2 10 115 20 132 2 12 38 29 31 2 14 294 23 122 2 12 12 29 30 3 12 255 15 166 21 80 2 13 17 20 12 2 8 156 16 136 2 15 195 17 260 3 12 97 18 37 27 76 2 19 196 23 279 3 17 4 21 1 30 2 2 16 38 22 129 2 19 66 23 210 3 8 44 20 24 25 59 2 1 211 23 31 3 2 99 14 213 24 140 2 3 60 26 119 2 19 25 27 30 3 4 29 25 28 28 121 3 13 128 24 80 29 116
DUE_DATES: 7046 7046 6149 6149 6149 7762 7762 6097 6097 6398 6398 6398 6398 6418 6402 6402 6402 6996 6659 6521 6559 6559 5497 6604 6309 6309 6354 6970 6970 6885 6885 6696 6696 6356 6356 5537 7658 7658 7658 6567 6844 7178 7071 6764 6764 6577 8533 6406 5989 6289
WEIGHTS: 2 3 2 3 1 3 3 2 3 1 3 3 3 3 3 3 1 3 2 1 2 2 1 3 1 1 3 3 1 1 1 3 2 3 2 1 1 3 2 1 1 3 1 1 2 2 3 1 3 3
