50 30
34 2 1 99 24 100 2 2 99 10 135 3 1 20 2 22 3 47 3 4 100 5 57 26 111 3 1 28 5 182 23 119 2 20 2 23 5 2 1 56 24 158 2 6 71 15 199 3 14 62 17 294 25 255 2 7 89 23 88 2 6 280 15 240 3 8 10 16 6 19 5 3 8 28 12 14 23 36 3 18 120 27 48 29 164 2 4 186 9 63 2 10 126 11 174 3 14 165 16 172 22 107 3 2 12 11 39 17 56 2 13 278 30 88 3 2 41 6 69 14 49 3 12 135 15 23 25 175 2 16 181 29 186 3 8 14 16 15 19 2 2 17 54 27 33 2 1 41 19 158 2 7 112 20 16 3 11 115 17 53 30 69 3 10 199 28 218 30 53 3 18 107 27 115 29 60 3 4 62 21 179 30 184 3 12 160 22 98 29 152 2 15 55 27 47 2 8 137 26 317 3 24 105 26 83 29 138
34 2 1 99 24 100 2 2 99 10 135 3 1 20 2 22 3 47 3 4 100 5 57 26 111 3 1 28 5 182 23 119 2 20 2 23 5 2 1 56 24 158 2 6 71 15 199 3 14 62 17 294 25 255 2 7 89 23 88 2 6 280 15 240 3 8 10 16 6 19 5 3 8 28 12 14 23 36 3 18 120 27 48 29 164 2 4 186 9 63 2 10 126 11 174 3 14 165 16 172 22 107 3 2 12 11 39 17 56 2 13 278 30 88 3 2 41 6 69 14 49 3 12 135 15 23 25 175 2 16 181 29 186 3 8 14 16 15 19 2 2 17 54 27 33 2 1 41 19 158 2 7 112 20 16 3 11 115 17 53 30 69 3 10 199 28 218 30 53 3 18 107 27 115 29 60 3 4 62 21 179 30 184 3 12 160 22 98 29 152 2 15 55 27 47 2 8 137 26 317 3 24 105 26 83 29 138
37 2 1 110 24 117 2 2 136 10 268 3 1 16 2 23 3 41 2 1 165 24 132 3 10 100 28 40 30 64 3 4 147 5 283 26 68 2 1 204 19 42 3 1 141 5 78 23 149 2 6 60 15 225 2 13 217 30 160 2 8 55 26 40 2 7 139 23 18 3 1 48 2 13 3 48 3 8 16 16 3 19 9 3 1 57 2 53 3 59 3 4 80 21 167 30 157 2 4 162 9 70 2 10 280 11 77 3 8 2 16 4 19 4 2 16 94 29 61 3 2 19 11 40 17 48 3 12 56 15 29 25 130 3 8 49 12 28 23 32 3 2 22 6 24 14 14 3 14 55 16 166 22 146 3 2 17 11 47 17 42 2 17 93 27 75 3 18 151 27 74 29 122 3 8 8 16 14 19 13 2 7 61 20 126 2 2 191 10 298 3 12 109 22 183 29 76 2 20 6 23 9 3 11 51 17 138 30 47 3 24 141 26 167 29 189 3 14 75 17 222 25 178 2 15 52 27 53
39 2 1 110 24 32 2 8 325 26 104 2 2 58 10 203 2 8 258 26 116 3 4 71 5 286 26 47 2 8 141 26 225 3 4 172 21 99 30 196 2 1 134 24 70 3 8 4 16 3 19 8 2 7 130 23 122 3 1 17 2 30 3 42 3 4 138 21 143 30 97 3 1 52 5 127 23 119 2 7 89 23 31 2 6 138 15 202 2 4 96 9 84 2 10 43 11 121 2 7 107 20 124 3 2 55 11 28 17 56 3 1 26 2 33 3 42 3 8 30 12 57 23 53 2 13 64 30 53 2 7 27 20 30 3 2 43 6 51 14 68 3 24 156 26 233 29 247 3 12 126 15 68 25 175 3 4 289 5 49 26 86 2 15 10 27 34 3 14 168 16 60 22 104 3 11 62 17 194 30 94 2 17 71 27 109 2 16 86 29 177 3 18 57 27 146 29 19 2 16 243 29 222 3 10 257 28 194 30 229 2 1 85 19 155 3 12 141 22 89 29 130 2 20 1 23 7 3 14 312 17 192 25 44
39 2 1 110 24 32 2 8 325 26 104 2 2 58 10 203 2 8 258 26 116 3 4 71 5 286 26 47 2 8 141 26 225 3 4 172 21 99 30 196 2 1 134 24 70 3 8 4 16 3 19 8 2 7 130 23 122 3 1 17 2 30 3 42 3 4 138 21 143 30 97 3 1 52 5 127 23 119 2 7 89 23 31 2 6 138 15 202 2 4 96 9 84 2 10 43 11 121 2 7 107 20 124 3 2 55 11 28 17 56 3 1 26 2 33 3 42 3 8 30 12 57 23 53 2 13 64 30 53 2 7 27 20 30 3 2 43 6 51 14 68 3 24 156 26 233 29 247 3 12 126 15 68 25 175 3 4 289 5 49 26 86 2 15 10 27 34 3 14 168 16 60 22 104 3 11 62 17 194 30 94 2 17 71 27 109 2 16 86 29 177 3 18 57 27 146 29 19 2 16 243 29 222 3 10 257 28 194 30 229 2 1 85 19 155 3 12 141 22 89 29 130 2 20 1 23 7 3 14 312 17 192 25 44
35 2 1 165 24 149 3 2 52 11 17 17 29 2 2 139 10 290 3 18 102 27 76 29 70 2 4 50 9 78 3 12 114 22 82 29 117 3 1 50 2 62 3 23 2 16 81 29 47 3 4 88 5 235 26 265 2 16 195 29 252 3 1 175 5 150 23 79 2 4 180 9 96 3 8 46 12 24 23 11 2 1 163 24 115 2 6 208 15 217 2 7 56 23 95 3 8 13 16 7 19 10 2 10 53 11 146 2 13 192 30 128 3 4 43 21 149 30 62 3 2 33 6 35 14 26 3 12 100 15 151 25 146 3 4 179 21 123 30 55 3 14 181 16 144 22 110 3 24 37 26 305 29 143 2 17 90 27 19 3 10 144 28 170 30 109 2 1 79 19 299 2 15 39 27 11 2 8 99 26 231 2 17 50 27 63 2 7 112 20 44 2 20 8 23 9 3 14 183 17 58 25 302 3 11 301 17 205 30 296
35 2 1 165 24 149 3 2 52 11 17 17 29 2 2 139 10 290 3 18 102 27 76 29 70 2 4 50 9 78 3 12 114 22 82 29 117 3 1 50 2 62 3 23 2 16 81 29 47 3 4 88 5 235 26 265 2 16 195 29 252 3 1 175 5 150 23 79 2 4 180 9 96 3 8 46 12 24 23 11 2 1 163 24 115 2 6 208 15 217 2 7 56 23 95 3 8 13 16 7 19 10 2 10 53 11 146 2 13 192 30 128 3 4 43 21 149 30 62 3 2 33 6 35 14 26 3 12 100 15 151 25 146 3 4 179 21 123 30 55 3 14 181 16 144 22 110 3 24 37 26 305 29 143 2 17 90 27 19 3 10 144 28 170 30 109 2 1 79 19 299 2 15 39 27 11 2 8 99 26 231 2 17 50 27 63 2 7 112 20 44 2 20 8 23 9 3 14 183 17 58 25 302 3 11 301 17 205 30 296
35 2 1 165 24 149 3 2 52 11 17 17 29 2 2 139 10 290 3 18 102 27 76 29 70 2 4 50 9 78 3 12 114 22 82 29 117 3 1 50 2 62 3 23 2 16 81 29 47 3 4 88 5 235 26 265 2 16 195 29 252 3 1 175 5 150 23 79 2 4 180 9 96 3 8 46 12 24 23 11 2 1 163 24 115 2 6 208 15 217 2 7 56 23 95 3 8 13 16 7 19 10 2 10 53 11 146 2 13 192 30 128 3 4 43 21 149 30 62 3 2 33 6 35 14 26 3 12 100 15 151 25 146 3 4 179 21 123 30 55 3 14 181 16 144 22 110 3 24 37 26 305 29 143 2 17 90 27 19 3 10 144 28 170 30 109 2 1 79 19 299 2 15 39 27 11 2 8 99 26 231 2 17 50 27 63 2 7 112 20 44 2 20 8 23 9 3 14 183 17 58 25 302 3 11 301 17 205 30 296
39 2 17 43 27 67 2 1 163 24 39 2 2 149 10 309 2 17 71 27 104 3 4 95 5 151 26 259 2 17 81 27 40 3 1 34 2 59 3 16 3 1 40 5 135 23 156 2 17 103 27 117 2 13 220 30 83 2 6 101 15 140 2 7 79 23 97 2 13 81 30 160 3 8 12 16 5 19 15 2 16 81 29 150 2 4 60 9 85 2 10 264 11 261 2 6 244 15 274 3 2 90 6 21 14 58 3 2 52 11 12 17 12 3 14 198 17 322 25 82 3 8 52 12 66 23 9 2 13 247 30 173 3 12 163 15 83 25 23 3 14 93 16 142 22 103 3 18 136 27 139 29 117 2 17 48 27 85 2 1 92 19 130 2 7 14 20 116 3 4 180 21 42 30 67 3 1 104 5 73 23 172 3 12 78 22 143 29 163 2 20 3 23 6 3 24 280 26 104 29 55 2 8 231 26 70 3 12 62 15 39 25 58 2 15 17 27 32 3 10 280 28 167 30 317 3 11 286 17 78 30 141
39 2 17 43 27 67 2 1 163 24 39 2 2 149 10 309 2 17 71 27 104 3 4 95 5 151 26 259 2 17 81 27 40 3 1 34 2 59 3 16 3 1 40 5 135 23 156 2 17 103 27 117 2 13 220 30 83 2 6 101 15 140 2 7 79 23 97 2 13 81 30 160 3 8 12 16 5 19 15 2 16 81 29 150 2 4 60 9 85 2 10 264 11 261 2 6 244 15 274 3 2 90 6 21 14 58 3 2 52 11 12 17 12 3 14 198 17 322 25 82 3 8 52 12 66 23 9 2 13 247 30 173 3 12 163 15 83 25 23 3 14 93 16 142 22 103 3 18 136 27 139 29 117 2 17 48 27 85 2 1 92 19 130 2 7 14 20 116 3 4 180 21 42 30 67 3 1 104 5 73 23 172 3 12 78 22 143 29 163 2 20 3 23 6 3 24 280 26 104 29 55 2 8 231 26 70 3 12 62 15 39 25 58 2 15 17 27 32 3 10 280 28 167 30 317 3 11 286 17 78 30 141
39 2 17 43 27 67 2 1 163 24 39 2 2 149 10 309 2 17 71 27 104 3 4 95 5 151 26 259 2 17 81 27 40 3 1 34 2 59 3 16 3 1 40 5 135 23 156 2 17 103 27 117 2 13 220 30 83 2 6 101 15 140 2 7 79 23 97 2 13 81 30 160 3 8 12 16 5 19 15 2 16 81 29 150 2 4 60 9 85 2 10 264 11 261 2 6 244 15 274 3 2 90 6 21 14 58 3 2 52 11 12 17 12 3 14 198 17 322 25 82 3 8 52 12 66 23 9 2 13 247 30 173 3 12 163 15 83 25 23 3 14 93 16 142 22 103 3 18 136 27 139 29 117 2 17 48 27 85 2 1 92 19 130 2 7 14 20 116 3 4 180 21 42 30 67 3 1 104 5 73 23 172 3 12 78 22 143 29 163 2 20 3 23 6 3 24 280 26 104 29 55 2 8 231 26 70 3 12 62 15 39 25 58 2 15 17 27 32 3 10 280 28 167 30 317 3 11 286 17 78 30 141
34 2 1 131 24 101 2 2 114 10 153 3 1 29 2 30 3 61 2 1 41 24 24 3 4 120 5 173 26 158 3 1 54 2 62 3 61 3 1 26 5 58 23 46 2 2 282 10 117 2 7 96 20 53 2 6 208 15 154 2 7 42 23 107 2 13 46 30 78 3 8 3 16 13 19 8 2 4 176 9 83 2 10 55 11 54 3 10 251 28 230 30 189 3 18 55 27 19 29 51 3 12 152 15 124 25 160 3 2 30 11 47 17 58 3 8 67 12 36 23 33 3 2 31 6 27 14 11 3 14 111 16 105 22 120 2 16 161 29 192 2 17 106 27 37 2 1 122 19 152 3 4 64 21 45 30 155 3 12 123 22 142 29 40 2 20 9 23 11 3 11 163 17 111 30 97 3 24 96 26 287 29 154 2 1 33 24 160 3 14 329 17 117 25 336 2 8 275 26 49 2 15 39 27 34
34 2 1 57 24 98 2 2 180 10 240 2 1 86 24 105 3 1 37 2 24 3 40 3 2 29 11 27 17 50 3 12 80 15 31 25 175 3 4 277 5 219 26 205 3 1 78 5 36 23 75 3 14 287 17 233 25 99 2 6 185 15 265 3 18 128 27 148 29 126 2 7 62 23 27 3 8 7 16 8 19 10 2 6 289 15 90 2 4 180 9 136 2 10 260 11 100 3 10 58 28 52 30 142 3 8 68 12 60 23 37 2 13 297 30 293 3 2 63 6 30 14 66 3 14 107 16 92 22 104 2 17 115 27 67 3 12 46 22 179 29 155 2 1 298 19 121 3 11 167 17 90 30 269 2 7 61 20 119 3 4 131 21 171 30 180 2 1 63 24 86 3 24 181 26 245 29 301 2 20 8 23 13 3 12 31 22 29 29 123 2 16 175 29 104 2 8 234 26 342 2 15 38 27 51
34 2 1 57 24 98 2 2 180 10 240 2 1 86 24 105 3 1 37 2 24 3 40 3 2 29 11 27 17 50 3 12 80 15 31 25 175 3 4 277 5 219 26 205 3 1 78 5 36 23 75 3 14 287 17 233 25 99 2 6 185 15 265 3 18 128 27 148 29 126 2 7 62 23 27 3 8 7 16 8 19 10 2 6 289 15 90 2 4 180 9 136 2 10 260 11 100 3 10 58 28 52 30 142 3 8 68 12 60 23 37 2 13 297 30 293 3 2 63 6 30 14 66 3 14 107 16 92 22 104 2 17 115 27 67 3 12 46 22 179 29 155 2 1 298 19 121 3 11 167 17 90 30 269 2 7 61 20 119 3 4 131 21 171 30 180 2 1 63 24 86 3 24 181 26 245 29 301 2 20 8 23 13 3 12 31 22 29 29 123 2 16 175 29 104 2 8 234 26 342 2 15 38 27 51
34 2 1 54 24 42 2 2 134 10 180 3 1 34 2 60 3 18 2 1 29 24 110 3 4 129 5 239 26 150 3 1 43 2 50 3 8 3 1 155 5 26 23 131 2 2 233 10 300 2 7 47 20 123 2 6 99 15 123 2 7 75 23 26 2 13 63 30 289 3 8 5 16 3 19 9 2 4 48 9 26 2 10 208 11 46 3 10 239 28 72 30 52 3 18 121 27 55 29 156 3 12 173 15 89 25 128 3 2 31 11 25 17 54 3 8 32 12 28 23 23 3 2 17 6 11 14 29 3 14 116 16 153 22 156 2 16 60 29 66 2 17 59 27 83 2 1 152 19 286 3 4 85 21 123 30 158 3 12 149 22 122 29 145 2 20 10 23 9 3 11 117 17 281 30 225 3 24 267 26 76 29 173 2 1 98 24 66 3 14 199 17 283 25 305 2 8 318 26 247 2 15 39 27 52
34 2 1 54 24 42 2 2 134 10 180 3 1 34 2 60 3 18 2 1 29 24 110 3 4 129 5 239 26 150 3 1 43 2 50 3 8 3 1 155 5 26 23 131 2 2 233 10 300 2 7 47 20 123 2 6 99 15 123 2 7 75 23 26 2 13 63 30 289 3 8 5 16 3 19 9 2 4 48 9 26 2 10 208 11 46 3 10 239 28 72 30 52 3 18 121 27 55 29 156 3 12 173 15 89 25 128 3 2 31 11 25 17 54 3 8 32 12 28 23 23 3 2 17 6 11 14 29 3 14 116 16 153 22 156 2 16 60 29 66 2 17 59 27 83 2 1 152 19 286 3 4 85 21 123 30 158 3 12 149 22 122 29 145 2 20 10 23 9 3 11 117 17 281 30 225 3 24 267 26 76 29 173 2 1 98 24 66 3 14 199 17 283 25 305 2 8 318 26 247 2 15 39 27 52
39 2 1 44 24 170 2 8 332 26 297 2 2 202 10 115 2 8 174 26 144 3 4 266 5 85 26 152 2 8 279 26 76 3 4 65 21 143 30 28 2 1 30 24 59 3 8 4 16 10 19 6 2 7 20 23 29 3 1 47 2 61 3 40 3 4 143 21 47 30 148 3 1 114 5 131 23 105 2 7 87 23 33 2 6 72 15 160 2 4 180 9 174 2 10 105 11 218 2 7 111 20 14 3 2 15 11 33 17 58 3 1 7 2 23 3 42 3 8 12 12 25 23 33 2 13 100 30 281 2 7 57 20 68 3 2 25 6 31 14 50 3 24 63 26 93 29 277 3 12 104 15 95 25 69 3 4 156 5 36 26 290 2 15 10 27 47 3 14 131 16 178 22 148 3 11 41 17 78 30 203 2 17 115 27 64 2 16 198 29 80 3 18 65 27 69 29 75 2 16 103 29 227 3 10 102 28 43 30 111 2 1 180 19 198 3 12 175 22 88 29 106 2 20 11 23 6 3 14 174 17 60 25 258
35 2 7 36 23 136 2 1 56 24 140 2 17 44 27 117 2 2 170 10 116 2 1 29 24 69 3 2 58 6 84 14 20 3 1 46 2 7 3 30 2 1 128 24 46 3 4 179 5 216 26 214 2 6 188 15 227 3 1 131 5 88 23 21 3 8 4 16 14 19 14 2 4 35 9 132 2 10 270 11 60 3 2 34 11 26 17 40 3 1 93 5 108 23 133 3 8 38 12 26 23 57 2 13 324 30 285 2 2 309 10 208 3 24 88 26 155 29 60 3 4 31 21 170 30 38 3 12 58 15 110 25 43 3 14 153 16 133 22 176 3 18 76 27 154 29 64 3 11 226 17 126 30 241 2 7 91 20 79 2 1 283 19 306 2 20 13 23 3 3 24 149 26 297 29 50 3 12 161 22 65 29 35 3 14 164 17 87 25 77 2 8 124 26 102 3 10 309 28 257 30 115 2 15 50 27 14 2 16 78 29 175
34 2 1 38 24 79 2 2 195 10 262 3 1 31 2 49 3 44 3 4 150 5 132 26 109 3 1 168 5 85 23 155 2 20 6 23 7 2 1 139 24 51 2 6 264 15 140 3 14 130 17 151 25 55 2 7 71 23 27 2 6 302 15 232 3 8 12 16 6 19 2 3 8 28 12 16 23 62 3 18 141 27 96 29 56 2 4 60 9 168 2 10 206 11 245 3 14 160 16 93 22 57 3 2 36 11 17 17 9 2 13 302 30 190 3 2 64 6 60 14 74 3 12 103 15 130 25 101 2 16 168 29 43 3 8 7 16 12 19 13 2 17 22 27 53 2 1 218 19 214 2 7 46 20 105 3 11 109 17 112 30 37 3 10 121 28 306 30 163 3 18 141 27 99 29 123 3 4 98 21 130 30 34 3 12 85 22 40 29 175 2 15 26 27 18 2 8 46 26 251 3 24 76 26 49 29 71
34 2 1 38 24 79 2 2 195 10 262 3 1 31 2 49 3 44 3 4 150 5 132 26 109 3 1 168 5 85 23 155 2 20 6 23 7 2 1 139 24 51 2 6 264 15 140 3 14 130 17 151 25 55 2 7 71 23 27 2 6 302 15 232 3 8 12 16 6 19 2 3 8 28 12 16 23 62 3 18 141 27 96 29 56 2 4 60 9 168 2 10 206 11 245 3 14 160 16 93 22 57 3 2 36 11 17 17 9 2 13 302 30 190 3 2 64 6 60 14 74 3 12 103 15 130 25 101 2 16 168 29 43 3 8 7 16 12 19 13 2 17 22 27 53 2 1 218 19 214 2 7 46 20 105 3 11 109 17 112 30 37 3 10 121 28 306 30 163 3 18 141 27 99 29 123 3 4 98 21 130 30 34 3 12 85 22 40 29 175 2 15 26 27 18 2 8 46 26 251 3 24 76 26 49 29 71
37 2 1 143 24 142 2 2 267 10 62 3 1 17 2 59 3 37 2 1 108 24 72 3 10 110 28 263 30 296 3 4 233 5 79 26 150 2 1 148 19 293 3 1 117 5 69 23 63 2 6 262 15 223 2 13 70 30 89 2 8 295 26 314 2 7 92 23 33 3 1 7 2 11 3 10 3 8 2 16 3 19 4 3 1 16 2 62 3 28 3 4 38 21 22 30 47 2 4 94 9 45 2 10 222 11 239 3 8 5 16 9 19 10 2 16 169 29 165 3 2 41 11 47 17 62 3 12 28 15 119 25 84 3 8 23 12 47 23 34 3 2 78 6 83 14 30 3 14 117 16 86 22 116 3 2 48 11 53 17 28 2 17 82 27 68 3 18 29 27 111 29 43 3 8 14 16 8 19 6 2 7 60 20 118 2 2 58 10 312 3 12 73 22 86 29 124 2 20 15 23 11 3 11 243 17 182 30 99 3 24 311 26 109 29 40 3 14 340 17 120 25 295 2 15 6 27 21
37 2 1 143 24 142 2 2 267 10 62 3 1 17 2 59 3 37 2 1 108 24 72 3 10 110 28 263 30 296 3 4 233 5 79 26 150 2 1 148 19 293 3 1 117 5 69 23 63 2 6 262 15 223 2 13 70 30 89 2 8 295 26 314 2 7 92 23 33 3 1 7 2 11 3 10 3 8 2 16 3 19 4 3 1 16 2 62 3 28 3 4 38 21 22 30 47 2 4 94 9 45 2 10 222 11 239 3 8 5 16 9 19 10 2 16 169 29 165 3 2 41 11 47 17 62 3 12 28 15 119 25 84 3 8 23 12 47 23 34 3 2 78 6 83 14 30 3 14 117 16 86 22 116 3 2 48 11 53 17 28 2 17 82 27 68 3 18 29 27 111 29 43 3 8 14 16 8 19 6 2 7 60 20 118 2 2 58 10 312 3 12 73 22 86 29 124 2 20 15 23 11 3 11 243 17 182 30 99 3 24 311 26 109 29 40 3 14 340 17 120 25 295 2 15 6 27 21
34 2 1 116 24 122 2 2 73 10 216 3 1 124 5 144 23 88 3 1 55 2 34 3 60 3 4 38 5 218 26 281 3 4 76 21 183 30 68 2 2 314 10 261 3 8 68 12 38 23 54 2 13 77 30 190 3 12 25 15 108 25 171 3 1 62 5 163 23 106 2 6 127 15 210 2 7 111 23 36 3 8 5 16 14 19 10 2 10 121 11 141 2 20 2 23 11 2 4 75 9 42 3 4 185 21 47 30 76 3 2 55 11 39 17 39 3 2 41 6 90 14 33 3 10 165 28 268 30 72 3 14 180 17 151 25 349 3 14 34 16 48 22 34 2 17 32 27 83 3 18 150 27 159 29 42 2 1 208 19 281 2 7 24 20 21 3 12 122 22 65 29 42 2 13 250 30 224 3 11 60 17 76 30 149 3 24 213 26 227 29 189 2 8 139 26 144 2 16 224 29 186 2 15 13 27 50
34 2 1 116 24 122 2 2 73 10 216 3 1 124 5 144 23 88 3 1 55 2 34 3 60 3 4 38 5 218 26 281 3 4 76 21 183 30 68 2 2 314 10 261 3 8 68 12 38 23 54 2 13 77 30 190 3 12 25 15 108 25 171 3 1 62 5 163 23 106 2 6 127 15 210 2 7 111 23 36 3 8 5 16 14 19 10 2 10 121 11 141 2 20 2 23 11 2 4 75 9 42 3 4 185 21 47 30 76 3 2 55 11 39 17 39 3 2 41 6 90 14 33 3 10 165 28 268 30 72 3 14 180 17 151 25 349 3 14 34 16 48 22 34 2 17 32 27 83 3 18 150 27 159 29 42 2 1 208 19 281 2 7 24 20 21 3 12 122 22 65 29 42 2 13 250 30 224 3 11 60 17 76 30 149 3 24 213 26 227 29 189 2 8 139 26 144 2 16 224 29 186 2 15 13 27 50
35 2 7 83 23 96 2 1 22 24 33 2 17 117 27 90 2 2 41 10 244 2 1 45 24 87 3 2 39 6 66 14 37 3 1 62 2 33 3 55 2 1 134 24 32 3 4 60 5 282 26 289 2 6 265 15 281 3 1 161 5 107 23 137 3 8 14 16 16 19 4 2 4 106 9 93 2 10 193 11 149 3 2 33 11 20 17 8 3 1 138 5 148 23 164 3 8 10 12 27 23 19 2 13 110 30 296 2 2 308 10 170 3 24 172 26 167 29 142 3 4 165 21 142 30 130 3 12 87 15 107 25 134 3 14 85 16 56 22 135 3 18 69 27 53 29 125 3 11 181 17 71 30 131 2 7 39 20 108 2 1 314 19 211 2 20 7 23 7 3 24 249 26 152 29 73 3 12 78 22 67 29 47 3 14 199 17 212 25 99 2 8 61 26 199 3 10 201 28 259 30 287 2 15 9 27 48 2 16 91 29 133
35 2 7 83 23 96 2 1 22 24 33 2 17 117 27 90 2 2 41 10 244 2 1 45 24 87 3 2 39 6 66 14 37 3 1 62 2 33 3 55 2 1 134 24 32 3 4 60 5 282 26 289 2 6 265 15 281 3 1 161 5 107 23 137 3 8 14 16 16 19 4 2 4 106 9 93 2 10 193 11 149 3 2 33 11 20 17 8 3 1 138 5 148 23 164 3 8 10 12 27 23 19 2 13 110 30 296 2 2 308 10 170 3 24 172 26 167 29 142 3 4 165 21 142 30 130 3 12 87 15 107 25 134 3 14 85 16 56 22 135 3 18 69 27 53 29 125 3 11 181 17 71 30 131 2 7 39 20 108 2 1 314 19 211 2 20 7 23 7 3 24 249 26 152 29 73 3 12 78 22 67 29 47 3 14 199 17 212 25 99 2 8 61 26 199 3 10 201 28 259 30 287 2 15 9 27 48 2 16 91 29 133
35 2 7 83 23 96 2 1 22 24 33 2 17 117 27 90 2 2 41 10 244 2 1 45 24 87 3 2 39 6 66 14 37 3 1 62 2 33 3 55 2 1 134 24 32 3 4 60 5 282 26 289 2 6 265 15 281 3 1 161 5 107 23 137 3 8 14 16 16 19 4 2 4 106 9 93 2 10 193 11 149 3 2 33 11 20 17 8 3 1 138 5 148 23 164 3 8 10 12 27 23 19 2 13 110 30 296 2 2 308 10 170 3 24 172 26 167 29 142 3 4 165 21 142 30 130 3 12 87 15 107 25 134 3 14 85 16 56 22 135 3 18 69 27 53 29 125 3 11 181 17 71 30 131 2 7 39 20 108 2 1 314 19 211 2 20 7 23 7 3 24 249 26 152 29 73 3 12 78 22 67 29 47 3 14 199 17 212 25 99 2 8 61 26 199 3 10 201 28 259 30 287 2 15 9 27 48 2 16 91 29 133
38 2 1 74 24 70 2 2 164 10 201 2 1 41 24 113 3 1 55 2 30 3 45 3 4 139 5 280 26 214 3 1 52 5 105 23 181 3 4 70 5 225 26 108 2 6 55 15 282 3 4 95 5 77 26 125 2 15 45 27 21 2 7 21 23 106 2 15 56 27 41 3 8 3 16 8 19 8 2 17 22 27 43 3 8 27 12 39 23 45 2 4 99 9 99 2 10 43 11 146 3 2 16 11 46 17 54 2 13 272 30 256 3 14 321 17 199 25 183 3 4 179 21 58 30 64 3 2 40 6 13 14 24 2 8 288 26 214 3 12 177 15 149 25 115 3 11 282 17 231 30 186 3 8 16 12 56 23 31 3 12 89 22 54 29 26 2 16 229 29 165 2 7 36 20 24 3 4 171 21 124 30 53 3 24 250 26 310 29 234 3 14 162 16 124 22 179 3 18 23 27 156 29 87 2 13 154 30 106 2 1 113 19 288 2 20 8 23 13 3 4 121 21 154 30 178 3 10 271 28 327 30 184
38 2 1 74 24 70 2 2 164 10 201 2 1 41 24 113 3 1 55 2 30 3 45 3 4 139 5 280 26 214 3 1 52 5 105 23 181 3 4 70 5 225 26 108 2 6 55 15 282 3 4 95 5 77 26 125 2 15 45 27 21 2 7 21 23 106 2 15 56 27 41 3 8 3 16 8 19 8 2 17 22 27 43 3 8 27 12 39 23 45 2 4 99 9 99 2 10 43 11 146 3 2 16 11 46 17 54 2 13 272 30 256 3 14 321 17 199 25 183 3 4 179 21 58 30 64 3 2 40 6 13 14 24 2 8 288 26 214 3 12 177 15 149 25 115 3 11 282 17 231 30 186 3 8 16 12 56 23 31 3 12 89 22 54 29 26 2 16 229 29 165 2 7 36 20 24 3 4 171 21 124 30 53 3 24 250 26 310 29 234 3 14 162 16 124 22 179 3 18 23 27 156 29 87 2 13 154 30 106 2 1 113 19 288 2 20 8 23 13 3 4 121 21 154 30 178 3 10 271 28 327 30 184
34 2 1 75 24 84 2 2 260 10 189 3 1 31 2 17 3 30 3 4 126 5 100 26 270 3 1 57 5 76 23 182 2 20 9 23 9 2 1 110 24 170 2 6 109 15 280 3 14 52 17 80 25 158 2 7 98 23 78 2 6 257 15 127 3 8 6 16 12 19 16 3 8 46 12 13 23 53 3 18 53 27 126 29 99 2 4 110 9 93 2 10 276 11 290 3 14 108 16 143 22 151 3 2 25 11 10 17 15 2 13 178 30 197 3 2 33 6 60 14 19 3 12 44 15 126 25 91 2 16 57 29 235 3 8 10 16 5 19 8 2 17 95 27 65 2 1 43 19 208 2 7 121 20 28 3 11 46 17 117 30 163 3 10 80 28 204 30 116 3 18 90 27 66 29 61 3 4 63 21 154 30 126 3 12 80 22 182 29 31 2 15 15 27 55 2 8 267 26 142 3 24 106 26 232 29 265
34 2 1 75 24 84 2 2 260 10 189 3 1 31 2 17 3 30 3 4 126 5 100 26 270 3 1 57 5 76 23 182 2 20 9 23 9 2 1 110 24 170 2 6 109 15 280 3 14 52 17 80 25 158 2 7 98 23 78 2 6 257 15 127 3 8 6 16 12 19 16 3 8 46 12 13 23 53 3 18 53 27 126 29 99 2 4 110 9 93 2 10 276 11 290 3 14 108 16 143 22 151 3 2 25 11 10 17 15 2 13 178 30 197 3 2 33 6 60 14 19 3 12 44 15 126 25 91 2 16 57 29 235 3 8 10 16 5 19 8 2 17 95 27 65 2 1 43 19 208 2 7 121 20 28 3 11 46 17 117 30 163 3 10 80 28 204 30 116 3 18 90 27 66 29 61 3 4 63 21 154 30 126 3 12 80 22 182 29 31 2 15 15 27 55 2 8 267 26 142 3 24 106 26 232 29 265
34 2 1 75 24 84 2 2 260 10 189 3 1 31 2 17 3 30 3 4 126 5 100 26 270 3 1 57 5 76 23 182 2 20 9 23 9 2 1 110 24 170 2 6 109 15 280 3 14 52 17 80 25 158 2 7 98 23 78 2 6 257 15 127 3 8 6 16 12 19 16 3 8 46 12 13 23 53 3 18 53 27 126 29 99 2 4 110 9 93 2 10 276 11 290 3 14 108 16 143 22 151 3 2 25 11 10 17 15 2 13 178 30 197 3 2 33 6 60 14 19 3 12 44 15 126 25 91 2 16 57 29 235 3 8 10 16 5 19 8 2 17 95 27 65 2 1 43 19 208 2 7 121 20 28 3 11 46 17 117 30 163 3 10 80 28 204 30 116 3 18 90 27 66 29 61 3 4 63 21 154 30 126 3 12 80 22 182 29 31 2 15 15 27 55 2 8 267 26 142 3 24 106 26 232 29 265
36 2 1 91 24 40 2 2 301 10 268 2 1 320 19 119 3 1 38 2 51 3 25 3 4 262 5 129 26 44 3 1 162 5 74 23 84 3 10 200 28 247 30 122 3 1 60 2 11 3 45 2 6 48 15 211 2 7 60 23 52 3 8 8 16 13 19 3 2 6 136 15 178 2 4 116 9 26 3 8 44 12 13 23 63 2 10 47 11 203 3 2 21 11 55 17 23 3 10 237 28 145 30 47 2 13 193 30 306 3 1 62 2 30 3 42 3 2 80 6 69 14 78 3 12 160 15 117 25 127 3 14 158 16 144 22 162 2 17 88 27 19 2 8 51 26 292 3 18 140 27 70 29 145 3 12 94 22 93 29 94 2 7 38 20 43 2 20 2 23 6 3 4 123 21 100 30 110 3 18 70 27 116 29 29 3 24 299 26 189 29 107 3 12 33 22 45 29 153 3 14 159 17 77 25 46 3 11 238 17 94 30 307 2 15 20 27 54 2 16 99 29 258
36 2 1 91 24 40 2 2 301 10 268 2 1 320 19 119 3 1 38 2 51 3 25 3 4 262 5 129 26 44 3 1 162 5 74 23 84 3 10 200 28 247 30 122 3 1 60 2 11 3 45 2 6 48 15 211 2 7 60 23 52 3 8 8 16 13 19 3 2 6 136 15 178 2 4 116 9 26 3 8 44 12 13 23 63 2 10 47 11 203 3 2 21 11 55 17 23 3 10 237 28 145 30 47 2 13 193 30 306 3 1 62 2 30 3 42 3 2 80 6 69 14 78 3 12 160 15 117 25 127 3 14 158 16 144 22 162 2 17 88 27 19 2 8 51 26 292 3 18 140 27 70 29 145 3 12 94 22 93 29 94 2 7 38 20 43 2 20 2 23 6 3 4 123 21 100 30 110 3 18 70 27 116 29 29 3 24 299 26 189 29 107 3 12 33 22 45 29 153 3 14 159 17 77 25 46 3 11 238 17 94 30 307 2 15 20 27 54 2 16 99 29 258
35 2 1 46 24 147 3 2 24 11 58 17 10 2 2 151 10 245 3 18 135 27 109 29 19 2 4 144 9 92 3 12 30 22 40 29 125 3 1 17 2 24 3 58 2 16 261 29 147 3 4 275 5 159 26 220 2 16 252 29 177 3 1 140 5 104 23 58 2 4 146 9 80 3 8 39 12 9 23 55 2 1 47 24 56 2 6 245 15 166 2 7 128 23 105 3 8 13 16 8 19 15 2 10 56 11 62 2 13 220 30 217 3 4 152 21 127 30 68 3 2 10 6 71 14 62 3 12 153 15 95 25 49 3 4 27 21 72 30 86 3 14 77 16 62 22 107 3 24 123 26 116 29 149 2 17 14 27 63 3 10 207 28 313 30 236 2 1 293 19 185 2 15 44 27 33 2 8 306 26 342 2 17 81 27 31 2 7 17 20 126 2 20 9 23 12 3 14 49 17 126 25 106 3 11 172 17 280 30 149
34 2 1 158 24 56 2 2 198 10 157 2 1 53 24 50 3 1 37 2 59 3 61 3 2 32 11 18 17 26 3 12 153 15 172 25 55 3 4 253 5 288 26 170 3 1 84 5 29 23 152 3 14 277 17 304 25 64 2 6 172 15 164 3 18 45 27 102 29 26 2 7 63 23 72 3 8 11 16 4 19 8 2 6 161 15 288 2 4 46 9 44 2 10 151 11 79 3 10 205 28 132 30 330 3 8 39 12 40 23 48 2 13 127 30 244 3 2 92 6 17 14 51 3 14 73 16 81 22 115 2 17 36 27 65 3 12 104 22 66 29 82 2 1 252 19 280 3 11 103 17 234 30 59 2 7 31 20 100 3 4 50 21 172 30 113 2 1 148 24 112 3 24 186 26 240 29 194 2 20 5 23 12 3 12 158 22 71 29 125 2 16 71 29 252 2 8 148 26 307 2 15 27 27 17
37 2 1 99 24 22 2 2 216 10 164 3 1 59 2 13 3 10 2 1 61 24 156 3 10 205 28 140 30 124 3 4 73 5 105 26 132 2 1 55 19 216 3 1 89 5 96 23 95 2 6 84 15 184 2 13 303 30 179 2 8 257 26 189 2 7 101 23 103 3 1 59 2 27 3 42 3 8 14 16 1 19 11 3 1 15 2 51 3 11 3 4 178 21 154 30 53 2 4 166 9 173 2 10 279 11 243 3 8 10 16 11 19 1 2 16 141 29 150 3 2 46 11 30 17 21 3 12 38 15 138 25 92 3 8 14 12 37 23 29 3 2 29 6 87 14 69 3 14 46 16 54 22 43 3 2 40 11 14 17 60 2 17 19 27 65 3 18 149 27 83 29 87 3 8 10 16 2 19 12 2 7 84 20 26 2 2 52 10 47 3 12 96 22 65 29 68 2 20 7 23 14 3 11 167 17 139 30 226 3 24 241 26 101 29 221 3 14 181 17 238 25 100 2 15 34 27 11
37 2 1 62 24 30 2 2 298 10 134 3 1 38 2 37 3 56 2 1 162 24 21 3 10 150 28 299 30 301 3 4 158 5 114 26 182 2 1 240 19 98 3 1 142 5 113 23 155 2 6 93 15 37 2 13 292 30 141 2 8 320 26 67 2 7 40 23 39 3 1 34 2 44 3 15 3 8 11 16 4 19 15 3 1 28 2 48 3 9 3 4 59 21 195 30 64 2 4 70 9 129 2 10 165 11 276 3 8 10 16 12 19 1 2 16 35 29 194 3 2 27 11 22 17 39 3 12 36 15 132 25 58 3 8 59 12 27 23 67 3 2 24 6 34 14 26 3 14 126 16 23 22 96 3 2 15 11 53 17 57 2 17 16 27 60 3 18 119 27 101 29 78 3 8 2 16 13 19 9 2 7 68 20 127 2 2 189 10 35 3 12 93 22 154 29 41 2 20 4 23 6 3 11 184 17 54 30 170 3 24 110 26 115 29 194 3 14 349 17 183 25 305 2 15 16 27 39
35 2 1 131 24 117 2 2 308 10 299 2 1 54 24 93 3 12 116 22 174 29 103 3 11 169 17 271 30 77 3 12 83 22 83 29 62 3 1 49 2 58 3 34 2 15 35 27 20 3 4 97 5 207 26 153 3 1 44 5 36 23 110 3 14 303 17 233 25 308 3 4 284 5 277 26 107 2 6 162 15 282 2 7 92 20 53 2 1 289 19 302 2 7 82 23 32 3 8 5 16 10 19 13 3 11 49 17 290 30 142 2 4 70 9 166 2 10 239 11 36 3 2 48 11 52 17 41 3 8 16 12 27 23 16 2 13 57 30 234 3 2 67 6 26 14 25 3 12 20 15 159 25 138 3 14 184 16 164 22 44 2 17 52 27 107 3 18 165 27 143 29 80 3 24 108 26 142 29 179 3 10 294 28 134 30 243 3 11 220 17 164 30 227 3 4 68 21 180 30 170 2 8 56 26 320 2 20 2 23 3 2 16 78 29 218
34 2 1 117 24 105 2 2 264 10 105 3 1 23 2 12 3 20 3 4 287 5 33 26 90 3 1 80 5 180 23 124 2 20 2 23 15 2 1 121 24 55 2 6 233 15 191 3 14 262 17 174 25 253 2 7 57 23 128 2 6 109 15 244 3 8 2 16 11 19 10 3 8 26 12 14 23 21 3 18 39 27 21 29 38 2 4 80 9 23 2 10 123 11 55 3 14 98 16 60 22 43 3 2 19 11 34 17 10 2 13 136 30 107 3 2 75 6 40 14 64 3 12 44 15 22 25 83 2 16 66 29 215 3 8 5 16 6 19 3 2 17 68 27 105 2 1 167 19 228 2 7 72 20 114 3 11 119 17 280 30 119 3 10 264 28 192 30 190 3 18 162 27 66 29 157 3 4 184 21 139 30 173 3 12 167 22 85 29 100 2 15 21 27 43 2 8 339 26 198 3 24 233 26 162 29 159
34 2 1 117 24 105 2 2 264 10 105 3 1 23 2 12 3 20 3 4 287 5 33 26 90 3 1 80 5 180 23 124 2 20 2 23 15 2 1 121 24 55 2 6 233 15 191 3 14 262 17 174 25 253 2 7 57 23 128 2 6 109 15 244 3 8 2 16 11 19 10 3 8 26 12 14 23 21 3 18 39 27 21 29 38 2 4 80 9 23 2 10 123 11 55 3 14 98 16 60 22 43 3 2 19 11 34 17 10 2 13 136 30 107 3 2 75 6 40 14 64 3 12 44 15 22 25 83 2 16 66 29 215 3 8 5 16 6 19 3 2 17 68 27 105 2 1 167 19 228 2 7 72 20 114 3 11 119 17 280 30 119 3 10 264 28 192 30 190 3 18 162 27 66 29 157 3 4 184 21 139 30 173 3 12 167 22 85 29 100 2 15 21 27 43 2 8 339 26 198 3 24 233 26 162 29 159
34 2 1 117 24 105 2 2 264 10 105 3 1 23 2 12 3 20 3 4 287 5 33 26 90 3 1 80 5 180 23 124 2 20 2 23 15 2 1 121 24 55 2 6 233 15 191 3 14 262 17 174 25 253 2 7 57 23 128 2 6 109 15 244 3 8 2 16 11 19 10 3 8 26 12 14 23 21 3 18 39 27 21 29 38 2 4 80 9 23 2 10 123 11 55 3 14 98 16 60 22 43 3 2 19 11 34 17 10 2 13 136 30 107 3 2 75 6 40 14 64 3 12 44 15 22 25 83 2 16 66 29 215 3 8 5 16 6 19 3 2 17 68 27 105 2 1 167 19 228 2 7 72 20 114 3 11 119 17 280 30 119 3 10 264 28 192 30 190 3 18 162 27 66 29 157 3 4 184 21 139 30 173 3 12 167 22 85 29 100 2 15 21 27 43 2 8 339 26 198 3 24 233 26 162 29 159
36 2 1 128 24 66 2 2 279 10 127 3 1 50 2 35 3 40 2 1 166 24 155 3 2 20 11 9 17 8 3 4 127 5 266 26 147 3 1 172 5 50 23 39 2 6 276 15 43 2 1 29 24 68 2 7 85 23 111 3 8 4 16 13 19 5 2 8 242 26 169 2 1 137 24 92 2 4 136 9 107 2 10 216 11 243 3 10 120 28 328 30 44 3 8 63 12 37 23 13 2 13 116 30 308 3 18 122 27 141 29 164 3 2 24 6 49 14 42 3 12 39 15 100 25 76 2 7 93 20 70 2 16 193 29 32 3 8 7 16 11 19 12 3 14 181 16 114 22 55 2 17 68 27 14 3 8 4 16 8 19 7 2 1 275 19 101 3 4 91 21 151 30 190 3 12 152 22 60 29 108 2 17 110 27 122 2 20 16 23 9 3 14 83 17 267 25 200 3 24 227 26 292 29 114 3 11 129 17 232 30 52 2 15 33 27 50
36 2 1 128 24 66 2 2 279 10 127 3 1 50 2 35 3 40 2 1 166 24 155 3 2 20 11 9 17 8 3 4 127 5 266 26 147 3 1 172 5 50 23 39 2 6 276 15 43 2 1 29 24 68 2 7 85 23 111 3 8 4 16 13 19 5 2 8 242 26 169 2 1 137 24 92 2 4 136 9 107 2 10 216 11 243 3 10 120 28 328 30 44 3 8 63 12 37 23 13 2 13 116 30 308 3 18 122 27 141 29 164 3 2 24 6 49 14 42 3 12 39 15 100 25 76 2 7 93 20 70 2 16 193 29 32 3 8 7 16 11 19 12 3 14 181 16 114 22 55 2 17 68 27 14 3 8 4 16 8 19 7 2 1 275 19 101 3 4 91 21 151 30 190 3 12 152 22 60 29 108 2 17 110 27 122 2 20 16 23 9 3 14 83 17 267 25 200 3 24 227 26 292 29 114 3 11 129 17 232 30 52 2 15 33 27 50
36 2 1 128 24 159 2 2 141 10 69 3 1 14 2 61 3 40 2 1 105 24 96 3 2 32 11 32 17 51 3 4 174 5 220 26 156 3 1 61 5 88 23 176 2 6 244 15 81 2 1 170 24 74 2 7 120 23 96 3 8 8 16 9 19 7 2 8 316 26 343 2 1 102 24 34 2 4 72 9 152 2 10 97 11 217 3 10 42 28 143 30 65 3 8 40 12 44 23 54 2 13 60 30 309 3 18 141 27 112 29 66 3 2 25 6 22 14 94 3 12 128 15 35 25 165 2 7 16 20 101 2 16 259 29 134 3 8 15 16 2 19 6 3 14 153 16 96 22 187 2 17 95 27 65 3 8 9 16 7 19 7 2 1 160 19 37 3 4 93 21 142 30 192 3 12 128 22 86 29 35 2 17 35 27 87 2 20 12 23 13 3 14 103 17 74 25 135 3 24 148 26 55 29 286 3 11 281 17 97 30 81 2 15 25 27 8
38 2 1 69 24 137 2 2 186 10 38 2 1 149 24 82 3 1 13 2 30 3 31 3 4 215 5 219 26 161 3 1 29 5 73 23 69 3 4 272 5 252 26 92 2 6 243 15 94 3 4 177 5 64 26 112 2 15 49 27 24 2 7 102 23 29 2 15 53 27 20 3 8 3 16 6 19 15 2 17 61 27 42 3 8 52 12 22 23 49 2 4 170 9 189 2 10 183 11 247 3 2 28 11 51 17 31 2 13 37 30 150 3 14 156 17 252 25 158 3 4 158 21 44 30 60 3 2 69 6 27 14 80 2 8 252 26 68 3 12 37 15 82 25 140 3 11 180 17 212 30 249 3 8 65 12 41 23 56 3 12 107 22 102 29 120 2 16 108 29 33 2 7 35 20 16 3 4 81 21 127 30 172 3 24 173 26 265 29 227 3 14 30 16 126 22 188 3 18 88 27 80 29 51 2 13 314 30 81 2 1 158 19 46 2 20 15 23 14 3 4 195 21 42 30 113 3 10 87 28 210 30 277
38 2 1 69 24 137 2 2 186 10 38 2 1 149 24 82 3 1 13 2 30 3 31 3 4 215 5 219 26 161 3 1 29 5 73 23 69 3 4 272 5 252 26 92 2 6 243 15 94 3 4 177 5 64 26 112 2 15 49 27 24 2 7 102 23 29 2 15 53 27 20 3 8 3 16 6 19 15 2 17 61 27 42 3 8 52 12 22 23 49 2 4 170 9 189 2 10 183 11 247 3 2 28 11 51 17 31 2 13 37 30 150 3 14 156 17 252 25 158 3 4 158 21 44 30 60 3 2 69 6 27 14 80 2 8 252 26 68 3 12 37 15 82 25 140 3 11 180 17 212 30 249 3 8 65 12 41 23 56 3 12 107 22 102 29 120 2 16 108 29 33 2 7 35 20 16 3 4 81 21 127 30 172 3 24 173 26 265 29 227 3 14 30 16 126 22 188 3 18 88 27 80 29 51 2 13 314 30 81 2 1 158 19 46 2 20 15 23 14 3 4 195 21 42 30 113 3 10 87 28 210 30 277
34 2 1 115 24 156 2 2 185 10 174 3 1 96 5 119 23 162 3 1 14 2 39 3 40 3 4 61 5 101 26 263 3 4 36 21 112 30 163 2 2 309 10 107 3 8 30 12 26 23 32 2 13 231 30 297 3 12 65 15 84 25 101 3 1 99 5 34 23 88 2 6 286 15 233 2 7 103 23 48 3 8 14 16 9 19 9 2 10 50 11 79 2 20 10 23 7 2 4 46 9 43 3 4 122 21 71 30 60 3 2 27 11 46 17 28 3 2 44 6 40 14 78 3 10 157 28 53 30 233 3 14 305 17 355 25 313 3 14 66 16 67 22 179 2 17 71 27 115 3 18 109 27 159 29 157 2 1 138 19 58 2 7 97 20 102 3 12 146 22 157 29 131 2 13 75 30 179 3 11 113 17 267 30 68 3 24 54 26 171 29 54 2 8 197 26 250 2 16 49 29 209 2 15 37 27 22
36 2 1 45 24 56 2 2 155 10 125 3 1 24 2 47 3 14 2 1 124 24 122 3 2 28 11 51 17 37 3 4 167 5 239 26 193 3 1 54 5 64 23 67 2 6 211 15 174 2 1 148 24 38 2 7 114 23 123 3 8 5 16 11 19 6 2 8 200 26 215 2 1 147 24 33 2 4 48 9 182 2 10 268 11 192 3 10 311 28 220 30 130 3 8 9 12 17 23 48 2 13 126 30 171 3 18 150 27 150 29 150 3 2 29 6 23 14 76 3 12 105 15 77 25 48 2 7 32 20 117 2 16 250 29 258 3 8 12 16 12 19 11 3 14 73 16 126 22 118 2 17 121 27 39 3 8 10 16 3 19 10 2 1 90 19 228 3 4 141 21 147 30 24 3 12 140 22 169 29 104 2 17 65 27 100 2 20 8 23 6 3 14 229 17 55 25 91 3 24 196 26 126 29 159 3 11 265 17 187 30 164 2 15 24 27 46
35 3 18 65 27 81 29 73 2 1 52 24 45 3 12 171 22 42 29 115 3 18 163 27 161 29 143 2 2 113 10 79 3 24 250 26 220 29 164 3 1 22 2 23 3 15 2 2 89 10 205 3 4 274 5 210 26 168 2 1 91 24 22 3 1 39 5 158 23 73 2 6 194 15 95 2 7 67 23 119 3 1 47 5 50 23 42 3 8 9 16 13 19 2 3 2 89 6 66 14 18 3 1 70 5 90 23 119 2 4 122 9 170 2 1 67 19 270 2 10 58 11 101 3 2 11 11 56 17 20 3 8 8 12 47 23 59 2 13 142 30 244 3 12 50 15 165 25 130 3 10 191 28 74 30 116 3 14 163 16 24 22 98 2 17 79 27 101 2 7 85 20 117 3 4 134 21 197 30 146 3 11 69 17 88 30 78 2 20 8 23 2 2 8 213 26 99 2 15 51 27 12 3 14 102 17 152 25 88 2 16 55 29 195
DUE_DATES: 6451 6451 6286 7655 7655 7229 7229 7229 7933 7933 7933 6181 7717 7717 6731 6731 7518 7321 6518 6518 6936 6936 7061 7061 7395 7395 7395 8099 8099 6671 6671 6671 7141 7141 7257 7091 6415 6440 8077 6675 6675 6675 7086 7086 6636 7334 7334 7040 7028 6326
WEIGHTS: 2 3 3 3 2 2 3 2 2 2 3 3 1 2 3 2 1 2 1 1 3 2 2 3 2 1 3 3 1 2 1 2 3 1 1 2 1 2 1 1 3 1 1 3 1 3 1 1 1 1
