50 30
35 3 1 40 22 47 26 13 3 6 1 7 3 9 2 3 2 22 11 96 14 15 3 6 2 7 4 9 4 2 3 354 17 222 2 19 108 28 98 3 1 38 22 7 26 54 3 12 57 14 163 29 162 2 4 79 21 308 2 19 118 28 124 2 3 56 27 134 3 1 13 22 11 26 43 3 5 125 8 75 29 152 2 3 123 17 192 3 6 63 23 307 28 334 2 7 253 26 50 3 8 46 23 164 26 123 1 10 110 2 4 65 21 47 3 11 92 18 34 23 34 3 12 77 23 67 24 67 3 2 52 13 47 15 17 2 12 20 14 13 3 1 197 4 87 24 220 2 14 135 15 71 3 1 261 10 200 26 176 2 15 56 23 26 3 1 145 3 227 17 206 3 3 54 18 65 28 21 3 7 41 16 53 17 39 2 4 280 22 54 2 16 130 25 62 3 17 28 27 33 28 16 2 5 209 20 187 2 20 220 30 145
34 3 1 33 22 35 26 40 3 11 106 18 26 23 133 3 6 100 23 245 28 118 3 1 26 22 25 26 56 3 8 198 23 62 26 118 3 2 69 11 94 14 42 3 3 66 18 73 28 56 2 3 96 17 284 2 4 229 21 154 3 6 139 23 213 28 281 3 5 121 8 75 29 32 2 5 209 20 35 3 1 97 3 158 17 235 2 4 203 22 64 2 7 225 26 69 3 6 3 7 5 9 2 2 16 59 25 86 1 10 33 3 12 161 23 104 24 162 3 2 47 13 12 15 26 2 12 3 14 4 2 14 125 15 123 3 1 197 4 247 24 130 3 12 214 14 29 29 179 3 7 234 16 118 17 157 2 19 106 28 83 3 5 115 8 63 29 110 2 4 89 21 81 2 15 49 23 50 2 3 274 27 214 2 16 41 25 133 3 1 176 10 42 26 208 3 17 69 27 18 28 67 2 20 58 30 192
37 3 1 47 22 31 26 20 3 2 87 11 66 14 37 2 4 85 21 46 3 1 13 22 21 26 45 2 3 76 17 281 2 4 55 21 241 3 5 93 8 137 29 147 3 6 310 23 322 28 275 2 7 181 26 259 2 4 62 21 19 3 8 107 23 156 26 183 3 5 117 8 122 29 136 3 6 3 7 2 9 1 2 15 55 23 58 2 12 13 14 20 1 10 128 3 1 181 10 153 26 44 3 11 81 18 148 23 181 3 5 20 8 20 29 138 3 12 68 23 76 24 107 3 3 94 18 49 28 101 3 2 14 13 45 15 29 3 17 28 27 48 28 48 3 1 159 3 105 17 93 2 14 106 15 37 3 7 228 16 159 17 182 2 3 146 17 63 2 19 98 28 45 2 4 212 22 70 3 2 91 11 93 14 89 3 12 239 14 190 29 73 2 5 162 20 215 3 1 208 4 271 24 265 2 16 49 25 62 3 6 336 23 309 28 63 2 3 256 27 103 2 20 164 30 37
37 3 1 47 22 31 26 20 3 2 87 11 66 14 37 2 4 85 21 46 3 1 13 22 21 26 45 2 3 76 17 281 2 4 55 21 241 3 5 93 8 137 29 147 3 6 310 23 322 28 275 2 7 181 26 259 2 4 62 21 19 3 8 107 23 156 26 183 3 5 117 8 122 29 136 3 6 3 7 2 9 1 2 15 55 23 58 2 12 13 14 20 1 10 128 3 1 181 10 153 26 44 3 11 81 18 148 23 181 3 5 20 8 20 29 138 3 12 68 23 76 24 107 3 3 94 18 49 28 101 3 2 14 13 45 15 29 3 17 28 27 48 28 48 3 1 159 3 105 17 93 2 14 106 15 37 3 7 228 16 159 17 182 2 3 146 17 63 2 19 98 28 45 2 4 212 22 70 3 2 91 11 93 14 89 3 12 239 14 190 29 73 2 5 162 20 215 3 1 208 4 271 24 265 2 16 49 25 62 3 6 336 23 309 28 63 2 3 256 27 103 2 20 164 30 37
35 3 1 12 22 51 26 7 3 2 38 11 47 14 56 2 3 185 17 120 2 4 216 21 233 3 1 19 22 56 26 57 2 5 62 20 209 3 5 96 8 29 29 109 3 6 236 23 258 28 246 2 7 222 26 243 2 4 286 21 309 3 8 68 23 346 26 342 3 6 4 7 2 9 4 1 10 21 2 16 58 25 33 2 20 105 30 250 3 5 61 8 106 29 60 3 1 225 10 147 26 219 3 3 122 18 68 28 14 3 11 89 18 94 23 109 3 1 48 3 152 17 125 3 12 154 23 23 24 59 3 2 74 11 63 14 94 3 2 33 13 19 15 44 3 12 142 14 179 29 49 2 12 13 14 12 2 14 30 15 64 3 7 279 16 272 17 239 3 1 125 3 99 17 54 2 19 102 28 107 2 4 48 21 89 2 4 73 22 252 2 15 83 23 62 3 1 70 4 86 24 36 2 3 214 27 249 3 17 61 27 66 28 77
37 3 1 53 22 12 26 18 3 2 39 11 23 14 78 2 4 78 21 78 3 1 49 22 34 26 50 2 3 326 17 196 2 4 170 21 154 3 5 45 8 65 29 110 3 6 193 23 329 28 78 2 7 107 26 186 2 4 76 21 22 3 8 61 23 133 26 119 3 5 85 8 120 29 40 3 6 2 7 3 9 1 2 15 59 23 10 2 12 26 14 13 1 10 102 3 1 175 10 154 26 123 3 11 45 18 72 23 119 3 5 63 8 44 29 141 3 12 147 23 54 24 53 3 3 95 18 99 28 48 3 2 29 13 18 15 22 3 17 71 27 55 28 29 3 1 181 3 58 17 154 2 14 52 15 168 3 7 81 16 134 17 273 2 3 334 17 168 2 19 44 28 73 2 4 184 22 123 3 2 66 11 59 14 39 3 12 190 14 140 29 65 2 5 133 20 30 3 1 72 4 57 24 72 2 16 131 25 95 3 6 311 23 186 28 223 2 3 300 27 53 2 20 88 30 36
37 3 1 53 22 12 26 18 3 2 39 11 23 14 78 2 4 78 21 78 3 1 49 22 34 26 50 2 3 326 17 196 2 4 170 21 154 3 5 45 8 65 29 110 3 6 193 23 329 28 78 2 7 107 26 186 2 4 76 21 22 3 8 61 23 133 26 119 3 5 85 8 120 29 40 3 6 2 7 3 9 1 2 15 59 23 10 2 12 26 14 13 1 10 102 3 1 175 10 154 26 123 3 11 45 18 72 23 119 3 5 63 8 44 29 141 3 12 147 23 54 24 53 3 3 95 18 99 28 48 3 2 29 13 18 15 22 3 17 71 27 55 28 29 3 1 181 3 58 17 154 2 14 52 15 168 3 7 81 16 134 17 273 2 3 334 17 168 2 19 44 28 73 2 4 184 22 123 3 2 66 11 59 14 39 3 12 190 14 140 29 65 2 5 133 20 30 3 1 72 4 57 24 72 2 16 131 25 95 3 6 311 23 186 28 223 2 3 300 27 53 2 20 88 30 36
37 3 1 53 22 12 26 18 3 2 39 11 23 14 78 2 4 78 21 78 3 1 49 22 34 26 50 2 3 326 17 196 2 4 170 21 154 3 5 45 8 65 29 110 3 6 193 23 329 28 78 2 7 107 26 186 2 4 76 21 22 3 8 61 23 133 26 119 3 5 85 8 120 29 40 3 6 2 7 3 9 1 2 15 59 23 10 2 12 26 14 13 1 10 102 3 1 175 10 154 26 123 3 11 45 18 72 23 119 3 5 63 8 44 29 141 3 12 147 23 54 24 53 3 3 95 18 99 28 48 3 2 29 13 18 15 22 3 17 71 27 55 28 29 3 1 181 3 58 17 154 2 14 52 15 168 3 7 81 16 134 17 273 2 3 334 17 168 2 19 44 28 73 2 4 184 22 123 3 2 66 11 59 14 39 3 12 190 14 140 29 65 2 5 133 20 30 3 1 72 4 57 24 72 2 16 131 25 95 3 6 311 23 186 28 223 2 3 300 27 53 2 20 88 30 36
39 2 20 67 30 38 3 1 45 22 25 26 7 2 20 188 30 165 3 5 82 8 79 29 35 3 2 64 11 27 14 38 2 3 77 17 123 3 1 33 22 7 26 31 2 4 307 21 116 2 19 81 28 78 1 10 124 3 6 251 23 314 28 222 3 2 89 11 54 14 87 2 7 288 26 106 3 8 93 23 174 26 259 3 2 70 11 29 14 77 3 6 4 7 4 9 2 3 17 70 27 71 28 78 3 7 195 16 40 17 106 3 11 79 18 70 23 173 3 2 19 11 62 14 80 3 12 62 23 179 24 27 2 15 69 23 74 3 6 157 23 227 28 277 3 1 54 4 149 24 246 3 2 49 13 15 15 43 2 5 192 20 42 3 12 173 23 117 24 109 2 12 23 14 5 2 14 51 15 111 2 3 163 27 82 3 1 91 3 123 17 256 3 3 117 18 100 28 42 3 8 228 23 47 26 146 2 4 60 21 10 2 4 251 22 136 2 16 63 25 133 3 1 117 10 216 26 52 3 8 255 23 304 26 80 3 12 165 14 152 29 76
37 3 1 42 22 46 26 22 3 2 45 11 13 14 47 2 3 103 17 313 2 4 121 21 155 3 5 66 8 78 29 35 3 6 42 23 192 28 186 3 5 118 8 132 29 26 2 7 34 26 238 3 8 275 23 196 26 100 3 6 2 7 4 9 2 3 5 81 8 115 29 60 2 3 310 27 250 1 10 75 3 2 36 13 13 15 33 3 11 34 18 170 23 40 3 12 66 23 80 24 134 3 3 71 18 98 28 33 3 1 227 10 229 26 130 2 3 63 27 295 2 5 207 20 187 2 3 229 27 325 2 12 25 14 25 2 15 20 23 55 2 14 50 15 61 1 10 30 3 7 267 16 70 17 51 3 1 149 3 198 17 119 3 7 293 16 242 17 48 2 19 68 28 120 2 4 74 21 18 3 1 29 22 20 26 28 2 4 152 22 94 3 1 263 4 86 24 204 2 16 62 25 127 3 17 27 27 32 28 18 3 12 119 14 54 29 197 2 20 181 30 38
37 3 1 42 22 46 26 22 3 2 45 11 13 14 47 2 3 103 17 313 2 4 121 21 155 3 5 66 8 78 29 35 3 6 42 23 192 28 186 3 5 118 8 132 29 26 2 7 34 26 238 3 8 275 23 196 26 100 3 6 2 7 4 9 2 3 5 81 8 115 29 60 2 3 310 27 250 1 10 75 3 2 36 13 13 15 33 3 11 34 18 170 23 40 3 12 66 23 80 24 134 3 3 71 18 98 28 33 3 1 227 10 229 26 130 2 3 63 27 295 2 5 207 20 187 2 3 229 27 325 2 12 25 14 25 2 15 20 23 55 2 14 50 15 61 1 10 30 3 7 267 16 70 17 51 3 1 149 3 198 17 119 3 7 293 16 242 17 48 2 19 68 28 120 2 4 74 21 18 3 1 29 22 20 26 28 2 4 152 22 94 3 1 263 4 86 24 204 2 16 62 25 127 3 17 27 27 32 28 18 3 12 119 14 54 29 197 2 20 181 30 38
36 3 3 120 18 16 28 83 2 4 96 21 115 3 1 38 22 47 26 17 3 12 27 23 101 24 103 3 3 88 18 68 28 58 2 3 207 27 99 2 4 49 22 177 3 2 80 11 50 14 79 2 3 148 17 142 3 12 184 23 61 24 176 3 5 89 8 93 29 78 3 2 6 13 22 15 21 2 19 100 28 100 3 6 263 23 53 28 45 2 7 192 26 116 2 3 267 27 116 3 8 291 23 68 26 230 3 6 1 7 3 9 2 3 1 19 22 56 26 47 1 10 60 3 11 71 18 144 23 148 2 12 14 14 11 2 14 97 15 55 2 20 252 30 89 3 7 264 16 132 17 267 3 1 93 3 183 17 196 2 5 150 20 50 2 4 39 21 81 3 6 2 7 4 9 3 3 17 26 27 79 28 19 2 15 19 23 67 3 1 157 4 243 24 180 2 16 69 25 85 3 12 159 14 239 29 231 3 7 177 16 164 17 203 3 1 40 10 178 26 200
36 3 3 120 18 16 28 83 2 4 96 21 115 3 1 38 22 47 26 17 3 12 27 23 101 24 103 3 3 88 18 68 28 58 2 3 207 27 99 2 4 49 22 177 3 2 80 11 50 14 79 2 3 148 17 142 3 12 184 23 61 24 176 3 5 89 8 93 29 78 3 2 6 13 22 15 21 2 19 100 28 100 3 6 263 23 53 28 45 2 7 192 26 116 2 3 267 27 116 3 8 291 23 68 26 230 3 6 1 7 3 9 2 3 1 19 22 56 26 47 1 10 60 3 11 71 18 144 23 148 2 12 14 14 11 2 14 97 15 55 2 20 252 30 89 3 7 264 16 132 17 267 3 1 93 3 183 17 196 2 5 150 20 50 2 4 39 21 81 3 6 2 7 4 9 3 3 17 26 27 79 28 19 2 15 19 23 67 3 1 157 4 243 24 180 2 16 69 25 85 3 12 159 14 239 29 231 3 7 177 16 164 17 203 3 1 40 10 178 26 200
36 3 3 120 18 16 28 83 2 4 96 21 115 3 1 38 22 47 26 17 3 12 27 23 101 24 103 3 3 88 18 68 28 58 2 3 207 27 99 2 4 49 22 177 3 2 80 11 50 14 79 2 3 148 17 142 3 12 184 23 61 24 176 3 5 89 8 93 29 78 3 2 6 13 22 15 21 2 19 100 28 100 3 6 263 23 53 28 45 2 7 192 26 116 2 3 267 27 116 3 8 291 23 68 26 230 3 6 1 7 3 9 2 3 1 19 22 56 26 47 1 10 60 3 11 71 18 144 23 148 2 12 14 14 11 2 14 97 15 55 2 20 252 30 89 3 7 264 16 132 17 267 3 1 93 3 183 17 196 2 5 150 20 50 2 4 39 21 81 3 6 2 7 4 9 3 3 17 26 27 79 28 19 2 15 19 23 67 3 1 157 4 243 24 180 2 16 69 25 85 3 12 159 14 239 29 231 3 7 177 16 164 17 203 3 1 40 10 178 26 200
36 3 3 120 18 16 28 83 2 4 96 21 115 3 1 38 22 47 26 17 3 12 27 23 101 24 103 3 3 88 18 68 28 58 2 3 207 27 99 2 4 49 22 177 3 2 80 11 50 14 79 2 3 148 17 142 3 12 184 23 61 24 176 3 5 89 8 93 29 78 3 2 6 13 22 15 21 2 19 100 28 100 3 6 263 23 53 28 45 2 7 192 26 116 2 3 267 27 116 3 8 291 23 68 26 230 3 6 1 7 3 9 2 3 1 19 22 56 26 47 1 10 60 3 11 71 18 144 23 148 2 12 14 14 11 2 14 97 15 55 2 20 252 30 89 3 7 264 16 132 17 267 3 1 93 3 183 17 196 2 5 150 20 50 2 4 39 21 81 3 6 2 7 4 9 3 3 17 26 27 79 28 19 2 15 19 23 67 3 1 157 4 243 24 180 2 16 69 25 85 3 12 159 14 239 29 231 3 7 177 16 164 17 203 3 1 40 10 178 26 200
39 2 20 39 30 169 3 1 49 22 47 26 21 2 20 106 30 203 3 5 77 8 142 29 55 3 2 77 11 84 14 75 2 3 246 17 230 3 1 28 22 18 26 52 2 4 77 21 271 2 19 58 28 23 1 10 103 3 6 89 23 244 28 103 3 2 28 11 96 14 94 2 7 167 26 114 3 8 176 23 161 26 245 3 2 89 11 54 14 12 3 6 3 7 1 9 4 3 17 77 27 55 28 58 3 7 155 16 220 17 266 3 11 178 18 124 23 169 3 2 73 11 17 14 37 3 12 112 23 172 24 36 2 15 66 23 41 3 6 285 23 345 28 303 3 1 203 4 206 24 76 3 2 33 13 23 15 25 2 5 191 20 154 3 12 125 23 139 24 40 2 12 8 14 17 2 14 96 15 123 2 3 161 27 303 3 1 98 3 273 17 169 3 3 54 18 62 28 58 3 8 130 23 318 26 253 2 4 26 21 16 2 4 203 22 145 2 16 132 25 58 3 1 174 10 76 26 222 3 8 155 23 195 26 56 3 12 165 14 247 29 32
36 3 3 63 18 64 28 84 2 4 157 21 222 3 1 47 22 21 26 50 3 12 68 23 71 24 41 3 3 55 18 15 28 27 2 3 245 27 43 2 4 69 22 52 3 2 85 11 95 14 91 2 3 344 17 181 3 12 60 23 26 24 128 3 5 72 8 152 29 71 3 2 44 13 16 15 47 2 19 84 28 39 3 6 202 23 298 28 303 2 7 165 26 149 2 3 165 27 54 3 8 209 23 203 26 255 3 6 2 7 2 9 3 3 1 30 22 24 26 35 1 10 71 3 11 179 18 137 23 72 2 12 13 14 24 2 14 135 15 155 2 20 167 30 198 3 7 242 16 180 17 133 3 1 268 3 228 17 259 2 5 37 20 72 2 4 39 21 73 3 6 3 7 1 9 5 3 17 34 27 36 28 26 2 15 11 23 37 3 1 194 4 97 24 223 2 16 125 25 96 3 12 73 14 113 29 202 3 7 215 16 150 17 219 3 1 71 10 162 26 57
36 3 1 12 22 24 26 49 3 2 88 11 22 14 28 2 3 134 17 332 2 4 196 21 211 3 1 192 10 255 26 89 3 5 131 8 75 29 69 3 6 136 23 279 28 155 3 1 57 10 233 26 259 2 7 261 26 41 2 4 144 21 162 3 8 109 23 257 26 211 2 7 224 26 145 3 6 3 7 2 9 3 1 10 99 3 11 65 18 82 23 138 1 10 132 2 3 62 27 171 3 12 84 23 134 24 88 2 14 91 15 123 3 2 54 13 10 15 7 2 12 6 14 24 3 7 290 16 198 17 43 2 16 94 25 120 3 1 57 22 7 26 17 3 1 286 3 67 17 145 3 3 79 18 95 28 43 2 19 67 28 101 2 5 78 20 234 2 15 31 23 43 2 4 18 21 19 3 3 21 18 31 28 39 2 4 174 22 273 3 1 159 4 65 24 71 3 17 10 27 31 28 74 3 12 113 14 129 29 54 2 20 194 30 169
36 3 1 12 22 24 26 49 3 2 88 11 22 14 28 2 3 134 17 332 2 4 196 21 211 3 1 192 10 255 26 89 3 5 131 8 75 29 69 3 6 136 23 279 28 155 3 1 57 10 233 26 259 2 7 261 26 41 2 4 144 21 162 3 8 109 23 257 26 211 2 7 224 26 145 3 6 3 7 2 9 3 1 10 99 3 11 65 18 82 23 138 1 10 132 2 3 62 27 171 3 12 84 23 134 24 88 2 14 91 15 123 3 2 54 13 10 15 7 2 12 6 14 24 3 7 290 16 198 17 43 2 16 94 25 120 3 1 57 22 7 26 17 3 1 286 3 67 17 145 3 3 79 18 95 28 43 2 19 67 28 101 2 5 78 20 234 2 15 31 23 43 2 4 18 21 19 3 3 21 18 31 28 39 2 4 174 22 273 3 1 159 4 65 24 71 3 17 10 27 31 28 74 3 12 113 14 129 29 54 2 20 194 30 169
36 3 1 12 22 24 26 49 3 2 88 11 22 14 28 2 3 134 17 332 2 4 196 21 211 3 1 192 10 255 26 89 3 5 131 8 75 29 69 3 6 136 23 279 28 155 3 1 57 10 233 26 259 2 7 261 26 41 2 4 144 21 162 3 8 109 23 257 26 211 2 7 224 26 145 3 6 3 7 2 9 3 1 10 99 3 11 65 18 82 23 138 1 10 132 2 3 62 27 171 3 12 84 23 134 24 88 2 14 91 15 123 3 2 54 13 10 15 7 2 12 6 14 24 3 7 290 16 198 17 43 2 16 94 25 120 3 1 57 22 7 26 17 3 1 286 3 67 17 145 3 3 79 18 95 28 43 2 19 67 28 101 2 5 78 20 234 2 15 31 23 43 2 4 18 21 19 3 3 21 18 31 28 39 2 4 174 22 273 3 1 159 4 65 24 71 3 17 10 27 31 28 74 3 12 113 14 129 29 54 2 20 194 30 169
36 3 1 13 22 47 26 8 2 4 72 21 69 3 2 39 11 65 14 72 2 3 325 17 111 2 4 300 21 189 3 5 142 8 40 29 137 3 2 30 11 98 14 84 3 6 337 23 161 28 273 2 7 283 26 252 3 12 113 14 216 29 103 2 15 83 23 83 2 4 181 21 265 3 8 302 23 104 26 207 3 6 4 7 3 9 1 1 10 115 3 11 174 18 156 23 109 3 12 52 23 43 24 164 2 7 32 26 109 2 5 158 20 76 3 11 25 18 183 23 31 2 4 249 22 221 3 2 53 13 13 15 8 3 12 155 14 32 29 190 2 20 207 30 218 2 12 16 14 13 2 3 66 27 101 2 14 157 15 107 3 7 286 16 221 17 126 3 17 82 27 81 28 55 3 1 35 3 211 17 181 3 1 261 10 74 26 188 3 2 18 13 20 15 9 3 3 56 18 26 28 45 2 19 66 28 93 3 1 36 4 251 24 31 2 16 16 25 71
36 3 1 13 22 47 26 8 2 4 72 21 69 3 2 39 11 65 14 72 2 3 325 17 111 2 4 300 21 189 3 5 142 8 40 29 137 3 2 30 11 98 14 84 3 6 337 23 161 28 273 2 7 283 26 252 3 12 113 14 216 29 103 2 15 83 23 83 2 4 181 21 265 3 8 302 23 104 26 207 3 6 4 7 3 9 1 1 10 115 3 11 174 18 156 23 109 3 12 52 23 43 24 164 2 7 32 26 109 2 5 158 20 76 3 11 25 18 183 23 31 2 4 249 22 221 3 2 53 13 13 15 8 3 12 155 14 32 29 190 2 20 207 30 218 2 12 16 14 13 2 3 66 27 101 2 14 157 15 107 3 7 286 16 221 17 126 3 17 82 27 81 28 55 3 1 35 3 211 17 181 3 1 261 10 74 26 188 3 2 18 13 20 15 9 3 3 56 18 26 28 45 2 19 66 28 93 3 1 36 4 251 24 31 2 16 16 25 71
38 3 1 29 22 28 26 9 2 4 289 22 175 3 1 12 22 33 26 32 3 2 22 11 49 14 94 3 8 210 23 69 26 315 3 1 53 22 42 26 26 2 3 236 17 344 2 4 145 21 78 3 5 144 8 137 29 96 2 4 85 21 70 3 1 242 3 215 17 139 3 6 294 23 248 28 285 2 7 220 26 192 2 14 168 15 29 3 5 140 8 23 29 25 3 6 2 7 1 9 1 3 11 140 18 88 23 49 2 20 50 30 212 2 15 41 23 71 1 10 37 3 11 25 18 86 23 179 2 12 16 14 21 3 12 179 23 61 24 126 3 2 25 13 25 15 7 3 1 223 4 68 24 61 3 11 30 18 75 23 78 3 7 76 16 204 17 106 3 3 36 18 119 28 120 2 4 168 22 88 2 19 38 28 26 3 1 95 10 169 26 137 2 5 228 20 247 2 4 280 21 243 2 3 239 27 276 2 4 290 22 202 3 17 66 27 12 28 39 2 16 44 25 50 3 12 61 14 202 29 39
38 3 1 29 22 28 26 9 2 4 289 22 175 3 1 12 22 33 26 32 3 2 22 11 49 14 94 3 8 210 23 69 26 315 3 1 53 22 42 26 26 2 3 236 17 344 2 4 145 21 78 3 5 144 8 137 29 96 2 4 85 21 70 3 1 242 3 215 17 139 3 6 294 23 248 28 285 2 7 220 26 192 2 14 168 15 29 3 5 140 8 23 29 25 3 6 2 7 1 9 1 3 11 140 18 88 23 49 2 20 50 30 212 2 15 41 23 71 1 10 37 3 11 25 18 86 23 179 2 12 16 14 21 3 12 179 23 61 24 126 3 2 25 13 25 15 7 3 1 223 4 68 24 61 3 11 30 18 75 23 78 3 7 76 16 204 17 106 3 3 36 18 119 28 120 2 4 168 22 88 2 19 38 28 26 3 1 95 10 169 26 137 2 5 228 20 247 2 4 280 21 243 2 3 239 27 276 2 4 290 22 202 3 17 66 27 12 28 39 2 16 44 25 50 3 12 61 14 202 29 39
36 3 1 48 22 32 26 49 2 4 11 21 55 3 2 26 11 78 14 83 2 3 138 17 111 2 4 234 21 61 3 5 66 8 55 29 121 3 2 98 11 96 14 76 3 6 260 23 156 28 101 2 7 79 26 258 3 12 88 14 199 29 168 2 15 69 23 17 2 4 199 21 117 3 8 177 23 50 26 108 3 6 3 7 4 9 4 1 10 22 3 11 183 18 134 23 107 3 12 37 23 67 24 60 2 7 79 26 258 2 5 188 20 185 3 11 160 18 50 23 66 2 4 201 22 185 3 2 31 13 47 15 34 3 12 194 14 49 29 153 2 20 96 30 133 2 12 18 14 24 2 3 85 27 92 2 14 93 15 89 3 7 286 16 71 17 145 3 17 63 27 37 28 77 3 1 273 3 152 17 254 3 1 202 10 42 26 101 3 2 21 13 45 15 14 3 3 83 18 34 28 88 2 19 102 28 54 3 1 102 4 96 24 186 2 16 36 25 31
38 3 1 48 22 27 26 12 2 4 230 22 176 3 1 58 22 15 26 35 3 2 39 11 61 14 40 3 8 122 23 249 26 133 3 1 46 22 16 26 31 2 3 273 17 223 2 4 202 21 59 3 5 27 8 77 29 76 2 4 70 21 64 3 1 94 3 283 17 108 3 6 81 23 180 28 333 2 7 278 26 71 2 14 161 15 198 3 5 107 8 149 29 121 3 6 3 7 1 9 1 3 11 80 18 138 23 182 2 20 172 30 74 2 15 60 23 81 1 10 52 3 11 47 18 63 23 33 2 12 24 14 5 3 12 100 23 87 24 132 3 2 11 13 26 15 12 3 1 148 4 75 24 225 3 11 126 18 83 23 45 3 7 193 16 195 17 184 3 3 30 18 121 28 33 2 4 292 22 126 2 19 119 28 113 3 1 257 10 252 26 156 2 5 245 20 51 2 4 144 21 182 2 3 206 27 191 2 4 73 22 111 3 17 47 27 14 28 19 2 16 46 25 83 3 12 142 14 123 29 191
38 3 1 48 22 27 26 12 2 4 230 22 176 3 1 58 22 15 26 35 3 2 39 11 61 14 40 3 8 122 23 249 26 133 3 1 46 22 16 26 31 2 3 273 17 223 2 4 202 21 59 3 5 27 8 77 29 76 2 4 70 21 64 3 1 94 3 283 17 108 3 6 81 23 180 28 333 2 7 278 26 71 2 14 161 15 198 3 5 107 8 149 29 121 3 6 3 7 1 9 1 3 11 80 18 138 23 182 2 20 172 30 74 2 15 60 23 81 1 10 52 3 11 47 18 63 23 33 2 12 24 14 5 3 12 100 23 87 24 132 3 2 11 13 26 15 12 3 1 148 4 75 24 225 3 11 126 18 83 23 45 3 7 193 16 195 17 184 3 3 30 18 121 28 33 2 4 292 22 126 2 19 119 28 113 3 1 257 10 252 26 156 2 5 245 20 51 2 4 144 21 182 2 3 206 27 191 2 4 73 22 111 3 17 47 27 14 28 19 2 16 46 25 83 3 12 142 14 123 29 191
37 3 1 49 22 38 26 53 3 2 26 11 29 14 31 2 3 182 17 265 2 4 129 21 138 3 5 42 8 51 29 46 3 6 338 23 64 28 264 3 5 118 8 100 29 133 2 7 240 26 238 3 8 167 23 99 26 231 3 6 4 7 3 9 2 3 5 135 8 146 29 57 2 3 170 27 81 1 10 35 3 2 7 13 20 15 18 3 11 133 18 40 23 142 3 12 178 23 180 24 41 3 3 20 18 99 28 91 3 1 111 10 81 26 168 2 3 290 27 227 2 5 82 20 234 2 3 245 27 251 2 12 30 14 23 2 15 84 23 62 2 14 77 15 32 1 10 112 3 7 118 16 269 17 158 3 1 165 3 284 17 132 3 7 118 16 226 17 40 2 19 56 28 36 2 4 59 21 62 3 1 35 22 33 26 35 2 4 71 22 63 3 1 141 4 219 24 37 2 16 35 25 15 3 17 39 27 83 28 83 3 12 242 14 137 29 161 2 20 69 30 206
35 3 1 11 22 16 26 13 3 2 55 11 67 14 74 3 1 6 22 46 26 35 2 3 55 17 221 2 16 114 25 107 3 8 211 23 104 26 42 2 4 90 21 244 3 5 109 8 127 29 17 3 2 67 11 51 14 65 3 6 215 23 138 28 213 2 7 176 26 82 3 1 56 22 28 26 40 3 6 3 7 5 9 1 1 10 114 3 1 141 10 268 26 207 3 12 31 23 152 24 74 3 1 54 4 189 24 189 3 11 161 18 94 23 32 3 2 51 13 43 15 46 2 3 311 27 192 2 4 232 21 277 2 12 25 14 23 1 10 85 2 14 179 15 135 2 4 133 22 45 3 7 39 16 248 17 219 3 1 58 3 55 17 210 3 12 214 14 184 29 182 3 3 66 18 62 28 13 2 19 85 28 49 2 5 139 20 116 2 4 82 21 65 2 15 76 23 29 2 20 101 30 119 3 17 54 27 74 28 36
35 3 1 11 22 16 26 13 3 2 55 11 67 14 74 3 1 6 22 46 26 35 2 3 55 17 221 2 16 114 25 107 3 8 211 23 104 26 42 2 4 90 21 244 3 5 109 8 127 29 17 3 2 67 11 51 14 65 3 6 215 23 138 28 213 2 7 176 26 82 3 1 56 22 28 26 40 3 6 3 7 5 9 1 1 10 114 3 1 141 10 268 26 207 3 12 31 23 152 24 74 3 1 54 4 189 24 189 3 11 161 18 94 23 32 3 2 51 13 43 15 46 2 3 311 27 192 2 4 232 21 277 2 12 25 14 23 1 10 85 2 14 179 15 135 2 4 133 22 45 3 7 39 16 248 17 219 3 1 58 3 55 17 210 3 12 214 14 184 29 182 3 3 66 18 62 28 13 2 19 85 28 49 2 5 139 20 116 2 4 82 21 65 2 15 76 23 29 2 20 101 30 119 3 17 54 27 74 28 36
39 3 1 25 22 19 26 18 3 2 28 11 77 14 40 3 1 39 22 15 26 15 3 11 113 18 44 23 23 3 2 28 13 50 15 44 3 5 60 8 84 29 145 2 3 130 17 288 2 4 216 21 135 2 16 127 25 38 3 6 303 23 246 28 311 2 7 57 26 106 3 8 277 23 49 26 238 3 11 138 18 55 23 117 2 19 124 28 118 3 6 1 7 3 9 1 3 8 77 23 221 26 44 2 3 319 27 263 3 3 22 18 16 28 77 1 10 90 3 6 2 7 2 9 4 3 12 137 23 165 24 150 3 12 172 14 95 29 39 3 12 98 23 133 24 159 3 17 80 27 20 28 67 2 3 323 17 97 2 12 10 14 21 3 1 47 22 54 26 12 2 14 108 15 93 2 4 77 22 107 2 15 61 23 44 3 7 247 16 254 17 213 3 1 122 3 123 17 138 2 5 189 20 237 3 17 53 27 20 28 52 2 4 29 21 89 3 1 200 4 253 24 164 3 1 164 10 81 26 150 2 14 154 15 110 2 20 156 30 95
39 3 1 25 22 19 26 18 3 2 28 11 77 14 40 3 1 39 22 15 26 15 3 11 113 18 44 23 23 3 2 28 13 50 15 44 3 5 60 8 84 29 145 2 3 130 17 288 2 4 216 21 135 2 16 127 25 38 3 6 303 23 246 28 311 2 7 57 26 106 3 8 277 23 49 26 238 3 11 138 18 55 23 117 2 19 124 28 118 3 6 1 7 3 9 1 3 8 77 23 221 26 44 2 3 319 27 263 3 3 22 18 16 28 77 1 10 90 3 6 2 7 2 9 4 3 12 137 23 165 24 150 3 12 172 14 95 29 39 3 12 98 23 133 24 159 3 17 80 27 20 28 67 2 3 323 17 97 2 12 10 14 21 3 1 47 22 54 26 12 2 14 108 15 93 2 4 77 22 107 2 15 61 23 44 3 7 247 16 254 17 213 3 1 122 3 123 17 138 2 5 189 20 237 3 17 53 27 20 28 52 2 4 29 21 89 3 1 200 4 253 24 164 3 1 164 10 81 26 150 2 14 154 15 110 2 20 156 30 95
38 3 1 54 22 24 26 23 2 4 214 22 225 3 1 15 22 45 26 50 3 2 49 11 35 14 70 3 8 68 23 176 26 257 3 1 8 22 29 26 39 2 3 128 17 205 2 4 126 21 207 3 5 72 8 49 29 93 2 4 85 21 62 3 1 215 3 241 17 50 3 6 68 23 245 28 157 2 7 64 26 156 2 14 194 15 174 3 5 53 8 97 29 64 3 6 4 7 4 9 4 3 11 138 18 81 23 64 2 20 135 30 170 2 15 10 23 30 1 10 20 3 11 129 18 105 23 129 2 12 14 14 9 3 12 89 23 22 24 149 3 2 55 13 20 15 38 3 1 244 4 233 24 149 3 11 50 18 89 23 143 3 7 127 16 49 17 204 3 3 41 18 96 28 111 2 4 187 22 43 2 19 93 28 54 3 1 252 10 217 26 33 2 5 155 20 142 2 4 228 21 217 2 3 253 27 256 2 4 84 22 74 3 17 19 27 42 28 45 2 16 84 25 123 3 12 153 14 238 29 106
39 3 1 25 22 48 26 39 3 2 56 11 53 14 89 3 1 41 22 38 26 22 3 11 55 18 146 23 158 3 2 53 13 55 15 33 3 5 138 8 105 29 121 2 3 109 17 52 2 4 261 21 100 2 16 43 25 57 3 6 322 23 233 28 77 2 7 69 26 247 3 8 147 23 85 26 56 3 11 72 18 165 23 100 2 19 52 28 28 3 6 1 7 5 9 3 3 8 89 23 234 26 324 2 3 193 27 306 3 3 33 18 105 28 93 1 10 112 3 6 4 7 3 9 2 3 12 97 23 26 24 83 3 12 224 14 94 29 58 3 12 128 23 157 24 172 3 17 71 27 41 28 44 2 3 201 17 97 2 12 3 14 4 3 1 28 22 15 26 38 2 14 78 15 185 2 4 138 22 279 2 15 25 23 70 3 7 217 16 203 17 195 3 1 241 3 286 17 86 2 5 172 20 99 3 17 36 27 36 28 45 2 4 32 21 56 3 1 275 4 136 24 193 3 1 47 10 230 26 50 2 14 75 15 140 2 20 35 30 144
39 3 1 25 22 48 26 39 3 2 56 11 53 14 89 3 1 41 22 38 26 22 3 11 55 18 146 23 158 3 2 53 13 55 15 33 3 5 138 8 105 29 121 2 3 109 17 52 2 4 261 21 100 2 16 43 25 57 3 6 322 23 233 28 77 2 7 69 26 247 3 8 147 23 85 26 56 3 11 72 18 165 23 100 2 19 52 28 28 3 6 1 7 5 9 3 3 8 89 23 234 26 324 2 3 193 27 306 3 3 33 18 105 28 93 1 10 112 3 6 4 7 3 9 2 3 12 97 23 26 24 83 3 12 224 14 94 29 58 3 12 128 23 157 24 172 3 17 71 27 41 28 44 2 3 201 17 97 2 12 3 14 4 3 1 28 22 15 26 38 2 14 78 15 185 2 4 138 22 279 2 15 25 23 70 3 7 217 16 203 17 195 3 1 241 3 286 17 86 2 5 172 20 99 3 17 36 27 36 28 45 2 4 32 21 56 3 1 275 4 136 24 193 3 1 47 10 230 26 50 2 14 75 15 140 2 20 35 30 144
34 3 1 45 22 31 26 51 3 11 44 18 55 23 33 3 6 241 23 69 28 345 3 1 30 22 32 26 51 3 8 104 23 215 26 105 3 2 30 11 91 14 94 3 3 86 18 81 28 40 2 3 122 17 260 2 4 239 21 127 3 6 182 23 134 28 230 3 5 71 8 141 29 112 2 5 240 20 163 3 1 148 3 260 17 191 2 4 280 22 210 2 7 278 26 276 3 6 4 7 4 9 2 2 16 36 25 103 1 10 86 3 12 130 23 44 24 68 3 2 17 13 22 15 25 2 12 15 14 18 2 14 68 15 85 3 1 260 4 268 24 169 3 12 224 14 205 29 98 3 7 143 16 188 17 237 2 19 33 28 73 3 5 61 8 152 29 24 2 4 43 21 25 2 15 40 23 78 2 3 94 27 310 2 16 30 25 69 3 1 212 10 210 26 197 3 17 35 27 30 28 80 2 20 222 30 153
34 3 1 43 22 39 26 12 3 2 55 11 72 14 76 2 3 117 17 300 2 4 208 21 229 3 5 37 8 152 29 35 3 6 224 23 101 28 310 2 7 242 26 159 2 15 51 23 32 3 1 18 22 8 26 49 3 6 1 7 1 9 5 3 11 158 18 27 23 174 2 4 18 21 28 3 8 130 23 116 26 131 1 10 64 2 12 15 14 11 3 12 56 23 35 24 106 3 1 165 4 211 24 165 3 3 76 18 19 28 15 3 2 39 13 30 15 28 2 19 45 28 51 3 3 84 18 121 28 20 2 14 93 15 151 2 5 155 20 175 3 7 98 16 290 17 281 3 2 40 13 18 15 20 3 1 275 3 215 17 100 2 4 123 22 159 3 6 262 23 109 28 228 2 16 100 25 102 3 1 209 10 133 26 231 2 3 82 27 290 3 17 73 27 83 28 40 3 12 181 14 142 29 163 2 20 166 30 86
34 3 1 43 22 39 26 12 3 2 55 11 72 14 76 2 3 117 17 300 2 4 208 21 229 3 5 37 8 152 29 35 3 6 224 23 101 28 310 2 7 242 26 159 2 15 51 23 32 3 1 18 22 8 26 49 3 6 1 7 1 9 5 3 11 158 18 27 23 174 2 4 18 21 28 3 8 130 23 116 26 131 1 10 64 2 12 15 14 11 3 12 56 23 35 24 106 3 1 165 4 211 24 165 3 3 76 18 19 28 15 3 2 39 13 30 15 28 2 19 45 28 51 3 3 84 18 121 28 20 2 14 93 15 151 2 5 155 20 175 3 7 98 16 290 17 281 3 2 40 13 18 15 20 3 1 275 3 215 17 100 2 4 123 22 159 3 6 262 23 109 28 228 2 16 100 25 102 3 1 209 10 133 26 231 2 3 82 27 290 3 17 73 27 83 28 40 3 12 181 14 142 29 163 2 20 166 30 86
36 3 1 58 22 58 26 22 3 2 82 11 23 14 15 2 3 174 17 312 2 4 281 21 260 3 1 117 10 218 26 131 3 5 42 8 144 29 104 3 6 252 23 211 28 97 3 1 215 10 218 26 124 2 7 256 26 196 2 4 36 21 118 3 8 195 23 204 26 288 2 7 95 26 173 3 6 4 7 1 9 1 1 10 50 3 11 154 18 86 23 71 1 10 140 2 3 146 27 105 3 12 54 23 173 24 174 2 14 153 15 68 3 2 30 13 11 15 19 2 12 19 14 8 3 7 115 16 73 17 289 2 16 36 25 76 3 1 9 22 45 26 16 3 1 194 3 146 17 142 3 3 45 18 62 28 121 2 19 127 28 16 2 5 159 20 60 2 15 10 23 72 2 4 44 21 59 3 3 18 18 37 28 22 2 4 224 22 162 3 1 77 4 248 24 38 3 17 15 27 59 28 45 3 12 221 14 84 29 236 2 20 155 30 33
36 3 1 58 22 58 26 22 3 2 82 11 23 14 15 2 3 174 17 312 2 4 281 21 260 3 1 117 10 218 26 131 3 5 42 8 144 29 104 3 6 252 23 211 28 97 3 1 215 10 218 26 124 2 7 256 26 196 2 4 36 21 118 3 8 195 23 204 26 288 2 7 95 26 173 3 6 4 7 1 9 1 1 10 50 3 11 154 18 86 23 71 1 10 140 2 3 146 27 105 3 12 54 23 173 24 174 2 14 153 15 68 3 2 30 13 11 15 19 2 12 19 14 8 3 7 115 16 73 17 289 2 16 36 25 76 3 1 9 22 45 26 16 3 1 194 3 146 17 142 3 3 45 18 62 28 121 2 19 127 28 16 2 5 159 20 60 2 15 10 23 72 2 4 44 21 59 3 3 18 18 37 28 22 2 4 224 22 162 3 1 77 4 248 24 38 3 17 15 27 59 28 45 3 12 221 14 84 29 236 2 20 155 30 33
36 3 1 31 22 12 26 26 3 2 84 11 54 14 29 2 3 135 17 150 2 4 266 21 137 3 1 109 10 218 26 196 3 5 139 8 121 29 110 3 6 208 23 185 28 275 3 1 127 10 84 26 177 2 7 163 26 132 2 4 265 21 63 3 8 137 23 82 26 140 2 7 67 26 246 3 6 3 7 4 9 4 1 10 62 3 11 126 18 53 23 103 1 10 99 2 3 163 27 253 3 12 42 23 183 24 136 2 14 81 15 27 3 2 7 13 44 15 34 2 12 5 14 19 3 7 180 16 197 17 176 2 16 119 25 73 3 1 55 22 22 26 7 3 1 272 3 106 17 74 3 3 43 18 34 28 44 2 19 124 28 59 2 5 228 20 47 2 15 60 23 11 2 4 22 21 16 3 3 39 18 57 28 73 2 4 168 22 84 3 1 238 4 91 24 143 3 17 50 27 50 28 74 3 12 218 14 170 29 234 2 20 118 30 123
38 3 1 31 22 14 26 13 2 4 226 22 266 3 1 44 22 41 26 38 3 2 60 11 17 14 25 3 8 309 23 247 26 183 3 1 51 22 8 26 42 2 3 155 17 94 2 4 93 21 244 3 5 95 8 140 29 142 2 4 78 21 50 3 1 33 3 222 17 106 3 6 109 23 57 28 161 2 7 124 26 145 2 14 115 15 95 3 5 59 8 19 29 45 3 6 2 7 4 9 3 3 11 30 18 22 23 77 2 20 89 30 35 2 15 60 23 71 1 10 105 3 11 54 18 44 23 81 2 12 3 14 13 3 12 168 23 52 24 101 3 2 52 13 25 15 47 3 1 206 4 211 24 48 3 11 36 18 38 23 168 3 7 70 16 186 17 145 3 3 45 18 35 28 49 2 4 155 22 224 2 19 30 28 68 3 1 191 10 257 26 176 2 5 104 20 42 2 4 67 21 48 2 3 310 27 75 2 4 186 22 148 3 17 34 27 80 28 33 2 16 132 25 29 3 12 82 14 160 29 40
38 3 1 31 22 14 26 13 2 4 226 22 266 3 1 44 22 41 26 38 3 2 60 11 17 14 25 3 8 309 23 247 26 183 3 1 51 22 8 26 42 2 3 155 17 94 2 4 93 21 244 3 5 95 8 140 29 142 2 4 78 21 50 3 1 33 3 222 17 106 3 6 109 23 57 28 161 2 7 124 26 145 2 14 115 15 95 3 5 59 8 19 29 45 3 6 2 7 4 9 3 3 11 30 18 22 23 77 2 20 89 30 35 2 15 60 23 71 1 10 105 3 11 54 18 44 23 81 2 12 3 14 13 3 12 168 23 52 24 101 3 2 52 13 25 15 47 3 1 206 4 211 24 48 3 11 36 18 38 23 168 3 7 70 16 186 17 145 3 3 45 18 35 28 49 2 4 155 22 224 2 19 30 28 68 3 1 191 10 257 26 176 2 5 104 20 42 2 4 67 21 48 2 3 310 27 75 2 4 186 22 148 3 17 34 27 80 28 33 2 16 132 25 29 3 12 82 14 160 29 40
35 2 19 46 28 59 2 15 27 23 78 3 6 92 23 151 28 185 3 1 52 22 38 26 16 3 6 312 23 113 28 52 3 11 29 18 48 23 30 3 12 154 14 75 29 64 3 2 97 11 65 14 11 2 14 138 15 104 2 3 136 17 336 2 4 234 21 43 2 4 277 22 261 3 5 89 8 138 29 28 2 19 81 28 91 2 7 68 26 74 3 8 313 23 116 26 280 3 6 1 7 1 9 3 3 3 27 18 20 28 17 2 7 34 26 251 3 1 255 3 73 17 212 1 10 140 3 12 33 23 140 24 78 3 2 54 11 86 14 50 2 20 243 30 129 3 2 13 13 44 15 44 2 12 21 14 26 3 17 30 27 72 28 48 3 7 258 16 184 17 209 2 16 98 25 76 2 5 171 20 131 2 4 17 21 28 2 3 228 17 100 2 3 278 27 194 3 1 109 10 81 26 36 3 1 65 4 132 24 75
37 1 10 133 3 1 9 22 27 26 52 2 5 101 20 88 3 2 36 11 53 14 48 2 20 83 30 169 3 1 22 22 50 26 25 2 3 197 17 162 2 4 109 21 98 3 1 17 22 46 26 25 3 17 79 27 18 28 19 3 5 71 8 137 29 52 3 1 199 3 72 17 92 3 6 242 23 128 28 157 2 7 112 26 192 2 12 28 14 28 3 2 29 11 32 14 29 3 8 173 23 182 26 149 2 4 193 21 219 3 6 2 7 2 9 2 2 12 10 14 24 3 11 163 18 170 23 130 2 3 70 27 259 2 20 32 30 49 3 12 85 23 155 24 158 2 4 93 22 282 3 2 28 13 35 15 15 3 1 259 3 67 17 149 2 14 189 15 90 2 4 29 21 16 3 7 122 16 55 17 70 3 3 122 18 54 28 98 2 19 83 28 33 2 15 72 23 81 2 16 118 25 109 3 1 253 4 59 24 270 3 1 204 10 153 26 211 3 12 158 14 192 29 124
35 3 1 58 22 55 26 17 3 2 97 11 21 14 75 3 1 57 22 32 26 45 2 3 64 17 308 2 16 134 25 126 3 8 234 23 263 26 189 2 4 53 21 188 3 5 114 8 56 29 59 3 2 53 11 56 14 54 3 6 98 23 151 28 83 2 7 146 26 51 3 1 35 22 49 26 26 3 6 1 7 4 9 3 1 10 63 3 1 116 10 178 26 120 3 12 101 23 120 24 138 3 1 62 4 206 24 101 3 11 55 18 86 23 125 3 2 50 13 49 15 16 2 3 173 27 258 2 4 87 21 270 2 12 23 14 6 1 10 130 2 14 43 15 97 2 4 251 22 82 3 7 194 16 41 17 47 3 1 225 3 97 17 268 3 12 248 14 114 29 177 3 3 52 18 24 28 83 2 19 64 28 56 2 5 178 20 94 2 4 58 21 44 2 15 35 23 25 2 20 142 30 51 3 17 26 27 9 28 28
39 3 1 51 22 9 26 34 3 2 12 11 76 14 95 3 1 26 22 20 26 35 3 11 71 18 136 23 93 3 2 44 13 36 15 33 3 5 87 8 66 29 86 2 3 100 17 179 2 4 290 21 63 2 16 32 25 105 3 6 54 23 328 28 106 2 7 212 26 206 3 8 303 23 148 26 196 3 11 104 18 42 23 178 2 19 35 28 20 3 6 3 7 5 9 4 3 8 317 23 264 26 341 2 3 45 27 54 3 3 67 18 30 28 55 1 10 87 3 6 4 7 4 9 2 3 12 81 23 84 24 108 3 12 104 14 139 29 113 3 12 30 23 81 24 31 3 17 63 27 15 28 18 2 3 41 17 178 2 12 5 14 12 3 1 46 22 21 26 44 2 14 62 15 80 2 4 66 22 286 2 15 12 23 39 3 7 269 16 157 17 213 3 1 94 3 163 17 63 2 5 230 20 169 3 17 58 27 51 28 45 2 4 80 21 55 3 1 110 4 178 24 175 3 1 100 10 95 26 80 2 14 92 15 182 2 20 156 30 156
39 2 20 179 30 30 3 1 46 22 56 26 10 2 20 248 30 210 3 5 53 8 128 29 49 3 2 16 11 93 14 52 2 3 67 17 237 3 1 36 22 41 26 56 2 4 52 21 237 2 19 105 28 101 1 10 29 3 6 166 23 285 28 150 3 2 40 11 40 14 25 2 7 102 26 45 3 8 204 23 213 26 107 3 2 76 11 45 14 12 3 6 1 7 2 9 3 3 17 70 27 42 28 16 3 7 198 16 226 17 186 3 11 21 18 25 23 144 3 2 89 11 66 14 70 3 12 187 23 98 24 142 2 15 64 23 45 3 6 285 23 290 28 341 3 1 195 4 193 24 170 3 2 29 13 34 15 40 2 5 122 20 191 3 12 175 23 65 24 127 2 12 14 14 20 2 14 63 15 60 2 3 96 27 158 3 1 159 3 68 17 121 3 3 14 18 32 28 106 3 8 267 23 111 26 174 2 4 66 21 91 2 4 203 22 44 2 16 52 25 78 3 1 132 10 190 26 179 3 8 270 23 145 26 333 3 12 41 14 165 29 204
37 3 1 22 22 37 26 7 3 2 41 11 22 14 74 2 3 269 17 323 2 4 284 21 142 3 5 119 8 131 29 99 2 4 246 21 178 2 15 38 23 75 3 6 188 23 227 28 265 2 7 108 26 215 3 8 109 23 143 26 177 3 6 1 7 5 9 1 1 10 124 3 6 2 7 1 9 1 3 11 141 18 78 23 103 3 12 72 23 97 24 134 3 2 29 13 37 15 25 2 12 10 14 20 3 12 91 23 73 24 96 2 14 34 15 122 3 7 179 16 268 17 176 2 14 131 15 146 2 4 29 21 53 2 15 78 23 62 3 17 84 27 82 28 79 1 10 130 2 3 308 27 265 3 1 146 3 220 17 107 3 3 28 18 117 28 50 3 12 151 23 118 24 172 2 19 100 28 59 2 5 51 20 116 3 1 262 4 232 24 192 2 4 80 22 148 2 16 86 25 62 3 1 29 10 260 26 151 3 12 115 14 129 29 57 2 20 169 30 199
39 2 20 116 30 171 3 1 56 22 43 26 30 2 20 212 30 131 3 5 105 8 132 29 152 3 2 74 11 15 14 86 2 3 127 17 285 3 1 8 22 56 26 8 2 4 64 21 258 2 19 116 28 34 1 10 51 3 6 177 23 167 28 281 3 2 84 11 35 14 27 2 7 75 26 142 3 8 41 23 128 26 147 3 2 98 11 52 14 24 3 6 5 7 2 9 1 3 17 13 27 35 28 57 3 7 86 16 198 17 193 3 11 46 18 172 23 174 3 2 43 11 67 14 23 3 12 53 23 103 24 106 2 15 40 23 60 3 6 53 23 184 28 259 3 1 71 4 46 24 71 3 2 52 13 16 15 36 2 5 166 20 82 3 12 87 23 133 24 187 2 12 16 14 11 2 14 201 15 72 2 3 240 27 274 3 1 142 3 227 17 157 3 3 16 18 119 28 37 3 8 180 23 130 26 344 2 4 80 21 66 2 4 158 22 164 2 16 32 25 19 3 1 200 10 86 26 44 3 8 333 23 251 26 342 3 12 171 14 205 29 53
DUE_DATES: 6763 6820 7762 7762 7438 6980 6980 6980 7832 7482 7482 6940 6940 6940 6940 8553 7131 7471 7471 7471 7951 7951 8268 8268 6715 7948 7948 7625 6844 6844 7936 7936 7625 7601 7601 7541 6966 6966 7374 7374 7113 6799 6799 7105 6998 6394 7094 7882 8083 7949
WEIGHTS: 3 1 3 1 2 1 2 1 2 1 3 3 3 1 1 2 3 3 1 2 3 1 2 3 1 2 3 3 3 2 1 1 2 2 1 1 3 3 3 1 2 3 3 1 2 2 2 2 1 2
