50 30
34 2 1 34 18 105 3 2 69 18 121 20 46 2 12 151 20 31 2 4 302 13 301 4 8 76 21 64 22 121 27 21 3 2 80 8 138 28 26 3 3 44 5 48 7 18 3 5 15 13 26 29 45 2 1 111 7 155 3 15 25 19 17 20 26 2 1 63 18 30 2 11 86 21 42 2 6 73 20 87 3 2 223 9 86 29 162 3 15 125 25 192 27 225 2 11 5 26 15 2 8 39 25 58 2 9 92 18 267 3 10 187 14 199 21 260 2 12 338 26 98 3 13 162 14 182 26 35 3 15 220 25 175 27 179 2 14 7 27 20 3 4 8 12 25 14 25 2 12 43 15 91 3 16 38 17 40 19 137 2 12 264 26 281 3 10 15 19 20 24 34 2 11 123 26 47 2 5 231 28 277 3 9 6 17 7 30 3 2 8 37 25 34 3 17 148 21 107 30 79 2 19 297 23 117
34 2 1 34 18 105 3 2 69 18 121 20 46 2 12 151 20 31 2 4 302 13 301 4 8 76 21 64 22 121 27 21 3 2 80 8 138 28 26 3 3 44 5 48 7 18 3 5 15 13 26 29 45 2 1 111 7 155 3 15 25 19 17 20 26 2 1 63 18 30 2 11 86 21 42 2 6 73 20 87 3 2 223 9 86 29 162 3 15 125 25 192 27 225 2 11 5 26 15 2 8 39 25 58 2 9 92 18 267 3 10 187 14 199 21 260 2 12 338 26 98 3 13 162 14 182 26 35 3 15 220 25 175 27 179 2 14 7 27 20 3 4 8 12 25 14 25 2 12 43 15 91 3 16 38 17 40 19 137 2 12 264 26 281 3 10 15 19 20 24 34 2 11 123 26 47 2 5 231 28 277 3 9 6 17 7 30 3 2 8 37 25 34 3 17 148 21 107 30 79 2 19 297 23 117
37 2 1 33 18 80 3 2 94 8 100 28 17 2 19 162 23 286 3 10 26 19 18 24 12 2 1 71 18 94 3 3 30 5 35 7 24 2 4 78 13 248 4 8 100 21 138 22 69 27 113 2 1 35 18 27 3 5 56 13 13 29 9 4 8 155 21 137 22 78 27 101 2 6 58 20 52 3 10 27 19 12 24 29 2 1 20 7 74 3 15 12 19 12 20 18 2 8 69 25 47 2 11 57 21 61 2 9 178 18 269 3 2 26 9 220 29 140 3 2 88 18 83 20 134 3 4 11 12 20 14 25 3 10 172 14 74 21 246 3 15 5 19 13 20 16 2 11 23 26 20 2 8 82 25 74 3 13 165 14 197 26 142 2 12 116 26 240 2 12 39 15 116 3 16 39 17 48 19 71 2 11 17 26 14 2 14 29 27 13 3 9 8 17 6 30 8 2 5 151 28 66 2 11 251 26 233 2 12 142 20 133 3 15 30 25 201 27 87 3 17 97 21 122 30 154
37 2 1 33 18 80 3 2 94 8 100 28 17 2 19 162 23 286 3 10 26 19 18 24 12 2 1 71 18 94 3 3 30 5 35 7 24 2 4 78 13 248 4 8 100 21 138 22 69 27 113 2 1 35 18 27 3 5 56 13 13 29 9 4 8 155 21 137 22 78 27 101 2 6 58 20 52 3 10 27 19 12 24 29 2 1 20 7 74 3 15 12 19 12 20 18 2 8 69 25 47 2 11 57 21 61 2 9 178 18 269 3 2 26 9 220 29 140 3 2 88 18 83 20 134 3 4 11 12 20 14 25 3 10 172 14 74 21 246 3 15 5 19 13 20 16 2 11 23 26 20 2 8 82 25 74 3 13 165 14 197 26 142 2 12 116 26 240 2 12 39 15 116 3 16 39 17 48 19 71 2 11 17 26 14 2 14 29 27 13 3 9 8 17 6 30 8 2 5 151 28 66 2 11 251 26 233 2 12 142 20 133 3 15 30 25 201 27 87 3 17 97 21 122 30 154
37 2 1 33 18 80 3 2 94 8 100 28 17 2 19 162 23 286 3 10 26 19 18 24 12 2 1 71 18 94 3 3 30 5 35 7 24 2 4 78 13 248 4 8 100 21 138 22 69 27 113 2 1 35 18 27 3 5 56 13 13 29 9 4 8 155 21 137 22 78 27 101 2 6 58 20 52 3 10 27 19 12 24 29 2 1 20 7 74 3 15 12 19 12 20 18 2 8 69 25 47 2 11 57 21 61 2 9 178 18 269 3 2 26 9 220 29 140 3 2 88 18 83 20 134 3 4 11 12 20 14 25 3 10 172 14 74 21 246 3 15 5 19 13 20 16 2 11 23 26 20 2 8 82 25 74 3 13 165 14 197 26 142 2 12 116 26 240 2 12 39 15 116 3 16 39 17 48 19 71 2 11 17 26 14 2 14 29 27 13 3 9 8 17 6 30 8 2 5 151 28 66 2 11 251 26 233 2 12 142 20 133 3 15 30 25 201 27 87 3 17 97 21 122 30 154
31 3 5 36 13 44 29 51 2 1 17 18 38 3 2 36 8 106 28 63 3 3 40 5 50 7 65 2 4 86 13 64 3 15 10 19 24 20 21 2 1 67 7 121 2 6 58 20 74 3 17 89 21 23 30 133 4 8 90 21 110 22 21 27 43 2 8 90 25 79 2 9 248 18 124 3 10 252 14 216 21 148 3 9 1 17 1 30 8 2 11 23 26 35 3 2 26 18 46 20 174 2 12 195 20 94 2 12 113 26 168 3 10 41 19 18 24 21 3 13 136 14 222 26 190 3 4 20 12 27 14 23 3 2 192 9 189 29 73 2 12 46 15 78 3 16 161 17 52 19 131 2 11 84 21 63 2 14 14 27 6 2 5 254 28 171 2 11 31 26 8 2 19 54 23 278 3 15 225 25 181 27 225 2 11 206 26 264
33 2 1 108 18 67 2 5 113 28 136 3 2 93 8 19 28 21 3 3 52 5 9 7 48 2 4 149 13 39 3 16 137 17 63 19 165 3 5 17 13 50 29 15 2 6 128 20 68 2 12 84 26 300 2 8 90 25 88 2 11 230 26 100 2 1 115 7 100 2 9 248 18 156 3 10 54 14 112 21 87 3 9 1 17 4 30 4 2 1 138 7 44 2 11 13 26 16 3 10 189 14 275 21 211 3 13 142 14 72 26 106 3 4 20 12 6 14 27 2 12 104 15 147 3 2 45 18 136 20 29 3 15 7 19 23 20 11 2 12 32 20 235 2 11 71 21 14 4 8 60 21 69 22 22 27 114 2 19 262 23 171 3 10 19 19 26 24 13 3 15 61 25 61 27 75 2 14 19 27 5 3 15 89 25 98 27 55 3 2 182 9 127 29 217 3 17 133 21 134 30 98
34 2 1 94 18 83 3 2 81 8 37 28 125 3 3 38 5 64 7 19 2 4 264 13 184 2 12 205 20 93 3 2 139 8 132 28 148 3 5 17 13 50 29 7 3 4 33 12 22 14 19 3 10 26 19 41 24 42 2 6 40 20 63 2 1 67 7 139 2 12 129 20 51 2 8 78 25 25 2 9 146 18 153 2 5 38 28 210 3 10 203 14 37 21 152 2 11 8 26 24 2 8 45 25 19 2 12 173 26 132 2 12 101 15 65 3 10 266 14 280 21 171 3 13 121 14 25 26 190 3 2 182 18 55 20 25 3 16 119 17 155 19 22 3 9 4 17 2 30 3 3 15 136 25 173 27 225 3 15 15 19 39 20 31 2 19 74 23 35 2 14 19 27 13 2 11 23 21 41 4 8 70 21 68 22 110 27 102 2 11 230 26 247 3 2 31 9 81 29 96 3 17 81 21 89 30 88
38 2 1 94 18 23 3 2 113 8 99 28 124 2 1 44 18 25 3 3 49 5 16 7 11 2 4 279 13 179 3 5 21 13 51 29 7 2 1 31 18 24 2 6 77 20 55 2 4 315 13 218 2 12 59 15 102 2 1 156 7 19 2 8 77 25 23 2 6 96 20 67 2 9 167 18 139 2 1 64 7 104 3 13 62 14 95 26 48 2 14 34 27 30 3 10 46 14 157 21 36 2 11 5 26 25 3 2 26 8 116 28 48 2 12 108 26 234 3 4 24 12 33 14 15 3 16 130 17 84 19 80 3 2 100 9 108 29 80 3 9 8 17 8 30 6 3 2 119 18 61 20 152 3 10 267 14 228 21 248 2 11 139 26 221 3 10 29 19 21 24 16 3 15 22 19 29 20 24 4 8 19 21 45 22 77 27 75 2 12 54 20 74 2 11 100 21 37 2 5 223 28 191 2 19 154 23 190 3 15 71 25 38 27 230 2 4 234 13 126 3 17 111 21 75 30 108
38 2 1 94 18 23 3 2 113 8 99 28 124 2 1 44 18 25 3 3 49 5 16 7 11 2 4 279 13 179 3 5 21 13 51 29 7 2 1 31 18 24 2 6 77 20 55 2 4 315 13 218 2 12 59 15 102 2 1 156 7 19 2 8 77 25 23 2 6 96 20 67 2 9 167 18 139 2 1 64 7 104 3 13 62 14 95 26 48 2 14 34 27 30 3 10 46 14 157 21 36 2 11 5 26 25 3 2 26 8 116 28 48 2 12 108 26 234 3 4 24 12 33 14 15 3 16 130 17 84 19 80 3 2 100 9 108 29 80 3 9 8 17 8 30 6 3 2 119 18 61 20 152 3 10 267 14 228 21 248 2 11 139 26 221 3 10 29 19 21 24 16 3 15 22 19 29 20 24 4 8 19 21 45 22 77 27 75 2 12 54 20 74 2 11 100 21 37 2 5 223 28 191 2 19 154 23 190 3 15 71 25 38 27 230 2 4 234 13 126 3 17 111 21 75 30 108
38 2 1 94 18 23 3 2 113 8 99 28 124 2 1 44 18 25 3 3 49 5 16 7 11 2 4 279 13 179 3 5 21 13 51 29 7 2 1 31 18 24 2 6 77 20 55 2 4 315 13 218 2 12 59 15 102 2 1 156 7 19 2 8 77 25 23 2 6 96 20 67 2 9 167 18 139 2 1 64 7 104 3 13 62 14 95 26 48 2 14 34 27 30 3 10 46 14 157 21 36 2 11 5 26 25 3 2 26 8 116 28 48 2 12 108 26 234 3 4 24 12 33 14 15 3 16 130 17 84 19 80 3 2 100 9 108 29 80 3 9 8 17 8 30 6 3 2 119 18 61 20 152 3 10 267 14 228 21 248 2 11 139 26 221 3 10 29 19 21 24 16 3 15 22 19 29 20 24 4 8 19 21 45 22 77 27 75 2 12 54 20 74 2 11 100 21 37 2 5 223 28 191 2 19 154 23 190 3 15 71 25 38 27 230 2 4 234 13 126 3 17 111 21 75 30 108
33 2 1 43 18 97 3 2 56 8 55 28 43 3 3 38 5 41 7 15 2 1 21 18 15 2 4 307 13 294 3 2 37 8 146 28 52 3 5 13 13 26 29 50 2 6 104 20 23 3 9 2 17 3 30 8 2 1 81 7 36 2 12 195 20 161 2 8 56 25 75 2 9 184 18 163 3 16 33 17 92 19 94 3 10 20 19 19 24 14 3 3 30 5 48 7 64 3 10 160 14 261 21 260 2 11 14 26 16 3 2 199 9 75 29 101 2 12 253 26 269 3 15 38 19 34 20 25 3 13 197 14 48 26 124 3 4 7 12 4 14 17 2 12 162 15 87 3 2 34 18 164 20 33 2 11 186 26 218 2 11 51 21 83 4 8 124 21 94 22 58 27 82 3 17 43 21 66 30 67 2 19 140 23 208 3 15 198 25 79 27 104 2 14 8 27 23 2 5 196 28 122
31 3 5 36 13 10 29 46 2 1 30 18 66 3 2 94 8 135 28 78 3 3 35 5 26 7 20 2 4 249 13 282 3 15 29 19 12 20 10 2 1 37 7 89 2 6 83 20 133 3 17 121 21 25 30 49 4 8 63 21 82 22 140 27 142 2 8 10 25 18 2 9 261 18 174 3 10 77 14 57 21 243 3 9 4 17 1 30 2 2 11 31 26 8 3 2 159 18 70 20 176 2 12 80 20 102 2 12 329 26 79 3 10 19 19 8 24 38 3 13 165 14 26 26 145 3 4 5 12 11 14 18 3 2 116 9 224 29 165 2 12 165 15 166 3 16 160 17 33 19 128 2 11 54 21 35 2 14 31 27 33 2 5 165 28 191 2 11 24 26 23 2 19 63 23 268 3 15 100 25 163 27 63 2 11 200 26 127
33 2 1 85 18 19 2 5 278 28 230 3 2 124 8 56 28 72 3 3 61 5 22 7 59 2 4 82 13 170 3 16 55 17 84 19 42 3 5 27 13 55 29 40 2 6 54 20 138 2 12 112 26 239 2 8 71 25 47 2 11 224 26 29 2 1 104 7 151 2 9 217 18 160 3 10 94 14 221 21 64 3 9 7 17 2 30 2 2 1 69 7 46 2 11 16 26 24 3 10 291 14 71 21 210 3 13 77 14 29 26 101 3 4 21 12 4 14 21 2 12 63 15 155 3 2 58 18 152 20 28 3 15 21 19 5 20 20 2 12 140 20 41 2 11 32 21 37 4 8 112 21 93 22 47 27 152 2 19 103 23 76 3 10 28 19 14 24 19 3 15 219 25 39 27 224 2 14 4 27 22 3 15 99 25 81 27 204 3 2 184 9 196 29 197 3 17 57 21 105 30 29
34 2 1 71 18 100 3 2 50 8 46 28 36 3 3 61 5 65 7 17 2 4 243 13 76 2 12 247 20 137 3 2 77 8 49 28 25 3 5 50 13 8 29 15 3 4 22 12 28 14 13 3 10 15 19 20 24 6 2 6 17 20 41 2 1 127 7 85 2 12 172 20 111 2 8 11 25 87 2 9 143 18 213 2 5 200 28 132 3 10 150 14 235 21 106 2 11 24 26 30 2 8 82 25 69 2 12 104 26 138 2 12 51 15 49 3 10 222 14 194 21 289 3 13 124 14 42 26 106 3 2 75 18 47 20 47 3 16 101 17 143 19 42 3 9 8 17 6 30 3 3 15 65 25 213 27 236 3 15 10 19 38 20 11 2 19 47 23 185 2 14 19 27 9 2 11 36 21 48 4 8 54 21 137 22 147 27 152 2 11 255 26 104 3 2 106 9 85 29 107 3 17 88 21 27 30 90
37 2 1 55 18 40 3 2 20 8 72 28 74 2 19 74 23 186 3 10 28 19 35 24 41 2 1 107 18 76 3 3 65 5 25 7 38 2 4 306 13 302 4 8 131 21 60 22 43 27 127 2 1 79 18 61 3 5 24 13 39 29 52 4 8 122 21 109 22 98 27 77 2 6 91 20 109 3 10 20 19 22 24 9 2 1 135 7 44 3 15 29 19 33 20 19 2 8 40 25 83 2 11 47 21 102 2 9 147 18 102 3 2 222 9 124 29 131 3 2 76 18 32 20 57 3 4 7 12 9 14 30 3 10 51 14 272 21 277 3 15 27 19 37 20 31 2 11 5 26 24 2 8 65 25 85 3 13 135 14 75 26 139 2 12 293 26 244 2 12 91 15 43 3 16 38 17 86 19 140 2 11 24 26 21 2 14 7 27 18 3 9 8 17 1 30 7 2 5 36 28 66 2 11 173 26 245 2 12 211 20 34 3 15 42 25 44 27 212 3 17 113 21 115 30 146
37 2 1 55 18 40 3 2 20 8 72 28 74 2 19 74 23 186 3 10 28 19 35 24 41 2 1 107 18 76 3 3 65 5 25 7 38 2 4 306 13 302 4 8 131 21 60 22 43 27 127 2 1 79 18 61 3 5 24 13 39 29 52 4 8 122 21 109 22 98 27 77 2 6 91 20 109 3 10 20 19 22 24 9 2 1 135 7 44 3 15 29 19 33 20 19 2 8 40 25 83 2 11 47 21 102 2 9 147 18 102 3 2 222 9 124 29 131 3 2 76 18 32 20 57 3 4 7 12 9 14 30 3 10 51 14 272 21 277 3 15 27 19 37 20 31 2 11 5 26 24 2 8 65 25 85 3 13 135 14 75 26 139 2 12 293 26 244 2 12 91 15 43 3 16 38 17 86 19 140 2 11 24 26 21 2 14 7 27 18 3 9 8 17 1 30 7 2 5 36 28 66 2 11 173 26 245 2 12 211 20 34 3 15 42 25 44 27 212 3 17 113 21 115 30 146
31 3 5 36 13 23 29 9 2 1 70 18 32 3 2 53 8 138 28 138 3 3 27 5 64 7 54 2 4 37 13 98 3 15 12 19 15 20 19 2 1 77 7 33 2 6 37 20 20 3 17 86 21 136 30 23 4 8 133 21 32 22 66 27 118 2 8 85 25 43 2 9 242 18 150 3 10 102 14 150 21 221 3 9 4 17 2 30 7 2 11 4 26 29 3 2 103 18 58 20 44 2 12 242 20 84 2 12 133 26 321 3 10 18 19 17 24 37 3 13 193 14 28 26 187 3 4 28 12 14 14 28 3 2 164 9 214 29 129 2 12 111 15 164 3 16 140 17 116 19 143 2 11 57 21 38 2 14 24 27 11 2 5 204 28 272 2 11 13 26 24 2 19 246 23 210 3 15 48 25 244 27 168 2 11 183 26 166
31 3 5 36 13 23 29 9 2 1 70 18 32 3 2 53 8 138 28 138 3 3 27 5 64 7 54 2 4 37 13 98 3 15 12 19 15 20 19 2 1 77 7 33 2 6 37 20 20 3 17 86 21 136 30 23 4 8 133 21 32 22 66 27 118 2 8 85 25 43 2 9 242 18 150 3 10 102 14 150 21 221 3 9 4 17 2 30 7 2 11 4 26 29 3 2 103 18 58 20 44 2 12 242 20 84 2 12 133 26 321 3 10 18 19 17 24 37 3 13 193 14 28 26 187 3 4 28 12 14 14 28 3 2 164 9 214 29 129 2 12 111 15 164 3 16 140 17 116 19 143 2 11 57 21 38 2 14 24 27 11 2 5 204 28 272 2 11 13 26 24 2 19 246 23 210 3 15 48 25 244 27 168 2 11 183 26 166
37 2 1 79 18 107 3 2 65 8 120 28 118 2 19 139 23 241 3 10 34 19 38 24 32 2 1 92 18 68 3 3 64 5 30 7 54 2 4 49 13 311 4 8 78 21 42 22 100 27 54 2 1 54 18 67 3 5 52 13 52 29 19 4 8 118 21 154 22 83 27 107 2 6 43 20 43 3 10 10 19 14 24 25 2 1 135 7 153 3 15 37 19 24 20 16 2 8 11 25 62 2 11 46 21 65 2 9 193 18 225 3 2 82 9 61 29 40 3 2 145 18 143 20 21 3 4 9 12 33 14 5 3 10 245 14 189 21 269 3 15 38 19 37 20 10 2 11 33 26 27 2 8 94 25 66 3 13 187 14 193 26 122 2 12 270 26 89 2 12 174 15 38 3 16 22 17 115 19 91 2 11 24 26 23 2 14 24 27 13 3 9 6 17 6 30 4 2 5 271 28 53 2 11 246 26 217 2 12 201 20 168 3 15 38 25 118 27 247 3 17 126 21 148 30 26
37 2 1 79 18 107 3 2 65 8 120 28 118 2 19 139 23 241 3 10 34 19 38 24 32 2 1 92 18 68 3 3 64 5 30 7 54 2 4 49 13 311 4 8 78 21 42 22 100 27 54 2 1 54 18 67 3 5 52 13 52 29 19 4 8 118 21 154 22 83 27 107 2 6 43 20 43 3 10 10 19 14 24 25 2 1 135 7 153 3 15 37 19 24 20 16 2 8 11 25 62 2 11 46 21 65 2 9 193 18 225 3 2 82 9 61 29 40 3 2 145 18 143 20 21 3 4 9 12 33 14 5 3 10 245 14 189 21 269 3 15 38 19 37 20 10 2 11 33 26 27 2 8 94 25 66 3 13 187 14 193 26 122 2 12 270 26 89 2 12 174 15 38 3 16 22 17 115 19 91 2 11 24 26 23 2 14 24 27 13 3 9 6 17 6 30 4 2 5 271 28 53 2 11 246 26 217 2 12 201 20 168 3 15 38 25 118 27 247 3 17 126 21 148 30 26
38 2 1 81 18 72 3 2 38 8 81 28 134 2 1 56 18 81 3 3 33 5 50 7 8 2 4 140 13 185 3 5 50 13 26 29 40 2 1 25 18 50 2 6 59 20 126 2 4 277 13 262 2 12 58 15 133 2 1 71 7 76 2 8 24 25 64 2 6 140 20 28 2 9 151 18 158 2 1 111 7 83 3 13 200 14 200 26 166 2 14 24 27 31 3 10 91 14 181 21 210 2 11 29 26 6 3 2 144 8 32 28 74 2 12 291 26 139 3 4 21 12 30 14 7 3 16 146 17 57 19 71 3 2 199 9 221 29 121 3 9 4 17 8 30 8 3 2 112 18 61 20 156 3 10 117 14 80 21 262 2 11 131 26 149 3 10 8 19 27 24 30 3 15 11 19 8 20 12 4 8 103 21 94 22 78 27 131 2 12 239 20 115 2 11 14 21 35 2 5 63 28 229 2 19 187 23 216 3 15 217 25 139 27 251 2 4 168 13 298 3 17 99 21 102 30 126
38 2 1 81 18 72 3 2 38 8 81 28 134 2 1 56 18 81 3 3 33 5 50 7 8 2 4 140 13 185 3 5 50 13 26 29 40 2 1 25 18 50 2 6 59 20 126 2 4 277 13 262 2 12 58 15 133 2 1 71 7 76 2 8 24 25 64 2 6 140 20 28 2 9 151 18 158 2 1 111 7 83 3 13 200 14 200 26 166 2 14 24 27 31 3 10 91 14 181 21 210 2 11 29 26 6 3 2 144 8 32 28 74 2 12 291 26 139 3 4 21 12 30 14 7 3 16 146 17 57 19 71 3 2 199 9 221 29 121 3 9 4 17 8 30 8 3 2 112 18 61 20 156 3 10 117 14 80 21 262 2 11 131 26 149 3 10 8 19 27 24 30 3 15 11 19 8 20 12 4 8 103 21 94 22 78 27 131 2 12 239 20 115 2 11 14 21 35 2 5 63 28 229 2 19 187 23 216 3 15 217 25 139 27 251 2 4 168 13 298 3 17 99 21 102 30 126
38 2 1 68 18 73 3 2 115 8 53 28 126 2 1 95 18 28 3 3 59 5 8 7 45 2 4 124 13 296 3 5 30 13 52 29 39 2 1 13 18 101 2 6 53 20 83 2 4 255 13 180 2 12 118 15 40 2 1 135 7 60 2 8 83 25 37 2 6 111 20 96 2 9 217 18 154 2 1 108 7 121 3 13 151 14 64 26 41 2 14 15 27 34 3 10 97 14 40 21 166 2 11 22 26 26 3 2 59 8 83 28 61 2 12 206 26 333 3 4 33 12 30 14 18 3 16 50 17 156 19 70 3 2 170 9 105 29 123 3 9 8 17 6 30 6 3 2 155 18 178 20 54 3 10 175 14 136 21 144 2 11 84 26 228 3 10 38 19 18 24 28 3 15 36 19 8 20 4 4 8 63 21 29 22 134 27 129 2 12 66 20 161 2 11 44 21 14 2 5 58 28 67 2 19 266 23 106 3 15 211 25 133 27 229 2 4 66 13 106 3 17 113 21 76 30 75
38 2 1 68 18 73 3 2 115 8 53 28 126 2 1 95 18 28 3 3 59 5 8 7 45 2 4 124 13 296 3 5 30 13 52 29 39 2 1 13 18 101 2 6 53 20 83 2 4 255 13 180 2 12 118 15 40 2 1 135 7 60 2 8 83 25 37 2 6 111 20 96 2 9 217 18 154 2 1 108 7 121 3 13 151 14 64 26 41 2 14 15 27 34 3 10 97 14 40 21 166 2 11 22 26 26 3 2 59 8 83 28 61 2 12 206 26 333 3 4 33 12 30 14 18 3 16 50 17 156 19 70 3 2 170 9 105 29 123 3 9 8 17 6 30 6 3 2 155 18 178 20 54 3 10 175 14 136 21 144 2 11 84 26 228 3 10 38 19 18 24 28 3 15 36 19 8 20 4 4 8 63 21 29 22 134 27 129 2 12 66 20 161 2 11 44 21 14 2 5 58 28 67 2 19 266 23 106 3 15 211 25 133 27 229 2 4 66 13 106 3 17 113 21 76 30 75
38 2 1 68 18 73 3 2 115 8 53 28 126 2 1 95 18 28 3 3 59 5 8 7 45 2 4 124 13 296 3 5 30 13 52 29 39 2 1 13 18 101 2 6 53 20 83 2 4 255 13 180 2 12 118 15 40 2 1 135 7 60 2 8 83 25 37 2 6 111 20 96 2 9 217 18 154 2 1 108 7 121 3 13 151 14 64 26 41 2 14 15 27 34 3 10 97 14 40 21 166 2 11 22 26 26 3 2 59 8 83 28 61 2 12 206 26 333 3 4 33 12 30 14 18 3 16 50 17 156 19 70 3 2 170 9 105 29 123 3 9 8 17 6 30 6 3 2 155 18 178 20 54 3 10 175 14 136 21 144 2 11 84 26 228 3 10 38 19 18 24 28 3 15 36 19 8 20 4 4 8 63 21 29 22 134 27 129 2 12 66 20 161 2 11 44 21 14 2 5 58 28 67 2 19 266 23 106 3 15 211 25 133 27 229 2 4 66 13 106 3 17 113 21 76 30 75
38 2 1 44 18 15 3 2 18 8 66 28 88 3 3 12 5 36 7 59 2 4 81 13 270 3 15 29 19 32 20 7 2 4 44 13 277 2 11 31 26 18 2 12 75 15 154 3 3 74 5 36 7 55 3 5 16 13 14 29 7 2 4 278 13 85 3 4 25 12 9 14 16 2 12 33 15 132 2 6 79 20 77 3 2 85 8 77 28 65 2 1 84 7 128 2 8 47 25 37 3 10 18 19 11 24 14 3 13 95 14 188 26 162 3 2 75 9 217 29 135 2 9 182 18 91 3 10 195 14 195 21 141 2 12 325 26 223 3 16 116 17 128 19 53 3 9 1 17 4 30 2 3 2 104 9 153 29 131 3 2 68 18 138 20 111 2 12 101 20 136 3 4 25 12 32 14 8 2 11 97 21 57 2 12 133 15 173 2 5 285 28 189 2 14 4 27 24 3 15 91 25 59 27 204 2 19 36 23 120 4 8 94 21 69 22 124 27 109 2 11 66 26 101 3 17 69 21 167 30 100
38 2 1 44 18 15 3 2 18 8 66 28 88 3 3 12 5 36 7 59 2 4 81 13 270 3 15 29 19 32 20 7 2 4 44 13 277 2 11 31 26 18 2 12 75 15 154 3 3 74 5 36 7 55 3 5 16 13 14 29 7 2 4 278 13 85 3 4 25 12 9 14 16 2 12 33 15 132 2 6 79 20 77 3 2 85 8 77 28 65 2 1 84 7 128 2 8 47 25 37 3 10 18 19 11 24 14 3 13 95 14 188 26 162 3 2 75 9 217 29 135 2 9 182 18 91 3 10 195 14 195 21 141 2 12 325 26 223 3 16 116 17 128 19 53 3 9 1 17 4 30 2 3 2 104 9 153 29 131 3 2 68 18 138 20 111 2 12 101 20 136 3 4 25 12 32 14 8 2 11 97 21 57 2 12 133 15 173 2 5 285 28 189 2 14 4 27 24 3 15 91 25 59 27 204 2 19 36 23 120 4 8 94 21 69 22 124 27 109 2 11 66 26 101 3 17 69 21 167 30 100
38 2 1 44 18 15 3 2 18 8 66 28 88 3 3 12 5 36 7 59 2 4 81 13 270 3 15 29 19 32 20 7 2 4 44 13 277 2 11 31 26 18 2 12 75 15 154 3 3 74 5 36 7 55 3 5 16 13 14 29 7 2 4 278 13 85 3 4 25 12 9 14 16 2 12 33 15 132 2 6 79 20 77 3 2 85 8 77 28 65 2 1 84 7 128 2 8 47 25 37 3 10 18 19 11 24 14 3 13 95 14 188 26 162 3 2 75 9 217 29 135 2 9 182 18 91 3 10 195 14 195 21 141 2 12 325 26 223 3 16 116 17 128 19 53 3 9 1 17 4 30 2 3 2 104 9 153 29 131 3 2 68 18 138 20 111 2 12 101 20 136 3 4 25 12 32 14 8 2 11 97 21 57 2 12 133 15 173 2 5 285 28 189 2 14 4 27 24 3 15 91 25 59 27 204 2 19 36 23 120 4 8 94 21 69 22 124 27 109 2 11 66 26 101 3 17 69 21 167 30 100
36 2 1 50 18 91 3 13 196 14 57 26 190 3 2 75 8 115 28 97 2 1 69 18 85 3 3 46 5 26 7 44 2 4 137 13 266 3 3 37 5 73 7 29 2 8 90 25 77 2 11 124 26 139 3 5 54 13 37 29 25 3 10 49 14 94 21 220 2 6 58 20 109 2 1 94 7 100 2 14 29 27 14 2 4 82 13 76 3 15 81 25 133 27 233 2 9 92 18 130 2 11 31 26 5 2 12 189 26 347 3 4 33 12 15 14 27 2 12 184 20 245 2 12 166 15 126 3 16 26 17 160 19 91 3 9 5 17 5 30 1 3 2 157 18 151 20 29 3 2 155 9 186 29 131 3 4 9 12 27 14 25 3 15 34 19 15 20 23 2 11 89 21 69 2 9 83 18 218 4 8 122 21 89 22 88 27 30 2 19 245 23 150 3 9 3 17 5 30 2 3 10 42 19 15 24 18 2 5 132 28 208 3 17 109 21 77 30 42
36 2 1 50 18 91 3 13 196 14 57 26 190 3 2 75 8 115 28 97 2 1 69 18 85 3 3 46 5 26 7 44 2 4 137 13 266 3 3 37 5 73 7 29 2 8 90 25 77 2 11 124 26 139 3 5 54 13 37 29 25 3 10 49 14 94 21 220 2 6 58 20 109 2 1 94 7 100 2 14 29 27 14 2 4 82 13 76 3 15 81 25 133 27 233 2 9 92 18 130 2 11 31 26 5 2 12 189 26 347 3 4 33 12 15 14 27 2 12 184 20 245 2 12 166 15 126 3 16 26 17 160 19 91 3 9 5 17 5 30 1 3 2 157 18 151 20 29 3 2 155 9 186 29 131 3 4 9 12 27 14 25 3 15 34 19 15 20 23 2 11 89 21 69 2 9 83 18 218 4 8 122 21 89 22 88 27 30 2 19 245 23 150 3 9 3 17 5 30 2 3 10 42 19 15 24 18 2 5 132 28 208 3 17 109 21 77 30 42
35 2 1 73 18 103 3 13 164 14 195 26 159 3 2 130 8 53 28 109 2 8 86 25 54 2 1 48 18 29 3 3 15 5 48 7 42 3 4 21 12 19 14 12 2 4 171 13 92 3 15 34 19 5 20 34 4 8 92 21 124 22 52 27 119 3 4 30 12 15 14 8 3 5 10 13 38 29 8 2 6 90 20 113 2 1 102 7 136 2 9 209 18 230 3 10 73 14 285 21 197 2 11 7 26 4 2 12 227 26 127 2 12 73 15 127 2 1 149 7 89 2 12 143 20 151 3 16 165 17 169 19 46 2 11 156 26 247 3 9 5 17 2 30 5 3 2 172 18 125 20 166 3 2 100 8 55 28 17 2 11 49 21 12 3 10 11 19 22 24 14 2 5 162 28 207 3 9 4 17 5 30 6 3 17 21 21 75 30 39 2 19 301 23 110 3 15 109 25 41 27 52 2 14 13 27 27 3 2 131 9 29 29 218
35 2 1 73 18 103 3 13 164 14 195 26 159 3 2 130 8 53 28 109 2 8 86 25 54 2 1 48 18 29 3 3 15 5 48 7 42 3 4 21 12 19 14 12 2 4 171 13 92 3 15 34 19 5 20 34 4 8 92 21 124 22 52 27 119 3 4 30 12 15 14 8 3 5 10 13 38 29 8 2 6 90 20 113 2 1 102 7 136 2 9 209 18 230 3 10 73 14 285 21 197 2 11 7 26 4 2 12 227 26 127 2 12 73 15 127 2 1 149 7 89 2 12 143 20 151 3 16 165 17 169 19 46 2 11 156 26 247 3 9 5 17 2 30 5 3 2 172 18 125 20 166 3 2 100 8 55 28 17 2 11 49 21 12 3 10 11 19 22 24 14 2 5 162 28 207 3 9 4 17 5 30 6 3 17 21 21 75 30 39 2 19 301 23 110 3 15 109 25 41 27 52 2 14 13 27 27 3 2 131 9 29 29 218
35 2 1 24 18 60 4 8 21 21 55 22 149 27 127 3 4 15 12 24 14 26 3 2 126 8 82 28 27 3 3 15 5 69 7 39 3 2 113 8 125 28 124 2 4 129 13 194 3 4 19 12 27 14 21 2 5 179 28 46 2 9 61 18 140 3 5 49 13 24 29 42 2 6 22 20 137 2 12 256 26 201 3 4 27 12 26 14 27 2 1 124 7 72 2 11 26 26 8 2 8 87 25 54 2 11 67 21 81 3 10 210 14 259 21 215 3 13 152 14 26 26 28 2 12 59 15 148 2 11 102 26 61 3 15 14 19 18 20 36 2 9 117 18 52 2 12 212 20 140 3 16 50 17 168 19 31 3 9 5 17 5 30 6 3 2 181 18 43 20 122 3 2 191 9 196 29 199 2 19 89 23 122 3 10 10 19 10 24 23 3 15 78 25 191 27 73 2 14 23 27 19 3 13 127 14 84 26 92 3 17 47 21 30 30 108
36 2 1 54 18 101 3 2 42 8 130 28 119 3 3 64 5 61 7 44 2 4 101 13 132 3 5 35 13 44 29 32 2 11 222 26 155 3 2 101 8 45 28 62 2 11 9 26 5 2 6 61 20 74 3 3 19 5 45 7 45 4 8 91 21 78 22 73 27 100 2 1 138 7 145 3 3 56 5 64 7 8 2 8 87 25 18 2 12 196 26 231 2 12 79 20 171 3 2 111 8 148 28 125 2 9 36 18 228 2 19 142 23 198 3 15 115 25 240 27 113 3 2 85 9 109 29 58 2 12 225 20 41 3 10 54 14 63 21 87 3 13 62 14 197 26 150 3 4 7 12 12 14 21 2 12 36 15 87 3 16 130 17 127 19 21 4 8 146 21 119 22 66 27 38 3 10 35 19 12 24 30 3 9 4 17 3 30 4 3 2 24 18 81 20 75 2 5 80 28 60 2 11 28 21 67 3 15 22 19 4 20 11 3 17 62 21 48 30 113 2 14 17 27 7
36 2 1 54 18 101 3 2 42 8 130 28 119 3 3 64 5 61 7 44 2 4 101 13 132 3 5 35 13 44 29 32 2 11 222 26 155 3 2 101 8 45 28 62 2 11 9 26 5 2 6 61 20 74 3 3 19 5 45 7 45 4 8 91 21 78 22 73 27 100 2 1 138 7 145 3 3 56 5 64 7 8 2 8 87 25 18 2 12 196 26 231 2 12 79 20 171 3 2 111 8 148 28 125 2 9 36 18 228 2 19 142 23 198 3 15 115 25 240 27 113 3 2 85 9 109 29 58 2 12 225 20 41 3 10 54 14 63 21 87 3 13 62 14 197 26 150 3 4 7 12 12 14 21 2 12 36 15 87 3 16 130 17 127 19 21 4 8 146 21 119 22 66 27 38 3 10 35 19 12 24 30 3 9 4 17 3 30 4 3 2 24 18 81 20 75 2 5 80 28 60 2 11 28 21 67 3 15 22 19 4 20 11 3 17 62 21 48 30 113 2 14 17 27 7
34 2 1 39 18 22 3 2 132 8 56 28 35 3 2 132 9 168 29 108 3 15 32 19 19 20 29 3 2 27 9 31 29 160 2 5 249 28 233 3 3 53 5 34 7 51 3 17 149 21 38 30 62 2 8 61 25 44 2 4 150 13 156 4 8 45 21 58 22 62 27 51 3 5 46 13 28 29 50 2 6 106 20 129 2 11 49 21 69 2 1 100 7 19 2 12 227 20 82 2 9 239 18 158 3 10 267 14 88 21 59 3 2 134 18 45 20 60 2 11 12 26 8 2 12 237 26 310 2 1 103 18 105 2 12 126 15 78 3 13 48 14 47 26 155 2 5 142 28 292 3 4 4 12 28 14 25 3 16 131 17 19 19 155 3 10 33 19 27 24 21 2 19 57 23 155 3 9 3 17 4 30 4 3 15 240 25 100 27 69 2 11 146 26 205 3 9 4 17 5 30 6 2 14 10 27 18
36 2 1 22 18 36 3 2 118 8 113 28 56 4 8 60 21 52 22 90 27 154 3 3 43 5 59 7 52 3 5 58 13 44 29 9 2 1 92 18 41 2 4 82 13 84 2 6 90 20 52 2 1 113 7 153 2 8 81 25 70 2 12 201 20 55 2 9 200 18 36 3 2 59 8 57 28 24 3 10 35 19 39 24 20 3 10 201 14 168 21 36 3 13 170 14 56 26 175 2 11 22 26 31 3 2 97 8 65 28 114 2 11 105 26 108 2 12 122 26 221 3 2 82 8 28 28 42 3 4 17 12 27 14 12 2 12 96 15 78 3 16 28 17 128 19 164 3 9 3 17 5 30 5 3 10 13 19 39 24 10 2 11 59 21 91 3 3 67 5 16 7 39 3 2 134 18 161 20 56 3 15 18 19 26 20 25 3 2 194 9 199 29 97 2 19 242 23 165 3 15 233 25 172 27 97 2 14 21 27 8 2 5 49 28 79 3 17 96 21 58 30 45
33 2 1 40 18 100 3 2 75 8 42 28 113 3 3 28 5 63 7 22 2 1 33 18 37 2 4 214 13 260 3 2 83 8 50 28 133 3 5 18 13 38 29 47 2 6 32 20 51 3 9 6 17 5 30 3 2 1 23 7 146 2 12 249 20 99 2 8 80 25 41 2 9 268 18 243 3 16 83 17 130 19 88 3 10 12 19 6 24 7 3 3 21 5 20 7 63 3 10 190 14 150 21 244 2 11 22 26 30 3 2 99 9 44 29 211 2 12 173 26 236 3 15 24 19 22 20 37 3 13 77 14 186 26 205 3 4 26 12 16 14 6 2 12 69 15 95 3 2 163 18 57 20 126 2 11 121 26 68 2 11 77 21 86 4 8 87 21 113 22 23 27 77 3 17 92 21 141 30 58 2 19 290 23 61 3 15 227 25 85 27 61 2 14 21 27 17 2 5 203 28 77
37 2 1 24 18 105 3 2 41 8 135 28 66 3 13 72 14 152 26 131 3 3 27 5 57 7 29 2 8 90 25 42 2 11 170 26 162 2 4 211 13 169 3 9 7 17 8 30 1 3 2 125 8 29 28 115 3 5 9 13 52 29 29 2 1 76 18 67 2 12 260 20 247 2 6 23 20 96 3 15 31 19 9 20 22 2 1 22 7 108 2 9 269 18 140 3 5 8 13 13 29 21 3 10 34 19 15 24 10 2 12 274 26 88 3 10 6 19 20 24 26 3 10 111 14 62 21 91 2 11 29 26 12 2 6 84 20 79 3 4 31 12 16 14 15 2 11 222 26 207 2 12 53 15 93 3 15 253 25 148 27 187 3 16 108 17 135 19 71 3 2 179 18 26 20 162 2 11 36 21 74 4 8 120 21 60 22 148 27 77 2 19 47 23 291 2 8 21 25 81 2 14 9 27 6 2 5 189 28 232 3 2 96 9 65 29 127 3 17 140 21 162 30 135
37 2 1 24 18 105 3 2 41 8 135 28 66 3 13 72 14 152 26 131 3 3 27 5 57 7 29 2 8 90 25 42 2 11 170 26 162 2 4 211 13 169 3 9 7 17 8 30 1 3 2 125 8 29 28 115 3 5 9 13 52 29 29 2 1 76 18 67 2 12 260 20 247 2 6 23 20 96 3 15 31 19 9 20 22 2 1 22 7 108 2 9 269 18 140 3 5 8 13 13 29 21 3 10 34 19 15 24 10 2 12 274 26 88 3 10 6 19 20 24 26 3 10 111 14 62 21 91 2 11 29 26 12 2 6 84 20 79 3 4 31 12 16 14 15 2 11 222 26 207 2 12 53 15 93 3 15 253 25 148 27 187 3 16 108 17 135 19 71 3 2 179 18 26 20 162 2 11 36 21 74 4 8 120 21 60 22 148 27 77 2 19 47 23 291 2 8 21 25 81 2 14 9 27 6 2 5 189 28 232 3 2 96 9 65 29 127 3 17 140 21 162 30 135
35 2 1 75 18 83 3 13 199 14 144 26 38 3 2 126 8 132 28 61 2 8 20 25 24 2 1 20 18 74 3 3 27 5 17 7 42 3 4 10 12 4 14 15 2 4 257 13 219 3 15 13 19 30 20 27 4 8 32 21 41 22 139 27 29 3 4 10 12 20 14 26 3 5 40 13 13 29 38 2 6 53 20 46 2 1 89 7 43 2 9 233 18 39 3 10 277 14 280 21 69 2 11 20 26 16 2 12 298 26 114 2 12 54 15 165 2 1 59 7 113 2 12 136 20 236 3 16 28 17 29 19 106 2 11 166 26 133 3 9 2 17 3 30 5 3 2 53 18 52 20 61 3 2 88 8 36 28 19 2 11 73 21 24 3 10 12 19 21 24 5 2 5 250 28 158 3 9 7 17 1 30 8 3 17 37 21 149 30 87 2 19 292 23 194 3 15 246 25 97 27 204 2 14 17 27 33 3 2 62 9 176 29 53
36 2 1 74 18 106 3 2 146 8 23 28 43 2 1 92 18 69 2 11 215 26 221 3 3 63 5 65 7 59 2 4 37 13 206 2 14 7 27 30 2 19 257 23 58 3 5 53 13 42 29 40 2 6 33 20 19 3 5 11 13 47 29 34 2 1 55 7 71 2 1 77 18 57 2 8 91 25 18 2 9 231 18 190 2 5 294 28 173 3 10 56 14 227 21 137 2 4 93 13 208 2 11 24 26 27 2 12 173 26 271 3 13 67 14 50 26 39 3 4 18 12 7 14 10 3 2 83 18 127 20 52 2 12 106 20 51 3 13 39 14 223 26 89 2 11 26 21 36 2 12 92 15 160 3 16 24 17 66 19 49 3 9 5 17 6 30 4 3 10 7 19 13 24 10 3 15 21 19 4 20 13 4 8 107 21 73 22 67 27 81 2 12 58 26 254 3 15 203 25 84 27 162 3 17 109 21 64 30 121 3 2 133 9 95 29 187
35 2 1 76 18 78 4 8 121 21 59 22 41 27 28 3 4 9 12 4 14 23 3 2 103 8 144 28 125 3 3 50 5 25 7 36 3 2 47 8 32 28 109 2 4 269 13 174 3 4 23 12 33 14 10 2 5 187 28 169 2 9 251 18 171 3 5 58 13 14 29 43 2 6 25 20 127 2 12 277 26 246 3 4 13 12 24 14 26 2 1 129 7 27 2 11 22 26 31 2 8 48 25 66 2 11 94 21 19 3 10 283 14 246 21 219 3 13 99 14 159 26 199 2 12 29 15 33 2 11 102 26 151 3 15 35 19 21 20 35 2 9 162 18 108 2 12 44 20 207 3 16 42 17 105 19 21 3 9 2 17 5 30 1 3 2 172 18 48 20 132 3 2 26 9 176 29 165 2 19 164 23 226 3 10 5 19 7 24 38 3 15 121 25 249 27 55 2 14 23 27 5 3 13 214 14 59 26 70 3 17 62 21 96 30 143
37 2 1 52 18 12 3 2 34 8 97 28 69 2 19 227 23 221 3 10 33 19 33 24 7 2 1 20 18 67 3 3 11 5 50 7 68 2 4 133 13 178 4 8 86 21 155 22 124 27 56 2 1 104 18 73 3 5 34 13 6 29 17 4 8 142 21 19 22 100 27 51 2 6 89 20 98 3 10 9 19 33 24 23 2 1 42 7 26 3 15 14 19 16 20 38 2 8 60 25 64 2 11 79 21 94 2 9 226 18 154 3 2 104 9 127 29 56 3 2 75 18 53 20 71 3 4 20 12 12 14 33 3 10 120 14 154 21 226 3 15 19 19 17 20 5 2 11 6 26 18 2 8 25 25 14 3 13 58 14 207 26 161 2 12 220 26 228 2 12 109 15 76 3 16 39 17 142 19 74 2 11 15 26 21 2 14 24 27 28 3 9 2 17 3 30 1 2 5 149 28 233 2 11 122 26 43 2 12 40 20 90 3 15 248 25 145 27 207 3 17 47 21 105 30 134
38 2 1 71 18 66 3 2 78 8 132 28 34 2 1 13 18 56 3 3 49 5 63 7 72 2 4 314 13 235 3 5 22 13 48 29 44 2 1 71 18 63 2 6 101 20 87 2 4 125 13 112 2 12 127 15 172 2 1 53 7 94 2 8 46 25 28 2 6 58 20 23 2 9 186 18 155 2 1 126 7 139 3 13 164 14 117 26 220 2 14 4 27 20 3 10 145 14 194 21 176 2 11 22 26 23 3 2 148 8 120 28 31 2 12 346 26 231 3 4 25 12 31 14 18 3 16 146 17 65 19 34 3 2 88 9 121 29 226 3 9 5 17 8 30 5 3 2 132 18 83 20 117 3 10 275 14 102 21 107 2 11 174 26 114 3 10 38 19 26 24 42 3 15 22 19 26 20 13 4 8 117 21 37 22 159 27 87 2 12 37 20 193 2 11 90 21 66 2 5 238 28 293 2 19 185 23 42 3 15 118 25 216 27 96 2 4 307 13 157 3 17 50 21 125 30 160
36 2 1 86 18 80 3 2 71 8 129 28 125 4 8 23 21 35 22 50 27 71 3 3 67 5 45 7 38 3 5 40 13 29 29 35 2 1 83 18 82 2 4 65 13 80 2 6 98 20 137 2 1 18 7 146 2 8 82 25 66 2 12 121 20 87 2 9 91 18 232 3 2 43 8 143 28 19 3 10 30 19 31 24 18 3 10 170 14 127 21 267 3 13 187 14 103 26 107 2 11 30 26 4 3 2 133 8 97 28 82 2 11 192 26 95 2 12 214 26 324 3 2 104 8 124 28 32 3 4 28 12 10 14 11 2 12 82 15 103 3 16 30 17 26 19 53 3 9 6 17 2 30 2 3 10 23 19 28 24 38 2 11 58 21 51 3 3 47 5 75 7 17 3 2 147 18 113 20 171 3 15 36 19 33 20 33 3 2 160 9 120 29 208 2 19 101 23 288 3 15 239 25 34 27 130 2 14 8 27 32 2 5 263 28 48 3 17 27 21 106 30 162
33 2 1 51 18 16 2 5 69 28 294 3 2 98 8 78 28 134 3 3 54 5 56 7 53 2 4 142 13 143 3 16 61 17 76 19 121 3 5 46 13 22 29 22 2 6 93 20 16 2 12 46 26 218 2 8 39 25 64 2 11 172 26 49 2 1 32 7 111 2 9 267 18 203 3 10 260 14 39 21 164 3 9 5 17 5 30 4 2 1 139 7 79 2 11 14 26 12 3 10 92 14 214 21 104 3 13 211 14 96 26 152 3 4 24 12 24 14 31 2 12 98 15 57 3 2 84 18 93 20 171 3 15 22 19 31 20 18 2 12 128 20 103 2 11 22 21 81 4 8 146 21 139 22 98 27 83 2 19 118 23 304 3 10 20 19 23 24 31 3 15 133 25 211 27 189 2 14 15 27 21 3 15 253 25 196 27 140 3 2 187 9 62 29 73 3 17 103 21 133 30 29
35 2 1 106 18 55 3 2 81 8 118 28 86 3 3 31 5 39 7 30 2 1 89 18 14 2 4 124 13 177 3 2 129 8 71 28 105 3 5 30 13 14 29 57 2 6 102 20 46 2 1 147 7 27 2 8 70 25 64 2 19 240 23 147 3 3 72 5 59 7 59 3 2 136 18 25 20 161 2 12 96 26 150 2 9 263 18 126 3 10 288 14 269 21 248 3 15 25 19 12 20 10 2 5 92 28 151 2 11 31 26 14 3 13 41 14 81 26 114 3 4 32 12 14 14 18 2 12 109 15 150 3 16 104 17 21 19 89 3 9 2 17 7 30 7 2 12 160 20 112 3 17 109 21 158 30 66 3 5 9 13 21 29 35 2 11 70 21 64 4 8 27 21 156 22 84 27 156 3 10 17 19 16 24 36 3 15 186 25 32 27 49 2 11 117 26 152 2 1 22 18 29 2 14 16 27 24 3 2 224 9 81 29 146
33 2 1 65 18 49 2 5 245 28 118 3 2 140 8 32 28 134 3 3 24 5 71 7 59 2 4 108 13 147 3 16 118 17 114 19 60 3 5 12 13 31 29 25 2 6 24 20 113 2 12 348 26 324 2 8 16 25 81 2 11 199 26 119 2 1 139 7 58 2 9 70 18 100 3 10 133 14 179 21 115 3 9 2 17 1 30 7 2 1 54 7 18 2 11 11 26 12 3 10 199 14 173 21 106 3 13 126 14 212 26 52 3 4 15 12 18 14 22 2 12 28 15 24 3 2 44 18 74 20 100 3 15 27 19 14 20 37 2 12 204 20 174 2 11 79 21 66 4 8 126 21 147 22 47 27 48 2 19 125 23 162 3 10 33 19 37 24 41 3 15 106 25 150 27 44 2 14 32 27 15 3 15 68 25 150 27 113 3 2 176 9 117 29 94 3 17 108 21 42 30 113
DUE_DATES: 7356 7356 6476 6476 6476 6045 6288 6387 7321 7321 7321 6438 6022 6172 6260 6622 6622 6063 6063 7128 7128 8241 8241 7479 7479 7479 7386 7386 7386 7074 7074 6596 6596 6142 6109 6109 6537 6020 6322 7184 7184 6290 6728 6858 6155 8368 6693 6561 6288 6229
WEIGHTS: 3 3 1 1 2 2 3 1 1 3 1 1 1 1 3 1 3 2 3 2 2 1 2 2 1 1 2 3 1 3 3 1 1 1 3 2 2 2 1 2 3 2 2 1 2 2 1 3 2 3
