50 30
35 2 1 61 2 30 3 2 160 19 78 26 183 2 1 125 2 100 2 12 40 14 31 3 4 165 6 103 14 117 2 6 260 10 164 3 16 255 22 64 29 184 3 3 70 7 21 14 32 3 4 1 13 1 22 4 2 1 29 2 122 2 5 214 25 288 3 7 2 10 1 30 1 2 8 163 23 347 2 1 121 2 69 2 16 143 29 74 2 9 58 13 213 2 11 55 15 29 2 13 53 22 47 3 16 251 22 184 29 246 3 7 146 14 152 16 63 3 15 30 22 22 26 4 3 17 22 18 17 20 19 2 5 103 18 165 2 16 37 19 112 3 3 95 20 219 26 110 2 24 1 26 6 2 4 46 21 41 3 4 26 22 90 26 65 4 9 163 15 71 23 97 24 225 3 1 83 25 257 30 244 2 26 220 27 127 3 1 5 17 3 27 6 4 9 161 15 42 23 147 24 135 2 7 6 28 10 2 22 46 30 24
35 2 1 61 2 30 3 2 160 19 78 26 183 2 1 125 2 100 2 12 40 14 31 3 4 165 6 103 14 117 2 6 260 10 164 3 16 255 22 64 29 184 3 3 70 7 21 14 32 3 4 1 13 1 22 4 2 1 29 2 122 2 5 214 25 288 3 7 2 10 1 30 1 2 8 163 23 347 2 1 121 2 69 2 16 143 29 74 2 9 58 13 213 2 11 55 15 29 2 13 53 22 47 3 16 251 22 184 29 246 3 7 146 14 152 16 63 3 15 30 22 22 26 4 3 17 22 18 17 20 19 2 5 103 18 165 2 16 37 19 112 3 3 95 20 219 26 110 2 24 1 26 6 2 4 46 21 41 3 4 26 22 90 26 65 4 9 163 15 71 23 97 24 225 3 1 83 25 257 30 244 2 26 220 27 127 3 1 5 17 3 27 6 4 9 161 15 42 23 147 24 135 2 7 6 28 10 2 22 46 30 24
35 2 1 61 2 30 3 2 160 19 78 26 183 2 1 125 2 100 2 12 40 14 31 3 4 165 6 103 14 117 2 6 260 10 164 3 16 255 22 64 29 184 3 3 70 7 21 14 32 3 4 1 13 1 22 4 2 1 29 2 122 2 5 214 25 288 3 7 2 10 1 30 1 2 8 163 23 347 2 1 121 2 69 2 16 143 29 74 2 9 58 13 213 2 11 55 15 29 2 13 53 22 47 3 16 251 22 184 29 246 3 7 146 14 152 16 63 3 15 30 22 22 26 4 3 17 22 18 17 20 19 2 5 103 18 165 2 16 37 19 112 3 3 95 20 219 26 110 2 24 1 26 6 2 4 46 21 41 3 4 26 22 90 26 65 4 9 163 15 71 23 97 24 225 3 1 83 25 257 30 244 2 26 220 27 127 3 1 5 17 3 27 6 4 9 161 15 42 23 147 24 135 2 7 6 28 10 2 22 46 30 24
35 2 1 82 2 107 3 2 124 19 202 26 124 2 1 104 2 138 2 12 224 14 65 3 4 115 6 277 14 158 2 6 193 10 313 3 16 216 22 134 29 212 3 3 30 7 35 14 52 3 4 1 13 2 22 2 2 1 19 2 83 2 5 237 25 201 3 7 3 10 1 30 3 2 8 271 23 223 2 1 77 2 81 2 16 24 29 100 2 9 235 13 120 2 11 89 15 106 2 13 68 22 67 3 16 257 22 220 29 69 3 7 125 14 83 16 155 3 15 37 22 17 26 29 3 17 4 18 12 20 3 2 5 79 18 38 2 16 151 19 33 3 3 175 20 124 26 155 2 24 6 26 3 2 4 14 21 95 3 4 79 22 54 26 101 4 9 58 15 131 23 120 24 161 3 1 144 25 187 30 319 2 26 108 27 91 3 1 8 17 5 27 5 4 9 136 15 186 23 172 24 116 2 7 11 28 9 2 22 37 30 46
35 2 1 82 2 107 3 2 124 19 202 26 124 2 1 104 2 138 2 12 224 14 65 3 4 115 6 277 14 158 2 6 193 10 313 3 16 216 22 134 29 212 3 3 30 7 35 14 52 3 4 1 13 2 22 2 2 1 19 2 83 2 5 237 25 201 3 7 3 10 1 30 3 2 8 271 23 223 2 1 77 2 81 2 16 24 29 100 2 9 235 13 120 2 11 89 15 106 2 13 68 22 67 3 16 257 22 220 29 69 3 7 125 14 83 16 155 3 15 37 22 17 26 29 3 17 4 18 12 20 3 2 5 79 18 38 2 16 151 19 33 3 3 175 20 124 26 155 2 24 6 26 3 2 4 14 21 95 3 4 79 22 54 26 101 4 9 58 15 131 23 120 24 161 3 1 144 25 187 30 319 2 26 108 27 91 3 1 8 17 5 27 5 4 9 136 15 186 23 172 24 116 2 7 11 28 9 2 22 37 30 46
34 2 1 88 2 114 3 2 189 19 226 26 163 3 3 9 7 18 14 22 3 4 3 13 4 22 2 2 5 240 25 113 3 2 230 19 90 26 159 3 15 17 22 24 26 10 2 4 65 21 61 2 24 3 26 2 3 1 3 17 8 27 4 3 4 244 6 125 14 237 3 7 1 10 1 30 3 2 16 153 29 56 2 8 247 23 253 2 12 122 14 42 2 22 36 30 36 2 9 205 13 215 2 24 1 26 6 2 6 191 10 279 2 11 120 15 133 2 13 68 22 111 3 7 179 14 156 16 149 2 1 60 2 29 3 1 138 25 181 30 278 3 4 87 22 61 26 67 3 16 232 22 171 29 150 3 17 4 18 22 20 22 2 5 233 18 216 2 16 107 19 101 3 3 72 20 127 26 285 2 26 187 27 76 4 9 143 15 217 23 246 24 92 2 13 72 22 54 2 7 20 28 30
34 2 1 110 2 107 3 2 48 19 191 26 44 3 3 53 7 57 14 44 3 2 89 19 229 26 50 3 4 3 13 3 22 2 3 1 3 17 2 27 3 2 5 131 25 48 2 9 168 13 221 3 4 241 6 229 14 186 3 7 1 10 2 30 1 3 17 20 18 22 20 17 2 11 95 15 29 2 7 23 28 8 2 8 229 23 168 2 6 138 10 91 2 12 152 14 46 2 6 230 10 111 2 13 86 22 104 3 7 161 14 90 16 61 3 15 32 22 37 26 31 3 16 63 22 283 29 35 3 3 94 20 128 26 150 2 5 119 18 164 2 16 167 19 128 2 4 44 21 67 2 1 88 2 142 3 4 25 22 73 26 51 2 26 144 27 106 4 9 147 15 196 23 233 24 208 2 24 5 26 2 3 1 234 25 134 30 308 3 2 147 19 151 26 177 2 16 22 29 59 2 22 49 30 38
34 2 1 110 2 107 3 2 48 19 191 26 44 3 3 53 7 57 14 44 3 2 89 19 229 26 50 3 4 3 13 3 22 2 3 1 3 17 2 27 3 2 5 131 25 48 2 9 168 13 221 3 4 241 6 229 14 186 3 7 1 10 2 30 1 3 17 20 18 22 20 17 2 11 95 15 29 2 7 23 28 8 2 8 229 23 168 2 6 138 10 91 2 12 152 14 46 2 6 230 10 111 2 13 86 22 104 3 7 161 14 90 16 61 3 15 32 22 37 26 31 3 16 63 22 283 29 35 3 3 94 20 128 26 150 2 5 119 18 164 2 16 167 19 128 2 4 44 21 67 2 1 88 2 142 3 4 25 22 73 26 51 2 26 144 27 106 4 9 147 15 196 23 233 24 208 2 24 5 26 2 3 1 234 25 134 30 308 3 2 147 19 151 26 177 2 16 22 29 59 2 22 49 30 38
34 2 1 110 2 107 3 2 48 19 191 26 44 3 3 53 7 57 14 44 3 2 89 19 229 26 50 3 4 3 13 3 22 2 3 1 3 17 2 27 3 2 5 131 25 48 2 9 168 13 221 3 4 241 6 229 14 186 3 7 1 10 2 30 1 3 17 20 18 22 20 17 2 11 95 15 29 2 7 23 28 8 2 8 229 23 168 2 6 138 10 91 2 12 152 14 46 2 6 230 10 111 2 13 86 22 104 3 7 161 14 90 16 61 3 15 32 22 37 26 31 3 16 63 22 283 29 35 3 3 94 20 128 26 150 2 5 119 18 164 2 16 167 19 128 2 4 44 21 67 2 1 88 2 142 3 4 25 22 73 26 51 2 26 144 27 106 4 9 147 15 196 23 233 24 208 2 24 5 26 2 3 1 234 25 134 30 308 3 2 147 19 151 26 177 2 16 22 29 59 2 22 49 30 38
34 2 1 105 2 114 3 2 131 19 52 26 32 3 3 40 7 11 14 78 3 2 80 19 201 26 206 3 4 5 13 4 22 1 3 1 8 17 1 27 5 2 5 284 25 212 2 9 228 13 37 3 4 151 6 143 14 167 3 7 1 10 2 30 2 3 17 24 18 13 20 23 2 11 47 15 18 2 7 11 28 16 2 8 327 23 40 2 6 243 10 222 2 12 213 14 67 2 6 222 10 314 2 13 73 22 107 3 7 136 14 74 16 113 3 15 21 22 32 26 36 3 16 229 22 117 29 254 3 3 113 20 121 26 64 2 5 167 18 163 2 16 26 19 79 2 4 22 21 47 2 1 28 2 57 3 4 83 22 18 26 105 2 26 72 27 202 4 9 144 15 246 23 218 24 184 2 24 6 26 4 3 1 87 25 301 30 311 3 2 123 19 196 26 121 2 16 23 29 129 2 22 8 30 21
35 2 1 25 2 58 3 2 25 19 114 26 142 2 1 95 2 53 2 12 218 14 28 2 26 116 27 137 3 3 57 7 37 14 72 2 16 25 29 65 3 4 1 13 4 22 5 2 5 202 25 322 3 4 256 6 176 14 48 3 7 2 10 1 30 1 3 7 100 14 30 16 187 2 9 199 13 30 2 8 209 23 93 2 12 37 14 246 2 6 295 10 92 2 5 163 18 156 2 12 242 14 169 2 11 134 15 122 2 13 70 22 25 3 15 39 22 12 26 32 3 16 284 22 203 29 227 3 17 22 18 17 20 8 2 16 74 19 50 2 7 16 28 14 3 3 280 20 352 26 159 3 4 105 22 18 26 28 2 4 20 21 42 4 9 116 15 215 23 41 24 185 2 24 6 26 6 3 7 2 10 1 30 3 3 1 52 25 72 30 214 3 7 1 10 1 30 2 3 1 1 17 5 27 1 2 22 40 30 42
35 2 1 95 2 54 3 2 34 19 57 26 103 2 1 72 2 117 2 4 45 21 86 2 22 10 30 6 2 26 169 27 166 3 3 28 7 67 14 78 2 12 169 14 97 3 4 92 22 49 26 73 2 26 39 27 188 3 1 99 25 165 30 277 3 4 4 13 3 22 2 3 7 1 10 1 30 1 4 9 209 15 84 23 194 24 81 2 5 73 25 121 3 4 52 6 210 14 260 2 8 323 23 253 2 9 197 13 139 2 6 97 10 72 2 16 116 29 105 3 3 83 20 344 26 81 3 7 124 14 113 16 99 2 16 103 19 62 2 11 42 15 86 2 5 105 18 242 3 17 5 18 21 20 12 2 24 5 26 1 2 4 16 21 30 2 13 32 22 95 3 16 122 22 76 29 70 2 4 84 21 62 3 15 22 22 9 26 9 3 2 189 19 212 26 111 3 1 5 17 4 27 7 2 7 10 28 12
35 2 1 95 2 54 3 2 34 19 57 26 103 2 1 72 2 117 2 4 45 21 86 2 22 10 30 6 2 26 169 27 166 3 3 28 7 67 14 78 2 12 169 14 97 3 4 92 22 49 26 73 2 26 39 27 188 3 1 99 25 165 30 277 3 4 4 13 3 22 2 3 7 1 10 1 30 1 4 9 209 15 84 23 194 24 81 2 5 73 25 121 3 4 52 6 210 14 260 2 8 323 23 253 2 9 197 13 139 2 6 97 10 72 2 16 116 29 105 3 3 83 20 344 26 81 3 7 124 14 113 16 99 2 16 103 19 62 2 11 42 15 86 2 5 105 18 242 3 17 5 18 21 20 12 2 24 5 26 1 2 4 16 21 30 2 13 32 22 95 3 16 122 22 76 29 70 2 4 84 21 62 3 15 22 22 9 26 9 3 2 189 19 212 26 111 3 1 5 17 4 27 7 2 7 10 28 12
35 2 1 95 2 54 3 2 34 19 57 26 103 2 1 72 2 117 2 4 45 21 86 2 22 10 30 6 2 26 169 27 166 3 3 28 7 67 14 78 2 12 169 14 97 3 4 92 22 49 26 73 2 26 39 27 188 3 1 99 25 165 30 277 3 4 4 13 3 22 2 3 7 1 10 1 30 1 4 9 209 15 84 23 194 24 81 2 5 73 25 121 3 4 52 6 210 14 260 2 8 323 23 253 2 9 197 13 139 2 6 97 10 72 2 16 116 29 105 3 3 83 20 344 26 81 3 7 124 14 113 16 99 2 16 103 19 62 2 11 42 15 86 2 5 105 18 242 3 17 5 18 21 20 12 2 24 5 26 1 2 4 16 21 30 2 13 32 22 95 3 16 122 22 76 29 70 2 4 84 21 62 3 15 22 22 9 26 9 3 2 189 19 212 26 111 3 1 5 17 4 27 7 2 7 10 28 12
35 2 1 121 2 136 3 2 203 19 205 26 59 2 1 86 2 26 2 12 102 14 233 3 4 55 6 110 14 254 2 6 56 10 40 3 16 275 22 240 29 158 3 3 78 7 53 14 16 3 4 2 13 3 22 3 2 1 104 2 70 2 5 290 25 277 3 7 1 10 2 30 1 2 8 204 23 341 2 1 129 2 109 2 16 80 29 147 2 9 166 13 176 2 11 102 15 91 2 13 24 22 53 3 16 185 22 274 29 62 3 7 80 14 53 16 113 3 15 14 22 22 26 38 3 17 16 18 4 20 11 2 5 200 18 43 2 16 40 19 169 3 3 139 20 180 26 184 2 24 1 26 6 2 4 18 21 107 3 4 41 22 88 26 44 4 9 35 15 181 23 184 24 49 3 1 183 25 159 30 163 2 26 217 27 175 3 1 7 17 8 27 8 4 9 75 15 192 23 58 24 242 2 7 20 28 28 2 22 29 30 45
35 2 1 121 2 136 3 2 203 19 205 26 59 2 1 86 2 26 2 12 102 14 233 3 4 55 6 110 14 254 2 6 56 10 40 3 16 275 22 240 29 158 3 3 78 7 53 14 16 3 4 2 13 3 22 3 2 1 104 2 70 2 5 290 25 277 3 7 1 10 2 30 1 2 8 204 23 341 2 1 129 2 109 2 16 80 29 147 2 9 166 13 176 2 11 102 15 91 2 13 24 22 53 3 16 185 22 274 29 62 3 7 80 14 53 16 113 3 15 14 22 22 26 38 3 17 16 18 4 20 11 2 5 200 18 43 2 16 40 19 169 3 3 139 20 180 26 184 2 24 1 26 6 2 4 18 21 107 3 4 41 22 88 26 44 4 9 35 15 181 23 184 24 49 3 1 183 25 159 30 163 2 26 217 27 175 3 1 7 17 8 27 8 4 9 75 15 192 23 58 24 242 2 7 20 28 28 2 22 29 30 45
38 2 12 177 14 139 2 22 49 30 26 2 1 34 2 48 3 2 96 19 227 26 179 3 3 46 7 37 14 20 2 12 162 14 179 3 4 3 13 5 22 1 3 4 39 6 120 14 84 2 5 318 25 122 3 7 2 10 1 30 3 3 17 5 18 11 20 24 2 7 18 28 11 3 7 3 10 2 30 1 2 8 86 23 120 2 9 220 13 59 3 3 14 7 23 14 29 3 3 123 20 250 26 322 3 17 4 18 18 20 8 2 6 152 10 302 2 22 7 30 33 2 11 34 15 92 2 26 164 27 157 2 13 92 22 82 2 1 105 2 35 3 7 158 14 152 16 190 3 1 48 25 143 30 318 3 15 10 22 31 26 32 3 4 72 22 89 26 31 2 22 11 30 45 3 16 178 22 86 29 269 2 5 144 18 95 2 16 111 19 132 2 4 59 21 112 3 16 86 22 164 29 253 4 9 238 15 145 23 183 24 145 2 24 5 26 6 3 1 7 17 1 27 7 2 16 30 29 45
36 2 1 60 2 81 3 2 215 19 166 26 101 3 3 54 7 14 14 80 3 4 2 13 1 22 4 3 3 195 20 212 26 222 3 2 197 19 113 26 64 2 5 107 25 218 3 4 279 6 223 14 108 2 8 344 23 133 3 7 1 10 2 30 1 2 9 169 13 41 3 4 4 13 1 22 1 2 6 67 10 330 3 1 3 17 3 27 3 2 11 135 15 87 2 12 148 14 179 2 9 36 13 101 2 13 48 22 15 3 7 178 14 49 16 137 3 15 29 22 14 26 35 3 16 233 22 232 29 108 3 17 21 18 14 20 4 2 5 207 18 159 2 16 94 29 69 2 16 156 19 60 2 7 13 28 9 2 12 95 14 185 2 4 77 21 47 3 7 186 14 182 16 205 3 4 34 22 55 26 52 4 9 229 15 245 23 207 24 196 2 22 42 30 39 3 1 1 17 3 27 2 3 1 80 25 160 30 204 2 24 3 26 4 2 26 150 27 83
36 2 1 60 2 81 3 2 215 19 166 26 101 3 3 54 7 14 14 80 3 4 2 13 1 22 4 3 3 195 20 212 26 222 3 2 197 19 113 26 64 2 5 107 25 218 3 4 279 6 223 14 108 2 8 344 23 133 3 7 1 10 2 30 1 2 9 169 13 41 3 4 4 13 1 22 1 2 6 67 10 330 3 1 3 17 3 27 3 2 11 135 15 87 2 12 148 14 179 2 9 36 13 101 2 13 48 22 15 3 7 178 14 49 16 137 3 15 29 22 14 26 35 3 16 233 22 232 29 108 3 17 21 18 14 20 4 2 5 207 18 159 2 16 94 29 69 2 16 156 19 60 2 7 13 28 9 2 12 95 14 185 2 4 77 21 47 3 7 186 14 182 16 205 3 4 34 22 55 26 52 4 9 229 15 245 23 207 24 196 2 22 42 30 39 3 1 1 17 3 27 2 3 1 80 25 160 30 204 2 24 3 26 4 2 26 150 27 83
36 2 1 139 2 122 3 2 139 19 81 26 174 3 3 16 7 59 14 26 3 4 5 13 1 22 1 3 3 144 20 268 26 184 3 2 148 19 94 26 125 2 5 144 25 258 3 4 257 6 125 14 188 2 8 308 23 265 3 7 2 10 3 30 2 2 9 143 13 107 3 4 4 13 4 22 1 2 6 85 10 109 3 1 7 17 4 27 3 2 11 96 15 72 2 12 164 14 91 2 9 56 13 153 2 13 55 22 84 3 7 34 14 205 16 89 3 15 34 22 31 26 23 3 16 293 22 51 29 267 3 17 22 18 10 20 26 2 5 123 18 120 2 16 80 29 35 2 16 167 19 140 2 7 25 28 7 2 12 126 14 205 2 4 117 21 49 3 7 160 14 99 16 123 3 4 70 22 86 26 54 4 9 211 15 200 23 155 24 62 2 22 10 30 38 3 1 4 17 8 27 3 3 1 266 25 175 30 228 2 24 6 26 6 2 26 123 27 85
35 2 1 54 2 93 3 2 124 19 180 26 68 2 16 57 29 118 2 16 69 19 52 3 3 50 7 47 14 16 2 8 279 23 286 2 7 14 28 15 2 16 26 19 177 3 1 130 25 298 30 97 3 4 2 13 1 22 2 3 17 7 18 6 20 9 2 5 158 25 96 3 4 76 6 117 14 64 3 7 2 10 1 30 3 2 9 58 13 87 2 6 163 10 352 2 4 40 21 71 2 11 87 15 17 3 17 22 18 19 20 18 2 12 161 14 134 2 13 52 22 39 3 7 43 14 108 16 29 2 22 13 30 28 2 12 232 14 215 3 16 111 22 116 29 253 3 15 23 22 30 26 28 3 17 4 18 26 20 11 4 9 125 15 109 23 91 24 79 3 4 48 22 25 26 100 2 5 62 18 153 3 17 14 18 23 20 11 3 1 7 17 1 27 3 3 3 300 20 163 26 350 2 24 6 26 1 2 26 187 27 69
35 2 1 76 2 68 3 2 51 19 32 26 170 2 16 51 29 114 2 16 116 19 103 3 3 31 7 59 14 35 2 8 278 23 162 2 7 30 28 16 2 16 154 19 68 3 1 343 25 116 30 103 3 4 2 13 5 22 3 3 17 5 18 8 20 25 2 5 228 25 167 3 4 194 6 101 14 250 3 7 1 10 3 30 1 2 9 99 13 189 2 6 335 10 208 2 4 47 21 24 2 11 34 15 21 3 17 21 18 19 20 9 2 12 114 14 196 2 13 90 22 123 3 7 166 14 149 16 200 2 22 29 30 30 2 12 92 14 167 3 16 286 22 115 29 149 3 15 28 22 21 26 31 3 17 22 18 11 20 11 4 9 88 15 232 23 88 24 128 3 4 90 22 81 26 19 2 5 115 18 244 3 17 12 18 11 20 4 3 1 2 17 1 27 8 3 3 276 20 209 26 208 2 24 2 26 4 2 26 175 27 140
36 2 1 54 2 58 3 2 207 19 188 26 43 2 1 86 2 121 3 3 33 7 76 14 15 3 4 3 13 3 22 4 3 2 79 19 40 26 58 2 8 103 23 261 2 7 26 28 29 3 17 23 18 12 20 19 2 5 228 25 259 3 4 66 6 173 14 82 3 7 1 10 1 30 3 2 9 131 13 136 2 6 320 10 255 4 9 146 15 61 23 219 24 214 2 8 246 23 115 2 11 17 15 131 2 12 225 14 30 2 13 53 22 38 4 9 190 15 28 23 190 24 220 3 7 71 14 141 16 130 2 6 149 10 209 3 15 38 22 8 26 15 2 16 29 29 21 3 16 261 22 104 29 263 2 5 173 18 81 2 16 84 19 167 3 3 80 20 192 26 174 2 4 85 21 115 3 4 56 22 101 26 57 2 24 2 26 4 3 1 314 25 294 30 276 2 26 29 27 140 3 15 12 22 14 26 12 2 22 41 30 14 3 1 6 17 3 27 7
36 2 1 54 2 58 3 2 207 19 188 26 43 2 1 86 2 121 3 3 33 7 76 14 15 3 4 3 13 3 22 4 3 2 79 19 40 26 58 2 8 103 23 261 2 7 26 28 29 3 17 23 18 12 20 19 2 5 228 25 259 3 4 66 6 173 14 82 3 7 1 10 1 30 3 2 9 131 13 136 2 6 320 10 255 4 9 146 15 61 23 219 24 214 2 8 246 23 115 2 11 17 15 131 2 12 225 14 30 2 13 53 22 38 4 9 190 15 28 23 190 24 220 3 7 71 14 141 16 130 2 6 149 10 209 3 15 38 22 8 26 15 2 16 29 29 21 3 16 261 22 104 29 263 2 5 173 18 81 2 16 84 19 167 3 3 80 20 192 26 174 2 4 85 21 115 3 4 56 22 101 26 57 2 24 2 26 4 3 1 314 25 294 30 276 2 26 29 27 140 3 15 12 22 14 26 12 2 22 41 30 14 3 1 6 17 3 27 7
37 2 1 90 2 72 3 2 95 19 158 26 47 3 3 63 7 21 14 23 2 7 22 28 5 3 2 105 19 208 26 193 3 4 1 13 2 22 4 2 5 125 25 131 3 7 200 14 149 16 206 2 5 118 18 140 3 4 227 6 102 14 82 3 2 102 19 107 26 213 3 1 2 17 3 27 4 3 4 5 13 2 22 3 3 7 1 10 2 30 3 2 8 148 23 76 2 26 197 27 217 3 15 28 22 6 26 17 2 7 4 28 7 2 9 56 13 36 3 15 34 22 36 26 29 3 3 273 20 127 26 190 2 6 230 10 210 2 11 105 15 80 2 12 237 14 175 3 16 276 22 111 29 265 2 13 94 22 102 2 24 3 26 1 3 1 77 25 191 30 54 3 17 10 18 9 20 18 2 5 312 25 235 2 16 141 19 101 3 3 108 20 99 26 139 2 4 22 21 98 3 4 67 22 24 26 85 2 22 36 30 12 2 16 119 29 29 4 9 106 15 33 23 176 24 186
34 2 1 68 2 71 3 2 116 19 206 26 73 3 3 30 7 46 14 35 3 2 192 19 120 26 66 3 4 1 13 2 22 1 3 1 2 17 2 27 6 2 5 237 25 52 2 9 169 13 34 3 4 102 6 275 14 52 3 7 1 10 2 30 3 3 17 17 18 13 20 23 2 11 78 15 124 2 7 18 28 8 2 8 313 23 68 2 6 84 10 263 2 12 68 14 38 2 6 116 10 325 2 13 43 22 43 3 7 34 14 59 16 115 3 15 29 22 11 26 28 3 16 71 22 276 29 70 3 3 132 20 98 26 286 2 5 44 18 81 2 16 140 19 162 2 4 55 21 98 2 1 140 2 79 3 4 73 22 100 26 92 2 26 213 27 124 4 9 180 15 157 23 192 24 64 2 24 2 26 1 3 1 104 25 212 30 49 3 2 215 19 207 26 223 2 16 107 29 91 2 22 44 30 13
35 2 1 95 2 58 3 2 185 19 152 26 34 2 16 62 29 46 2 16 121 19 95 3 3 46 7 58 14 33 2 8 40 23 318 2 7 26 28 20 2 16 45 19 23 3 1 168 25 111 30 224 3 4 4 13 1 22 5 3 17 21 18 3 20 3 2 5 116 25 49 3 4 39 6 223 14 64 3 7 3 10 1 30 2 2 9 71 13 119 2 6 128 10 195 2 4 14 21 105 2 11 115 15 38 3 17 23 18 18 20 15 2 12 55 14 225 2 13 123 22 61 3 7 27 14 35 16 61 2 22 40 30 11 2 12 215 14 206 3 16 270 22 105 29 105 3 15 32 22 31 26 17 3 17 8 18 10 20 24 4 9 52 15 81 23 224 24 76 3 4 92 22 100 26 90 2 5 113 18 237 3 17 11 18 25 20 22 3 1 3 17 3 27 3 3 3 258 20 257 26 252 2 24 1 26 2 2 26 229 27 127
35 2 1 130 2 63 3 2 123 19 79 26 131 2 16 90 29 101 2 16 124 19 120 3 3 10 7 52 14 75 2 8 339 23 105 2 7 11 28 25 2 16 135 19 91 3 1 275 25 218 30 345 3 4 3 13 3 22 1 3 17 22 18 21 20 16 2 5 123 25 291 3 4 160 6 185 14 95 3 7 2 10 1 30 1 2 9 232 13 194 2 6 336 10 116 2 4 53 21 81 2 11 59 15 60 3 17 24 18 25 20 10 2 12 143 14 177 2 13 60 22 82 3 7 193 14 36 16 102 2 22 31 30 49 2 12 28 14 32 3 16 52 22 233 29 177 3 15 35 22 32 26 13 3 17 4 18 8 20 14 4 9 184 15 198 23 215 24 126 3 4 56 22 98 26 29 2 5 96 18 40 3 17 9 18 7 20 5 3 1 1 17 4 27 7 3 3 326 20 170 26 80 2 24 4 26 1 2 26 42 27 100
35 2 1 68 2 47 3 2 181 19 215 26 106 2 16 65 29 22 2 16 156 19 106 3 3 49 7 50 14 64 2 8 130 23 58 2 7 22 28 21 2 16 131 19 34 3 1 240 25 341 30 170 3 4 1 13 2 22 4 3 17 3 18 6 20 5 2 5 53 25 243 3 4 204 6 94 14 171 3 7 2 10 1 30 2 2 9 44 13 56 2 6 150 10 245 2 4 100 21 111 2 11 91 15 80 3 17 10 18 12 20 26 2 12 68 14 131 2 13 31 22 49 3 7 54 14 55 16 147 2 22 30 30 21 2 12 179 14 212 3 16 94 22 46 29 214 3 15 11 22 11 26 28 3 17 8 18 14 20 17 4 9 200 15 55 23 155 24 199 3 4 74 22 96 26 98 2 5 32 18 180 3 17 19 18 4 20 21 3 1 1 17 3 27 1 3 3 263 20 317 26 336 2 24 3 26 7 2 26 115 27 151
35 2 1 51 2 77 3 2 59 19 179 26 39 2 1 44 2 120 2 12 162 14 99 2 26 211 27 103 3 3 18 7 42 14 44 2 16 143 29 92 3 4 4 13 2 22 3 2 5 122 25 227 3 4 68 6 66 14 32 3 7 1 10 1 30 3 3 7 189 14 24 16 142 2 9 89 13 91 2 8 195 23 108 2 12 88 14 105 2 6 205 10 67 2 5 173 18 47 2 12 200 14 110 2 11 67 15 36 2 13 97 22 61 3 15 9 22 13 26 18 3 16 248 22 99 29 255 3 17 3 18 16 20 5 2 16 70 19 155 2 7 17 28 5 3 3 143 20 140 26 156 3 4 27 22 56 26 29 2 4 71 21 31 4 9 113 15 53 23 108 24 88 2 24 2 26 2 3 7 3 10 1 30 1 3 1 174 25 305 30 161 3 7 2 10 1 30 1 3 1 5 17 5 27 8 2 22 26 30 46
35 2 1 51 2 77 3 2 59 19 179 26 39 2 1 44 2 120 2 12 162 14 99 2 26 211 27 103 3 3 18 7 42 14 44 2 16 143 29 92 3 4 4 13 2 22 3 2 5 122 25 227 3 4 68 6 66 14 32 3 7 1 10 1 30 3 3 7 189 14 24 16 142 2 9 89 13 91 2 8 195 23 108 2 12 88 14 105 2 6 205 10 67 2 5 173 18 47 2 12 200 14 110 2 11 67 15 36 2 13 97 22 61 3 15 9 22 13 26 18 3 16 248 22 99 29 255 3 17 3 18 16 20 5 2 16 70 19 155 2 7 17 28 5 3 3 143 20 140 26 156 3 4 27 22 56 26 29 2 4 71 21 31 4 9 113 15 53 23 108 24 88 2 24 2 26 2 3 7 3 10 1 30 1 3 1 174 25 305 30 161 3 7 2 10 1 30 1 3 1 5 17 5 27 8 2 22 26 30 46
34 2 1 103 2 52 3 2 81 19 131 26 108 3 3 18 7 76 14 71 3 2 205 19 123 26 148 3 4 1 13 5 22 5 3 1 8 17 1 27 3 2 5 330 25 252 2 9 155 13 33 3 4 168 6 204 14 259 3 7 1 10 2 30 1 3 17 19 18 21 20 9 2 11 107 15 53 2 7 24 28 6 2 8 80 23 330 2 6 68 10 178 2 12 211 14 31 2 6 125 10 116 2 13 24 22 125 3 7 209 14 60 16 147 3 15 38 22 8 26 11 3 16 228 22 175 29 101 3 3 278 20 67 26 247 2 5 242 18 122 2 16 44 19 80 2 4 79 21 70 2 1 103 2 57 3 4 70 22 72 26 37 2 26 26 27 132 4 9 142 15 228 23 131 24 244 2 24 4 26 6 3 1 325 25 207 30 238 3 2 207 19 147 26 220 2 16 78 29 144 2 22 16 30 46
34 2 1 103 2 52 3 2 81 19 131 26 108 3 3 18 7 76 14 71 3 2 205 19 123 26 148 3 4 1 13 5 22 5 3 1 8 17 1 27 3 2 5 330 25 252 2 9 155 13 33 3 4 168 6 204 14 259 3 7 1 10 2 30 1 3 17 19 18 21 20 9 2 11 107 15 53 2 7 24 28 6 2 8 80 23 330 2 6 68 10 178 2 12 211 14 31 2 6 125 10 116 2 13 24 22 125 3 7 209 14 60 16 147 3 15 38 22 8 26 11 3 16 228 22 175 29 101 3 3 278 20 67 26 247 2 5 242 18 122 2 16 44 19 80 2 4 79 21 70 2 1 103 2 57 3 4 70 22 72 26 37 2 26 26 27 132 4 9 142 15 228 23 131 24 244 2 24 4 26 6 3 1 325 25 207 30 238 3 2 207 19 147 26 220 2 16 78 29 144 2 22 16 30 46
37 2 1 119 2 24 3 2 109 19 48 26 150 3 3 66 7 26 14 45 2 7 30 28 11 3 2 60 19 189 26 183 3 4 1 13 4 22 5 2 5 62 25 213 3 7 191 14 157 16 61 2 5 198 18 165 3 4 280 6 120 14 43 3 2 79 19 181 26 33 3 1 7 17 1 27 1 3 4 4 13 2 22 3 3 7 2 10 1 30 1 2 8 215 23 192 2 26 75 27 210 3 15 20 22 15 26 34 2 7 27 28 14 2 9 85 13 186 3 15 10 22 29 26 22 3 3 331 20 323 26 170 2 6 59 10 84 2 11 53 15 123 2 12 63 14 37 3 16 61 22 195 29 55 2 13 79 22 82 2 24 3 26 4 3 1 116 25 56 30 46 3 17 19 18 9 20 20 2 5 216 25 247 2 16 161 19 77 3 3 336 20 350 26 86 2 4 98 21 88 3 4 15 22 23 26 104 2 22 31 30 17 2 16 159 29 136 4 9 56 15 169 23 210 24 219
37 2 1 91 2 69 3 4 144 6 241 14 85 3 3 306 20 109 26 118 3 4 77 6 83 14 191 3 2 177 19 115 26 165 3 3 20 7 22 14 75 2 6 59 10 214 2 13 103 22 114 3 3 14 7 30 14 62 3 4 4 13 3 22 3 2 5 146 25 223 2 7 13 28 10 2 6 299 10 304 2 8 163 23 85 3 7 3 10 3 30 2 2 26 108 27 105 2 9 111 13 123 2 11 18 15 47 2 12 93 14 183 2 7 9 28 9 3 7 46 14 149 16 120 3 7 3 10 1 30 1 3 15 20 22 7 26 25 3 16 189 22 128 29 203 4 9 108 15 119 23 238 24 177 3 17 24 18 4 20 17 3 1 6 17 7 27 3 3 4 1 13 2 22 3 2 5 116 18 71 2 24 6 26 5 3 4 67 22 96 26 73 2 1 43 2 135 3 1 118 25 315 30 89 2 16 52 19 66 2 22 47 30 18 2 16 40 29 38 2 4 30 21 100
37 2 1 104 2 138 3 4 157 6 36 14 255 3 3 291 20 99 26 171 3 4 229 6 205 14 184 3 2 224 19 166 26 178 3 3 26 7 31 14 13 2 6 249 10 238 2 13 60 22 26 3 3 59 7 40 14 63 3 4 4 13 5 22 3 2 5 221 25 298 2 7 11 28 22 2 6 124 10 88 2 8 301 23 346 3 7 1 10 2 30 2 2 26 41 27 63 2 9 27 13 175 2 11 22 15 95 2 12 71 14 31 2 7 18 28 17 3 7 115 14 77 16 75 3 7 3 10 2 30 1 3 15 10 22 27 26 36 3 16 175 22 235 29 90 4 9 28 15 182 23 182 24 235 3 17 9 18 25 20 5 3 1 7 17 3 27 5 3 4 2 13 2 22 3 2 5 118 18 112 2 24 2 26 1 3 4 12 22 70 26 99 2 1 42 2 94 3 1 193 25 52 30 55 2 16 98 19 139 2 22 8 30 22 2 16 146 29 141 2 4 49 21 41
35 2 1 114 2 90 3 2 141 19 30 26 180 2 1 135 2 58 2 12 79 14 48 3 4 112 6 53 14 149 2 6 137 10 188 3 16 226 22 114 29 40 3 3 40 7 63 14 11 3 4 3 13 2 22 1 2 1 100 2 96 2 5 123 25 136 3 7 1 10 2 30 1 2 8 40 23 52 2 1 123 2 53 2 16 37 29 54 2 9 64 13 212 2 11 16 15 93 2 13 124 22 119 3 16 143 22 124 29 115 3 7 112 14 202 16 140 3 15 11 22 20 26 31 3 17 8 18 13 20 16 2 5 171 18 149 2 16 174 19 101 3 3 299 20 346 26 199 2 24 2 26 2 2 4 78 21 58 3 4 55 22 35 26 31 4 9 108 15 233 23 126 24 61 3 1 102 25 157 30 51 2 26 215 27 230 3 1 6 17 5 27 4 4 9 150 15 88 23 138 24 111 2 7 10 28 6 2 22 46 30 32
38 2 1 72 2 132 3 2 114 19 227 26 189 3 1 260 25 74 30 204 3 3 53 7 40 14 32 3 4 3 13 4 22 3 3 2 219 19 26 26 214 3 4 265 6 215 14 186 2 12 127 14 146 2 5 311 25 223 2 24 3 26 5 3 7 1 10 2 30 3 2 6 172 10 140 3 15 23 22 15 26 23 3 4 4 13 1 22 2 2 8 70 23 54 2 6 135 10 274 2 26 90 27 210 2 6 154 10 137 2 9 120 13 74 2 11 137 15 70 2 13 38 22 80 3 4 1 13 2 22 4 3 7 92 14 53 16 193 3 4 30 22 48 26 65 3 7 156 14 209 16 65 3 16 279 22 260 29 290 2 16 132 19 146 3 1 2 17 4 27 5 2 8 203 23 74 2 7 14 28 23 3 3 230 20 354 26 347 2 22 32 30 41 3 17 18 18 4 20 22 2 1 137 2 31 2 5 206 18 225 2 4 104 21 30 4 9 236 15 241 23 171 24 75 2 16 140 29 87
38 2 1 72 2 132 3 2 114 19 227 26 189 3 1 260 25 74 30 204 3 3 53 7 40 14 32 3 4 3 13 4 22 3 3 2 219 19 26 26 214 3 4 265 6 215 14 186 2 12 127 14 146 2 5 311 25 223 2 24 3 26 5 3 7 1 10 2 30 3 2 6 172 10 140 3 15 23 22 15 26 23 3 4 4 13 1 22 2 2 8 70 23 54 2 6 135 10 274 2 26 90 27 210 2 6 154 10 137 2 9 120 13 74 2 11 137 15 70 2 13 38 22 80 3 4 1 13 2 22 4 3 7 92 14 53 16 193 3 4 30 22 48 26 65 3 7 156 14 209 16 65 3 16 279 22 260 29 290 2 16 132 19 146 3 1 2 17 4 27 5 2 8 203 23 74 2 7 14 28 23 3 3 230 20 354 26 347 2 22 32 30 41 3 17 18 18 4 20 22 2 1 137 2 31 2 5 206 18 225 2 4 104 21 30 4 9 236 15 241 23 171 24 75 2 16 140 29 87
38 2 1 91 2 143 3 2 90 19 121 26 80 3 3 19 7 30 14 59 3 2 81 19 157 26 98 3 4 1 13 1 22 1 2 5 94 25 200 3 3 73 7 44 14 71 2 4 62 21 103 3 4 208 6 224 14 266 3 4 96 22 99 26 34 3 7 2 10 3 30 2 3 17 10 18 8 20 8 3 4 2 13 2 22 2 2 8 103 23 320 3 16 108 22 253 29 215 2 5 154 25 97 2 9 69 13 137 2 6 224 10 254 2 24 1 26 4 2 1 17 2 108 2 11 61 15 125 2 12 242 14 85 3 17 6 18 14 20 22 2 13 55 22 40 3 7 71 14 179 16 161 3 15 19 22 21 26 28 2 5 200 18 63 2 16 67 19 106 2 7 27 28 19 3 3 195 20 338 26 350 4 9 79 15 189 23 146 24 122 3 1 123 25 335 30 149 2 26 165 27 113 3 1 1 17 7 27 3 4 9 226 15 160 23 165 24 244 2 16 101 29 81 3 3 56 7 13 14 16 2 22 6 30 49
38 2 12 230 14 31 2 22 21 30 20 2 1 131 2 70 3 2 77 19 66 26 50 3 3 43 7 31 14 39 2 12 244 14 83 3 4 2 13 2 22 2 3 4 136 6 83 14 210 2 5 328 25 51 3 7 1 10 1 30 1 3 17 8 18 19 20 26 2 7 11 28 27 3 7 3 10 1 30 1 2 8 112 23 275 2 9 223 13 181 3 3 75 7 62 14 33 3 3 330 20 108 26 317 3 17 8 18 13 20 16 2 6 347 10 64 2 22 13 30 26 2 11 59 15 102 2 26 39 27 224 2 13 19 22 74 2 1 142 2 45 3 7 79 14 173 16 133 3 1 197 25 151 30 183 3 15 36 22 6 26 22 3 4 98 22 95 26 71 2 22 32 30 8 3 16 126 22 234 29 119 2 5 192 18 171 2 16 125 19 97 2 4 20 21 36 3 16 94 22 273 29 265 4 9 80 15 89 23 202 24 34 2 24 1 26 5 3 1 6 17 2 27 5 2 16 85 29 99
35 2 1 111 2 25 3 2 138 19 159 26 67 2 16 75 29 111 2 16 135 19 93 3 3 72 7 39 14 65 2 8 86 23 175 2 7 8 28 20 2 16 34 19 118 3 1 111 25 323 30 140 3 4 4 13 4 22 2 3 17 22 18 5 20 25 2 5 200 25 163 3 4 92 6 146 14 260 3 7 2 10 1 30 2 2 9 87 13 67 2 6 241 10 257 2 4 59 21 78 2 11 91 15 127 3 17 18 18 21 20 6 2 12 164 14 244 2 13 105 22 26 3 7 116 14 152 16 142 2 22 29 30 10 2 12 222 14 54 3 16 172 22 284 29 203 3 15 18 22 13 26 39 3 17 7 18 4 20 12 4 9 88 15 165 23 245 24 141 3 4 16 22 96 26 70 2 5 233 18 64 3 17 21 18 19 20 18 3 1 4 17 7 27 1 3 3 120 20 125 26 276 2 24 4 26 1 2 26 167 27 127
36 3 7 111 14 131 16 143 2 1 104 2 28 3 7 104 14 108 16 185 3 2 198 19 93 26 132 3 3 76 7 35 14 45 3 4 3 13 1 22 1 2 16 107 29 76 2 24 3 26 4 2 5 229 25 126 3 4 124 6 47 14 281 3 7 2 10 1 30 3 2 8 52 23 219 2 9 67 13 40 3 3 281 20 197 26 354 2 6 84 10 190 2 1 136 2 116 3 4 73 22 65 26 49 2 1 119 2 117 2 26 185 27 199 2 12 174 14 127 3 2 100 19 186 26 109 2 4 61 21 28 2 11 96 15 48 3 17 20 18 6 20 25 3 1 8 17 6 27 6 2 9 155 13 214 2 13 33 22 78 3 17 7 18 6 20 20 3 15 10 22 27 26 4 3 16 107 22 63 29 62 2 5 112 18 84 2 16 72 19 93 4 9 168 15 187 23 129 24 48 3 1 132 25 91 30 154 2 7 22 28 17 2 22 9 30 49
35 2 1 24 2 134 3 2 224 19 215 26 66 2 16 40 29 33 2 16 88 19 115 3 3 14 7 76 14 50 2 8 64 23 313 2 7 19 28 26 2 16 32 19 94 3 1 139 25 126 30 246 3 4 2 13 1 22 3 3 17 26 18 24 20 17 2 5 112 25 302 3 4 57 6 251 14 82 3 7 1 10 1 30 1 2 9 100 13 75 2 6 284 10 188 2 4 117 21 97 2 11 110 15 104 3 17 11 18 16 20 14 2 12 234 14 197 2 13 80 22 75 3 7 30 14 73 16 75 2 22 19 30 33 2 12 195 14 228 3 16 144 22 234 29 280 3 15 17 22 23 26 12 3 17 26 18 13 20 16 4 9 36 15 160 23 108 24 184 3 4 78 22 60 26 29 2 5 117 18 107 3 17 22 18 13 20 17 3 1 3 17 3 27 1 3 3 202 20 181 26 211 2 24 2 26 1 2 26 216 27 199
39 2 1 124 2 22 3 2 91 19 66 26 56 3 3 75 7 15 14 58 3 4 2 13 2 22 4 3 3 39 7 80 14 52 2 5 44 25 87 3 4 3 13 4 22 3 2 4 113 21 63 2 16 35 19 110 2 7 20 28 23 2 26 127 27 60 2 7 28 28 14 3 4 102 6 187 14 184 3 2 134 19 150 26 37 3 7 3 10 1 30 1 3 3 37 7 13 14 42 2 8 282 23 269 3 1 3 17 2 27 6 2 9 55 13 56 2 6 104 10 140 3 1 7 17 4 27 8 2 11 93 15 15 2 12 222 14 139 3 16 187 22 249 29 147 2 13 59 22 101 3 7 152 14 35 16 29 3 15 35 22 12 26 10 4 9 235 15 218 23 115 24 86 3 17 18 18 23 20 11 3 4 1 13 2 22 4 2 5 232 18 104 3 4 93 22 41 26 83 2 16 126 29 20 3 3 239 20 84 26 300 2 5 121 18 113 2 22 47 30 15 2 24 4 26 3 2 16 156 29 69 3 1 319 25 134 30 227
36 2 1 129 2 120 3 2 133 19 151 26 138 2 1 26 2 55 3 3 23 7 52 14 82 3 4 4 13 1 22 3 3 2 157 19 45 26 64 2 8 247 23 159 2 7 11 28 15 3 17 4 18 12 20 22 2 5 168 25 140 3 4 187 6 243 14 45 3 7 3 10 2 30 2 2 9 211 13 217 2 6 87 10 176 4 9 208 15 112 23 88 24 177 2 8 153 23 109 2 11 106 15 32 2 12 198 14 228 2 13 25 22 104 4 9 29 15 174 23 49 24 31 3 7 158 14 177 16 65 2 6 79 10 235 3 15 23 22 4 26 7 2 16 42 29 63 3 16 88 22 201 29 220 2 5 115 18 183 2 16 156 19 169 3 3 145 20 129 26 45 2 4 92 21 72 3 4 102 22 93 26 42 2 24 1 26 4 3 1 78 25 254 30 63 2 26 70 27 185 3 15 27 22 32 26 34 2 22 21 30 40 3 1 5 17 2 27 2
35 2 1 25 2 125 3 2 178 19 220 26 204 2 1 57 2 137 2 4 95 21 115 2 22 44 30 23 2 26 109 27 133 3 3 54 7 43 14 65 2 12 101 14 137 3 4 38 22 66 26 61 2 26 211 27 92 3 1 81 25 232 30 228 3 4 1 13 1 22 1 3 7 1 10 2 30 1 4 9 234 15 162 23 53 24 141 2 5 240 25 268 3 4 100 6 96 14 166 2 8 229 23 153 2 9 39 13 181 2 6 279 10 113 2 16 79 29 135 3 3 190 20 69 26 228 3 7 160 14 27 16 190 2 16 32 19 149 2 11 91 15 63 2 5 163 18 173 3 17 24 18 21 20 22 2 24 3 26 3 2 4 113 21 102 2 13 43 22 103 3 16 254 22 69 29 71 2 4 114 21 25 3 15 23 22 31 26 9 3 2 136 19 78 26 186 3 1 3 17 5 27 3 2 7 25 28 24
35 2 1 25 2 125 3 2 178 19 220 26 204 2 1 57 2 137 2 4 95 21 115 2 22 44 30 23 2 26 109 27 133 3 3 54 7 43 14 65 2 12 101 14 137 3 4 38 22 66 26 61 2 26 211 27 92 3 1 81 25 232 30 228 3 4 1 13 1 22 1 3 7 1 10 2 30 1 4 9 234 15 162 23 53 24 141 2 5 240 25 268 3 4 100 6 96 14 166 2 8 229 23 153 2 9 39 13 181 2 6 279 10 113 2 16 79 29 135 3 3 190 20 69 26 228 3 7 160 14 27 16 190 2 16 32 19 149 2 11 91 15 63 2 5 163 18 173 3 17 24 18 21 20 22 2 24 3 26 3 2 4 113 21 102 2 13 43 22 103 3 16 254 22 69 29 71 2 4 114 21 25 3 15 23 22 31 26 9 3 2 136 19 78 26 186 3 1 3 17 5 27 3 2 7 25 28 24
35 3 7 163 14 81 16 91 2 1 30 2 56 3 2 98 19 167 26 75 3 3 10 7 83 14 24 3 3 340 20 299 26 144 3 2 97 19 218 26 150 3 4 1 13 3 22 1 3 15 7 22 9 26 26 3 7 191 14 25 16 212 2 26 131 27 185 2 1 103 2 88 2 5 281 25 275 3 1 5 17 4 27 1 2 4 56 21 71 3 4 137 6 103 14 198 2 26 26 27 131 3 7 1 10 1 30 3 2 8 184 23 151 2 9 77 13 139 2 6 122 10 156 2 7 13 28 10 2 9 88 13 85 2 22 11 30 37 2 24 3 26 2 2 11 130 15 123 2 12 37 14 94 2 13 120 22 67 4 9 217 15 103 23 131 24 37 3 16 216 22 138 29 281 3 17 16 18 13 20 18 2 5 144 18 32 2 16 91 19 93 3 4 79 22 15 26 35 2 16 153 29 33 3 1 282 25 325 30 170
35 2 1 35 2 61 3 2 82 19 143 26 160 2 1 21 2 115 2 4 107 21 17 2 22 28 30 51 2 26 152 27 60 3 3 27 7 65 14 58 2 12 100 14 93 3 4 44 22 37 26 31 2 26 173 27 212 3 1 79 25 67 30 140 3 4 3 13 2 22 1 3 7 1 10 3 30 3 4 9 110 15 124 23 168 24 94 2 5 98 25 200 3 4 48 6 123 14 255 2 8 120 23 172 2 9 89 13 77 2 6 270 10 305 2 16 65 29 75 3 3 330 20 339 26 185 3 7 167 14 30 16 170 2 16 20 19 151 2 11 29 15 22 2 5 167 18 115 3 17 11 18 24 20 11 2 24 6 26 4 2 4 34 21 79 2 13 63 22 89 3 16 140 22 159 29 164 2 4 33 21 67 3 15 37 22 15 26 27 3 2 98 19 167 26 81 3 1 2 17 6 27 7 2 7 11 28 8
DUE_DATES: 6190 6190 6190 6515 6515 6590 6070 6070 6070 6377 5870 5733 5733 5733 6611 6611 6211 6540 6540 6501 5477 6197 6707 6707 6437 5879 5385 5891 5562 5129 5129 6520 6520 6312 5706 6039 5738 7594 7594 6795 6359 5951 5978 6070 5748 6271 6400 6400 6258 5619
WEIGHTS: 2 3 2 3 2 1 2 2 3 3 2 1 1 3 2 3 3 3 2 3 2 3 1 1 1 3 3 3 2 1 1 1 2 3 3 1 1 3 2 2 2 3 2 3 2 1 2 3 1 2
