50 30
38 3 1 343 16 257 19 251 2 11 229 23 29 3 1 247 16 316 19 131 1 22 220 3 9 302 16 288 23 60 3 2 101 18 71 20 84 2 3 34 20 150 2 11 39 23 62 3 4 100 20 131 30 140 3 5 8 18 3 29 1 2 3 62 20 221 2 6 92 18 76 2 7 32 11 39 2 8 254 16 81 2 10 37 11 92 2 6 86 18 151 2 8 14 27 29 2 14 95 17 97 3 3 200 19 160 20 194 2 11 140 28 56 2 12 87 14 49 3 5 201 13 326 30 298 3 2 217 14 86 15 49 2 15 177 21 99 2 9 42 16 75 3 9 116 25 113 30 127 2 8 144 16 246 2 18 285 27 214 2 9 119 20 69 2 15 192 21 197 3 3 72 7 106 28 304 2 12 30 14 130 2 21 84 25 204 3 17 223 24 250 25 159 3 7 34 17 73 24 51 2 11 103 23 216 2 15 35 29 27 2 17 77 26 143
38 3 1 158 16 254 19 294 2 11 142 23 90 3 1 118 16 85 19 164 1 22 99 3 9 46 16 192 23 157 3 2 95 18 147 20 74 2 3 178 20 32 2 11 148 23 64 3 4 64 20 201 30 215 3 5 6 18 8 29 5 2 3 132 20 213 2 6 113 18 22 2 7 44 11 50 2 8 132 16 204 2 10 63 11 56 2 6 117 18 160 2 8 45 27 9 2 14 94 17 100 3 3 64 19 232 20 76 2 11 61 28 77 2 12 68 14 75 3 5 72 13 293 30 251 3 2 122 14 121 15 43 2 15 93 21 188 2 9 207 16 191 3 9 43 25 161 30 247 2 8 206 16 75 2 18 137 27 131 2 9 118 20 66 2 15 207 21 36 3 3 149 7 283 28 246 2 12 132 14 149 2 21 65 25 124 3 17 68 24 66 25 70 3 7 130 17 27 24 37 2 11 139 23 150 2 15 107 29 137 2 17 100 26 119
38 3 1 158 16 254 19 294 2 11 142 23 90 3 1 118 16 85 19 164 1 22 99 3 9 46 16 192 23 157 3 2 95 18 147 20 74 2 3 178 20 32 2 11 148 23 64 3 4 64 20 201 30 215 3 5 6 18 8 29 5 2 3 132 20 213 2 6 113 18 22 2 7 44 11 50 2 8 132 16 204 2 10 63 11 56 2 6 117 18 160 2 8 45 27 9 2 14 94 17 100 3 3 64 19 232 20 76 2 11 61 28 77 2 12 68 14 75 3 5 72 13 293 30 251 3 2 122 14 121 15 43 2 15 93 21 188 2 9 207 16 191 3 9 43 25 161 30 247 2 8 206 16 75 2 18 137 27 131 2 9 118 20 66 2 15 207 21 36 3 3 149 7 283 28 246 2 12 132 14 149 2 21 65 25 124 3 17 68 24 66 25 70 3 7 130 17 27 24 37 2 11 139 23 150 2 15 107 29 137 2 17 100 26 119
38 3 1 158 16 254 19 294 2 11 142 23 90 3 1 118 16 85 19 164 1 22 99 3 9 46 16 192 23 157 3 2 95 18 147 20 74 2 3 178 20 32 2 11 148 23 64 3 4 64 20 201 30 215 3 5 6 18 8 29 5 2 3 132 20 213 2 6 113 18 22 2 7 44 11 50 2 8 132 16 204 2 10 63 11 56 2 6 117 18 160 2 8 45 27 9 2 14 94 17 100 3 3 64 19 232 20 76 2 11 61 28 77 2 12 68 14 75 3 5 72 13 293 30 251 3 2 122 14 121 15 43 2 15 93 21 188 2 9 207 16 191 3 9 43 25 161 30 247 2 8 206 16 75 2 18 137 27 131 2 9 118 20 66 2 15 207 21 36 3 3 149 7 283 28 246 2 12 132 14 149 2 21 65 25 124 3 17 68 24 66 25 70 3 7 130 17 27 24 37 2 11 139 23 150 2 15 107 29 137 2 17 100 26 119
38 3 1 158 16 254 19 294 2 11 142 23 90 3 1 118 16 85 19 164 1 22 99 3 9 46 16 192 23 157 3 2 95 18 147 20 74 2 3 178 20 32 2 11 148 23 64 3 4 64 20 201 30 215 3 5 6 18 8 29 5 2 3 132 20 213 2 6 113 18 22 2 7 44 11 50 2 8 132 16 204 2 10 63 11 56 2 6 117 18 160 2 8 45 27 9 2 14 94 17 100 3 3 64 19 232 20 76 2 11 61 28 77 2 12 68 14 75 3 5 72 13 293 30 251 3 2 122 14 121 15 43 2 15 93 21 188 2 9 207 16 191 3 9 43 25 161 30 247 2 8 206 16 75 2 18 137 27 131 2 9 118 20 66 2 15 207 21 36 3 3 149 7 283 28 246 2 12 132 14 149 2 21 65 25 124 3 17 68 24 66 25 70 3 7 130 17 27 24 37 2 11 139 23 150 2 15 107 29 137 2 17 100 26 119
38 3 1 158 16 254 19 294 2 11 142 23 90 3 1 118 16 85 19 164 1 22 99 3 9 46 16 192 23 157 3 2 95 18 147 20 74 2 3 178 20 32 2 11 148 23 64 3 4 64 20 201 30 215 3 5 6 18 8 29 5 2 3 132 20 213 2 6 113 18 22 2 7 44 11 50 2 8 132 16 204 2 10 63 11 56 2 6 117 18 160 2 8 45 27 9 2 14 94 17 100 3 3 64 19 232 20 76 2 11 61 28 77 2 12 68 14 75 3 5 72 13 293 30 251 3 2 122 14 121 15 43 2 15 93 21 188 2 9 207 16 191 3 9 43 25 161 30 247 2 8 206 16 75 2 18 137 27 131 2 9 118 20 66 2 15 207 21 36 3 3 149 7 283 28 246 2 12 132 14 149 2 21 65 25 124 3 17 68 24 66 25 70 3 7 130 17 27 24 37 2 11 139 23 150 2 15 107 29 137 2 17 100 26 119
38 2 15 204 21 156 3 1 157 16 121 19 161 2 15 71 21 66 3 2 77 18 115 20 98 2 15 119 21 156 2 3 163 20 189 3 4 139 20 129 30 74 3 7 48 17 132 24 122 2 11 186 23 102 3 5 1 18 2 29 8 2 6 41 18 58 2 7 11 11 15 2 21 100 25 94 2 8 30 16 194 2 11 151 23 92 1 22 128 3 9 324 16 220 23 333 3 4 352 20 180 30 320 2 10 80 11 70 2 11 141 28 34 2 12 155 14 61 3 5 326 13 309 30 77 3 2 213 14 161 15 33 2 9 127 16 212 3 17 45 24 59 25 202 2 10 32 11 70 2 9 19 20 119 2 17 45 26 104 2 10 101 11 58 2 14 211 17 83 2 18 214 27 179 3 3 214 19 47 20 103 2 18 231 27 284 2 8 9 27 42 3 3 175 7 119 28 39 2 21 32 25 44 2 15 192 29 177 3 9 109 25 96 30 55
38 2 15 204 21 156 3 1 157 16 121 19 161 2 15 71 21 66 3 2 77 18 115 20 98 2 15 119 21 156 2 3 163 20 189 3 4 139 20 129 30 74 3 7 48 17 132 24 122 2 11 186 23 102 3 5 1 18 2 29 8 2 6 41 18 58 2 7 11 11 15 2 21 100 25 94 2 8 30 16 194 2 11 151 23 92 1 22 128 3 9 324 16 220 23 333 3 4 352 20 180 30 320 2 10 80 11 70 2 11 141 28 34 2 12 155 14 61 3 5 326 13 309 30 77 3 2 213 14 161 15 33 2 9 127 16 212 3 17 45 24 59 25 202 2 10 32 11 70 2 9 19 20 119 2 17 45 26 104 2 10 101 11 58 2 14 211 17 83 2 18 214 27 179 3 3 214 19 47 20 103 2 18 231 27 284 2 8 9 27 42 3 3 175 7 119 28 39 2 21 32 25 44 2 15 192 29 177 3 9 109 25 96 30 55
39 2 17 68 26 139 3 3 99 7 222 28 155 3 1 308 16 45 19 129 2 3 213 20 221 3 2 122 18 191 20 135 3 9 212 25 130 30 276 2 3 66 20 81 3 4 193 20 304 30 90 3 5 6 18 5 29 1 2 8 20 27 31 3 3 288 7 269 28 225 2 6 65 18 63 3 9 185 25 77 30 253 2 7 41 11 28 3 2 169 18 142 20 130 3 9 85 16 66 23 258 3 4 231 20 201 30 211 3 5 290 13 303 30 180 3 7 57 17 39 24 97 2 8 75 16 239 2 10 13 11 13 3 3 256 7 130 28 246 3 3 111 19 129 20 238 2 11 79 28 106 3 5 229 13 320 30 267 2 12 90 14 53 3 2 102 14 71 15 168 2 15 214 21 70 2 14 211 17 71 3 9 90 25 279 30 208 2 9 114 20 105 2 21 115 25 107 2 9 51 16 174 2 15 129 29 79 2 18 102 27 177 1 22 208 2 10 113 11 39 2 11 199 23 186 3 17 212 24 140 25 57
39 2 17 68 26 139 3 3 99 7 222 28 155 3 1 308 16 45 19 129 2 3 213 20 221 3 2 122 18 191 20 135 3 9 212 25 130 30 276 2 3 66 20 81 3 4 193 20 304 30 90 3 5 6 18 5 29 1 2 8 20 27 31 3 3 288 7 269 28 225 2 6 65 18 63 3 9 185 25 77 30 253 2 7 41 11 28 3 2 169 18 142 20 130 3 9 85 16 66 23 258 3 4 231 20 201 30 211 3 5 290 13 303 30 180 3 7 57 17 39 24 97 2 8 75 16 239 2 10 13 11 13 3 3 256 7 130 28 246 3 3 111 19 129 20 238 2 11 79 28 106 3 5 229 13 320 30 267 2 12 90 14 53 3 2 102 14 71 15 168 2 15 214 21 70 2 14 211 17 71 3 9 90 25 279 30 208 2 9 114 20 105 2 21 115 25 107 2 9 51 16 174 2 15 129 29 79 2 18 102 27 177 1 22 208 2 10 113 11 39 2 11 199 23 186 3 17 212 24 140 25 57
39 2 17 68 26 139 3 3 99 7 222 28 155 3 1 308 16 45 19 129 2 3 213 20 221 3 2 122 18 191 20 135 3 9 212 25 130 30 276 2 3 66 20 81 3 4 193 20 304 30 90 3 5 6 18 5 29 1 2 8 20 27 31 3 3 288 7 269 28 225 2 6 65 18 63 3 9 185 25 77 30 253 2 7 41 11 28 3 2 169 18 142 20 130 3 9 85 16 66 23 258 3 4 231 20 201 30 211 3 5 290 13 303 30 180 3 7 57 17 39 24 97 2 8 75 16 239 2 10 13 11 13 3 3 256 7 130 28 246 3 3 111 19 129 20 238 2 11 79 28 106 3 5 229 13 320 30 267 2 12 90 14 53 3 2 102 14 71 15 168 2 15 214 21 70 2 14 211 17 71 3 9 90 25 279 30 208 2 9 114 20 105 2 21 115 25 107 2 9 51 16 174 2 15 129 29 79 2 18 102 27 177 1 22 208 2 10 113 11 39 2 11 199 23 186 3 17 212 24 140 25 57
39 2 17 68 26 139 3 3 99 7 222 28 155 3 1 308 16 45 19 129 2 3 213 20 221 3 2 122 18 191 20 135 3 9 212 25 130 30 276 2 3 66 20 81 3 4 193 20 304 30 90 3 5 6 18 5 29 1 2 8 20 27 31 3 3 288 7 269 28 225 2 6 65 18 63 3 9 185 25 77 30 253 2 7 41 11 28 3 2 169 18 142 20 130 3 9 85 16 66 23 258 3 4 231 20 201 30 211 3 5 290 13 303 30 180 3 7 57 17 39 24 97 2 8 75 16 239 2 10 13 11 13 3 3 256 7 130 28 246 3 3 111 19 129 20 238 2 11 79 28 106 3 5 229 13 320 30 267 2 12 90 14 53 3 2 102 14 71 15 168 2 15 214 21 70 2 14 211 17 71 3 9 90 25 279 30 208 2 9 114 20 105 2 21 115 25 107 2 9 51 16 174 2 15 129 29 79 2 18 102 27 177 1 22 208 2 10 113 11 39 2 11 199 23 186 3 17 212 24 140 25 57
38 2 15 84 21 274 3 1 124 16 88 19 180 2 15 271 21 285 3 2 125 18 184 20 165 2 15 150 21 190 2 3 67 20 45 3 4 269 20 268 30 278 3 7 60 17 101 24 114 2 11 70 23 122 3 5 7 18 4 29 7 2 6 51 18 113 2 7 20 11 47 2 21 113 25 63 2 8 173 16 190 2 11 49 23 54 1 22 193 3 9 158 16 279 23 62 3 4 184 20 230 30 101 2 10 73 11 38 2 11 76 28 129 2 12 145 14 101 3 5 323 13 254 30 201 3 2 94 14 239 15 39 2 9 194 16 83 3 17 70 24 63 25 210 2 10 48 11 97 2 9 41 20 36 2 17 163 26 130 2 10 105 11 95 2 14 189 17 178 2 18 301 27 46 3 3 271 19 196 20 201 2 18 227 27 215 2 8 37 27 16 3 3 300 7 66 28 178 2 21 226 25 43 2 15 84 29 119 3 9 129 25 200 30 236
38 2 15 84 21 274 3 1 124 16 88 19 180 2 15 271 21 285 3 2 125 18 184 20 165 2 15 150 21 190 2 3 67 20 45 3 4 269 20 268 30 278 3 7 60 17 101 24 114 2 11 70 23 122 3 5 7 18 4 29 7 2 6 51 18 113 2 7 20 11 47 2 21 113 25 63 2 8 173 16 190 2 11 49 23 54 1 22 193 3 9 158 16 279 23 62 3 4 184 20 230 30 101 2 10 73 11 38 2 11 76 28 129 2 12 145 14 101 3 5 323 13 254 30 201 3 2 94 14 239 15 39 2 9 194 16 83 3 17 70 24 63 25 210 2 10 48 11 97 2 9 41 20 36 2 17 163 26 130 2 10 105 11 95 2 14 189 17 178 2 18 301 27 46 3 3 271 19 196 20 201 2 18 227 27 215 2 8 37 27 16 3 3 300 7 66 28 178 2 21 226 25 43 2 15 84 29 119 3 9 129 25 200 30 236
38 2 15 84 21 274 3 1 124 16 88 19 180 2 15 271 21 285 3 2 125 18 184 20 165 2 15 150 21 190 2 3 67 20 45 3 4 269 20 268 30 278 3 7 60 17 101 24 114 2 11 70 23 122 3 5 7 18 4 29 7 2 6 51 18 113 2 7 20 11 47 2 21 113 25 63 2 8 173 16 190 2 11 49 23 54 1 22 193 3 9 158 16 279 23 62 3 4 184 20 230 30 101 2 10 73 11 38 2 11 76 28 129 2 12 145 14 101 3 5 323 13 254 30 201 3 2 94 14 239 15 39 2 9 194 16 83 3 17 70 24 63 25 210 2 10 48 11 97 2 9 41 20 36 2 17 163 26 130 2 10 105 11 95 2 14 189 17 178 2 18 301 27 46 3 3 271 19 196 20 201 2 18 227 27 215 2 8 37 27 16 3 3 300 7 66 28 178 2 21 226 25 43 2 15 84 29 119 3 9 129 25 200 30 236
35 3 1 312 16 257 19 68 2 10 60 11 87 3 1 192 16 199 19 104 1 22 186 3 2 68 18 91 20 134 2 15 86 29 147 2 18 128 27 67 2 3 152 20 59 3 4 229 20 187 30 109 3 5 4 18 6 29 2 3 5 259 13 311 30 137 2 6 109 18 115 1 22 84 2 7 19 11 10 2 9 47 20 19 2 8 91 16 153 3 9 257 16 109 23 222 2 11 138 28 59 2 12 78 14 116 3 9 220 25 135 30 131 3 5 279 13 166 30 126 3 2 198 14 219 15 98 2 15 175 21 268 2 9 120 16 178 2 9 89 20 110 2 14 124 17 190 3 3 124 19 157 20 157 2 21 147 25 160 2 11 83 23 153 3 7 86 17 133 24 124 3 17 76 24 99 25 68 3 3 45 7 80 28 110 1 22 79 2 17 45 26 67 2 8 33 27 43
35 3 1 312 16 257 19 68 2 10 60 11 87 3 1 192 16 199 19 104 1 22 186 3 2 68 18 91 20 134 2 15 86 29 147 2 18 128 27 67 2 3 152 20 59 3 4 229 20 187 30 109 3 5 4 18 6 29 2 3 5 259 13 311 30 137 2 6 109 18 115 1 22 84 2 7 19 11 10 2 9 47 20 19 2 8 91 16 153 3 9 257 16 109 23 222 2 11 138 28 59 2 12 78 14 116 3 9 220 25 135 30 131 3 5 279 13 166 30 126 3 2 198 14 219 15 98 2 15 175 21 268 2 9 120 16 178 2 9 89 20 110 2 14 124 17 190 3 3 124 19 157 20 157 2 21 147 25 160 2 11 83 23 153 3 7 86 17 133 24 124 3 17 76 24 99 25 68 3 3 45 7 80 28 110 1 22 79 2 17 45 26 67 2 8 33 27 43
31 1 22 150 3 9 208 16 46 23 239 3 1 211 16 276 19 198 3 2 166 18 152 20 39 2 15 162 29 75 2 3 178 20 61 3 4 62 20 313 30 215 3 5 3 18 2 29 4 2 9 67 20 83 2 6 41 18 110 2 7 17 11 39 2 8 188 16 197 2 18 62 27 301 3 3 80 19 85 20 244 2 10 101 11 109 3 9 52 25 178 30 218 2 11 50 28 91 2 11 36 23 121 2 12 128 14 121 2 17 171 26 177 3 5 65 13 139 30 217 2 15 171 21 77 3 2 31 14 165 15 115 2 9 103 16 150 2 8 13 27 28 3 3 129 7 197 28 202 3 9 207 25 34 30 135 2 14 173 17 213 2 21 151 25 189 3 7 108 17 84 24 141 3 17 55 24 151 25 49
31 1 22 150 3 9 208 16 46 23 239 3 1 211 16 276 19 198 3 2 166 18 152 20 39 2 15 162 29 75 2 3 178 20 61 3 4 62 20 313 30 215 3 5 3 18 2 29 4 2 9 67 20 83 2 6 41 18 110 2 7 17 11 39 2 8 188 16 197 2 18 62 27 301 3 3 80 19 85 20 244 2 10 101 11 109 3 9 52 25 178 30 218 2 11 50 28 91 2 11 36 23 121 2 12 128 14 121 2 17 171 26 177 3 5 65 13 139 30 217 2 15 171 21 77 3 2 31 14 165 15 115 2 9 103 16 150 2 8 13 27 28 3 3 129 7 197 28 202 3 9 207 25 34 30 135 2 14 173 17 213 2 21 151 25 189 3 7 108 17 84 24 141 3 17 55 24 151 25 49
35 3 1 71 16 232 19 96 2 9 26 20 120 3 2 201 18 24 20 77 2 3 69 20 27 3 1 186 16 234 19 84 2 6 51 18 34 2 3 209 20 179 3 4 161 20 96 30 304 3 5 5 18 8 29 5 2 9 142 16 89 2 9 112 20 80 2 7 7 11 13 2 17 88 26 170 2 3 129 20 106 2 8 79 16 55 3 9 253 16 48 23 185 2 11 61 23 120 3 7 31 17 36 24 23 3 3 256 19 264 20 71 2 10 57 11 77 2 11 74 28 65 3 17 145 24 122 25 127 3 2 267 14 125 15 87 2 18 211 27 299 2 15 271 21 46 3 9 198 16 80 23 199 2 12 49 14 27 2 21 118 25 104 3 5 162 13 277 30 50 2 8 15 27 47 2 14 187 17 74 1 22 100 3 3 278 7 166 28 278 2 15 131 29 85 3 9 154 25 78 30 38
35 3 1 71 16 232 19 96 2 9 26 20 120 3 2 201 18 24 20 77 2 3 69 20 27 3 1 186 16 234 19 84 2 6 51 18 34 2 3 209 20 179 3 4 161 20 96 30 304 3 5 5 18 8 29 5 2 9 142 16 89 2 9 112 20 80 2 7 7 11 13 2 17 88 26 170 2 3 129 20 106 2 8 79 16 55 3 9 253 16 48 23 185 2 11 61 23 120 3 7 31 17 36 24 23 3 3 256 19 264 20 71 2 10 57 11 77 2 11 74 28 65 3 17 145 24 122 25 127 3 2 267 14 125 15 87 2 18 211 27 299 2 15 271 21 46 3 9 198 16 80 23 199 2 12 49 14 27 2 21 118 25 104 3 5 162 13 277 30 50 2 8 15 27 47 2 14 187 17 74 1 22 100 3 3 278 7 166 28 278 2 15 131 29 85 3 9 154 25 78 30 38
41 2 11 136 23 73 3 1 298 16 112 19 282 3 2 160 18 125 20 68 2 3 140 20 56 3 2 77 18 37 20 113 2 12 155 14 95 2 11 211 23 140 3 4 152 20 212 30 82 2 11 212 23 232 3 5 5 18 6 29 8 3 1 67 16 133 19 149 3 9 191 16 223 23 222 3 2 205 18 194 20 77 2 6 35 18 153 2 21 96 25 64 2 7 38 11 15 2 8 116 16 238 2 11 215 23 116 3 3 150 19 115 20 113 2 10 52 11 83 2 7 37 11 47 2 15 189 29 47 2 14 31 17 84 2 9 93 16 135 2 11 143 28 111 2 6 91 18 83 3 7 135 17 38 24 71 3 5 154 13 303 30 122 3 3 263 19 61 20 86 3 2 35 14 79 15 140 2 7 22 11 17 2 15 126 21 49 2 18 107 27 77 2 17 23 26 91 3 3 260 19 286 20 65 2 9 88 20 78 1 22 189 3 17 42 24 105 25 222 2 8 32 27 9 3 9 238 25 86 30 84 3 3 85 7 157 28 294
35 3 1 324 16 167 19 143 2 10 95 11 86 3 1 81 16 71 19 325 1 22 109 3 2 156 18 41 20 44 2 15 163 29 124 2 18 205 27 41 2 3 144 20 240 3 4 164 20 227 30 179 3 5 3 18 1 29 5 3 5 267 13 238 30 240 2 6 95 18 106 1 22 164 2 7 43 11 21 2 9 28 20 83 2 8 199 16 107 3 9 329 16 179 23 313 2 11 142 28 40 2 12 147 14 67 3 9 65 25 77 30 138 3 5 100 13 248 30 124 3 2 149 14 161 15 80 2 15 65 21 236 2 9 225 16 78 2 9 40 20 25 2 14 151 17 130 3 3 113 19 248 20 274 2 21 170 25 28 2 11 168 23 192 3 7 119 17 125 24 130 3 17 230 24 245 25 89 3 3 234 7 137 28 295 1 22 175 2 17 126 26 78 2 8 42 27 15
35 3 1 324 16 167 19 143 2 10 95 11 86 3 1 81 16 71 19 325 1 22 109 3 2 156 18 41 20 44 2 15 163 29 124 2 18 205 27 41 2 3 144 20 240 3 4 164 20 227 30 179 3 5 3 18 1 29 5 3 5 267 13 238 30 240 2 6 95 18 106 1 22 164 2 7 43 11 21 2 9 28 20 83 2 8 199 16 107 3 9 329 16 179 23 313 2 11 142 28 40 2 12 147 14 67 3 9 65 25 77 30 138 3 5 100 13 248 30 124 3 2 149 14 161 15 80 2 15 65 21 236 2 9 225 16 78 2 9 40 20 25 2 14 151 17 130 3 3 113 19 248 20 274 2 21 170 25 28 2 11 168 23 192 3 7 119 17 125 24 130 3 17 230 24 245 25 89 3 3 234 7 137 28 295 1 22 175 2 17 126 26 78 2 8 42 27 15
37 3 1 320 16 270 19 145 2 8 39 27 8 3 2 201 18 121 20 139 2 3 131 20 111 3 7 144 17 101 24 123 3 4 121 20 67 30 167 1 22 160 3 17 244 24 137 25 75 3 7 64 17 61 24 50 3 5 1 18 4 29 6 2 9 284 16 215 2 6 42 18 145 3 17 228 24 170 25 162 2 7 40 11 6 2 8 104 16 29 2 10 59 11 55 3 9 47 16 99 23 182 2 11 62 28 66 3 2 135 18 183 20 147 2 12 30 14 48 2 3 168 20 190 3 5 124 13 257 30 74 3 2 149 14 101 15 194 3 9 172 25 108 30 200 2 15 278 21 188 2 14 27 17 60 2 18 169 27 240 2 17 65 26 27 3 3 52 19 49 20 269 2 9 67 20 20 2 14 36 17 161 2 21 90 25 197 2 10 99 11 62 3 3 183 7 74 28 83 2 11 176 23 241 3 2 168 14 214 15 72 2 15 145 29 164
36 3 1 343 16 54 19 233 3 2 153 18 40 20 173 3 1 138 16 70 19 66 2 3 187 20 172 3 3 237 19 212 20 139 3 4 164 20 267 30 96 3 7 141 17 124 24 131 3 5 4 18 1 29 8 3 3 266 7 305 28 96 2 6 121 18 159 3 3 278 7 244 28 271 2 7 46 11 29 3 9 179 16 136 23 116 2 9 242 16 79 3 1 258 16 64 19 203 2 8 206 16 240 2 10 66 11 43 2 11 142 28 75 2 12 151 14 154 2 15 62 21 249 3 2 222 14 38 15 212 2 11 223 23 164 2 10 74 11 15 3 5 224 13 247 30 327 2 9 149 16 285 2 17 63 26 67 2 14 91 17 214 3 1 236 16 138 19 113 2 18 172 27 274 2 8 17 27 18 2 9 77 20 112 2 21 29 25 163 3 17 204 24 88 25 195 1 22 32 3 9 38 25 147 30 208 2 15 160 29 29
33 3 1 79 16 244 19 258 2 6 113 18 72 2 15 142 29 192 3 2 125 14 244 15 38 3 2 52 18 104 20 119 2 6 51 18 104 2 3 49 20 129 3 4 135 20 94 30 296 3 5 1 18 4 29 4 2 7 29 11 29 2 21 134 25 206 3 3 49 7 153 28 107 2 17 103 26 20 2 18 248 27 244 2 9 206 16 117 2 15 85 21 212 3 2 140 14 226 15 74 2 8 121 16 182 3 9 178 16 212 23 87 2 10 102 11 87 3 9 239 25 143 30 75 2 11 142 28 74 3 7 50 17 25 24 151 2 11 187 23 159 2 10 27 11 97 2 12 95 14 133 2 14 161 17 101 3 3 294 19 140 20 223 3 5 193 13 124 30 300 2 9 121 20 47 2 8 46 27 49 1 22 167 3 17 210 24 217 25 210
35 3 17 34 24 228 25 64 3 2 252 14 129 15 268 2 15 72 29 192 3 1 143 16 125 19 294 2 8 46 27 49 3 2 96 18 88 20 91 3 5 299 13 129 30 154 2 3 159 20 211 2 15 171 29 156 3 4 314 20 166 30 141 3 5 6 18 5 29 2 2 6 90 18 102 3 17 241 24 201 25 96 2 7 46 11 22 3 7 120 17 74 24 107 3 4 320 20 52 30 202 2 8 76 16 209 2 15 199 29 81 3 3 270 19 72 20 54 3 9 175 16 134 23 169 3 3 301 7 180 28 67 2 11 95 28 95 2 6 94 18 166 3 9 259 25 149 30 192 2 17 56 26 73 2 14 98 17 59 2 10 96 11 48 2 12 48 14 54 2 15 194 21 261 1 22 110 2 18 107 27 68 2 9 194 16 340 2 9 30 20 106 2 21 178 25 93 2 11 240 23 205
35 3 17 34 24 228 25 64 3 2 252 14 129 15 268 2 15 72 29 192 3 1 143 16 125 19 294 2 8 46 27 49 3 2 96 18 88 20 91 3 5 299 13 129 30 154 2 3 159 20 211 2 15 171 29 156 3 4 314 20 166 30 141 3 5 6 18 5 29 2 2 6 90 18 102 3 17 241 24 201 25 96 2 7 46 11 22 3 7 120 17 74 24 107 3 4 320 20 52 30 202 2 8 76 16 209 2 15 199 29 81 3 3 270 19 72 20 54 3 9 175 16 134 23 169 3 3 301 7 180 28 67 2 11 95 28 95 2 6 94 18 166 3 9 259 25 149 30 192 2 17 56 26 73 2 14 98 17 59 2 10 96 11 48 2 12 48 14 54 2 15 194 21 261 1 22 110 2 18 107 27 68 2 9 194 16 340 2 9 30 20 106 2 21 178 25 93 2 11 240 23 205
33 3 1 308 16 187 19 162 2 6 135 18 64 2 15 38 29 165 3 2 230 14 206 15 195 3 2 46 18 88 20 86 2 6 149 18 51 2 3 95 20 33 3 4 206 20 265 30 55 3 5 7 18 3 29 5 2 7 48 11 20 2 21 221 25 103 3 3 130 7 135 28 168 2 17 159 26 129 2 18 267 27 123 2 9 163 16 165 2 15 54 21 56 3 2 136 14 68 15 248 2 8 249 16 149 3 9 91 16 326 23 246 2 10 109 11 14 3 9 284 25 237 30 33 2 11 89 28 83 3 7 118 17 91 24 73 2 11 51 23 163 2 10 46 11 83 2 12 37 14 87 2 14 144 17 128 3 3 69 19 100 20 33 3 5 271 13 50 30 60 2 9 121 20 89 2 8 39 27 48 1 22 188 3 17 194 24 107 25 197
33 3 1 308 16 187 19 162 2 6 135 18 64 2 15 38 29 165 3 2 230 14 206 15 195 3 2 46 18 88 20 86 2 6 149 18 51 2 3 95 20 33 3 4 206 20 265 30 55 3 5 7 18 3 29 5 2 7 48 11 20 2 21 221 25 103 3 3 130 7 135 28 168 2 17 159 26 129 2 18 267 27 123 2 9 163 16 165 2 15 54 21 56 3 2 136 14 68 15 248 2 8 249 16 149 3 9 91 16 326 23 246 2 10 109 11 14 3 9 284 25 237 30 33 2 11 89 28 83 3 7 118 17 91 24 73 2 11 51 23 163 2 10 46 11 83 2 12 37 14 87 2 14 144 17 128 3 3 69 19 100 20 33 3 5 271 13 50 30 60 2 9 121 20 89 2 8 39 27 48 1 22 188 3 17 194 24 107 25 197
33 3 1 308 16 187 19 162 2 6 135 18 64 2 15 38 29 165 3 2 230 14 206 15 195 3 2 46 18 88 20 86 2 6 149 18 51 2 3 95 20 33 3 4 206 20 265 30 55 3 5 7 18 3 29 5 2 7 48 11 20 2 21 221 25 103 3 3 130 7 135 28 168 2 17 159 26 129 2 18 267 27 123 2 9 163 16 165 2 15 54 21 56 3 2 136 14 68 15 248 2 8 249 16 149 3 9 91 16 326 23 246 2 10 109 11 14 3 9 284 25 237 30 33 2 11 89 28 83 3 7 118 17 91 24 73 2 11 51 23 163 2 10 46 11 83 2 12 37 14 87 2 14 144 17 128 3 3 69 19 100 20 33 3 5 271 13 50 30 60 2 9 121 20 89 2 8 39 27 48 1 22 188 3 17 194 24 107 25 197
36 3 1 272 16 222 19 40 3 2 34 18 112 20 139 2 3 155 20 236 3 4 322 20 161 30 346 2 9 319 16 272 3 5 6 18 4 29 3 3 4 192 20 278 30 41 3 2 229 14 213 15 136 2 6 71 18 57 2 7 31 11 44 2 10 25 11 65 2 11 91 23 111 2 8 164 16 206 3 3 238 19 148 20 110 1 22 53 3 4 120 20 231 30 201 3 9 48 16 176 23 53 2 11 59 28 76 2 12 147 14 77 2 18 272 27 194 3 1 71 16 226 19 229 3 5 283 13 294 30 210 2 7 15 11 9 3 17 88 24 101 25 174 2 15 198 21 55 3 3 85 7 152 28 220 2 8 7 27 50 2 6 120 18 151 2 14 141 17 50 2 3 186 20 236 2 15 177 29 134 2 9 47 20 39 2 21 205 25 35 3 7 137 17 122 24 135 3 9 76 25 211 30 53 2 17 81 26 44
36 3 1 272 16 222 19 40 3 2 34 18 112 20 139 2 3 155 20 236 3 4 322 20 161 30 346 2 9 319 16 272 3 5 6 18 4 29 3 3 4 192 20 278 30 41 3 2 229 14 213 15 136 2 6 71 18 57 2 7 31 11 44 2 10 25 11 65 2 11 91 23 111 2 8 164 16 206 3 3 238 19 148 20 110 1 22 53 3 4 120 20 231 30 201 3 9 48 16 176 23 53 2 11 59 28 76 2 12 147 14 77 2 18 272 27 194 3 1 71 16 226 19 229 3 5 283 13 294 30 210 2 7 15 11 9 3 17 88 24 101 25 174 2 15 198 21 55 3 3 85 7 152 28 220 2 8 7 27 50 2 6 120 18 151 2 14 141 17 50 2 3 186 20 236 2 15 177 29 134 2 9 47 20 39 2 21 205 25 35 3 7 137 17 122 24 135 3 9 76 25 211 30 53 2 17 81 26 44
34 2 8 40 27 37 3 1 72 16 245 19 296 3 2 41 18 160 20 193 2 17 85 26 53 2 3 61 20 45 3 2 232 14 214 15 214 2 8 34 27 17 2 7 47 11 31 3 4 257 20 245 30 347 3 5 7 18 4 29 8 2 6 78 18 44 2 8 209 16 107 2 17 151 26 58 3 9 318 16 189 23 69 2 10 111 11 67 2 11 24 28 73 2 11 165 23 96 2 8 31 16 31 2 9 57 16 215 2 7 49 11 50 2 12 34 14 110 3 17 204 24 248 25 49 3 5 81 13 251 30 237 3 3 120 7 107 28 268 2 15 263 21 73 2 14 155 17 156 3 9 65 25 248 30 82 2 15 159 29 99 2 18 148 27 278 2 9 31 20 38 3 7 115 17 71 24 61 3 3 124 19 55 20 254 2 21 201 25 55 1 22 38
34 2 8 40 27 37 3 1 72 16 245 19 296 3 2 41 18 160 20 193 2 17 85 26 53 2 3 61 20 45 3 2 232 14 214 15 214 2 8 34 27 17 2 7 47 11 31 3 4 257 20 245 30 347 3 5 7 18 4 29 8 2 6 78 18 44 2 8 209 16 107 2 17 151 26 58 3 9 318 16 189 23 69 2 10 111 11 67 2 11 24 28 73 2 11 165 23 96 2 8 31 16 31 2 9 57 16 215 2 7 49 11 50 2 12 34 14 110 3 17 204 24 248 25 49 3 5 81 13 251 30 237 3 3 120 7 107 28 268 2 15 263 21 73 2 14 155 17 156 3 9 65 25 248 30 82 2 15 159 29 99 2 18 148 27 278 2 9 31 20 38 3 7 115 17 71 24 61 3 3 124 19 55 20 254 2 21 201 25 55 1 22 38
35 3 1 91 16 127 19 81 3 9 283 25 117 30 189 2 6 147 18 39 3 2 153 18 148 20 81 2 3 66 20 65 3 4 112 20 119 30 86 3 5 8 18 1 29 6 3 5 108 13 196 30 323 3 3 244 7 295 28 291 2 7 32 11 38 2 8 22 27 17 2 8 73 16 190 3 9 217 16 103 23 268 3 3 303 7 160 28 105 3 3 124 19 257 20 216 2 3 199 20 188 1 22 179 2 15 139 21 258 2 10 43 11 68 1 22 75 3 7 145 17 128 24 121 2 11 99 28 91 2 15 66 29 187 2 12 29 14 124 3 2 90 14 104 15 158 2 9 173 16 194 2 10 97 11 76 2 21 64 25 104 2 14 133 17 81 2 6 41 18 66 2 18 56 27 199 2 17 47 26 40 2 11 94 23 113 2 9 29 20 105 3 17 209 24 246 25 31
35 3 1 91 16 127 19 81 3 9 283 25 117 30 189 2 6 147 18 39 3 2 153 18 148 20 81 2 3 66 20 65 3 4 112 20 119 30 86 3 5 8 18 1 29 6 3 5 108 13 196 30 323 3 3 244 7 295 28 291 2 7 32 11 38 2 8 22 27 17 2 8 73 16 190 3 9 217 16 103 23 268 3 3 303 7 160 28 105 3 3 124 19 257 20 216 2 3 199 20 188 1 22 179 2 15 139 21 258 2 10 43 11 68 1 22 75 3 7 145 17 128 24 121 2 11 99 28 91 2 15 66 29 187 2 12 29 14 124 3 2 90 14 104 15 158 2 9 173 16 194 2 10 97 11 76 2 21 64 25 104 2 14 133 17 81 2 6 41 18 66 2 18 56 27 199 2 17 47 26 40 2 11 94 23 113 2 9 29 20 105 3 17 209 24 246 25 31
41 2 11 216 23 156 3 1 233 16 323 19 186 3 2 72 18 73 20 31 2 3 120 20 93 3 2 36 18 206 20 40 2 12 92 14 58 2 11 83 23 51 3 4 341 20 352 30 342 2 11 71 23 33 3 5 8 18 4 29 7 3 1 205 16 275 19 143 3 9 338 16 79 23 186 3 2 45 18 98 20 33 2 6 61 18 100 2 21 112 25 161 2 7 10 11 18 2 8 168 16 67 2 11 169 23 64 3 3 72 19 179 20 120 2 10 85 11 30 2 7 9 11 19 2 15 189 29 196 2 14 97 17 31 2 9 40 16 344 2 11 151 28 66 2 6 56 18 90 3 7 69 17 139 24 148 3 5 324 13 64 30 118 3 3 61 19 236 20 194 3 2 242 14 82 15 198 2 7 43 11 41 2 15 73 21 282 2 18 36 27 178 2 17 90 26 172 3 3 258 19 208 20 230 2 9 43 20 55 1 22 202 3 17 229 24 165 25 76 2 8 43 27 8 3 9 116 25 199 30 106 3 3 81 7 130 28 89
41 2 11 216 23 156 3 1 233 16 323 19 186 3 2 72 18 73 20 31 2 3 120 20 93 3 2 36 18 206 20 40 2 12 92 14 58 2 11 83 23 51 3 4 341 20 352 30 342 2 11 71 23 33 3 5 8 18 4 29 7 3 1 205 16 275 19 143 3 9 338 16 79 23 186 3 2 45 18 98 20 33 2 6 61 18 100 2 21 112 25 161 2 7 10 11 18 2 8 168 16 67 2 11 169 23 64 3 3 72 19 179 20 120 2 10 85 11 30 2 7 9 11 19 2 15 189 29 196 2 14 97 17 31 2 9 40 16 344 2 11 151 28 66 2 6 56 18 90 3 7 69 17 139 24 148 3 5 324 13 64 30 118 3 3 61 19 236 20 194 3 2 242 14 82 15 198 2 7 43 11 41 2 15 73 21 282 2 18 36 27 178 2 17 90 26 172 3 3 258 19 208 20 230 2 9 43 20 55 1 22 202 3 17 229 24 165 25 76 2 8 43 27 8 3 9 116 25 199 30 106 3 3 81 7 130 28 89
41 2 11 216 23 156 3 1 233 16 323 19 186 3 2 72 18 73 20 31 2 3 120 20 93 3 2 36 18 206 20 40 2 12 92 14 58 2 11 83 23 51 3 4 341 20 352 30 342 2 11 71 23 33 3 5 8 18 4 29 7 3 1 205 16 275 19 143 3 9 338 16 79 23 186 3 2 45 18 98 20 33 2 6 61 18 100 2 21 112 25 161 2 7 10 11 18 2 8 168 16 67 2 11 169 23 64 3 3 72 19 179 20 120 2 10 85 11 30 2 7 9 11 19 2 15 189 29 196 2 14 97 17 31 2 9 40 16 344 2 11 151 28 66 2 6 56 18 90 3 7 69 17 139 24 148 3 5 324 13 64 30 118 3 3 61 19 236 20 194 3 2 242 14 82 15 198 2 7 43 11 41 2 15 73 21 282 2 18 36 27 178 2 17 90 26 172 3 3 258 19 208 20 230 2 9 43 20 55 1 22 202 3 17 229 24 165 25 76 2 8 43 27 8 3 9 116 25 199 30 106 3 3 81 7 130 28 89
38 2 15 264 21 54 3 1 59 16 145 19 303 2 15 142 21 217 3 2 160 18 139 20 202 2 15 92 21 90 2 3 74 20 142 3 4 228 20 104 30 301 3 7 77 17 94 24 17 2 11 74 23 94 3 5 3 18 3 29 3 2 6 150 18 43 2 7 29 11 9 2 21 196 25 190 2 8 184 16 247 2 11 185 23 56 1 22 80 3 9 341 16 214 23 118 3 4 225 20 99 30 218 2 10 57 11 105 2 11 22 28 47 2 12 42 14 87 3 5 145 13 289 30 181 3 2 150 14 107 15 271 2 9 146 16 326 3 17 183 24 231 25 89 2 10 75 11 91 2 9 55 20 118 2 17 41 26 116 2 10 112 11 78 2 14 59 17 154 2 18 54 27 248 3 3 279 19 218 20 163 2 18 51 27 75 2 8 51 27 42 3 3 254 7 42 28 220 2 21 213 25 195 2 15 185 29 110 3 9 153 25 142 30 205
38 2 15 264 21 54 3 1 59 16 145 19 303 2 15 142 21 217 3 2 160 18 139 20 202 2 15 92 21 90 2 3 74 20 142 3 4 228 20 104 30 301 3 7 77 17 94 24 17 2 11 74 23 94 3 5 3 18 3 29 3 2 6 150 18 43 2 7 29 11 9 2 21 196 25 190 2 8 184 16 247 2 11 185 23 56 1 22 80 3 9 341 16 214 23 118 3 4 225 20 99 30 218 2 10 57 11 105 2 11 22 28 47 2 12 42 14 87 3 5 145 13 289 30 181 3 2 150 14 107 15 271 2 9 146 16 326 3 17 183 24 231 25 89 2 10 75 11 91 2 9 55 20 118 2 17 41 26 116 2 10 112 11 78 2 14 59 17 154 2 18 54 27 248 3 3 279 19 218 20 163 2 18 51 27 75 2 8 51 27 42 3 3 254 7 42 28 220 2 21 213 25 195 2 15 185 29 110 3 9 153 25 142 30 205
38 2 15 264 21 54 3 1 59 16 145 19 303 2 15 142 21 217 3 2 160 18 139 20 202 2 15 92 21 90 2 3 74 20 142 3 4 228 20 104 30 301 3 7 77 17 94 24 17 2 11 74 23 94 3 5 3 18 3 29 3 2 6 150 18 43 2 7 29 11 9 2 21 196 25 190 2 8 184 16 247 2 11 185 23 56 1 22 80 3 9 341 16 214 23 118 3 4 225 20 99 30 218 2 10 57 11 105 2 11 22 28 47 2 12 42 14 87 3 5 145 13 289 30 181 3 2 150 14 107 15 271 2 9 146 16 326 3 17 183 24 231 25 89 2 10 75 11 91 2 9 55 20 118 2 17 41 26 116 2 10 112 11 78 2 14 59 17 154 2 18 54 27 248 3 3 279 19 218 20 163 2 18 51 27 75 2 8 51 27 42 3 3 254 7 42 28 220 2 21 213 25 195 2 15 185 29 110 3 9 153 25 142 30 205
32 3 2 110 18 156 20 80 2 17 75 26 48 3 1 100 16 240 19 57 3 4 241 20 116 30 75 2 3 150 20 123 3 5 2 18 2 29 6 2 6 130 18 63 2 7 46 11 30 2 14 54 17 174 2 8 176 16 220 2 11 131 28 53 3 2 186 14 144 15 192 2 15 103 21 282 2 9 233 16 337 3 9 308 16 234 23 281 2 21 205 25 102 3 3 100 19 92 20 194 2 11 209 23 160 3 5 2 18 6 29 3 2 10 84 11 21 1 22 206 2 12 27 14 118 3 5 96 13 93 30 61 2 18 206 27 152 2 9 121 20 50 3 7 106 17 75 24 31 3 17 148 24 223 25 142 2 8 13 27 15 3 3 248 7 261 28 98 2 15 81 29 33 2 10 43 11 15 3 9 122 25 216 30 60
38 3 1 191 16 66 19 143 2 11 178 23 118 3 1 134 16 268 19 99 1 22 30 3 9 49 16 309 23 311 3 2 186 18 116 20 56 2 3 96 20 160 2 11 205 23 36 3 4 236 20 269 30 166 3 5 7 18 6 29 8 2 3 126 20 199 2 6 87 18 150 2 7 31 11 10 2 8 174 16 203 2 10 61 11 80 2 6 64 18 44 2 8 51 27 7 2 14 213 17 123 3 3 101 19 139 20 44 2 11 17 28 80 2 12 18 14 160 3 5 44 13 48 30 151 3 2 144 14 39 15 90 2 15 265 21 64 2 9 252 16 90 3 9 150 25 132 30 84 2 8 110 16 167 2 18 47 27 234 2 9 50 20 16 2 15 49 21 257 3 3 264 7 299 28 243 2 12 60 14 96 2 21 163 25 72 3 17 94 24 150 25 202 3 7 136 17 90 24 95 2 11 175 23 193 2 15 105 29 110 2 17 113 26 51
37 3 7 74 17 49 24 36 2 15 287 21 244 3 7 117 17 31 24 134 3 9 138 25 52 30 220 3 7 34 17 18 24 72 3 1 71 16 263 19 102 3 3 274 19 79 20 213 3 2 91 18 93 20 98 2 3 132 20 145 3 4 209 20 246 30 153 3 5 6 18 6 29 6 2 6 67 18 28 2 3 70 20 52 3 9 106 16 109 23 174 2 3 35 20 95 2 11 74 23 97 2 7 22 11 50 2 8 30 16 130 2 10 81 11 39 2 11 57 28 141 2 11 44 23 172 2 12 132 14 117 1 22 94 2 9 118 16 168 2 11 90 28 32 2 17 129 26 25 3 5 287 13 155 30 51 3 2 72 14 213 15 63 2 14 77 17 81 3 3 100 7 299 28 65 2 18 222 27 154 2 9 72 20 101 2 21 45 25 74 2 7 6 11 41 3 17 133 24 217 25 202 2 8 50 27 29 2 15 58 29 30
32 3 2 59 18 82 20 105 2 17 155 26 147 3 1 254 16 320 19 238 3 4 46 20 215 30 252 2 3 218 20 195 3 5 8 18 1 29 3 2 6 56 18 161 2 7 21 11 13 2 14 158 17 192 2 8 244 16 159 2 11 55 28 130 3 2 253 14 197 15 248 2 15 176 21 109 2 9 181 16 174 3 9 209 16 238 23 118 2 21 39 25 135 3 3 128 19 85 20 249 2 11 202 23 142 3 5 2 18 6 29 5 2 10 34 11 15 1 22 119 2 12 46 14 51 3 5 102 13 99 30 85 2 18 164 27 273 2 9 113 20 56 3 7 137 17 25 24 58 3 17 45 24 240 25 63 2 8 28 27 46 3 3 262 7 232 28 285 2 15 102 29 179 2 10 27 11 88 3 9 265 25 146 30 76
36 3 1 328 16 103 19 270 3 2 47 18 177 20 123 2 3 105 20 105 3 4 249 20 156 30 96 2 9 298 16 263 3 5 5 18 3 29 8 3 4 254 20 107 30 219 3 2 87 14 91 15 87 2 6 166 18 53 2 7 15 11 21 2 10 16 11 99 2 11 229 23 162 2 8 148 16 92 3 3 80 19 239 20 62 1 22 150 3 4 173 20 89 30 91 3 9 186 16 264 23 325 2 11 74 28 92 2 12 59 14 126 2 18 184 27 263 3 1 293 16 313 19 165 3 5 249 13 221 30 122 2 7 42 11 42 3 17 119 24 32 25 103 2 15 244 21 64 3 3 99 7 276 28 238 2 8 40 27 28 2 6 65 18 63 2 14 39 17 188 2 3 67 20 236 2 15 177 29 54 2 9 21 20 121 2 21 91 25 166 3 7 142 17 28 24 36 3 9 98 25 203 30 201 2 17 67 26 157
32 3 2 165 18 154 20 147 2 17 50 26 146 3 1 189 16 129 19 216 3 4 243 20 129 30 132 2 3 236 20 124 3 5 4 18 7 29 8 2 6 160 18 46 2 7 36 11 15 2 14 177 17 135 2 8 49 16 38 2 11 25 28 73 3 2 244 14 38 15 188 2 15 99 21 34 2 9 181 16 237 3 9 115 16 177 23 71 2 21 193 25 175 3 3 33 19 80 20 102 2 11 41 23 51 3 5 3 18 3 29 3 2 10 83 11 72 1 22 207 2 12 57 14 127 3 5 99 13 126 30 175 2 18 73 27 47 2 9 32 20 68 3 7 42 17 122 24 97 3 17 148 24 169 25 211 2 8 7 27 33 3 3 65 7 80 28 39 2 15 65 29 168 2 10 114 11 60 3 9 101 25 98 30 86
DUE_DATES: 9274 8464 8464 8464 8464 8464 8738 8738 10207 10207 10207 10207 9665 9665 9665 8018 8018 7308 7308 7523 7523 8997 8911 8911 8479 9562 8030 8894 8894 7581 7581 7581 8873 8873 7351 7351 7969 7969 9422 9422 9422 9356 9356 9356 7342 8567 7139 7704 8899 6207
WEIGHTS: 1 2 3 2 2 1 1 1 2 2 1 3 1 1 1 1 1 2 2 3 1 1 1 1 3 2 2 1 2 1 3 2 2 3 2 3 2 1 2 3 3 3 1 3 2 1 2 1 3 1
