50 30
38 3 6 259 21 149 29 289 2 1 55 20 62 3 6 40 21 252 29 53 3 2 101 13 171 21 112 2 7 50 24 39 4 1 59 3 154 6 70 26 53 3 6 232 21 241 29 113 3 12 166 18 254 24 119 2 7 10 24 60 3 11 39 15 237 20 66 2 7 34 24 10 3 4 44 23 117 29 128 4 1 273 3 175 6 174 26 158 2 5 32 26 18 3 2 97 6 55 25 70 2 9 86 28 326 2 7 214 15 221 2 10 13 28 78 2 8 69 30 147 3 2 146 10 42 30 98 2 13 12 17 20 2 9 126 27 203 3 2 35 13 153 21 164 3 3 81 14 41 21 66 3 9 46 13 45 15 43 3 16 16 18 18 24 22 2 7 70 15 259 3 6 229 14 198 17 138 2 18 10 23 15 3 10 11 19 5 24 4 3 18 74 20 69 30 184 2 3 165 22 286 3 16 153 26 36 29 126 3 4 56 12 71 23 194 2 11 89 25 133 2 5 93 29 68 2 5 56 26 17 2 27 73 30 26
35 2 1 116 20 75 3 2 171 13 121 21 118 2 27 32 30 107 3 11 96 15 113 20 211 2 1 124 20 153 4 1 47 3 119 6 179 26 163 3 9 38 13 45 15 24 3 4 74 23 67 29 78 2 13 5 17 21 2 5 22 26 29 3 4 59 12 84 23 117 3 2 63 6 47 25 55 2 7 82 15 173 2 18 8 23 13 2 8 38 30 70 2 11 49 25 141 2 9 90 28 103 3 16 99 26 252 29 84 2 18 6 23 12 3 2 235 10 170 30 321 3 12 59 18 74 24 204 3 3 41 14 48 21 37 2 11 45 25 64 3 16 16 18 15 24 20 3 6 63 14 31 17 103 3 18 204 20 55 30 156 3 10 13 19 5 24 16 2 10 70 28 28 3 6 56 21 174 29 130 2 3 264 22 271 2 5 117 29 142 2 1 73 20 139 2 7 36 24 18 3 6 76 21 43 29 204 2 9 103 27 128
35 2 1 97 20 33 3 2 96 13 72 21 118 2 27 158 30 40 3 11 183 15 255 20 77 2 1 109 20 103 4 1 271 3 240 6 70 26 189 3 9 40 13 13 15 10 3 4 57 23 112 29 89 2 13 11 17 11 2 5 11 26 15 3 4 41 12 222 23 265 3 2 33 6 91 25 85 2 7 49 15 47 2 18 9 23 5 2 8 170 30 115 2 11 24 25 40 2 9 237 28 309 3 16 82 26 116 29 115 2 18 5 23 15 3 2 144 10 78 30 94 3 12 89 18 66 24 236 3 3 30 14 30 21 58 2 11 68 25 149 3 16 8 18 28 24 13 3 6 162 14 153 17 41 3 18 136 20 115 30 193 3 10 7 19 17 24 11 2 10 37 28 30 3 6 82 21 86 29 38 2 3 233 22 225 2 5 257 29 224 2 1 24 20 139 2 7 62 24 60 3 6 100 21 255 29 147 2 9 36 27 151
35 2 1 97 20 33 3 2 96 13 72 21 118 2 27 158 30 40 3 11 183 15 255 20 77 2 1 109 20 103 4 1 271 3 240 6 70 26 189 3 9 40 13 13 15 10 3 4 57 23 112 29 89 2 13 11 17 11 2 5 11 26 15 3 4 41 12 222 23 265 3 2 33 6 91 25 85 2 7 49 15 47 2 18 9 23 5 2 8 170 30 115 2 11 24 25 40 2 9 237 28 309 3 16 82 26 116 29 115 2 18 5 23 15 3 2 144 10 78 30 94 3 12 89 18 66 24 236 3 3 30 14 30 21 58 2 11 68 25 149 3 16 8 18 28 24 13 3 6 162 14 153 17 41 3 18 136 20 115 30 193 3 10 7 19 17 24 11 2 10 37 28 30 3 6 82 21 86 29 38 2 3 233 22 225 2 5 257 29 224 2 1 24 20 139 2 7 62 24 60 3 6 100 21 255 29 147 2 9 36 27 151
35 2 1 97 20 33 3 2 96 13 72 21 118 2 27 158 30 40 3 11 183 15 255 20 77 2 1 109 20 103 4 1 271 3 240 6 70 26 189 3 9 40 13 13 15 10 3 4 57 23 112 29 89 2 13 11 17 11 2 5 11 26 15 3 4 41 12 222 23 265 3 2 33 6 91 25 85 2 7 49 15 47 2 18 9 23 5 2 8 170 30 115 2 11 24 25 40 2 9 237 28 309 3 16 82 26 116 29 115 2 18 5 23 15 3 2 144 10 78 30 94 3 12 89 18 66 24 236 3 3 30 14 30 21 58 2 11 68 25 149 3 16 8 18 28 24 13 3 6 162 14 153 17 41 3 18 136 20 115 30 193 3 10 7 19 17 24 11 2 10 37 28 30 3 6 82 21 86 29 38 2 3 233 22 225 2 5 257 29 224 2 1 24 20 139 2 7 62 24 60 3 6 100 21 255 29 147 2 9 36 27 151
35 2 1 46 20 58 3 2 29 13 139 21 25 2 7 155 15 192 4 1 91 3 69 6 49 26 246 2 8 120 30 46 3 4 142 23 89 29 122 2 5 17 26 54 3 2 126 6 56 25 46 3 4 61 23 79 29 56 2 9 219 28 129 2 18 8 23 11 2 8 134 30 127 3 2 304 10 285 30 86 3 11 194 15 93 20 144 3 12 82 18 234 24 213 2 9 61 27 29 2 18 10 23 13 2 3 147 22 131 3 18 104 20 77 30 61 2 13 8 17 24 3 3 79 14 70 21 61 3 9 9 13 37 15 30 3 16 189 26 159 29 125 3 16 21 18 27 24 27 3 6 219 14 134 17 63 3 6 288 21 247 29 239 3 4 240 12 325 23 281 3 10 14 19 14 24 17 3 3 38 14 13 21 12 2 11 100 25 133 2 27 66 30 23 2 7 13 24 55 3 2 120 6 33 25 47 2 10 49 28 40 2 5 176 29 106
33 3 11 191 15 235 20 210 2 1 53 20 43 3 4 16 23 24 29 17 3 2 28 13 192 21 100 2 5 56 26 6 3 16 4 18 5 24 9 3 9 45 13 10 15 32 4 1 138 3 237 6 182 26 160 3 2 37 6 60 25 79 3 3 22 14 86 21 98 3 12 33 18 57 24 41 2 7 197 15 217 2 8 48 30 83 2 9 49 27 157 3 16 60 26 72 29 63 2 9 134 28 111 2 27 81 30 84 3 2 66 10 285 30 133 2 13 8 17 10 3 4 77 12 293 23 136 3 6 186 14 145 17 201 2 18 2 23 7 2 5 164 29 99 2 10 49 28 77 3 11 232 15 154 20 205 3 10 18 19 16 24 14 3 18 165 20 50 30 111 3 6 132 21 215 29 75 3 2 181 13 137 21 191 2 11 33 25 109 2 27 152 30 22 2 3 43 22 337 2 7 39 24 27
33 3 11 191 15 235 20 210 2 1 53 20 43 3 4 16 23 24 29 17 3 2 28 13 192 21 100 2 5 56 26 6 3 16 4 18 5 24 9 3 9 45 13 10 15 32 4 1 138 3 237 6 182 26 160 3 2 37 6 60 25 79 3 3 22 14 86 21 98 3 12 33 18 57 24 41 2 7 197 15 217 2 8 48 30 83 2 9 49 27 157 3 16 60 26 72 29 63 2 9 134 28 111 2 27 81 30 84 3 2 66 10 285 30 133 2 13 8 17 10 3 4 77 12 293 23 136 3 6 186 14 145 17 201 2 18 2 23 7 2 5 164 29 99 2 10 49 28 77 3 11 232 15 154 20 205 3 10 18 19 16 24 14 3 18 165 20 50 30 111 3 6 132 21 215 29 75 3 2 181 13 137 21 191 2 11 33 25 109 2 27 152 30 22 2 3 43 22 337 2 7 39 24 27
33 3 11 191 15 235 20 210 2 1 53 20 43 3 4 16 23 24 29 17 3 2 28 13 192 21 100 2 5 56 26 6 3 16 4 18 5 24 9 3 9 45 13 10 15 32 4 1 138 3 237 6 182 26 160 3 2 37 6 60 25 79 3 3 22 14 86 21 98 3 12 33 18 57 24 41 2 7 197 15 217 2 8 48 30 83 2 9 49 27 157 3 16 60 26 72 29 63 2 9 134 28 111 2 27 81 30 84 3 2 66 10 285 30 133 2 13 8 17 10 3 4 77 12 293 23 136 3 6 186 14 145 17 201 2 18 2 23 7 2 5 164 29 99 2 10 49 28 77 3 11 232 15 154 20 205 3 10 18 19 16 24 14 3 18 165 20 50 30 111 3 6 132 21 215 29 75 3 2 181 13 137 21 191 2 11 33 25 109 2 27 152 30 22 2 3 43 22 337 2 7 39 24 27
34 2 1 75 20 80 3 11 45 15 43 20 260 3 2 50 13 53 21 88 3 12 136 18 81 24 254 4 1 141 3 118 6 143 26 107 3 4 78 23 27 29 18 2 5 24 26 39 3 2 134 6 145 25 22 2 3 63 22 129 3 6 105 21 89 29 109 2 3 80 22 118 2 7 219 15 259 2 18 12 23 9 2 8 106 30 67 2 9 192 28 233 3 11 107 15 106 20 30 3 2 298 10 294 30 41 3 3 85 14 85 21 37 4 1 53 3 118 6 72 26 161 3 16 202 26 165 29 177 2 13 14 17 18 3 9 5 13 29 15 34 3 3 58 14 64 21 107 3 16 20 18 10 24 5 3 6 187 14 60 17 59 2 27 85 30 150 3 10 7 19 3 24 16 3 18 233 20 186 30 188 2 11 127 25 124 3 4 158 12 274 23 220 2 10 48 28 27 2 7 47 24 57 2 9 159 27 80 2 5 62 29 100
37 3 6 141 21 135 29 220 2 1 67 20 63 3 2 126 13 107 21 45 2 9 197 27 143 3 2 166 13 50 21 145 4 1 116 3 57 6 64 26 88 3 9 19 13 29 15 39 3 4 138 23 54 29 114 2 5 33 26 28 3 6 203 21 39 29 239 3 2 45 6 27 25 98 4 1 146 3 80 6 69 26 251 2 7 123 15 281 2 8 104 30 159 2 18 7 23 9 2 9 254 28 132 2 9 176 27 53 3 2 129 10 182 30 196 2 3 286 22 284 2 18 15 23 3 3 11 159 15 66 20 184 2 13 19 17 18 3 12 63 18 238 24 56 2 3 259 22 294 3 3 79 14 29 21 45 2 10 62 28 43 3 16 28 18 5 24 9 2 27 87 30 31 2 3 165 22 208 3 6 32 14 159 17 44 3 10 20 19 4 24 2 2 5 75 29 158 2 7 59 24 37 3 18 89 20 94 30 212 2 11 99 25 18 3 4 293 12 275 23 254 3 16 220 26 233 29 217
34 3 10 21 19 4 24 19 2 1 46 20 133 3 10 7 19 17 24 15 3 2 81 13 179 21 124 4 1 191 3 51 6 155 26 50 3 2 147 13 81 21 131 3 16 47 26 94 29 35 3 4 22 23 43 29 121 2 5 11 26 23 2 5 176 29 160 3 2 42 6 25 25 101 3 6 104 14 91 17 121 2 7 271 15 255 2 8 111 30 163 2 9 315 28 267 2 3 148 22 210 3 2 192 10 225 30 253 2 13 16 17 7 3 3 32 14 18 21 43 3 11 114 15 58 20 119 3 12 100 18 143 24 246 3 9 39 13 17 15 30 3 2 206 10 91 30 319 3 6 238 21 268 29 259 3 16 24 18 21 24 12 2 18 16 23 5 3 18 90 20 132 30 199 3 4 233 12 285 23 269 2 7 50 24 11 2 11 37 25 19 2 9 75 27 111 2 8 57 30 160 2 10 12 28 19 2 27 81 30 19
35 2 1 127 20 116 3 2 171 13 54 21 141 2 7 233 15 76 4 1 47 3 206 6 123 26 121 2 8 68 30 106 3 4 54 23 44 29 102 2 5 40 26 47 3 2 17 6 66 25 84 3 4 83 23 108 29 19 2 9 243 28 204 2 18 11 23 4 2 8 186 30 179 3 2 147 10 285 30 108 3 11 239 15 157 20 244 3 12 152 18 245 24 227 2 9 152 27 125 2 18 3 23 13 2 3 220 22 227 3 18 180 20 130 30 101 2 13 3 17 10 3 3 42 14 70 21 87 3 9 37 13 7 15 16 3 16 185 26 76 29 142 3 16 20 18 22 24 26 3 6 234 14 206 17 94 3 6 274 21 227 29 94 3 4 223 12 256 23 269 3 10 8 19 20 24 4 3 3 16 14 34 21 56 2 11 115 25 49 2 27 23 30 115 2 7 28 24 29 3 2 70 6 123 25 26 2 10 74 28 35 2 5 87 29 222
35 2 1 127 20 116 3 2 171 13 54 21 141 2 7 233 15 76 4 1 47 3 206 6 123 26 121 2 8 68 30 106 3 4 54 23 44 29 102 2 5 40 26 47 3 2 17 6 66 25 84 3 4 83 23 108 29 19 2 9 243 28 204 2 18 11 23 4 2 8 186 30 179 3 2 147 10 285 30 108 3 11 239 15 157 20 244 3 12 152 18 245 24 227 2 9 152 27 125 2 18 3 23 13 2 3 220 22 227 3 18 180 20 130 30 101 2 13 3 17 10 3 3 42 14 70 21 87 3 9 37 13 7 15 16 3 16 185 26 76 29 142 3 16 20 18 22 24 26 3 6 234 14 206 17 94 3 6 274 21 227 29 94 3 4 223 12 256 23 269 3 10 8 19 20 24 4 3 3 16 14 34 21 56 2 11 115 25 49 2 27 23 30 115 2 7 28 24 29 3 2 70 6 123 25 26 2 10 74 28 35 2 5 87 29 222
35 2 1 127 20 116 3 2 171 13 54 21 141 2 7 233 15 76 4 1 47 3 206 6 123 26 121 2 8 68 30 106 3 4 54 23 44 29 102 2 5 40 26 47 3 2 17 6 66 25 84 3 4 83 23 108 29 19 2 9 243 28 204 2 18 11 23 4 2 8 186 30 179 3 2 147 10 285 30 108 3 11 239 15 157 20 244 3 12 152 18 245 24 227 2 9 152 27 125 2 18 3 23 13 2 3 220 22 227 3 18 180 20 130 30 101 2 13 3 17 10 3 3 42 14 70 21 87 3 9 37 13 7 15 16 3 16 185 26 76 29 142 3 16 20 18 22 24 26 3 6 234 14 206 17 94 3 6 274 21 227 29 94 3 4 223 12 256 23 269 3 10 8 19 20 24 4 3 3 16 14 34 21 56 2 11 115 25 49 2 27 23 30 115 2 7 28 24 29 3 2 70 6 123 25 26 2 10 74 28 35 2 5 87 29 222
33 2 1 91 20 75 3 2 59 13 107 21 142 4 1 92 3 64 6 154 26 216 2 10 25 28 80 3 11 174 15 29 20 77 3 4 123 23 39 29 59 2 18 15 23 11 2 5 36 26 43 3 2 27 13 102 21 133 2 8 28 30 31 4 1 225 3 193 6 106 26 254 3 2 33 6 39 25 125 2 7 140 15 155 3 2 119 10 52 30 136 2 9 198 28 66 3 12 240 18 35 24 66 2 13 16 17 17 3 3 32 14 62 21 61 3 9 14 13 21 15 9 3 16 28 18 11 24 3 3 6 37 14 100 17 114 2 7 49 24 20 3 10 5 19 15 24 11 3 4 209 12 200 23 87 3 18 219 20 175 30 206 2 5 201 29 44 2 3 273 22 73 3 6 147 21 175 29 216 2 11 82 25 131 2 9 90 27 119 3 6 72 21 46 29 49 3 16 273 26 76 29 182 2 27 46 30 151
37 3 6 35 21 43 29 53 2 1 156 20 152 3 2 27 13 97 21 139 2 9 119 27 128 3 2 108 13 55 21 62 4 1 79 3 197 6 224 26 226 3 9 33 13 44 15 23 3 4 113 23 122 29 62 2 5 44 26 32 3 6 112 21 271 29 265 3 2 126 6 95 25 80 4 1 116 3 264 6 156 26 194 2 7 249 15 85 2 8 27 30 108 2 18 10 23 8 2 9 235 28 66 2 9 68 27 114 3 2 146 10 250 30 189 2 3 112 22 239 2 18 14 23 13 3 11 142 15 64 20 216 2 13 26 17 11 3 12 72 18 206 24 143 2 3 65 22 45 3 3 49 14 76 21 88 2 10 22 28 64 3 16 19 18 19 24 5 2 27 158 30 63 2 3 228 22 145 3 6 213 14 120 17 48 3 10 13 19 3 24 19 2 5 137 29 99 2 7 22 24 13 3 18 171 20 187 30 73 2 11 93 25 35 3 4 120 12 109 23 245 3 16 254 26 242 29 83
37 3 6 35 21 43 29 53 2 1 156 20 152 3 2 27 13 97 21 139 2 9 119 27 128 3 2 108 13 55 21 62 4 1 79 3 197 6 224 26 226 3 9 33 13 44 15 23 3 4 113 23 122 29 62 2 5 44 26 32 3 6 112 21 271 29 265 3 2 126 6 95 25 80 4 1 116 3 264 6 156 26 194 2 7 249 15 85 2 8 27 30 108 2 18 10 23 8 2 9 235 28 66 2 9 68 27 114 3 2 146 10 250 30 189 2 3 112 22 239 2 18 14 23 13 3 11 142 15 64 20 216 2 13 26 17 11 3 12 72 18 206 24 143 2 3 65 22 45 3 3 49 14 76 21 88 2 10 22 28 64 3 16 19 18 19 24 5 2 27 158 30 63 2 3 228 22 145 3 6 213 14 120 17 48 3 10 13 19 3 24 19 2 5 137 29 99 2 7 22 24 13 3 18 171 20 187 30 73 2 11 93 25 35 3 4 120 12 109 23 245 3 16 254 26 242 29 83
34 3 10 11 19 6 24 5 2 1 117 20 137 3 10 12 19 12 24 10 3 2 23 13 78 21 115 4 1 136 3 71 6 138 26 166 3 2 29 13 141 21 71 3 16 131 26 124 29 256 3 4 109 23 30 29 47 2 5 16 26 33 2 5 126 29 186 3 2 91 6 102 25 46 3 6 159 14 171 17 105 2 7 239 15 101 2 8 102 30 187 2 9 310 28 171 2 3 100 22 146 3 2 124 10 103 30 84 2 13 22 17 18 3 3 44 14 94 21 81 3 11 253 15 239 20 188 3 12 152 18 133 24 203 3 9 32 13 43 15 15 3 2 77 10 259 30 262 3 6 181 21 193 29 226 3 16 20 18 18 24 19 2 18 15 23 10 3 18 139 20 123 30 208 3 4 113 12 151 23 287 2 7 55 24 33 2 11 26 25 103 2 9 126 27 192 2 8 94 30 141 2 10 78 28 43 2 27 50 30 109
34 3 10 11 19 6 24 5 2 1 117 20 137 3 10 12 19 12 24 10 3 2 23 13 78 21 115 4 1 136 3 71 6 138 26 166 3 2 29 13 141 21 71 3 16 131 26 124 29 256 3 4 109 23 30 29 47 2 5 16 26 33 2 5 126 29 186 3 2 91 6 102 25 46 3 6 159 14 171 17 105 2 7 239 15 101 2 8 102 30 187 2 9 310 28 171 2 3 100 22 146 3 2 124 10 103 30 84 2 13 22 17 18 3 3 44 14 94 21 81 3 11 253 15 239 20 188 3 12 152 18 133 24 203 3 9 32 13 43 15 15 3 2 77 10 259 30 262 3 6 181 21 193 29 226 3 16 20 18 18 24 19 2 18 15 23 10 3 18 139 20 123 30 208 3 4 113 12 151 23 287 2 7 55 24 33 2 11 26 25 103 2 9 126 27 192 2 8 94 30 141 2 10 78 28 43 2 27 50 30 109
36 2 1 96 20 56 2 13 26 17 25 3 2 34 13 185 21 192 4 1 159 3 71 6 208 26 253 3 4 76 23 82 29 107 2 5 23 26 25 3 16 70 26 41 29 227 2 1 51 20 85 3 2 33 6 22 25 30 2 7 130 15 91 2 8 136 30 75 2 13 12 17 20 2 9 191 28 213 4 1 204 3 153 6 198 26 218 3 4 305 12 162 23 51 3 2 36 10 56 30 304 3 16 21 18 24 24 10 3 11 160 15 208 20 101 3 12 177 18 151 24 254 3 4 86 23 123 29 36 3 6 42 14 118 17 183 3 3 39 14 74 21 56 4 1 82 3 89 6 56 26 130 2 3 324 22 292 2 10 36 28 51 2 3 308 22 117 3 9 45 13 33 15 22 2 18 10 23 10 3 10 6 19 14 24 7 3 18 160 20 218 30 221 3 6 212 21 42 29 109 2 7 62 24 37 2 11 119 25 126 2 9 161 27 193 2 5 82 29 266 2 27 52 30 134
34 2 1 77 20 125 3 2 78 13 118 21 72 4 1 247 3 111 6 245 26 94 2 1 134 20 93 3 4 50 23 94 29 58 2 5 26 26 13 3 2 40 6 57 25 116 2 7 165 15 273 2 8 29 30 101 3 4 87 23 111 29 73 2 9 263 28 150 3 2 38 10 269 30 240 3 11 256 15 53 20 158 2 18 5 23 10 3 12 182 18 180 24 87 2 5 14 26 56 2 13 13 17 14 3 3 20 14 25 21 39 3 16 98 26 181 29 264 3 9 8 13 7 15 25 3 16 15 18 5 24 7 3 6 194 14 131 17 72 3 10 10 19 16 24 4 3 18 187 20 95 30 166 3 6 152 21 61 29 51 2 7 35 24 7 2 3 247 22 165 2 27 47 30 29 2 9 90 27 117 2 10 61 28 11 3 6 44 14 194 17 231 2 5 218 29 219 3 4 325 12 65 23 200 2 11 52 25 22
34 2 1 77 20 125 3 2 78 13 118 21 72 4 1 247 3 111 6 245 26 94 2 1 134 20 93 3 4 50 23 94 29 58 2 5 26 26 13 3 2 40 6 57 25 116 2 7 165 15 273 2 8 29 30 101 3 4 87 23 111 29 73 2 9 263 28 150 3 2 38 10 269 30 240 3 11 256 15 53 20 158 2 18 5 23 10 3 12 182 18 180 24 87 2 5 14 26 56 2 13 13 17 14 3 3 20 14 25 21 39 3 16 98 26 181 29 264 3 9 8 13 7 15 25 3 16 15 18 5 24 7 3 6 194 14 131 17 72 3 10 10 19 16 24 4 3 18 187 20 95 30 166 3 6 152 21 61 29 51 2 7 35 24 7 2 3 247 22 165 2 27 47 30 29 2 9 90 27 117 2 10 61 28 11 3 6 44 14 194 17 231 2 5 218 29 219 3 4 325 12 65 23 200 2 11 52 25 22
34 2 1 77 20 125 3 2 78 13 118 21 72 4 1 247 3 111 6 245 26 94 2 1 134 20 93 3 4 50 23 94 29 58 2 5 26 26 13 3 2 40 6 57 25 116 2 7 165 15 273 2 8 29 30 101 3 4 87 23 111 29 73 2 9 263 28 150 3 2 38 10 269 30 240 3 11 256 15 53 20 158 2 18 5 23 10 3 12 182 18 180 24 87 2 5 14 26 56 2 13 13 17 14 3 3 20 14 25 21 39 3 16 98 26 181 29 264 3 9 8 13 7 15 25 3 16 15 18 5 24 7 3 6 194 14 131 17 72 3 10 10 19 16 24 4 3 18 187 20 95 30 166 3 6 152 21 61 29 51 2 7 35 24 7 2 3 247 22 165 2 27 47 30 29 2 9 90 27 117 2 10 61 28 11 3 6 44 14 194 17 231 2 5 218 29 219 3 4 325 12 65 23 200 2 11 52 25 22
38 2 1 85 20 98 3 2 172 13 51 21 154 2 5 55 26 32 2 1 44 20 94 4 1 237 3 149 6 157 26 121 3 4 42 23 133 29 89 3 2 83 6 135 25 122 2 1 114 20 148 2 11 75 25 97 3 4 273 12 337 23 179 3 2 42 10 243 30 269 3 3 87 14 101 21 69 2 13 18 17 4 2 11 137 25 95 2 5 71 29 151 2 7 43 15 152 3 10 4 19 20 24 18 3 2 91 6 65 25 91 2 8 93 30 118 2 9 74 28 286 3 11 258 15 175 20 63 2 18 3 23 11 3 12 114 18 131 24 90 2 11 49 25 49 3 9 42 13 39 15 14 3 2 102 6 144 25 41 3 18 41 20 115 30 208 3 16 19 18 4 24 23 3 6 30 14 36 17 31 2 10 72 28 10 2 7 42 24 13 3 10 19 19 15 24 10 3 6 105 21 65 29 181 2 1 141 20 90 2 27 77 30 151 2 3 251 22 331 3 16 190 26 219 29 106 2 9 50 27 205
38 2 1 85 20 98 3 2 172 13 51 21 154 2 5 55 26 32 2 1 44 20 94 4 1 237 3 149 6 157 26 121 3 4 42 23 133 29 89 3 2 83 6 135 25 122 2 1 114 20 148 2 11 75 25 97 3 4 273 12 337 23 179 3 2 42 10 243 30 269 3 3 87 14 101 21 69 2 13 18 17 4 2 11 137 25 95 2 5 71 29 151 2 7 43 15 152 3 10 4 19 20 24 18 3 2 91 6 65 25 91 2 8 93 30 118 2 9 74 28 286 3 11 258 15 175 20 63 2 18 3 23 11 3 12 114 18 131 24 90 2 11 49 25 49 3 9 42 13 39 15 14 3 2 102 6 144 25 41 3 18 41 20 115 30 208 3 16 19 18 4 24 23 3 6 30 14 36 17 31 2 10 72 28 10 2 7 42 24 13 3 10 19 19 15 24 10 3 6 105 21 65 29 181 2 1 141 20 90 2 27 77 30 151 2 3 251 22 331 3 16 190 26 219 29 106 2 9 50 27 205
38 2 1 85 20 98 3 2 172 13 51 21 154 2 5 55 26 32 2 1 44 20 94 4 1 237 3 149 6 157 26 121 3 4 42 23 133 29 89 3 2 83 6 135 25 122 2 1 114 20 148 2 11 75 25 97 3 4 273 12 337 23 179 3 2 42 10 243 30 269 3 3 87 14 101 21 69 2 13 18 17 4 2 11 137 25 95 2 5 71 29 151 2 7 43 15 152 3 10 4 19 20 24 18 3 2 91 6 65 25 91 2 8 93 30 118 2 9 74 28 286 3 11 258 15 175 20 63 2 18 3 23 11 3 12 114 18 131 24 90 2 11 49 25 49 3 9 42 13 39 15 14 3 2 102 6 144 25 41 3 18 41 20 115 30 208 3 16 19 18 4 24 23 3 6 30 14 36 17 31 2 10 72 28 10 2 7 42 24 13 3 10 19 19 15 24 10 3 6 105 21 65 29 181 2 1 141 20 90 2 27 77 30 151 2 3 251 22 331 3 16 190 26 219 29 106 2 9 50 27 205
34 2 1 112 20 139 3 2 64 13 152 21 182 4 1 138 3 247 6 231 26 30 2 1 122 20 21 3 4 25 23 95 29 63 2 5 21 26 7 3 2 143 6 48 25 103 2 7 34 15 188 2 8 180 30 147 3 4 55 23 29 29 16 2 9 169 28 96 3 2 136 10 165 30 160 3 11 210 15 136 20 110 2 18 10 23 12 3 12 209 18 94 24 86 2 5 37 26 31 2 13 14 17 15 3 3 44 14 72 21 56 3 16 166 26 70 29 47 3 9 42 13 43 15 16 3 16 10 18 8 24 6 3 6 66 14 88 17 98 3 10 14 19 19 24 6 3 18 189 20 110 30 121 3 6 168 21 264 29 59 2 7 18 24 33 2 3 88 22 76 2 27 111 30 73 2 9 44 27 53 2 10 38 28 63 3 6 161 14 51 17 48 2 5 221 29 269 3 4 52 12 303 23 321 2 11 134 25 81
33 3 11 102 15 210 20 207 2 1 128 20 41 3 4 49 23 106 29 141 3 2 32 13 190 21 28 2 5 31 26 25 3 16 11 18 6 24 23 3 9 41 13 9 15 42 4 1 46 3 255 6 112 26 221 3 2 106 6 111 25 61 3 3 47 14 28 21 18 3 12 213 18 247 24 231 2 7 170 15 222 2 8 164 30 82 2 9 151 27 159 3 16 126 26 211 29 43 2 9 77 28 320 2 27 146 30 81 3 2 130 10 235 30 270 2 13 20 17 26 3 4 337 12 327 23 216 3 6 33 14 174 17 211 2 18 13 23 2 2 5 51 29 184 2 10 17 28 59 3 11 75 15 67 20 76 3 10 3 19 13 24 10 3 18 75 20 154 30 217 3 6 33 21 73 29 201 3 2 186 13 139 21 30 2 11 141 25 81 2 27 109 30 93 2 3 335 22 255 2 7 12 24 57
33 3 11 102 15 210 20 207 2 1 128 20 41 3 4 49 23 106 29 141 3 2 32 13 190 21 28 2 5 31 26 25 3 16 11 18 6 24 23 3 9 41 13 9 15 42 4 1 46 3 255 6 112 26 221 3 2 106 6 111 25 61 3 3 47 14 28 21 18 3 12 213 18 247 24 231 2 7 170 15 222 2 8 164 30 82 2 9 151 27 159 3 16 126 26 211 29 43 2 9 77 28 320 2 27 146 30 81 3 2 130 10 235 30 270 2 13 20 17 26 3 4 337 12 327 23 216 3 6 33 14 174 17 211 2 18 13 23 2 2 5 51 29 184 2 10 17 28 59 3 11 75 15 67 20 76 3 10 3 19 13 24 10 3 18 75 20 154 30 217 3 6 33 21 73 29 201 3 2 186 13 139 21 30 2 11 141 25 81 2 27 109 30 93 2 3 335 22 255 2 7 12 24 57
34 2 18 4 23 2 3 11 221 15 87 20 260 2 1 28 20 63 3 2 58 13 24 21 143 2 13 10 17 12 4 1 198 3 61 6 192 26 266 2 18 13 23 12 2 10 18 28 74 3 18 48 20 220 30 183 3 4 30 23 92 29 101 3 2 50 10 209 30 186 3 2 88 6 107 25 74 2 5 52 26 49 3 4 143 12 318 23 210 2 7 74 15 118 2 13 5 17 17 3 6 234 14 84 17 97 2 8 129 30 84 2 9 294 28 95 3 12 28 18 122 24 95 3 3 89 14 85 21 106 3 10 7 19 4 24 6 2 5 104 29 56 3 9 9 13 41 15 44 3 16 5 18 10 24 20 3 6 281 21 260 29 52 2 27 56 30 32 2 10 60 28 10 2 3 243 22 82 4 1 46 3 185 6 34 26 140 2 7 46 24 46 2 11 120 25 109 3 16 44 26 192 29 206 2 9 105 27 205
37 2 1 148 20 107 3 2 192 13 138 21 181 4 1 214 3 233 6 225 26 260 3 4 89 23 59 29 82 4 1 263 3 269 6 261 26 256 3 12 104 18 119 24 170 2 5 52 26 45 3 2 143 6 65 25 95 2 7 228 15 49 2 8 61 30 38 2 27 136 30 162 2 7 60 15 212 2 9 211 28 42 3 2 167 13 113 21 195 3 2 129 10 59 30 183 3 4 68 23 40 29 76 3 11 211 15 177 20 143 3 6 34 14 163 17 33 4 1 236 3 70 6 63 26 262 2 5 270 29 163 3 9 22 13 37 15 13 2 13 4 17 26 3 3 27 14 96 21 71 3 16 20 18 5 24 18 2 18 14 23 14 3 6 50 21 160 29 101 3 4 112 23 135 29 119 3 18 162 20 119 30 185 2 7 48 24 35 3 10 12 19 17 24 17 2 3 322 22 206 3 9 38 13 13 15 18 2 9 74 27 131 2 11 60 25 22 3 4 120 12 139 23 79 3 16 260 26 37 29 223 2 10 52 28 33
36 2 1 20 20 18 3 2 106 13 165 21 23 2 10 71 28 15 4 1 38 3 119 6 169 26 139 2 18 11 23 9 3 4 127 23 46 29 49 2 5 40 26 56 4 1 164 3 242 6 118 26 106 3 2 65 6 46 25 103 2 5 17 26 50 2 7 53 24 43 2 7 107 15 47 2 7 22 24 18 2 8 167 30 76 2 9 53 28 247 3 2 270 10 172 30 301 3 2 32 13 79 21 22 3 3 20 14 73 21 15 2 10 25 28 48 3 10 4 19 2 24 15 2 10 63 28 82 3 11 195 15 188 20 168 3 16 5 18 18 24 20 3 4 112 12 88 23 86 3 9 14 13 8 15 30 3 12 57 18 169 24 82 2 9 129 27 47 2 13 25 17 4 3 6 210 14 143 17 77 3 18 233 20 113 30 72 3 6 52 21 40 29 180 2 3 265 22 325 2 5 266 29 139 2 27 130 30 117 3 16 242 26 171 29 244 2 11 23 25 45
36 2 1 20 20 18 3 2 106 13 165 21 23 2 10 71 28 15 4 1 38 3 119 6 169 26 139 2 18 11 23 9 3 4 127 23 46 29 49 2 5 40 26 56 4 1 164 3 242 6 118 26 106 3 2 65 6 46 25 103 2 5 17 26 50 2 7 53 24 43 2 7 107 15 47 2 7 22 24 18 2 8 167 30 76 2 9 53 28 247 3 2 270 10 172 30 301 3 2 32 13 79 21 22 3 3 20 14 73 21 15 2 10 25 28 48 3 10 4 19 2 24 15 2 10 63 28 82 3 11 195 15 188 20 168 3 16 5 18 18 24 20 3 4 112 12 88 23 86 3 9 14 13 8 15 30 3 12 57 18 169 24 82 2 9 129 27 47 2 13 25 17 4 3 6 210 14 143 17 77 3 18 233 20 113 30 72 3 6 52 21 40 29 180 2 3 265 22 325 2 5 266 29 139 2 27 130 30 117 3 16 242 26 171 29 244 2 11 23 25 45
36 2 1 20 20 18 3 2 106 13 165 21 23 2 10 71 28 15 4 1 38 3 119 6 169 26 139 2 18 11 23 9 3 4 127 23 46 29 49 2 5 40 26 56 4 1 164 3 242 6 118 26 106 3 2 65 6 46 25 103 2 5 17 26 50 2 7 53 24 43 2 7 107 15 47 2 7 22 24 18 2 8 167 30 76 2 9 53 28 247 3 2 270 10 172 30 301 3 2 32 13 79 21 22 3 3 20 14 73 21 15 2 10 25 28 48 3 10 4 19 2 24 15 2 10 63 28 82 3 11 195 15 188 20 168 3 16 5 18 18 24 20 3 4 112 12 88 23 86 3 9 14 13 8 15 30 3 12 57 18 169 24 82 2 9 129 27 47 2 13 25 17 4 3 6 210 14 143 17 77 3 18 233 20 113 30 72 3 6 52 21 40 29 180 2 3 265 22 325 2 5 266 29 139 2 27 130 30 117 3 16 242 26 171 29 244 2 11 23 25 45
33 3 11 59 15 107 20 62 2 1 131 20 97 3 4 115 23 119 29 18 3 2 168 13 110 21 115 2 5 19 26 34 3 16 4 18 15 24 26 3 9 22 13 16 15 45 4 1 130 3 251 6 129 26 102 3 2 93 6 99 25 33 3 3 53 14 85 21 30 3 12 171 18 133 24 227 2 7 75 15 46 2 8 100 30 210 2 9 75 27 88 3 16 157 26 40 29 263 2 9 49 28 173 2 27 60 30 58 3 2 221 10 154 30 140 2 13 26 17 12 3 4 258 12 277 23 263 3 6 93 14 110 17 53 2 18 3 23 13 2 5 233 29 127 2 10 20 28 60 3 11 204 15 83 20 250 3 10 18 19 13 24 6 3 18 38 20 224 30 162 3 6 89 21 177 29 177 3 2 48 13 152 21 68 2 11 28 25 137 2 27 161 30 120 2 3 219 22 238 2 7 14 24 17
35 2 1 121 20 135 3 2 57 13 149 21 137 2 7 115 15 150 4 1 50 3 37 6 57 26 152 2 8 94 30 143 3 4 46 23 18 29 81 2 5 49 26 35 3 2 137 6 46 25 26 3 4 107 23 44 29 139 2 9 124 28 181 2 18 6 23 5 2 8 142 30 186 3 2 258 10 239 30 213 3 11 56 15 38 20 194 3 12 104 18 88 24 230 2 9 151 27 187 2 18 6 23 8 2 3 144 22 172 3 18 99 20 137 30 225 2 13 23 17 7 3 3 46 14 33 21 82 3 9 35 13 22 15 35 3 16 195 26 268 29 136 3 16 3 18 25 24 22 3 6 144 14 105 17 226 3 6 205 21 51 29 231 3 4 148 12 321 23 118 3 10 18 19 11 24 21 3 3 95 14 102 21 81 2 11 98 25 53 2 27 81 30 102 2 7 23 24 15 3 2 41 6 109 25 66 2 10 62 28 39 2 5 144 29 38
35 2 1 121 20 135 3 2 57 13 149 21 137 2 7 115 15 150 4 1 50 3 37 6 57 26 152 2 8 94 30 143 3 4 46 23 18 29 81 2 5 49 26 35 3 2 137 6 46 25 26 3 4 107 23 44 29 139 2 9 124 28 181 2 18 6 23 5 2 8 142 30 186 3 2 258 10 239 30 213 3 11 56 15 38 20 194 3 12 104 18 88 24 230 2 9 151 27 187 2 18 6 23 8 2 3 144 22 172 3 18 99 20 137 30 225 2 13 23 17 7 3 3 46 14 33 21 82 3 9 35 13 22 15 35 3 16 195 26 268 29 136 3 16 3 18 25 24 22 3 6 144 14 105 17 226 3 6 205 21 51 29 231 3 4 148 12 321 23 118 3 10 18 19 11 24 21 3 3 95 14 102 21 81 2 11 98 25 53 2 27 81 30 102 2 7 23 24 15 3 2 41 6 109 25 66 2 10 62 28 39 2 5 144 29 38
35 2 1 121 20 135 3 2 57 13 149 21 137 2 7 115 15 150 4 1 50 3 37 6 57 26 152 2 8 94 30 143 3 4 46 23 18 29 81 2 5 49 26 35 3 2 137 6 46 25 26 3 4 107 23 44 29 139 2 9 124 28 181 2 18 6 23 5 2 8 142 30 186 3 2 258 10 239 30 213 3 11 56 15 38 20 194 3 12 104 18 88 24 230 2 9 151 27 187 2 18 6 23 8 2 3 144 22 172 3 18 99 20 137 30 225 2 13 23 17 7 3 3 46 14 33 21 82 3 9 35 13 22 15 35 3 16 195 26 268 29 136 3 16 3 18 25 24 22 3 6 144 14 105 17 226 3 6 205 21 51 29 231 3 4 148 12 321 23 118 3 10 18 19 11 24 21 3 3 95 14 102 21 81 2 11 98 25 53 2 27 81 30 102 2 7 23 24 15 3 2 41 6 109 25 66 2 10 62 28 39 2 5 144 29 38
35 2 1 120 20 134 3 2 110 13 118 21 135 2 7 199 15 87 4 1 232 3 35 6 250 26 122 2 8 56 30 145 3 4 108 23 27 29 62 2 5 16 26 43 3 2 53 6 136 25 45 3 4 34 23 85 29 56 2 9 152 28 286 2 18 3 23 15 2 8 166 30 125 3 2 166 10 121 30 191 3 11 123 15 162 20 195 3 12 193 18 62 24 156 2 9 197 27 56 2 18 14 23 5 2 3 206 22 217 3 18 165 20 217 30 32 2 13 12 17 6 3 3 70 14 67 21 29 3 9 36 13 37 15 16 3 16 122 26 112 29 235 3 16 10 18 23 24 14 3 6 74 14 185 17 234 3 6 198 21 257 29 171 3 4 187 12 85 23 260 3 10 9 19 5 24 7 3 3 25 14 20 21 79 2 11 19 25 58 2 27 105 30 73 2 7 7 24 54 3 2 88 6 107 25 31 2 10 59 28 65 2 5 58 29 253
35 2 1 120 20 134 3 2 110 13 118 21 135 2 7 199 15 87 4 1 232 3 35 6 250 26 122 2 8 56 30 145 3 4 108 23 27 29 62 2 5 16 26 43 3 2 53 6 136 25 45 3 4 34 23 85 29 56 2 9 152 28 286 2 18 3 23 15 2 8 166 30 125 3 2 166 10 121 30 191 3 11 123 15 162 20 195 3 12 193 18 62 24 156 2 9 197 27 56 2 18 14 23 5 2 3 206 22 217 3 18 165 20 217 30 32 2 13 12 17 6 3 3 70 14 67 21 29 3 9 36 13 37 15 16 3 16 122 26 112 29 235 3 16 10 18 23 24 14 3 6 74 14 185 17 234 3 6 198 21 257 29 171 3 4 187 12 85 23 260 3 10 9 19 5 24 7 3 3 25 14 20 21 79 2 11 19 25 58 2 27 105 30 73 2 7 7 24 54 3 2 88 6 107 25 31 2 10 59 28 65 2 5 58 29 253
34 4 1 108 3 156 6 104 26 125 2 1 110 20 91 3 2 93 13 166 21 116 3 16 97 26 176 29 194 3 4 70 23 19 29 83 2 5 195 29 209 2 5 42 26 11 3 2 71 13 75 21 106 3 2 78 6 58 25 39 2 7 76 15 187 2 8 130 30 25 2 9 59 28 194 3 2 66 10 113 30 75 3 11 90 15 42 20 230 2 10 55 28 38 2 18 12 23 9 3 10 11 19 10 24 9 2 5 148 29 123 3 12 145 18 119 24 95 2 13 26 17 8 2 7 183 15 88 3 3 59 14 93 21 59 3 9 44 13 40 15 38 3 16 21 18 6 24 24 2 7 43 24 44 3 6 118 14 115 17 68 2 3 97 22 304 3 18 110 20 201 30 106 3 3 27 14 61 21 14 3 6 218 21 234 29 59 3 4 200 12 318 23 297 2 9 117 27 66 2 11 84 25 23 2 27 83 30 91
34 4 1 108 3 156 6 104 26 125 2 1 110 20 91 3 2 93 13 166 21 116 3 16 97 26 176 29 194 3 4 70 23 19 29 83 2 5 195 29 209 2 5 42 26 11 3 2 71 13 75 21 106 3 2 78 6 58 25 39 2 7 76 15 187 2 8 130 30 25 2 9 59 28 194 3 2 66 10 113 30 75 3 11 90 15 42 20 230 2 10 55 28 38 2 18 12 23 9 3 10 11 19 10 24 9 2 5 148 29 123 3 12 145 18 119 24 95 2 13 26 17 8 2 7 183 15 88 3 3 59 14 93 21 59 3 9 44 13 40 15 38 3 16 21 18 6 24 24 2 7 43 24 44 3 6 118 14 115 17 68 2 3 97 22 304 3 18 110 20 201 30 106 3 3 27 14 61 21 14 3 6 218 21 234 29 59 3 4 200 12 318 23 297 2 9 117 27 66 2 11 84 25 23 2 27 83 30 91
33 2 1 130 20 26 3 2 37 13 127 21 139 4 1 120 3 267 6 57 26 37 2 10 12 28 73 3 11 232 15 201 20 180 3 4 42 23 24 29 80 2 18 5 23 13 2 5 29 26 44 3 2 67 13 164 21 172 2 8 162 30 197 4 1 96 3 192 6 63 26 163 3 2 30 6 126 25 65 2 7 137 15 165 3 2 212 10 36 30 298 2 9 181 28 144 3 12 126 18 215 24 45 2 13 18 17 20 3 3 48 14 97 21 94 3 9 19 13 14 15 17 3 16 29 18 19 24 29 3 6 94 14 172 17 51 2 7 26 24 10 3 10 8 19 5 24 14 3 4 168 12 308 23 230 3 18 79 20 33 30 230 2 5 218 29 155 2 3 86 22 49 3 6 86 21 269 29 91 2 11 122 25 59 2 9 202 27 179 3 6 92 21 273 29 196 3 16 177 26 237 29 176 2 27 120 30 127
37 3 6 66 21 142 29 273 2 1 70 20 119 3 2 160 13 173 21 48 2 9 142 27 175 3 2 55 13 79 21 77 4 1 166 3 180 6 128 26 115 3 9 28 13 10 15 18 3 4 140 23 70 29 50 2 5 17 26 7 3 6 145 21 140 29 96 3 2 139 6 60 25 92 4 1 110 3 261 6 248 26 123 2 7 111 15 219 2 8 172 30 35 2 18 9 23 3 2 9 319 28 223 2 9 47 27 51 3 2 174 10 282 30 314 2 3 46 22 94 2 18 6 23 10 3 11 72 15 68 20 162 2 13 7 17 12 3 12 141 18 74 24 183 2 3 43 22 226 3 3 57 14 46 21 104 2 10 10 28 14 3 16 28 18 15 24 30 2 27 120 30 154 2 3 78 22 186 3 6 140 14 118 17 154 3 10 17 19 12 24 20 2 5 267 29 95 2 7 21 24 35 3 18 207 20 90 30 123 2 11 27 25 50 3 4 122 12 124 23 248 3 16 185 26 42 29 43
38 2 1 87 20 113 3 2 162 13 144 21 143 2 5 16 26 33 2 1 140 20 30 4 1 131 3 156 6 268 26 187 3 4 53 23 140 29 116 3 2 20 6 74 25 22 2 1 54 20 98 2 11 123 25 70 3 4 152 12 65 23 96 3 2 168 10 60 30 239 3 3 19 14 105 21 41 2 13 7 17 19 2 11 140 25 83 2 5 240 29 218 2 7 239 15 146 3 10 20 19 3 24 4 3 2 78 6 76 25 103 2 8 41 30 134 2 9 242 28 286 3 11 202 15 94 20 197 2 18 12 23 12 3 12 196 18 234 24 92 2 11 90 25 39 3 9 28 13 17 15 25 3 2 80 6 99 25 86 3 18 81 20 80 30 217 3 16 26 18 21 24 22 3 6 33 14 172 17 169 2 10 51 28 59 2 7 18 24 36 3 10 13 19 13 24 8 3 6 36 21 185 29 89 2 1 132 20 58 2 27 61 30 86 2 3 230 22 318 3 16 182 26 278 29 68 2 9 200 27 184
30 2 1 52 20 150 3 2 109 13 146 21 106 4 1 171 3 240 6 182 26 163 3 4 108 23 69 29 30 2 8 30 30 105 3 12 88 18 241 24 151 2 5 22 26 10 3 2 128 6 45 25 110 2 7 39 15 116 2 9 261 28 186 3 2 197 10 223 30 255 3 11 191 15 253 20 256 2 13 20 17 19 3 3 13 14 67 21 74 2 11 59 25 36 3 9 12 13 26 15 6 2 10 36 28 19 2 9 53 27 162 3 16 24 18 22 24 10 3 6 57 14 118 17 99 3 18 203 20 174 30 68 2 18 13 23 15 2 5 83 29 228 3 10 10 19 12 24 6 3 6 279 21 268 29 256 3 4 129 12 326 23 101 2 3 315 22 220 2 7 10 24 51 3 16 268 26 43 29 172 2 27 115 30 52
34 4 1 94 3 179 6 147 26 153 2 1 136 20 78 3 2 161 13 106 21 48 3 16 33 26 152 29 164 3 4 119 23 70 29 90 2 5 116 29 53 2 5 45 26 11 3 2 101 13 148 21 131 3 2 39 6 20 25 97 2 7 161 15 83 2 8 128 30 75 2 9 290 28 317 3 2 146 10 110 30 130 3 11 116 15 214 20 233 2 10 66 28 73 2 18 5 23 15 3 10 16 19 17 24 8 2 5 186 29 153 3 12 108 18 118 24 181 2 13 11 17 10 2 7 177 15 124 3 3 91 14 53 21 106 3 9 27 13 23 15 35 3 16 19 18 16 24 18 2 7 50 24 36 3 6 79 14 151 17 50 2 3 284 22 317 3 18 182 20 60 30 203 3 3 24 14 38 21 39 3 6 186 21 284 29 128 3 4 307 12 222 23 317 2 9 39 27 69 2 11 108 25 57 2 27 142 30 147
35 3 4 113 12 152 23 142 4 1 130 3 153 6 199 26 140 2 8 141 30 69 3 4 86 23 80 29 120 2 8 115 30 59 2 1 141 20 65 3 2 161 13 133 21 45 2 5 39 26 51 3 2 273 10 103 30 131 2 13 3 17 18 3 2 115 6 75 25 71 2 7 57 15 154 2 5 121 29 161 2 9 191 28 136 3 16 16 18 30 24 16 2 11 109 25 146 3 11 35 15 38 20 110 3 12 136 18 91 24 204 2 3 164 22 89 3 3 80 14 43 21 83 3 9 18 13 21 15 45 3 6 139 14 67 17 196 3 18 26 20 47 30 231 3 16 136 26 233 29 185 2 8 54 30 92 2 18 7 23 15 3 10 12 19 17 24 17 2 9 35 27 83 3 6 90 14 204 17 134 2 7 24 24 22 2 5 57 29 48 3 6 227 21 160 29 286 3 16 152 26 114 29 35 2 10 45 28 49 2 27 109 30 90
34 2 18 12 23 10 3 11 48 15 138 20 81 2 1 117 20 83 3 2 49 13 103 21 68 2 13 17 17 23 4 1 261 3 260 6 183 26 52 2 18 8 23 5 2 10 50 28 11 3 18 90 20 119 30 228 3 4 75 23 28 29 118 3 2 105 10 127 30 271 3 2 23 6 79 25 84 2 5 36 26 18 3 4 194 12 333 23 298 2 7 115 15 192 2 13 9 17 3 3 6 240 14 92 17 46 2 8 109 30 164 2 9 86 28 134 3 12 218 18 136 24 117 3 3 80 14 106 21 69 3 10 10 19 7 24 7 2 5 33 29 230 3 9 43 13 28 15 16 3 16 13 18 12 24 21 3 6 65 21 135 29 137 2 27 28 30 103 2 10 35 28 18 2 3 184 22 285 4 1 139 3 175 6 156 26 166 2 7 16 24 58 2 11 54 25 46 3 16 66 26 184 29 217 2 9 151 27 167
DUE_DATES: 6612 5334 5737 5737 5737 5730 5397 5397 5397 5764 7093 6094 6372 6372 6372 5216 6485 6485 6208 6208 6674 5751 5751 5751 6481 6481 6481 5364 6388 6388 5356 6882 5598 5598 5598 5713 5859 5859 5859 5971 5971 5552 5552 6108 6392 6752 5569 6405 5709 5485
WEIGHTS: 1 1 1 1 2 2 1 2 1 3 1 1 1 3 2 3 3 1 2 1 1 1 3 1 3 2 3 2 3 1 1 2 3 3 2 3 2 2 1 1 2 3 1 2 1 2 3 1 3 2
