50 30
41 2 1 157 18 113 2 2 91 30 98 2 3 42 18 22 2 1 72 18 42 3 4 34 12 78 23 52 2 3 62 18 145 3 6 149 16 207 23 55 2 5 264 24 170 3 11 32 16 19 19 37 2 7 223 28 79 2 5 51 24 225 2 8 59 12 118 3 6 52 16 53 23 51 2 5 96 25 112 2 5 243 24 99 2 9 200 13 77 4 3 300 9 194 17 265 18 175 2 7 82 10 112 2 5 127 24 51 3 2 69 8 91 12 56 2 8 43 12 101 3 1 211 18 32 22 132 2 5 11 17 16 2 5 205 24 53 3 11 5 12 10 27 3 3 13 157 15 52 17 318 3 11 7 12 1 27 11 3 13 25 14 91 21 86 2 14 83 30 95 2 16 50 19 50 2 15 247 20 178 2 20 56 26 87 3 20 10 21 61 30 18 2 18 125 24 77 3 21 192 25 119 27 159 2 5 254 24 185 3 7 87 22 111 23 73 3 2 7 6 27 26 43 2 28 61 30 108 3 21 193 25 156 27 74 3 2 35 16 13 29 43
41 2 1 157 18 113 2 2 91 30 98 2 3 42 18 22 2 1 72 18 42 3 4 34 12 78 23 52 2 3 62 18 145 3 6 149 16 207 23 55 2 5 264 24 170 3 11 32 16 19 19 37 2 7 223 28 79 2 5 51 24 225 2 8 59 12 118 3 6 52 16 53 23 51 2 5 96 25 112 2 5 243 24 99 2 9 200 13 77 4 3 300 9 194 17 265 18 175 2 7 82 10 112 2 5 127 24 51 3 2 69 8 91 12 56 2 8 43 12 101 3 1 211 18 32 22 132 2 5 11 17 16 2 5 205 24 53 3 11 5 12 10 27 3 3 13 157 15 52 17 318 3 11 7 12 1 27 11 3 13 25 14 91 21 86 2 14 83 30 95 2 16 50 19 50 2 15 247 20 178 2 20 56 26 87 3 20 10 21 61 30 18 2 18 125 24 77 3 21 192 25 119 27 159 2 5 254 24 185 3 7 87 22 111 23 73 3 2 7 6 27 26 43 2 28 61 30 108 3 21 193 25 156 27 74 3 2 35 16 13 29 43
34 2 1 177 18 203 2 2 23 30 59 2 3 56 18 49 3 4 31 12 76 23 47 2 5 95 24 259 3 6 129 16 80 23 108 2 7 67 28 268 3 13 79 15 216 17 290 2 8 121 12 89 3 13 51 14 130 21 123 2 9 197 13 146 2 16 38 19 74 3 2 29 16 12 29 19 2 7 144 10 78 2 1 58 18 31 3 11 1 12 6 27 8 3 2 34 8 78 12 83 2 5 70 24 139 4 3 73 9 230 17 52 18 137 2 15 280 20 249 3 7 226 22 129 23 147 2 5 16 17 10 3 7 117 22 229 23 87 3 11 9 16 39 19 26 2 20 65 26 56 3 20 23 21 25 30 50 3 1 194 18 230 22 234 2 14 116 30 111 2 5 34 25 97 2 7 287 28 114 3 21 46 25 111 27 173 2 18 325 24 63 3 2 14 6 13 26 6 2 28 26 30 120
34 2 1 177 18 203 2 2 23 30 59 2 3 56 18 49 3 4 31 12 76 23 47 2 5 95 24 259 3 6 129 16 80 23 108 2 7 67 28 268 3 13 79 15 216 17 290 2 8 121 12 89 3 13 51 14 130 21 123 2 9 197 13 146 2 16 38 19 74 3 2 29 16 12 29 19 2 7 144 10 78 2 1 58 18 31 3 11 1 12 6 27 8 3 2 34 8 78 12 83 2 5 70 24 139 4 3 73 9 230 17 52 18 137 2 15 280 20 249 3 7 226 22 129 23 147 2 5 16 17 10 3 7 117 22 229 23 87 3 11 9 16 39 19 26 2 20 65 26 56 3 20 23 21 25 30 50 3 1 194 18 230 22 234 2 14 116 30 111 2 5 34 25 97 2 7 287 28 114 3 21 46 25 111 27 173 2 18 325 24 63 3 2 14 6 13 26 6 2 28 26 30 120
36 2 1 242 18 50 2 7 296 28 250 2 2 124 30 114 2 7 222 28 145 3 4 70 12 72 23 31 2 3 22 18 36 2 7 181 28 37 2 5 259 24 167 3 4 20 12 43 23 38 2 9 182 13 225 3 6 60 16 257 23 250 2 9 70 13 152 2 8 21 12 36 2 7 45 10 133 3 11 9 12 5 27 10 2 5 124 25 60 4 3 140 9 233 17 288 18 36 3 2 62 8 25 12 97 2 15 101 20 281 3 2 21 16 29 29 7 3 13 178 15 91 17 308 3 13 148 14 23 21 76 2 20 45 26 69 2 16 19 19 74 2 18 319 24 330 2 5 20 17 20 3 11 26 16 34 19 11 3 20 21 21 69 30 18 3 2 48 6 33 26 28 2 2 98 30 156 3 1 229 18 138 22 36 3 7 69 22 46 23 46 2 14 44 30 86 2 7 336 10 297 3 21 140 25 245 27 235 2 28 48 30 186
36 2 1 242 18 50 2 7 296 28 250 2 2 124 30 114 2 7 222 28 145 3 4 70 12 72 23 31 2 3 22 18 36 2 7 181 28 37 2 5 259 24 167 3 4 20 12 43 23 38 2 9 182 13 225 3 6 60 16 257 23 250 2 9 70 13 152 2 8 21 12 36 2 7 45 10 133 3 11 9 12 5 27 10 2 5 124 25 60 4 3 140 9 233 17 288 18 36 3 2 62 8 25 12 97 2 15 101 20 281 3 2 21 16 29 29 7 3 13 178 15 91 17 308 3 13 148 14 23 21 76 2 20 45 26 69 2 16 19 19 74 2 18 319 24 330 2 5 20 17 20 3 11 26 16 34 19 11 3 20 21 21 69 30 18 3 2 48 6 33 26 28 2 2 98 30 156 3 1 229 18 138 22 36 3 7 69 22 46 23 46 2 14 44 30 86 2 7 336 10 297 3 21 140 25 245 27 235 2 28 48 30 186
34 2 1 87 18 122 2 2 99 30 161 2 3 131 18 138 3 4 81 12 49 23 54 2 5 143 24 145 3 6 181 16 209 23 200 2 7 186 28 262 3 13 143 15 286 17 107 2 8 103 12 71 3 13 46 14 135 21 41 2 9 174 13 88 2 16 78 19 58 3 2 8 16 31 29 36 2 7 183 10 97 2 1 59 18 239 3 11 8 12 4 27 11 3 2 70 8 20 12 38 2 5 192 24 247 4 3 106 9 231 17 47 18 192 2 15 43 20 246 3 7 48 22 118 23 230 2 5 12 17 12 3 7 63 22 136 23 96 3 11 30 16 12 19 38 2 20 35 26 81 3 20 65 21 54 30 52 3 1 255 18 197 22 149 2 14 41 30 107 2 5 74 25 78 2 7 282 28 315 3 21 242 25 234 27 163 2 18 93 24 183 3 2 19 6 18 26 41 2 28 76 30 194
34 2 1 87 18 122 2 2 99 30 161 2 3 131 18 138 3 4 81 12 49 23 54 2 5 143 24 145 3 6 181 16 209 23 200 2 7 186 28 262 3 13 143 15 286 17 107 2 8 103 12 71 3 13 46 14 135 21 41 2 9 174 13 88 2 16 78 19 58 3 2 8 16 31 29 36 2 7 183 10 97 2 1 59 18 239 3 11 8 12 4 27 11 3 2 70 8 20 12 38 2 5 192 24 247 4 3 106 9 231 17 47 18 192 2 15 43 20 246 3 7 48 22 118 23 230 2 5 12 17 12 3 7 63 22 136 23 96 3 11 30 16 12 19 38 2 20 35 26 81 3 20 65 21 54 30 52 3 1 255 18 197 22 149 2 14 41 30 107 2 5 74 25 78 2 7 282 28 315 3 21 242 25 234 27 163 2 18 93 24 183 3 2 19 6 18 26 41 2 28 76 30 194
36 2 1 173 18 77 2 7 212 28 221 2 2 169 30 139 2 7 144 28 218 3 4 33 12 21 23 27 2 3 111 18 105 2 7 144 28 258 2 5 249 24 223 3 4 42 12 49 23 25 2 9 151 13 73 3 6 69 16 162 23 245 2 9 177 13 67 2 8 20 12 93 2 7 331 10 88 3 11 3 12 6 27 8 2 5 114 25 102 4 3 129 9 295 17 113 18 270 3 2 69 8 14 12 76 2 15 226 20 263 3 2 32 16 11 29 31 3 13 300 15 114 17 176 3 13 140 14 32 21 88 2 20 92 26 88 2 16 80 19 74 2 18 281 24 47 2 5 27 17 7 3 11 25 16 14 19 32 3 20 12 21 56 30 67 3 2 30 6 7 26 15 2 2 155 30 137 3 1 62 18 173 22 195 3 7 234 22 55 23 156 2 14 121 30 38 2 7 313 10 252 3 21 90 25 136 27 43 2 28 131 30 58
39 2 7 234 28 297 3 11 41 16 22 19 14 2 7 208 28 141 2 1 176 18 165 2 2 83 30 165 3 11 34 16 18 19 17 2 3 139 18 53 3 4 61 12 47 23 44 2 5 51 24 84 3 11 27 16 11 19 13 3 6 178 16 205 23 78 3 2 57 8 57 12 92 2 28 87 30 186 2 8 33 12 97 3 13 303 15 99 17 312 2 1 220 18 146 2 9 99 13 83 2 7 279 10 333 3 11 2 12 10 27 11 3 13 186 14 22 21 175 2 8 45 12 84 3 2 46 6 16 26 6 3 21 134 25 33 27 37 2 9 58 13 189 2 15 100 20 222 2 3 20 18 19 2 16 81 19 49 2 5 127 24 245 2 5 8 17 13 3 1 250 18 34 22 62 2 7 230 10 106 2 14 163 30 104 4 3 220 9 239 17 157 18 298 3 7 235 22 245 23 117 2 20 24 26 67 3 2 33 16 41 29 26 3 20 54 21 69 30 24 2 18 92 24 303 2 5 51 25 125
37 3 4 45 12 21 23 23 2 1 177 18 137 2 2 136 30 115 3 4 96 12 97 23 29 2 3 132 18 32 3 13 161 15 128 17 231 3 2 38 6 10 26 11 2 2 132 30 163 3 21 118 25 166 27 28 2 5 174 24 201 3 6 192 16 112 23 298 2 5 256 24 271 2 5 27 17 8 2 7 316 28 212 3 11 5 12 3 27 5 2 7 184 28 219 2 8 50 12 123 3 1 113 18 218 22 260 2 15 227 20 248 2 9 115 13 154 2 1 136 18 241 2 20 32 26 53 3 2 31 8 31 12 78 2 28 86 30 183 2 7 49 10 181 3 13 128 14 128 21 122 3 20 53 21 69 30 31 2 16 61 19 81 3 7 220 22 145 23 205 3 20 44 21 27 30 53 3 11 21 16 15 19 9 4 3 186 9 241 17 57 18 246 2 18 168 24 250 2 5 63 25 69 3 2 23 16 16 29 42 2 8 86 12 98 2 14 110 30 124
36 2 1 164 18 228 2 2 171 30 165 2 15 283 20 211 2 1 227 18 63 3 13 122 15 72 17 255 2 20 18 26 21 2 3 108 18 39 3 4 77 12 69 23 53 2 9 84 13 33 2 5 35 24 127 3 6 184 16 200 23 66 3 7 31 22 62 23 151 2 7 311 28 292 2 20 57 26 53 2 8 95 12 101 3 21 189 25 195 27 66 3 13 149 15 258 17 230 3 20 61 21 65 30 20 2 7 257 10 78 3 11 1 12 9 27 11 2 3 67 18 18 2 16 18 19 79 3 2 60 8 78 12 88 4 3 153 9 124 17 185 18 205 3 13 174 14 65 21 30 2 3 111 18 43 2 5 14 17 25 2 14 166 30 62 3 11 11 16 29 19 31 3 1 163 18 44 22 257 2 18 262 24 117 2 5 28 25 76 3 11 11 12 7 27 10 3 2 28 16 20 29 25 2 28 154 30 106 3 2 17 6 20 26 11
36 2 1 164 18 228 2 2 171 30 165 2 15 283 20 211 2 1 227 18 63 3 13 122 15 72 17 255 2 20 18 26 21 2 3 108 18 39 3 4 77 12 69 23 53 2 9 84 13 33 2 5 35 24 127 3 6 184 16 200 23 66 3 7 31 22 62 23 151 2 7 311 28 292 2 20 57 26 53 2 8 95 12 101 3 21 189 25 195 27 66 3 13 149 15 258 17 230 3 20 61 21 65 30 20 2 7 257 10 78 3 11 1 12 9 27 11 2 3 67 18 18 2 16 18 19 79 3 2 60 8 78 12 88 4 3 153 9 124 17 185 18 205 3 13 174 14 65 21 30 2 3 111 18 43 2 5 14 17 25 2 14 166 30 62 3 11 11 16 29 19 31 3 1 163 18 44 22 257 2 18 262 24 117 2 5 28 25 76 3 11 11 12 7 27 10 3 2 28 16 20 29 25 2 28 154 30 106 3 2 17 6 20 26 11
37 2 1 113 18 233 2 2 142 30 149 3 20 20 21 28 30 54 2 3 108 18 64 3 21 178 25 123 27 131 3 4 28 12 84 23 66 2 3 52 18 99 2 5 126 24 146 3 2 68 8 84 12 43 3 21 39 25 149 27 170 2 8 114 12 66 3 6 94 16 229 23 135 2 8 111 12 104 2 28 82 30 72 2 7 36 28 272 2 9 55 13 104 2 7 165 10 321 2 7 92 28 293 3 11 5 12 10 27 8 3 7 61 22 77 23 158 3 13 51 15 215 17 44 3 13 87 14 35 21 140 3 1 271 18 106 22 241 2 15 275 20 224 2 8 87 12 16 2 16 88 19 68 3 11 38 16 39 19 44 2 5 7 17 16 3 2 5 6 12 26 46 4 3 91 9 55 17 265 18 68 2 20 75 26 38 3 1 170 18 79 22 115 2 18 170 24 67 2 9 102 13 85 3 2 22 16 39 29 41 2 5 43 25 79 2 14 83 30 84
37 2 1 113 18 233 2 2 142 30 149 3 20 20 21 28 30 54 2 3 108 18 64 3 21 178 25 123 27 131 3 4 28 12 84 23 66 2 3 52 18 99 2 5 126 24 146 3 2 68 8 84 12 43 3 21 39 25 149 27 170 2 8 114 12 66 3 6 94 16 229 23 135 2 8 111 12 104 2 28 82 30 72 2 7 36 28 272 2 9 55 13 104 2 7 165 10 321 2 7 92 28 293 3 11 5 12 10 27 8 3 7 61 22 77 23 158 3 13 51 15 215 17 44 3 13 87 14 35 21 140 3 1 271 18 106 22 241 2 15 275 20 224 2 8 87 12 16 2 16 88 19 68 3 11 38 16 39 19 44 2 5 7 17 16 3 2 5 6 12 26 46 4 3 91 9 55 17 265 18 68 2 20 75 26 38 3 1 170 18 79 22 115 2 18 170 24 67 2 9 102 13 85 3 2 22 16 39 29 41 2 5 43 25 79 2 14 83 30 84
37 2 1 178 18 165 2 2 155 30 141 3 20 61 21 56 30 40 2 3 94 18 132 3 21 181 25 226 27 195 3 4 30 12 64 23 29 2 3 45 18 132 2 5 69 24 198 3 2 56 8 31 12 80 3 21 95 25 183 27 179 2 8 98 12 96 3 6 239 16 98 23 140 2 8 132 12 36 2 28 53 30 91 2 7 190 28 146 2 9 246 13 166 2 7 183 10 92 2 7 150 28 165 3 11 10 12 4 27 9 3 7 231 22 158 23 184 3 13 89 15 40 17 257 3 13 114 14 86 21 101 3 1 214 18 236 22 205 2 15 209 20 273 2 8 121 12 109 2 16 86 19 38 3 11 41 16 43 19 27 2 5 28 17 30 3 2 40 6 41 26 46 4 3 202 9 112 17 88 18 216 2 20 44 26 79 3 1 157 18 171 22 220 2 18 282 24 41 2 9 52 13 78 3 2 40 16 35 29 28 2 5 108 25 84 2 14 26 30 103
37 2 1 178 18 165 2 2 155 30 141 3 20 61 21 56 30 40 2 3 94 18 132 3 21 181 25 226 27 195 3 4 30 12 64 23 29 2 3 45 18 132 2 5 69 24 198 3 2 56 8 31 12 80 3 21 95 25 183 27 179 2 8 98 12 96 3 6 239 16 98 23 140 2 8 132 12 36 2 28 53 30 91 2 7 190 28 146 2 9 246 13 166 2 7 183 10 92 2 7 150 28 165 3 11 10 12 4 27 9 3 7 231 22 158 23 184 3 13 89 15 40 17 257 3 13 114 14 86 21 101 3 1 214 18 236 22 205 2 15 209 20 273 2 8 121 12 109 2 16 86 19 38 3 11 41 16 43 19 27 2 5 28 17 30 3 2 40 6 41 26 46 4 3 202 9 112 17 88 18 216 2 20 44 26 79 3 1 157 18 171 22 220 2 18 282 24 41 2 9 52 13 78 3 2 40 16 35 29 28 2 5 108 25 84 2 14 26 30 103
37 2 1 160 18 163 2 2 123 30 111 2 1 150 18 112 2 3 38 18 25 2 5 199 24 191 2 18 281 24 169 3 4 44 12 86 23 76 3 1 218 18 188 22 99 2 5 129 25 134 3 4 72 12 21 23 26 3 6 122 16 186 23 233 2 7 312 28 111 2 5 100 25 44 2 8 103 12 131 2 9 171 13 148 2 7 275 10 258 3 11 5 12 10 27 8 3 2 70 8 38 12 85 3 13 70 15 272 17 124 3 2 26 8 23 12 73 2 16 51 19 24 3 13 99 14 96 21 127 4 3 87 9 145 17 98 18 41 2 15 242 20 35 2 5 16 17 21 3 1 205 18 263 22 105 3 11 15 16 14 19 42 2 20 94 26 65 3 6 208 16 305 23 293 3 20 56 21 16 30 27 3 7 130 22 47 23 27 3 2 47 6 48 26 30 3 21 248 25 96 27 32 2 28 175 30 159 3 2 43 16 10 29 12 3 20 47 21 29 30 68 2 14 80 30 138
37 2 1 71 18 241 2 2 67 30 88 2 1 200 18 190 2 3 145 18 43 2 5 181 24 35 2 18 45 24 119 3 4 29 12 65 23 68 3 1 123 18 211 22 72 2 5 67 25 58 3 4 53 12 69 23 41 3 6 160 16 201 23 117 2 7 100 28 96 2 5 90 25 89 2 8 76 12 51 2 9 124 13 223 2 7 250 10 153 3 11 12 12 3 27 3 3 2 94 8 24 12 21 3 13 102 15 175 17 97 3 2 94 8 92 12 76 2 16 78 19 76 3 13 50 14 160 21 170 4 3 117 9 285 17 280 18 132 2 15 224 20 209 2 5 22 17 26 3 1 133 18 135 22 56 3 11 35 16 30 19 30 2 20 28 26 93 3 6 125 16 164 23 173 3 20 58 21 17 30 10 3 7 138 22 34 23 216 3 2 29 6 19 26 26 3 21 104 25 183 27 89 2 28 89 30 122 3 2 12 16 21 29 37 3 20 17 21 27 30 68 2 14 160 30 79
37 2 1 71 18 241 2 2 67 30 88 2 1 200 18 190 2 3 145 18 43 2 5 181 24 35 2 18 45 24 119 3 4 29 12 65 23 68 3 1 123 18 211 22 72 2 5 67 25 58 3 4 53 12 69 23 41 3 6 160 16 201 23 117 2 7 100 28 96 2 5 90 25 89 2 8 76 12 51 2 9 124 13 223 2 7 250 10 153 3 11 12 12 3 27 3 3 2 94 8 24 12 21 3 13 102 15 175 17 97 3 2 94 8 92 12 76 2 16 78 19 76 3 13 50 14 160 21 170 4 3 117 9 285 17 280 18 132 2 15 224 20 209 2 5 22 17 26 3 1 133 18 135 22 56 3 11 35 16 30 19 30 2 20 28 26 93 3 6 125 16 164 23 173 3 20 58 21 17 30 10 3 7 138 22 34 23 216 3 2 29 6 19 26 26 3 21 104 25 183 27 89 2 28 89 30 122 3 2 12 16 21 29 37 3 20 17 21 27 30 68 2 14 160 30 79
37 2 1 71 18 241 2 2 67 30 88 2 1 200 18 190 2 3 145 18 43 2 5 181 24 35 2 18 45 24 119 3 4 29 12 65 23 68 3 1 123 18 211 22 72 2 5 67 25 58 3 4 53 12 69 23 41 3 6 160 16 201 23 117 2 7 100 28 96 2 5 90 25 89 2 8 76 12 51 2 9 124 13 223 2 7 250 10 153 3 11 12 12 3 27 3 3 2 94 8 24 12 21 3 13 102 15 175 17 97 3 2 94 8 92 12 76 2 16 78 19 76 3 13 50 14 160 21 170 4 3 117 9 285 17 280 18 132 2 15 224 20 209 2 5 22 17 26 3 1 133 18 135 22 56 3 11 35 16 30 19 30 2 20 28 26 93 3 6 125 16 164 23 173 3 20 58 21 17 30 10 3 7 138 22 34 23 216 3 2 29 6 19 26 26 3 21 104 25 183 27 89 2 28 89 30 122 3 2 12 16 21 29 37 3 20 17 21 27 30 68 2 14 160 30 79
35 2 1 213 18 65 2 2 93 30 156 2 1 166 18 147 2 14 126 30 134 2 3 23 18 39 3 4 11 12 92 23 81 2 3 42 18 107 2 5 84 24 64 3 20 53 21 23 30 64 3 6 257 16 250 23 225 2 9 61 13 169 2 7 127 28 103 2 8 42 12 49 3 13 135 14 64 21 99 2 28 171 30 76 2 7 276 10 68 3 1 118 18 194 22 181 2 2 150 30 164 3 11 36 16 14 19 31 2 5 27 17 4 3 11 2 12 2 27 3 3 20 41 21 18 30 36 3 7 233 22 36 23 237 3 2 34 8 71 12 55 3 13 223 15 168 17 256 3 21 174 25 215 27 42 2 15 244 20 60 2 5 129 25 56 2 16 17 19 76 4 3 118 9 296 17 150 18 186 2 20 86 26 40 2 18 313 24 184 2 3 149 18 117 3 2 38 6 18 26 36 3 2 45 16 7 29 36
35 2 1 213 18 65 2 2 93 30 156 2 1 166 18 147 2 14 126 30 134 2 3 23 18 39 3 4 11 12 92 23 81 2 3 42 18 107 2 5 84 24 64 3 20 53 21 23 30 64 3 6 257 16 250 23 225 2 9 61 13 169 2 7 127 28 103 2 8 42 12 49 3 13 135 14 64 21 99 2 28 171 30 76 2 7 276 10 68 3 1 118 18 194 22 181 2 2 150 30 164 3 11 36 16 14 19 31 2 5 27 17 4 3 11 2 12 2 27 3 3 20 41 21 18 30 36 3 7 233 22 36 23 237 3 2 34 8 71 12 55 3 13 223 15 168 17 256 3 21 174 25 215 27 42 2 15 244 20 60 2 5 129 25 56 2 16 17 19 76 4 3 118 9 296 17 150 18 186 2 20 86 26 40 2 18 313 24 184 2 3 149 18 117 3 2 38 6 18 26 36 3 2 45 16 7 29 36
35 2 1 213 18 65 2 2 93 30 156 2 1 166 18 147 2 14 126 30 134 2 3 23 18 39 3 4 11 12 92 23 81 2 3 42 18 107 2 5 84 24 64 3 20 53 21 23 30 64 3 6 257 16 250 23 225 2 9 61 13 169 2 7 127 28 103 2 8 42 12 49 3 13 135 14 64 21 99 2 28 171 30 76 2 7 276 10 68 3 1 118 18 194 22 181 2 2 150 30 164 3 11 36 16 14 19 31 2 5 27 17 4 3 11 2 12 2 27 3 3 20 41 21 18 30 36 3 7 233 22 36 23 237 3 2 34 8 71 12 55 3 13 223 15 168 17 256 3 21 174 25 215 27 42 2 15 244 20 60 2 5 129 25 56 2 16 17 19 76 4 3 118 9 296 17 150 18 186 2 20 86 26 40 2 18 313 24 184 2 3 149 18 117 3 2 38 6 18 26 36 3 2 45 16 7 29 36
37 2 1 48 18 83 2 2 161 30 135 3 20 9 21 56 30 41 2 3 66 18 142 3 21 30 25 199 27 197 3 4 26 12 12 23 45 2 3 63 18 19 2 5 224 24 234 3 2 13 8 72 12 65 3 21 138 25 62 27 214 2 8 127 12 47 3 6 155 16 118 23 89 2 8 80 12 39 2 28 110 30 134 2 7 135 28 255 2 9 59 13 191 2 7 311 10 304 2 7 254 28 144 3 11 12 12 4 27 7 3 7 29 22 38 23 180 3 13 304 15 65 17 231 3 13 22 14 59 21 51 3 1 33 18 100 22 118 2 15 236 20 40 2 8 81 12 120 2 16 65 19 69 3 11 36 16 32 19 37 2 5 4 17 31 3 2 13 6 30 26 22 4 3 223 9 220 17 39 18 292 2 20 79 26 64 3 1 68 18 272 22 254 2 18 206 24 317 2 9 153 13 120 3 2 14 16 43 29 11 2 5 37 25 52 2 14 130 30 136
37 2 1 48 18 83 2 2 161 30 135 3 20 9 21 56 30 41 2 3 66 18 142 3 21 30 25 199 27 197 3 4 26 12 12 23 45 2 3 63 18 19 2 5 224 24 234 3 2 13 8 72 12 65 3 21 138 25 62 27 214 2 8 127 12 47 3 6 155 16 118 23 89 2 8 80 12 39 2 28 110 30 134 2 7 135 28 255 2 9 59 13 191 2 7 311 10 304 2 7 254 28 144 3 11 12 12 4 27 7 3 7 29 22 38 23 180 3 13 304 15 65 17 231 3 13 22 14 59 21 51 3 1 33 18 100 22 118 2 15 236 20 40 2 8 81 12 120 2 16 65 19 69 3 11 36 16 32 19 37 2 5 4 17 31 3 2 13 6 30 26 22 4 3 223 9 220 17 39 18 292 2 20 79 26 64 3 1 68 18 272 22 254 2 18 206 24 317 2 9 153 13 120 3 2 14 16 43 29 11 2 5 37 25 52 2 14 130 30 136
33 2 5 90 25 18 2 1 57 18 86 2 2 46 30 80 2 3 84 18 147 3 13 101 15 242 17 220 3 2 49 6 10 26 31 3 4 84 12 63 23 60 2 18 162 24 206 2 5 197 24 238 3 13 300 15 98 17 161 3 13 49 14 50 21 56 3 6 299 16 247 23 228 2 7 297 28 274 2 8 24 12 64 3 11 10 16 36 19 7 2 9 201 13 76 2 5 80 24 55 3 7 100 22 159 23 77 3 6 204 16 91 23 268 2 7 295 10 246 3 11 6 12 1 27 2 2 15 252 20 189 2 5 22 17 31 3 2 32 8 55 12 68 4 3 52 9 283 17 161 18 215 2 16 53 19 41 2 14 59 30 129 2 20 43 26 75 3 2 38 16 15 29 15 3 20 14 21 47 30 60 3 1 79 18 276 22 81 3 21 125 25 115 27 59 2 28 161 30 136
33 2 5 90 25 18 2 1 57 18 86 2 2 46 30 80 2 3 84 18 147 3 13 101 15 242 17 220 3 2 49 6 10 26 31 3 4 84 12 63 23 60 2 18 162 24 206 2 5 197 24 238 3 13 300 15 98 17 161 3 13 49 14 50 21 56 3 6 299 16 247 23 228 2 7 297 28 274 2 8 24 12 64 3 11 10 16 36 19 7 2 9 201 13 76 2 5 80 24 55 3 7 100 22 159 23 77 3 6 204 16 91 23 268 2 7 295 10 246 3 11 6 12 1 27 2 2 15 252 20 189 2 5 22 17 31 3 2 32 8 55 12 68 4 3 52 9 283 17 161 18 215 2 16 53 19 41 2 14 59 30 129 2 20 43 26 75 3 2 38 16 15 29 15 3 20 14 21 47 30 60 3 1 79 18 276 22 81 3 21 125 25 115 27 59 2 28 161 30 136
33 2 5 90 25 18 2 1 57 18 86 2 2 46 30 80 2 3 84 18 147 3 13 101 15 242 17 220 3 2 49 6 10 26 31 3 4 84 12 63 23 60 2 18 162 24 206 2 5 197 24 238 3 13 300 15 98 17 161 3 13 49 14 50 21 56 3 6 299 16 247 23 228 2 7 297 28 274 2 8 24 12 64 3 11 10 16 36 19 7 2 9 201 13 76 2 5 80 24 55 3 7 100 22 159 23 77 3 6 204 16 91 23 268 2 7 295 10 246 3 11 6 12 1 27 2 2 15 252 20 189 2 5 22 17 31 3 2 32 8 55 12 68 4 3 52 9 283 17 161 18 215 2 16 53 19 41 2 14 59 30 129 2 20 43 26 75 3 2 38 16 15 29 15 3 20 14 21 47 30 60 3 1 79 18 276 22 81 3 21 125 25 115 27 59 2 28 161 30 136
33 2 5 90 25 18 2 1 57 18 86 2 2 46 30 80 2 3 84 18 147 3 13 101 15 242 17 220 3 2 49 6 10 26 31 3 4 84 12 63 23 60 2 18 162 24 206 2 5 197 24 238 3 13 300 15 98 17 161 3 13 49 14 50 21 56 3 6 299 16 247 23 228 2 7 297 28 274 2 8 24 12 64 3 11 10 16 36 19 7 2 9 201 13 76 2 5 80 24 55 3 7 100 22 159 23 77 3 6 204 16 91 23 268 2 7 295 10 246 3 11 6 12 1 27 2 2 15 252 20 189 2 5 22 17 31 3 2 32 8 55 12 68 4 3 52 9 283 17 161 18 215 2 16 53 19 41 2 14 59 30 129 2 20 43 26 75 3 2 38 16 15 29 15 3 20 14 21 47 30 60 3 1 79 18 276 22 81 3 21 125 25 115 27 59 2 28 161 30 136
33 2 5 90 25 18 2 1 57 18 86 2 2 46 30 80 2 3 84 18 147 3 13 101 15 242 17 220 3 2 49 6 10 26 31 3 4 84 12 63 23 60 2 18 162 24 206 2 5 197 24 238 3 13 300 15 98 17 161 3 13 49 14 50 21 56 3 6 299 16 247 23 228 2 7 297 28 274 2 8 24 12 64 3 11 10 16 36 19 7 2 9 201 13 76 2 5 80 24 55 3 7 100 22 159 23 77 3 6 204 16 91 23 268 2 7 295 10 246 3 11 6 12 1 27 2 2 15 252 20 189 2 5 22 17 31 3 2 32 8 55 12 68 4 3 52 9 283 17 161 18 215 2 16 53 19 41 2 14 59 30 129 2 20 43 26 75 3 2 38 16 15 29 15 3 20 14 21 47 30 60 3 1 79 18 276 22 81 3 21 125 25 115 27 59 2 28 161 30 136
37 2 1 184 18 198 2 2 48 30 149 2 1 40 18 100 2 3 137 18 62 2 5 258 24 197 2 18 278 24 248 3 4 73 12 73 23 34 3 1 38 18 220 22 119 2 5 136 25 115 3 4 49 12 87 23 96 3 6 196 16 160 23 245 2 7 63 28 81 2 5 32 25 129 2 8 95 12 133 2 9 77 13 143 2 7 262 10 162 3 11 6 12 5 27 2 3 2 33 8 81 12 17 3 13 301 15 76 17 55 3 2 46 8 44 12 18 2 16 72 19 21 3 13 170 14 67 21 142 4 3 241 9 166 17 244 18 112 2 15 153 20 53 2 5 23 17 7 3 1 187 18 94 22 128 3 11 37 16 23 19 39 2 20 14 26 90 3 6 152 16 140 23 88 3 20 24 21 26 30 29 3 7 92 22 79 23 180 3 2 15 6 32 26 17 3 21 237 25 196 27 155 2 28 39 30 37 3 2 20 16 20 29 23 3 20 62 21 26 30 44 2 14 123 30 81
36 2 1 133 18 185 2 7 125 28 158 2 2 149 30 20 2 7 297 28 232 3 4 81 12 74 23 78 2 3 36 18 131 2 7 119 28 173 2 5 84 24 199 3 4 94 12 43 23 13 2 9 221 13 152 3 6 297 16 245 23 162 2 9 89 13 150 2 8 19 12 117 2 7 249 10 202 3 11 5 12 2 27 1 2 5 51 25 33 4 3 58 9 75 17 73 18 96 3 2 16 8 80 12 11 2 15 73 20 155 3 2 21 16 42 29 34 3 13 149 15 105 17 108 3 13 119 14 127 21 154 2 20 57 26 87 2 16 86 19 25 2 18 195 24 337 2 5 20 17 28 3 11 6 16 34 19 31 3 20 12 21 54 30 66 3 2 27 6 30 26 30 2 2 72 30 80 3 1 236 18 196 22 268 3 7 74 22 235 23 207 2 14 149 30 20 2 7 235 10 82 3 21 163 25 119 27 113 2 28 81 30 166
35 2 1 147 18 29 2 2 88 30 144 2 1 194 18 151 2 3 104 18 150 2 5 18 17 21 2 2 110 30 161 3 2 32 8 84 12 56 3 1 282 18 72 22 203 3 4 19 12 71 23 14 2 5 106 24 70 3 6 74 16 80 23 66 2 7 154 28 258 2 18 320 24 41 2 7 75 10 75 3 20 30 21 55 30 23 2 20 56 26 74 2 8 47 12 31 4 3 110 9 64 17 124 18 97 3 2 43 6 30 26 48 3 11 8 12 5 27 2 3 2 26 8 25 12 40 3 13 112 15 252 17 90 2 20 54 26 66 3 7 102 22 173 23 155 2 20 72 26 88 2 9 214 13 32 3 13 147 14 83 21 108 2 15 229 20 99 3 21 251 25 120 27 78 2 14 128 30 130 2 16 65 19 62 3 11 17 16 20 19 8 2 5 122 25 111 2 28 143 30 190 3 2 28 16 27 29 38
34 2 1 105 18 95 2 2 72 30 27 2 3 45 18 110 3 4 37 12 53 23 27 2 5 126 24 30 3 6 238 16 139 23 230 2 7 135 28 269 3 13 154 15 225 17 205 2 8 74 12 64 3 13 56 14 44 21 97 2 9 152 13 233 2 16 64 19 80 3 2 16 16 43 29 11 2 7 166 10 331 2 1 142 18 41 3 11 7 12 5 27 5 3 2 25 8 23 12 61 2 5 69 24 178 4 3 208 9 101 17 263 18 133 2 15 105 20 84 3 7 135 22 53 23 218 2 5 14 17 9 3 7 116 22 207 23 73 3 11 7 16 13 19 42 2 20 89 26 72 3 20 57 21 22 30 58 3 1 99 18 32 22 205 2 14 77 30 87 2 5 135 25 66 2 7 190 28 249 3 21 127 25 77 27 220 2 18 305 24 239 3 2 20 6 41 26 18 2 28 126 30 108
36 2 1 53 18 53 2 2 167 30 182 2 15 186 20 99 2 1 213 18 231 3 13 81 15 85 17 126 2 20 73 26 89 2 3 79 18 80 3 4 86 12 30 23 27 2 9 210 13 234 2 5 125 24 239 3 6 178 16 281 23 148 3 7 180 22 233 23 235 2 7 259 28 266 2 20 80 26 47 2 8 106 12 59 3 21 180 25 131 27 76 3 13 97 15 225 17 285 3 20 29 21 14 30 51 2 7 244 10 334 3 11 4 12 11 27 4 2 3 51 18 115 2 16 87 19 31 3 2 53 8 41 12 28 4 3 122 9 257 17 191 18 295 3 13 58 14 166 21 57 2 3 81 18 54 2 5 10 17 20 2 14 28 30 134 3 11 12 16 36 19 44 3 1 71 18 181 22 169 2 18 331 24 87 2 5 64 25 65 3 11 8 12 3 27 6 3 2 23 16 34 29 21 2 28 201 30 43 3 2 22 6 43 26 8
36 2 1 53 18 53 2 2 167 30 182 2 15 186 20 99 2 1 213 18 231 3 13 81 15 85 17 126 2 20 73 26 89 2 3 79 18 80 3 4 86 12 30 23 27 2 9 210 13 234 2 5 125 24 239 3 6 178 16 281 23 148 3 7 180 22 233 23 235 2 7 259 28 266 2 20 80 26 47 2 8 106 12 59 3 21 180 25 131 27 76 3 13 97 15 225 17 285 3 20 29 21 14 30 51 2 7 244 10 334 3 11 4 12 11 27 4 2 3 51 18 115 2 16 87 19 31 3 2 53 8 41 12 28 4 3 122 9 257 17 191 18 295 3 13 58 14 166 21 57 2 3 81 18 54 2 5 10 17 20 2 14 28 30 134 3 11 12 16 36 19 44 3 1 71 18 181 22 169 2 18 331 24 87 2 5 64 25 65 3 11 8 12 3 27 6 3 2 23 16 34 29 21 2 28 201 30 43 3 2 22 6 43 26 8
41 2 1 213 18 241 2 2 145 30 100 2 3 143 18 148 2 1 32 18 35 3 4 57 12 70 23 96 2 3 23 18 68 3 6 68 16 58 23 299 2 5 242 24 188 3 11 17 16 18 19 19 2 7 85 28 254 2 5 177 24 127 2 8 87 12 128 3 6 145 16 124 23 172 2 5 39 25 99 2 5 144 24 86 2 9 89 13 38 4 3 240 9 293 17 246 18 274 2 7 212 10 125 2 5 252 24 261 3 2 92 8 33 12 72 2 8 78 12 121 3 1 144 18 169 22 179 2 5 24 17 4 2 5 61 24 162 3 11 8 12 6 27 7 3 13 249 15 193 17 310 3 11 12 12 12 27 12 3 13 47 14 195 21 166 2 14 147 30 145 2 16 27 19 49 2 15 56 20 177 2 20 51 26 76 3 20 22 21 30 30 17 2 18 53 24 247 3 21 157 25 63 27 112 2 5 90 24 265 3 7 50 22 200 23 177 3 2 40 6 41 26 21 2 28 125 30 147 3 21 170 25 154 27 126 3 2 38 16 29 29 38
37 3 4 47 12 46 23 45 2 1 138 18 93 2 2 80 30 20 3 4 38 12 91 23 39 2 3 123 18 142 3 13 312 15 157 17 319 3 2 35 6 10 26 23 2 2 123 30 29 3 21 65 25 156 27 153 2 5 169 24 50 3 6 161 16 89 23 105 2 5 95 24 126 2 5 15 17 29 2 7 310 28 79 3 11 7 12 1 27 5 2 7 288 28 238 2 8 93 12 107 3 1 88 18 69 22 97 2 15 174 20 118 2 9 119 13 40 2 1 179 18 61 2 20 15 26 95 3 2 42 8 23 12 73 2 28 105 30 34 2 7 324 10 318 3 13 25 14 85 21 157 3 20 56 21 48 30 33 2 16 24 19 14 3 7 107 22 40 23 175 3 20 39 21 17 30 8 3 11 21 16 44 19 44 4 3 297 9 195 17 37 18 108 2 18 245 24 89 2 5 32 25 114 3 2 5 16 26 29 32 2 8 87 12 115 2 14 118 30 134
38 2 1 91 18 165 4 3 148 9 70 17 159 18 133 2 1 48 18 78 2 2 57 30 53 4 3 110 9 208 17 181 18 252 3 1 153 18 210 22 231 3 21 226 25 84 27 75 2 18 192 24 322 2 16 25 19 31 3 21 90 25 203 27 170 2 3 129 18 142 2 5 72 25 46 3 13 107 14 148 21 73 2 8 59 12 48 2 5 94 25 127 3 4 25 12 43 23 81 2 5 31 24 102 2 8 84 12 39 3 11 10 16 20 19 28 3 6 63 16 79 23 42 2 7 83 28 119 2 9 203 13 110 3 11 4 12 10 27 10 2 7 46 10 302 2 1 150 18 38 3 13 163 15 278 17 127 2 20 63 26 74 3 11 20 16 17 19 27 3 2 39 16 35 29 44 3 2 43 8 91 12 19 2 15 276 20 209 3 7 193 22 164 23 174 2 5 30 17 15 3 6 52 16 157 23 104 3 20 32 21 8 30 59 3 2 37 6 27 26 20 2 28 201 30 156 2 14 38 30 93
37 3 4 40 12 75 23 89 2 1 44 18 32 2 2 64 30 26 3 4 101 12 91 23 13 2 3 132 18 85 3 13 68 15 169 17 244 3 2 15 6 34 26 36 2 2 99 30 155 3 21 153 25 52 27 43 2 5 119 24 119 3 6 166 16 267 23 131 2 5 151 24 95 2 5 17 17 25 2 7 165 28 213 3 11 11 12 5 27 1 2 7 112 28 138 2 8 55 12 72 3 1 74 18 152 22 265 2 15 245 20 136 2 9 210 13 199 2 1 61 18 207 2 20 25 26 27 3 2 35 8 64 12 30 2 28 49 30 29 2 7 81 10 191 3 13 101 14 191 21 162 3 20 57 21 62 30 47 2 16 81 19 63 3 7 100 22 239 23 56 3 20 25 21 40 30 12 3 11 7 16 20 19 14 4 3 247 9 244 17 227 18 256 2 18 124 24 39 2 5 64 25 25 3 2 27 16 5 29 9 2 8 125 12 130 2 14 68 30 102
39 2 7 163 28 121 3 11 24 16 7 19 31 2 7 205 28 71 2 1 154 18 216 2 2 104 30 101 3 11 40 16 19 19 7 2 3 72 18 78 3 4 46 12 33 23 45 2 5 155 24 192 3 11 39 16 20 19 43 3 6 144 16 147 23 95 3 2 93 8 21 12 41 2 28 98 30 162 2 8 71 12 119 3 13 155 15 177 17 108 2 1 78 18 86 2 9 234 13 235 2 7 253 10 155 3 11 4 12 9 27 2 3 13 185 14 64 21 84 2 8 83 12 16 3 2 24 6 36 26 12 3 21 174 25 118 27 124 2 9 173 13 188 2 15 32 20 234 2 3 23 18 99 2 16 56 19 65 2 5 77 24 202 2 5 4 17 13 3 1 70 18 76 22 91 2 7 187 10 237 2 14 138 30 68 4 3 293 9 290 17 262 18 260 3 7 71 22 42 23 163 2 20 79 26 54 3 2 20 16 44 29 19 3 20 45 21 66 30 38 2 18 165 24 261 2 5 133 25 16
36 2 1 98 18 99 2 2 126 30 70 2 15 181 20 87 2 1 194 18 234 3 13 212 15 176 17 123 2 20 76 26 86 2 3 45 18 61 3 4 71 12 85 23 44 2 9 178 13 88 2 5 154 24 55 3 6 240 16 301 23 268 3 7 88 22 84 23 236 2 7 130 28 163 2 20 13 26 95 2 8 70 12 110 3 21 94 25 73 27 110 3 13 247 15 161 17 165 3 20 57 21 29 30 49 2 7 295 10 100 3 11 7 12 9 27 7 2 3 49 18 106 2 16 49 19 56 3 2 88 8 37 12 37 4 3 281 9 85 17 241 18 298 3 13 122 14 76 21 187 2 3 122 18 36 2 5 21 17 11 2 14 116 30 65 3 11 25 16 8 19 34 3 1 66 18 170 22 144 2 18 286 24 119 2 5 23 25 72 3 11 6 12 8 27 10 3 2 29 16 6 29 27 2 28 97 30 72 3 2 15 6 39 26 25
35 2 1 201 18 186 2 2 148 30 177 2 1 59 18 117 2 3 43 18 74 2 5 31 17 22 2 2 163 30 33 3 2 14 8 96 12 20 3 1 162 18 252 22 261 3 4 19 12 72 23 36 2 5 162 24 224 3 6 90 16 188 23 131 2 7 226 28 62 2 18 180 24 107 2 7 118 10 290 3 20 11 21 26 30 39 2 20 87 26 90 2 8 110 12 61 4 3 106 9 180 17 222 18 228 3 2 26 6 27 26 39 3 11 9 12 3 27 8 3 2 38 8 94 12 71 3 13 63 15 40 17 109 2 20 68 26 29 3 7 233 22 47 23 174 2 20 79 26 89 2 9 150 13 179 3 13 47 14 49 21 61 2 15 43 20 128 3 21 228 25 227 27 109 2 14 140 30 20 2 16 69 19 23 3 11 29 16 26 19 28 2 5 53 25 125 2 28 207 30 148 3 2 44 16 44 29 27
35 2 3 149 18 132 2 1 156 18 79 2 2 42 30 174 3 4 50 12 14 23 63 2 1 47 18 36 2 18 207 24 94 2 5 154 24 101 3 6 68 16 171 23 165 2 7 36 28 249 2 1 30 18 113 3 21 213 25 203 27 117 2 8 61 12 84 2 9 171 13 93 2 7 311 10 44 3 11 7 12 2 27 4 3 13 136 14 61 21 69 3 2 28 8 44 12 23 3 13 254 15 176 17 96 3 4 92 12 81 23 27 2 15 56 20 168 2 16 19 19 85 2 28 24 30 93 2 5 20 17 30 4 3 264 9 166 17 191 18 110 3 11 44 16 33 19 23 2 20 50 26 81 2 14 140 30 65 2 20 59 26 71 3 20 59 21 39 30 30 3 1 229 18 68 22 55 2 2 136 30 46 3 7 102 22 242 23 190 2 5 52 25 101 3 2 35 6 43 26 44 3 2 8 16 25 29 39
34 2 1 161 18 110 2 2 169 30 142 2 3 95 18 112 3 4 42 12 35 23 24 2 5 100 24 192 3 6 291 16 298 23 250 2 7 133 28 193 3 13 39 15 178 17 88 2 8 43 12 84 3 13 117 14 68 21 71 2 9 71 13 54 2 16 31 19 11 3 2 23 16 8 29 6 2 7 168 10 53 2 1 237 18 27 3 11 10 12 7 27 4 3 2 58 8 78 12 31 2 5 217 24 249 4 3 193 9 154 17 181 18 37 2 15 255 20 41 3 7 201 22 114 23 151 2 5 26 17 25 3 7 51 22 199 23 30 3 11 22 16 36 19 21 2 20 46 26 52 3 20 59 21 63 30 61 3 1 134 18 34 22 283 2 14 102 30 144 2 5 112 25 135 2 7 316 28 268 3 21 220 25 75 27 195 2 18 125 24 176 3 2 37 6 24 26 36 2 28 177 30 138
39 3 11 12 12 7 27 7 2 1 76 18 229 2 2 98 30 109 2 3 108 18 110 2 5 31 24 214 2 3 39 18 75 3 1 225 18 152 22 61 3 4 50 12 84 23 58 2 1 173 18 99 3 6 155 16 78 23 91 2 7 240 28 111 2 8 21 12 39 2 7 67 10 57 2 9 61 13 75 3 2 86 8 56 12 36 3 13 95 15 248 17 280 2 8 53 12 58 2 15 267 20 274 2 1 219 18 78 3 13 197 14 157 21 103 2 16 66 19 23 2 5 230 24 71 2 5 9 17 15 4 3 174 9 186 17 257 18 122 3 11 5 12 5 27 5 2 20 71 26 85 3 11 8 16 38 19 17 2 18 298 24 342 2 28 108 30 45 3 20 24 21 41 30 33 2 2 164 30 135 3 7 225 22 112 23 200 3 13 120 14 117 21 48 3 2 31 16 43 29 38 3 2 42 6 31 26 41 2 5 89 25 30 3 21 83 25 70 27 63 3 13 261 15 39 17 245 2 14 85 30 96
35 2 3 39 18 116 2 1 155 18 66 2 2 99 30 144 3 4 60 12 68 23 37 2 1 48 18 99 2 18 326 24 57 2 5 103 24 80 3 6 203 16 228 23 49 2 7 175 28 85 2 1 128 18 219 3 21 189 25 73 27 55 2 8 64 12 130 2 9 234 13 123 2 7 297 10 188 3 11 11 12 2 27 3 3 13 53 14 40 21 193 3 2 47 8 83 12 52 3 13 198 15 203 17 193 3 4 68 12 57 23 23 2 15 201 20 192 2 16 52 19 82 2 28 66 30 196 2 5 5 17 7 4 3 244 9 198 17 60 18 204 3 11 31 16 24 19 20 2 20 28 26 35 2 14 124 30 81 2 20 12 26 16 3 20 33 21 14 30 50 3 1 240 18 278 22 187 2 2 57 30 31 3 7 246 22 27 23 55 2 5 54 25 54 3 2 39 6 25 26 14 3 2 15 16 41 29 20
34 2 1 191 18 198 2 2 100 30 129 2 3 43 18 120 3 4 86 12 91 23 45 2 5 171 24 227 3 6 91 16 163 23 248 2 7 304 28 303 3 13 50 15 88 17 264 2 8 121 12 117 3 13 199 14 99 21 199 2 9 221 13 195 2 16 65 19 65 3 2 46 16 19 29 23 2 7 202 10 292 2 1 135 18 60 3 11 4 12 3 27 4 3 2 79 8 90 12 41 2 5 43 24 110 4 3 130 9 67 17 287 18 59 2 15 118 20 270 3 7 142 22 122 23 148 2 5 23 17 22 3 7 184 22 92 23 95 3 11 21 16 43 19 19 2 20 96 26 70 3 20 14 21 47 30 9 3 1 121 18 80 22 226 2 14 63 30 92 2 5 42 25 40 2 7 236 28 74 3 21 157 25 122 27 40 2 18 65 24 299 3 2 11 6 19 26 33 2 28 34 30 135
39 3 11 9 12 2 27 9 2 1 83 18 125 2 2 161 30 175 2 3 93 18 20 2 5 96 24 137 2 3 81 18 54 3 1 150 18 109 22 193 3 4 64 12 76 23 28 2 1 59 18 102 3 6 254 16 95 23 221 2 7 253 28 308 2 8 34 12 43 2 7 135 10 159 2 9 195 13 234 3 2 42 8 77 12 79 3 13 175 15 66 17 108 2 8 114 12 69 2 15 285 20 88 2 1 146 18 151 3 13 56 14 134 21 96 2 16 14 19 80 2 5 126 24 41 2 5 5 17 13 4 3 248 9 200 17 63 18 67 3 11 5 12 8 27 6 2 20 90 26 24 3 11 13 16 6 19 8 2 18 305 24 298 2 28 182 30 47 3 20 60 21 15 30 15 2 2 159 30 23 3 7 172 22 172 23 66 3 13 32 14 36 21 88 3 2 28 16 24 29 12 3 2 7 6 28 26 32 2 5 36 25 80 3 21 48 25 164 27 126 3 13 70 15 97 17 198 2 14 89 30 66
DUE_DATES: 7527 7527 6588 6588 7671 7671 7269 7269 7883 8040 8136 6823 6823 6949 6949 7782 7782 7571 6740 6740 6740 6833 6833 6833 7460 7460 6895 6895 6895 6895 6895 6900 7419 6217 6694 7479 7479 8680 6800 7005 6517 7564 6707 6532 6015 6980 7477 6426 7188 7132
WEIGHTS: 2 2 2 2 1 3 2 2 3 3 3 1 3 3 1 3 1 2 2 3 1 3 2 2 3 3 1 3 1 3 3 3 2 1 3 1 2 3 1 2 2 2 3 1 3 3 2 1 2 1
