50 30
35 3 1 97 8 112 28 59 2 2 263 9 284 2 3 140 12 106 2 4 68 17 131 2 2 131 9 327 2 5 41 18 104 2 2 61 6 64 3 10 116 18 150 29 73 2 4 145 17 174 3 5 136 7 247 25 103 3 2 9 19 59 30 20 2 3 171 8 321 4 9 121 15 68 26 70 30 88 2 10 70 30 74 3 13 115 14 66 18 51 2 11 41 13 100 3 15 61 20 184 25 77 3 12 279 22 296 23 148 2 19 22 23 108 2 14 254 16 266 3 15 17 22 38 24 80 2 16 29 22 88 2 17 166 23 218 2 10 49 26 19 2 20 20 21 64 2 1 183 22 209 3 2 50 19 21 30 50 3 2 101 12 42 27 76 3 5 114 13 165 28 41 2 15 139 23 43 3 2 72 19 27 30 15 3 9 213 14 63 29 268 3 5 111 24 96 28 109 2 11 29 13 197 2 8 45 25 32
36 2 3 180 12 120 3 1 123 8 82 28 87 2 2 241 9 245 2 4 69 17 193 3 1 97 8 80 28 67 2 5 134 18 153 2 15 72 23 108 3 10 122 18 156 29 97 2 2 44 6 20 3 5 216 7 224 25 48 2 3 148 8 63 4 9 100 15 23 26 150 30 122 2 10 39 30 42 2 11 158 13 57 3 12 73 22 251 23 140 2 16 32 22 37 2 3 55 8 273 3 13 105 14 198 18 105 2 2 62 6 38 2 10 28 26 8 3 9 99 14 110 29 78 2 14 235 16 283 2 8 6 25 20 3 15 67 22 44 24 53 3 2 16 19 45 30 22 3 15 69 20 132 25 60 2 2 47 6 59 2 17 89 23 193 2 2 328 9 158 2 19 25 23 184 3 2 90 12 75 27 142 2 20 37 21 22 3 1 127 8 27 28 76 2 1 267 22 327 3 5 106 24 88 28 94 3 5 158 13 142 28 180
36 2 3 180 12 120 3 1 123 8 82 28 87 2 2 241 9 245 2 4 69 17 193 3 1 97 8 80 28 67 2 5 134 18 153 2 15 72 23 108 3 10 122 18 156 29 97 2 2 44 6 20 3 5 216 7 224 25 48 2 3 148 8 63 4 9 100 15 23 26 150 30 122 2 10 39 30 42 2 11 158 13 57 3 12 73 22 251 23 140 2 16 32 22 37 2 3 55 8 273 3 13 105 14 198 18 105 2 2 62 6 38 2 10 28 26 8 3 9 99 14 110 29 78 2 14 235 16 283 2 8 6 25 20 3 15 67 22 44 24 53 3 2 16 19 45 30 22 3 15 69 20 132 25 60 2 2 47 6 59 2 17 89 23 193 2 2 328 9 158 2 19 25 23 184 3 2 90 12 75 27 142 2 20 37 21 22 3 1 127 8 27 28 76 2 1 267 22 327 3 5 106 24 88 28 94 3 5 158 13 142 28 180
36 2 3 180 12 120 3 1 123 8 82 28 87 2 2 241 9 245 2 4 69 17 193 3 1 97 8 80 28 67 2 5 134 18 153 2 15 72 23 108 3 10 122 18 156 29 97 2 2 44 6 20 3 5 216 7 224 25 48 2 3 148 8 63 4 9 100 15 23 26 150 30 122 2 10 39 30 42 2 11 158 13 57 3 12 73 22 251 23 140 2 16 32 22 37 2 3 55 8 273 3 13 105 14 198 18 105 2 2 62 6 38 2 10 28 26 8 3 9 99 14 110 29 78 2 14 235 16 283 2 8 6 25 20 3 15 67 22 44 24 53 3 2 16 19 45 30 22 3 15 69 20 132 25 60 2 2 47 6 59 2 17 89 23 193 2 2 328 9 158 2 19 25 23 184 3 2 90 12 75 27 142 2 20 37 21 22 3 1 127 8 27 28 76 2 1 267 22 327 3 5 106 24 88 28 94 3 5 158 13 142 28 180
36 2 3 180 12 120 3 1 123 8 82 28 87 2 2 241 9 245 2 4 69 17 193 3 1 97 8 80 28 67 2 5 134 18 153 2 15 72 23 108 3 10 122 18 156 29 97 2 2 44 6 20 3 5 216 7 224 25 48 2 3 148 8 63 4 9 100 15 23 26 150 30 122 2 10 39 30 42 2 11 158 13 57 3 12 73 22 251 23 140 2 16 32 22 37 2 3 55 8 273 3 13 105 14 198 18 105 2 2 62 6 38 2 10 28 26 8 3 9 99 14 110 29 78 2 14 235 16 283 2 8 6 25 20 3 15 67 22 44 24 53 3 2 16 19 45 30 22 3 15 69 20 132 25 60 2 2 47 6 59 2 17 89 23 193 2 2 328 9 158 2 19 25 23 184 3 2 90 12 75 27 142 2 20 37 21 22 3 1 127 8 27 28 76 2 1 267 22 327 3 5 106 24 88 28 94 3 5 158 13 142 28 180
41 3 1 81 8 107 28 104 2 2 254 9 40 2 3 154 12 55 2 4 197 17 49 3 10 155 18 121 29 40 2 5 55 18 91 2 2 45 6 56 2 8 8 25 35 3 5 224 7 89 25 256 2 5 132 18 149 3 5 73 24 119 28 106 3 15 32 22 51 24 86 2 8 45 25 37 2 3 120 8 107 2 15 26 23 100 3 10 170 18 68 29 158 3 2 73 19 62 30 29 3 13 122 14 204 18 131 2 2 266 9 293 4 9 85 15 108 26 40 30 97 2 17 32 23 63 2 10 135 30 84 2 11 61 13 134 2 2 30 6 59 3 12 65 22 247 23 255 2 3 81 12 39 2 20 60 21 21 2 3 175 8 102 2 14 316 16 188 2 16 25 22 47 3 13 183 14 250 18 247 2 19 78 23 165 2 16 52 22 46 3 15 65 20 67 25 243 2 1 274 22 178 3 9 202 14 75 29 284 2 1 287 22 130 3 2 111 12 123 27 112 2 10 31 26 8 3 2 109 12 80 27 86 3 5 171 13 111 28 22
38 4 9 57 15 35 26 145 30 97 3 1 105 8 121 28 18 4 9 27 15 38 26 154 30 132 2 2 318 9 167 4 9 81 15 158 26 21 30 124 2 10 21 30 107 2 3 284 8 123 3 1 16 8 121 28 54 2 3 61 12 121 3 5 222 7 74 25 50 2 4 208 17 67 2 5 94 18 40 2 2 55 6 19 2 11 51 13 44 2 10 57 26 32 3 12 277 22 246 23 222 2 20 56 21 21 3 13 255 14 240 18 168 2 2 221 9 69 3 15 250 20 141 25 214 2 14 259 16 95 3 5 60 7 186 25 116 3 15 33 22 64 24 42 2 3 184 12 28 2 16 97 22 13 2 4 131 17 35 2 17 96 23 91 3 10 55 18 104 29 100 2 19 148 23 132 2 1 296 22 75 2 15 148 23 57 3 2 26 19 69 30 41 3 5 90 24 78 28 111 2 8 6 25 44 3 2 89 12 41 27 99 2 5 141 18 86 3 5 129 13 115 28 94 3 9 260 14 299 29 249
38 4 9 57 15 35 26 145 30 97 3 1 105 8 121 28 18 4 9 27 15 38 26 154 30 132 2 2 318 9 167 4 9 81 15 158 26 21 30 124 2 10 21 30 107 2 3 284 8 123 3 1 16 8 121 28 54 2 3 61 12 121 3 5 222 7 74 25 50 2 4 208 17 67 2 5 94 18 40 2 2 55 6 19 2 11 51 13 44 2 10 57 26 32 3 12 277 22 246 23 222 2 20 56 21 21 3 13 255 14 240 18 168 2 2 221 9 69 3 15 250 20 141 25 214 2 14 259 16 95 3 5 60 7 186 25 116 3 15 33 22 64 24 42 2 3 184 12 28 2 16 97 22 13 2 4 131 17 35 2 17 96 23 91 3 10 55 18 104 29 100 2 19 148 23 132 2 1 296 22 75 2 15 148 23 57 3 2 26 19 69 30 41 3 5 90 24 78 28 111 2 8 6 25 44 3 2 89 12 41 27 99 2 5 141 18 86 3 5 129 13 115 28 94 3 9 260 14 299 29 249
38 4 9 57 15 35 26 145 30 97 3 1 105 8 121 28 18 4 9 27 15 38 26 154 30 132 2 2 318 9 167 4 9 81 15 158 26 21 30 124 2 10 21 30 107 2 3 284 8 123 3 1 16 8 121 28 54 2 3 61 12 121 3 5 222 7 74 25 50 2 4 208 17 67 2 5 94 18 40 2 2 55 6 19 2 11 51 13 44 2 10 57 26 32 3 12 277 22 246 23 222 2 20 56 21 21 3 13 255 14 240 18 168 2 2 221 9 69 3 15 250 20 141 25 214 2 14 259 16 95 3 5 60 7 186 25 116 3 15 33 22 64 24 42 2 3 184 12 28 2 16 97 22 13 2 4 131 17 35 2 17 96 23 91 3 10 55 18 104 29 100 2 19 148 23 132 2 1 296 22 75 2 15 148 23 57 3 2 26 19 69 30 41 3 5 90 24 78 28 111 2 8 6 25 44 3 2 89 12 41 27 99 2 5 141 18 86 3 5 129 13 115 28 94 3 9 260 14 299 29 249
38 4 9 57 15 35 26 145 30 97 3 1 105 8 121 28 18 4 9 27 15 38 26 154 30 132 2 2 318 9 167 4 9 81 15 158 26 21 30 124 2 10 21 30 107 2 3 284 8 123 3 1 16 8 121 28 54 2 3 61 12 121 3 5 222 7 74 25 50 2 4 208 17 67 2 5 94 18 40 2 2 55 6 19 2 11 51 13 44 2 10 57 26 32 3 12 277 22 246 23 222 2 20 56 21 21 3 13 255 14 240 18 168 2 2 221 9 69 3 15 250 20 141 25 214 2 14 259 16 95 3 5 60 7 186 25 116 3 15 33 22 64 24 42 2 3 184 12 28 2 16 97 22 13 2 4 131 17 35 2 17 96 23 91 3 10 55 18 104 29 100 2 19 148 23 132 2 1 296 22 75 2 15 148 23 57 3 2 26 19 69 30 41 3 5 90 24 78 28 111 2 8 6 25 44 3 2 89 12 41 27 99 2 5 141 18 86 3 5 129 13 115 28 94 3 9 260 14 299 29 249
36 2 3 51 12 109 3 1 65 8 121 28 46 2 2 103 9 80 2 4 217 17 258 3 1 32 8 125 28 71 2 5 48 18 132 2 15 80 23 45 3 10 117 18 146 29 92 2 2 25 6 27 3 5 140 7 350 25 330 2 3 112 8 248 4 9 72 15 156 26 78 30 100 2 10 137 30 103 2 11 129 13 100 3 12 259 22 261 23 213 2 16 48 22 52 2 3 95 8 298 3 13 143 14 166 18 39 2 2 56 6 55 2 10 12 26 54 3 9 204 14 319 29 130 2 14 285 16 197 2 8 15 25 11 3 15 79 22 90 24 16 3 2 20 19 71 30 49 3 15 214 20 130 25 111 2 2 52 6 25 2 17 141 23 124 2 2 305 9 130 2 19 157 23 50 3 2 131 12 121 27 55 2 20 39 21 35 3 1 90 8 119 28 59 2 1 101 22 37 3 5 89 24 45 28 49 3 5 165 13 126 28 63
35 2 10 77 30 53 3 1 48 8 29 28 97 2 10 102 30 121 2 2 144 9 61 3 1 23 8 41 28 27 2 4 95 17 62 2 3 60 12 60 2 5 26 18 96 3 15 11 22 64 24 60 2 2 24 6 39 3 5 152 7 112 25 57 2 3 234 8 128 2 11 190 13 71 3 13 244 14 262 18 220 3 15 202 20 217 25 232 4 9 96 15 140 26 134 30 155 3 12 179 22 38 23 129 3 9 266 14 190 29 225 2 14 92 16 49 3 9 95 14 172 29 126 2 16 81 22 40 2 17 112 23 143 3 2 118 12 138 27 57 3 10 79 18 119 29 99 2 19 108 23 43 3 5 25 24 84 28 53 3 2 41 19 51 30 11 2 14 86 16 309 2 20 58 21 43 2 1 68 22 186 2 15 38 23 122 2 20 74 21 62 2 8 47 25 23 2 10 31 26 20 3 5 129 13 40 28 99
35 2 10 77 30 53 3 1 48 8 29 28 97 2 10 102 30 121 2 2 144 9 61 3 1 23 8 41 28 27 2 4 95 17 62 2 3 60 12 60 2 5 26 18 96 3 15 11 22 64 24 60 2 2 24 6 39 3 5 152 7 112 25 57 2 3 234 8 128 2 11 190 13 71 3 13 244 14 262 18 220 3 15 202 20 217 25 232 4 9 96 15 140 26 134 30 155 3 12 179 22 38 23 129 3 9 266 14 190 29 225 2 14 92 16 49 3 9 95 14 172 29 126 2 16 81 22 40 2 17 112 23 143 3 2 118 12 138 27 57 3 10 79 18 119 29 99 2 19 108 23 43 3 5 25 24 84 28 53 3 2 41 19 51 30 11 2 14 86 16 309 2 20 58 21 43 2 1 68 22 186 2 15 38 23 122 2 20 74 21 62 2 8 47 25 23 2 10 31 26 20 3 5 129 13 40 28 99
35 2 10 77 30 53 3 1 48 8 29 28 97 2 10 102 30 121 2 2 144 9 61 3 1 23 8 41 28 27 2 4 95 17 62 2 3 60 12 60 2 5 26 18 96 3 15 11 22 64 24 60 2 2 24 6 39 3 5 152 7 112 25 57 2 3 234 8 128 2 11 190 13 71 3 13 244 14 262 18 220 3 15 202 20 217 25 232 4 9 96 15 140 26 134 30 155 3 12 179 22 38 23 129 3 9 266 14 190 29 225 2 14 92 16 49 3 9 95 14 172 29 126 2 16 81 22 40 2 17 112 23 143 3 2 118 12 138 27 57 3 10 79 18 119 29 99 2 19 108 23 43 3 5 25 24 84 28 53 3 2 41 19 51 30 11 2 14 86 16 309 2 20 58 21 43 2 1 68 22 186 2 15 38 23 122 2 20 74 21 62 2 8 47 25 23 2 10 31 26 20 3 5 129 13 40 28 99
35 3 5 129 13 51 28 170 3 9 260 14 100 29 314 2 4 191 17 256 3 1 36 8 45 28 127 2 4 93 17 176 2 2 294 9 76 2 3 161 12 93 2 5 57 18 130 3 12 251 22 125 23 245 2 2 59 6 38 3 5 103 7 347 25 224 2 3 183 12 109 2 3 211 8 59 3 2 14 19 39 30 75 4 9 89 15 62 26 117 30 32 2 20 61 21 15 2 10 91 30 89 2 20 69 21 46 2 11 111 13 71 2 20 78 21 14 3 13 171 14 154 18 80 2 14 177 16 279 2 15 42 23 22 3 15 18 22 37 24 11 3 2 120 12 70 27 92 3 1 127 8 27 28 105 2 16 57 22 82 2 17 242 23 232 3 10 65 18 50 29 159 2 19 109 23 178 2 10 56 26 45 3 15 221 20 246 25 165 2 1 207 22 128 3 5 20 24 93 28 94 2 8 27 25 39
35 3 5 129 13 51 28 170 3 9 260 14 100 29 314 2 4 191 17 256 3 1 36 8 45 28 127 2 4 93 17 176 2 2 294 9 76 2 3 161 12 93 2 5 57 18 130 3 12 251 22 125 23 245 2 2 59 6 38 3 5 103 7 347 25 224 2 3 183 12 109 2 3 211 8 59 3 2 14 19 39 30 75 4 9 89 15 62 26 117 30 32 2 20 61 21 15 2 10 91 30 89 2 20 69 21 46 2 11 111 13 71 2 20 78 21 14 3 13 171 14 154 18 80 2 14 177 16 279 2 15 42 23 22 3 15 18 22 37 24 11 3 2 120 12 70 27 92 3 1 127 8 27 28 105 2 16 57 22 82 2 17 242 23 232 3 10 65 18 50 29 159 2 19 109 23 178 2 10 56 26 45 3 15 221 20 246 25 165 2 1 207 22 128 3 5 20 24 93 28 94 2 8 27 25 39
35 3 1 107 8 39 28 87 2 2 94 9 244 2 3 45 12 64 2 4 174 17 120 2 2 193 9 328 2 5 20 18 142 2 2 12 6 48 3 10 35 18 34 29 120 2 4 35 17 157 3 5 290 7 284 25 202 3 2 48 19 23 30 58 2 3 252 8 307 4 9 145 15 98 26 58 30 68 2 10 96 30 119 3 13 224 14 66 18 196 2 11 36 13 150 3 15 196 20 147 25 97 3 12 70 22 257 23 169 2 19 141 23 81 2 14 176 16 91 3 15 23 22 30 24 54 2 16 92 22 79 2 17 235 23 99 2 10 31 26 52 2 20 56 21 17 2 1 277 22 297 3 2 31 19 53 30 16 3 2 16 12 24 27 85 3 5 133 13 108 28 39 2 15 139 23 39 3 2 44 19 23 30 74 3 9 86 14 160 29 321 3 5 76 24 50 28 58 2 11 79 13 73 2 8 5 25 12
36 2 3 29 12 56 3 1 49 8 87 28 105 2 2 156 9 217 2 4 97 17 46 3 1 103 8 70 28 47 2 5 19 18 52 2 15 148 23 24 3 10 175 18 157 29 170 2 2 62 6 52 3 5 256 7 132 25 322 2 3 48 8 138 4 9 56 15 53 26 151 30 152 2 10 80 30 141 2 11 180 13 203 3 12 44 22 230 23 112 2 16 15 22 91 2 3 138 8 90 3 13 155 14 212 18 76 2 2 18 6 60 2 10 12 26 41 3 9 189 14 174 29 39 2 14 89 16 210 2 8 47 25 32 3 15 73 22 64 24 90 3 2 64 19 45 30 58 3 15 232 20 260 25 47 2 2 33 6 50 2 17 141 23 91 2 2 56 9 66 2 19 38 23 50 3 2 85 12 50 27 127 2 20 52 21 48 3 1 109 8 64 28 116 2 1 283 22 140 3 5 101 24 102 28 85 3 5 134 13 45 28 175
38 3 1 51 8 122 28 54 2 4 74 17 207 2 2 244 9 124 2 3 180 12 57 3 13 55 14 221 18 30 2 2 59 6 41 2 5 144 18 139 2 19 156 23 71 2 4 251 17 172 3 5 66 7 208 25 204 2 3 242 8 79 3 2 56 19 58 30 66 4 9 131 15 132 26 129 30 61 2 19 109 23 127 2 10 50 30 67 2 16 87 22 93 3 5 161 13 167 28 64 2 2 323 9 115 2 15 40 23 17 3 13 84 14 242 18 85 2 11 173 13 132 3 12 149 22 87 23 259 3 5 178 7 100 25 119 2 17 39 23 36 3 5 146 7 215 25 60 3 9 216 14 82 29 221 2 14 266 16 185 3 15 65 22 43 24 11 3 10 122 18 139 29 72 3 15 99 20 104 25 68 2 20 27 21 27 2 1 215 22 47 3 5 61 24 114 28 117 2 3 33 12 61 2 8 18 25 32 2 5 32 18 56 2 10 23 26 35 3 2 19 12 111 27 41
38 3 1 51 8 122 28 54 2 4 74 17 207 2 2 244 9 124 2 3 180 12 57 3 13 55 14 221 18 30 2 2 59 6 41 2 5 144 18 139 2 19 156 23 71 2 4 251 17 172 3 5 66 7 208 25 204 2 3 242 8 79 3 2 56 19 58 30 66 4 9 131 15 132 26 129 30 61 2 19 109 23 127 2 10 50 30 67 2 16 87 22 93 3 5 161 13 167 28 64 2 2 323 9 115 2 15 40 23 17 3 13 84 14 242 18 85 2 11 173 13 132 3 12 149 22 87 23 259 3 5 178 7 100 25 119 2 17 39 23 36 3 5 146 7 215 25 60 3 9 216 14 82 29 221 2 14 266 16 185 3 15 65 22 43 24 11 3 10 122 18 139 29 72 3 15 99 20 104 25 68 2 20 27 21 27 2 1 215 22 47 3 5 61 24 114 28 117 2 3 33 12 61 2 8 18 25 32 2 5 32 18 56 2 10 23 26 35 3 2 19 12 111 27 41
35 3 1 103 8 68 28 20 2 2 113 9 180 2 3 34 12 176 2 4 228 17 128 2 5 102 18 128 2 3 49 12 78 2 2 21 6 8 3 5 267 7 259 25 59 2 3 158 8 109 2 11 110 13 46 4 9 41 15 42 26 148 30 120 3 5 173 13 114 28 141 2 10 125 30 161 3 12 159 22 230 23 75 3 13 250 14 126 18 104 2 14 329 16 298 2 10 59 26 18 3 15 27 22 42 24 74 2 16 25 22 22 3 2 69 12 60 27 81 3 15 30 22 14 24 46 2 17 92 23 176 3 5 73 24 88 28 80 2 8 37 25 10 3 10 109 18 103 29 177 2 20 48 21 15 3 2 78 19 24 30 25 2 3 115 12 126 2 19 84 23 142 3 15 121 20 157 25 229 3 2 57 12 128 27 114 2 1 293 22 84 3 9 235 14 271 29 298 3 5 165 13 151 28 176 2 15 114 23 58
35 3 1 103 8 68 28 20 2 2 113 9 180 2 3 34 12 176 2 4 228 17 128 2 5 102 18 128 2 3 49 12 78 2 2 21 6 8 3 5 267 7 259 25 59 2 3 158 8 109 2 11 110 13 46 4 9 41 15 42 26 148 30 120 3 5 173 13 114 28 141 2 10 125 30 161 3 12 159 22 230 23 75 3 13 250 14 126 18 104 2 14 329 16 298 2 10 59 26 18 3 15 27 22 42 24 74 2 16 25 22 22 3 2 69 12 60 27 81 3 15 30 22 14 24 46 2 17 92 23 176 3 5 73 24 88 28 80 2 8 37 25 10 3 10 109 18 103 29 177 2 20 48 21 15 3 2 78 19 24 30 25 2 3 115 12 126 2 19 84 23 142 3 15 121 20 157 25 229 3 2 57 12 128 27 114 2 1 293 22 84 3 9 235 14 271 29 298 3 5 165 13 151 28 176 2 15 114 23 58
35 3 1 103 8 68 28 20 2 2 113 9 180 2 3 34 12 176 2 4 228 17 128 2 5 102 18 128 2 3 49 12 78 2 2 21 6 8 3 5 267 7 259 25 59 2 3 158 8 109 2 11 110 13 46 4 9 41 15 42 26 148 30 120 3 5 173 13 114 28 141 2 10 125 30 161 3 12 159 22 230 23 75 3 13 250 14 126 18 104 2 14 329 16 298 2 10 59 26 18 3 15 27 22 42 24 74 2 16 25 22 22 3 2 69 12 60 27 81 3 15 30 22 14 24 46 2 17 92 23 176 3 5 73 24 88 28 80 2 8 37 25 10 3 10 109 18 103 29 177 2 20 48 21 15 3 2 78 19 24 30 25 2 3 115 12 126 2 19 84 23 142 3 15 121 20 157 25 229 3 2 57 12 128 27 114 2 1 293 22 84 3 9 235 14 271 29 298 3 5 165 13 151 28 176 2 15 114 23 58
34 2 3 277 8 140 3 1 35 8 117 28 20 2 2 67 9 64 2 3 188 12 87 3 2 79 12 103 27 82 2 3 197 8 215 3 12 214 22 100 23 177 2 15 38 23 30 2 17 166 23 211 3 5 52 7 267 25 350 3 10 77 18 158 29 89 2 4 212 17 132 2 17 92 23 196 2 5 86 18 48 2 17 213 23 30 2 8 24 25 46 2 2 59 6 28 2 17 203 23 117 2 10 14 26 31 3 15 33 20 103 25 236 4 9 129 15 38 26 77 30 151 2 10 34 30 154 2 11 84 13 124 3 9 113 14 249 29 141 3 13 121 14 260 18 138 3 5 48 24 50 28 117 2 14 75 16 208 3 2 66 19 51 30 19 3 15 65 22 35 24 77 2 16 76 22 95 2 1 173 22 266 2 19 108 23 41 2 20 75 21 57 3 5 171 13 39 28 41
37 3 1 41 8 121 28 37 2 17 88 23 84 3 1 25 8 82 28 37 2 5 129 18 40 2 2 214 9 159 2 17 218 23 84 2 3 118 12 157 2 8 46 25 13 2 20 53 21 13 2 3 275 8 63 2 4 182 17 169 2 2 50 6 60 3 5 163 7 290 25 111 4 9 68 15 96 26 151 30 92 2 10 152 30 142 3 10 41 18 130 29 112 3 1 82 8 113 28 93 2 19 68 23 133 3 1 74 8 35 28 56 3 15 257 20 54 25 123 3 1 45 8 127 28 47 2 10 31 26 54 3 5 69 24 61 28 61 2 11 165 13 90 2 1 311 22 102 2 11 98 13 47 2 15 24 23 130 2 17 111 23 239 3 2 95 12 25 27 24 3 12 164 22 145 23 78 3 15 89 22 74 24 84 3 13 57 14 131 18 258 2 14 267 16 198 2 16 54 22 32 3 5 185 13 157 28 129 3 9 301 14 255 29 55 3 2 67 19 77 30 38
37 3 1 41 8 121 28 37 2 17 88 23 84 3 1 25 8 82 28 37 2 5 129 18 40 2 2 214 9 159 2 17 218 23 84 2 3 118 12 157 2 8 46 25 13 2 20 53 21 13 2 3 275 8 63 2 4 182 17 169 2 2 50 6 60 3 5 163 7 290 25 111 4 9 68 15 96 26 151 30 92 2 10 152 30 142 3 10 41 18 130 29 112 3 1 82 8 113 28 93 2 19 68 23 133 3 1 74 8 35 28 56 3 15 257 20 54 25 123 3 1 45 8 127 28 47 2 10 31 26 54 3 5 69 24 61 28 61 2 11 165 13 90 2 1 311 22 102 2 11 98 13 47 2 15 24 23 130 2 17 111 23 239 3 2 95 12 25 27 24 3 12 164 22 145 23 78 3 15 89 22 74 24 84 3 13 57 14 131 18 258 2 14 267 16 198 2 16 54 22 32 3 5 185 13 157 28 129 3 9 301 14 255 29 55 3 2 67 19 77 30 38
35 2 10 80 30 141 3 1 29 8 77 28 95 2 10 117 30 97 2 2 125 9 240 3 1 118 8 35 28 17 2 4 120 17 114 2 3 164 12 52 2 5 172 18 85 3 15 50 22 61 24 23 2 2 56 6 24 3 5 110 7 225 25 202 2 3 332 8 144 2 11 32 13 136 3 13 137 14 115 18 151 3 15 207 20 203 25 108 4 9 23 15 29 26 139 30 56 3 12 241 22 101 23 288 3 9 112 14 58 29 319 2 14 347 16 102 3 9 316 14 133 29 247 2 16 25 22 23 2 17 49 23 71 3 2 143 12 52 27 63 3 10 79 18 42 29 100 2 19 182 23 128 3 5 55 24 92 28 102 3 2 41 19 36 30 70 2 14 190 16 133 2 20 77 21 31 2 1 298 22 325 2 15 97 23 129 2 20 15 21 78 2 8 14 25 19 2 10 33 26 20 3 5 137 13 156 28 129
37 3 1 104 8 24 28 37 2 17 210 23 141 3 1 56 8 68 28 92 2 5 136 18 124 2 2 72 9 81 2 17 231 23 28 2 3 40 12 49 2 8 30 25 42 2 20 41 21 55 2 3 186 8 300 2 4 160 17 244 2 2 51 6 10 3 5 94 7 226 25 194 4 9 98 15 108 26 111 30 35 2 10 69 30 18 3 10 57 18 134 29 26 3 1 56 8 34 28 53 2 19 114 23 136 3 1 71 8 92 28 82 3 15 196 20 171 25 270 3 1 109 8 17 28 39 2 10 45 26 27 3 5 111 24 112 28 120 2 11 158 13 179 2 1 217 22 203 2 11 26 13 139 2 15 64 23 130 2 17 32 23 88 3 2 69 12 116 27 65 3 12 211 22 143 23 202 3 15 42 22 88 24 48 3 13 221 14 238 18 140 2 14 42 16 121 2 16 56 22 14 3 5 180 13 174 28 58 3 9 221 14 124 29 143 3 2 72 19 53 30 16
37 3 1 104 8 24 28 37 2 17 210 23 141 3 1 56 8 68 28 92 2 5 136 18 124 2 2 72 9 81 2 17 231 23 28 2 3 40 12 49 2 8 30 25 42 2 20 41 21 55 2 3 186 8 300 2 4 160 17 244 2 2 51 6 10 3 5 94 7 226 25 194 4 9 98 15 108 26 111 30 35 2 10 69 30 18 3 10 57 18 134 29 26 3 1 56 8 34 28 53 2 19 114 23 136 3 1 71 8 92 28 82 3 15 196 20 171 25 270 3 1 109 8 17 28 39 2 10 45 26 27 3 5 111 24 112 28 120 2 11 158 13 179 2 1 217 22 203 2 11 26 13 139 2 15 64 23 130 2 17 32 23 88 3 2 69 12 116 27 65 3 12 211 22 143 23 202 3 15 42 22 88 24 48 3 13 221 14 238 18 140 2 14 42 16 121 2 16 56 22 14 3 5 180 13 174 28 58 3 9 221 14 124 29 143 3 2 72 19 53 30 16
35 3 1 113 8 57 28 101 2 2 197 9 280 2 3 70 12 150 3 1 21 8 56 28 43 2 14 214 16 236 2 4 239 17 101 2 5 150 18 57 2 3 57 12 101 2 2 41 6 28 3 15 26 22 37 24 49 3 5 172 7 162 25 224 2 3 86 8 67 4 9 134 15 21 26 84 30 110 2 10 45 30 19 3 5 97 13 136 28 175 2 11 192 13 125 3 12 183 22 260 23 262 2 1 222 22 211 3 13 208 14 147 18 142 2 16 13 22 81 3 5 83 13 131 28 68 2 17 52 23 99 2 2 132 9 151 2 20 63 21 38 3 10 130 18 122 29 98 3 2 72 19 37 30 34 2 8 45 25 10 3 13 216 14 228 18 75 2 19 126 23 49 3 15 79 20 271 25 172 2 15 40 23 117 3 5 80 24 100 28 76 2 10 52 26 61 3 2 121 12 40 27 114 3 9 205 14 287 29 218
35 3 1 113 8 57 28 101 2 2 197 9 280 2 3 70 12 150 3 1 21 8 56 28 43 2 14 214 16 236 2 4 239 17 101 2 5 150 18 57 2 3 57 12 101 2 2 41 6 28 3 15 26 22 37 24 49 3 5 172 7 162 25 224 2 3 86 8 67 4 9 134 15 21 26 84 30 110 2 10 45 30 19 3 5 97 13 136 28 175 2 11 192 13 125 3 12 183 22 260 23 262 2 1 222 22 211 3 13 208 14 147 18 142 2 16 13 22 81 3 5 83 13 131 28 68 2 17 52 23 99 2 2 132 9 151 2 20 63 21 38 3 10 130 18 122 29 98 3 2 72 19 37 30 34 2 8 45 25 10 3 13 216 14 228 18 75 2 19 126 23 49 3 15 79 20 271 25 172 2 15 40 23 117 3 5 80 24 100 28 76 2 10 52 26 61 3 2 121 12 40 27 114 3 9 205 14 287 29 218
36 2 3 99 12 62 3 1 91 8 94 28 35 2 2 170 9 159 2 4 51 17 55 3 1 126 8 72 28 66 2 5 59 18 100 2 15 54 23 90 3 10 35 18 100 29 128 2 2 13 6 48 3 5 314 7 170 25 122 2 3 312 8 62 4 9 114 15 99 26 129 30 105 2 10 56 30 130 2 11 88 13 185 3 12 86 22 153 23 117 2 16 42 22 75 2 3 290 8 275 3 13 162 14 157 18 255 2 2 44 6 35 2 10 31 26 60 3 9 225 14 302 29 324 2 14 112 16 91 2 8 6 25 45 3 15 10 22 90 24 68 3 2 48 19 55 30 75 3 15 30 20 63 25 89 2 2 51 6 17 2 17 120 23 117 2 2 92 9 302 2 19 28 23 103 3 2 25 12 74 27 52 2 20 53 21 21 3 1 36 8 14 28 120 2 1 262 22 172 3 5 75 24 79 28 69 3 5 71 13 117 28 165
38 3 1 80 8 59 28 98 2 4 54 17 130 2 2 137 9 144 2 3 111 12 31 3 13 124 14 94 18 228 2 2 19 6 31 2 5 23 18 147 2 19 163 23 138 2 4 216 17 99 3 5 163 7 138 25 87 2 3 178 8 186 3 2 15 19 70 30 27 4 9 68 15 55 26 100 30 116 2 19 138 23 39 2 10 40 30 42 2 16 13 22 17 3 5 132 13 106 28 146 2 2 103 9 76 2 15 37 23 44 3 13 191 14 205 18 126 2 11 37 13 136 3 12 271 22 272 23 75 3 5 262 7 69 25 212 2 17 83 23 199 3 5 185 7 158 25 302 3 9 122 14 126 29 225 2 14 237 16 120 3 15 71 22 57 24 39 3 10 47 18 59 29 63 3 15 234 20 108 25 59 2 20 16 21 21 2 1 116 22 176 3 5 13 24 104 28 47 2 3 114 12 115 2 8 6 25 27 2 5 165 18 162 2 10 10 26 7 3 2 97 12 121 27 116
38 3 1 80 8 59 28 98 2 4 54 17 130 2 2 137 9 144 2 3 111 12 31 3 13 124 14 94 18 228 2 2 19 6 31 2 5 23 18 147 2 19 163 23 138 2 4 216 17 99 3 5 163 7 138 25 87 2 3 178 8 186 3 2 15 19 70 30 27 4 9 68 15 55 26 100 30 116 2 19 138 23 39 2 10 40 30 42 2 16 13 22 17 3 5 132 13 106 28 146 2 2 103 9 76 2 15 37 23 44 3 13 191 14 205 18 126 2 11 37 13 136 3 12 271 22 272 23 75 3 5 262 7 69 25 212 2 17 83 23 199 3 5 185 7 158 25 302 3 9 122 14 126 29 225 2 14 237 16 120 3 15 71 22 57 24 39 3 10 47 18 59 29 63 3 15 234 20 108 25 59 2 20 16 21 21 2 1 116 22 176 3 5 13 24 104 28 47 2 3 114 12 115 2 8 6 25 27 2 5 165 18 162 2 10 10 26 7 3 2 97 12 121 27 116
36 2 3 53 12 188 3 1 111 8 105 28 121 2 2 312 9 250 2 4 69 17 190 3 1 49 8 109 28 55 2 5 46 18 49 2 15 39 23 58 3 10 57 18 34 29 172 2 2 13 6 51 3 5 143 7 246 25 154 2 3 250 8 66 4 9 45 15 64 26 56 30 122 2 10 53 30 37 2 11 52 13 88 3 12 212 22 157 23 101 2 16 86 22 12 2 3 210 8 124 3 13 236 14 80 18 227 2 2 64 6 9 2 10 11 26 33 3 9 96 14 47 29 289 2 14 314 16 321 2 8 36 25 32 3 15 61 22 78 24 68 3 2 34 19 76 30 29 3 15 265 20 160 25 252 2 2 14 6 49 2 17 92 23 62 2 2 146 9 265 2 19 80 23 56 3 2 89 12 140 27 55 2 20 30 21 59 3 1 116 8 27 28 25 2 1 117 22 251 3 5 49 24 74 28 51 3 5 86 13 109 28 96
36 2 3 48 12 187 3 1 113 8 79 28 106 2 2 67 9 203 2 4 168 17 91 3 1 32 8 87 28 58 2 5 135 18 111 2 15 88 23 43 3 10 30 18 106 29 117 2 2 25 6 40 3 5 186 7 177 25 261 2 3 211 8 52 4 9 24 15 146 26 23 30 26 2 10 117 30 149 2 11 48 13 173 3 12 169 22 219 23 260 2 16 16 22 44 2 3 55 8 91 3 13 205 14 178 18 263 2 2 39 6 12 2 10 23 26 9 3 9 261 14 320 29 172 2 14 175 16 162 2 8 42 25 38 3 15 53 22 80 24 53 3 2 36 19 73 30 55 3 15 180 20 89 25 159 2 2 51 6 25 2 17 140 23 153 2 2 207 9 237 2 19 168 23 28 3 2 104 12 38 27 85 2 20 54 21 38 3 1 75 8 71 28 71 2 1 163 22 186 3 5 61 24 104 28 47 3 5 131 13 28 28 169
33 3 1 112 8 28 28 110 2 2 61 6 59 2 15 151 23 106 2 2 317 9 307 2 20 66 21 34 2 3 163 12 176 2 4 51 17 153 2 5 44 18 89 3 5 167 7 265 25 229 2 11 102 13 97 2 3 100 8 81 2 8 9 25 10 4 9 50 15 122 26 90 30 143 2 19 113 23 92 2 10 56 30 25 3 12 176 22 290 23 190 2 1 317 22 57 3 13 85 14 36 18 56 3 15 271 20 130 25 185 3 12 90 22 186 23 136 2 14 255 16 73 2 10 61 26 51 3 15 49 22 48 24 32 3 9 292 14 130 29 238 2 1 269 22 269 2 16 43 22 66 2 17 127 23 33 3 10 105 18 162 29 36 3 5 82 24 70 28 62 3 2 95 12 76 27 47 3 2 52 19 25 30 30 2 4 205 17 102 3 5 116 13 119 28 113
35 2 17 156 23 209 2 19 181 23 38 2 2 244 9 160 3 10 44 18 138 29 82 2 19 126 23 152 3 1 51 8 101 28 57 2 11 95 13 151 2 5 154 18 131 2 16 15 22 86 4 9 97 15 28 26 61 30 89 2 3 96 12 180 3 2 61 12 16 27 50 2 4 113 17 132 2 2 62 6 37 3 5 340 7 281 25 95 2 3 234 8 261 2 10 125 30 49 2 3 332 8 62 3 13 136 14 74 18 158 2 3 234 8 159 2 14 141 16 94 3 12 222 22 61 23 159 3 15 72 22 42 24 23 2 10 142 30 87 3 5 23 13 174 28 110 2 10 45 26 53 3 15 148 20 128 25 66 2 20 42 21 14 2 1 199 22 232 2 15 64 23 75 2 2 199 9 42 3 5 117 24 94 28 80 2 8 23 25 43 3 9 96 14 273 29 88 3 2 77 19 37 30 25
34 2 3 328 8 204 3 1 93 8 100 28 26 2 2 97 9 210 2 3 115 12 112 3 2 90 12 139 27 29 2 3 291 8 306 3 12 116 22 208 23 96 2 15 102 23 89 2 17 116 23 65 3 5 169 7 283 25 147 3 10 50 18 120 29 70 2 4 216 17 254 2 17 49 23 144 2 5 163 18 55 2 17 227 23 38 2 8 23 25 41 2 2 59 6 38 2 17 220 23 219 2 10 57 26 33 3 15 38 20 204 25 198 4 9 48 15 97 26 51 30 134 2 10 96 30 48 2 11 117 13 103 3 9 178 14 80 29 288 3 13 157 14 31 18 219 3 5 35 24 57 28 120 2 14 68 16 120 3 2 50 19 57 30 62 3 15 19 22 14 24 26 2 16 86 22 43 2 1 167 22 191 2 19 51 23 35 2 20 46 21 28 3 5 53 13 42 28 142
39 4 9 106 15 21 26 134 30 141 2 16 63 22 45 3 10 140 18 142 29 53 2 16 64 22 39 3 1 72 8 31 28 14 2 2 290 9 101 2 3 152 12 113 2 4 142 17 59 2 5 63 18 103 3 5 166 13 153 28 107 4 9 77 15 115 26 49 30 152 2 2 48 6 39 2 15 110 23 105 2 11 161 13 166 3 5 326 7 351 25 102 2 15 130 23 49 2 3 138 8 136 2 3 76 12 67 2 17 202 23 43 2 2 161 9 182 2 10 136 30 140 2 2 56 6 51 2 10 25 26 42 2 3 238 8 248 3 12 140 22 124 23 189 3 13 31 14 66 18 144 2 14 152 16 90 3 15 52 22 10 24 13 2 3 110 12 67 2 20 42 21 59 2 19 70 23 126 2 1 279 22 237 3 15 119 20 165 25 244 3 5 67 24 110 28 74 3 2 40 12 38 27 102 3 5 57 13 113 28 95 2 8 22 25 26 3 9 157 14 40 29 115 3 2 52 19 75 30 17
37 3 1 80 8 39 28 101 2 8 36 25 34 3 1 111 8 82 28 82 2 2 86 9 104 2 3 101 12 85 2 2 127 9 55 2 5 68 18 148 2 2 236 9 122 2 14 323 16 303 3 15 38 22 85 24 48 2 5 75 18 163 2 4 254 17 136 2 3 247 8 132 2 2 49 6 8 2 5 93 18 60 3 5 130 7 199 25 194 4 9 140 15 142 26 53 30 80 2 17 48 23 87 2 19 149 23 178 2 10 38 30 30 2 11 160 13 188 3 12 61 22 85 23 262 3 13 261 14 222 18 227 2 16 93 22 58 3 10 93 18 136 29 106 3 15 75 20 261 25 57 2 20 17 21 51 2 1 75 22 232 3 2 73 12 119 27 114 2 15 61 23 140 2 10 24 30 91 3 5 82 24 20 28 23 4 9 71 15 70 26 66 30 154 2 10 31 26 50 3 5 36 13 165 28 54 3 9 40 14 54 29 173 3 2 59 19 34 30 43
33 3 1 93 8 42 28 80 2 2 49 6 40 2 15 101 23 22 2 2 112 9 86 2 20 19 21 57 2 3 120 12 97 2 4 46 17 98 2 5 75 18 142 3 5 104 7 341 25 204 2 11 110 13 189 2 3 239 8 278 2 8 27 25 33 4 9 134 15 52 26 92 30 59 2 19 44 23 76 2 10 150 30 159 3 12 235 22 39 23 49 2 1 247 22 71 3 13 120 14 106 18 163 3 15 131 20 58 25 46 3 12 207 22 96 23 120 2 14 233 16 126 2 10 49 26 58 3 15 71 22 60 24 88 3 9 151 14 167 29 264 2 1 317 22 320 2 16 82 22 57 2 17 75 23 39 3 10 25 18 107 29 126 3 5 81 24 88 28 75 3 2 37 12 41 27 94 3 2 61 19 77 30 61 2 4 152 17 231 3 5 127 13 82 28 168
34 2 3 169 8 97 3 1 73 8 100 28 103 2 2 204 9 69 2 3 170 12 24 3 2 66 12 88 27 111 2 3 69 8 205 3 12 298 22 74 23 145 2 15 138 23 125 2 17 36 23 118 3 5 345 7 154 25 237 3 10 172 18 118 29 91 2 4 225 17 221 2 17 42 23 50 2 5 161 18 40 2 17 70 23 89 2 8 17 25 43 2 2 35 6 20 2 17 61 23 224 2 10 62 26 28 3 15 85 20 106 25 129 4 9 158 15 81 26 87 30 49 2 10 62 30 56 2 11 156 13 85 3 9 274 14 81 29 263 3 13 29 14 212 18 85 3 5 114 24 42 28 110 2 14 235 16 321 3 2 54 19 18 30 53 3 15 79 22 58 24 46 2 16 61 22 87 2 1 178 22 39 2 19 85 23 109 2 20 55 21 29 3 5 33 13 176 28 76
34 2 3 169 8 97 3 1 73 8 100 28 103 2 2 204 9 69 2 3 170 12 24 3 2 66 12 88 27 111 2 3 69 8 205 3 12 298 22 74 23 145 2 15 138 23 125 2 17 36 23 118 3 5 345 7 154 25 237 3 10 172 18 118 29 91 2 4 225 17 221 2 17 42 23 50 2 5 161 18 40 2 17 70 23 89 2 8 17 25 43 2 2 35 6 20 2 17 61 23 224 2 10 62 26 28 3 15 85 20 106 25 129 4 9 158 15 81 26 87 30 49 2 10 62 30 56 2 11 156 13 85 3 9 274 14 81 29 263 3 13 29 14 212 18 85 3 5 114 24 42 28 110 2 14 235 16 321 3 2 54 19 18 30 53 3 15 79 22 58 24 46 2 16 61 22 87 2 1 178 22 39 2 19 85 23 109 2 20 55 21 29 3 5 33 13 176 28 76
36 2 3 92 12 115 3 1 76 8 101 28 110 2 2 88 9 201 2 4 100 17 196 3 1 31 8 31 28 59 2 5 66 18 163 2 15 99 23 26 3 10 88 18 79 29 100 2 2 42 6 44 3 5 190 7 78 25 344 2 3 119 8 214 4 9 119 15 34 26 81 30 117 2 10 102 30 161 2 11 144 13 104 3 12 172 22 200 23 179 2 16 11 22 40 2 3 58 8 114 3 13 186 14 133 18 85 2 2 49 6 31 2 10 37 26 13 3 9 272 14 285 29 251 2 14 294 16 168 2 8 30 25 41 3 15 44 22 16 24 26 3 2 31 19 62 30 9 3 15 128 20 120 25 43 2 2 49 6 36 2 17 97 23 29 2 2 114 9 306 2 19 151 23 143 3 2 52 12 35 27 16 2 20 77 21 30 3 1 126 8 37 28 91 2 1 39 22 192 3 5 65 24 108 28 16 3 5 147 13 153 28 126
37 3 1 83 8 64 28 99 2 8 19 25 39 3 1 20 8 69 28 60 2 2 172 9 275 2 3 105 12 40 2 2 166 9 277 2 5 51 18 114 2 2 290 9 52 2 14 211 16 154 3 15 89 22 88 24 31 2 5 120 18 71 2 4 232 17 173 2 3 323 8 171 2 2 34 6 12 2 5 115 18 142 3 5 235 7 312 25 174 4 9 106 15 27 26 19 30 109 2 17 113 23 75 2 19 76 23 90 2 10 38 30 161 2 11 43 13 70 3 12 55 22 203 23 236 3 13 97 14 59 18 227 2 16 58 22 19 3 10 43 18 162 29 117 3 15 167 20 202 25 170 2 20 77 21 29 2 1 174 22 324 3 2 19 12 34 27 80 2 15 98 23 101 2 10 46 30 45 3 5 106 24 39 28 32 4 9 41 15 85 26 39 30 46 2 10 24 26 11 3 5 172 13 38 28 26 3 9 80 14 255 29 51 3 2 21 19 45 30 71
35 3 1 30 8 100 28 56 2 2 326 9 175 2 3 26 12 150 2 4 126 17 143 2 5 96 18 43 2 3 179 12 75 2 2 23 6 15 3 5 231 7 63 25 208 2 3 275 8 227 2 11 104 13 145 4 9 52 15 69 26 93 30 115 3 5 24 13 164 28 33 2 10 142 30 127 3 12 191 22 108 23 207 3 13 43 14 106 18 50 2 14 270 16 99 2 10 40 26 56 3 15 48 22 11 24 19 2 16 70 22 27 3 2 88 12 122 27 140 3 15 83 22 70 24 75 2 17 232 23 218 3 5 79 24 37 28 105 2 8 8 25 22 3 10 144 18 99 29 20 2 20 17 21 15 3 2 71 19 64 30 70 2 3 35 12 129 2 19 57 23 106 3 15 51 20 138 25 81 3 2 84 12 104 27 65 2 1 181 22 61 3 9 201 14 54 29 155 3 5 49 13 176 28 91 2 15 44 23 114
33 3 1 108 8 114 28 59 2 2 56 6 39 2 15 19 23 139 2 2 113 9 171 2 20 56 21 74 2 3 110 12 132 2 4 172 17 154 2 5 105 18 121 3 5 210 7 45 25 322 2 11 165 13 156 2 3 286 8 264 2 8 34 25 26 4 9 81 15 34 26 111 30 129 2 19 53 23 49 2 10 23 30 40 3 12 105 22 196 23 218 2 1 45 22 279 3 13 186 14 128 18 235 3 15 211 20 122 25 167 3 12 265 22 107 23 198 2 14 242 16 241 2 10 35 26 59 3 15 21 22 44 24 23 3 9 144 14 277 29 276 2 1 44 22 178 2 16 55 22 45 2 17 237 23 143 3 10 78 18 56 29 128 3 5 81 24 116 28 69 3 2 19 12 77 27 60 3 2 28 19 46 30 60 2 4 45 17 185 3 5 86 13 153 28 108
41 3 1 37 8 26 28 30 2 2 233 9 132 2 3 125 12 155 2 4 240 17 215 3 10 125 18 56 29 140 2 5 78 18 49 2 2 49 6 10 2 8 41 25 28 3 5 127 7 55 25 330 2 5 23 18 105 3 5 29 24 81 28 86 3 15 13 22 74 24 19 2 8 43 25 35 2 3 241 8 325 2 15 65 23 64 3 10 45 18 135 29 154 3 2 70 19 13 30 34 3 13 120 14 171 18 197 2 2 287 9 207 4 9 21 15 59 26 137 30 66 2 17 99 23 233 2 10 141 30 127 2 11 148 13 193 2 2 33 6 53 3 12 61 22 194 23 142 2 3 82 12 43 2 20 38 21 51 2 3 279 8 84 2 14 54 16 100 2 16 77 22 94 3 13 182 14 183 18 85 2 19 119 23 92 2 16 71 22 27 3 15 155 20 116 25 204 2 1 225 22 289 3 9 83 14 212 29 206 2 1 324 22 141 3 2 143 12 108 27 90 2 10 40 26 59 3 2 136 12 69 27 29 3 5 97 13 75 28 49
41 3 1 37 8 26 28 30 2 2 233 9 132 2 3 125 12 155 2 4 240 17 215 3 10 125 18 56 29 140 2 5 78 18 49 2 2 49 6 10 2 8 41 25 28 3 5 127 7 55 25 330 2 5 23 18 105 3 5 29 24 81 28 86 3 15 13 22 74 24 19 2 8 43 25 35 2 3 241 8 325 2 15 65 23 64 3 10 45 18 135 29 154 3 2 70 19 13 30 34 3 13 120 14 171 18 197 2 2 287 9 207 4 9 21 15 59 26 137 30 66 2 17 99 23 233 2 10 141 30 127 2 11 148 13 193 2 2 33 6 53 3 12 61 22 194 23 142 2 3 82 12 43 2 20 38 21 51 2 3 279 8 84 2 14 54 16 100 2 16 77 22 94 3 13 182 14 183 18 85 2 19 119 23 92 2 16 71 22 27 3 15 155 20 116 25 204 2 1 225 22 289 3 9 83 14 212 29 206 2 1 324 22 141 3 2 143 12 108 27 90 2 10 40 26 59 3 2 136 12 69 27 29 3 5 97 13 75 28 49
DUE_DATES: 6959 6979 6979 6979 6979 8038 7401 7401 7401 7401 7047 5966 5966 5966 7048 7048 6732 6271 7207 7207 6889 6889 6889 6715 7129 7129 7078 6793 6793 6979 6979 6534 6977 6977 6657 6675 6743 7091 6771 7316 6955 6492 6467 6467 6448 6987 6245 6852 8188 8188
WEIGHTS: 3 3 1 2 3 2 1 1 1 3 1 3 2 1 1 1 2 1 2 3 3 2 2 1 1 3 1 1 1 1 2 2 3 3 2 1 3 3 2 3 3 1 1 3 1 2 3 3 1 1
