50 30
33 2 7 206 23 59 2 1 30 4 34 3 2 63 5 131 12 56 3 3 1 9 1 12 1 2 4 39 23 209 2 5 25 6 70 3 6 169 11 246 26 88 2 8 158 18 51 3 5 111 19 103 21 138 3 12 164 17 27 29 69 3 9 19 16 88 29 91 4 3 42 8 24 24 118 30 136 3 1 12 11 27 28 50 3 3 105 9 69 10 195 3 9 39 16 84 29 64 2 11 58 12 128 3 13 83 14 79 15 25 3 10 120 14 279 27 266 3 1 81 10 32 15 128 3 15 4 16 11 18 2 2 14 9 25 5 2 3 23 18 12 3 8 109 17 24 23 85 2 6 25 26 93 3 1 41 8 132 29 123 3 17 117 27 105 29 103 3 10 311 14 214 27 282 3 25 194 28 111 30 172 2 7 208 23 180 2 19 32 26 39 2 9 120 22 154 2 17 66 20 188 2 20 13 24 90
33 2 7 206 23 59 2 1 30 4 34 3 2 63 5 131 12 56 3 3 1 9 1 12 1 2 4 39 23 209 2 5 25 6 70 3 6 169 11 246 26 88 2 8 158 18 51 3 5 111 19 103 21 138 3 12 164 17 27 29 69 3 9 19 16 88 29 91 4 3 42 8 24 24 118 30 136 3 1 12 11 27 28 50 3 3 105 9 69 10 195 3 9 39 16 84 29 64 2 11 58 12 128 3 13 83 14 79 15 25 3 10 120 14 279 27 266 3 1 81 10 32 15 128 3 15 4 16 11 18 2 2 14 9 25 5 2 3 23 18 12 3 8 109 17 24 23 85 2 6 25 26 93 3 1 41 8 132 29 123 3 17 117 27 105 29 103 3 10 311 14 214 27 282 3 25 194 28 111 30 172 2 7 208 23 180 2 19 32 26 39 2 9 120 22 154 2 17 66 20 188 2 20 13 24 90
33 2 7 206 23 59 2 1 30 4 34 3 2 63 5 131 12 56 3 3 1 9 1 12 1 2 4 39 23 209 2 5 25 6 70 3 6 169 11 246 26 88 2 8 158 18 51 3 5 111 19 103 21 138 3 12 164 17 27 29 69 3 9 19 16 88 29 91 4 3 42 8 24 24 118 30 136 3 1 12 11 27 28 50 3 3 105 9 69 10 195 3 9 39 16 84 29 64 2 11 58 12 128 3 13 83 14 79 15 25 3 10 120 14 279 27 266 3 1 81 10 32 15 128 3 15 4 16 11 18 2 2 14 9 25 5 2 3 23 18 12 3 8 109 17 24 23 85 2 6 25 26 93 3 1 41 8 132 29 123 3 17 117 27 105 29 103 3 10 311 14 214 27 282 3 25 194 28 111 30 172 2 7 208 23 180 2 19 32 26 39 2 9 120 22 154 2 17 66 20 188 2 20 13 24 90
33 2 7 206 23 59 2 1 30 4 34 3 2 63 5 131 12 56 3 3 1 9 1 12 1 2 4 39 23 209 2 5 25 6 70 3 6 169 11 246 26 88 2 8 158 18 51 3 5 111 19 103 21 138 3 12 164 17 27 29 69 3 9 19 16 88 29 91 4 3 42 8 24 24 118 30 136 3 1 12 11 27 28 50 3 3 105 9 69 10 195 3 9 39 16 84 29 64 2 11 58 12 128 3 13 83 14 79 15 25 3 10 120 14 279 27 266 3 1 81 10 32 15 128 3 15 4 16 11 18 2 2 14 9 25 5 2 3 23 18 12 3 8 109 17 24 23 85 2 6 25 26 93 3 1 41 8 132 29 123 3 17 117 27 105 29 103 3 10 311 14 214 27 282 3 25 194 28 111 30 172 2 7 208 23 180 2 19 32 26 39 2 9 120 22 154 2 17 66 20 188 2 20 13 24 90
38 2 19 31 26 45 2 1 32 4 98 3 2 195 5 213 12 145 2 1 43 4 83 3 17 24 27 118 29 67 2 19 94 26 89 3 3 1 9 2 12 2 2 4 308 23 264 3 3 2 9 1 12 2 2 5 39 6 21 3 1 10 11 20 28 41 3 2 185 5 78 12 97 3 15 8 16 7 18 6 3 6 304 11 313 26 236 3 13 85 14 42 15 28 2 7 164 23 143 2 9 121 22 62 2 8 166 18 56 2 9 43 22 161 3 9 20 16 48 29 43 3 3 98 9 125 10 24 2 11 185 12 158 3 10 286 14 59 27 283 3 1 196 10 31 15 105 2 8 170 18 95 3 12 50 17 143 29 56 3 1 60 10 224 15 106 2 3 30 18 17 2 20 89 24 43 2 17 153 20 202 3 5 46 19 153 21 158 3 8 172 17 171 23 113 4 3 72 8 53 24 149 30 107 3 8 152 17 165 23 91 2 14 2 25 8 2 6 89 26 75 3 25 215 28 165 30 65 3 1 77 8 98 29 100
38 2 19 31 26 45 2 1 32 4 98 3 2 195 5 213 12 145 2 1 43 4 83 3 17 24 27 118 29 67 2 19 94 26 89 3 3 1 9 2 12 2 2 4 308 23 264 3 3 2 9 1 12 2 2 5 39 6 21 3 1 10 11 20 28 41 3 2 185 5 78 12 97 3 15 8 16 7 18 6 3 6 304 11 313 26 236 3 13 85 14 42 15 28 2 7 164 23 143 2 9 121 22 62 2 8 166 18 56 2 9 43 22 161 3 9 20 16 48 29 43 3 3 98 9 125 10 24 2 11 185 12 158 3 10 286 14 59 27 283 3 1 196 10 31 15 105 2 8 170 18 95 3 12 50 17 143 29 56 3 1 60 10 224 15 106 2 3 30 18 17 2 20 89 24 43 2 17 153 20 202 3 5 46 19 153 21 158 3 8 172 17 171 23 113 4 3 72 8 53 24 149 30 107 3 8 152 17 165 23 91 2 14 2 25 8 2 6 89 26 75 3 25 215 28 165 30 65 3 1 77 8 98 29 100
34 2 14 10 25 4 2 1 89 4 84 3 2 57 5 228 12 114 3 3 1 9 2 12 3 2 9 88 22 155 3 1 210 10 66 15 168 2 4 66 23 144 3 1 16 8 56 29 45 2 8 148 18 66 2 7 97 23 107 2 5 56 6 10 3 25 182 28 242 30 63 3 5 235 19 120 21 203 3 6 309 11 309 26 248 3 9 67 16 28 29 104 3 3 168 9 104 10 179 2 3 7 18 20 3 1 72 11 69 28 72 2 11 143 12 151 3 13 27 14 31 15 65 3 6 125 11 99 26 283 2 20 67 24 77 3 5 69 19 42 21 116 3 10 229 14 187 27 280 3 15 3 16 9 18 6 3 25 111 28 237 30 241 3 12 136 17 151 29 31 3 8 116 17 174 23 182 2 6 65 26 18 2 19 23 26 64 2 17 110 20 246 3 1 156 10 126 15 100 3 17 119 27 67 29 89 4 3 154 8 96 24 24 30 70
34 2 14 10 25 4 2 1 89 4 84 3 2 57 5 228 12 114 3 3 1 9 2 12 3 2 9 88 22 155 3 1 210 10 66 15 168 2 4 66 23 144 3 1 16 8 56 29 45 2 8 148 18 66 2 7 97 23 107 2 5 56 6 10 3 25 182 28 242 30 63 3 5 235 19 120 21 203 3 6 309 11 309 26 248 3 9 67 16 28 29 104 3 3 168 9 104 10 179 2 3 7 18 20 3 1 72 11 69 28 72 2 11 143 12 151 3 13 27 14 31 15 65 3 6 125 11 99 26 283 2 20 67 24 77 3 5 69 19 42 21 116 3 10 229 14 187 27 280 3 15 3 16 9 18 6 3 25 111 28 237 30 241 3 12 136 17 151 29 31 3 8 116 17 174 23 182 2 6 65 26 18 2 19 23 26 64 2 17 110 20 246 3 1 156 10 126 15 100 3 17 119 27 67 29 89 4 3 154 8 96 24 24 30 70
33 2 6 118 26 51 2 1 35 4 30 2 11 196 12 40 3 2 48 5 68 12 123 3 3 1 9 3 12 2 2 4 287 23 253 2 5 26 6 12 3 3 71 9 27 10 33 3 6 226 11 87 26 128 3 15 6 16 3 18 4 2 5 44 6 56 2 7 65 23 87 2 8 73 18 123 3 9 60 16 14 29 22 3 12 111 17 31 29 60 3 1 46 11 19 28 19 3 13 75 14 50 15 74 2 20 18 24 35 3 2 131 5 113 12 145 3 10 191 14 73 27 88 3 8 68 17 63 23 150 2 5 23 6 57 2 9 127 22 32 3 1 189 10 190 15 65 2 3 23 18 12 2 17 151 20 263 2 19 66 26 77 3 5 104 19 131 21 80 2 14 3 25 1 3 17 42 27 59 29 114 3 25 29 28 109 30 106 3 1 83 8 144 29 145 4 3 35 8 105 24 40 30 19
33 2 6 118 26 51 2 1 35 4 30 2 11 196 12 40 3 2 48 5 68 12 123 3 3 1 9 3 12 2 2 4 287 23 253 2 5 26 6 12 3 3 71 9 27 10 33 3 6 226 11 87 26 128 3 15 6 16 3 18 4 2 5 44 6 56 2 7 65 23 87 2 8 73 18 123 3 9 60 16 14 29 22 3 12 111 17 31 29 60 3 1 46 11 19 28 19 3 13 75 14 50 15 74 2 20 18 24 35 3 2 131 5 113 12 145 3 10 191 14 73 27 88 3 8 68 17 63 23 150 2 5 23 6 57 2 9 127 22 32 3 1 189 10 190 15 65 2 3 23 18 12 2 17 151 20 263 2 19 66 26 77 3 5 104 19 131 21 80 2 14 3 25 1 3 17 42 27 59 29 114 3 25 29 28 109 30 106 3 1 83 8 144 29 145 4 3 35 8 105 24 40 30 19
37 4 3 34 8 113 24 144 30 116 2 1 33 4 88 3 12 150 17 108 29 40 3 2 104 5 186 12 189 3 3 1 9 1 12 3 2 4 311 23 113 3 8 55 17 86 23 190 2 5 44 6 30 3 2 47 5 155 12 118 2 6 38 26 74 3 1 165 10 68 15 163 2 19 53 26 27 3 5 76 19 251 21 130 3 2 224 5 83 12 32 3 6 66 11 201 26 176 2 7 107 23 119 2 8 140 18 110 3 9 19 16 93 29 55 3 1 79 11 74 28 41 2 20 61 24 84 3 3 43 9 41 10 60 3 8 170 17 160 23 118 2 14 8 25 9 2 1 44 4 90 3 15 9 16 10 18 12 3 2 105 5 148 12 52 2 11 184 12 42 3 10 298 14 220 27 207 2 11 53 12 106 3 13 32 14 68 15 83 2 3 19 18 38 2 17 242 20 78 3 25 137 28 156 30 104 2 5 10 6 36 2 9 188 22 128 3 17 113 27 28 29 38 3 1 48 8 31 29 46
34 2 1 24 4 42 2 11 80 12 151 2 1 29 4 80 2 14 1 25 9 3 1 120 10 157 15 28 3 2 216 5 94 12 127 3 3 3 9 1 12 1 3 1 60 10 142 15 109 3 3 82 9 31 10 124 2 4 179 23 41 2 5 18 6 54 2 6 25 26 63 3 6 260 11 92 26 261 2 6 20 26 38 3 25 104 28 195 30 73 3 5 230 19 174 21 230 2 7 120 23 100 3 17 98 27 75 29 89 4 3 125 8 139 24 26 30 22 2 8 110 18 127 3 9 49 16 40 29 83 3 1 82 11 13 28 21 3 8 40 17 79 23 30 3 13 35 14 12 15 64 3 10 120 14 295 27 208 3 17 69 27 30 29 89 3 1 128 8 112 29 19 3 15 7 16 2 18 8 2 3 18 18 30 3 12 130 17 162 29 123 2 17 243 20 163 2 19 94 26 11 2 9 27 22 148 2 20 40 24 27
34 3 25 211 28 66 30 83 2 1 64 4 90 3 13 34 14 78 15 54 2 11 69 12 59 3 2 200 5 227 12 205 3 25 151 28 81 30 131 3 3 1 9 3 12 2 2 17 160 20 36 3 1 150 10 131 15 107 2 4 80 23 283 3 10 230 14 153 27 115 2 6 109 26 122 2 5 10 6 64 3 10 244 14 301 27 208 3 6 206 11 236 26 335 3 12 68 17 19 29 98 2 8 121 18 35 2 7 183 23 96 3 10 204 14 113 27 88 3 8 166 17 85 23 115 4 3 35 8 98 24 131 30 115 3 9 53 16 78 29 34 3 3 176 9 185 10 121 2 3 17 18 12 2 14 1 25 6 3 17 78 27 87 29 24 3 1 57 11 78 28 84 3 15 8 16 6 18 10 2 19 81 26 76 3 5 157 19 105 21 157 3 10 227 14 296 27 90 2 9 171 22 62 2 20 39 24 31 3 1 142 8 144 29 97
34 2 1 60 4 70 3 2 109 5 84 12 76 3 3 2 9 1 12 1 3 15 6 16 11 18 2 2 8 167 18 69 2 4 239 23 39 2 5 46 6 62 3 6 130 11 38 26 67 3 17 35 27 110 29 83 3 1 69 11 18 28 83 2 14 3 25 10 2 7 45 23 206 3 12 80 17 34 29 43 3 2 147 5 211 12 93 3 9 73 16 28 29 55 3 3 39 9 56 10 197 2 11 102 12 204 3 1 136 8 66 29 67 3 8 38 17 160 23 139 3 13 41 14 54 15 72 2 19 94 26 82 2 8 141 18 65 2 9 61 22 160 2 17 274 20 84 3 25 207 28 161 30 125 2 20 56 24 74 4 3 85 8 29 24 129 30 94 3 10 186 14 249 27 156 3 3 183 9 177 10 90 3 1 99 10 177 15 73 2 3 14 18 15 3 5 133 19 58 21 243 2 1 27 4 69 2 6 69 26 41
34 2 1 60 4 70 3 2 109 5 84 12 76 3 3 2 9 1 12 1 3 15 6 16 11 18 2 2 8 167 18 69 2 4 239 23 39 2 5 46 6 62 3 6 130 11 38 26 67 3 17 35 27 110 29 83 3 1 69 11 18 28 83 2 14 3 25 10 2 7 45 23 206 3 12 80 17 34 29 43 3 2 147 5 211 12 93 3 9 73 16 28 29 55 3 3 39 9 56 10 197 2 11 102 12 204 3 1 136 8 66 29 67 3 8 38 17 160 23 139 3 13 41 14 54 15 72 2 19 94 26 82 2 8 141 18 65 2 9 61 22 160 2 17 274 20 84 3 25 207 28 161 30 125 2 20 56 24 74 4 3 85 8 29 24 129 30 94 3 10 186 14 249 27 156 3 3 183 9 177 10 90 3 1 99 10 177 15 73 2 3 14 18 15 3 5 133 19 58 21 243 2 1 27 4 69 2 6 69 26 41
36 2 1 42 4 28 3 2 218 5 30 12 79 2 1 37 4 40 3 3 3 9 1 12 1 3 17 106 27 75 29 95 2 4 74 23 133 3 2 207 5 84 12 190 4 3 105 8 61 24 133 30 84 2 5 34 6 22 2 6 27 26 26 3 6 189 11 52 26 193 4 3 74 8 136 24 27 30 81 3 10 232 14 170 27 186 3 2 220 5 112 12 31 2 7 189 23 49 2 8 73 18 167 3 9 41 16 89 29 102 3 3 45 9 157 10 199 2 14 1 25 3 2 9 164 22 49 2 7 168 23 29 3 5 258 19 210 21 109 3 1 13 11 15 28 23 3 13 28 14 37 15 28 3 1 106 10 214 15 104 2 19 19 26 68 2 11 202 12 152 3 12 122 17 163 29 27 3 15 7 16 7 18 6 3 1 56 8 123 29 133 3 9 91 16 58 29 62 3 25 103 28 155 30 155 2 3 5 18 23 2 17 198 20 164 3 8 173 17 150 23 35 2 20 25 24 46
36 2 1 42 4 28 3 2 218 5 30 12 79 2 1 37 4 40 3 3 3 9 1 12 1 3 17 106 27 75 29 95 2 4 74 23 133 3 2 207 5 84 12 190 4 3 105 8 61 24 133 30 84 2 5 34 6 22 2 6 27 26 26 3 6 189 11 52 26 193 4 3 74 8 136 24 27 30 81 3 10 232 14 170 27 186 3 2 220 5 112 12 31 2 7 189 23 49 2 8 73 18 167 3 9 41 16 89 29 102 3 3 45 9 157 10 199 2 14 1 25 3 2 9 164 22 49 2 7 168 23 29 3 5 258 19 210 21 109 3 1 13 11 15 28 23 3 13 28 14 37 15 28 3 1 106 10 214 15 104 2 19 19 26 68 2 11 202 12 152 3 12 122 17 163 29 27 3 15 7 16 7 18 6 3 1 56 8 123 29 133 3 9 91 16 58 29 62 3 25 103 28 155 30 155 2 3 5 18 23 2 17 198 20 164 3 8 173 17 150 23 35 2 20 25 24 46
36 2 1 42 4 28 3 2 218 5 30 12 79 2 1 37 4 40 3 3 3 9 1 12 1 3 17 106 27 75 29 95 2 4 74 23 133 3 2 207 5 84 12 190 4 3 105 8 61 24 133 30 84 2 5 34 6 22 2 6 27 26 26 3 6 189 11 52 26 193 4 3 74 8 136 24 27 30 81 3 10 232 14 170 27 186 3 2 220 5 112 12 31 2 7 189 23 49 2 8 73 18 167 3 9 41 16 89 29 102 3 3 45 9 157 10 199 2 14 1 25 3 2 9 164 22 49 2 7 168 23 29 3 5 258 19 210 21 109 3 1 13 11 15 28 23 3 13 28 14 37 15 28 3 1 106 10 214 15 104 2 19 19 26 68 2 11 202 12 152 3 12 122 17 163 29 27 3 15 7 16 7 18 6 3 1 56 8 123 29 133 3 9 91 16 58 29 62 3 25 103 28 155 30 155 2 3 5 18 23 2 17 198 20 164 3 8 173 17 150 23 35 2 20 25 24 46
34 3 25 179 28 74 30 244 2 1 18 4 15 3 13 79 14 22 15 33 2 11 178 12 105 3 2 204 5 67 12 222 3 25 128 28 85 30 216 3 3 2 9 1 12 3 2 17 139 20 49 3 1 227 10 110 15 202 2 4 140 23 198 3 10 277 14 149 27 192 2 6 95 26 20 2 5 33 6 33 3 10 56 14 258 27 134 3 6 302 11 169 26 172 3 12 110 17 83 29 155 2 8 23 18 42 2 7 133 23 90 3 10 50 14 37 27 314 3 8 109 17 56 23 171 4 3 132 8 95 24 124 30 95 3 9 103 16 30 29 100 3 3 139 9 36 10 71 2 3 22 18 27 2 14 9 25 3 3 17 57 27 84 29 63 3 1 44 11 74 28 46 3 15 4 16 7 18 2 2 19 58 26 90 3 5 36 19 142 21 241 3 10 35 14 202 27 110 2 9 79 22 28 2 20 26 24 45 3 1 145 8 103 29 26
34 3 25 179 28 74 30 244 2 1 18 4 15 3 13 79 14 22 15 33 2 11 178 12 105 3 2 204 5 67 12 222 3 25 128 28 85 30 216 3 3 2 9 1 12 3 2 17 139 20 49 3 1 227 10 110 15 202 2 4 140 23 198 3 10 277 14 149 27 192 2 6 95 26 20 2 5 33 6 33 3 10 56 14 258 27 134 3 6 302 11 169 26 172 3 12 110 17 83 29 155 2 8 23 18 42 2 7 133 23 90 3 10 50 14 37 27 314 3 8 109 17 56 23 171 4 3 132 8 95 24 124 30 95 3 9 103 16 30 29 100 3 3 139 9 36 10 71 2 3 22 18 27 2 14 9 25 3 3 17 57 27 84 29 63 3 1 44 11 74 28 46 3 15 4 16 7 18 2 2 19 58 26 90 3 5 36 19 142 21 241 3 10 35 14 202 27 110 2 9 79 22 28 2 20 26 24 45 3 1 145 8 103 29 26
34 2 1 65 4 66 3 8 182 17 158 23 108 3 17 90 27 120 29 98 2 1 29 4 62 3 13 68 14 53 15 23 2 9 72 22 188 2 3 25 18 36 3 2 167 5 175 12 153 3 3 3 9 1 12 2 2 4 275 23 296 2 6 34 26 38 3 5 49 19 217 21 112 2 4 111 23 303 3 1 67 8 38 29 72 2 3 17 18 22 2 5 9 6 8 3 6 312 11 319 26 129 2 20 91 24 46 3 13 45 14 92 15 66 2 7 96 23 172 4 3 39 8 41 24 137 30 77 2 8 149 18 20 3 9 31 16 106 29 33 2 11 25 12 101 3 3 43 9 73 10 47 3 1 15 11 71 28 74 2 17 164 20 78 3 10 312 14 130 27 306 3 1 96 10 87 15 140 3 15 11 16 6 18 9 2 14 10 25 4 3 12 111 17 70 29 77 2 19 65 26 62 3 25 63 28 63 30 155
37 4 3 74 8 154 24 132 30 88 2 1 49 4 78 3 12 150 17 73 29 28 3 2 43 5 29 12 181 3 3 1 9 2 12 3 2 4 74 23 252 3 8 132 17 70 23 80 2 5 67 6 11 3 2 156 5 182 12 32 2 6 117 26 57 3 1 124 10 99 15 126 2 19 21 26 75 3 5 138 19 44 21 59 3 2 84 5 26 12 51 3 6 230 11 233 26 95 2 7 118 23 86 2 8 164 18 126 3 9 50 16 105 29 38 3 1 26 11 46 28 51 2 20 83 24 80 3 3 123 9 192 10 129 3 8 74 17 130 23 112 2 14 9 25 1 2 1 80 4 28 3 15 7 16 5 18 10 3 2 97 5 75 12 133 2 11 199 12 92 3 10 202 14 174 27 216 2 11 187 12 106 3 13 27 14 58 15 15 2 3 23 18 31 2 17 287 20 160 3 25 102 28 225 30 107 2 5 51 6 21 2 9 29 22 114 3 17 97 27 100 29 113 3 1 104 8 80 29 126
37 4 3 74 8 154 24 132 30 88 2 1 49 4 78 3 12 150 17 73 29 28 3 2 43 5 29 12 181 3 3 1 9 2 12 3 2 4 74 23 252 3 8 132 17 70 23 80 2 5 67 6 11 3 2 156 5 182 12 32 2 6 117 26 57 3 1 124 10 99 15 126 2 19 21 26 75 3 5 138 19 44 21 59 3 2 84 5 26 12 51 3 6 230 11 233 26 95 2 7 118 23 86 2 8 164 18 126 3 9 50 16 105 29 38 3 1 26 11 46 28 51 2 20 83 24 80 3 3 123 9 192 10 129 3 8 74 17 130 23 112 2 14 9 25 1 2 1 80 4 28 3 15 7 16 5 18 10 3 2 97 5 75 12 133 2 11 199 12 92 3 10 202 14 174 27 216 2 11 187 12 106 3 13 27 14 58 15 15 2 3 23 18 31 2 17 287 20 160 3 25 102 28 225 30 107 2 5 51 6 21 2 9 29 22 114 3 17 97 27 100 29 113 3 1 104 8 80 29 126
37 4 3 74 8 154 24 132 30 88 2 1 49 4 78 3 12 150 17 73 29 28 3 2 43 5 29 12 181 3 3 1 9 2 12 3 2 4 74 23 252 3 8 132 17 70 23 80 2 5 67 6 11 3 2 156 5 182 12 32 2 6 117 26 57 3 1 124 10 99 15 126 2 19 21 26 75 3 5 138 19 44 21 59 3 2 84 5 26 12 51 3 6 230 11 233 26 95 2 7 118 23 86 2 8 164 18 126 3 9 50 16 105 29 38 3 1 26 11 46 28 51 2 20 83 24 80 3 3 123 9 192 10 129 3 8 74 17 130 23 112 2 14 9 25 1 2 1 80 4 28 3 15 7 16 5 18 10 3 2 97 5 75 12 133 2 11 199 12 92 3 10 202 14 174 27 216 2 11 187 12 106 3 13 27 14 58 15 15 2 3 23 18 31 2 17 287 20 160 3 25 102 28 225 30 107 2 5 51 6 21 2 9 29 22 114 3 17 97 27 100 29 113 3 1 104 8 80 29 126
34 2 1 56 4 18 3 2 27 5 47 12 138 3 3 2 9 2 12 2 2 4 218 23 144 3 12 52 17 137 29 75 3 6 285 11 329 26 243 2 5 68 6 53 2 7 97 23 204 2 8 51 18 123 3 9 98 16 77 29 104 3 13 75 14 27 15 74 2 11 90 12 85 2 19 54 26 72 3 3 147 9 130 10 69 3 1 41 11 33 28 24 3 10 237 14 293 27 212 3 1 34 10 42 15 32 3 6 307 11 243 26 234 3 15 7 16 5 18 10 2 8 124 18 174 2 3 22 18 9 2 17 100 20 52 3 5 75 19 176 21 70 2 14 9 25 10 2 9 76 22 28 3 8 89 17 151 23 29 2 6 108 26 56 3 17 35 27 49 29 44 3 3 1 9 1 12 3 3 25 127 28 92 30 236 4 3 54 8 107 24 44 30 87 2 11 103 12 107 2 20 51 24 89 3 1 80 8 37 29 130
34 2 1 56 4 18 3 2 27 5 47 12 138 3 3 2 9 2 12 2 2 4 218 23 144 3 12 52 17 137 29 75 3 6 285 11 329 26 243 2 5 68 6 53 2 7 97 23 204 2 8 51 18 123 3 9 98 16 77 29 104 3 13 75 14 27 15 74 2 11 90 12 85 2 19 54 26 72 3 3 147 9 130 10 69 3 1 41 11 33 28 24 3 10 237 14 293 27 212 3 1 34 10 42 15 32 3 6 307 11 243 26 234 3 15 7 16 5 18 10 2 8 124 18 174 2 3 22 18 9 2 17 100 20 52 3 5 75 19 176 21 70 2 14 9 25 10 2 9 76 22 28 3 8 89 17 151 23 29 2 6 108 26 56 3 17 35 27 49 29 44 3 3 1 9 1 12 3 3 25 127 28 92 30 236 4 3 54 8 107 24 44 30 87 2 11 103 12 107 2 20 51 24 89 3 1 80 8 37 29 130
34 2 20 23 24 15 2 17 132 20 37 2 11 110 12 74 2 1 85 4 43 3 1 30 10 164 15 172 3 2 140 5 138 12 160 3 15 4 16 10 18 9 3 1 40 11 23 28 50 2 6 60 26 20 3 3 1 9 1 12 1 3 9 70 16 85 29 54 2 3 10 18 30 2 4 128 23 62 3 9 100 16 100 29 44 2 5 21 6 70 3 1 134 8 133 29 129 3 6 322 11 194 26 168 3 1 43 11 49 28 74 2 7 120 23 127 2 8 78 18 147 2 19 78 26 79 3 3 36 9 42 10 131 3 13 52 14 37 15 42 4 3 127 8 63 24 145 30 113 2 11 92 12 88 3 10 167 14 165 27 197 3 12 118 17 56 29 75 3 5 184 19 104 21 44 2 9 130 22 172 4 3 95 8 109 24 137 30 113 3 8 185 17 148 23 123 2 14 8 25 10 3 17 83 27 29 29 122 3 25 136 28 233 30 110
34 2 14 2 25 7 2 1 62 4 26 3 2 230 5 205 12 116 3 3 3 9 2 12 1 2 9 93 22 93 3 1 149 10 201 15 149 2 4 223 23 82 3 1 104 8 131 29 118 2 8 54 18 116 2 7 26 23 197 2 5 14 6 65 3 25 225 28 119 30 104 3 5 40 19 164 21 200 3 6 81 11 84 26 150 3 9 69 16 57 29 61 3 3 120 9 43 10 192 2 3 39 18 4 3 1 45 11 27 28 19 2 11 163 12 122 3 13 48 14 21 15 23 3 6 237 11 248 26 100 2 20 33 24 66 3 5 41 19 204 21 237 3 10 75 14 172 27 255 3 15 1 16 3 18 2 3 25 153 28 104 30 96 3 12 93 17 152 29 57 3 8 63 17 43 23 82 2 6 43 26 67 2 19 78 26 84 2 17 223 20 50 3 1 44 10 224 15 142 3 17 24 27 58 29 33 4 3 23 8 84 24 89 30 122
34 2 14 2 25 7 2 1 62 4 26 3 2 230 5 205 12 116 3 3 3 9 2 12 1 2 9 93 22 93 3 1 149 10 201 15 149 2 4 223 23 82 3 1 104 8 131 29 118 2 8 54 18 116 2 7 26 23 197 2 5 14 6 65 3 25 225 28 119 30 104 3 5 40 19 164 21 200 3 6 81 11 84 26 150 3 9 69 16 57 29 61 3 3 120 9 43 10 192 2 3 39 18 4 3 1 45 11 27 28 19 2 11 163 12 122 3 13 48 14 21 15 23 3 6 237 11 248 26 100 2 20 33 24 66 3 5 41 19 204 21 237 3 10 75 14 172 27 255 3 15 1 16 3 18 2 3 25 153 28 104 30 96 3 12 93 17 152 29 57 3 8 63 17 43 23 82 2 6 43 26 67 2 19 78 26 84 2 17 223 20 50 3 1 44 10 224 15 142 3 17 24 27 58 29 33 4 3 23 8 84 24 89 30 122
37 4 3 78 8 62 24 48 30 101 2 1 34 4 54 3 12 133 17 70 29 21 3 2 230 5 140 12 109 3 3 1 9 1 12 1 2 4 256 23 298 3 8 54 17 53 23 55 2 5 24 6 26 3 2 110 5 219 12 73 2 6 90 26 73 3 1 53 10 206 15 58 2 19 26 26 48 3 5 240 19 42 21 238 3 2 83 5 140 12 130 3 6 196 11 227 26 335 2 7 111 23 70 2 8 29 18 101 3 9 102 16 81 29 58 3 1 62 11 76 28 86 2 20 44 24 68 3 3 51 9 143 10 198 3 8 99 17 102 23 160 2 14 4 25 2 2 1 34 4 95 3 15 6 16 3 18 11 3 2 35 5 131 12 91 2 11 53 12 171 3 10 120 14 218 27 261 2 11 56 12 33 3 13 39 14 64 15 73 2 3 12 18 16 2 17 135 20 212 3 25 55 28 129 30 145 2 5 39 6 53 2 9 172 22 115 3 17 20 27 105 29 47 3 1 95 8 93 29 42
37 4 3 78 8 62 24 48 30 101 2 1 34 4 54 3 12 133 17 70 29 21 3 2 230 5 140 12 109 3 3 1 9 1 12 1 2 4 256 23 298 3 8 54 17 53 23 55 2 5 24 6 26 3 2 110 5 219 12 73 2 6 90 26 73 3 1 53 10 206 15 58 2 19 26 26 48 3 5 240 19 42 21 238 3 2 83 5 140 12 130 3 6 196 11 227 26 335 2 7 111 23 70 2 8 29 18 101 3 9 102 16 81 29 58 3 1 62 11 76 28 86 2 20 44 24 68 3 3 51 9 143 10 198 3 8 99 17 102 23 160 2 14 4 25 2 2 1 34 4 95 3 15 6 16 3 18 11 3 2 35 5 131 12 91 2 11 53 12 171 3 10 120 14 218 27 261 2 11 56 12 33 3 13 39 14 64 15 73 2 3 12 18 16 2 17 135 20 212 3 25 55 28 129 30 145 2 5 39 6 53 2 9 172 22 115 3 17 20 27 105 29 47 3 1 95 8 93 29 42
37 2 1 70 4 40 3 13 80 14 36 15 21 3 2 167 5 48 12 166 3 13 31 14 48 15 77 3 3 1 9 2 12 3 2 4 240 23 152 2 5 43 6 21 3 6 235 11 316 26 43 3 3 1 9 1 12 2 2 7 90 23 94 2 8 52 18 54 2 1 58 4 30 3 9 87 16 24 29 43 3 3 100 9 154 10 184 3 1 18 11 78 28 36 2 11 34 12 117 3 6 271 11 252 26 111 3 15 3 16 7 18 10 3 10 167 14 118 27 59 2 3 30 18 29 3 13 35 14 16 15 69 3 12 66 17 86 29 96 3 8 42 17 89 23 160 3 1 159 10 48 15 190 2 14 6 25 3 3 13 78 14 34 15 78 2 19 35 26 72 2 17 103 20 135 2 9 147 22 39 3 5 115 19 84 21 193 2 20 52 24 81 2 6 93 26 93 2 9 151 22 99 3 17 42 27 49 29 30 3 25 79 28 116 30 158 3 1 41 8 19 29 53 4 3 135 8 152 24 129 30 83
34 3 25 96 28 119 30 229 2 1 58 4 86 3 13 66 14 44 15 41 2 11 150 12 43 3 2 99 5 92 12 92 3 25 145 28 206 30 190 3 3 1 9 2 12 3 2 17 162 20 245 3 1 137 10 134 15 48 2 4 129 23 102 3 10 240 14 248 27 129 2 6 124 26 62 2 5 13 6 16 3 10 280 14 95 27 88 3 6 279 11 234 26 155 3 12 74 17 123 29 24 2 8 21 18 78 2 7 168 23 99 3 10 261 14 195 27 69 3 8 143 17 136 23 123 4 3 61 8 97 24 99 30 54 3 9 30 16 80 29 14 3 3 153 9 201 10 164 2 3 14 18 26 2 14 8 25 7 3 17 67 27 114 29 27 3 1 81 11 82 28 43 3 15 7 16 5 18 2 2 19 66 26 94 3 5 31 19 129 21 237 3 10 44 14 202 27 236 2 9 47 22 34 2 20 54 24 62 3 1 56 8 99 29 132
34 3 25 96 28 119 30 229 2 1 58 4 86 3 13 66 14 44 15 41 2 11 150 12 43 3 2 99 5 92 12 92 3 25 145 28 206 30 190 3 3 1 9 2 12 3 2 17 162 20 245 3 1 137 10 134 15 48 2 4 129 23 102 3 10 240 14 248 27 129 2 6 124 26 62 2 5 13 6 16 3 10 280 14 95 27 88 3 6 279 11 234 26 155 3 12 74 17 123 29 24 2 8 21 18 78 2 7 168 23 99 3 10 261 14 195 27 69 3 8 143 17 136 23 123 4 3 61 8 97 24 99 30 54 3 9 30 16 80 29 14 3 3 153 9 201 10 164 2 3 14 18 26 2 14 8 25 7 3 17 67 27 114 29 27 3 1 81 11 82 28 43 3 15 7 16 5 18 2 2 19 66 26 94 3 5 31 19 129 21 237 3 10 44 14 202 27 236 2 9 47 22 34 2 20 54 24 62 3 1 56 8 99 29 132
37 4 3 101 8 27 24 103 30 113 2 1 72 4 46 3 12 109 17 132 29 29 3 2 107 5 148 12 167 3 3 1 9 1 12 2 2 4 172 23 289 3 8 60 17 95 23 96 2 5 52 6 55 3 2 199 5 228 12 185 2 6 17 26 73 3 1 139 10 78 15 121 2 19 54 26 97 3 5 198 19 127 21 240 3 2 83 5 118 12 90 3 6 265 11 254 26 290 2 7 47 23 192 2 8 38 18 43 3 9 98 16 55 29 50 3 1 24 11 60 28 14 2 20 39 24 30 3 3 80 9 152 10 199 3 8 56 17 185 23 91 2 14 2 25 3 2 1 44 4 67 3 15 1 16 8 18 7 3 2 120 5 106 12 64 2 11 166 12 85 3 10 127 14 248 27 213 2 11 68 12 156 3 13 65 14 77 15 54 2 3 25 18 6 2 17 223 20 183 3 25 198 28 67 30 165 2 5 46 6 69 2 9 177 22 31 3 17 40 27 56 29 81 3 1 137 8 79 29 47
39 3 17 108 27 121 29 69 2 1 36 4 48 3 17 63 27 65 29 28 3 2 52 5 195 12 225 3 8 136 17 24 23 121 2 8 174 18 125 3 8 80 17 120 23 153 3 3 2 9 1 12 1 2 1 17 4 82 2 4 166 23 144 2 1 36 4 83 2 5 52 6 9 3 6 133 11 93 26 337 3 17 49 27 30 29 51 2 7 197 23 105 3 9 62 16 60 29 83 2 7 51 23 192 3 3 140 9 148 10 181 3 1 17 11 70 28 34 2 11 208 12 82 3 12 105 17 104 29 106 3 6 241 11 305 26 117 3 13 41 14 92 15 73 3 10 56 14 143 27 61 3 1 173 10 55 15 220 3 15 6 16 1 18 11 2 1 21 4 65 2 3 34 18 18 2 6 96 26 42 2 19 89 26 30 2 17 275 20 225 3 5 97 19 183 21 210 2 20 61 24 38 4 3 103 8 39 24 142 30 49 2 8 67 18 69 2 9 177 22 90 2 14 7 25 4 3 25 157 28 93 30 178 3 1 86 8 19 29 125
39 3 17 108 27 121 29 69 2 1 36 4 48 3 17 63 27 65 29 28 3 2 52 5 195 12 225 3 8 136 17 24 23 121 2 8 174 18 125 3 8 80 17 120 23 153 3 3 2 9 1 12 1 2 1 17 4 82 2 4 166 23 144 2 1 36 4 83 2 5 52 6 9 3 6 133 11 93 26 337 3 17 49 27 30 29 51 2 7 197 23 105 3 9 62 16 60 29 83 2 7 51 23 192 3 3 140 9 148 10 181 3 1 17 11 70 28 34 2 11 208 12 82 3 12 105 17 104 29 106 3 6 241 11 305 26 117 3 13 41 14 92 15 73 3 10 56 14 143 27 61 3 1 173 10 55 15 220 3 15 6 16 1 18 11 2 1 21 4 65 2 3 34 18 18 2 6 96 26 42 2 19 89 26 30 2 17 275 20 225 3 5 97 19 183 21 210 2 20 61 24 38 4 3 103 8 39 24 142 30 49 2 8 67 18 69 2 9 177 22 90 2 14 7 25 4 3 25 157 28 93 30 178 3 1 86 8 19 29 125
36 2 1 52 4 75 3 2 179 5 140 12 148 2 1 61 4 15 3 3 1 9 2 12 3 3 17 69 27 41 29 81 2 4 213 23 287 3 2 160 5 197 12 221 4 3 80 8 108 24 78 30 105 2 5 14 6 29 2 6 124 26 123 3 6 262 11 324 26 136 4 3 47 8 88 24 129 30 93 3 10 167 14 203 27 39 3 2 185 5 102 12 95 2 7 143 23 176 2 8 95 18 76 3 9 66 16 101 29 70 3 3 120 9 158 10 191 2 14 5 25 9 2 9 60 22 114 2 7 163 23 96 3 5 201 19 155 21 41 3 1 65 11 55 28 25 3 13 34 14 66 15 53 3 1 66 10 87 15 178 2 19 82 26 73 2 11 215 12 161 3 12 79 17 116 29 49 3 15 5 16 5 18 12 3 1 88 8 116 29 112 3 9 53 16 57 29 97 3 25 170 28 67 30 100 2 3 16 18 14 2 17 248 20 94 3 8 123 17 102 23 70 2 20 17 24 25
36 2 1 84 4 56 3 2 102 5 137 12 211 3 3 101 9 172 10 84 2 1 93 4 22 3 1 132 8 62 29 33 3 3 1 9 2 12 1 2 4 53 23 136 2 5 60 6 19 3 6 273 11 261 26 39 3 1 122 8 31 29 33 2 7 51 23 70 2 11 65 12 64 2 14 7 25 5 2 8 37 18 77 3 10 215 14 155 27 294 3 25 153 28 34 30 106 2 4 84 23 175 3 9 30 16 82 29 18 3 1 48 11 64 28 77 3 13 16 14 45 15 36 3 1 62 8 47 29 82 3 1 120 10 217 15 130 3 8 173 17 187 23 59 3 15 2 16 3 18 8 3 3 43 9 65 10 74 3 12 36 17 84 29 152 2 3 28 18 14 2 19 26 26 21 2 9 83 22 76 2 17 269 20 144 3 5 75 19 73 21 240 2 20 77 24 71 2 17 259 20 87 3 17 29 27 67 29 28 2 6 79 26 62 4 3 85 8 51 24 37 30 140
34 2 1 94 4 57 3 2 194 5 83 12 150 3 3 1 9 1 12 1 3 15 12 16 4 18 2 2 8 36 18 109 2 4 239 23 183 2 5 27 6 23 3 6 223 11 300 26 273 3 17 108 27 42 29 20 3 1 39 11 55 28 45 2 14 7 25 8 2 7 190 23 127 3 12 146 17 99 29 73 3 2 208 5 222 12 119 3 9 47 16 44 29 100 3 3 170 9 26 10 141 2 11 112 12 136 3 1 39 8 101 29 79 3 8 163 17 118 23 195 3 13 19 14 93 15 79 2 19 41 26 61 2 8 148 18 163 2 9 42 22 183 2 17 112 20 264 3 25 59 28 36 30 96 2 20 49 24 43 4 3 130 8 115 24 112 30 99 3 10 285 14 250 27 254 3 3 28 9 112 10 114 3 1 205 10 30 15 85 2 3 21 18 9 3 5 75 19 115 21 214 2 1 14 4 70 2 6 69 26 105
34 2 1 11 4 65 3 8 122 17 187 23 118 3 17 105 27 19 29 53 2 1 17 4 68 3 13 28 14 92 15 77 2 9 32 22 106 2 3 9 18 33 3 2 86 5 69 12 146 3 3 1 9 2 12 1 2 4 246 23 140 2 6 66 26 47 3 5 125 19 111 21 35 2 4 298 23 242 3 1 106 8 81 29 24 2 3 18 18 29 2 5 55 6 55 3 6 59 11 159 26 121 2 20 32 24 80 3 13 82 14 93 15 77 2 7 27 23 40 4 3 107 8 100 24 77 30 103 2 8 27 18 112 3 9 15 16 55 29 83 2 11 170 12 52 3 3 168 9 145 10 31 3 1 16 11 53 28 48 2 17 69 20 136 3 10 222 14 267 27 104 3 1 157 10 32 15 187 3 15 10 16 5 18 12 2 14 9 25 2 3 12 109 17 73 29 116 2 19 47 26 54 3 25 29 28 56 30 234
36 2 17 94 20 146 3 13 40 14 71 15 19 2 1 70 4 22 3 9 53 16 59 29 77 3 2 186 5 98 12 129 3 9 12 16 80 29 70 3 3 1 9 2 12 2 2 17 35 20 44 2 4 248 23 174 2 5 52 6 28 3 2 50 5 87 12 114 3 6 52 11 141 26 142 2 7 61 23 116 2 8 60 18 81 3 9 84 16 40 29 14 3 3 45 9 161 10 25 2 11 45 12 181 2 9 115 22 155 3 1 17 11 74 28 14 3 9 73 16 16 29 26 3 10 153 14 123 27 299 4 3 46 8 140 24 114 30 129 3 1 49 11 59 28 11 3 1 29 10 118 15 44 2 19 26 26 65 3 15 8 16 1 18 10 3 12 75 17 108 29 72 2 3 33 18 18 3 5 122 19 161 21 250 3 17 58 27 111 29 50 2 14 2 25 10 3 8 51 17 121 23 172 2 20 24 24 68 2 6 73 26 89 3 25 82 28 191 30 102 3 1 119 8 78 29 71
36 2 17 94 20 146 3 13 40 14 71 15 19 2 1 70 4 22 3 9 53 16 59 29 77 3 2 186 5 98 12 129 3 9 12 16 80 29 70 3 3 1 9 2 12 2 2 17 35 20 44 2 4 248 23 174 2 5 52 6 28 3 2 50 5 87 12 114 3 6 52 11 141 26 142 2 7 61 23 116 2 8 60 18 81 3 9 84 16 40 29 14 3 3 45 9 161 10 25 2 11 45 12 181 2 9 115 22 155 3 1 17 11 74 28 14 3 9 73 16 16 29 26 3 10 153 14 123 27 299 4 3 46 8 140 24 114 30 129 3 1 49 11 59 28 11 3 1 29 10 118 15 44 2 19 26 26 65 3 15 8 16 1 18 10 3 12 75 17 108 29 72 2 3 33 18 18 3 5 122 19 161 21 250 3 17 58 27 111 29 50 2 14 2 25 10 3 8 51 17 121 23 172 2 20 24 24 68 2 6 73 26 89 3 25 82 28 191 30 102 3 1 119 8 78 29 71
38 2 19 58 26 65 2 1 27 4 96 3 2 129 5 29 12 111 2 1 33 4 63 3 17 61 27 110 29 98 2 19 25 26 94 3 3 2 9 2 12 1 2 4 39 23 263 3 3 3 9 1 12 1 2 5 56 6 41 3 1 78 11 84 28 63 3 2 114 5 73 12 138 3 15 6 16 12 18 4 3 6 184 11 268 26 309 3 13 42 14 10 15 26 2 7 164 23 80 2 9 131 22 96 2 8 150 18 111 2 9 55 22 65 3 9 79 16 28 29 13 3 3 89 9 82 10 87 2 11 56 12 166 3 10 128 14 165 27 310 3 1 71 10 106 15 185 2 8 158 18 80 3 12 133 17 90 29 22 3 1 173 10 227 15 196 2 3 31 18 9 2 20 57 24 40 2 17 147 20 152 3 5 52 19 160 21 100 3 8 97 17 156 23 29 4 3 130 8 93 24 68 30 60 3 8 152 17 69 23 96 2 14 3 25 7 2 6 58 26 81 3 25 72 28 115 30 154 3 1 32 8 75 29 54
38 2 19 58 26 65 2 1 27 4 96 3 2 129 5 29 12 111 2 1 33 4 63 3 17 61 27 110 29 98 2 19 25 26 94 3 3 2 9 2 12 1 2 4 39 23 263 3 3 3 9 1 12 1 2 5 56 6 41 3 1 78 11 84 28 63 3 2 114 5 73 12 138 3 15 6 16 12 18 4 3 6 184 11 268 26 309 3 13 42 14 10 15 26 2 7 164 23 80 2 9 131 22 96 2 8 150 18 111 2 9 55 22 65 3 9 79 16 28 29 13 3 3 89 9 82 10 87 2 11 56 12 166 3 10 128 14 165 27 310 3 1 71 10 106 15 185 2 8 158 18 80 3 12 133 17 90 29 22 3 1 173 10 227 15 196 2 3 31 18 9 2 20 57 24 40 2 17 147 20 152 3 5 52 19 160 21 100 3 8 97 17 156 23 29 4 3 130 8 93 24 68 30 60 3 8 152 17 69 23 96 2 14 3 25 7 2 6 58 26 81 3 25 72 28 115 30 154 3 1 32 8 75 29 54
36 2 1 96 4 44 3 2 129 5 197 12 206 2 1 98 4 37 3 3 2 9 1 12 2 3 17 52 27 78 29 120 2 4 94 23 165 3 2 44 5 74 12 102 4 3 56 8 67 24 74 30 113 2 5 55 6 55 2 6 94 26 18 3 6 185 11 279 26 297 4 3 93 8 56 24 30 30 144 3 10 69 14 53 27 205 3 2 222 5 108 12 47 2 7 70 23 98 2 8 122 18 114 3 9 50 16 83 29 103 3 3 68 9 163 10 24 2 14 4 25 4 2 9 78 22 84 2 7 175 23 41 3 5 229 19 140 21 114 3 1 64 11 26 28 29 3 13 85 14 84 15 90 3 1 205 10 165 15 199 2 19 42 26 43 2 11 110 12 31 3 12 88 17 114 29 32 3 15 8 16 5 18 3 3 1 120 8 126 29 27 3 9 22 16 14 29 100 3 25 166 28 236 30 191 2 3 35 18 4 2 17 239 20 39 3 8 95 17 92 23 56 2 20 81 24 41
34 2 20 78 24 57 2 17 228 20 184 2 11 71 12 146 2 1 84 4 55 3 1 144 10 80 15 39 3 2 215 5 194 12 213 3 15 12 16 4 18 6 3 1 77 11 63 28 32 2 6 110 26 117 3 3 1 9 1 12 1 3 9 38 16 59 29 78 2 3 23 18 12 2 4 303 23 249 3 9 63 16 44 29 73 2 5 28 6 52 3 1 128 8 110 29 97 3 6 181 11 73 26 213 3 1 82 11 53 28 68 2 7 119 23 96 2 8 131 18 46 2 19 50 26 63 3 3 31 9 137 10 161 3 13 47 14 80 15 90 4 3 25 8 93 24 126 30 41 2 11 209 12 143 3 10 263 14 242 27 136 3 12 96 17 93 29 19 3 5 46 19 209 21 117 2 9 76 22 139 4 3 127 8 57 24 75 30 98 3 8 109 17 75 23 149 2 14 5 25 6 3 17 44 27 72 29 73 3 25 183 28 103 30 47
38 2 19 14 26 29 2 1 78 4 91 3 2 42 5 111 12 117 2 1 73 4 88 3 17 121 27 119 29 23 2 19 33 26 48 3 3 1 9 3 12 1 2 4 226 23 223 3 3 1 9 2 12 3 2 5 19 6 20 3 1 45 11 64 28 74 3 2 140 5 112 12 197 3 15 9 16 11 18 8 3 6 292 11 128 26 126 3 13 39 14 76 15 33 2 7 160 23 181 2 9 80 22 160 2 8 124 18 91 2 9 115 22 186 3 9 22 16 53 29 93 3 3 87 9 80 10 97 2 11 111 12 65 3 10 229 14 182 27 78 3 1 226 10 99 15 83 2 8 87 18 135 3 12 130 17 160 29 43 3 1 64 10 74 15 56 2 3 23 18 15 2 20 11 24 80 2 17 147 20 221 3 5 219 19 221 21 150 3 8 69 17 194 23 154 4 3 43 8 150 24 88 30 72 3 8 72 17 36 23 126 2 14 5 25 4 2 6 34 26 103 3 25 177 28 42 30 174 3 1 113 8 64 29 116
36 2 1 98 4 51 3 2 174 5 192 12 162 3 3 163 9 62 10 68 2 1 79 4 58 3 1 19 8 52 29 59 3 3 2 9 1 12 1 2 4 195 23 130 2 5 66 6 52 3 6 168 11 332 26 61 3 1 83 8 88 29 115 2 7 133 23 109 2 11 126 12 171 2 14 4 25 8 2 8 63 18 125 3 10 90 14 152 27 73 3 25 70 28 76 30 43 2 4 276 23 167 3 9 77 16 50 29 102 3 1 26 11 32 28 58 3 13 27 14 16 15 45 3 1 66 8 123 29 77 3 1 62 10 144 15 27 3 8 89 17 192 23 193 3 15 2 16 5 18 5 3 3 64 9 187 10 138 3 12 77 17 113 29 128 2 3 15 18 16 2 19 44 26 71 2 9 187 22 71 2 17 159 20 226 3 5 116 19 94 21 186 2 20 30 24 26 2 17 257 20 197 3 17 30 27 106 29 93 2 6 76 26 73 4 3 106 8 19 24 56 30 125
34 2 1 21 4 34 3 2 114 5 33 12 214 3 3 1 9 1 12 1 3 15 12 16 10 18 9 2 8 48 18 150 2 4 250 23 157 2 5 35 6 12 3 6 52 11 238 26 258 3 17 107 27 41 29 13 3 1 80 11 16 28 71 2 14 8 25 2 2 7 84 23 106 3 12 21 17 155 29 21 3 2 158 5 228 12 118 3 9 66 16 42 29 52 3 3 107 9 194 10 194 2 11 70 12 200 3 1 43 8 54 29 98 3 8 53 17 142 23 22 3 13 79 14 78 15 26 2 19 52 26 65 2 8 149 18 56 2 9 174 22 186 2 17 214 20 58 3 25 150 28 138 30 190 2 20 50 24 65 4 3 154 8 137 24 35 30 48 3 10 142 14 311 27 76 3 3 168 9 127 10 60 3 1 59 10 104 15 33 2 3 8 18 15 3 5 145 19 258 21 36 2 1 89 4 63 2 6 116 26 34
DUE_DATES: 5269 5269 5269 5269 6599 6599 6193 6193 4452 4452 5937 4958 6202 5341 5341 5625 5625 5625 5558 5558 5388 5901 5901 5901 5295 5295 5178 5476 5476 5899 5899 5168 5781 5781 6231 6425 6425 6186 5253 5888 4762 4882 4882 5720 5720 5562 5669 6071 5932 5376
WEIGHTS: 1 1 1 3 1 2 1 1 1 1 2 3 3 1 3 1 1 2 1 1 3 1 2 1 2 2 3 3 2 1 3 1 3 3 1 3 1 3 1 2 2 3 1 1 2 1 3 2 2 3
