50 30
35 2 1 38 21 183 2 2 147 17 158 2 18 164 28 44 3 15 110 23 23 27 121 3 7 37 24 45 28 151 2 3 94 16 84 4 4 128 7 181 15 160 24 161 3 15 105 23 123 27 113 3 5 280 20 260 29 95 2 2 51 17 125 2 25 28 29 32 2 6 97 12 15 3 7 122 9 61 26 74 3 6 80 26 123 30 40 2 5 18 8 6 2 2 251 17 216 2 1 63 9 32 3 9 234 10 218 20 196 2 12 155 29 158 2 11 80 14 77 2 12 141 29 47 3 3 130 4 161 13 256 2 14 26 23 11 2 13 126 15 85 2 11 54 20 80 2 13 57 16 212 3 17 15 18 9 24 57 2 20 101 21 79 2 23 17 25 5 2 17 58 30 65 3 11 152 19 126 23 173 2 22 97 29 206 2 20 86 21 84 3 14 137 20 130 22 137 2 6 144 26 223
38 3 5 104 20 257 29 141 2 23 24 25 3 3 9 150 10 261 20 137 3 5 169 20 148 29 77 2 1 51 21 125 3 7 146 9 139 26 71 2 2 194 17 145 3 9 318 10 272 20 43 2 3 24 16 54 3 11 144 19 78 23 119 3 7 35 9 36 26 41 2 12 82 29 30 2 2 190 17 276 4 4 133 7 56 15 35 24 121 2 6 41 12 19 2 5 4 8 22 2 1 69 9 61 2 11 136 14 136 3 3 292 4 123 13 244 2 14 20 23 41 2 23 10 25 13 2 13 148 15 67 2 14 18 23 18 2 13 307 16 69 2 17 12 30 27 3 17 46 18 27 24 20 2 1 113 21 187 3 15 71 23 49 27 116 2 11 47 20 327 2 20 142 21 32 3 14 137 20 118 22 152 2 22 218 29 241 3 7 305 24 123 28 196 2 17 30 30 74 2 25 179 29 121 3 6 61 26 52 30 68 2 6 66 26 219 2 18 153 28 303
38 3 5 104 20 257 29 141 2 23 24 25 3 3 9 150 10 261 20 137 3 5 169 20 148 29 77 2 1 51 21 125 3 7 146 9 139 26 71 2 2 194 17 145 3 9 318 10 272 20 43 2 3 24 16 54 3 11 144 19 78 23 119 3 7 35 9 36 26 41 2 12 82 29 30 2 2 190 17 276 4 4 133 7 56 15 35 24 121 2 6 41 12 19 2 5 4 8 22 2 1 69 9 61 2 11 136 14 136 3 3 292 4 123 13 244 2 14 20 23 41 2 23 10 25 13 2 13 148 15 67 2 14 18 23 18 2 13 307 16 69 2 17 12 30 27 3 17 46 18 27 24 20 2 1 113 21 187 3 15 71 23 49 27 116 2 11 47 20 327 2 20 142 21 32 3 14 137 20 118 22 152 2 22 218 29 241 3 7 305 24 123 28 196 2 17 30 30 74 2 25 179 29 121 3 6 61 26 52 30 68 2 6 66 26 219 2 18 153 28 303
35 2 1 183 21 47 2 2 66 17 187 2 3 39 16 32 2 11 309 20 268 4 4 63 7 255 15 131 24 95 3 17 59 18 26 24 56 3 5 236 20 64 29 76 2 6 101 12 85 3 7 246 24 288 28 47 2 1 185 21 26 3 7 128 9 116 26 53 2 5 4 8 4 2 13 131 15 103 2 1 79 9 49 3 9 315 10 66 20 39 3 11 117 19 78 23 44 2 11 104 14 133 2 23 3 25 22 2 14 14 23 29 2 12 27 29 42 3 3 262 4 128 13 274 3 15 115 23 39 27 99 2 5 23 8 22 2 13 210 16 64 2 11 283 20 99 3 6 23 26 50 30 80 2 20 61 21 89 2 23 20 25 5 2 17 14 30 42 3 14 129 20 132 22 136 2 6 166 26 159 2 25 157 29 61 2 18 98 28 155 3 5 230 20 225 29 35 2 22 90 29 134
37 2 17 75 30 56 2 5 11 8 23 2 1 188 21 30 2 2 38 17 151 2 3 93 16 99 2 23 10 25 6 4 4 86 7 158 15 218 24 172 3 5 254 20 147 29 60 2 1 61 9 78 3 3 76 4 86 13 63 2 6 19 12 52 4 4 237 7 80 15 252 24 111 3 7 24 9 146 26 51 3 9 258 10 212 20 284 2 18 100 28 323 2 11 57 14 150 2 12 178 29 50 2 14 17 23 26 2 13 40 15 86 2 12 221 29 156 2 13 197 16 313 3 15 35 23 78 27 114 3 9 278 10 160 20 78 2 25 112 29 123 3 14 27 20 121 22 116 2 6 245 26 185 2 14 32 23 33 3 17 38 18 57 24 20 2 2 45 17 176 3 11 29 19 91 23 58 2 12 194 29 204 2 11 315 20 106 2 20 190 21 73 3 7 68 24 189 28 139 2 22 191 29 151 2 1 50 21 48 3 6 102 26 89 30 125
37 2 17 75 30 56 2 5 11 8 23 2 1 188 21 30 2 2 38 17 151 2 3 93 16 99 2 23 10 25 6 4 4 86 7 158 15 218 24 172 3 5 254 20 147 29 60 2 1 61 9 78 3 3 76 4 86 13 63 2 6 19 12 52 4 4 237 7 80 15 252 24 111 3 7 24 9 146 26 51 3 9 258 10 212 20 284 2 18 100 28 323 2 11 57 14 150 2 12 178 29 50 2 14 17 23 26 2 13 40 15 86 2 12 221 29 156 2 13 197 16 313 3 15 35 23 78 27 114 3 9 278 10 160 20 78 2 25 112 29 123 3 14 27 20 121 22 116 2 6 245 26 185 2 14 32 23 33 3 17 38 18 57 24 20 2 2 45 17 176 3 11 29 19 91 23 58 2 12 194 29 204 2 11 315 20 106 2 20 190 21 73 3 7 68 24 189 28 139 2 22 191 29 151 2 1 50 21 48 3 6 102 26 89 30 125
35 2 1 142 21 90 2 2 199 17 182 2 18 213 28 164 3 15 81 23 92 27 103 3 7 87 24 130 28 185 2 3 75 16 63 4 4 141 7 140 15 120 24 103 3 15 65 23 74 27 46 3 5 89 20 132 29 237 2 2 94 17 119 2 25 23 29 135 2 6 46 12 104 3 7 64 9 95 26 57 3 6 42 26 57 30 34 2 5 13 8 18 2 2 181 17 260 2 1 117 9 95 3 9 309 10 105 20 51 2 12 108 29 131 2 11 129 14 60 2 12 140 29 76 3 3 188 4 158 13 248 2 14 10 23 15 2 13 67 15 50 2 11 258 20 225 2 13 252 16 119 3 17 8 18 17 24 47 2 20 145 21 27 2 23 13 25 15 2 17 47 30 68 3 11 138 19 22 23 48 2 22 160 29 253 2 20 115 21 189 3 14 77 20 49 22 19 2 6 93 26 57
33 2 1 24 21 99 2 2 249 17 150 2 3 19 16 118 4 4 176 7 136 15 66 24 32 3 9 193 10 182 20 291 2 1 112 9 110 3 5 116 20 194 29 71 2 6 63 12 49 3 17 22 18 13 24 10 3 7 88 9 20 26 126 2 5 19 8 11 2 11 119 14 87 2 12 123 29 92 3 3 294 4 163 13 44 3 7 73 24 153 28 240 2 3 112 16 43 2 14 22 23 28 2 13 158 15 28 3 7 127 9 94 26 96 2 23 21 25 21 2 13 88 16 120 2 17 48 30 66 2 25 98 29 39 3 11 180 19 76 23 118 2 6 276 26 88 3 14 150 20 38 22 102 3 15 19 23 74 27 79 2 11 40 20 256 2 20 62 21 58 2 22 42 29 245 2 13 163 15 35 2 18 97 28 319 3 6 74 26 125 30 77
33 2 1 24 21 99 2 2 249 17 150 2 3 19 16 118 4 4 176 7 136 15 66 24 32 3 9 193 10 182 20 291 2 1 112 9 110 3 5 116 20 194 29 71 2 6 63 12 49 3 17 22 18 13 24 10 3 7 88 9 20 26 126 2 5 19 8 11 2 11 119 14 87 2 12 123 29 92 3 3 294 4 163 13 44 3 7 73 24 153 28 240 2 3 112 16 43 2 14 22 23 28 2 13 158 15 28 3 7 127 9 94 26 96 2 23 21 25 21 2 13 88 16 120 2 17 48 30 66 2 25 98 29 39 3 11 180 19 76 23 118 2 6 276 26 88 3 14 150 20 38 22 102 3 15 19 23 74 27 79 2 11 40 20 256 2 20 62 21 58 2 22 42 29 245 2 13 163 15 35 2 18 97 28 319 3 6 74 26 125 30 77
35 2 1 66 21 147 2 2 222 17 67 2 3 116 16 100 2 11 199 20 59 4 4 75 7 211 15 166 24 199 3 17 45 18 50 24 7 3 5 172 20 222 29 274 2 6 48 12 17 3 7 122 24 270 28 51 2 1 77 21 57 3 7 52 9 36 26 85 2 5 9 8 3 2 13 49 15 146 2 1 32 9 80 3 9 109 10 224 20 48 3 11 118 19 67 23 59 2 11 54 14 139 2 23 8 25 20 2 14 16 23 6 2 12 122 29 147 3 3 248 4 79 13 141 3 15 104 23 122 27 80 2 5 18 8 7 2 13 245 16 258 2 11 141 20 202 3 6 124 26 100 30 96 2 20 195 21 179 2 23 8 25 4 2 17 30 30 76 3 14 156 20 97 22 148 2 6 207 26 149 2 25 175 29 121 2 18 301 28 251 3 5 46 20 64 29 190 2 22 227 29 254
35 2 1 66 21 147 2 2 222 17 67 2 3 116 16 100 2 11 199 20 59 4 4 75 7 211 15 166 24 199 3 17 45 18 50 24 7 3 5 172 20 222 29 274 2 6 48 12 17 3 7 122 24 270 28 51 2 1 77 21 57 3 7 52 9 36 26 85 2 5 9 8 3 2 13 49 15 146 2 1 32 9 80 3 9 109 10 224 20 48 3 11 118 19 67 23 59 2 11 54 14 139 2 23 8 25 20 2 14 16 23 6 2 12 122 29 147 3 3 248 4 79 13 141 3 15 104 23 122 27 80 2 5 18 8 7 2 13 245 16 258 2 11 141 20 202 3 6 124 26 100 30 96 2 20 195 21 179 2 23 8 25 4 2 17 30 30 76 3 14 156 20 97 22 148 2 6 207 26 149 2 25 175 29 121 2 18 301 28 251 3 5 46 20 64 29 190 2 22 227 29 254
35 2 1 66 21 147 2 2 222 17 67 2 3 116 16 100 2 11 199 20 59 4 4 75 7 211 15 166 24 199 3 17 45 18 50 24 7 3 5 172 20 222 29 274 2 6 48 12 17 3 7 122 24 270 28 51 2 1 77 21 57 3 7 52 9 36 26 85 2 5 9 8 3 2 13 49 15 146 2 1 32 9 80 3 9 109 10 224 20 48 3 11 118 19 67 23 59 2 11 54 14 139 2 23 8 25 20 2 14 16 23 6 2 12 122 29 147 3 3 248 4 79 13 141 3 15 104 23 122 27 80 2 5 18 8 7 2 13 245 16 258 2 11 141 20 202 3 6 124 26 100 30 96 2 20 195 21 179 2 23 8 25 4 2 17 30 30 76 3 14 156 20 97 22 148 2 6 207 26 149 2 25 175 29 121 2 18 301 28 251 3 5 46 20 64 29 190 2 22 227 29 254
35 2 1 58 21 68 2 2 151 17 256 2 18 287 28 259 3 15 56 23 77 27 88 3 7 295 24 135 28 106 2 3 83 16 82 4 4 201 7 107 15 116 24 60 3 15 34 23 79 27 52 3 5 165 20 68 29 217 2 2 200 17 218 2 25 198 29 57 2 6 69 12 31 3 7 22 9 84 26 60 3 6 65 26 26 30 30 2 5 8 8 24 2 2 95 17 90 2 1 115 9 120 3 9 310 10 176 20 153 2 12 118 29 153 2 11 71 14 61 2 12 102 29 65 3 3 260 4 60 13 156 2 14 39 23 29 2 13 99 15 115 2 11 150 20 144 2 13 85 16 321 3 17 24 18 31 24 45 2 20 114 21 152 2 23 18 25 4 2 17 42 30 41 3 11 73 19 74 23 78 2 22 154 29 110 2 20 45 21 105 3 14 59 20 107 22 98 2 6 218 26 243
35 2 1 58 21 68 2 2 151 17 256 2 18 287 28 259 3 15 56 23 77 27 88 3 7 295 24 135 28 106 2 3 83 16 82 4 4 201 7 107 15 116 24 60 3 15 34 23 79 27 52 3 5 165 20 68 29 217 2 2 200 17 218 2 25 198 29 57 2 6 69 12 31 3 7 22 9 84 26 60 3 6 65 26 26 30 30 2 5 8 8 24 2 2 95 17 90 2 1 115 9 120 3 9 310 10 176 20 153 2 12 118 29 153 2 11 71 14 61 2 12 102 29 65 3 3 260 4 60 13 156 2 14 39 23 29 2 13 99 15 115 2 11 150 20 144 2 13 85 16 321 3 17 24 18 31 24 45 2 20 114 21 152 2 23 18 25 4 2 17 42 30 41 3 11 73 19 74 23 78 2 22 154 29 110 2 20 45 21 105 3 14 59 20 107 22 98 2 6 218 26 243
33 2 1 126 21 51 2 2 120 17 118 2 3 69 16 41 4 4 219 7 164 15 83 24 102 3 9 284 10 308 20 291 2 1 29 9 49 3 5 214 20 69 29 189 2 6 74 12 61 3 17 18 18 34 24 27 3 7 54 9 26 26 29 2 5 8 8 6 2 11 81 14 149 2 12 104 29 151 3 3 88 4 280 13 67 3 7 53 24 110 28 243 2 3 74 16 20 2 14 13 23 27 2 13 51 15 42 3 7 121 9 35 26 64 2 23 17 25 8 2 13 210 16 234 2 17 24 30 78 2 25 29 29 121 3 11 124 19 140 23 140 2 6 115 26 273 3 14 91 20 150 22 138 3 15 119 23 88 27 98 2 11 247 20 218 2 20 139 21 26 2 22 109 29 77 2 13 125 15 169 2 18 97 28 274 3 6 114 26 102 30 20
36 2 1 141 21 129 2 23 13 25 20 2 2 111 17 203 2 3 40 16 138 2 2 265 17 92 4 4 197 7 252 15 39 24 50 3 7 145 9 116 26 54 3 5 241 20 287 29 108 2 6 64 12 84 2 23 13 25 22 2 5 10 8 17 3 7 81 9 69 26 108 2 1 32 9 113 3 11 112 19 175 23 43 3 3 47 4 139 13 135 3 9 54 10 265 20 194 2 11 84 14 102 2 12 99 29 226 3 7 100 9 64 26 141 3 7 236 24 73 28 253 2 14 9 23 33 2 18 336 28 179 2 13 60 15 120 2 3 80 16 60 2 25 134 29 119 2 13 223 16 352 2 17 15 30 78 3 17 18 18 44 24 49 2 11 306 20 204 2 20 43 21 46 3 7 46 9 144 26 103 3 14 156 20 115 22 68 2 22 66 29 50 2 6 139 26 151 3 15 19 23 117 27 34 3 6 89 26 23 30 66
36 2 1 141 21 129 2 23 13 25 20 2 2 111 17 203 2 3 40 16 138 2 2 265 17 92 4 4 197 7 252 15 39 24 50 3 7 145 9 116 26 54 3 5 241 20 287 29 108 2 6 64 12 84 2 23 13 25 22 2 5 10 8 17 3 7 81 9 69 26 108 2 1 32 9 113 3 11 112 19 175 23 43 3 3 47 4 139 13 135 3 9 54 10 265 20 194 2 11 84 14 102 2 12 99 29 226 3 7 100 9 64 26 141 3 7 236 24 73 28 253 2 14 9 23 33 2 18 336 28 179 2 13 60 15 120 2 3 80 16 60 2 25 134 29 119 2 13 223 16 352 2 17 15 30 78 3 17 18 18 44 24 49 2 11 306 20 204 2 20 43 21 46 3 7 46 9 144 26 103 3 14 156 20 115 22 68 2 22 66 29 50 2 6 139 26 151 3 15 19 23 117 27 34 3 6 89 26 23 30 66
35 3 14 41 20 123 22 75 3 5 123 20 166 29 62 2 1 34 21 49 2 2 107 17 198 3 14 71 20 153 22 37 2 3 41 16 33 3 5 119 20 43 29 211 2 18 75 28 340 4 4 185 7 138 15 208 24 47 2 13 59 15 76 2 6 31 12 125 3 7 38 9 61 26 75 2 13 166 15 104 2 11 146 20 134 2 17 38 30 83 3 15 31 23 126 27 118 2 3 74 16 102 2 5 20 8 26 2 14 30 23 35 2 1 117 9 24 3 9 121 10 273 20 283 2 11 130 14 50 3 17 50 18 34 24 19 2 12 195 29 37 3 3 214 4 68 13 110 2 11 287 20 277 2 22 30 29 147 2 13 199 16 123 3 6 116 26 107 30 31 3 7 253 24 217 28 297 3 11 74 19 45 23 90 2 6 247 26 82 2 20 25 21 78 2 23 6 25 18 2 25 90 29 196
35 3 14 41 20 123 22 75 3 5 123 20 166 29 62 2 1 34 21 49 2 2 107 17 198 3 14 71 20 153 22 37 2 3 41 16 33 3 5 119 20 43 29 211 2 18 75 28 340 4 4 185 7 138 15 208 24 47 2 13 59 15 76 2 6 31 12 125 3 7 38 9 61 26 75 2 13 166 15 104 2 11 146 20 134 2 17 38 30 83 3 15 31 23 126 27 118 2 3 74 16 102 2 5 20 8 26 2 14 30 23 35 2 1 117 9 24 3 9 121 10 273 20 283 2 11 130 14 50 3 17 50 18 34 24 19 2 12 195 29 37 3 3 214 4 68 13 110 2 11 287 20 277 2 22 30 29 147 2 13 199 16 123 3 6 116 26 107 30 31 3 7 253 24 217 28 297 3 11 74 19 45 23 90 2 6 247 26 82 2 20 25 21 78 2 23 6 25 18 2 25 90 29 196
35 3 14 41 20 123 22 75 3 5 123 20 166 29 62 2 1 34 21 49 2 2 107 17 198 3 14 71 20 153 22 37 2 3 41 16 33 3 5 119 20 43 29 211 2 18 75 28 340 4 4 185 7 138 15 208 24 47 2 13 59 15 76 2 6 31 12 125 3 7 38 9 61 26 75 2 13 166 15 104 2 11 146 20 134 2 17 38 30 83 3 15 31 23 126 27 118 2 3 74 16 102 2 5 20 8 26 2 14 30 23 35 2 1 117 9 24 3 9 121 10 273 20 283 2 11 130 14 50 3 17 50 18 34 24 19 2 12 195 29 37 3 3 214 4 68 13 110 2 11 287 20 277 2 22 30 29 147 2 13 199 16 123 3 6 116 26 107 30 31 3 7 253 24 217 28 297 3 11 74 19 45 23 90 2 6 247 26 82 2 20 25 21 78 2 23 6 25 18 2 25 90 29 196
35 2 1 90 21 46 2 2 206 17 198 2 3 77 16 44 2 11 340 20 274 4 4 44 7 52 15 64 24 220 3 17 42 18 35 24 34 3 5 263 20 143 29 52 2 6 121 12 35 3 7 158 24 227 28 240 2 1 146 21 162 3 7 57 9 114 26 44 2 5 24 8 14 2 13 53 15 59 2 1 121 9 22 3 9 104 10 79 20 269 3 11 50 19 177 23 34 2 11 80 14 80 2 23 10 25 4 2 14 27 23 31 2 12 56 29 188 3 3 303 4 201 13 65 3 15 104 23 45 27 62 2 5 9 8 3 2 13 91 16 279 2 11 316 20 351 3 6 53 26 95 30 46 2 20 79 21 182 2 23 24 25 14 2 17 76 30 31 3 14 99 20 37 22 156 2 6 251 26 202 2 25 64 29 31 2 18 50 28 83 3 5 267 20 88 29 139 2 22 44 29 257
36 2 1 62 21 131 3 6 24 26 46 30 68 2 12 170 29 105 2 2 131 17 99 2 3 100 16 113 3 17 13 18 34 24 47 3 6 37 26 72 30 54 2 17 21 30 25 2 11 58 14 96 2 2 137 17 73 4 4 208 7 211 15 233 24 194 3 5 57 20 264 29 200 2 25 171 29 160 2 14 10 23 4 2 6 61 12 43 3 7 49 9 50 26 87 3 11 140 19 39 23 97 2 5 5 8 25 2 11 114 14 103 2 1 113 9 117 3 9 202 10 170 20 128 3 6 72 26 106 30 50 3 3 101 4 152 13 238 2 13 122 15 147 2 13 65 16 339 2 5 5 8 23 2 18 103 28 188 2 11 60 20 163 2 20 192 21 93 3 14 72 20 47 22 110 2 23 17 25 19 2 22 248 29 116 2 11 118 14 70 2 6 97 26 116 3 7 105 24 81 28 41 3 15 78 23 53 27 45
37 2 1 122 21 112 2 2 226 17 61 3 17 55 18 55 24 47 2 3 146 16 89 2 17 87 30 11 2 1 131 21 144 4 4 93 7 174 15 32 24 256 2 1 88 21 133 2 5 3 8 3 2 2 155 17 156 3 5 148 20 79 29 200 3 3 167 4 224 13 212 2 3 43 16 42 2 6 114 12 67 3 14 33 20 42 22 105 3 7 67 9 122 26 73 2 1 43 9 46 3 9 317 10 152 20 146 2 11 119 14 21 2 3 28 16 117 2 22 70 29 102 3 15 81 23 99 27 109 2 20 86 21 54 2 1 118 21 121 2 12 55 29 126 2 22 174 29 110 2 14 25 23 41 2 13 162 15 106 2 13 281 16 270 3 11 111 19 65 23 64 2 11 164 20 219 2 23 18 25 11 2 6 98 26 180 3 7 63 24 197 28 284 2 25 123 29 55 2 18 255 28 131 3 6 117 26 124 30 73
37 2 1 122 21 112 2 2 226 17 61 3 17 55 18 55 24 47 2 3 146 16 89 2 17 87 30 11 2 1 131 21 144 4 4 93 7 174 15 32 24 256 2 1 88 21 133 2 5 3 8 3 2 2 155 17 156 3 5 148 20 79 29 200 3 3 167 4 224 13 212 2 3 43 16 42 2 6 114 12 67 3 14 33 20 42 22 105 3 7 67 9 122 26 73 2 1 43 9 46 3 9 317 10 152 20 146 2 11 119 14 21 2 3 28 16 117 2 22 70 29 102 3 15 81 23 99 27 109 2 20 86 21 54 2 1 118 21 121 2 12 55 29 126 2 22 174 29 110 2 14 25 23 41 2 13 162 15 106 2 13 281 16 270 3 11 111 19 65 23 64 2 11 164 20 219 2 23 18 25 11 2 6 98 26 180 3 7 63 24 197 28 284 2 25 123 29 55 2 18 255 28 131 3 6 117 26 124 30 73
36 2 1 113 21 180 2 2 98 17 243 2 3 129 16 21 4 4 254 7 72 15 39 24 68 3 14 52 20 32 22 128 4 4 111 7 90 15 78 24 204 2 12 216 29 96 3 5 242 20 192 29 266 2 20 136 21 154 3 7 111 24 304 28 143 2 6 48 12 82 3 7 107 9 84 26 43 2 5 25 8 5 4 4 171 7 127 15 91 24 121 2 11 143 20 316 2 12 194 29 200 2 1 56 9 46 3 9 184 10 84 20 108 2 11 119 14 28 4 4 122 7 108 15 252 24 232 3 3 110 4 186 13 254 2 17 81 30 41 3 5 205 20 254 29 59 2 14 18 23 25 2 13 44 15 72 2 23 12 25 4 2 13 99 16 278 3 17 23 18 37 24 26 3 11 41 19 168 23 89 2 25 74 29 117 2 6 59 26 110 3 11 155 19 109 23 165 2 22 59 29 170 3 15 86 23 56 27 35 2 18 151 28 55 3 6 109 26 90 30 47
36 2 1 113 21 180 2 2 98 17 243 2 3 129 16 21 4 4 254 7 72 15 39 24 68 3 14 52 20 32 22 128 4 4 111 7 90 15 78 24 204 2 12 216 29 96 3 5 242 20 192 29 266 2 20 136 21 154 3 7 111 24 304 28 143 2 6 48 12 82 3 7 107 9 84 26 43 2 5 25 8 5 4 4 171 7 127 15 91 24 121 2 11 143 20 316 2 12 194 29 200 2 1 56 9 46 3 9 184 10 84 20 108 2 11 119 14 28 4 4 122 7 108 15 252 24 232 3 3 110 4 186 13 254 2 17 81 30 41 3 5 205 20 254 29 59 2 14 18 23 25 2 13 44 15 72 2 23 12 25 4 2 13 99 16 278 3 17 23 18 37 24 26 3 11 41 19 168 23 89 2 25 74 29 117 2 6 59 26 110 3 11 155 19 109 23 165 2 22 59 29 170 3 15 86 23 56 27 35 2 18 151 28 55 3 6 109 26 90 30 47
33 2 1 176 21 29 2 2 195 17 227 2 3 102 16 84 3 7 51 9 99 26 133 2 13 144 15 72 3 7 84 9 92 26 81 2 1 124 9 118 4 4 122 7 138 15 89 24 142 2 25 168 29 105 3 5 47 20 183 29 120 2 20 72 21 41 2 13 128 16 297 2 6 49 12 57 2 5 23 8 19 2 6 95 12 40 2 11 134 20 119 3 9 201 10 171 20 150 3 11 180 19 181 23 44 2 14 33 23 6 3 6 36 26 27 30 79 3 3 197 4 140 13 68 2 22 134 29 79 2 11 76 14 21 2 12 91 29 75 2 17 19 30 25 3 14 111 20 91 22 126 3 11 115 19 59 23 140 2 6 99 26 53 3 17 57 18 38 24 28 2 23 13 25 24 2 18 181 28 122 3 7 89 24 201 28 173 3 15 80 23 20 27 29
36 2 1 117 21 161 2 2 159 17 275 2 22 82 29 183 2 3 21 16 52 2 11 197 20 163 4 4 248 7 121 15 256 24 224 3 5 248 20 228 29 53 2 6 25 12 68 3 7 40 9 98 26 49 2 23 8 25 12 2 5 3 8 10 3 7 135 9 17 26 37 2 20 122 21 80 2 1 50 9 66 3 5 190 20 280 29 68 2 18 298 28 126 3 9 299 10 250 20 262 2 11 127 14 69 2 20 29 21 73 2 12 151 29 209 2 25 137 29 31 3 3 113 4 107 13 194 2 14 18 23 22 3 11 44 19 160 23 25 2 11 143 14 74 2 13 116 15 73 2 13 160 16 288 2 11 327 20 348 2 17 58 30 17 2 13 75 15 138 3 14 44 20 139 22 21 3 17 9 18 24 24 18 3 7 78 24 204 28 204 2 6 87 26 45 3 6 24 26 116 30 44 3 15 118 23 52 27 80
32 2 1 164 21 143 2 2 98 17 219 2 3 98 16 39 4 4 89 7 115 15 248 24 61 2 3 100 16 67 3 9 275 10 265 20 280 3 5 122 20 124 29 74 2 6 43 12 84 2 23 17 25 15 3 7 135 9 132 26 121 3 3 193 4 241 13 89 2 11 311 20 175 2 11 109 14 100 2 5 17 8 8 2 1 16 9 38 2 12 32 29 27 2 14 21 23 9 2 13 59 15 130 2 13 48 16 52 2 17 53 30 10 3 17 11 18 51 24 23 3 6 92 26 123 30 107 3 9 88 10 154 20 277 3 11 105 19 39 23 61 2 20 183 21 125 3 14 80 20 57 22 42 3 7 85 24 275 28 217 2 25 147 29 83 2 6 249 26 59 2 22 117 29 100 3 15 94 23 95 27 64 2 18 238 28 104
33 2 1 124 21 180 2 2 186 17 125 2 3 31 16 76 3 7 71 9 71 26 72 2 13 149 15 77 3 7 61 9 116 26 26 2 1 32 9 85 4 4 55 7 115 15 181 24 194 2 25 160 29 196 3 5 68 20 167 29 268 2 20 126 21 62 2 13 190 16 329 2 6 66 12 91 2 5 5 8 9 2 6 85 12 62 2 11 171 20 343 3 9 80 10 281 20 283 3 11 79 19 98 23 163 2 14 35 23 32 3 6 107 26 26 30 73 3 3 286 4 238 13 86 2 22 118 29 197 2 11 53 14 45 2 12 158 29 102 2 17 82 30 62 3 14 77 20 72 22 121 3 11 73 19 78 23 28 2 6 185 26 202 3 17 11 18 39 24 42 2 23 19 25 24 2 18 233 28 43 3 7 49 24 53 28 73 3 15 65 23 24 27 77
35 2 5 16 8 6 2 1 105 21 52 2 2 202 17 67 2 5 25 8 8 3 9 72 10 133 20 316 2 1 96 21 133 2 11 29 14 108 2 20 159 21 114 2 3 125 16 50 4 4 191 7 184 15 205 24 163 3 17 20 18 40 24 48 3 5 53 20 186 29 186 2 6 102 12 118 2 11 54 14 67 3 7 48 9 90 26 76 2 1 118 9 47 2 12 173 29 55 3 3 43 4 72 13 184 3 11 165 19 89 23 80 2 14 4 23 28 2 13 93 15 152 2 13 345 16 85 2 17 87 30 48 2 11 200 20 167 3 14 128 20 128 22 65 3 9 195 10 245 20 74 2 23 4 25 16 3 7 87 24 187 28 263 2 25 25 29 118 2 18 118 28 40 2 25 126 29 192 3 6 130 26 54 30 88 2 6 233 26 39 2 22 48 29 56 3 15 97 23 88 27 36
35 2 5 16 8 6 2 1 105 21 52 2 2 202 17 67 2 5 25 8 8 3 9 72 10 133 20 316 2 1 96 21 133 2 11 29 14 108 2 20 159 21 114 2 3 125 16 50 4 4 191 7 184 15 205 24 163 3 17 20 18 40 24 48 3 5 53 20 186 29 186 2 6 102 12 118 2 11 54 14 67 3 7 48 9 90 26 76 2 1 118 9 47 2 12 173 29 55 3 3 43 4 72 13 184 3 11 165 19 89 23 80 2 14 4 23 28 2 13 93 15 152 2 13 345 16 85 2 17 87 30 48 2 11 200 20 167 3 14 128 20 128 22 65 3 9 195 10 245 20 74 2 23 4 25 16 3 7 87 24 187 28 263 2 25 25 29 118 2 18 118 28 40 2 25 126 29 192 3 6 130 26 54 30 88 2 6 233 26 39 2 22 48 29 56 3 15 97 23 88 27 36
35 2 5 16 8 6 2 1 105 21 52 2 2 202 17 67 2 5 25 8 8 3 9 72 10 133 20 316 2 1 96 21 133 2 11 29 14 108 2 20 159 21 114 2 3 125 16 50 4 4 191 7 184 15 205 24 163 3 17 20 18 40 24 48 3 5 53 20 186 29 186 2 6 102 12 118 2 11 54 14 67 3 7 48 9 90 26 76 2 1 118 9 47 2 12 173 29 55 3 3 43 4 72 13 184 3 11 165 19 89 23 80 2 14 4 23 28 2 13 93 15 152 2 13 345 16 85 2 17 87 30 48 2 11 200 20 167 3 14 128 20 128 22 65 3 9 195 10 245 20 74 2 23 4 25 16 3 7 87 24 187 28 263 2 25 25 29 118 2 18 118 28 40 2 25 126 29 192 3 6 130 26 54 30 88 2 6 233 26 39 2 22 48 29 56 3 15 97 23 88 27 36
36 2 1 161 21 140 2 2 110 17 67 2 1 38 21 26 2 13 131 15 138 3 7 277 24 192 28 142 2 3 142 16 145 4 4 205 7 181 15 202 24 238 2 1 175 21 163 3 9 236 10 259 20 189 3 5 283 20 46 29 78 2 6 107 12 79 3 7 81 9 45 26 82 3 9 44 10 170 20 226 2 5 7 8 5 2 1 127 9 18 2 11 145 14 70 3 14 29 20 102 22 39 2 12 51 29 136 3 5 118 20 77 29 246 3 3 196 4 59 13 96 2 14 27 23 38 3 11 181 19 103 23 23 2 23 11 25 7 2 13 332 16 351 2 1 95 9 73 2 17 15 30 41 3 17 17 18 8 24 42 2 11 315 20 328 2 20 58 21 107 2 25 64 29 176 2 6 173 26 86 2 1 44 21 84 3 15 125 23 52 27 40 2 18 154 28 320 2 22 163 29 168 3 6 21 26 118 30 31
36 2 1 161 21 140 2 2 110 17 67 2 1 38 21 26 2 13 131 15 138 3 7 277 24 192 28 142 2 3 142 16 145 4 4 205 7 181 15 202 24 238 2 1 175 21 163 3 9 236 10 259 20 189 3 5 283 20 46 29 78 2 6 107 12 79 3 7 81 9 45 26 82 3 9 44 10 170 20 226 2 5 7 8 5 2 1 127 9 18 2 11 145 14 70 3 14 29 20 102 22 39 2 12 51 29 136 3 5 118 20 77 29 246 3 3 196 4 59 13 96 2 14 27 23 38 3 11 181 19 103 23 23 2 23 11 25 7 2 13 332 16 351 2 1 95 9 73 2 17 15 30 41 3 17 17 18 8 24 42 2 11 315 20 328 2 20 58 21 107 2 25 64 29 176 2 6 173 26 86 2 1 44 21 84 3 15 125 23 52 27 40 2 18 154 28 320 2 22 163 29 168 3 6 21 26 118 30 31
36 2 1 161 21 140 2 2 110 17 67 2 1 38 21 26 2 13 131 15 138 3 7 277 24 192 28 142 2 3 142 16 145 4 4 205 7 181 15 202 24 238 2 1 175 21 163 3 9 236 10 259 20 189 3 5 283 20 46 29 78 2 6 107 12 79 3 7 81 9 45 26 82 3 9 44 10 170 20 226 2 5 7 8 5 2 1 127 9 18 2 11 145 14 70 3 14 29 20 102 22 39 2 12 51 29 136 3 5 118 20 77 29 246 3 3 196 4 59 13 96 2 14 27 23 38 3 11 181 19 103 23 23 2 23 11 25 7 2 13 332 16 351 2 1 95 9 73 2 17 15 30 41 3 17 17 18 8 24 42 2 11 315 20 328 2 20 58 21 107 2 25 64 29 176 2 6 173 26 86 2 1 44 21 84 3 15 125 23 52 27 40 2 18 154 28 320 2 22 163 29 168 3 6 21 26 118 30 31
39 3 17 8 18 15 24 19 3 11 57 19 50 23 87 2 1 60 21 96 3 17 46 18 40 24 11 2 13 147 16 287 2 17 70 30 59 2 13 234 16 237 4 4 41 7 107 15 67 24 54 3 11 97 19 62 23 140 2 18 150 28 82 2 2 117 17 159 2 3 55 16 123 2 13 325 16 205 3 5 163 20 107 29 223 2 6 76 12 70 3 7 36 9 64 26 40 2 5 10 8 3 3 17 34 18 56 24 8 3 9 232 10 99 20 290 2 3 124 16 93 2 1 22 9 68 2 11 107 14 106 2 13 25 15 145 2 12 83 29 233 3 3 97 4 99 13 263 2 14 21 23 26 3 11 91 19 29 23 36 2 20 75 21 111 2 11 288 20 124 3 6 93 26 40 30 49 3 14 154 20 41 22 150 2 25 181 29 175 2 23 2 25 20 3 7 85 24 236 28 66 3 15 108 23 123 27 71 2 12 225 29 159 2 22 96 29 98 3 3 78 4 151 13 85 2 6 153 26 139
38 3 5 268 20 98 29 283 2 23 11 25 19 3 9 118 10 147 20 243 3 5 65 20 204 29 259 2 1 137 21 60 3 7 83 9 35 26 88 2 2 230 17 172 3 9 43 10 66 20 50 2 3 100 16 20 3 11 111 19 130 23 43 3 7 74 9 82 26 128 2 12 26 29 219 2 2 87 17 214 4 4 120 7 37 15 226 24 95 2 6 106 12 98 2 5 16 8 3 2 1 76 9 105 2 11 43 14 145 3 3 223 4 230 13 227 2 14 6 23 8 2 23 13 25 11 2 13 45 15 104 2 14 33 23 21 2 13 204 16 327 2 17 40 30 78 3 17 37 18 55 24 37 2 1 180 21 94 3 15 65 23 31 27 49 2 11 335 20 208 2 20 64 21 66 3 14 103 20 130 22 54 2 22 189 29 73 3 7 151 24 103 28 277 2 17 82 30 28 2 25 53 29 174 3 6 109 26 81 30 24 2 6 46 26 125 2 18 304 28 301
36 2 1 185 21 198 2 2 99 17 121 2 1 24 21 50 2 13 144 15 89 3 7 47 24 50 28 281 2 3 138 16 126 4 4 186 7 190 15 222 24 198 2 1 36 21 130 3 9 139 10 149 20 261 3 5 209 20 77 29 123 2 6 93 12 43 3 7 33 9 83 26 19 3 9 310 10 271 20 184 2 5 13 8 14 2 1 53 9 23 2 11 98 14 77 3 14 149 20 122 22 40 2 12 144 29 96 3 5 230 20 101 29 150 3 3 259 4 57 13 301 2 14 36 23 27 3 11 146 19 104 23 142 2 23 14 25 17 2 13 242 16 323 2 1 41 9 58 2 17 49 30 50 3 17 48 18 37 24 23 2 11 123 20 208 2 20 174 21 119 2 25 97 29 68 2 6 185 26 249 2 1 121 21 70 3 15 111 23 91 27 19 2 18 109 28 328 2 22 204 29 182 3 6 24 26 122 30 42
35 3 14 75 20 94 22 113 3 5 145 20 34 29 276 2 1 193 21 34 2 2 138 17 230 3 14 88 20 94 22 125 2 3 112 16 134 3 5 284 20 282 29 248 2 18 122 28 255 4 4 29 7 184 15 242 24 181 2 13 69 15 64 2 6 78 12 42 3 7 117 9 124 26 119 2 13 89 15 47 2 11 319 20 313 2 17 13 30 13 3 15 121 23 36 27 66 2 3 51 16 94 2 5 19 8 20 2 14 35 23 5 2 1 108 9 48 3 9 123 10 258 20 61 2 11 60 14 106 3 17 55 18 30 24 17 2 12 43 29 208 3 3 79 4 181 13 66 2 11 190 20 338 2 22 90 29 175 2 13 151 16 171 3 6 25 26 118 30 88 3 7 133 24 77 28 123 3 11 78 19 175 23 77 2 6 175 26 44 2 20 138 21 52 2 23 11 25 14 2 25 81 29 125
35 3 14 75 20 94 22 113 3 5 145 20 34 29 276 2 1 193 21 34 2 2 138 17 230 3 14 88 20 94 22 125 2 3 112 16 134 3 5 284 20 282 29 248 2 18 122 28 255 4 4 29 7 184 15 242 24 181 2 13 69 15 64 2 6 78 12 42 3 7 117 9 124 26 119 2 13 89 15 47 2 11 319 20 313 2 17 13 30 13 3 15 121 23 36 27 66 2 3 51 16 94 2 5 19 8 20 2 14 35 23 5 2 1 108 9 48 3 9 123 10 258 20 61 2 11 60 14 106 3 17 55 18 30 24 17 2 12 43 29 208 3 3 79 4 181 13 66 2 11 190 20 338 2 22 90 29 175 2 13 151 16 171 3 6 25 26 118 30 88 3 7 133 24 77 28 123 3 11 78 19 175 23 77 2 6 175 26 44 2 20 138 21 52 2 23 11 25 14 2 25 81 29 125
37 2 17 59 30 49 2 5 23 8 20 2 1 54 21 35 2 2 243 17 180 2 3 44 16 67 2 23 10 25 23 4 4 250 7 209 15 121 24 29 3 5 196 20 131 29 255 2 1 17 9 44 3 3 45 4 131 13 221 2 6 63 12 55 4 4 39 7 132 15 206 24 233 3 7 86 9 24 26 131 3 9 257 10 175 20 168 2 18 277 28 276 2 11 147 14 138 2 12 160 29 63 2 14 28 23 40 2 13 24 15 101 2 12 220 29 218 2 13 44 16 138 3 15 69 23 54 27 122 3 9 44 10 253 20 225 2 25 149 29 183 3 14 45 20 131 22 142 2 6 113 26 198 2 14 34 23 21 3 17 36 18 12 24 8 2 2 92 17 150 3 11 128 19 46 23 34 2 12 227 29 198 2 11 345 20 208 2 20 82 21 51 3 7 39 24 42 28 231 2 22 33 29 179 2 1 94 21 63 3 6 67 26 72 30 75
40 2 1 173 21 74 2 2 273 17 266 2 13 149 15 62 2 20 46 21 170 2 3 141 16 84 3 15 49 23 56 27 126 4 4 53 7 143 15 53 24 30 2 25 58 29 48 3 14 22 20 70 22 136 3 5 174 20 276 29 48 2 13 53 15 86 2 5 17 8 14 2 6 22 12 18 3 7 84 9 70 26 104 2 13 163 15 160 2 1 57 9 21 2 13 163 15 144 2 6 259 26 227 3 9 213 10 249 20 153 2 6 99 26 79 3 11 91 19 63 23 98 3 9 164 10 182 20 266 2 11 125 14 30 2 12 54 29 88 3 3 287 4 91 13 257 2 14 4 23 8 2 13 85 16 271 2 17 77 30 80 3 15 41 23 103 27 97 3 17 7 18 23 24 44 3 14 128 20 144 22 138 3 6 66 26 88 30 49 2 18 113 28 303 3 3 71 4 262 13 286 2 22 175 29 89 2 11 184 20 197 3 5 283 20 99 29 58 3 7 267 24 111 28 53 2 5 3 8 18 2 23 20 25 22
40 2 1 56 21 192 2 2 115 17 111 2 13 70 15 30 2 20 142 21 104 2 3 92 16 127 3 15 103 23 126 27 15 4 4 136 7 39 15 71 24 89 2 25 139 29 128 3 14 69 20 140 22 19 3 5 176 20 192 29 147 2 13 74 15 105 2 5 6 8 7 2 6 75 12 112 3 7 31 9 121 26 87 2 13 152 15 54 2 1 124 9 96 2 13 169 15 132 2 6 155 26 204 3 9 299 10 147 20 133 2 6 241 26 263 3 11 55 19 38 23 101 3 9 267 10 57 20 224 2 11 18 14 88 2 12 236 29 178 3 3 54 4 101 13 97 2 14 22 23 24 2 13 77 16 95 2 17 72 30 66 3 15 79 23 69 27 30 3 17 40 18 44 24 23 3 14 35 20 68 22 124 3 6 83 26 93 30 97 2 18 273 28 139 3 3 159 4 102 13 252 2 22 96 29 242 2 11 85 20 204 3 5 166 20 74 29 165 3 7 291 24 193 28 268 2 5 6 8 5 2 23 15 25 18
36 2 1 174 21 111 2 2 38 17 196 2 3 60 16 109 4 4 120 7 188 15 176 24 132 3 14 144 20 44 22 43 4 4 255 7 77 15 232 24 33 2 12 118 29 44 3 5 103 20 230 29 258 2 20 121 21 149 3 7 194 24 86 28 247 2 6 42 12 76 3 7 132 9 101 26 113 2 5 19 8 12 4 4 64 7 132 15 211 24 148 2 11 142 20 84 2 12 199 29 96 2 1 36 9 51 3 9 221 10 188 20 247 2 11 78 14 77 4 4 118 7 212 15 127 24 64 3 3 63 4 128 13 270 2 17 59 30 71 3 5 138 20 285 29 125 2 14 36 23 5 2 13 72 15 122 2 23 18 25 20 2 13 341 16 347 3 17 51 18 42 24 31 3 11 93 19 97 23 138 2 25 161 29 84 2 6 144 26 106 3 11 151 19 124 23 33 2 22 150 29 126 3 15 118 23 127 27 122 2 18 42 28 124 3 6 47 26 22 30 31
36 2 1 105 21 184 2 2 281 17 33 2 3 88 16 111 4 4 181 7 148 15 96 24 30 3 14 98 20 128 22 61 4 4 44 7 220 15 57 24 250 2 12 220 29 174 3 5 266 20 238 29 39 2 20 177 21 101 3 7 73 24 228 28 74 2 6 77 12 77 3 7 22 9 107 26 51 2 5 21 8 5 4 4 60 7 249 15 216 24 222 2 11 120 20 140 2 12 44 29 83 2 1 116 9 31 3 9 156 10 308 20 310 2 11 91 14 115 4 4 169 7 54 15 162 24 205 3 3 62 4 152 13 213 2 17 82 30 51 3 5 41 20 235 29 283 2 14 20 23 20 2 13 73 15 87 2 23 4 25 9 2 13 257 16 230 3 17 32 18 57 24 38 3 11 156 19 77 23 41 2 25 147 29 131 2 6 59 26 68 3 11 25 19 140 23 83 2 22 247 29 82 3 15 60 23 90 27 113 2 18 106 28 346 3 6 89 26 112 30 32
36 2 1 131 21 104 2 2 42 17 110 2 22 239 29 138 2 3 65 16 118 2 11 150 20 249 4 4 205 7 88 15 34 24 160 3 5 151 20 217 29 71 2 6 18 12 19 3 7 86 9 46 26 121 2 23 9 25 22 2 5 13 8 7 3 7 18 9 47 26 126 2 20 24 21 43 2 1 88 9 60 3 5 261 20 183 29 43 2 18 102 28 239 3 9 64 10 293 20 323 2 11 54 14 119 2 20 46 21 192 2 12 174 29 41 2 25 155 29 155 3 3 300 4 290 13 166 2 14 30 23 24 3 11 77 19 49 23 150 2 11 116 14 55 2 13 143 15 83 2 13 235 16 55 2 11 115 20 223 2 17 58 30 58 2 13 76 15 79 3 14 155 20 80 22 35 3 17 19 18 11 24 6 3 7 197 24 290 28 278 2 6 91 26 38 3 6 63 26 58 30 75 3 15 68 23 28 27 107
39 3 17 16 18 7 24 17 3 11 63 19 161 23 73 2 1 201 21 95 3 17 52 18 28 24 20 2 13 176 16 135 2 17 59 30 14 2 13 274 16 117 4 4 185 7 119 15 226 24 112 3 11 148 19 149 23 145 2 18 244 28 323 2 2 82 17 209 2 3 48 16 45 2 13 75 16 329 3 5 270 20 98 29 198 2 6 31 12 35 3 7 132 9 107 26 117 2 5 25 8 23 3 17 41 18 16 24 15 3 9 307 10 199 20 279 2 3 140 16 96 2 1 57 9 30 2 11 81 14 97 2 13 69 15 41 2 12 33 29 75 3 3 71 4 186 13 294 2 14 25 23 17 3 11 83 19 174 23 22 2 20 136 21 26 2 11 333 20 105 3 6 21 26 108 30 51 3 14 21 20 27 22 58 2 25 191 29 167 2 23 8 25 23 3 7 100 24 103 28 80 3 15 49 23 15 27 126 2 12 40 29 37 2 22 222 29 140 3 3 226 4 163 13 293 2 6 168 26 134
37 2 17 61 30 61 2 5 24 8 5 2 1 80 21 44 2 2 64 17 238 2 3 131 16 149 2 23 19 25 2 4 4 86 7 111 15 100 24 235 3 5 81 20 138 29 136 2 1 96 9 89 3 3 196 4 160 13 119 2 6 44 12 110 4 4 224 7 182 15 70 24 241 3 7 142 9 113 26 131 3 9 232 10 287 20 242 2 18 193 28 177 2 11 34 14 119 2 12 156 29 189 2 14 18 23 20 2 13 172 15 167 2 12 61 29 47 2 13 182 16 243 3 15 27 23 127 27 14 3 9 146 10 173 20 312 2 25 74 29 119 3 14 32 20 45 22 117 2 6 78 26 200 2 14 19 23 21 3 17 26 18 11 24 55 2 2 152 17 60 3 11 145 19 78 23 42 2 12 147 29 63 2 11 111 20 66 2 20 49 21 164 3 7 43 24 44 28 76 2 22 160 29 85 2 1 143 21 73 3 6 100 26 40 30 101
33 2 1 177 21 58 2 2 177 17 133 2 3 73 16 125 4 4 207 7 85 15 192 24 63 3 9 201 10 158 20 192 2 1 27 9 87 3 5 104 20 243 29 176 2 6 56 12 71 3 17 28 18 55 24 58 3 7 143 9 111 26 79 2 5 5 8 15 2 11 150 14 71 2 12 141 29 32 3 3 245 4 91 13 91 3 7 139 24 59 28 75 2 3 144 16 95 2 14 22 23 17 2 13 61 15 43 3 7 76 9 62 26 30 2 23 5 25 16 2 13 342 16 138 2 17 20 30 28 2 25 157 29 100 3 11 43 19 69 23 100 2 6 248 26 274 3 14 38 20 77 22 139 3 15 126 23 30 27 115 2 11 73 20 231 2 20 45 21 32 2 22 225 29 184 2 13 154 15 85 2 18 148 28 246 3 6 77 26 45 30 108
DUE_DATES: 6249 7171 7171 6084 7198 7198 6372 5688 5688 6718 6718 6718 6577 6577 5903 6769 6769 6355 6355 6355 6553 6045 6924 6924 6881 6881 5426 6985 5734 6130 6054 6054 6054 7246 7246 7246 7086 7134 7231 6736 6736 7088 7673 7555 7011 7174 6519 7330 6696 5990
WEIGHTS: 3 2 3 3 2 2 2 1 2 3 1 2 3 2 1 1 2 2 1 3 1 1 2 2 2 3 3 3 3 1 3 3 3 2 1 2 3 2 1 3 3 3 3 3 2 1 2 1 1 2
