50 30
37 3 1 116 17 144 26 74 2 2 92 15 36 2 3 124 16 78 2 4 73 29 69 2 4 97 18 65 2 3 167 16 143 2 5 130 12 132 2 4 41 29 117 4 7 94 20 65 23 86 29 129 3 5 40 6 51 14 116 2 7 228 22 218 2 9 25 12 82 2 8 9 12 5 2 9 24 22 109 3 3 21 10 18 11 16 3 4 182 18 313 30 224 2 3 230 11 226 3 17 60 21 89 27 85 3 3 131 14 58 21 125 3 5 139 6 128 14 99 3 11 81 15 79 18 22 2 8 8 12 10 3 19 167 25 28 28 185 3 1 66 17 83 26 108 3 10 113 13 51 30 204 3 2 35 16 30 19 48 3 11 170 15 189 18 88 3 4 132 7 224 17 52 1 21 97 3 17 75 21 17 27 84 3 17 67 22 53 23 33 3 5 149 19 134 23 244 3 22 49 28 151 29 59 3 8 177 10 69 24 63 2 25 72 29 114 2 2 185 26 49 2 26 68 28 23
36 3 1 155 17 130 26 119 2 2 183 15 210 2 9 35 12 84 2 3 95 16 146 2 4 116 29 53 2 5 134 12 145 2 4 116 29 59 3 5 45 6 41 14 165 3 1 155 17 155 26 91 2 7 62 22 294 2 25 213 29 50 2 8 10 12 4 2 5 63 12 82 2 2 36 26 144 2 9 68 22 87 3 10 133 13 30 30 55 3 5 291 19 78 23 289 3 3 27 10 6 11 33 3 1 54 17 155 26 21 3 4 109 18 58 30 339 2 3 134 11 182 3 3 113 14 79 21 110 4 7 42 20 72 23 25 29 56 3 11 38 15 93 18 165 3 2 43 16 30 19 12 3 4 100 7 38 17 36 3 8 91 10 66 24 101 2 4 62 18 111 3 22 55 28 168 29 72 2 26 79 28 11 3 19 71 25 153 28 164 2 4 72 18 39 1 21 102 3 17 84 22 40 23 40 2 4 95 29 36 3 17 29 21 56 27 75
36 3 1 155 17 130 26 119 2 2 183 15 210 2 9 35 12 84 2 3 95 16 146 2 4 116 29 53 2 5 134 12 145 2 4 116 29 59 3 5 45 6 41 14 165 3 1 155 17 155 26 91 2 7 62 22 294 2 25 213 29 50 2 8 10 12 4 2 5 63 12 82 2 2 36 26 144 2 9 68 22 87 3 10 133 13 30 30 55 3 5 291 19 78 23 289 3 3 27 10 6 11 33 3 1 54 17 155 26 21 3 4 109 18 58 30 339 2 3 134 11 182 3 3 113 14 79 21 110 4 7 42 20 72 23 25 29 56 3 11 38 15 93 18 165 3 2 43 16 30 19 12 3 4 100 7 38 17 36 3 8 91 10 66 24 101 2 4 62 18 111 3 22 55 28 168 29 72 2 26 79 28 11 3 19 71 25 153 28 164 2 4 72 18 39 1 21 102 3 17 84 22 40 23 40 2 4 95 29 36 3 17 29 21 56 27 75
40 3 1 34 17 150 26 131 3 3 31 14 20 21 131 3 1 72 17 76 26 74 2 2 111 15 228 2 3 67 16 172 3 3 107 14 111 21 120 2 26 52 28 45 2 4 151 29 56 2 5 119 12 171 2 3 123 16 171 3 5 131 6 59 14 127 2 7 267 22 168 2 3 81 16 162 2 8 5 12 6 2 9 113 22 42 3 3 14 10 12 11 22 2 3 162 11 277 2 9 67 12 89 2 26 62 28 10 3 22 95 28 132 29 48 3 10 156 13 121 30 103 3 11 141 15 111 18 94 3 2 13 16 43 19 13 2 5 85 12 70 3 4 54 7 164 17 219 2 4 95 18 117 2 2 183 26 40 3 5 106 19 46 23 159 3 4 67 7 182 17 47 3 19 145 25 77 28 69 2 9 100 22 79 4 7 77 20 51 23 71 29 105 3 5 298 19 90 23 312 1 21 21 4 7 70 20 133 23 120 29 102 3 17 59 22 34 23 85 3 4 180 18 129 30 213 3 17 67 21 23 27 76 3 8 123 10 324 24 319 2 25 46 29 40
36 2 26 37 28 40 3 1 39 17 72 26 88 2 2 177 15 183 2 3 72 16 125 2 2 106 26 45 2 4 50 29 81 2 2 104 26 157 2 5 129 12 85 3 17 39 22 26 23 65 3 10 60 13 89 30 41 3 2 42 16 44 19 12 3 5 166 6 153 14 73 2 5 100 12 55 2 7 77 22 113 2 2 111 15 234 2 8 3 12 6 1 21 33 3 4 79 7 144 17 51 2 3 99 16 71 2 3 231 11 214 2 9 36 22 47 3 3 32 10 12 11 22 2 9 170 12 174 3 4 124 7 215 17 128 3 3 73 14 60 21 122 3 11 106 15 40 18 188 2 4 79 18 32 3 19 184 25 132 28 139 3 8 267 10 293 24 111 2 9 18 22 64 4 7 66 20 68 23 82 29 137 3 17 55 21 73 27 82 3 5 192 19 122 23 278 3 4 107 18 38 30 323 2 25 187 29 162 3 22 153 28 122 29 21
36 2 26 37 28 40 3 1 39 17 72 26 88 2 2 177 15 183 2 3 72 16 125 2 2 106 26 45 2 4 50 29 81 2 2 104 26 157 2 5 129 12 85 3 17 39 22 26 23 65 3 10 60 13 89 30 41 3 2 42 16 44 19 12 3 5 166 6 153 14 73 2 5 100 12 55 2 7 77 22 113 2 2 111 15 234 2 8 3 12 6 1 21 33 3 4 79 7 144 17 51 2 3 99 16 71 2 3 231 11 214 2 9 36 22 47 3 3 32 10 12 11 22 2 9 170 12 174 3 4 124 7 215 17 128 3 3 73 14 60 21 122 3 11 106 15 40 18 188 2 4 79 18 32 3 19 184 25 132 28 139 3 8 267 10 293 24 111 2 9 18 22 64 4 7 66 20 68 23 82 29 137 3 17 55 21 73 27 82 3 5 192 19 122 23 278 3 4 107 18 38 30 323 2 25 187 29 162 3 22 153 28 122 29 21
36 2 26 37 28 40 3 1 39 17 72 26 88 2 2 177 15 183 2 3 72 16 125 2 2 106 26 45 2 4 50 29 81 2 2 104 26 157 2 5 129 12 85 3 17 39 22 26 23 65 3 10 60 13 89 30 41 3 2 42 16 44 19 12 3 5 166 6 153 14 73 2 5 100 12 55 2 7 77 22 113 2 2 111 15 234 2 8 3 12 6 1 21 33 3 4 79 7 144 17 51 2 3 99 16 71 2 3 231 11 214 2 9 36 22 47 3 3 32 10 12 11 22 2 9 170 12 174 3 4 124 7 215 17 128 3 3 73 14 60 21 122 3 11 106 15 40 18 188 2 4 79 18 32 3 19 184 25 132 28 139 3 8 267 10 293 24 111 2 9 18 22 64 4 7 66 20 68 23 82 29 137 3 17 55 21 73 27 82 3 5 192 19 122 23 278 3 4 107 18 38 30 323 2 25 187 29 162 3 22 153 28 122 29 21
40 3 1 120 17 138 26 132 2 26 63 28 62 1 21 102 2 2 63 15 234 2 3 154 16 73 2 4 167 29 100 1 21 67 4 7 117 20 17 23 109 29 37 2 5 135 12 86 4 7 72 20 60 23 124 29 77 3 5 23 6 60 14 26 3 1 137 17 47 26 19 2 3 138 11 200 2 7 103 22 110 2 2 62 15 206 3 2 18 16 23 19 26 2 8 3 12 2 2 7 250 22 172 2 9 107 22 120 3 3 134 14 76 21 19 3 3 33 10 13 11 13 2 3 174 16 155 2 4 97 18 32 3 17 72 21 48 27 74 3 10 64 13 194 30 106 2 9 26 12 25 3 11 118 15 66 18 105 3 10 217 13 166 30 130 3 22 162 28 157 29 59 3 4 81 7 153 17 99 2 9 195 12 55 3 8 267 10 184 24 275 2 5 42 12 91 3 19 29 25 145 28 218 3 2 23 16 35 19 8 3 17 46 22 82 23 73 3 5 61 19 176 23 186 2 25 198 29 211 2 2 121 26 57 3 4 235 18 43 30 105
35 3 1 140 17 148 26 75 2 2 133 15 66 2 3 30 16 64 3 1 160 17 55 26 40 3 11 172 15 47 18 141 2 4 72 29 61 2 9 116 22 84 2 5 87 12 43 3 5 165 6 116 14 79 2 7 274 22 144 2 8 7 12 7 3 3 11 10 20 11 32 2 3 280 11 281 2 9 23 22 45 2 4 60 18 46 2 3 247 11 118 3 19 209 25 28 28 140 3 2 47 16 7 19 38 2 9 85 12 134 3 10 185 13 254 30 124 3 3 133 14 77 21 127 3 4 38 7 64 17 123 4 7 69 20 62 23 75 29 36 1 21 52 3 17 99 22 37 23 49 3 5 278 19 221 23 295 3 8 165 10 321 24 227 2 25 95 29 26 3 8 83 10 187 24 210 2 2 88 26 167 3 17 30 21 72 27 78 2 26 53 28 67 3 5 24 6 144 14 46 3 4 286 18 82 30 93 3 22 51 28 132 29 95
35 3 1 140 17 148 26 75 2 2 133 15 66 2 3 30 16 64 3 1 160 17 55 26 40 3 11 172 15 47 18 141 2 4 72 29 61 2 9 116 22 84 2 5 87 12 43 3 5 165 6 116 14 79 2 7 274 22 144 2 8 7 12 7 3 3 11 10 20 11 32 2 3 280 11 281 2 9 23 22 45 2 4 60 18 46 2 3 247 11 118 3 19 209 25 28 28 140 3 2 47 16 7 19 38 2 9 85 12 134 3 10 185 13 254 30 124 3 3 133 14 77 21 127 3 4 38 7 64 17 123 4 7 69 20 62 23 75 29 36 1 21 52 3 17 99 22 37 23 49 3 5 278 19 221 23 295 3 8 165 10 321 24 227 2 25 95 29 26 3 8 83 10 187 24 210 2 2 88 26 167 3 17 30 21 72 27 78 2 26 53 28 67 3 5 24 6 144 14 46 3 4 286 18 82 30 93 3 22 51 28 132 29 95
40 3 1 29 17 110 26 74 3 3 29 14 114 21 74 3 1 155 17 44 26 101 2 2 61 15 127 2 3 79 16 63 3 3 126 14 20 21 31 2 26 72 28 77 2 4 62 29 140 2 5 39 12 168 2 3 152 16 138 3 5 83 6 169 14 23 2 7 89 22 204 2 3 111 16 91 2 8 2 12 6 2 9 48 22 110 3 3 24 10 23 11 13 2 3 240 11 249 2 9 65 12 188 2 26 42 28 21 3 22 83 28 40 29 134 3 10 193 13 184 30 75 3 11 182 15 109 18 115 3 2 11 16 47 19 9 2 5 92 12 146 3 4 45 7 113 17 191 2 4 86 18 72 2 2 43 26 185 3 5 235 19 278 23 131 3 4 101 7 92 17 70 3 19 57 25 38 28 219 2 9 40 22 113 4 7 132 20 121 23 100 29 16 3 5 181 19 299 23 191 1 21 95 4 7 37 20 52 23 30 29 81 3 17 14 22 66 23 28 3 4 294 18 138 30 230 3 17 82 21 62 27 15 3 8 195 10 51 24 54 2 25 120 29 97
33 3 1 116 17 167 26 110 3 5 71 6 121 14 122 3 4 46 18 199 30 285 2 2 111 15 131 3 8 317 10 249 24 294 2 3 155 16 28 2 4 96 29 154 2 2 107 15 97 2 5 60 12 102 2 3 143 16 170 2 7 149 22 243 2 8 4 12 6 2 9 46 22 116 3 3 23 10 22 11 11 2 26 17 28 29 2 3 177 11 269 2 9 81 12 34 3 10 264 13 179 30 83 3 3 125 14 113 21 72 3 11 180 15 159 18 164 3 2 47 16 29 19 15 3 22 50 28 116 29 108 3 5 105 6 156 14 102 3 17 11 21 15 27 11 3 5 115 19 81 23 105 2 4 59 18 123 3 4 52 7 44 17 162 3 19 143 25 196 28 133 4 7 25 20 97 23 103 29 114 1 21 19 2 25 190 29 63 3 17 99 22 101 23 97 2 2 22 26 181
38 2 4 135 29 141 2 26 44 28 42 2 2 29 26 106 2 26 11 28 55 2 25 177 29 93 2 26 26 28 59 3 1 102 17 68 26 100 2 2 76 26 35 2 2 233 15 33 3 17 48 21 10 27 55 2 3 64 16 164 1 21 19 2 5 170 12 119 2 26 65 28 75 3 17 82 22 47 23 54 3 5 109 6 86 14 43 2 5 47 12 143 2 7 136 22 179 2 8 4 12 8 2 2 91 26 154 2 9 19 22 34 2 3 71 11 77 3 8 158 10 305 24 141 2 3 40 11 237 3 3 16 10 33 11 21 3 19 146 25 91 28 204 2 9 67 12 156 3 3 77 14 93 21 112 3 10 157 13 205 30 200 3 5 127 6 167 14 48 3 11 42 15 41 18 160 3 4 226 7 196 17 79 3 2 21 16 25 19 22 3 4 112 18 93 30 178 2 4 60 18 118 3 22 169 28 115 29 141 4 7 57 20 125 23 75 29 19 3 5 249 19 174 23 239
38 2 4 135 29 141 2 26 44 28 42 2 2 29 26 106 2 26 11 28 55 2 25 177 29 93 2 26 26 28 59 3 1 102 17 68 26 100 2 2 76 26 35 2 2 233 15 33 3 17 48 21 10 27 55 2 3 64 16 164 1 21 19 2 5 170 12 119 2 26 65 28 75 3 17 82 22 47 23 54 3 5 109 6 86 14 43 2 5 47 12 143 2 7 136 22 179 2 8 4 12 8 2 2 91 26 154 2 9 19 22 34 2 3 71 11 77 3 8 158 10 305 24 141 2 3 40 11 237 3 3 16 10 33 11 21 3 19 146 25 91 28 204 2 9 67 12 156 3 3 77 14 93 21 112 3 10 157 13 205 30 200 3 5 127 6 167 14 48 3 11 42 15 41 18 160 3 4 226 7 196 17 79 3 2 21 16 25 19 22 3 4 112 18 93 30 178 2 4 60 18 118 3 22 169 28 115 29 141 4 7 57 20 125 23 75 29 19 3 5 249 19 174 23 239
36 2 26 25 28 33 3 1 84 17 49 26 93 2 2 111 15 69 2 3 152 16 22 2 2 166 26 144 2 4 48 29 74 2 2 183 26 80 2 5 37 12 74 3 17 59 22 101 23 101 3 10 137 13 236 30 63 3 2 6 16 13 19 28 3 5 89 6 137 14 154 2 5 30 12 137 2 7 83 22 157 2 2 267 15 203 2 8 8 12 6 1 21 47 3 4 36 7 61 17 130 2 3 21 16 50 2 3 149 11 238 2 9 114 22 96 3 3 14 10 31 11 25 2 9 150 12 89 3 4 44 7 73 17 130 3 3 92 14 50 21 25 3 11 109 15 67 18 162 2 4 110 18 89 3 19 180 25 217 28 71 3 8 194 10 214 24 312 2 9 88 22 112 4 7 120 20 81 23 43 29 112 3 17 70 21 11 27 24 3 5 63 19 155 23 198 3 4 162 18 260 30 146 2 25 200 29 169 3 22 133 28 32 29 33
36 2 26 25 28 33 3 1 84 17 49 26 93 2 2 111 15 69 2 3 152 16 22 2 2 166 26 144 2 4 48 29 74 2 2 183 26 80 2 5 37 12 74 3 17 59 22 101 23 101 3 10 137 13 236 30 63 3 2 6 16 13 19 28 3 5 89 6 137 14 154 2 5 30 12 137 2 7 83 22 157 2 2 267 15 203 2 8 8 12 6 1 21 47 3 4 36 7 61 17 130 2 3 21 16 50 2 3 149 11 238 2 9 114 22 96 3 3 14 10 31 11 25 2 9 150 12 89 3 4 44 7 73 17 130 3 3 92 14 50 21 25 3 11 109 15 67 18 162 2 4 110 18 89 3 19 180 25 217 28 71 3 8 194 10 214 24 312 2 9 88 22 112 4 7 120 20 81 23 43 29 112 3 17 70 21 11 27 24 3 5 63 19 155 23 198 3 4 162 18 260 30 146 2 25 200 29 169 3 22 133 28 32 29 33
33 3 4 281 18 341 30 203 3 1 98 17 52 26 52 3 4 153 7 176 17 68 2 25 96 29 112 2 5 25 12 24 3 3 12 10 27 11 11 2 26 21 28 46 2 2 65 15 197 2 3 171 16 172 3 3 24 10 14 11 7 2 2 47 26 165 3 5 254 19 231 23 45 2 4 179 29 56 2 5 112 12 108 3 17 68 22 54 23 26 3 5 102 6 141 14 116 2 7 134 22 221 1 21 40 2 8 6 12 6 2 9 87 12 33 4 7 55 20 102 23 122 29 31 2 9 72 22 74 2 3 147 11 141 3 10 159 13 49 30 248 2 3 149 16 189 3 3 72 14 47 21 39 3 11 54 15 49 18 128 3 19 139 25 188 28 131 3 2 6 16 18 19 14 2 4 54 18 47 3 8 185 10 255 24 231 3 17 53 21 48 27 65 3 22 48 28 122 29 146
33 3 4 281 18 341 30 203 3 1 98 17 52 26 52 3 4 153 7 176 17 68 2 25 96 29 112 2 5 25 12 24 3 3 12 10 27 11 11 2 26 21 28 46 2 2 65 15 197 2 3 171 16 172 3 3 24 10 14 11 7 2 2 47 26 165 3 5 254 19 231 23 45 2 4 179 29 56 2 5 112 12 108 3 17 68 22 54 23 26 3 5 102 6 141 14 116 2 7 134 22 221 1 21 40 2 8 6 12 6 2 9 87 12 33 4 7 55 20 102 23 122 29 31 2 9 72 22 74 2 3 147 11 141 3 10 159 13 49 30 248 2 3 149 16 189 3 3 72 14 47 21 39 3 11 54 15 49 18 128 3 19 139 25 188 28 131 3 2 6 16 18 19 14 2 4 54 18 47 3 8 185 10 255 24 231 3 17 53 21 48 27 65 3 22 48 28 122 29 146
36 3 1 114 17 142 26 90 2 2 79 15 89 2 9 118 12 195 2 3 44 16 102 2 4 39 29 117 2 5 42 12 151 2 4 51 29 136 3 5 117 6 57 14 48 3 1 90 17 100 26 152 2 7 36 22 283 2 25 87 29 204 2 8 5 12 1 2 5 153 12 49 2 2 130 26 177 2 9 89 22 31 3 10 79 13 55 30 46 3 5 203 19 172 23 108 3 3 3 10 28 11 28 3 1 68 17 110 26 25 3 4 126 18 132 30 215 2 3 69 11 193 3 3 124 14 45 21 121 4 7 61 20 91 23 122 29 42 3 11 176 15 90 18 52 3 2 44 16 15 19 42 3 4 64 7 84 17 167 3 8 79 10 236 24 169 2 4 104 18 124 3 22 119 28 154 29 87 2 26 42 28 58 3 19 178 25 106 28 146 2 4 77 18 121 1 21 75 3 17 58 22 88 23 78 2 4 126 29 153 3 17 39 21 76 27 48
36 3 1 114 17 142 26 90 2 2 79 15 89 2 9 118 12 195 2 3 44 16 102 2 4 39 29 117 2 5 42 12 151 2 4 51 29 136 3 5 117 6 57 14 48 3 1 90 17 100 26 152 2 7 36 22 283 2 25 87 29 204 2 8 5 12 1 2 5 153 12 49 2 2 130 26 177 2 9 89 22 31 3 10 79 13 55 30 46 3 5 203 19 172 23 108 3 3 3 10 28 11 28 3 1 68 17 110 26 25 3 4 126 18 132 30 215 2 3 69 11 193 3 3 124 14 45 21 121 4 7 61 20 91 23 122 29 42 3 11 176 15 90 18 52 3 2 44 16 15 19 42 3 4 64 7 84 17 167 3 8 79 10 236 24 169 2 4 104 18 124 3 22 119 28 154 29 87 2 26 42 28 58 3 19 178 25 106 28 146 2 4 77 18 121 1 21 75 3 17 58 22 88 23 78 2 4 126 29 153 3 17 39 21 76 27 48
37 3 1 127 17 95 26 36 2 2 147 15 187 3 1 36 17 70 26 140 2 3 26 16 31 3 17 64 21 54 27 43 1 21 128 2 4 115 29 120 2 5 25 12 134 3 5 37 6 109 14 56 1 21 38 2 7 155 22 281 2 8 5 12 1 3 8 174 10 202 24 313 2 9 48 22 58 3 8 217 10 64 24 282 3 3 10 10 17 11 5 2 2 81 26 69 3 5 65 6 149 14 22 3 22 54 28 130 29 116 3 4 90 7 213 17 100 2 3 228 11 127 2 9 31 12 37 3 10 166 13 162 30 145 2 3 71 16 88 2 26 67 28 29 3 17 50 22 42 23 41 3 3 131 14 122 21 127 2 9 85 22 69 3 11 124 15 156 18 180 4 7 81 20 75 23 39 29 108 2 2 148 26 144 3 2 22 16 9 19 7 2 4 77 18 64 3 19 52 25 210 28 137 3 5 88 19 170 23 189 2 25 71 29 91 3 4 201 18 186 30 148
37 3 1 127 17 95 26 36 2 2 147 15 187 3 1 36 17 70 26 140 2 3 26 16 31 3 17 64 21 54 27 43 1 21 128 2 4 115 29 120 2 5 25 12 134 3 5 37 6 109 14 56 1 21 38 2 7 155 22 281 2 8 5 12 1 3 8 174 10 202 24 313 2 9 48 22 58 3 8 217 10 64 24 282 3 3 10 10 17 11 5 2 2 81 26 69 3 5 65 6 149 14 22 3 22 54 28 130 29 116 3 4 90 7 213 17 100 2 3 228 11 127 2 9 31 12 37 3 10 166 13 162 30 145 2 3 71 16 88 2 26 67 28 29 3 17 50 22 42 23 41 3 3 131 14 122 21 127 2 9 85 22 69 3 11 124 15 156 18 180 4 7 81 20 75 23 39 29 108 2 2 148 26 144 3 2 22 16 9 19 7 2 4 77 18 64 3 19 52 25 210 28 137 3 5 88 19 170 23 189 2 25 71 29 91 3 4 201 18 186 30 148
35 2 4 30 18 64 3 1 90 17 34 26 141 2 2 138 15 84 3 11 81 15 30 18 120 2 3 25 16 139 2 4 164 29 111 3 3 32 10 29 11 19 2 5 135 12 81 3 5 45 19 85 23 137 3 19 30 25 161 28 78 3 5 117 6 127 14 148 2 2 56 15 67 2 7 226 22 182 2 8 4 12 8 3 22 39 28 109 29 103 2 5 86 12 151 2 9 36 22 52 2 3 55 11 80 2 9 109 12 139 3 8 260 10 187 24 66 2 4 102 18 124 3 10 56 13 102 30 248 3 3 42 14 124 21 31 3 2 14 16 44 19 43 2 2 30 26 153 2 7 226 22 62 3 4 137 7 215 17 196 3 19 103 25 160 28 29 4 7 84 20 16 23 133 29 139 1 21 95 2 25 97 29 135 3 17 89 22 73 23 78 3 17 61 21 19 27 84 3 4 182 18 181 30 153 2 26 72 28 28
40 3 1 148 17 80 26 124 3 3 51 14 98 21 108 3 1 85 17 148 26 112 2 2 175 15 221 2 3 182 16 113 3 3 127 14 69 21 70 2 26 57 28 11 2 4 97 29 47 2 5 59 12 47 2 3 46 16 114 3 5 37 6 94 14 109 2 7 35 22 239 2 3 56 16 112 2 8 8 12 10 2 9 17 22 95 3 3 4 10 30 11 15 2 3 220 11 199 2 9 131 12 148 2 26 36 28 75 3 22 105 28 132 29 98 3 10 172 13 221 30 72 3 11 72 15 95 18 87 3 2 31 16 22 19 28 2 5 56 12 94 3 4 35 7 188 17 110 2 4 93 18 84 2 2 179 26 183 3 5 224 19 194 23 295 3 4 133 7 132 17 62 3 19 87 25 63 28 54 2 9 59 22 111 4 7 90 20 87 23 57 29 87 3 5 167 19 291 23 200 1 21 60 4 7 63 20 25 23 106 29 118 3 17 86 22 58 23 25 3 4 283 18 64 30 173 3 17 72 21 81 27 38 3 8 198 10 154 24 237 2 25 136 29 180
35 3 1 25 17 132 26 153 2 2 181 15 216 2 3 179 16 125 3 1 94 17 156 26 143 3 11 100 15 162 18 155 2 4 143 29 87 2 9 115 22 49 2 5 39 12 133 3 5 133 6 49 14 150 2 7 227 22 171 2 8 9 12 1 3 3 23 10 23 11 26 2 3 267 11 91 2 9 51 22 106 2 4 37 18 38 2 3 82 11 147 3 19 220 25 187 28 173 3 2 18 16 26 19 48 2 9 40 12 56 3 10 44 13 137 30 155 3 3 37 14 131 21 102 3 4 173 7 79 17 100 4 7 35 20 87 23 49 29 78 1 21 115 3 17 62 22 56 23 61 3 5 96 19 226 23 206 3 8 264 10 153 24 40 2 25 203 29 178 3 8 288 10 266 24 266 2 2 106 26 138 3 17 17 21 77 27 70 2 26 13 28 55 3 5 111 6 137 14 126 3 4 96 18 249 30 38 3 22 146 28 107 29 157
35 3 1 25 17 132 26 153 2 2 181 15 216 2 3 179 16 125 3 1 94 17 156 26 143 3 11 100 15 162 18 155 2 4 143 29 87 2 9 115 22 49 2 5 39 12 133 3 5 133 6 49 14 150 2 7 227 22 171 2 8 9 12 1 3 3 23 10 23 11 26 2 3 267 11 91 2 9 51 22 106 2 4 37 18 38 2 3 82 11 147 3 19 220 25 187 28 173 3 2 18 16 26 19 48 2 9 40 12 56 3 10 44 13 137 30 155 3 3 37 14 131 21 102 3 4 173 7 79 17 100 4 7 35 20 87 23 49 29 78 1 21 115 3 17 62 22 56 23 61 3 5 96 19 226 23 206 3 8 264 10 153 24 40 2 25 203 29 178 3 8 288 10 266 24 266 2 2 106 26 138 3 17 17 21 77 27 70 2 26 13 28 55 3 5 111 6 137 14 126 3 4 96 18 249 30 38 3 22 146 28 107 29 157
40 3 1 48 17 49 26 42 2 26 63 28 38 1 21 98 2 2 255 15 70 2 3 100 16 151 2 4 166 29 143 1 21 121 4 7 117 20 25 23 16 29 56 2 5 45 12 33 4 7 107 20 100 23 30 29 103 3 5 112 6 75 14 51 3 1 54 17 115 26 81 2 3 31 11 47 2 7 38 22 45 2 2 245 15 263 3 2 33 16 11 19 13 2 8 1 12 6 2 7 92 22 148 2 9 72 22 109 3 3 53 14 71 21 91 3 3 15 10 28 11 11 2 3 176 16 111 2 4 34 18 58 3 17 82 21 81 27 87 3 10 117 13 135 30 245 2 9 126 12 49 3 11 97 15 142 18 150 3 10 52 13 127 30 120 3 22 117 28 73 29 35 3 4 106 7 60 17 126 2 9 93 12 56 3 8 259 10 179 24 176 2 5 121 12 65 3 19 156 25 64 28 87 3 2 34 16 8 19 41 3 17 17 22 97 23 28 3 5 194 19 312 23 49 2 25 210 29 98 2 2 167 26 168 3 4 201 18 255 30 217
40 3 1 48 17 49 26 42 2 26 63 28 38 1 21 98 2 2 255 15 70 2 3 100 16 151 2 4 166 29 143 1 21 121 4 7 117 20 25 23 16 29 56 2 5 45 12 33 4 7 107 20 100 23 30 29 103 3 5 112 6 75 14 51 3 1 54 17 115 26 81 2 3 31 11 47 2 7 38 22 45 2 2 245 15 263 3 2 33 16 11 19 13 2 8 1 12 6 2 7 92 22 148 2 9 72 22 109 3 3 53 14 71 21 91 3 3 15 10 28 11 11 2 3 176 16 111 2 4 34 18 58 3 17 82 21 81 27 87 3 10 117 13 135 30 245 2 9 126 12 49 3 11 97 15 142 18 150 3 10 52 13 127 30 120 3 22 117 28 73 29 35 3 4 106 7 60 17 126 2 9 93 12 56 3 8 259 10 179 24 176 2 5 121 12 65 3 19 156 25 64 28 87 3 2 34 16 8 19 41 3 17 17 22 97 23 28 3 5 194 19 312 23 49 2 25 210 29 98 2 2 167 26 168 3 4 201 18 255 30 217
33 3 1 86 17 147 26 78 2 2 170 15 165 2 3 88 16 171 2 4 190 29 67 2 5 126 12 93 3 5 149 6 132 14 36 2 7 153 22 61 2 8 7 12 10 2 9 120 22 43 3 3 7 10 26 11 6 2 3 74 11 235 3 19 89 25 44 28 55 2 9 128 12 120 3 17 26 21 54 27 33 3 1 29 17 153 26 157 3 10 217 13 177 30 49 3 4 186 18 156 30 187 3 3 27 14 60 21 83 3 11 60 15 198 18 88 3 2 24 16 29 19 27 3 4 32 7 32 17 37 3 5 43 19 181 23 210 2 4 48 18 15 4 7 19 20 51 23 99 29 20 1 21 109 3 17 13 22 44 23 40 3 3 6 10 24 11 18 3 8 160 10 144 24 269 3 22 78 28 157 29 61 2 2 115 15 92 2 2 76 26 92 2 25 118 29 228 2 26 62 28 47
40 3 1 45 17 147 26 35 2 26 23 28 67 1 21 89 2 2 202 15 238 2 3 96 16 43 2 4 40 29 62 1 21 15 4 7 64 20 33 23 77 29 20 2 5 58 12 72 4 7 42 20 71 23 25 29 87 3 5 98 6 73 14 162 3 1 128 17 106 26 36 2 3 87 11 101 2 7 249 22 144 2 2 181 15 224 3 2 33 16 44 19 12 2 8 10 12 4 2 7 282 22 231 2 9 25 22 119 3 3 26 14 50 21 132 3 3 4 10 17 11 31 2 3 63 16 72 2 4 31 18 18 3 17 65 21 48 27 61 3 10 30 13 58 30 147 2 9 194 12 129 3 11 138 15 36 18 197 3 10 125 13 134 30 206 3 22 161 28 114 29 35 3 4 202 7 213 17 66 2 9 106 12 156 3 8 247 10 294 24 310 2 5 143 12 27 3 19 209 25 124 28 166 3 2 7 16 19 19 29 3 17 53 22 74 23 42 3 5 186 19 271 23 101 2 25 112 29 147 2 2 36 26 159 3 4 235 18 276 30 205
40 3 1 45 17 147 26 35 2 26 23 28 67 1 21 89 2 2 202 15 238 2 3 96 16 43 2 4 40 29 62 1 21 15 4 7 64 20 33 23 77 29 20 2 5 58 12 72 4 7 42 20 71 23 25 29 87 3 5 98 6 73 14 162 3 1 128 17 106 26 36 2 3 87 11 101 2 7 249 22 144 2 2 181 15 224 3 2 33 16 44 19 12 2 8 10 12 4 2 7 282 22 231 2 9 25 22 119 3 3 26 14 50 21 132 3 3 4 10 17 11 31 2 3 63 16 72 2 4 31 18 18 3 17 65 21 48 27 61 3 10 30 13 58 30 147 2 9 194 12 129 3 11 138 15 36 18 197 3 10 125 13 134 30 206 3 22 161 28 114 29 35 3 4 202 7 213 17 66 2 9 106 12 156 3 8 247 10 294 24 310 2 5 143 12 27 3 19 209 25 124 28 166 3 2 7 16 19 19 29 3 17 53 22 74 23 42 3 5 186 19 271 23 101 2 25 112 29 147 2 2 36 26 159 3 4 235 18 276 30 205
35 3 5 61 19 305 23 96 3 1 165 17 61 26 111 2 2 181 15 55 2 3 82 16 156 2 2 148 15 85 2 4 109 29 141 2 5 41 12 19 3 10 153 13 259 30 141 2 25 206 29 222 3 5 38 6 127 14 141 2 7 116 22 234 3 8 251 10 144 24 63 3 2 26 16 29 19 7 2 8 7 12 1 3 8 237 10 135 24 263 2 9 62 22 24 3 3 7 10 18 11 27 3 4 66 7 108 17 29 3 5 187 19 48 23 161 2 3 176 11 32 3 17 19 21 55 27 59 2 7 280 22 93 2 9 115 12 41 3 3 118 14 30 21 49 2 4 92 18 32 3 22 52 28 48 29 85 3 11 113 15 140 18 197 2 26 78 28 54 3 19 216 25 152 28 143 4 7 59 20 59 23 45 29 56 1 21 30 3 2 16 16 14 19 48 3 17 89 22 51 23 48 2 2 73 26 175 3 4 262 18 200 30 144
35 3 5 61 19 305 23 96 3 1 165 17 61 26 111 2 2 181 15 55 2 3 82 16 156 2 2 148 15 85 2 4 109 29 141 2 5 41 12 19 3 10 153 13 259 30 141 2 25 206 29 222 3 5 38 6 127 14 141 2 7 116 22 234 3 8 251 10 144 24 63 3 2 26 16 29 19 7 2 8 7 12 1 3 8 237 10 135 24 263 2 9 62 22 24 3 3 7 10 18 11 27 3 4 66 7 108 17 29 3 5 187 19 48 23 161 2 3 176 11 32 3 17 19 21 55 27 59 2 7 280 22 93 2 9 115 12 41 3 3 118 14 30 21 49 2 4 92 18 32 3 22 52 28 48 29 85 3 11 113 15 140 18 197 2 26 78 28 54 3 19 216 25 152 28 143 4 7 59 20 59 23 45 29 56 1 21 30 3 2 16 16 14 19 48 3 17 89 22 51 23 48 2 2 73 26 175 3 4 262 18 200 30 144
37 3 1 67 17 75 26 56 2 2 220 15 55 3 1 112 17 64 26 55 2 3 104 16 138 3 17 61 21 24 27 35 1 21 64 2 4 89 29 187 2 5 96 12 171 3 5 105 6 128 14 89 1 21 65 2 7 147 22 59 2 8 9 12 2 3 8 140 10 166 24 51 2 9 123 22 29 3 8 169 10 138 24 55 3 3 9 10 20 11 10 2 2 142 26 147 3 5 157 6 64 14 170 3 22 152 28 43 29 124 3 4 26 7 110 17 210 2 3 260 11 97 2 9 196 12 26 3 10 61 13 210 30 117 2 3 170 16 87 2 26 9 28 59 3 17 18 22 15 23 36 3 3 73 14 53 21 128 2 9 45 22 91 3 11 111 15 147 18 143 4 7 20 20 127 23 87 29 101 2 2 20 26 127 3 2 39 16 48 19 8 2 4 24 18 80 3 19 109 25 219 28 120 3 5 112 19 82 23 169 2 25 220 29 121 3 4 188 18 293 30 73
35 3 1 96 17 117 26 55 2 2 178 15 153 2 3 81 16 32 3 1 69 17 131 26 115 3 11 37 15 155 18 110 2 4 132 29 46 2 9 45 22 48 2 5 110 12 172 3 5 40 6 84 14 135 2 7 102 22 234 2 8 5 12 8 3 3 20 10 19 11 21 2 3 212 11 211 2 9 48 22 92 2 4 79 18 104 2 3 114 11 122 3 19 194 25 133 28 154 3 2 35 16 9 19 26 2 9 90 12 36 3 10 84 13 138 30 230 3 3 51 14 63 21 54 3 4 225 7 192 17 110 4 7 133 20 123 23 98 29 52 1 21 32 3 17 23 22 97 23 84 3 5 131 19 211 23 163 3 8 230 10 69 24 256 2 25 184 29 152 3 8 132 10 174 24 241 2 2 113 26 70 3 17 59 21 42 27 81 2 26 39 28 32 3 5 103 6 52 14 62 3 4 282 18 44 30 126 3 22 94 28 53 29 77
33 3 4 337 18 324 30 283 3 1 35 17 144 26 96 3 4 105 7 215 17 190 2 25 203 29 61 2 5 63 12 115 3 3 4 10 25 11 22 2 26 36 28 73 2 2 58 15 263 2 3 45 16 84 3 3 19 10 11 11 30 2 2 57 26 90 3 5 138 19 135 23 226 2 4 186 29 99 2 5 160 12 140 3 17 68 22 24 23 38 3 5 41 6 113 14 98 2 7 228 22 192 1 21 42 2 8 2 12 8 2 9 26 12 123 4 7 80 20 83 23 117 29 57 2 9 32 22 58 2 3 242 11 212 3 10 69 13 261 30 142 2 3 168 16 174 3 3 74 14 103 21 62 3 11 105 15 24 18 38 3 19 175 25 190 28 155 3 2 45 16 47 19 30 2 4 44 18 31 3 8 166 10 79 24 295 3 17 26 21 86 27 85 3 22 168 28 49 29 43
36 2 26 43 28 77 3 1 133 17 140 26 111 2 2 245 15 43 2 3 178 16 25 2 2 126 26 181 2 4 40 29 64 2 2 183 26 169 2 5 23 12 152 3 17 27 22 75 23 39 3 10 258 13 232 30 228 3 2 11 16 6 19 20 3 5 168 6 59 14 166 2 5 112 12 121 2 7 105 22 197 2 2 58 15 124 2 8 3 12 8 1 21 122 3 4 125 7 134 17 179 2 3 130 16 24 2 3 158 11 244 2 9 90 22 63 3 3 23 10 15 11 26 2 9 122 12 72 3 4 138 7 69 17 57 3 3 27 14 37 21 48 3 11 30 15 60 18 99 2 4 117 18 42 3 19 137 25 105 28 107 3 8 269 10 196 24 234 2 9 130 22 104 4 7 98 20 94 23 42 29 121 3 17 76 21 88 27 41 3 5 280 19 204 23 225 3 4 123 18 91 30 226 2 25 189 29 31 3 22 87 28 169 29 39
34 3 1 37 17 143 26 94 2 2 218 15 254 2 3 53 16 188 2 25 225 29 111 2 4 183 29 42 2 3 71 16 183 3 22 21 28 85 29 168 2 3 182 16 25 1 21 105 4 7 119 20 28 23 91 29 80 2 5 162 12 137 3 5 58 6 77 14 100 2 7 240 22 211 2 8 1 12 7 3 4 135 18 170 30 138 2 9 64 22 124 2 4 99 18 44 3 10 119 13 167 30 161 3 3 9 10 14 11 13 3 17 85 22 58 23 43 2 3 133 11 227 2 9 195 12 144 2 26 29 28 34 2 4 65 18 87 3 19 54 25 38 28 80 2 2 82 26 70 3 3 76 14 62 21 121 3 8 304 10 201 24 60 3 11 187 15 149 18 87 3 2 42 16 9 19 44 3 4 109 7 209 17 121 3 22 96 28 144 29 117 3 5 166 19 268 23 306 3 17 57 21 38 27 36
34 3 1 37 17 143 26 94 2 2 218 15 254 2 3 53 16 188 2 25 225 29 111 2 4 183 29 42 2 3 71 16 183 3 22 21 28 85 29 168 2 3 182 16 25 1 21 105 4 7 119 20 28 23 91 29 80 2 5 162 12 137 3 5 58 6 77 14 100 2 7 240 22 211 2 8 1 12 7 3 4 135 18 170 30 138 2 9 64 22 124 2 4 99 18 44 3 10 119 13 167 30 161 3 3 9 10 14 11 13 3 17 85 22 58 23 43 2 3 133 11 227 2 9 195 12 144 2 26 29 28 34 2 4 65 18 87 3 19 54 25 38 28 80 2 2 82 26 70 3 3 76 14 62 21 121 3 8 304 10 201 24 60 3 11 187 15 149 18 87 3 2 42 16 9 19 44 3 4 109 7 209 17 121 3 22 96 28 144 29 117 3 5 166 19 268 23 306 3 17 57 21 38 27 36
37 3 1 72 17 32 26 20 2 2 139 15 231 3 1 95 17 47 26 95 2 3 43 16 98 3 17 32 21 34 27 75 1 21 78 2 4 121 29 101 2 5 152 12 43 3 5 114 6 163 14 86 1 21 79 2 7 50 22 141 2 8 5 12 7 3 8 90 10 137 24 57 2 9 77 22 121 3 8 46 10 176 24 73 3 3 12 10 22 11 29 2 2 52 26 141 3 5 125 6 52 14 98 3 22 72 28 133 29 150 3 4 54 7 95 17 167 2 3 97 11 263 2 9 99 12 85 3 10 157 13 214 30 53 2 3 154 16 192 2 26 38 28 68 3 17 90 22 54 23 68 3 3 94 14 59 21 35 2 9 61 22 62 3 11 154 15 125 18 141 4 7 108 20 124 23 122 29 33 2 2 172 26 77 3 2 22 16 15 19 47 2 4 104 18 91 3 19 173 25 190 28 111 3 5 135 19 230 23 236 2 25 149 29 46 3 4 60 18 143 30 110
35 3 5 95 19 122 23 60 3 1 58 17 70 26 68 2 2 166 15 215 2 3 154 16 193 2 2 71 15 239 2 4 23 29 195 2 5 99 12 107 3 10 203 13 166 30 81 2 25 206 29 206 3 5 165 6 143 14 59 2 7 97 22 263 3 8 85 10 71 24 49 3 2 37 16 38 19 29 2 8 8 12 6 3 8 233 10 67 24 299 2 9 72 22 58 3 3 26 10 33 11 12 3 4 120 7 196 17 56 3 5 232 19 249 23 307 2 3 259 11 273 3 17 20 21 22 27 86 2 7 178 22 142 2 9 148 12 78 3 3 45 14 21 21 69 2 4 99 18 116 3 22 72 28 125 29 55 3 11 35 15 140 18 147 2 26 70 28 23 3 19 156 25 64 28 196 4 7 111 20 103 23 99 29 60 1 21 83 3 2 14 16 33 19 44 3 17 14 22 58 23 46 2 2 71 26 113 3 4 324 18 106 30 76
34 3 1 52 17 123 26 87 2 2 124 15 227 2 3 32 16 26 2 25 51 29 213 2 4 63 29 147 2 3 48 16 62 3 22 126 28 52 29 131 2 3 163 16 34 1 21 58 4 7 99 20 91 23 86 29 74 2 5 82 12 89 3 5 145 6 128 14 127 2 7 90 22 49 2 8 10 12 10 3 4 123 18 185 30 265 2 9 125 22 24 2 4 78 18 81 3 10 199 13 231 30 124 3 3 4 10 24 11 9 3 17 67 22 93 23 32 2 3 234 11 81 2 9 51 12 126 2 26 52 28 10 2 4 71 18 23 3 19 37 25 158 28 36 2 2 149 26 110 3 3 110 14 95 21 126 3 8 280 10 119 24 53 3 11 180 15 124 18 98 3 2 11 16 37 19 12 3 4 128 7 183 17 152 3 22 62 28 72 29 89 3 5 96 19 239 23 219 3 17 81 21 49 27 34
35 3 5 265 19 218 23 283 3 1 143 17 22 26 125 2 2 190 15 212 2 3 59 16 178 2 2 81 15 239 2 4 116 29 57 2 5 54 12 36 3 10 113 13 209 30 171 2 25 160 29 165 3 5 90 6 105 14 141 2 7 123 22 234 3 8 270 10 212 24 201 3 2 48 16 39 19 27 2 8 9 12 10 3 8 53 10 152 24 181 2 9 110 22 29 3 3 34 10 17 11 19 3 4 104 7 208 17 197 3 5 67 19 238 23 189 2 3 73 11 110 3 17 69 21 28 27 65 2 7 224 22 195 2 9 138 12 77 3 3 23 14 49 21 43 2 4 47 18 85 3 22 75 28 161 29 124 3 11 38 15 146 18 41 2 26 46 28 81 3 19 112 25 75 28 66 4 7 25 20 20 23 113 29 19 1 21 36 3 2 17 16 33 19 42 3 17 25 22 26 23 27 2 2 50 26 37 3 4 44 18 213 30 325
33 3 4 189 18 284 30 192 3 1 53 17 21 26 56 3 4 98 7 136 17 145 2 25 99 29 206 2 5 24 12 50 3 3 29 10 13 11 21 2 26 44 28 68 2 2 234 15 133 2 3 188 16 25 3 3 4 10 21 11 6 2 2 73 26 110 3 5 228 19 199 23 312 2 4 90 29 133 2 5 47 12 151 3 17 27 22 77 23 68 3 5 34 6 52 14 68 2 7 284 22 128 1 21 131 2 8 5 12 2 2 9 23 12 117 4 7 58 20 55 23 67 29 76 2 9 20 22 54 2 3 169 11 49 3 10 43 13 162 30 208 2 3 136 16 146 3 3 95 14 45 21 52 3 11 107 15 136 18 120 3 19 172 25 85 28 85 3 2 21 16 16 19 10 2 4 115 18 110 3 8 200 10 44 24 41 3 17 51 21 56 27 37 3 22 105 28 26 29 102
40 3 1 85 17 36 26 57 2 26 77 28 18 1 21 33 2 2 191 15 85 2 3 98 16 178 2 4 22 29 128 1 21 108 4 7 64 20 36 23 118 29 66 2 5 155 12 168 4 7 28 20 52 23 25 29 25 3 5 84 6 156 14 120 3 1 49 17 68 26 20 2 3 174 11 264 2 7 52 22 190 2 2 182 15 263 3 2 34 16 7 19 11 2 8 2 12 10 2 7 243 22 67 2 9 37 22 77 3 3 49 14 85 21 99 3 3 9 10 23 11 13 2 3 191 16 129 2 4 34 18 17 3 17 55 21 87 27 78 3 10 207 13 205 30 205 2 9 131 12 181 3 11 165 15 112 18 81 3 10 64 13 45 30 171 3 22 51 28 44 29 95 3 4 26 7 28 17 27 2 9 113 12 46 3 8 190 10 217 24 126 2 5 141 12 85 3 19 169 25 151 28 39 3 2 12 16 25 19 5 3 17 86 22 42 23 75 3 5 47 19 146 23 108 2 25 230 29 100 2 2 50 26 121 3 4 176 18 171 30 234
35 3 5 106 19 147 23 197 3 1 151 17 99 26 45 2 2 176 15 156 2 3 103 16 98 2 2 218 15 123 2 4 159 29 180 2 5 169 12 135 3 10 90 13 203 30 117 2 25 230 29 56 3 5 118 6 160 14 160 2 7 55 22 89 3 8 260 10 254 24 239 3 2 15 16 43 19 31 2 8 4 12 7 3 8 243 10 70 24 300 2 9 31 22 54 3 3 28 10 26 11 33 3 4 142 7 91 17 103 3 5 93 19 191 23 169 2 3 102 11 217 3 17 41 21 33 27 36 2 7 236 22 85 2 9 112 12 77 3 3 80 14 105 21 55 2 4 44 18 58 3 22 43 28 65 29 39 3 11 167 15 168 18 130 2 26 73 28 40 3 19 159 25 201 28 223 4 7 79 20 91 23 106 29 84 1 21 109 3 2 33 16 15 19 42 3 17 68 22 34 23 68 2 2 115 26 161 3 4 164 18 168 30 159
34 3 1 41 17 83 26 155 2 2 183 15 72 2 25 183 29 96 2 3 137 16 171 3 3 121 14 125 21 88 2 4 110 29 67 2 2 149 15 162 2 5 94 12 55 3 1 19 17 64 26 39 2 7 73 22 163 3 5 154 6 19 14 112 2 9 93 22 100 2 8 1 12 8 2 2 73 26 153 3 3 8 10 32 11 7 2 3 145 11 76 3 3 5 10 25 11 15 3 8 72 10 167 24 71 2 9 61 12 119 3 5 146 19 60 23 203 3 10 154 13 239 30 93 3 2 25 16 10 19 7 3 11 154 15 34 18 102 3 17 25 21 20 27 40 3 4 170 7 100 17 116 3 4 188 18 226 30 223 2 4 40 18 26 3 19 223 25 117 28 205 4 7 71 20 15 23 21 29 112 1 21 55 3 4 151 7 192 17 115 3 17 46 22 71 23 80 2 26 38 28 51 3 22 46 28 150 29 165
34 3 1 41 17 83 26 155 2 2 183 15 72 2 25 183 29 96 2 3 137 16 171 3 3 121 14 125 21 88 2 4 110 29 67 2 2 149 15 162 2 5 94 12 55 3 1 19 17 64 26 39 2 7 73 22 163 3 5 154 6 19 14 112 2 9 93 22 100 2 8 1 12 8 2 2 73 26 153 3 3 8 10 32 11 7 2 3 145 11 76 3 3 5 10 25 11 15 3 8 72 10 167 24 71 2 9 61 12 119 3 5 146 19 60 23 203 3 10 154 13 239 30 93 3 2 25 16 10 19 7 3 11 154 15 34 18 102 3 17 25 21 20 27 40 3 4 170 7 100 17 116 3 4 188 18 226 30 223 2 4 40 18 26 3 19 223 25 117 28 205 4 7 71 20 15 23 21 29 112 1 21 55 3 4 151 7 192 17 115 3 17 46 22 71 23 80 2 26 38 28 51 3 22 46 28 150 29 165
36 3 1 119 17 163 26 115 2 2 236 15 269 2 9 55 12 132 2 3 49 16 117 2 4 92 29 83 2 5 39 12 78 2 4 33 29 30 3 5 57 6 85 14 38 3 1 37 17 24 26 79 2 7 81 22 57 2 25 28 29 204 2 8 10 12 3 2 5 116 12 125 2 2 124 26 153 2 9 91 22 82 3 10 259 13 147 30 262 3 5 57 19 130 23 187 3 3 18 10 31 11 6 3 1 148 17 125 26 69 3 4 337 18 272 30 340 2 3 151 11 60 3 3 100 14 109 21 90 4 7 119 20 121 23 126 29 36 3 11 133 15 106 18 68 3 2 19 16 42 19 45 3 4 123 7 45 17 119 3 8 291 10 211 24 137 2 4 66 18 116 3 22 35 28 97 29 49 2 26 55 28 75 3 19 111 25 50 28 153 2 4 19 18 41 1 21 122 3 17 22 22 90 23 76 2 4 170 29 146 3 17 24 21 86 27 60
37 3 1 64 17 104 26 35 2 2 147 15 36 2 3 37 16 184 2 4 141 29 111 2 4 97 18 107 2 3 47 16 98 2 5 76 12 19 2 4 83 29 42 4 7 41 20 99 23 61 29 39 3 5 41 6 112 14 108 2 7 107 22 173 2 9 120 12 66 2 8 4 12 8 2 9 89 22 116 3 3 13 10 32 11 7 3 4 132 18 332 30 232 2 3 166 11 78 3 17 76 21 43 27 37 3 3 70 14 84 21 107 3 5 167 6 101 14 98 3 11 125 15 98 18 65 2 8 7 12 4 3 19 169 25 202 28 167 3 1 31 17 23 26 86 3 10 217 13 38 30 203 3 2 22 16 27 19 44 3 11 162 15 133 18 147 3 4 140 7 140 17 211 1 21 91 3 17 21 21 17 27 84 3 17 72 22 100 23 25 3 5 193 19 101 23 162 3 22 161 28 84 29 26 3 8 221 10 95 24 325 2 25 66 29 55 2 2 38 26 37 2 26 38 28 58
DUE_DATES: 6456 6056 6056 7378 6467 6467 6467 7321 6568 6568 7111 6272 6508 6508 6459 6459 5798 5798 6288 6288 6511 6511 5996 7422 7030 7030 7009 7009 5461 7437 7437 6343 6343 6437 6339 6205 6931 6758 6758 6396 6984 5745 6535 5592 7002 6992 5715 5715 6509 6052
WEIGHTS: 1 3 1 2 2 1 2 3 3 1 3 1 3 2 1 1 1 2 3 2 2 3 3 1 2 3 3 1 2 1 1 1 3 2 1 2 3 2 3 2 1 3 3 3 1 2 3 1 1 3
