50 30
37 3 12 241 18 146 24 257 2 1 6 15 17 3 13 82 14 31 26 42 3 12 112 18 191 24 173 3 6 42 15 78 30 257 3 2 154 10 166 14 162 3 3 34 6 68 11 55 3 4 163 26 27 29 157 2 1 8 15 12 3 7 41 19 179 22 56 2 5 126 22 53 3 4 218 26 101 29 60 3 1 35 2 189 6 81 3 8 173 10 249 30 298 3 11 16 21 14 29 29 3 9 30 13 34 23 40 3 10 146 13 75 18 184 3 3 25 11 43 30 32 2 8 33 13 34 3 12 260 18 215 24 182 2 1 122 16 120 3 5 72 17 92 25 72 3 7 143 17 121 24 179 3 9 35 13 24 23 46 3 4 19 18 15 27 60 3 3 46 6 69 11 83 2 19 160 26 241 3 10 146 13 174 18 72 2 21 140 25 128 3 6 29 18 184 27 45 2 20 175 29 164 2 22 127 26 138 2 22 191 29 193 2 16 12 23 30 2 24 193 27 127 3 28 19 29 26 30 22 2 3 213 30 85
37 3 12 241 18 146 24 257 2 1 6 15 17 3 13 82 14 31 26 42 3 12 112 18 191 24 173 3 6 42 15 78 30 257 3 2 154 10 166 14 162 3 3 34 6 68 11 55 3 4 163 26 27 29 157 2 1 8 15 12 3 7 41 19 179 22 56 2 5 126 22 53 3 4 218 26 101 29 60 3 1 35 2 189 6 81 3 8 173 10 249 30 298 3 11 16 21 14 29 29 3 9 30 13 34 23 40 3 10 146 13 75 18 184 3 3 25 11 43 30 32 2 8 33 13 34 3 12 260 18 215 24 182 2 1 122 16 120 3 5 72 17 92 25 72 3 7 143 17 121 24 179 3 9 35 13 24 23 46 3 4 19 18 15 27 60 3 3 46 6 69 11 83 2 19 160 26 241 3 10 146 13 174 18 72 2 21 140 25 128 3 6 29 18 184 27 45 2 20 175 29 164 2 22 127 26 138 2 22 191 29 193 2 16 12 23 30 2 24 193 27 127 3 28 19 29 26 30 22 2 3 213 30 85
37 2 1 25 15 7 3 2 134 10 65 14 93 3 11 42 21 44 29 37 2 1 20 15 11 3 3 82 6 65 11 29 3 4 130 26 217 29 136 2 5 74 22 130 3 1 103 2 166 6 157 3 7 135 19 121 22 76 3 8 223 10 207 30 185 3 9 10 13 17 23 7 3 3 55 6 17 11 38 3 6 94 18 188 27 238 3 7 144 17 157 24 212 3 10 247 13 108 18 81 3 1 159 2 143 6 71 3 3 78 11 19 30 49 3 12 202 18 70 24 37 2 24 63 27 70 2 8 19 13 35 3 7 83 19 151 22 153 3 13 163 14 116 26 104 3 7 76 19 59 22 35 2 22 54 29 61 3 6 61 15 170 30 80 2 19 132 26 116 2 16 19 23 24 2 1 230 16 116 3 4 55 18 31 27 10 2 20 276 29 90 3 3 34 6 12 11 23 3 28 64 29 61 30 13 2 3 91 30 174 2 22 92 26 121 3 4 63 18 24 27 26 2 21 49 25 68 3 5 43 17 42 25 102
37 2 1 25 15 7 3 2 134 10 65 14 93 3 11 42 21 44 29 37 2 1 20 15 11 3 3 82 6 65 11 29 3 4 130 26 217 29 136 2 5 74 22 130 3 1 103 2 166 6 157 3 7 135 19 121 22 76 3 8 223 10 207 30 185 3 9 10 13 17 23 7 3 3 55 6 17 11 38 3 6 94 18 188 27 238 3 7 144 17 157 24 212 3 10 247 13 108 18 81 3 1 159 2 143 6 71 3 3 78 11 19 30 49 3 12 202 18 70 24 37 2 24 63 27 70 2 8 19 13 35 3 7 83 19 151 22 153 3 13 163 14 116 26 104 3 7 76 19 59 22 35 2 22 54 29 61 3 6 61 15 170 30 80 2 19 132 26 116 2 16 19 23 24 2 1 230 16 116 3 4 55 18 31 27 10 2 20 276 29 90 3 3 34 6 12 11 23 3 28 64 29 61 30 13 2 3 91 30 174 2 22 92 26 121 3 4 63 18 24 27 26 2 21 49 25 68 3 5 43 17 42 25 102
34 2 1 10 15 13 3 2 163 10 87 14 92 3 3 46 6 66 11 45 3 4 36 26 219 29 43 2 5 139 22 142 2 3 201 30 210 3 1 62 2 225 6 203 3 7 192 19 167 22 160 3 8 143 10 58 30 240 3 9 32 13 16 23 51 2 1 141 16 166 3 10 30 13 237 18 30 2 24 202 27 210 3 10 223 13 193 18 210 3 3 82 11 84 30 73 3 12 202 18 150 24 136 3 6 135 18 165 27 39 2 8 27 13 15 2 22 188 26 201 2 16 64 23 85 2 22 173 29 94 3 3 62 6 11 11 83 3 13 46 14 99 26 171 3 6 321 15 99 30 94 3 2 65 10 150 14 24 3 7 93 17 75 24 124 3 4 8 18 62 27 32 2 19 114 26 84 3 5 135 17 49 25 98 2 22 181 26 180 2 20 158 29 127 2 21 115 25 52 3 11 23 21 8 29 43 3 28 62 29 37 30 11
34 2 1 7 15 29 2 19 319 26 251 2 21 93 25 109 3 2 133 10 157 14 115 3 10 90 13 228 18 199 3 5 91 17 83 25 88 3 9 34 13 24 23 7 3 28 58 29 39 30 28 2 8 31 13 35 3 3 51 6 43 11 13 3 3 25 11 11 30 79 3 2 117 10 42 14 63 3 8 59 10 87 30 91 2 3 265 30 270 3 4 67 26 161 29 48 2 22 210 26 93 2 5 50 22 81 2 1 189 16 201 3 1 192 2 136 6 201 3 11 30 21 33 29 27 3 7 207 19 161 22 105 3 12 208 18 142 24 133 3 13 109 14 122 26 119 3 6 213 15 90 30 316 2 19 122 26 79 3 7 55 17 144 24 181 2 24 162 27 287 3 10 191 13 27 18 219 3 4 42 18 43 27 37 3 6 193 18 164 27 41 2 20 53 29 289 2 22 98 29 71 2 21 36 25 53 2 16 90 23 19
34 2 1 7 15 29 2 19 319 26 251 2 21 93 25 109 3 2 133 10 157 14 115 3 10 90 13 228 18 199 3 5 91 17 83 25 88 3 9 34 13 24 23 7 3 28 58 29 39 30 28 2 8 31 13 35 3 3 51 6 43 11 13 3 3 25 11 11 30 79 3 2 117 10 42 14 63 3 8 59 10 87 30 91 2 3 265 30 270 3 4 67 26 161 29 48 2 22 210 26 93 2 5 50 22 81 2 1 189 16 201 3 1 192 2 136 6 201 3 11 30 21 33 29 27 3 7 207 19 161 22 105 3 12 208 18 142 24 133 3 13 109 14 122 26 119 3 6 213 15 90 30 316 2 19 122 26 79 3 7 55 17 144 24 181 2 24 162 27 287 3 10 191 13 27 18 219 3 4 42 18 43 27 37 3 6 193 18 164 27 41 2 20 53 29 289 2 22 98 29 71 2 21 36 25 53 2 16 90 23 19
34 2 1 7 15 29 2 19 319 26 251 2 21 93 25 109 3 2 133 10 157 14 115 3 10 90 13 228 18 199 3 5 91 17 83 25 88 3 9 34 13 24 23 7 3 28 58 29 39 30 28 2 8 31 13 35 3 3 51 6 43 11 13 3 3 25 11 11 30 79 3 2 117 10 42 14 63 3 8 59 10 87 30 91 2 3 265 30 270 3 4 67 26 161 29 48 2 22 210 26 93 2 5 50 22 81 2 1 189 16 201 3 1 192 2 136 6 201 3 11 30 21 33 29 27 3 7 207 19 161 22 105 3 12 208 18 142 24 133 3 13 109 14 122 26 119 3 6 213 15 90 30 316 2 19 122 26 79 3 7 55 17 144 24 181 2 24 162 27 287 3 10 191 13 27 18 219 3 4 42 18 43 27 37 3 6 193 18 164 27 41 2 20 53 29 289 2 22 98 29 71 2 21 36 25 53 2 16 90 23 19
37 3 12 117 18 229 24 33 2 1 10 15 21 3 13 140 14 120 26 174 3 12 174 18 101 24 269 3 6 78 15 245 30 116 3 2 89 10 77 14 35 3 3 36 6 78 11 28 3 4 55 26 118 29 198 2 1 19 15 22 3 7 62 19 166 22 92 2 5 141 22 109 3 4 215 26 173 29 146 3 1 233 2 131 6 170 3 8 188 10 142 30 93 3 11 17 21 49 29 46 3 9 56 13 30 23 6 3 10 239 13 29 18 101 3 3 61 11 100 30 18 2 8 11 13 20 3 12 223 18 214 24 107 2 1 247 16 161 3 5 64 17 35 25 18 3 7 136 17 202 24 87 3 9 20 13 23 23 44 3 4 7 18 27 27 16 3 3 19 6 82 11 54 2 19 310 26 36 3 10 206 13 42 18 34 2 21 113 25 142 3 6 60 18 170 27 90 2 20 113 29 54 2 22 94 26 194 2 22 83 29 38 2 16 21 23 27 2 24 85 27 296 3 28 33 29 15 30 60 2 3 240 30 42
37 3 12 117 18 229 24 33 2 1 10 15 21 3 13 140 14 120 26 174 3 12 174 18 101 24 269 3 6 78 15 245 30 116 3 2 89 10 77 14 35 3 3 36 6 78 11 28 3 4 55 26 118 29 198 2 1 19 15 22 3 7 62 19 166 22 92 2 5 141 22 109 3 4 215 26 173 29 146 3 1 233 2 131 6 170 3 8 188 10 142 30 93 3 11 17 21 49 29 46 3 9 56 13 30 23 6 3 10 239 13 29 18 101 3 3 61 11 100 30 18 2 8 11 13 20 3 12 223 18 214 24 107 2 1 247 16 161 3 5 64 17 35 25 18 3 7 136 17 202 24 87 3 9 20 13 23 23 44 3 4 7 18 27 27 16 3 3 19 6 82 11 54 2 19 310 26 36 3 10 206 13 42 18 34 2 21 113 25 142 3 6 60 18 170 27 90 2 20 113 29 54 2 22 94 26 194 2 22 83 29 38 2 16 21 23 27 2 24 85 27 296 3 28 33 29 15 30 60 2 3 240 30 42
37 3 12 117 18 229 24 33 2 1 10 15 21 3 13 140 14 120 26 174 3 12 174 18 101 24 269 3 6 78 15 245 30 116 3 2 89 10 77 14 35 3 3 36 6 78 11 28 3 4 55 26 118 29 198 2 1 19 15 22 3 7 62 19 166 22 92 2 5 141 22 109 3 4 215 26 173 29 146 3 1 233 2 131 6 170 3 8 188 10 142 30 93 3 11 17 21 49 29 46 3 9 56 13 30 23 6 3 10 239 13 29 18 101 3 3 61 11 100 30 18 2 8 11 13 20 3 12 223 18 214 24 107 2 1 247 16 161 3 5 64 17 35 25 18 3 7 136 17 202 24 87 3 9 20 13 23 23 44 3 4 7 18 27 27 16 3 3 19 6 82 11 54 2 19 310 26 36 3 10 206 13 42 18 34 2 21 113 25 142 3 6 60 18 170 27 90 2 20 113 29 54 2 22 94 26 194 2 22 83 29 38 2 16 21 23 27 2 24 85 27 296 3 28 33 29 15 30 60 2 3 240 30 42
34 2 1 20 15 16 3 1 65 2 233 6 213 3 2 113 10 34 14 94 3 3 30 6 63 11 35 2 1 9 15 22 3 4 37 26 27 29 26 2 16 43 23 95 2 5 51 22 110 3 2 26 10 108 14 135 2 8 30 13 30 3 12 95 18 165 24 44 3 7 59 19 122 22 39 3 8 250 10 56 30 211 3 9 13 13 36 23 45 3 11 14 21 46 29 18 3 12 230 18 67 24 247 3 10 121 13 135 18 99 3 3 50 11 92 30 25 3 7 34 17 207 24 232 3 13 106 14 169 26 38 3 6 256 15 62 30 179 3 6 119 18 250 27 166 2 19 195 26 276 2 1 238 16 228 3 4 27 18 39 27 38 2 22 147 26 98 2 20 157 29 63 2 21 61 25 39 2 22 95 29 42 3 6 240 15 309 30 189 2 3 211 30 276 2 24 43 27 120 3 5 80 17 118 25 102 3 28 20 29 27 30 38
37 2 1 19 15 4 3 2 99 10 35 14 50 2 1 19 15 19 2 19 311 26 256 2 1 10 15 7 3 13 107 14 55 26 84 3 3 28 6 30 11 71 3 4 56 26 38 29 107 3 9 10 13 29 23 40 2 5 97 22 112 3 1 48 2 166 6 132 3 7 152 19 134 22 178 3 3 54 6 80 11 16 3 8 70 10 77 30 231 3 10 71 13 132 18 134 3 9 48 13 34 23 59 3 11 8 21 6 29 11 3 3 37 11 71 30 46 3 10 176 13 55 18 73 2 16 19 23 44 3 12 275 18 186 24 259 3 9 16 13 53 23 39 2 8 14 13 35 2 21 129 25 157 3 6 112 15 285 30 202 3 5 30 17 86 25 127 2 19 317 26 64 3 4 8 18 64 27 10 3 6 109 18 98 27 63 3 28 18 29 44 30 41 2 20 136 29 205 2 1 32 16 154 3 7 202 17 34 24 79 2 24 275 27 279 2 22 166 29 83 2 22 67 26 186 2 3 150 30 147
37 2 1 19 15 4 3 2 99 10 35 14 50 2 1 19 15 19 2 19 311 26 256 2 1 10 15 7 3 13 107 14 55 26 84 3 3 28 6 30 11 71 3 4 56 26 38 29 107 3 9 10 13 29 23 40 2 5 97 22 112 3 1 48 2 166 6 132 3 7 152 19 134 22 178 3 3 54 6 80 11 16 3 8 70 10 77 30 231 3 10 71 13 132 18 134 3 9 48 13 34 23 59 3 11 8 21 6 29 11 3 3 37 11 71 30 46 3 10 176 13 55 18 73 2 16 19 23 44 3 12 275 18 186 24 259 3 9 16 13 53 23 39 2 8 14 13 35 2 21 129 25 157 3 6 112 15 285 30 202 3 5 30 17 86 25 127 2 19 317 26 64 3 4 8 18 64 27 10 3 6 109 18 98 27 63 3 28 18 29 44 30 41 2 20 136 29 205 2 1 32 16 154 3 7 202 17 34 24 79 2 24 275 27 279 2 22 166 29 83 2 22 67 26 186 2 3 150 30 147
35 2 1 8 15 28 2 5 60 22 120 3 2 31 10 33 14 115 2 3 52 30 112 3 3 17 6 29 11 46 2 24 150 27 191 2 5 37 22 121 3 4 210 26 125 29 74 3 3 58 6 67 11 60 3 12 135 18 214 24 74 2 5 38 22 140 3 1 282 2 102 6 256 3 11 46 21 18 29 31 3 7 71 19 101 22 158 3 8 66 10 277 30 265 3 3 80 11 52 30 28 3 9 35 13 18 23 21 3 10 205 13 206 18 91 2 8 12 13 8 3 13 84 14 134 26 116 3 6 248 15 214 30 275 2 24 307 27 301 2 1 89 16 142 3 7 200 17 75 24 161 3 1 42 2 98 6 201 3 4 42 18 19 27 57 2 16 67 23 82 3 28 65 29 47 30 53 2 21 24 25 72 2 19 225 26 185 2 20 82 29 248 2 22 39 29 72 3 6 111 18 43 27 229 2 22 155 26 115 3 5 108 17 105 25 74
35 2 1 8 15 28 2 5 60 22 120 3 2 31 10 33 14 115 2 3 52 30 112 3 3 17 6 29 11 46 2 24 150 27 191 2 5 37 22 121 3 4 210 26 125 29 74 3 3 58 6 67 11 60 3 12 135 18 214 24 74 2 5 38 22 140 3 1 282 2 102 6 256 3 11 46 21 18 29 31 3 7 71 19 101 22 158 3 8 66 10 277 30 265 3 3 80 11 52 30 28 3 9 35 13 18 23 21 3 10 205 13 206 18 91 2 8 12 13 8 3 13 84 14 134 26 116 3 6 248 15 214 30 275 2 24 307 27 301 2 1 89 16 142 3 7 200 17 75 24 161 3 1 42 2 98 6 201 3 4 42 18 19 27 57 2 16 67 23 82 3 28 65 29 47 30 53 2 21 24 25 72 2 19 225 26 185 2 20 82 29 248 2 22 39 29 72 3 6 111 18 43 27 229 2 22 155 26 115 3 5 108 17 105 25 74
34 2 1 10 15 16 2 19 248 26 159 2 21 144 25 57 3 2 86 10 103 14 103 3 10 209 13 181 18 248 3 5 136 17 116 25 135 3 9 34 13 45 23 47 3 28 40 29 51 30 42 2 8 37 13 10 3 3 25 6 75 11 64 3 3 85 11 70 30 75 3 2 109 10 108 14 146 3 8 229 10 39 30 193 2 3 39 30 34 3 4 184 26 102 29 42 2 22 201 26 213 2 5 138 22 39 2 1 125 16 136 3 1 191 2 114 6 49 3 11 20 21 41 29 31 3 7 104 19 116 22 160 3 12 56 18 154 24 199 3 13 53 14 22 26 139 3 6 267 15 146 30 246 2 19 303 26 84 3 7 209 17 189 24 180 2 24 106 27 87 3 10 241 13 87 18 148 3 4 42 18 54 27 11 3 6 41 18 212 27 180 2 20 181 29 55 2 22 29 29 87 2 21 63 25 69 2 16 20 23 50
34 2 1 10 15 16 2 19 248 26 159 2 21 144 25 57 3 2 86 10 103 14 103 3 10 209 13 181 18 248 3 5 136 17 116 25 135 3 9 34 13 45 23 47 3 28 40 29 51 30 42 2 8 37 13 10 3 3 25 6 75 11 64 3 3 85 11 70 30 75 3 2 109 10 108 14 146 3 8 229 10 39 30 193 2 3 39 30 34 3 4 184 26 102 29 42 2 22 201 26 213 2 5 138 22 39 2 1 125 16 136 3 1 191 2 114 6 49 3 11 20 21 41 29 31 3 7 104 19 116 22 160 3 12 56 18 154 24 199 3 13 53 14 22 26 139 3 6 267 15 146 30 246 2 19 303 26 84 3 7 209 17 189 24 180 2 24 106 27 87 3 10 241 13 87 18 148 3 4 42 18 54 27 11 3 6 41 18 212 27 180 2 20 181 29 55 2 22 29 29 87 2 21 63 25 69 2 16 20 23 50
37 2 1 17 15 9 3 2 110 10 112 14 72 2 1 30 15 30 3 3 71 6 27 11 37 3 4 93 26 85 29 104 2 1 22 15 5 2 5 37 22 54 3 1 220 2 53 6 278 3 2 122 10 22 14 83 3 7 90 19 60 22 68 2 1 7 15 11 3 8 124 10 127 30 308 3 9 33 13 58 23 50 3 10 48 13 166 18 65 2 22 162 29 84 3 3 53 11 44 30 62 2 16 74 23 84 3 12 162 18 86 24 206 2 16 22 23 89 2 8 35 13 26 3 13 168 14 22 26 176 3 6 322 15 284 30 223 2 1 252 16 46 3 7 176 17 99 24 193 3 4 39 18 10 27 26 2 19 288 26 194 2 24 212 27 304 3 11 11 21 19 29 6 2 20 43 29 88 2 21 144 25 162 3 5 83 17 45 25 113 2 22 80 26 175 3 3 38 6 53 11 46 3 6 117 18 88 27 61 3 28 43 29 58 30 19 3 7 152 19 26 22 211 2 3 93 30 221
33 2 1 13 15 12 3 2 51 10 60 14 89 3 3 28 6 11 11 69 3 9 33 13 10 23 45 3 4 38 26 228 29 26 2 22 170 29 101 3 7 81 19 166 22 141 3 8 147 10 170 30 65 2 5 51 22 96 3 1 288 2 149 6 74 3 28 36 29 57 30 46 3 1 99 2 244 6 196 3 10 205 13 77 18 89 3 3 74 11 35 30 56 3 11 30 21 32 29 21 2 22 78 26 185 3 8 54 10 169 30 231 3 12 62 18 228 24 139 2 8 11 13 21 3 13 68 14 177 26 139 3 6 69 18 48 27 145 3 6 294 15 277 30 313 2 1 85 16 193 3 4 26 18 13 27 39 3 7 216 17 45 24 77 2 20 346 29 183 2 19 157 26 68 3 5 37 17 46 25 83 2 3 148 30 267 2 21 109 25 94 2 24 218 27 307 3 3 82 11 79 30 43 2 16 78 23 95
33 2 1 13 15 12 3 2 51 10 60 14 89 3 3 28 6 11 11 69 3 9 33 13 10 23 45 3 4 38 26 228 29 26 2 22 170 29 101 3 7 81 19 166 22 141 3 8 147 10 170 30 65 2 5 51 22 96 3 1 288 2 149 6 74 3 28 36 29 57 30 46 3 1 99 2 244 6 196 3 10 205 13 77 18 89 3 3 74 11 35 30 56 3 11 30 21 32 29 21 2 22 78 26 185 3 8 54 10 169 30 231 3 12 62 18 228 24 139 2 8 11 13 21 3 13 68 14 177 26 139 3 6 69 18 48 27 145 3 6 294 15 277 30 313 2 1 85 16 193 3 4 26 18 13 27 39 3 7 216 17 45 24 77 2 20 346 29 183 2 19 157 26 68 3 5 37 17 46 25 83 2 3 148 30 267 2 21 109 25 94 2 24 218 27 307 3 3 82 11 79 30 43 2 16 78 23 95
37 2 1 25 15 3 3 2 159 10 51 14 165 2 1 28 15 13 3 3 25 6 29 11 44 3 4 228 26 78 29 218 2 1 12 15 9 2 5 77 22 139 3 1 250 2 111 6 251 3 2 56 10 93 14 55 3 7 168 19 52 22 89 2 1 19 15 28 3 8 128 10 302 30 122 3 9 17 13 42 23 21 3 10 195 13 84 18 30 2 22 193 29 76 3 3 73 11 32 30 66 2 16 89 23 39 3 12 123 18 234 24 136 2 16 17 23 72 2 8 22 13 16 3 13 115 14 60 26 155 3 6 322 15 121 30 235 2 1 155 16 179 3 7 177 17 39 24 146 3 4 9 18 14 27 10 2 19 53 26 202 2 24 295 27 138 3 11 15 21 20 29 45 2 20 65 29 178 2 21 58 25 123 3 5 128 17 34 25 135 2 22 50 26 105 3 3 49 6 82 11 61 3 6 152 18 118 27 250 3 28 60 29 9 30 42 3 7 62 19 181 22 124 2 3 153 30 263
35 2 1 19 15 13 2 5 55 22 106 3 2 56 10 27 14 46 2 3 290 30 39 3 3 43 6 25 11 40 2 24 212 27 36 2 5 126 22 118 3 4 123 26 197 29 148 3 3 28 6 42 11 16 3 12 177 18 87 24 126 2 5 48 22 77 3 1 132 2 182 6 88 3 11 42 21 36 29 19 3 7 82 19 154 22 56 3 8 121 10 144 30 264 3 3 18 11 63 30 52 3 9 33 13 31 23 40 3 10 166 13 191 18 34 2 8 35 13 38 3 13 159 14 51 26 156 3 6 281 15 197 30 120 2 24 124 27 253 2 1 124 16 109 3 7 112 17 90 24 198 3 1 243 2 35 6 229 3 4 58 18 55 27 24 2 16 36 23 95 3 28 50 29 28 30 59 2 21 131 25 114 2 19 117 26 184 2 20 341 29 245 2 22 51 29 168 3 6 58 18 86 27 88 2 22 155 26 173 3 5 24 17 18 25 42
35 2 1 19 15 13 2 5 55 22 106 3 2 56 10 27 14 46 2 3 290 30 39 3 3 43 6 25 11 40 2 24 212 27 36 2 5 126 22 118 3 4 123 26 197 29 148 3 3 28 6 42 11 16 3 12 177 18 87 24 126 2 5 48 22 77 3 1 132 2 182 6 88 3 11 42 21 36 29 19 3 7 82 19 154 22 56 3 8 121 10 144 30 264 3 3 18 11 63 30 52 3 9 33 13 31 23 40 3 10 166 13 191 18 34 2 8 35 13 38 3 13 159 14 51 26 156 3 6 281 15 197 30 120 2 24 124 27 253 2 1 124 16 109 3 7 112 17 90 24 198 3 1 243 2 35 6 229 3 4 58 18 55 27 24 2 16 36 23 95 3 28 50 29 28 30 59 2 21 131 25 114 2 19 117 26 184 2 20 341 29 245 2 22 51 29 168 3 6 58 18 86 27 88 2 22 155 26 173 3 5 24 17 18 25 42
34 2 8 25 13 25 2 20 315 29 324 3 6 315 15 78 30 206 2 1 29 15 26 3 2 71 10 27 14 119 2 20 175 29 315 3 3 70 6 54 11 48 3 4 154 26 119 29 136 2 5 44 22 58 3 1 165 2 151 6 163 3 7 141 19 59 22 204 3 8 115 10 65 30 63 3 9 52 13 29 23 32 3 10 90 13 103 18 108 3 3 99 11 48 30 37 3 3 51 6 73 11 79 2 22 188 26 204 3 12 274 18 106 24 254 3 4 34 18 38 27 18 3 28 9 29 52 30 33 2 22 95 29 127 3 13 155 14 70 26 50 2 1 255 16 154 3 3 55 6 68 11 77 2 16 72 23 14 3 7 124 17 77 24 31 2 19 109 26 263 2 21 110 25 63 2 24 198 27 76 3 13 34 14 182 26 74 3 5 84 17 95 25 33 3 6 142 18 181 27 201 2 3 143 30 308 3 11 37 21 36 29 28
34 2 8 25 13 25 2 20 315 29 324 3 6 315 15 78 30 206 2 1 29 15 26 3 2 71 10 27 14 119 2 20 175 29 315 3 3 70 6 54 11 48 3 4 154 26 119 29 136 2 5 44 22 58 3 1 165 2 151 6 163 3 7 141 19 59 22 204 3 8 115 10 65 30 63 3 9 52 13 29 23 32 3 10 90 13 103 18 108 3 3 99 11 48 30 37 3 3 51 6 73 11 79 2 22 188 26 204 3 12 274 18 106 24 254 3 4 34 18 38 27 18 3 28 9 29 52 30 33 2 22 95 29 127 3 13 155 14 70 26 50 2 1 255 16 154 3 3 55 6 68 11 77 2 16 72 23 14 3 7 124 17 77 24 31 2 19 109 26 263 2 21 110 25 63 2 24 198 27 76 3 13 34 14 182 26 74 3 5 84 17 95 25 33 3 6 142 18 181 27 201 2 3 143 30 308 3 11 37 21 36 29 28
39 2 1 7 15 13 3 2 91 10 41 14 123 3 13 145 14 58 26 87 3 3 36 6 78 11 77 3 2 103 10 65 14 140 3 7 215 17 167 24 105 2 1 22 15 22 3 4 80 26 63 29 168 2 5 130 22 115 3 11 36 21 8 29 13 3 3 17 6 38 11 81 3 1 93 2 154 6 160 3 2 135 10 87 14 52 3 7 90 19 101 22 214 3 8 208 10 101 30 113 2 19 263 26 114 2 21 85 25 73 2 16 79 23 67 3 12 184 18 197 24 270 2 3 72 30 220 3 7 145 17 90 24 136 3 9 58 13 54 23 36 3 10 89 13 115 18 191 3 3 94 11 102 30 65 3 13 172 14 136 26 23 2 8 4 13 8 3 6 111 15 118 30 306 2 1 213 16 50 3 4 11 18 35 27 10 2 20 286 29 91 3 1 183 2 87 6 48 2 22 166 29 188 3 5 128 17 67 25 126 2 24 172 27 292 2 22 26 26 197 3 11 10 21 15 29 49 3 28 40 29 68 30 56 2 8 19 13 35 3 6 199 18 130 27 246
39 2 1 7 15 13 3 2 91 10 41 14 123 3 13 145 14 58 26 87 3 3 36 6 78 11 77 3 2 103 10 65 14 140 3 7 215 17 167 24 105 2 1 22 15 22 3 4 80 26 63 29 168 2 5 130 22 115 3 11 36 21 8 29 13 3 3 17 6 38 11 81 3 1 93 2 154 6 160 3 2 135 10 87 14 52 3 7 90 19 101 22 214 3 8 208 10 101 30 113 2 19 263 26 114 2 21 85 25 73 2 16 79 23 67 3 12 184 18 197 24 270 2 3 72 30 220 3 7 145 17 90 24 136 3 9 58 13 54 23 36 3 10 89 13 115 18 191 3 3 94 11 102 30 65 3 13 172 14 136 26 23 2 8 4 13 8 3 6 111 15 118 30 306 2 1 213 16 50 3 4 11 18 35 27 10 2 20 286 29 91 3 1 183 2 87 6 48 2 22 166 29 188 3 5 128 17 67 25 126 2 24 172 27 292 2 22 26 26 197 3 11 10 21 15 29 49 3 28 40 29 68 30 56 2 8 19 13 35 3 6 199 18 130 27 246
37 2 1 27 15 26 3 2 150 10 130 14 135 3 3 37 6 50 11 28 3 4 171 26 28 29 54 3 2 38 10 89 14 36 2 5 124 22 109 3 3 27 11 60 30 29 3 3 36 6 22 11 44 2 21 61 25 85 3 1 188 2 43 6 263 2 1 17 15 10 3 10 41 13 48 18 76 2 22 106 29 157 3 10 115 13 70 18 150 3 7 41 19 202 22 89 3 8 248 10 179 30 280 3 12 264 18 275 24 50 2 24 274 27 110 3 9 10 13 26 23 55 2 8 34 13 4 2 3 65 30 204 3 6 137 18 176 27 146 2 16 19 23 86 2 22 82 29 60 3 5 131 17 29 25 107 3 7 174 17 123 24 46 3 3 55 11 68 30 16 3 4 42 18 28 27 50 3 13 162 14 167 26 97 2 19 203 26 166 3 10 218 13 44 18 214 3 6 224 15 108 30 128 2 1 173 16 191 2 20 91 29 318 2 22 61 26 48 3 28 43 29 14 30 31 3 11 44 21 12 29 24
37 2 1 27 15 26 3 2 150 10 130 14 135 3 3 37 6 50 11 28 3 4 171 26 28 29 54 3 2 38 10 89 14 36 2 5 124 22 109 3 3 27 11 60 30 29 3 3 36 6 22 11 44 2 21 61 25 85 3 1 188 2 43 6 263 2 1 17 15 10 3 10 41 13 48 18 76 2 22 106 29 157 3 10 115 13 70 18 150 3 7 41 19 202 22 89 3 8 248 10 179 30 280 3 12 264 18 275 24 50 2 24 274 27 110 3 9 10 13 26 23 55 2 8 34 13 4 2 3 65 30 204 3 6 137 18 176 27 146 2 16 19 23 86 2 22 82 29 60 3 5 131 17 29 25 107 3 7 174 17 123 24 46 3 3 55 11 68 30 16 3 4 42 18 28 27 50 3 13 162 14 167 26 97 2 19 203 26 166 3 10 218 13 44 18 214 3 6 224 15 108 30 128 2 1 173 16 191 2 20 91 29 318 2 22 61 26 48 3 28 43 29 14 30 31 3 11 44 21 12 29 24
34 3 9 48 13 21 23 56 3 6 89 15 82 30 172 2 1 24 15 30 3 2 86 10 65 14 54 3 3 41 6 77 11 12 3 4 141 26 196 29 173 3 7 124 17 116 24 62 2 5 126 22 95 3 11 36 21 40 29 12 3 2 96 10 163 14 30 3 1 289 2 153 6 277 3 7 41 19 159 22 28 2 22 153 26 54 3 4 61 26 52 29 59 3 8 200 10 152 30 168 3 10 59 13 189 18 219 3 3 57 11 96 30 75 2 1 9 15 6 3 12 58 18 180 24 34 2 8 6 13 14 3 13 44 14 106 26 50 2 20 323 29 82 2 1 110 16 80 3 6 256 18 218 27 39 3 4 42 18 39 27 28 2 19 42 26 57 2 21 100 25 127 3 5 94 17 82 25 49 2 22 103 29 71 2 16 52 23 59 2 24 286 27 261 3 28 55 29 18 30 55 3 4 78 26 222 29 154 2 3 264 30 297
33 2 1 7 15 6 3 9 57 13 32 23 17 3 2 21 10 94 14 92 3 3 23 6 33 11 48 3 4 107 26 220 29 50 2 5 77 22 87 3 1 144 2 237 6 42 3 7 117 19 143 22 174 3 8 134 10 41 30 51 3 10 118 13 220 18 100 3 3 75 11 13 30 23 2 1 7 15 4 3 12 268 18 134 24 172 3 5 118 17 24 25 79 2 8 23 13 10 2 16 35 23 85 3 2 85 10 145 14 28 3 11 23 21 10 29 33 2 19 41 26 239 2 1 16 15 15 3 13 133 14 94 26 100 3 6 273 15 44 30 233 2 3 129 30 278 2 1 116 16 114 3 28 62 29 34 30 45 3 7 168 17 86 24 161 3 4 28 18 33 27 41 2 20 328 29 49 2 21 96 25 105 2 24 115 27 232 2 22 171 26 60 2 22 186 29 81 3 6 41 18 230 27 239
34 2 8 27 13 16 2 20 140 29 198 3 6 194 15 194 30 214 2 1 14 15 26 3 2 142 10 71 14 91 2 20 174 29 167 3 3 76 6 71 11 86 3 4 156 26 208 29 181 2 5 107 22 74 3 1 148 2 278 6 149 3 7 71 19 159 22 47 3 8 131 10 264 30 210 3 9 7 13 56 23 49 3 10 97 13 247 18 61 3 3 83 11 45 30 22 3 3 39 6 81 11 48 2 22 135 26 159 3 12 89 18 36 24 111 3 4 29 18 61 27 36 3 28 58 29 31 30 15 2 22 135 29 73 3 13 180 14 44 26 166 2 1 162 16 119 3 3 65 6 73 11 25 2 16 57 23 83 3 7 202 17 41 24 76 2 19 236 26 319 2 21 149 25 50 2 24 239 27 147 3 13 146 14 111 26 36 3 5 33 17 108 25 127 3 6 92 18 162 27 163 2 3 235 30 226 3 11 36 21 51 29 16
34 2 8 27 13 16 2 20 140 29 198 3 6 194 15 194 30 214 2 1 14 15 26 3 2 142 10 71 14 91 2 20 174 29 167 3 3 76 6 71 11 86 3 4 156 26 208 29 181 2 5 107 22 74 3 1 148 2 278 6 149 3 7 71 19 159 22 47 3 8 131 10 264 30 210 3 9 7 13 56 23 49 3 10 97 13 247 18 61 3 3 83 11 45 30 22 3 3 39 6 81 11 48 2 22 135 26 159 3 12 89 18 36 24 111 3 4 29 18 61 27 36 3 28 58 29 31 30 15 2 22 135 29 73 3 13 180 14 44 26 166 2 1 162 16 119 3 3 65 6 73 11 25 2 16 57 23 83 3 7 202 17 41 24 76 2 19 236 26 319 2 21 149 25 50 2 24 239 27 147 3 13 146 14 111 26 36 3 5 33 17 108 25 127 3 6 92 18 162 27 163 2 3 235 30 226 3 11 36 21 51 29 16
37 2 1 28 15 3 3 2 90 10 51 14 74 3 11 48 21 14 29 36 2 1 21 15 10 3 3 37 6 74 11 22 3 4 67 26 176 29 208 2 5 52 22 101 3 1 188 2 130 6 84 3 7 115 19 40 22 213 3 8 64 10 67 30 57 3 9 48 13 14 23 34 3 3 39 6 40 11 54 3 6 87 18 75 27 182 3 7 228 17 55 24 200 3 10 211 13 121 18 96 3 1 112 2 50 6 95 3 3 40 11 28 30 96 3 12 244 18 117 24 228 2 24 150 27 105 2 8 31 13 20 3 7 200 19 50 22 162 3 13 126 14 114 26 173 3 7 114 19 196 22 53 2 22 87 29 51 3 6 218 15 38 30 110 2 19 252 26 239 2 16 44 23 39 2 1 152 16 228 3 4 25 18 41 27 40 2 20 105 29 216 3 3 48 6 15 11 15 3 28 8 29 58 30 20 2 3 88 30 137 2 22 202 26 75 3 4 54 18 51 27 58 2 21 94 25 30 3 5 41 17 73 25 59
33 2 1 28 15 14 3 2 21 10 52 14 108 3 3 56 6 73 11 48 3 9 41 13 28 23 36 3 4 188 26 184 29 26 2 22 140 29 52 3 7 59 19 54 22 160 3 8 86 10 112 30 281 2 5 84 22 106 3 1 143 2 132 6 217 3 28 29 29 13 30 54 3 1 210 2 113 6 203 3 10 61 13 144 18 234 3 3 30 11 33 30 91 3 11 33 21 49 29 31 2 22 143 26 66 3 8 124 10 295 30 262 3 12 66 18 199 24 44 2 8 19 13 29 3 13 78 14 49 26 132 3 6 57 18 159 27 49 3 6 314 15 166 30 236 2 1 63 16 176 3 4 36 18 31 27 55 3 7 161 17 184 24 81 2 20 167 29 331 2 19 222 26 92 3 5 130 17 121 25 86 2 3 305 30 195 2 21 70 25 162 2 24 91 27 45 3 3 19 11 30 30 49 2 16 57 23 69
33 2 1 28 15 14 3 2 21 10 52 14 108 3 3 56 6 73 11 48 3 9 41 13 28 23 36 3 4 188 26 184 29 26 2 22 140 29 52 3 7 59 19 54 22 160 3 8 86 10 112 30 281 2 5 84 22 106 3 1 143 2 132 6 217 3 28 29 29 13 30 54 3 1 210 2 113 6 203 3 10 61 13 144 18 234 3 3 30 11 33 30 91 3 11 33 21 49 29 31 2 22 143 26 66 3 8 124 10 295 30 262 3 12 66 18 199 24 44 2 8 19 13 29 3 13 78 14 49 26 132 3 6 57 18 159 27 49 3 6 314 15 166 30 236 2 1 63 16 176 3 4 36 18 31 27 55 3 7 161 17 184 24 81 2 20 167 29 331 2 19 222 26 92 3 5 130 17 121 25 86 2 3 305 30 195 2 21 70 25 162 2 24 91 27 45 3 3 19 11 30 30 49 2 16 57 23 69
39 2 1 20 15 6 3 2 88 10 49 14 149 3 13 89 14 97 26 36 3 3 57 6 23 11 50 3 2 71 10 60 14 158 3 7 73 17 186 24 59 2 1 17 15 20 3 4 228 26 43 29 131 2 5 69 22 95 3 11 42 21 16 29 44 3 3 42 6 59 11 20 3 1 241 2 286 6 67 3 2 148 10 121 14 44 3 7 176 19 43 22 79 3 8 63 10 149 30 104 2 19 220 26 152 2 21 68 25 73 2 16 26 23 97 3 12 181 18 62 24 141 2 3 60 30 80 3 7 189 17 219 24 193 3 9 10 13 43 23 22 3 10 66 13 35 18 92 3 3 46 11 29 30 15 3 13 66 14 50 26 119 2 8 9 13 16 3 6 198 15 135 30 72 2 1 56 16 258 3 4 54 18 33 27 27 2 20 117 29 311 3 1 244 2 239 6 252 2 22 113 29 27 3 5 73 17 118 25 83 2 24 40 27 105 2 22 200 26 31 3 11 26 21 10 29 12 3 28 9 29 58 30 10 2 8 38 13 6 3 6 65 18 165 27 55
39 2 1 20 15 6 3 2 88 10 49 14 149 3 13 89 14 97 26 36 3 3 57 6 23 11 50 3 2 71 10 60 14 158 3 7 73 17 186 24 59 2 1 17 15 20 3 4 228 26 43 29 131 2 5 69 22 95 3 11 42 21 16 29 44 3 3 42 6 59 11 20 3 1 241 2 286 6 67 3 2 148 10 121 14 44 3 7 176 19 43 22 79 3 8 63 10 149 30 104 2 19 220 26 152 2 21 68 25 73 2 16 26 23 97 3 12 181 18 62 24 141 2 3 60 30 80 3 7 189 17 219 24 193 3 9 10 13 43 23 22 3 10 66 13 35 18 92 3 3 46 11 29 30 15 3 13 66 14 50 26 119 2 8 9 13 16 3 6 198 15 135 30 72 2 1 56 16 258 3 4 54 18 33 27 27 2 20 117 29 311 3 1 244 2 239 6 252 2 22 113 29 27 3 5 73 17 118 25 83 2 24 40 27 105 2 22 200 26 31 3 11 26 21 10 29 12 3 28 9 29 58 30 10 2 8 38 13 6 3 6 65 18 165 27 55
34 2 1 15 15 9 3 2 108 10 79 14 69 3 5 122 17 62 25 47 3 3 76 6 21 11 71 3 13 37 14 138 26 155 3 4 35 26 92 29 170 2 5 110 22 40 3 1 200 2 74 6 156 3 7 51 19 119 22 33 2 19 267 26 312 3 8 267 10 50 30 271 3 9 24 13 24 23 42 3 5 34 17 64 25 100 2 8 30 13 20 3 7 71 17 85 24 90 2 19 58 26 240 3 10 232 13 91 18 106 3 1 184 2 42 6 158 3 4 8 18 9 27 44 2 22 94 29 163 2 20 337 29 165 2 22 149 26 79 2 3 171 30 97 3 3 72 11 60 30 27 3 12 131 18 231 24 183 3 3 44 11 65 30 85 3 6 100 18 142 27 94 3 6 149 15 317 30 241 2 16 61 23 96 2 21 105 25 86 2 1 54 16 62 2 24 290 27 156 3 28 28 29 44 30 30 3 11 9 21 43 29 24
34 2 1 15 15 9 3 2 108 10 79 14 69 3 5 122 17 62 25 47 3 3 76 6 21 11 71 3 13 37 14 138 26 155 3 4 35 26 92 29 170 2 5 110 22 40 3 1 200 2 74 6 156 3 7 51 19 119 22 33 2 19 267 26 312 3 8 267 10 50 30 271 3 9 24 13 24 23 42 3 5 34 17 64 25 100 2 8 30 13 20 3 7 71 17 85 24 90 2 19 58 26 240 3 10 232 13 91 18 106 3 1 184 2 42 6 158 3 4 8 18 9 27 44 2 22 94 29 163 2 20 337 29 165 2 22 149 26 79 2 3 171 30 97 3 3 72 11 60 30 27 3 12 131 18 231 24 183 3 3 44 11 65 30 85 3 6 100 18 142 27 94 3 6 149 15 317 30 241 2 16 61 23 96 2 21 105 25 86 2 1 54 16 62 2 24 290 27 156 3 28 28 29 44 30 30 3 11 9 21 43 29 24
33 2 1 11 15 27 3 9 51 13 49 23 47 3 2 134 10 153 14 106 3 3 50 6 61 11 34 3 4 212 26 86 29 36 2 5 82 22 75 3 1 163 2 192 6 221 3 7 87 19 192 22 73 3 8 157 10 297 30 82 3 10 45 13 215 18 158 3 3 37 11 17 30 24 2 1 16 15 6 3 12 40 18 119 24 180 3 5 108 17 106 25 74 2 8 28 13 35 2 16 56 23 72 3 2 52 10 107 14 59 3 11 16 21 10 29 17 2 19 159 26 123 2 1 4 15 23 3 13 81 14 119 26 50 3 6 108 15 172 30 254 2 3 35 30 52 2 1 221 16 190 3 28 43 29 22 30 25 3 7 66 17 120 24 150 3 4 57 18 48 27 47 2 20 169 29 230 2 21 98 25 47 2 24 44 27 232 2 22 179 26 54 2 22 118 29 194 3 6 130 18 40 27 83
34 2 8 6 13 35 2 20 262 29 307 3 6 219 15 82 30 183 2 1 21 15 15 3 2 166 10 30 14 77 2 20 145 29 120 3 3 42 6 64 11 59 3 4 149 26 120 29 114 2 5 110 22 106 3 1 68 2 193 6 130 3 7 180 19 104 22 139 3 8 300 10 54 30 95 3 9 58 13 55 23 45 3 10 173 13 195 18 47 3 3 92 11 13 30 62 3 3 69 6 76 11 71 2 22 57 26 90 3 12 191 18 64 24 158 3 4 45 18 54 27 62 3 28 65 29 11 30 41 2 22 83 29 84 3 13 131 14 43 26 98 2 1 263 16 144 3 3 74 6 63 11 16 2 16 23 23 15 3 7 68 17 190 24 90 2 19 145 26 88 2 21 67 25 147 2 24 181 27 182 3 13 29 14 54 26 60 3 5 43 17 72 25 21 3 6 210 18 65 27 111 2 3 297 30 89 3 11 12 21 13 29 13
34 2 1 25 15 18 3 1 58 2 229 6 50 3 2 108 10 30 14 32 3 3 14 6 80 11 48 2 1 27 15 13 3 4 34 26 155 29 98 2 16 87 23 13 2 5 119 22 107 3 2 32 10 94 14 144 2 8 38 13 6 3 12 83 18 152 24 80 3 7 94 19 173 22 113 3 8 306 10 64 30 271 3 9 11 13 34 23 12 3 11 23 21 35 29 27 3 12 265 18 126 24 216 3 10 123 13 142 18 133 3 3 99 11 63 30 72 3 7 40 17 26 24 44 3 13 162 14 162 26 181 3 6 128 15 62 30 222 3 6 45 18 45 27 101 2 19 164 26 291 2 1 45 16 180 3 4 18 18 46 27 25 2 22 134 26 156 2 20 100 29 228 2 21 139 25 26 2 22 40 29 111 3 6 225 15 163 30 50 2 3 128 30 226 2 24 283 27 184 3 5 120 17 22 25 67 3 28 67 29 59 30 63
34 2 8 24 13 22 2 20 195 29 316 3 6 183 15 72 30 42 2 1 14 15 18 3 2 94 10 82 14 75 2 20 123 29 132 3 3 70 6 54 11 51 3 4 117 26 40 29 142 2 5 110 22 52 3 1 41 2 127 6 111 3 7 75 19 60 22 172 3 8 165 10 241 30 49 3 9 49 13 49 23 35 3 10 175 13 134 18 52 3 3 78 11 67 30 82 3 3 80 6 53 11 44 2 22 128 26 165 3 12 94 18 120 24 37 3 4 52 18 48 27 18 3 28 51 29 30 30 38 2 22 191 29 136 3 13 146 14 39 26 47 2 1 88 16 237 3 3 41 6 61 11 74 2 16 62 23 74 3 7 146 17 177 24 200 2 19 160 26 139 2 21 78 25 118 2 24 305 27 304 3 13 128 14 170 26 135 3 5 77 17 121 25 68 3 6 145 18 91 27 252 2 3 96 30 113 3 11 7 21 13 29 49
37 2 1 3 15 11 3 2 22 10 156 14 23 2 1 18 15 11 3 3 37 6 73 11 61 3 4 217 26 207 29 73 2 1 28 15 14 2 5 43 22 94 3 1 73 2 123 6 221 3 2 36 10 138 14 155 3 7 193 19 56 22 102 2 1 5 15 12 3 8 69 10 80 30 210 3 9 24 13 19 23 21 3 10 155 13 143 18 123 2 22 148 29 187 3 3 103 11 68 30 96 2 16 73 23 29 3 12 36 18 174 24 252 2 16 59 23 90 2 8 11 13 34 3 13 74 14 183 26 100 3 6 42 15 73 30 128 2 1 165 16 85 3 7 134 17 150 24 189 3 4 37 18 31 27 54 2 19 287 26 220 2 24 108 27 63 3 11 46 21 20 29 27 2 20 310 29 99 2 21 36 25 120 3 5 89 17 84 25 96 2 22 150 26 177 3 3 66 6 12 11 76 3 6 125 18 114 27 114 3 28 9 29 24 30 46 3 7 81 19 206 22 118 2 3 202 30 288
37 2 1 3 15 11 3 2 22 10 156 14 23 2 1 18 15 11 3 3 37 6 73 11 61 3 4 217 26 207 29 73 2 1 28 15 14 2 5 43 22 94 3 1 73 2 123 6 221 3 2 36 10 138 14 155 3 7 193 19 56 22 102 2 1 5 15 12 3 8 69 10 80 30 210 3 9 24 13 19 23 21 3 10 155 13 143 18 123 2 22 148 29 187 3 3 103 11 68 30 96 2 16 73 23 29 3 12 36 18 174 24 252 2 16 59 23 90 2 8 11 13 34 3 13 74 14 183 26 100 3 6 42 15 73 30 128 2 1 165 16 85 3 7 134 17 150 24 189 3 4 37 18 31 27 54 2 19 287 26 220 2 24 108 27 63 3 11 46 21 20 29 27 2 20 310 29 99 2 21 36 25 120 3 5 89 17 84 25 96 2 22 150 26 177 3 3 66 6 12 11 76 3 6 125 18 114 27 114 3 28 9 29 24 30 46 3 7 81 19 206 22 118 2 3 202 30 288
37 2 1 3 15 11 3 2 22 10 156 14 23 2 1 18 15 11 3 3 37 6 73 11 61 3 4 217 26 207 29 73 2 1 28 15 14 2 5 43 22 94 3 1 73 2 123 6 221 3 2 36 10 138 14 155 3 7 193 19 56 22 102 2 1 5 15 12 3 8 69 10 80 30 210 3 9 24 13 19 23 21 3 10 155 13 143 18 123 2 22 148 29 187 3 3 103 11 68 30 96 2 16 73 23 29 3 12 36 18 174 24 252 2 16 59 23 90 2 8 11 13 34 3 13 74 14 183 26 100 3 6 42 15 73 30 128 2 1 165 16 85 3 7 134 17 150 24 189 3 4 37 18 31 27 54 2 19 287 26 220 2 24 108 27 63 3 11 46 21 20 29 27 2 20 310 29 99 2 21 36 25 120 3 5 89 17 84 25 96 2 22 150 26 177 3 3 66 6 12 11 76 3 6 125 18 114 27 114 3 28 9 29 24 30 46 3 7 81 19 206 22 118 2 3 202 30 288
37 2 1 18 15 13 3 2 46 10 149 14 52 3 3 58 6 12 11 45 3 4 84 26 144 29 114 3 2 29 10 23 14 157 2 5 74 22 32 3 3 18 11 86 30 26 3 3 49 6 76 11 65 2 21 125 25 76 3 1 269 2 37 6 135 2 1 22 15 9 3 10 148 13 233 18 231 2 22 195 29 48 3 10 107 13 91 18 240 3 7 124 19 149 22 152 3 8 196 10 176 30 115 3 12 160 18 201 24 149 2 24 247 27 78 3 9 36 13 11 23 17 2 8 39 13 7 2 3 206 30 256 3 6 172 18 105 27 81 2 16 57 23 33 2 22 63 29 27 3 5 73 17 96 25 38 3 7 115 17 218 24 138 3 3 104 11 80 30 33 3 4 12 18 13 27 10 3 13 58 14 102 26 60 2 19 292 26 305 3 10 207 13 172 18 200 3 6 240 15 99 30 187 2 1 185 16 118 2 20 94 29 145 2 22 168 26 61 3 28 26 29 13 30 23 3 11 46 21 46 29 29
34 2 1 28 15 14 3 2 40 10 92 14 169 3 5 66 17 130 25 69 3 3 15 6 60 11 35 3 13 92 14 43 26 90 3 4 41 26 142 29 158 2 5 109 22 16 3 1 237 2 123 6 146 3 7 82 19 53 22 42 2 19 75 26 209 3 8 57 10 60 30 238 3 9 41 13 38 23 52 3 5 93 17 105 25 89 2 8 15 13 31 3 7 196 17 60 24 155 2 19 82 26 99 3 10 212 13 161 18 190 3 1 205 2 289 6 202 3 4 43 18 18 27 21 2 22 192 29 36 2 20 189 29 261 2 22 41 26 30 2 3 274 30 122 3 3 37 11 93 30 57 3 12 207 18 233 24 275 3 3 26 11 50 30 56 3 6 111 18 177 27 131 3 6 217 15 297 30 127 2 16 40 23 18 2 21 149 25 25 2 1 230 16 35 2 24 37 27 43 3 28 24 29 21 30 21 3 11 42 21 45 29 36
DUE_DATES: 6613 6613 5644 5644 6416 6552 6552 6552 6289 6289 6289 6008 6127 6127 6451 6451 6176 6176 6143 6267 6267 6235 6235 6235 6523 6523 6940 6940 6271 6271 5916 5455 6550 6550 5846 6064 6064 5876 5876 6173 6173 5282 5826 5873 6064 6133 6133 6133 6493 5837
WEIGHTS: 2 1 3 1 1 2 1 3 3 2 1 1 2 3 1 3 3 3 3 3 1 2 3 1 2 2 1 3 1 3 3 1 3 3 1 3 1 3 2 3 3 1 3 3 3 2 3 3 2 1
