50 30
35 3 1 158 15 133 23 137 2 2 76 19 86 2 18 119 25 90 3 3 98 21 82 23 86 3 4 66 6 79 7 64 3 3 77 21 88 23 71 2 5 169 8 147 3 6 11 20 13 22 13 3 3 68 21 76 23 86 2 7 2 13 1 3 2 109 8 109 25 109 2 9 68 10 65 3 9 146 10 159 11 138 3 4 74 6 74 7 68 2 22 23 27 30 4 9 33 11 31 27 31 30 35 2 21 134 23 121 4 9 38 11 32 27 33 30 35 2 18 27 24 32 2 10 98 12 129 2 11 79 13 61 3 12 71 13 74 14 74 3 4 13 15 9 16 13 1 29 165 2 16 125 30 159 2 8 98 17 111 2 2 25 30 23 2 13 81 19 89 3 2 27 26 24 27 32 3 8 3 20 3 25 3 3 12 33 23 33 27 30 3 12 77 21 69 26 60 2 18 120 25 102 2 9 113 28 83 3 3 58 7 62 25 60
35 3 1 158 15 133 23 137 2 2 76 19 86 2 18 119 25 90 3 3 98 21 82 23 86 3 4 66 6 79 7 64 3 3 77 21 88 23 71 2 5 169 8 147 3 6 11 20 13 22 13 3 3 68 21 76 23 86 2 7 2 13 1 3 2 109 8 109 25 109 2 9 68 10 65 3 9 146 10 159 11 138 3 4 74 6 74 7 68 2 22 23 27 30 4 9 33 11 31 27 31 30 35 2 21 134 23 121 4 9 38 11 32 27 33 30 35 2 18 27 24 32 2 10 98 12 129 2 11 79 13 61 3 12 71 13 74 14 74 3 4 13 15 9 16 13 1 29 165 2 16 125 30 159 2 8 98 17 111 2 2 25 30 23 2 13 81 19 89 3 2 27 26 24 27 32 3 8 3 20 3 25 3 3 12 33 23 33 27 30 3 12 77 21 69 26 60 2 18 120 25 102 2 9 113 28 83 3 3 58 7 62 25 60
40 2 18 31 24 33 3 1 147 15 119 23 114 3 4 59 6 60 7 60 2 18 25 24 26 2 2 76 19 69 2 9 48 10 69 3 4 60 6 55 7 76 4 9 37 11 31 27 32 30 37 3 3 75 21 92 23 84 3 4 63 6 71 7 63 1 29 137 2 9 66 10 51 2 5 157 8 119 4 9 37 11 27 27 32 30 32 2 21 137 23 149 3 4 58 6 81 7 58 3 12 27 23 28 27 33 2 21 151 23 127 3 6 12 20 10 22 13 2 7 1 13 2 3 2 121 8 109 25 91 3 9 144 10 160 11 133 2 2 76 19 75 2 13 91 19 103 2 10 112 12 120 2 11 79 13 62 3 4 70 6 57 7 65 3 2 21 26 30 27 24 3 12 67 13 55 14 68 3 4 13 15 12 16 9 3 3 63 7 69 25 61 2 16 133 30 148 2 2 25 30 22 2 8 93 17 107 3 12 71 21 62 26 61 2 9 113 28 89 2 10 102 12 129 2 22 22 27 29 2 18 88 25 107 3 8 4 20 4 25 4
36 3 1 151 15 122 23 125 2 2 79 19 76 3 3 83 21 97 23 73 2 2 80 19 74 3 4 61 6 57 7 76 3 3 96 21 85 23 95 2 22 26 27 30 2 5 151 8 134 3 6 12 20 10 22 14 2 7 1 13 2 3 2 93 8 93 25 108 2 5 140 8 126 2 9 56 10 67 3 9 165 10 162 11 133 2 7 2 13 1 4 9 33 11 35 27 33 30 26 2 10 110 12 132 2 11 58 13 80 2 8 106 17 122 3 2 102 8 97 25 90 3 12 75 13 72 14 63 2 16 160 30 165 3 4 14 15 12 16 10 2 18 120 25 123 2 13 91 19 87 3 8 3 20 4 25 3 2 21 104 23 119 3 12 29 23 32 27 26 2 18 25 24 31 3 12 54 21 76 26 72 3 3 70 7 67 25 65 3 2 30 26 24 27 24 2 18 102 25 121 2 9 111 28 118 1 29 184 2 2 24 30 20
36 3 1 151 15 122 23 125 2 2 79 19 76 3 3 83 21 97 23 73 2 2 80 19 74 3 4 61 6 57 7 76 3 3 96 21 85 23 95 2 22 26 27 30 2 5 151 8 134 3 6 12 20 10 22 14 2 7 1 13 2 3 2 93 8 93 25 108 2 5 140 8 126 2 9 56 10 67 3 9 165 10 162 11 133 2 7 2 13 1 4 9 33 11 35 27 33 30 26 2 10 110 12 132 2 11 58 13 80 2 8 106 17 122 3 2 102 8 97 25 90 3 12 75 13 72 14 63 2 16 160 30 165 3 4 14 15 12 16 10 2 18 120 25 123 2 13 91 19 87 3 8 3 20 4 25 3 2 21 104 23 119 3 12 29 23 32 27 26 2 18 25 24 31 3 12 54 21 76 26 72 3 3 70 7 67 25 65 3 2 30 26 24 27 24 2 18 102 25 121 2 9 111 28 118 1 29 184 2 2 24 30 20
36 3 1 151 15 122 23 125 2 2 79 19 76 3 3 83 21 97 23 73 2 2 80 19 74 3 4 61 6 57 7 76 3 3 96 21 85 23 95 2 22 26 27 30 2 5 151 8 134 3 6 12 20 10 22 14 2 7 1 13 2 3 2 93 8 93 25 108 2 5 140 8 126 2 9 56 10 67 3 9 165 10 162 11 133 2 7 2 13 1 4 9 33 11 35 27 33 30 26 2 10 110 12 132 2 11 58 13 80 2 8 106 17 122 3 2 102 8 97 25 90 3 12 75 13 72 14 63 2 16 160 30 165 3 4 14 15 12 16 10 2 18 120 25 123 2 13 91 19 87 3 8 3 20 4 25 3 2 21 104 23 119 3 12 29 23 32 27 26 2 18 25 24 31 3 12 54 21 76 26 72 3 3 70 7 67 25 65 3 2 30 26 24 27 24 2 18 102 25 121 2 9 111 28 118 1 29 184 2 2 24 30 20
34 3 12 68 13 68 14 54 3 1 139 15 134 23 151 3 8 4 20 4 25 4 2 2 64 19 74 3 3 94 21 79 23 66 3 4 61 6 58 7 81 2 5 175 8 144 3 3 57 7 76 25 79 2 18 32 24 26 3 6 14 20 11 22 11 2 7 1 13 2 3 2 115 8 88 25 108 2 9 59 10 55 3 9 135 10 134 11 125 4 9 27 11 28 27 34 30 32 3 3 77 21 71 23 69 2 10 126 12 132 2 11 55 13 69 3 4 80 6 74 7 81 2 13 87 19 73 3 2 31 26 32 27 29 3 4 10 15 13 16 10 2 16 178 30 168 2 8 97 17 109 2 18 117 25 87 3 4 14 15 12 16 11 2 21 147 23 131 3 6 9 20 12 22 14 2 22 22 27 24 3 12 25 23 23 27 32 2 9 93 28 96 3 12 74 21 70 26 70 1 29 132 2 2 26 30 20
36 3 1 151 15 156 23 129 2 2 63 19 77 3 3 76 21 83 23 74 2 2 77 19 78 3 4 64 6 65 7 59 3 3 86 21 94 23 83 2 22 24 27 28 2 5 174 8 123 3 6 14 20 10 22 10 2 7 1 13 1 3 2 112 8 86 25 97 2 5 149 8 138 2 9 57 10 64 3 9 115 10 135 11 149 2 7 1 13 2 4 9 34 11 29 27 30 30 30 2 10 122 12 106 2 11 80 13 78 2 8 137 17 132 3 2 113 8 111 25 106 3 12 57 13 64 14 58 2 16 143 30 152 3 4 11 15 11 16 13 2 18 88 25 90 2 13 73 19 100 3 8 3 20 4 25 4 2 21 138 23 148 3 12 32 23 25 27 26 2 18 33 24 35 3 12 74 21 53 26 54 3 3 77 7 77 25 71 3 2 24 26 24 27 23 2 18 110 25 89 2 9 104 28 98 1 29 149 2 2 20 30 21
36 3 1 151 15 156 23 129 2 2 63 19 77 3 3 76 21 83 23 74 2 2 77 19 78 3 4 64 6 65 7 59 3 3 86 21 94 23 83 2 22 24 27 28 2 5 174 8 123 3 6 14 20 10 22 10 2 7 1 13 1 3 2 112 8 86 25 97 2 5 149 8 138 2 9 57 10 64 3 9 115 10 135 11 149 2 7 1 13 2 4 9 34 11 29 27 30 30 30 2 10 122 12 106 2 11 80 13 78 2 8 137 17 132 3 2 113 8 111 25 106 3 12 57 13 64 14 58 2 16 143 30 152 3 4 11 15 11 16 13 2 18 88 25 90 2 13 73 19 100 3 8 3 20 4 25 4 2 21 138 23 148 3 12 32 23 25 27 26 2 18 33 24 35 3 12 74 21 53 26 54 3 3 77 7 77 25 71 3 2 24 26 24 27 23 2 18 110 25 89 2 9 104 28 98 1 29 149 2 2 20 30 21
37 3 4 63 6 58 7 71 2 13 75 19 93 3 1 113 15 138 23 112 3 4 68 6 67 7 68 2 2 63 19 83 2 22 22 27 22 3 1 107 15 135 23 141 3 3 91 21 85 23 82 2 5 175 8 140 3 6 10 20 12 22 14 2 10 97 12 134 2 7 2 13 1 1 29 141 3 4 13 15 11 16 11 3 2 106 8 95 25 90 2 9 71 10 65 2 2 72 19 90 3 9 114 10 160 11 138 2 5 122 8 151 3 12 61 21 52 26 73 3 2 22 26 31 27 21 2 18 27 24 35 3 6 11 20 12 22 11 3 3 77 7 55 25 62 3 4 59 6 68 7 55 4 9 33 11 30 27 33 30 34 2 11 71 13 72 2 18 103 25 112 3 12 72 13 61 14 68 3 3 81 7 74 25 77 2 16 122 30 130 2 8 101 17 93 3 8 3 20 4 25 4 3 12 30 23 22 27 24 2 21 117 23 136 2 9 119 28 109 2 2 26 30 24
34 3 1 130 15 135 23 146 2 2 80 19 67 3 3 91 21 92 23 70 3 4 58 6 75 7 60 2 18 84 25 102 2 5 175 8 124 3 6 13 20 11 22 9 2 18 35 24 32 2 7 1 13 1 3 2 103 8 107 25 98 2 9 48 10 50 2 8 93 17 124 3 3 64 7 73 25 75 2 21 143 23 152 2 8 118 17 94 3 9 122 10 147 11 123 2 13 91 19 95 3 6 10 20 13 22 12 3 12 63 13 62 14 72 4 9 30 11 32 27 37 30 29 2 10 120 12 138 2 9 119 28 101 2 11 57 13 78 2 13 75 19 96 3 4 12 15 11 16 10 2 16 149 30 176 3 8 3 20 3 25 4 3 12 29 23 28 27 26 3 12 59 21 57 26 63 1 29 184 2 2 22 30 27 2 13 85 19 91 2 22 28 27 32 3 2 32 26 23 27 28
37 3 4 77 6 77 7 68 2 13 102 19 78 3 1 123 15 108 23 126 3 4 62 6 59 7 76 2 2 77 19 90 2 22 32 27 33 3 1 128 15 123 23 142 3 3 90 21 94 23 71 2 5 156 8 144 3 6 9 20 13 22 11 2 10 110 12 129 2 7 2 13 1 1 29 157 3 4 10 15 13 16 9 3 2 89 8 88 25 94 2 9 70 10 66 2 2 77 19 68 3 9 169 10 148 11 151 2 5 161 8 168 3 12 55 21 60 26 71 3 2 24 26 26 27 27 2 18 28 24 27 3 6 11 20 13 22 10 3 3 80 7 68 25 58 3 4 63 6 65 7 74 4 9 29 11 37 27 33 30 29 2 11 58 13 59 2 18 118 25 110 3 12 58 13 76 14 67 3 3 61 7 57 25 77 2 16 156 30 158 2 8 108 17 136 3 8 3 20 3 25 4 3 12 25 23 25 27 30 2 21 106 23 136 2 9 121 28 82 2 2 25 30 22
37 3 4 77 6 77 7 68 2 13 102 19 78 3 1 123 15 108 23 126 3 4 62 6 59 7 76 2 2 77 19 90 2 22 32 27 33 3 1 128 15 123 23 142 3 3 90 21 94 23 71 2 5 156 8 144 3 6 9 20 13 22 11 2 10 110 12 129 2 7 2 13 1 1 29 157 3 4 10 15 13 16 9 3 2 89 8 88 25 94 2 9 70 10 66 2 2 77 19 68 3 9 169 10 148 11 151 2 5 161 8 168 3 12 55 21 60 26 71 3 2 24 26 26 27 27 2 18 28 24 27 3 6 11 20 13 22 10 3 3 80 7 68 25 58 3 4 63 6 65 7 74 4 9 29 11 37 27 33 30 29 2 11 58 13 59 2 18 118 25 110 3 12 58 13 76 14 67 3 3 61 7 57 25 77 2 16 156 30 158 2 8 108 17 136 3 8 3 20 3 25 4 3 12 25 23 25 27 30 2 21 106 23 136 2 9 121 28 82 2 2 25 30 22
36 3 1 125 15 109 23 136 2 9 94 28 95 2 2 74 19 62 3 4 58 6 61 7 66 3 3 76 21 76 23 70 2 5 124 8 152 2 2 68 19 73 3 2 117 8 106 25 121 3 6 12 20 11 22 13 2 7 2 13 2 3 2 22 26 21 27 27 3 4 79 6 64 7 72 2 9 56 10 68 3 9 118 10 123 11 147 4 9 35 11 36 27 37 30 30 2 16 165 30 132 2 10 112 12 114 2 18 97 25 96 2 11 65 13 77 3 12 65 13 63 14 58 3 4 10 15 13 16 11 3 4 65 6 78 7 78 2 2 24 30 20 2 11 56 13 66 2 13 92 19 105 3 8 4 20 4 25 3 2 8 124 17 107 2 21 121 23 121 3 2 27 26 24 27 31 3 12 76 21 62 26 57 2 22 31 27 23 3 12 30 23 28 27 31 2 7 1 13 1 2 18 32 24 28 3 3 62 7 63 25 73 1 29 129
36 3 1 125 15 109 23 136 2 9 94 28 95 2 2 74 19 62 3 4 58 6 61 7 66 3 3 76 21 76 23 70 2 5 124 8 152 2 2 68 19 73 3 2 117 8 106 25 121 3 6 12 20 11 22 13 2 7 2 13 2 3 2 22 26 21 27 27 3 4 79 6 64 7 72 2 9 56 10 68 3 9 118 10 123 11 147 4 9 35 11 36 27 37 30 30 2 16 165 30 132 2 10 112 12 114 2 18 97 25 96 2 11 65 13 77 3 12 65 13 63 14 58 3 4 10 15 13 16 11 3 4 65 6 78 7 78 2 2 24 30 20 2 11 56 13 66 2 13 92 19 105 3 8 4 20 4 25 3 2 8 124 17 107 2 21 121 23 121 3 2 27 26 24 27 31 3 12 76 21 62 26 57 2 22 31 27 23 3 12 30 23 28 27 31 2 7 1 13 1 2 18 32 24 28 3 3 62 7 63 25 73 1 29 129
37 3 1 156 15 119 23 140 2 2 73 19 67 3 3 97 21 92 23 67 3 4 60 6 81 7 79 3 3 86 21 89 23 80 2 5 133 8 163 3 6 11 20 14 22 9 2 5 173 8 120 2 7 2 13 2 2 11 75 13 77 3 2 94 8 121 25 90 2 9 64 10 54 3 9 126 10 115 11 122 2 9 60 10 71 3 8 3 20 4 25 4 4 9 29 11 31 27 33 30 36 3 9 138 10 153 11 125 2 10 121 12 136 2 16 144 30 127 3 2 28 26 32 27 31 2 18 36 24 26 3 6 13 20 11 22 13 2 21 119 23 126 1 29 150 3 12 66 13 62 14 53 3 4 12 15 14 16 10 2 8 111 17 132 2 18 109 25 90 3 8 4 20 4 25 4 2 13 80 19 75 2 5 126 8 154 3 12 25 23 26 27 33 2 22 33 27 28 3 3 66 7 67 25 62 3 12 52 21 52 26 65 2 2 19 30 24 2 9 120 28 111
37 3 1 156 15 119 23 140 2 2 73 19 67 3 3 97 21 92 23 67 3 4 60 6 81 7 79 3 3 86 21 89 23 80 2 5 133 8 163 3 6 11 20 14 22 9 2 5 173 8 120 2 7 2 13 2 2 11 75 13 77 3 2 94 8 121 25 90 2 9 64 10 54 3 9 126 10 115 11 122 2 9 60 10 71 3 8 3 20 4 25 4 4 9 29 11 31 27 33 30 36 3 9 138 10 153 11 125 2 10 121 12 136 2 16 144 30 127 3 2 28 26 32 27 31 2 18 36 24 26 3 6 13 20 11 22 13 2 21 119 23 126 1 29 150 3 12 66 13 62 14 53 3 4 12 15 14 16 10 2 8 111 17 132 2 18 109 25 90 3 8 4 20 4 25 4 2 13 80 19 75 2 5 126 8 154 3 12 25 23 26 27 33 2 22 33 27 28 3 3 66 7 67 25 62 3 12 52 21 52 26 65 2 2 19 30 24 2 9 120 28 111
37 3 1 156 15 119 23 140 2 2 73 19 67 3 3 97 21 92 23 67 3 4 60 6 81 7 79 3 3 86 21 89 23 80 2 5 133 8 163 3 6 11 20 14 22 9 2 5 173 8 120 2 7 2 13 2 2 11 75 13 77 3 2 94 8 121 25 90 2 9 64 10 54 3 9 126 10 115 11 122 2 9 60 10 71 3 8 3 20 4 25 4 4 9 29 11 31 27 33 30 36 3 9 138 10 153 11 125 2 10 121 12 136 2 16 144 30 127 3 2 28 26 32 27 31 2 18 36 24 26 3 6 13 20 11 22 13 2 21 119 23 126 1 29 150 3 12 66 13 62 14 53 3 4 12 15 14 16 10 2 8 111 17 132 2 18 109 25 90 3 8 4 20 4 25 4 2 13 80 19 75 2 5 126 8 154 3 12 25 23 26 27 33 2 22 33 27 28 3 3 66 7 67 25 62 3 12 52 21 52 26 65 2 2 19 30 24 2 9 120 28 111
37 3 1 109 15 154 23 126 3 9 135 10 153 11 134 2 2 68 19 89 3 3 67 21 95 23 97 3 4 65 6 67 7 63 3 3 55 7 67 25 65 2 5 173 8 136 3 1 147 15 159 23 131 3 6 11 20 12 22 13 2 7 1 13 2 3 2 86 8 89 25 114 2 9 59 10 66 2 18 28 24 33 3 2 125 8 101 25 91 4 9 34 11 38 27 29 30 28 2 10 109 12 103 2 11 56 13 59 3 12 76 13 53 14 62 3 6 10 20 11 22 9 3 4 11 15 13 16 10 1 29 164 2 9 116 28 105 2 9 53 10 53 2 16 147 30 147 2 2 20 30 25 2 8 126 17 115 3 2 104 8 127 25 120 2 13 97 19 96 2 18 124 25 99 2 13 89 19 102 3 8 4 20 3 25 3 3 6 10 20 10 22 12 3 2 25 26 21 27 29 2 21 136 23 127 3 12 28 23 30 27 32 2 22 23 27 28 3 12 63 21 68 26 57
37 3 4 62 6 62 7 56 2 13 99 19 106 3 1 118 15 147 23 141 3 4 76 6 81 7 68 2 2 87 19 70 2 22 28 27 22 3 1 134 15 119 23 140 3 3 67 21 90 23 84 2 5 155 8 174 3 6 12 20 11 22 12 2 10 132 12 116 2 7 2 13 2 1 29 146 3 4 12 15 10 16 13 3 2 103 8 96 25 114 2 9 58 10 53 2 2 79 19 61 3 9 116 10 131 11 162 2 5 156 8 150 3 12 52 21 63 26 52 3 2 24 26 26 27 30 2 18 25 24 25 3 6 13 20 12 22 12 3 3 65 7 70 25 56 3 4 55 6 60 7 72 4 9 31 11 34 27 35 30 31 2 11 61 13 73 2 18 87 25 110 3 12 77 13 53 14 54 3 3 70 7 59 25 71 2 16 152 30 145 2 8 104 17 131 3 8 3 20 3 25 4 3 12 27 23 30 27 30 2 21 105 23 151 2 9 116 28 117 2 2 25 30 26
35 3 1 143 15 141 23 138 2 2 66 19 72 2 18 99 25 86 3 3 75 21 91 23 92 3 4 78 6 74 7 77 3 3 73 21 83 23 86 2 5 145 8 132 3 6 13 20 11 22 12 3 3 74 21 94 23 86 2 7 2 13 2 3 2 117 8 111 25 97 2 9 57 10 60 3 9 134 10 143 11 165 3 4 72 6 66 7 71 2 22 25 27 30 4 9 29 11 35 27 26 30 26 2 21 111 23 108 4 9 27 11 29 27 29 30 33 2 18 32 24 36 2 10 130 12 127 2 11 63 13 63 3 12 59 13 65 14 69 3 4 11 15 9 16 13 1 29 143 2 16 166 30 176 2 8 93 17 133 2 2 20 30 26 2 13 78 19 77 3 2 27 26 27 27 28 3 8 4 20 4 25 3 3 12 23 23 32 27 26 3 12 57 21 67 26 57 2 18 87 25 106 2 9 100 28 107 3 3 56 7 76 25 76
36 3 1 129 15 127 23 143 2 9 121 28 111 2 2 85 19 73 3 4 70 6 62 7 78 3 3 90 21 89 23 83 2 5 176 8 126 2 2 84 19 90 3 2 119 8 124 25 126 3 6 11 20 11 22 12 2 7 2 13 2 3 2 21 26 31 27 23 3 4 64 6 57 7 65 2 9 56 10 61 3 9 126 10 141 11 148 4 9 28 11 26 27 31 30 32 2 16 144 30 168 2 10 119 12 125 2 18 110 25 99 2 11 67 13 64 3 12 63 13 65 14 78 3 4 10 15 11 16 11 3 4 55 6 56 7 77 2 2 20 30 23 2 11 67 13 72 2 13 87 19 78 3 8 3 20 4 25 4 2 8 118 17 95 2 21 123 23 144 3 2 24 26 24 27 24 3 12 61 21 76 26 66 2 22 31 27 32 3 12 24 23 27 27 24 2 7 1 13 2 2 18 34 24 25 3 3 72 7 69 25 55 1 29 162
36 3 1 129 15 127 23 143 2 9 121 28 111 2 2 85 19 73 3 4 70 6 62 7 78 3 3 90 21 89 23 83 2 5 176 8 126 2 2 84 19 90 3 2 119 8 124 25 126 3 6 11 20 11 22 12 2 7 2 13 2 3 2 21 26 31 27 23 3 4 64 6 57 7 65 2 9 56 10 61 3 9 126 10 141 11 148 4 9 28 11 26 27 31 30 32 2 16 144 30 168 2 10 119 12 125 2 18 110 25 99 2 11 67 13 64 3 12 63 13 65 14 78 3 4 10 15 11 16 11 3 4 55 6 56 7 77 2 2 20 30 23 2 11 67 13 72 2 13 87 19 78 3 8 3 20 4 25 4 2 8 118 17 95 2 21 123 23 144 3 2 24 26 24 27 24 3 12 61 21 76 26 66 2 22 31 27 32 3 12 24 23 27 27 24 2 7 1 13 2 2 18 34 24 25 3 3 72 7 69 25 55 1 29 162
36 3 1 116 15 157 23 141 3 8 3 20 4 25 4 2 2 63 19 86 3 12 69 13 62 14 75 2 2 19 30 24 2 21 132 23 137 3 3 80 21 95 23 74 2 21 148 23 152 3 4 58 6 62 7 68 2 5 144 8 146 3 1 120 15 121 23 117 3 4 11 15 14 16 10 3 6 13 20 13 22 13 3 3 67 7 59 25 64 2 7 1 13 1 3 2 97 8 100 25 95 2 9 65 10 56 2 21 131 23 108 3 12 53 21 55 26 68 2 2 79 19 69 3 9 130 10 156 11 124 4 9 32 11 34 27 36 30 27 1 29 127 2 10 120 12 120 2 18 27 24 32 3 3 81 7 65 25 55 2 11 77 13 78 2 7 1 13 2 2 16 154 30 121 2 8 135 17 92 2 13 96 19 93 2 18 121 25 92 2 22 25 27 23 3 12 31 23 22 27 32 2 9 121 28 109 3 2 32 26 22 27 25
36 3 1 116 15 157 23 141 3 8 3 20 4 25 4 2 2 63 19 86 3 12 69 13 62 14 75 2 2 19 30 24 2 21 132 23 137 3 3 80 21 95 23 74 2 21 148 23 152 3 4 58 6 62 7 68 2 5 144 8 146 3 1 120 15 121 23 117 3 4 11 15 14 16 10 3 6 13 20 13 22 13 3 3 67 7 59 25 64 2 7 1 13 1 3 2 97 8 100 25 95 2 9 65 10 56 2 21 131 23 108 3 12 53 21 55 26 68 2 2 79 19 69 3 9 130 10 156 11 124 4 9 32 11 34 27 36 30 27 1 29 127 2 10 120 12 120 2 18 27 24 32 3 3 81 7 65 25 55 2 11 77 13 78 2 7 1 13 2 2 16 154 30 121 2 8 135 17 92 2 13 96 19 93 2 18 121 25 92 2 22 25 27 23 3 12 31 23 22 27 32 2 9 121 28 109 3 2 32 26 22 27 25
37 1 29 163 3 1 139 15 139 23 119 2 9 103 28 114 2 2 69 19 65 1 29 139 3 3 91 21 85 23 67 3 4 81 6 54 7 76 3 3 66 7 67 25 64 2 5 171 8 158 3 6 10 20 11 22 12 2 7 2 13 2 3 2 105 8 102 25 86 2 9 52 10 52 3 3 61 7 60 25 79 2 10 137 12 116 3 9 154 10 129 11 166 3 3 71 7 71 25 74 4 9 29 11 28 27 30 30 27 3 12 65 13 60 14 73 2 11 76 13 72 3 4 13 15 10 16 10 3 3 68 21 84 23 85 2 16 174 30 168 3 12 28 23 28 27 29 2 18 27 24 27 3 2 23 26 30 27 29 2 9 113 28 96 3 8 4 20 4 25 4 2 8 127 17 113 2 22 28 27 26 2 18 93 25 98 2 13 87 19 89 3 8 4 20 3 25 3 2 21 114 23 136 3 12 72 21 53 26 75 3 9 121 10 114 11 135 2 2 19 30 22
37 1 29 163 3 1 139 15 139 23 119 2 9 103 28 114 2 2 69 19 65 1 29 139 3 3 91 21 85 23 67 3 4 81 6 54 7 76 3 3 66 7 67 25 64 2 5 171 8 158 3 6 10 20 11 22 12 2 7 2 13 2 3 2 105 8 102 25 86 2 9 52 10 52 3 3 61 7 60 25 79 2 10 137 12 116 3 9 154 10 129 11 166 3 3 71 7 71 25 74 4 9 29 11 28 27 30 30 27 3 12 65 13 60 14 73 2 11 76 13 72 3 4 13 15 10 16 10 3 3 68 21 84 23 85 2 16 174 30 168 3 12 28 23 28 27 29 2 18 27 24 27 3 2 23 26 30 27 29 2 9 113 28 96 3 8 4 20 4 25 4 2 8 127 17 113 2 22 28 27 26 2 18 93 25 98 2 13 87 19 89 3 8 4 20 3 25 3 2 21 114 23 136 3 12 72 21 53 26 75 3 9 121 10 114 11 135 2 2 19 30 22
34 3 1 136 15 129 23 135 2 2 87 19 60 2 22 26 27 28 2 11 65 13 55 3 3 68 21 81 23 87 3 4 58 6 75 7 60 2 5 166 8 155 3 12 54 21 76 26 55 2 11 76 13 62 3 6 13 20 12 22 10 2 7 1 13 2 2 8 107 17 134 3 2 115 8 123 25 99 2 9 52 10 65 3 6 11 20 13 22 10 2 13 83 19 104 2 9 90 28 97 1 29 177 3 9 152 10 137 11 132 4 9 28 11 35 27 37 30 30 2 10 127 12 125 2 18 107 25 85 3 12 54 13 70 14 63 3 4 10 15 13 16 10 2 16 167 30 133 3 8 3 20 3 25 4 3 12 25 23 24 27 25 1 29 145 2 21 122 23 114 2 18 24 24 35 3 3 64 7 76 25 75 3 4 76 6 78 7 55 3 2 31 26 26 27 21 2 2 22 30 22
34 3 1 136 15 129 23 135 2 2 87 19 60 2 22 26 27 28 2 11 65 13 55 3 3 68 21 81 23 87 3 4 58 6 75 7 60 2 5 166 8 155 3 12 54 21 76 26 55 2 11 76 13 62 3 6 13 20 12 22 10 2 7 1 13 2 2 8 107 17 134 3 2 115 8 123 25 99 2 9 52 10 65 3 6 11 20 13 22 10 2 13 83 19 104 2 9 90 28 97 1 29 177 3 9 152 10 137 11 132 4 9 28 11 35 27 37 30 30 2 10 127 12 125 2 18 107 25 85 3 12 54 13 70 14 63 3 4 10 15 13 16 10 2 16 167 30 133 3 8 3 20 3 25 4 3 12 25 23 24 27 25 1 29 145 2 21 122 23 114 2 18 24 24 35 3 3 64 7 76 25 75 3 4 76 6 78 7 55 3 2 31 26 26 27 21 2 2 22 30 22
40 2 18 25 24 29 3 1 124 15 151 23 159 3 4 79 6 77 7 66 2 18 35 24 31 2 2 80 19 63 2 9 61 10 49 3 4 59 6 79 7 70 4 9 36 11 35 27 37 30 32 3 3 84 21 67 23 80 3 4 61 6 59 7 59 1 29 167 2 9 61 10 65 2 5 124 8 145 4 9 35 11 32 27 30 30 34 2 21 113 23 151 3 4 63 6 58 7 65 3 12 29 23 30 27 32 2 21 152 23 132 3 6 14 20 11 22 12 2 7 2 13 1 3 2 114 8 95 25 126 3 9 161 10 167 11 118 2 2 81 19 68 2 13 93 19 73 2 10 134 12 116 2 11 71 13 78 3 4 79 6 78 7 81 3 2 27 26 24 27 24 3 12 62 13 66 14 80 3 4 13 15 12 16 11 3 3 80 7 79 25 58 2 16 137 30 166 2 2 21 30 27 2 8 106 17 124 3 12 55 21 76 26 54 2 9 103 28 86 2 10 99 12 109 2 22 27 27 29 2 18 121 25 112 3 8 4 20 4 25 3
35 3 1 143 15 113 23 123 2 2 20 30 21 2 18 90 25 105 2 2 83 19 62 2 2 27 30 21 3 3 88 21 92 23 86 3 4 77 6 75 7 71 2 5 178 8 131 3 12 53 21 71 26 62 3 4 57 6 61 7 70 3 6 12 20 13 22 12 2 7 2 13 1 2 9 51 10 69 4 9 26 11 29 27 33 30 37 3 2 112 8 98 25 125 3 9 152 10 119 11 138 3 8 3 20 3 25 4 2 10 132 12 105 2 11 55 13 61 3 12 67 13 62 14 56 2 21 130 23 132 2 18 35 24 26 3 4 13 15 10 16 14 3 12 71 21 61 26 57 2 16 122 30 128 2 22 26 27 31 2 21 141 23 106 3 3 71 7 57 25 81 2 8 121 17 110 2 13 100 19 80 3 6 13 20 11 22 10 3 2 32 26 22 27 29 2 9 120 28 103 3 12 30 23 27 27 31 1 29 153
37 3 1 129 15 127 23 152 2 2 65 19 84 3 3 74 21 71 23 86 3 4 78 6 59 7 67 3 3 96 21 67 23 75 2 5 168 8 152 3 6 11 20 12 22 12 2 5 153 8 161 2 7 2 13 2 2 11 79 13 55 3 2 88 8 108 25 94 2 9 60 10 59 3 9 144 10 154 11 138 2 9 55 10 61 3 8 3 20 3 25 3 4 9 28 11 34 27 35 30 32 3 9 123 10 157 11 120 2 10 101 12 100 2 16 177 30 164 3 2 31 26 31 27 23 2 18 27 24 34 3 6 12 20 11 22 10 2 21 112 23 146 1 29 172 3 12 78 13 73 14 71 3 4 14 15 9 16 12 2 8 101 17 133 2 18 83 25 95 3 8 4 20 3 25 3 2 13 92 19 73 2 5 176 8 173 3 12 26 23 31 27 24 2 22 27 27 29 3 3 80 7 64 25 68 3 12 61 21 53 26 57 2 2 26 30 24 2 9 119 28 121
36 3 1 122 15 157 23 132 3 8 4 20 3 25 3 2 2 82 19 73 3 12 61 13 61 14 76 2 2 26 30 18 2 21 115 23 136 3 3 82 21 75 23 89 2 21 144 23 132 3 4 67 6 55 7 76 2 5 177 8 124 3 1 142 15 138 23 108 3 4 10 15 9 16 10 3 6 9 20 13 22 12 3 3 62 7 67 25 55 2 7 2 13 2 3 2 89 8 96 25 103 2 9 66 10 48 2 21 115 23 139 3 12 70 21 56 26 53 2 2 86 19 72 3 9 167 10 137 11 157 4 9 26 11 35 27 35 30 26 1 29 170 2 10 138 12 116 2 18 32 24 36 3 3 74 7 80 25 63 2 11 57 13 72 2 7 2 13 1 2 16 154 30 174 2 8 123 17 124 2 13 76 19 82 2 18 91 25 119 2 22 26 27 26 3 12 27 23 28 27 27 2 9 92 28 115 3 2 23 26 23 27 23
36 3 1 108 15 119 23 118 2 2 76 19 82 3 3 89 21 85 23 69 2 2 66 19 75 3 4 57 6 81 7 71 3 3 94 21 88 23 69 2 22 23 27 24 2 5 147 8 165 3 6 11 20 12 22 10 2 7 2 13 2 3 2 87 8 85 25 86 2 5 155 8 129 2 9 54 10 63 3 9 129 10 135 11 141 2 7 1 13 2 4 9 32 11 37 27 29 30 35 2 10 133 12 96 2 11 76 13 57 2 8 122 17 135 3 2 124 8 86 25 103 3 12 68 13 64 14 56 2 16 138 30 174 3 4 10 15 11 16 11 2 18 90 25 99 2 13 100 19 77 3 8 3 20 4 25 4 2 21 142 23 148 3 12 22 23 31 27 28 2 18 26 24 29 3 12 71 21 76 26 66 3 3 72 7 58 25 74 3 2 30 26 25 27 32 2 18 103 25 113 2 9 86 28 110 1 29 138 2 2 19 30 20
36 3 1 108 15 119 23 118 2 2 76 19 82 3 3 89 21 85 23 69 2 2 66 19 75 3 4 57 6 81 7 71 3 3 94 21 88 23 69 2 22 23 27 24 2 5 147 8 165 3 6 11 20 12 22 10 2 7 2 13 2 3 2 87 8 85 25 86 2 5 155 8 129 2 9 54 10 63 3 9 129 10 135 11 141 2 7 1 13 2 4 9 32 11 37 27 29 30 35 2 10 133 12 96 2 11 76 13 57 2 8 122 17 135 3 2 124 8 86 25 103 3 12 68 13 64 14 56 2 16 138 30 174 3 4 10 15 11 16 11 2 18 90 25 99 2 13 100 19 77 3 8 3 20 4 25 4 2 21 142 23 148 3 12 22 23 31 27 28 2 18 26 24 29 3 12 71 21 76 26 66 3 3 72 7 58 25 74 3 2 30 26 25 27 32 2 18 103 25 113 2 9 86 28 110 1 29 138 2 2 19 30 20
36 3 1 108 15 119 23 118 2 2 76 19 82 3 3 89 21 85 23 69 2 2 66 19 75 3 4 57 6 81 7 71 3 3 94 21 88 23 69 2 22 23 27 24 2 5 147 8 165 3 6 11 20 12 22 10 2 7 2 13 2 3 2 87 8 85 25 86 2 5 155 8 129 2 9 54 10 63 3 9 129 10 135 11 141 2 7 1 13 2 4 9 32 11 37 27 29 30 35 2 10 133 12 96 2 11 76 13 57 2 8 122 17 135 3 2 124 8 86 25 103 3 12 68 13 64 14 56 2 16 138 30 174 3 4 10 15 11 16 11 2 18 90 25 99 2 13 100 19 77 3 8 3 20 4 25 4 2 21 142 23 148 3 12 22 23 31 27 28 2 18 26 24 29 3 12 71 21 76 26 66 3 3 72 7 58 25 74 3 2 30 26 25 27 32 2 18 103 25 113 2 9 86 28 110 1 29 138 2 2 19 30 20
36 3 1 108 15 119 23 118 2 2 76 19 82 3 3 89 21 85 23 69 2 2 66 19 75 3 4 57 6 81 7 71 3 3 94 21 88 23 69 2 22 23 27 24 2 5 147 8 165 3 6 11 20 12 22 10 2 7 2 13 2 3 2 87 8 85 25 86 2 5 155 8 129 2 9 54 10 63 3 9 129 10 135 11 141 2 7 1 13 2 4 9 32 11 37 27 29 30 35 2 10 133 12 96 2 11 76 13 57 2 8 122 17 135 3 2 124 8 86 25 103 3 12 68 13 64 14 56 2 16 138 30 174 3 4 10 15 11 16 11 2 18 90 25 99 2 13 100 19 77 3 8 3 20 4 25 4 2 21 142 23 148 3 12 22 23 31 27 28 2 18 26 24 29 3 12 71 21 76 26 66 3 3 72 7 58 25 74 3 2 30 26 25 27 32 2 18 103 25 113 2 9 86 28 110 1 29 138 2 2 19 30 20
41 3 12 59 13 64 14 53 3 1 143 15 111 23 116 2 2 66 19 65 3 1 159 15 113 23 115 2 5 125 8 156 3 12 54 13 53 14 78 3 3 75 21 75 23 85 2 5 166 8 120 2 18 101 25 92 3 4 76 6 57 7 71 3 2 25 26 24 27 26 2 5 152 8 168 2 7 1 13 2 2 5 149 8 167 2 13 76 19 87 3 6 11 20 12 22 10 3 2 110 8 99 25 92 2 9 56 10 66 2 2 65 19 64 3 9 121 10 117 11 167 3 2 24 26 30 27 23 4 9 37 11 37 27 33 30 28 2 10 106 12 96 2 11 64 13 79 3 1 134 15 109 23 153 2 9 107 28 94 3 4 61 6 78 7 73 3 12 28 23 33 27 32 3 4 13 15 11 16 11 1 29 129 3 3 74 7 57 25 71 2 10 124 12 110 2 16 169 30 156 2 2 23 30 20 2 8 135 17 111 3 12 61 21 57 26 60 3 12 70 13 66 14 58 3 8 3 20 4 25 3 2 22 22 27 25 2 21 143 23 137 2 18 26 24 32
35 2 18 26 24 27 3 8 4 20 3 25 4 2 18 25 24 36 2 7 1 13 2 2 11 70 13 67 3 1 135 15 149 23 111 2 2 86 19 84 3 3 83 21 79 23 72 3 4 62 6 72 7 64 3 12 62 21 52 26 62 2 5 162 8 141 2 21 126 23 117 3 6 11 20 11 22 9 3 4 10 15 12 16 12 3 2 122 8 93 25 112 2 9 56 10 51 3 9 166 10 155 11 145 4 9 26 11 30 27 26 30 37 3 9 141 10 164 11 146 2 10 136 12 96 2 22 29 27 28 2 21 141 23 141 2 18 117 25 104 3 12 70 13 54 14 79 2 10 138 12 129 2 16 138 30 127 3 3 59 7 71 25 58 2 8 129 17 131 2 13 106 19 82 3 12 29 23 33 27 32 3 2 23 26 30 27 21 2 9 100 28 83 2 16 151 30 154 1 29 140 2 2 22 30 18
35 2 18 26 24 27 3 8 4 20 3 25 4 2 18 25 24 36 2 7 1 13 2 2 11 70 13 67 3 1 135 15 149 23 111 2 2 86 19 84 3 3 83 21 79 23 72 3 4 62 6 72 7 64 3 12 62 21 52 26 62 2 5 162 8 141 2 21 126 23 117 3 6 11 20 11 22 9 3 4 10 15 12 16 12 3 2 122 8 93 25 112 2 9 56 10 51 3 9 166 10 155 11 145 4 9 26 11 30 27 26 30 37 3 9 141 10 164 11 146 2 10 136 12 96 2 22 29 27 28 2 21 141 23 141 2 18 117 25 104 3 12 70 13 54 14 79 2 10 138 12 129 2 16 138 30 127 3 3 59 7 71 25 58 2 8 129 17 131 2 13 106 19 82 3 12 29 23 33 27 32 3 2 23 26 30 27 21 2 9 100 28 83 2 16 151 30 154 1 29 140 2 2 22 30 18
35 3 1 155 15 130 23 126 2 2 22 30 22 2 18 100 25 87 2 2 75 19 64 2 2 24 30 22 3 3 94 21 97 23 85 3 4 68 6 55 7 58 2 5 141 8 155 3 12 63 21 57 26 64 3 4 78 6 72 7 72 3 6 10 20 10 22 12 2 7 1 13 2 2 9 55 10 69 4 9 26 11 25 27 28 30 38 3 2 105 8 103 25 121 3 9 131 10 151 11 118 3 8 4 20 4 25 4 2 10 139 12 125 2 11 54 13 77 3 12 54 13 67 14 55 2 21 130 23 147 2 18 26 24 26 3 4 9 15 14 16 10 3 12 64 21 68 26 76 2 16 146 30 162 2 22 25 27 22 2 21 124 23 124 3 3 68 7 79 25 76 2 8 133 17 129 2 13 106 19 105 3 6 10 20 10 22 11 3 2 22 26 25 27 31 2 9 117 28 106 3 12 23 23 26 27 29 1 29 127
34 3 1 148 15 130 23 108 2 2 66 19 79 2 22 23 27 30 2 11 66 13 56 3 3 74 21 66 23 72 3 4 79 6 66 7 63 2 5 142 8 127 3 12 61 21 61 26 71 2 11 80 13 75 3 6 11 20 13 22 13 2 7 2 13 2 2 8 107 17 104 3 2 102 8 87 25 93 2 9 52 10 70 3 6 11 20 13 22 12 2 13 83 19 102 2 9 95 28 101 1 29 178 3 9 144 10 168 11 139 4 9 28 11 28 27 36 30 26 2 10 128 12 101 2 18 116 25 92 3 12 78 13 68 14 79 3 4 11 15 12 16 10 2 16 159 30 138 3 8 3 20 4 25 4 3 12 31 23 23 27 24 1 29 130 2 21 120 23 149 2 18 29 24 34 3 3 77 7 70 25 69 3 4 61 6 63 7 65 3 2 24 26 28 27 27 2 2 24 30 27
34 3 1 148 15 130 23 108 2 2 66 19 79 2 22 23 27 30 2 11 66 13 56 3 3 74 21 66 23 72 3 4 79 6 66 7 63 2 5 142 8 127 3 12 61 21 61 26 71 2 11 80 13 75 3 6 11 20 13 22 13 2 7 2 13 2 2 8 107 17 104 3 2 102 8 87 25 93 2 9 52 10 70 3 6 11 20 13 22 12 2 13 83 19 102 2 9 95 28 101 1 29 178 3 9 144 10 168 11 139 4 9 28 11 28 27 36 30 26 2 10 128 12 101 2 18 116 25 92 3 12 78 13 68 14 79 3 4 11 15 12 16 10 2 16 159 30 138 3 8 3 20 4 25 4 3 12 31 23 23 27 24 1 29 130 2 21 120 23 149 2 18 29 24 34 3 3 77 7 70 25 69 3 4 61 6 63 7 65 3 2 24 26 28 27 27 2 2 24 30 27
37 1 29 141 3 1 145 15 125 23 156 2 9 108 28 83 2 2 78 19 90 1 29 130 3 3 73 21 85 23 87 3 4 73 6 67 7 67 3 3 77 7 76 25 65 2 5 155 8 138 3 6 12 20 11 22 10 2 7 1 13 2 3 2 107 8 90 25 89 2 9 52 10 70 3 3 76 7 70 25 62 2 10 140 12 94 3 9 131 10 135 11 163 3 3 75 7 66 25 69 4 9 37 11 34 27 31 30 28 3 12 67 13 57 14 71 2 11 69 13 75 3 4 13 15 11 16 10 3 3 87 21 71 23 77 2 16 143 30 158 3 12 27 23 27 27 30 2 18 29 24 36 3 2 22 26 28 27 25 2 9 97 28 106 3 8 4 20 3 25 3 2 8 132 17 106 2 22 31 27 29 2 18 96 25 117 2 13 86 19 89 3 8 3 20 4 25 3 2 21 142 23 122 3 12 56 21 72 26 60 3 9 149 10 119 11 148 2 2 26 30 23
37 1 29 141 3 1 145 15 125 23 156 2 9 108 28 83 2 2 78 19 90 1 29 130 3 3 73 21 85 23 87 3 4 73 6 67 7 67 3 3 77 7 76 25 65 2 5 155 8 138 3 6 12 20 11 22 10 2 7 1 13 2 3 2 107 8 90 25 89 2 9 52 10 70 3 3 76 7 70 25 62 2 10 140 12 94 3 9 131 10 135 11 163 3 3 75 7 66 25 69 4 9 37 11 34 27 31 30 28 3 12 67 13 57 14 71 2 11 69 13 75 3 4 13 15 11 16 10 3 3 87 21 71 23 77 2 16 143 30 158 3 12 27 23 27 27 30 2 18 29 24 36 3 2 22 26 28 27 25 2 9 97 28 106 3 8 4 20 3 25 3 2 8 132 17 106 2 22 31 27 29 2 18 96 25 117 2 13 86 19 89 3 8 3 20 4 25 3 2 21 142 23 122 3 12 56 21 72 26 60 3 9 149 10 119 11 148 2 2 26 30 23
36 3 1 158 15 113 23 131 2 9 106 28 99 2 2 73 19 79 3 4 64 6 67 7 57 3 3 89 21 77 23 83 2 5 157 8 165 2 2 69 19 75 3 2 121 8 121 25 126 3 6 13 20 10 22 9 2 7 1 13 1 3 2 25 26 32 27 23 3 4 78 6 63 7 80 2 9 61 10 52 3 9 147 10 122 11 162 4 9 26 11 35 27 30 30 32 2 16 141 30 156 2 10 134 12 112 2 18 83 25 120 2 11 68 13 56 3 12 68 13 72 14 69 3 4 10 15 14 16 11 3 4 60 6 61 7 61 2 2 22 30 26 2 11 77 13 56 2 13 83 19 94 3 8 4 20 4 25 3 2 8 93 17 102 2 21 122 23 150 3 2 29 26 22 27 21 3 12 56 21 66 26 69 2 22 32 27 26 3 12 23 23 24 27 29 2 7 2 13 1 2 18 35 24 31 3 3 71 7 64 25 69 1 29 157
36 3 1 158 15 113 23 131 2 9 106 28 99 2 2 73 19 79 3 4 64 6 67 7 57 3 3 89 21 77 23 83 2 5 157 8 165 2 2 69 19 75 3 2 121 8 121 25 126 3 6 13 20 10 22 9 2 7 1 13 1 3 2 25 26 32 27 23 3 4 78 6 63 7 80 2 9 61 10 52 3 9 147 10 122 11 162 4 9 26 11 35 27 30 30 32 2 16 141 30 156 2 10 134 12 112 2 18 83 25 120 2 11 68 13 56 3 12 68 13 72 14 69 3 4 10 15 14 16 11 3 4 60 6 61 7 61 2 2 22 30 26 2 11 77 13 56 2 13 83 19 94 3 8 4 20 4 25 3 2 8 93 17 102 2 21 122 23 150 3 2 29 26 22 27 21 3 12 56 21 66 26 69 2 22 32 27 26 3 12 23 23 24 27 29 2 7 2 13 1 2 18 35 24 31 3 3 71 7 64 25 69 1 29 157
35 2 18 121 25 86 2 18 27 24 36 3 1 119 15 158 23 155 2 2 60 19 89 2 8 103 17 135 3 3 76 21 98 23 75 3 8 3 20 3 25 4 3 4 80 6 61 7 79 3 3 70 21 85 23 88 2 5 163 8 133 3 6 11 20 12 22 12 2 2 82 19 74 3 12 75 13 64 14 70 2 7 2 13 2 3 2 102 8 90 25 126 2 9 65 10 49 3 9 131 10 169 11 158 4 9 27 11 33 27 28 30 37 2 10 135 12 118 2 2 70 19 86 2 11 57 13 64 3 4 13 15 9 16 13 2 16 141 30 133 2 13 82 19 102 4 9 29 11 26 27 29 30 27 2 21 145 23 129 2 22 27 27 22 3 12 26 23 30 27 24 2 9 65 10 57 3 3 76 7 59 25 65 1 29 171 2 9 88 28 110 3 12 61 21 54 26 55 3 2 30 26 21 27 27 2 2 19 30 22
40 2 18 24 24 31 3 1 154 15 130 23 113 3 4 70 6 75 7 69 2 18 28 24 35 2 2 71 19 83 2 9 61 10 52 3 4 74 6 58 7 66 4 9 27 11 32 27 35 30 37 3 3 82 21 90 23 85 3 4 66 6 81 7 72 1 29 154 2 9 59 10 49 2 5 155 8 163 4 9 37 11 31 27 32 30 37 2 21 117 23 127 3 4 60 6 72 7 73 3 12 28 23 28 27 24 2 21 139 23 136 3 6 13 20 11 22 11 2 7 1 13 2 3 2 102 8 119 25 85 3 9 139 10 117 11 165 2 2 78 19 71 2 13 93 19 81 2 10 97 12 109 2 11 57 13 54 3 4 74 6 79 7 80 3 2 29 26 23 27 31 3 12 63 13 56 14 68 3 4 12 15 11 16 11 3 3 77 7 77 25 61 2 16 150 30 121 2 2 21 30 25 2 8 136 17 129 3 12 67 21 69 26 74 2 9 87 28 95 2 10 126 12 135 2 22 31 27 29 2 18 90 25 108 3 8 3 20 4 25 3
36 3 1 121 15 153 23 140 2 2 73 19 78 3 3 86 21 79 23 91 2 2 77 19 61 3 4 78 6 78 7 68 3 3 96 21 74 23 87 2 22 24 27 26 2 5 162 8 155 3 6 11 20 14 22 10 2 7 1 13 1 3 2 102 8 111 25 103 2 5 121 8 135 2 9 69 10 59 3 9 114 10 150 11 160 2 7 2 13 2 4 9 35 11 29 27 31 30 31 2 10 124 12 95 2 11 81 13 72 2 8 136 17 99 3 2 116 8 108 25 101 3 12 68 13 58 14 70 2 16 144 30 130 3 4 12 15 12 16 10 2 18 86 25 96 2 13 77 19 99 3 8 4 20 3 25 3 2 21 146 23 149 3 12 24 23 28 27 23 2 18 30 24 28 3 12 59 21 72 26 56 3 3 64 7 74 25 63 3 2 22 26 30 27 22 2 18 111 25 93 2 9 106 28 105 1 29 131 2 2 24 30 20
DUE_DATES: 3265 3265 3562 3466 3466 3466 2951 3383 3383 3368 3174 3496 3496 3023 3023 3451 3451 3451 3426 3460 3178 3189 3189 3374 3374 3524 3524 3126 3126 3696 3081 3553 3458 3339 3339 3339 3339 4044 3475 3475 3138 3089 3089 3495 3495 3145 3145 3195 3637 3354
WEIGHTS: 1 2 2 3 1 2 1 3 3 3 3 3 1 1 3 1 3 1 2 2 3 1 1 2 3 2 2 1 3 2 3 1 3 2 1 3 2 3 2 1 3 3 2 2 1 1 1 2 1 2
