50 30
36 3 1 99 3 104 4 84 2 6 25 15 33 3 7 173 8 130 29 140 2 6 33 15 35 3 1 148 2 194 21 167 3 1 106 3 100 4 104 2 3 152 17 137 2 21 22 28 23 3 2 148 4 144 22 182 3 1 77 3 102 4 79 4 5 196 13 191 20 179 25 180 3 8 51 17 54 24 51 3 14 98 20 135 27 123 1 24 21 3 7 225 9 161 20 227 2 10 175 26 192 3 2 23 11 23 19 21 3 12 106 22 94 23 106 3 11 19 13 26 23 20 2 12 75 15 81 3 16 194 17 203 27 204 2 11 196 27 184 3 11 227 13 189 17 183 2 6 44 18 47 3 6 154 19 206 22 169 2 10 154 26 194 3 2 189 23 151 28 157 3 11 9 18 11 19 8 1 24 24 2 4 48 20 37 3 13 34 23 31 25 27 2 6 150 25 136 3 16 184 17 191 27 154 3 4 193 17 159 26 139 3 7 25 9 26 29 31 2 17 45 30 32
36 3 1 99 3 104 4 84 2 6 25 15 33 3 7 173 8 130 29 140 2 6 33 15 35 3 1 148 2 194 21 167 3 1 106 3 100 4 104 2 3 152 17 137 2 21 22 28 23 3 2 148 4 144 22 182 3 1 77 3 102 4 79 4 5 196 13 191 20 179 25 180 3 8 51 17 54 24 51 3 14 98 20 135 27 123 1 24 21 3 7 225 9 161 20 227 2 10 175 26 192 3 2 23 11 23 19 21 3 12 106 22 94 23 106 3 11 19 13 26 23 20 2 12 75 15 81 3 16 194 17 203 27 204 2 11 196 27 184 3 11 227 13 189 17 183 2 6 44 18 47 3 6 154 19 206 22 169 2 10 154 26 194 3 2 189 23 151 28 157 3 11 9 18 11 19 8 1 24 24 2 4 48 20 37 3 13 34 23 31 25 27 2 6 150 25 136 3 16 184 17 191 27 154 3 4 193 17 159 26 139 3 7 25 9 26 29 31 2 17 45 30 32
39 3 1 97 3 94 4 97 3 11 23 13 24 23 21 3 1 152 2 159 21 198 2 3 145 17 132 3 1 79 3 104 4 79 3 2 182 4 151 22 195 2 3 141 17 170 4 5 192 13 172 20 182 25 144 2 6 37 15 31 3 7 161 8 166 29 157 3 8 62 17 60 24 52 2 17 43 30 39 3 2 133 4 171 22 143 3 7 179 9 231 20 161 2 10 155 26 208 3 2 24 11 21 19 25 3 12 84 22 120 23 86 3 14 103 20 126 27 123 2 12 93 15 101 2 3 126 17 125 2 11 186 27 151 3 16 188 17 199 27 228 3 7 29 9 27 29 30 2 21 23 28 16 3 11 19 13 24 23 22 3 11 167 13 200 17 227 3 16 198 17 227 27 201 1 24 20 3 11 8 18 8 19 9 3 2 160 4 190 22 188 2 6 38 18 45 3 2 211 23 181 28 185 2 4 41 20 45 3 7 161 9 192 20 174 3 6 186 19 166 22 190 3 13 34 23 28 25 36 3 4 155 17 188 26 160 2 3 127 17 161 2 6 120 25 158
39 3 1 97 3 94 4 97 3 11 23 13 24 23 21 3 1 152 2 159 21 198 2 3 145 17 132 3 1 79 3 104 4 79 3 2 182 4 151 22 195 2 3 141 17 170 4 5 192 13 172 20 182 25 144 2 6 37 15 31 3 7 161 8 166 29 157 3 8 62 17 60 24 52 2 17 43 30 39 3 2 133 4 171 22 143 3 7 179 9 231 20 161 2 10 155 26 208 3 2 24 11 21 19 25 3 12 84 22 120 23 86 3 14 103 20 126 27 123 2 12 93 15 101 2 3 126 17 125 2 11 186 27 151 3 16 188 17 199 27 228 3 7 29 9 27 29 30 2 21 23 28 16 3 11 19 13 24 23 22 3 11 167 13 200 17 227 3 16 198 17 227 27 201 1 24 20 3 11 8 18 8 19 9 3 2 160 4 190 22 188 2 6 38 18 45 3 2 211 23 181 28 185 2 4 41 20 45 3 7 161 9 192 20 174 3 6 186 19 166 22 190 3 13 34 23 28 25 36 3 4 155 17 188 26 160 2 3 127 17 161 2 6 120 25 158
35 3 7 185 9 182 20 185 2 6 166 25 134 3 7 130 8 128 29 184 3 14 106 20 133 27 132 3 1 88 3 97 4 82 3 1 155 2 172 21 156 2 3 168 17 136 2 17 36 30 38 3 2 188 4 145 22 145 3 11 10 18 8 19 8 3 11 208 13 230 17 157 3 14 107 20 136 27 110 3 13 26 23 36 25 30 2 6 138 25 166 4 5 168 13 140 20 184 25 146 2 6 30 15 29 3 8 48 17 51 24 48 2 10 165 26 211 3 2 25 11 17 19 25 3 12 104 22 117 23 121 3 11 21 13 20 23 23 2 6 52 18 45 2 12 72 15 96 3 16 187 17 166 27 176 3 1 75 3 99 4 109 2 4 42 20 46 2 6 153 25 158 2 21 25 28 19 3 7 24 9 29 29 30 3 6 168 19 199 22 184 3 8 61 17 47 24 58 1 24 20 3 4 206 17 179 26 172 3 2 202 23 195 28 165 2 11 169 27 163
35 3 7 185 9 182 20 185 2 6 166 25 134 3 7 130 8 128 29 184 3 14 106 20 133 27 132 3 1 88 3 97 4 82 3 1 155 2 172 21 156 2 3 168 17 136 2 17 36 30 38 3 2 188 4 145 22 145 3 11 10 18 8 19 8 3 11 208 13 230 17 157 3 14 107 20 136 27 110 3 13 26 23 36 25 30 2 6 138 25 166 4 5 168 13 140 20 184 25 146 2 6 30 15 29 3 8 48 17 51 24 48 2 10 165 26 211 3 2 25 11 17 19 25 3 12 104 22 117 23 121 3 11 21 13 20 23 23 2 6 52 18 45 2 12 72 15 96 3 16 187 17 166 27 176 3 1 75 3 99 4 109 2 4 42 20 46 2 6 153 25 158 2 21 25 28 19 3 7 24 9 29 29 30 3 6 168 19 199 22 184 3 8 61 17 47 24 58 1 24 20 3 4 206 17 179 26 172 3 2 202 23 195 28 165 2 11 169 27 163
37 3 4 152 17 199 26 197 3 1 110 3 94 4 103 3 4 161 17 200 26 186 3 1 185 2 141 21 192 3 2 175 4 183 22 188 2 6 33 15 28 3 4 162 17 145 26 160 2 6 138 25 168 2 3 146 17 129 2 21 23 28 22 4 5 176 13 171 20 190 25 160 1 24 18 3 7 145 8 144 29 171 3 16 186 17 179 27 164 3 7 184 8 160 29 179 3 7 230 9 160 20 220 3 7 126 8 168 29 179 2 6 51 18 42 3 8 62 17 62 24 51 2 10 168 26 166 3 2 190 23 148 28 155 3 2 19 11 20 19 19 3 13 30 23 31 25 31 3 12 96 22 111 23 83 3 11 21 13 25 23 26 3 14 109 20 101 27 100 2 11 193 27 153 2 3 153 17 170 3 11 185 13 175 17 225 3 14 100 20 121 27 111 2 12 93 15 92 2 17 33 30 35 3 11 8 18 11 19 10 3 6 143 19 172 22 154 2 4 48 20 52 3 7 161 8 173 29 160 3 7 34 9 31 29 31
40 2 21 22 28 20 3 1 99 3 79 4 99 3 1 143 2 158 21 140 3 1 103 3 91 4 76 2 3 178 17 142 3 2 168 4 170 22 140 4 5 139 13 150 20 140 25 167 2 21 21 28 20 2 6 35 15 28 2 21 19 28 23 3 16 179 17 187 27 179 3 7 153 8 161 29 140 3 8 59 17 55 24 47 3 7 226 9 167 20 200 4 5 180 13 169 20 191 25 165 2 10 209 26 163 3 2 139 4 175 22 162 3 2 22 11 19 19 23 3 1 86 3 78 4 106 2 17 36 30 33 3 12 120 22 91 23 93 3 11 8 18 8 19 11 3 11 26 13 26 23 21 2 21 20 28 17 3 14 135 20 100 27 105 2 12 71 15 84 2 11 170 27 156 2 3 144 17 171 3 11 191 13 208 17 208 2 6 48 18 38 3 7 23 9 33 29 23 2 6 133 25 133 2 4 53 20 54 3 6 166 19 176 22 199 3 11 186 13 187 17 225 3 13 34 23 27 25 35 1 24 17 2 11 170 27 147 3 4 208 17 175 26 153 3 2 157 23 194 28 154
40 2 21 22 28 20 3 1 99 3 79 4 99 3 1 143 2 158 21 140 3 1 103 3 91 4 76 2 3 178 17 142 3 2 168 4 170 22 140 4 5 139 13 150 20 140 25 167 2 21 21 28 20 2 6 35 15 28 2 21 19 28 23 3 16 179 17 187 27 179 3 7 153 8 161 29 140 3 8 59 17 55 24 47 3 7 226 9 167 20 200 4 5 180 13 169 20 191 25 165 2 10 209 26 163 3 2 139 4 175 22 162 3 2 22 11 19 19 23 3 1 86 3 78 4 106 2 17 36 30 33 3 12 120 22 91 23 93 3 11 8 18 8 19 11 3 11 26 13 26 23 21 2 21 20 28 17 3 14 135 20 100 27 105 2 12 71 15 84 2 11 170 27 156 2 3 144 17 171 3 11 191 13 208 17 208 2 6 48 18 38 3 7 23 9 33 29 23 2 6 133 25 133 2 4 53 20 54 3 6 166 19 176 22 199 3 11 186 13 187 17 225 3 13 34 23 27 25 35 1 24 17 2 11 170 27 147 3 4 208 17 175 26 153 3 2 157 23 194 28 154
40 2 21 18 28 21 3 1 88 3 95 4 87 3 1 139 2 145 21 143 3 1 103 3 78 4 86 2 3 159 17 178 3 2 180 4 197 22 187 4 5 146 13 192 20 174 25 145 2 21 22 28 19 2 6 29 15 28 2 21 25 28 23 3 16 170 17 206 27 165 3 7 128 8 142 29 176 3 8 59 17 61 24 56 3 7 217 9 198 20 218 4 5 147 13 174 20 184 25 195 2 10 175 26 170 3 2 182 4 182 22 157 3 2 22 11 23 19 25 3 1 91 3 105 4 79 2 17 33 30 40 3 12 99 22 118 23 96 3 11 10 18 8 19 10 3 11 23 13 18 23 20 2 21 20 28 22 3 14 101 20 118 27 121 2 12 74 15 89 2 11 170 27 174 2 3 153 17 127 3 11 207 13 176 17 217 2 6 42 18 44 3 7 28 9 24 29 33 2 6 131 25 133 2 4 52 20 53 3 6 160 19 186 22 178 3 11 204 13 165 17 210 3 13 35 23 33 25 32 1 24 17 2 11 143 27 197 3 4 143 17 160 26 170 3 2 200 23 173 28 161
40 2 21 18 28 21 3 1 88 3 95 4 87 3 1 139 2 145 21 143 3 1 103 3 78 4 86 2 3 159 17 178 3 2 180 4 197 22 187 4 5 146 13 192 20 174 25 145 2 21 22 28 19 2 6 29 15 28 2 21 25 28 23 3 16 170 17 206 27 165 3 7 128 8 142 29 176 3 8 59 17 61 24 56 3 7 217 9 198 20 218 4 5 147 13 174 20 184 25 195 2 10 175 26 170 3 2 182 4 182 22 157 3 2 22 11 23 19 25 3 1 91 3 105 4 79 2 17 33 30 40 3 12 99 22 118 23 96 3 11 10 18 8 19 10 3 11 23 13 18 23 20 2 21 20 28 22 3 14 101 20 118 27 121 2 12 74 15 89 2 11 170 27 174 2 3 153 17 127 3 11 207 13 176 17 217 2 6 42 18 44 3 7 28 9 24 29 33 2 6 131 25 133 2 4 52 20 53 3 6 160 19 186 22 178 3 11 204 13 165 17 210 3 13 35 23 33 25 32 1 24 17 2 11 143 27 197 3 4 143 17 160 26 170 3 2 200 23 173 28 161
33 3 1 103 3 93 4 89 3 1 178 2 160 21 189 2 3 164 17 144 3 2 175 4 163 22 151 2 17 42 30 39 3 11 23 13 26 23 23 3 1 166 2 158 21 141 4 5 170 13 135 20 181 25 159 2 6 29 15 34 3 2 23 11 19 19 24 3 12 91 22 95 23 94 3 7 161 8 166 29 128 3 8 59 17 44 24 48 3 6 191 19 201 22 163 3 7 213 9 208 20 208 3 4 195 17 205 26 158 2 10 157 26 227 3 14 141 20 136 27 102 2 6 121 25 152 3 11 184 13 156 17 217 1 24 23 2 11 208 27 146 3 16 205 17 222 27 227 2 12 100 15 86 3 2 22 11 18 19 25 2 4 49 20 47 2 6 49 18 36 3 2 185 23 158 28 155 3 11 8 18 10 19 8 3 1 175 2 189 21 159 3 7 24 9 28 29 32 3 13 34 23 27 25 34 2 21 17 28 18
33 3 1 103 3 93 4 89 3 1 178 2 160 21 189 2 3 164 17 144 3 2 175 4 163 22 151 2 17 42 30 39 3 11 23 13 26 23 23 3 1 166 2 158 21 141 4 5 170 13 135 20 181 25 159 2 6 29 15 34 3 2 23 11 19 19 24 3 12 91 22 95 23 94 3 7 161 8 166 29 128 3 8 59 17 44 24 48 3 6 191 19 201 22 163 3 7 213 9 208 20 208 3 4 195 17 205 26 158 2 10 157 26 227 3 14 141 20 136 27 102 2 6 121 25 152 3 11 184 13 156 17 217 1 24 23 2 11 208 27 146 3 16 205 17 222 27 227 2 12 100 15 86 3 2 22 11 18 19 25 2 4 49 20 47 2 6 49 18 36 3 2 185 23 158 28 155 3 11 8 18 10 19 8 3 1 175 2 189 21 159 3 7 24 9 28 29 32 3 13 34 23 27 25 34 2 21 17 28 18
33 3 1 103 3 93 4 89 3 1 178 2 160 21 189 2 3 164 17 144 3 2 175 4 163 22 151 2 17 42 30 39 3 11 23 13 26 23 23 3 1 166 2 158 21 141 4 5 170 13 135 20 181 25 159 2 6 29 15 34 3 2 23 11 19 19 24 3 12 91 22 95 23 94 3 7 161 8 166 29 128 3 8 59 17 44 24 48 3 6 191 19 201 22 163 3 7 213 9 208 20 208 3 4 195 17 205 26 158 2 10 157 26 227 3 14 141 20 136 27 102 2 6 121 25 152 3 11 184 13 156 17 217 1 24 23 2 11 208 27 146 3 16 205 17 222 27 227 2 12 100 15 86 3 2 22 11 18 19 25 2 4 49 20 47 2 6 49 18 36 3 2 185 23 158 28 155 3 11 8 18 10 19 8 3 1 175 2 189 21 159 3 7 24 9 28 29 32 3 13 34 23 27 25 34 2 21 17 28 18
33 3 1 106 3 75 4 99 3 1 152 2 158 21 184 2 3 128 17 162 3 2 165 4 162 22 182 2 17 35 30 44 3 11 25 13 25 23 26 3 1 195 2 171 21 192 4 5 182 13 185 20 162 25 144 2 6 32 15 26 3 2 25 11 18 19 18 3 12 82 22 89 23 123 3 7 161 8 125 29 163 3 8 50 17 45 24 43 3 6 164 19 150 22 195 3 7 161 9 182 20 227 3 4 194 17 166 26 156 2 10 187 26 224 3 14 99 20 130 27 137 2 6 118 25 122 3 11 185 13 212 17 201 1 24 18 2 11 199 27 178 3 16 161 17 153 27 181 2 12 81 15 102 3 2 25 11 25 19 23 2 4 44 20 39 2 6 45 18 51 3 2 206 23 193 28 154 3 11 9 18 8 19 10 3 1 168 2 176 21 166 3 7 28 9 31 29 24 3 13 34 23 28 25 36 2 21 25 28 18
33 3 1 106 3 75 4 99 3 1 152 2 158 21 184 2 3 128 17 162 3 2 165 4 162 22 182 2 17 35 30 44 3 11 25 13 25 23 26 3 1 195 2 171 21 192 4 5 182 13 185 20 162 25 144 2 6 32 15 26 3 2 25 11 18 19 18 3 12 82 22 89 23 123 3 7 161 8 125 29 163 3 8 50 17 45 24 43 3 6 164 19 150 22 195 3 7 161 9 182 20 227 3 4 194 17 166 26 156 2 10 187 26 224 3 14 99 20 130 27 137 2 6 118 25 122 3 11 185 13 212 17 201 1 24 18 2 11 199 27 178 3 16 161 17 153 27 181 2 12 81 15 102 3 2 25 11 25 19 23 2 4 44 20 39 2 6 45 18 51 3 2 206 23 193 28 154 3 11 9 18 8 19 10 3 1 168 2 176 21 166 3 7 28 9 31 29 24 3 13 34 23 28 25 36 2 21 25 28 18
35 3 1 79 3 74 4 79 3 11 8 18 8 19 10 3 1 181 2 183 21 178 3 1 79 3 104 4 101 2 3 129 17 125 3 2 149 4 162 22 195 4 5 138 13 147 20 161 25 155 2 6 36 15 30 3 7 142 8 166 29 155 2 6 38 18 39 2 17 46 30 41 3 8 48 17 51 24 55 3 4 159 17 145 26 206 3 7 172 9 161 20 200 2 10 184 26 171 3 2 21 11 21 19 24 2 6 41 18 44 3 12 86 22 88 23 94 3 11 19 13 27 23 26 3 14 141 20 103 27 114 2 12 88 15 77 3 1 86 3 84 4 81 3 7 34 9 33 29 25 3 16 191 17 178 27 175 2 4 45 20 51 3 11 168 13 193 17 195 2 21 21 28 17 3 6 200 19 177 22 174 3 13 26 23 35 25 35 2 11 188 27 176 3 14 127 20 124 27 126 1 24 17 2 6 121 25 138 1 24 16 3 2 194 23 164 28 153
35 3 1 79 3 74 4 79 3 11 8 18 8 19 10 3 1 181 2 183 21 178 3 1 79 3 104 4 101 2 3 129 17 125 3 2 149 4 162 22 195 4 5 138 13 147 20 161 25 155 2 6 36 15 30 3 7 142 8 166 29 155 2 6 38 18 39 2 17 46 30 41 3 8 48 17 51 24 55 3 4 159 17 145 26 206 3 7 172 9 161 20 200 2 10 184 26 171 3 2 21 11 21 19 24 2 6 41 18 44 3 12 86 22 88 23 94 3 11 19 13 27 23 26 3 14 141 20 103 27 114 2 12 88 15 77 3 1 86 3 84 4 81 3 7 34 9 33 29 25 3 16 191 17 178 27 175 2 4 45 20 51 3 11 168 13 193 17 195 2 21 21 28 17 3 6 200 19 177 22 174 3 13 26 23 35 25 35 2 11 188 27 176 3 14 127 20 124 27 126 1 24 17 2 6 121 25 138 1 24 16 3 2 194 23 164 28 153
34 2 12 81 15 80 3 1 97 3 76 4 96 3 1 144 2 192 21 187 2 3 168 17 121 3 2 180 4 156 22 164 4 5 154 13 187 20 152 25 144 2 6 29 15 38 3 2 21 11 22 19 25 3 7 156 8 168 29 166 3 8 43 17 48 24 43 3 7 196 9 186 20 163 3 14 115 20 114 27 122 3 11 23 13 21 23 27 2 10 173 26 169 3 12 96 22 90 23 116 3 16 195 17 185 27 219 3 11 209 13 196 17 163 2 6 51 18 36 3 12 104 22 105 23 95 1 24 24 3 11 10 18 9 19 9 2 6 132 25 149 3 2 157 4 158 22 167 3 2 160 23 143 28 200 2 21 20 28 19 2 12 75 15 87 2 4 38 20 39 3 6 169 19 155 22 158 3 7 29 9 27 29 28 3 12 95 22 89 23 93 3 13 28 23 30 25 36 2 11 170 27 140 3 4 154 17 176 26 161 2 17 34 30 35
34 2 12 81 15 80 3 1 97 3 76 4 96 3 1 144 2 192 21 187 2 3 168 17 121 3 2 180 4 156 22 164 4 5 154 13 187 20 152 25 144 2 6 29 15 38 3 2 21 11 22 19 25 3 7 156 8 168 29 166 3 8 43 17 48 24 43 3 7 196 9 186 20 163 3 14 115 20 114 27 122 3 11 23 13 21 23 27 2 10 173 26 169 3 12 96 22 90 23 116 3 16 195 17 185 27 219 3 11 209 13 196 17 163 2 6 51 18 36 3 12 104 22 105 23 95 1 24 24 3 11 10 18 9 19 9 2 6 132 25 149 3 2 157 4 158 22 167 3 2 160 23 143 28 200 2 21 20 28 19 2 12 75 15 87 2 4 38 20 39 3 6 169 19 155 22 158 3 7 29 9 27 29 28 3 12 95 22 89 23 93 3 13 28 23 30 25 36 2 11 170 27 140 3 4 154 17 176 26 161 2 17 34 30 35
34 2 12 81 15 80 3 1 97 3 76 4 96 3 1 144 2 192 21 187 2 3 168 17 121 3 2 180 4 156 22 164 4 5 154 13 187 20 152 25 144 2 6 29 15 38 3 2 21 11 22 19 25 3 7 156 8 168 29 166 3 8 43 17 48 24 43 3 7 196 9 186 20 163 3 14 115 20 114 27 122 3 11 23 13 21 23 27 2 10 173 26 169 3 12 96 22 90 23 116 3 16 195 17 185 27 219 3 11 209 13 196 17 163 2 6 51 18 36 3 12 104 22 105 23 95 1 24 24 3 11 10 18 9 19 9 2 6 132 25 149 3 2 157 4 158 22 167 3 2 160 23 143 28 200 2 21 20 28 19 2 12 75 15 87 2 4 38 20 39 3 6 169 19 155 22 158 3 7 29 9 27 29 28 3 12 95 22 89 23 93 3 13 28 23 30 25 36 2 11 170 27 140 3 4 154 17 176 26 161 2 17 34 30 35
34 2 12 81 15 80 3 1 97 3 76 4 96 3 1 144 2 192 21 187 2 3 168 17 121 3 2 180 4 156 22 164 4 5 154 13 187 20 152 25 144 2 6 29 15 38 3 2 21 11 22 19 25 3 7 156 8 168 29 166 3 8 43 17 48 24 43 3 7 196 9 186 20 163 3 14 115 20 114 27 122 3 11 23 13 21 23 27 2 10 173 26 169 3 12 96 22 90 23 116 3 16 195 17 185 27 219 3 11 209 13 196 17 163 2 6 51 18 36 3 12 104 22 105 23 95 1 24 24 3 11 10 18 9 19 9 2 6 132 25 149 3 2 157 4 158 22 167 3 2 160 23 143 28 200 2 21 20 28 19 2 12 75 15 87 2 4 38 20 39 3 6 169 19 155 22 158 3 7 29 9 27 29 28 3 12 95 22 89 23 93 3 13 28 23 30 25 36 2 11 170 27 140 3 4 154 17 176 26 161 2 17 34 30 35
31 2 12 73 15 84 3 1 93 3 91 4 97 3 1 140 2 180 21 190 2 3 143 17 141 3 2 181 4 140 22 146 3 14 120 20 110 27 95 2 6 36 15 31 4 5 168 13 162 20 135 25 186 3 2 180 4 133 22 184 3 2 23 11 20 19 19 2 11 152 27 171 3 7 140 8 156 29 131 3 7 24 9 27 29 26 3 11 8 18 8 19 10 3 8 52 17 63 24 61 3 13 26 23 33 25 36 3 7 235 9 226 20 201 2 17 40 30 46 2 10 184 26 200 3 12 89 22 85 23 116 3 11 19 13 27 23 19 1 24 16 3 2 201 23 161 28 152 3 16 169 17 161 27 189 3 11 160 13 213 17 198 2 6 36 18 41 2 4 40 20 49 2 21 25 28 20 2 6 141 25 126 3 6 188 19 146 22 138 3 4 190 17 171 26 189
35 3 1 93 3 111 4 89 3 1 163 2 182 21 141 3 8 54 17 54 24 43 3 7 31 9 27 29 27 2 3 166 17 167 3 2 145 4 133 22 160 4 5 191 13 160 20 190 25 145 3 7 139 8 180 29 159 2 6 30 15 27 3 4 140 17 172 26 165 3 7 196 9 160 20 183 2 6 30 15 30 2 10 172 26 190 3 13 35 23 35 25 35 3 8 46 17 52 24 52 3 2 20 11 26 19 26 3 12 84 22 96 23 116 3 11 8 18 10 19 9 3 14 108 20 104 27 108 3 11 22 13 23 23 18 3 14 101 20 113 27 135 3 6 151 19 170 22 172 2 12 94 15 100 3 16 166 17 217 27 189 3 11 181 13 198 17 224 2 3 141 17 161 2 17 34 30 32 2 6 37 18 49 2 4 48 20 51 2 21 21 28 23 3 2 210 23 172 28 155 3 2 25 11 24 19 20 1 24 23 2 6 124 25 150 2 11 204 27 146
35 3 1 93 3 111 4 89 3 1 163 2 182 21 141 3 8 54 17 54 24 43 3 7 31 9 27 29 27 2 3 166 17 167 3 2 145 4 133 22 160 4 5 191 13 160 20 190 25 145 3 7 139 8 180 29 159 2 6 30 15 27 3 4 140 17 172 26 165 3 7 196 9 160 20 183 2 6 30 15 30 2 10 172 26 190 3 13 35 23 35 25 35 3 8 46 17 52 24 52 3 2 20 11 26 19 26 3 12 84 22 96 23 116 3 11 8 18 10 19 9 3 14 108 20 104 27 108 3 11 22 13 23 23 18 3 14 101 20 113 27 135 3 6 151 19 170 22 172 2 12 94 15 100 3 16 166 17 217 27 189 3 11 181 13 198 17 224 2 3 141 17 161 2 17 34 30 32 2 6 37 18 49 2 4 48 20 51 2 21 21 28 23 3 2 210 23 172 28 155 3 2 25 11 24 19 20 1 24 23 2 6 124 25 150 2 11 204 27 146
34 2 12 70 15 82 3 1 79 3 85 4 80 3 1 168 2 197 21 148 2 3 142 17 136 3 2 194 4 197 22 181 4 5 179 13 167 20 171 25 136 2 6 34 15 38 3 2 25 11 20 19 21 3 7 148 8 128 29 165 3 8 47 17 64 24 62 3 7 199 9 194 20 189 3 14 106 20 133 27 109 3 11 20 13 27 23 20 2 10 181 26 229 3 12 112 22 98 23 112 3 16 210 17 180 27 166 3 11 216 13 207 17 173 2 6 36 18 37 3 12 122 22 100 23 116 1 24 20 3 11 11 18 11 19 9 2 6 134 25 132 3 2 193 4 168 22 169 3 2 163 23 156 28 167 2 21 22 28 19 2 12 92 15 71 2 4 38 20 48 3 6 193 19 167 22 180 3 7 32 9 33 29 24 3 12 101 22 118 23 98 3 13 26 23 24 25 25 2 11 149 27 140 3 4 146 17 192 26 208 2 17 42 30 42
36 3 1 97 3 91 4 86 2 6 144 25 158 3 1 177 2 184 21 162 2 6 120 25 153 2 6 39 18 44 3 1 139 2 193 21 175 2 3 153 17 141 2 6 48 18 38 3 2 155 4 189 22 165 4 5 146 13 151 20 166 25 181 2 6 40 18 39 2 21 22 28 18 3 7 34 9 28 29 26 2 6 27 15 32 3 4 167 17 143 26 204 3 7 177 9 196 20 213 3 7 127 8 143 29 174 3 8 62 17 48 24 48 3 7 25 9 30 29 33 3 11 21 13 26 23 18 3 11 11 18 8 19 11 2 10 190 26 212 3 11 231 13 181 17 198 3 14 115 20 135 27 137 3 2 23 11 24 19 24 2 3 151 17 148 3 12 118 22 90 23 86 2 12 87 15 75 3 16 157 17 210 27 165 2 11 148 27 201 2 4 45 20 47 2 17 41 30 44 1 24 24 3 6 151 19 143 22 156 3 13 30 23 35 25 27 3 2 178 23 204 28 214
38 3 7 128 8 182 29 159 3 1 79 3 99 4 99 3 1 163 2 142 21 146 2 3 147 17 141 3 2 169 4 156 22 174 3 16 203 17 223 27 211 4 5 141 13 167 20 165 25 185 3 16 171 17 226 27 155 2 6 37 15 33 3 1 102 3 83 4 103 3 8 63 17 62 24 58 3 2 157 4 152 22 160 3 7 229 9 223 20 188 2 3 173 17 122 2 10 170 26 190 3 2 19 11 23 19 25 3 8 62 17 48 24 62 3 12 109 22 96 23 84 3 11 23 13 20 23 26 2 17 32 30 45 3 14 101 20 114 27 134 2 12 95 15 87 3 11 198 13 205 17 180 2 10 221 26 183 2 6 44 18 48 2 4 51 20 37 3 11 9 18 8 19 9 2 10 153 26 172 2 21 17 28 21 2 6 149 25 139 2 12 99 15 105 3 6 191 19 153 22 192 3 13 34 23 33 25 28 3 2 210 23 155 28 200 1 24 18 3 4 192 17 183 26 168 2 11 179 27 182 3 7 25 9 31 29 33
37 3 4 205 17 146 26 149 3 1 88 3 85 4 77 3 4 151 17 154 26 185 3 1 177 2 140 21 149 3 2 181 4 171 22 178 2 6 34 15 37 3 4 174 17 177 26 158 2 6 130 25 139 2 3 122 17 180 2 21 21 28 18 4 5 165 13 189 20 145 25 192 1 24 21 3 7 168 8 169 29 184 3 16 219 17 179 27 207 3 7 154 8 170 29 166 3 7 182 9 161 20 214 3 7 162 8 176 29 179 2 6 45 18 37 3 8 57 17 57 24 44 2 10 212 26 155 3 2 158 23 209 28 169 3 2 20 11 18 19 18 3 13 25 23 30 25 26 3 12 101 22 122 23 87 3 11 27 13 19 23 24 3 14 117 20 97 27 141 2 11 167 27 209 2 3 145 17 167 3 11 164 13 229 17 209 3 14 141 20 116 27 107 2 12 92 15 95 2 17 46 30 37 3 11 10 18 11 19 8 3 6 147 19 192 22 144 2 4 44 20 36 3 7 133 8 159 29 156 3 7 29 9 25 29 27
35 3 1 95 3 103 4 81 3 12 118 22 82 23 85 3 1 165 2 142 21 198 3 7 148 8 183 29 143 2 3 179 17 181 3 2 134 4 146 22 168 3 7 132 8 159 29 140 4 5 177 13 154 20 186 25 141 3 2 149 23 212 28 153 3 13 30 23 32 25 36 2 4 52 20 47 2 6 31 15 36 3 2 214 23 196 28 148 3 8 59 17 48 24 49 3 7 202 9 168 20 189 2 10 204 26 168 4 5 160 13 152 20 163 25 166 2 12 90 15 71 2 6 36 18 48 3 2 20 11 17 19 19 3 7 30 9 34 29 24 3 11 18 13 26 23 27 3 14 103 20 103 27 123 3 6 188 19 166 22 156 3 16 183 17 187 27 195 3 11 196 13 171 17 220 3 11 11 18 9 19 10 2 21 22 28 16 1 24 22 2 6 120 25 120 1 24 18 2 11 167 27 186 3 4 191 17 189 26 192 2 12 87 15 89 2 17 36 30 43
38 3 7 163 8 165 29 177 3 1 103 3 101 4 83 3 1 171 2 150 21 159 2 3 170 17 137 3 2 171 4 153 22 182 3 16 186 17 193 27 205 4 5 165 13 176 20 145 25 144 3 16 201 17 210 27 161 2 6 31 15 32 3 1 94 3 93 4 83 3 8 62 17 55 24 49 3 2 163 4 167 22 170 3 7 222 9 188 20 221 2 3 152 17 134 2 10 206 26 154 3 2 19 11 19 19 20 3 8 57 17 59 24 64 3 12 95 22 116 23 86 3 11 18 13 22 23 20 2 17 45 30 34 3 14 110 20 134 27 112 2 12 99 15 85 3 11 173 13 162 17 206 2 10 172 26 221 2 6 44 18 50 2 4 51 20 46 3 11 9 18 10 19 9 2 10 220 26 196 2 21 17 28 24 2 6 144 25 167 2 12 100 15 95 3 6 155 19 169 22 158 3 13 30 23 33 25 33 3 2 175 23 212 28 153 1 24 19 3 4 202 17 142 26 151 2 11 154 27 155 3 7 28 9 25 29 27
38 3 7 163 8 165 29 177 3 1 103 3 101 4 83 3 1 171 2 150 21 159 2 3 170 17 137 3 2 171 4 153 22 182 3 16 186 17 193 27 205 4 5 165 13 176 20 145 25 144 3 16 201 17 210 27 161 2 6 31 15 32 3 1 94 3 93 4 83 3 8 62 17 55 24 49 3 2 163 4 167 22 170 3 7 222 9 188 20 221 2 3 152 17 134 2 10 206 26 154 3 2 19 11 19 19 20 3 8 57 17 59 24 64 3 12 95 22 116 23 86 3 11 18 13 22 23 20 2 17 45 30 34 3 14 110 20 134 27 112 2 12 99 15 85 3 11 173 13 162 17 206 2 10 172 26 221 2 6 44 18 50 2 4 51 20 46 3 11 9 18 10 19 9 2 10 220 26 196 2 21 17 28 24 2 6 144 25 167 2 12 100 15 95 3 6 155 19 169 22 158 3 13 30 23 33 25 33 3 2 175 23 212 28 153 1 24 19 3 4 202 17 142 26 151 2 11 154 27 155 3 7 28 9 25 29 27
38 3 7 144 8 180 29 141 3 1 85 3 88 4 109 3 1 177 2 144 21 163 2 3 173 17 170 3 2 157 4 156 22 176 3 16 195 17 173 27 183 4 5 170 13 169 20 148 25 177 3 16 161 17 190 27 228 2 6 29 15 37 3 1 78 3 82 4 101 3 8 48 17 45 24 56 3 2 148 4 174 22 157 3 7 218 9 191 20 188 2 3 142 17 164 2 10 205 26 159 3 2 20 11 19 19 19 3 8 55 17 47 24 53 3 12 101 22 94 23 96 3 11 21 13 18 23 19 2 17 42 30 40 3 14 135 20 121 27 138 2 12 81 15 89 3 11 224 13 175 17 168 2 10 204 26 158 2 6 42 18 43 2 4 53 20 45 3 11 8 18 8 19 11 2 10 178 26 177 2 21 20 28 20 2 6 120 25 155 2 12 100 15 90 3 6 156 19 175 22 146 3 13 32 23 34 25 26 3 2 165 23 183 28 188 1 24 22 3 4 160 17 174 26 149 2 11 167 27 154 3 7 31 9 33 29 28
39 3 1 93 3 106 4 87 3 1 163 2 201 21 200 2 3 178 17 135 3 6 161 19 184 22 175 3 1 98 3 86 4 83 4 5 153 13 146 20 197 25 181 3 2 178 4 196 22 143 3 1 191 2 189 21 168 2 11 153 27 176 2 6 31 15 34 3 1 77 3 106 4 82 3 7 139 8 152 29 182 3 2 18 11 19 19 24 3 12 113 22 93 23 117 2 10 202 26 191 3 11 10 18 8 19 9 3 8 55 17 58 24 43 2 6 50 18 37 3 7 155 8 131 29 177 2 6 142 25 127 3 11 26 13 26 23 23 3 7 220 9 175 20 204 3 14 116 20 132 27 121 2 12 71 15 85 3 16 172 17 168 27 204 3 11 211 13 172 17 160 2 6 26 15 36 2 17 46 30 38 2 4 50 20 45 2 6 165 25 142 3 4 165 17 163 26 147 2 21 18 28 18 3 2 19 11 21 19 17 3 13 33 23 25 25 25 3 16 211 17 202 27 216 1 24 19 3 2 149 23 181 28 155 2 4 43 20 46 3 7 23 9 33 29 24
39 3 1 93 3 106 4 87 3 1 163 2 201 21 200 2 3 178 17 135 3 6 161 19 184 22 175 3 1 98 3 86 4 83 4 5 153 13 146 20 197 25 181 3 2 178 4 196 22 143 3 1 191 2 189 21 168 2 11 153 27 176 2 6 31 15 34 3 1 77 3 106 4 82 3 7 139 8 152 29 182 3 2 18 11 19 19 24 3 12 113 22 93 23 117 2 10 202 26 191 3 11 10 18 8 19 9 3 8 55 17 58 24 43 2 6 50 18 37 3 7 155 8 131 29 177 2 6 142 25 127 3 11 26 13 26 23 23 3 7 220 9 175 20 204 3 14 116 20 132 27 121 2 12 71 15 85 3 16 172 17 168 27 204 3 11 211 13 172 17 160 2 6 26 15 36 2 17 46 30 38 2 4 50 20 45 2 6 165 25 142 3 4 165 17 163 26 147 2 21 18 28 18 3 2 19 11 21 19 17 3 13 33 23 25 25 25 3 16 211 17 202 27 216 1 24 19 3 2 149 23 181 28 155 2 4 43 20 46 3 7 23 9 33 29 24
36 3 1 74 3 75 4 78 2 6 26 15 29 3 7 141 8 185 29 173 2 6 26 15 35 3 1 174 2 162 21 175 3 1 99 3 91 4 80 2 3 125 17 132 2 21 23 28 20 3 2 153 4 144 22 187 3 1 102 3 74 4 95 4 5 189 13 150 20 144 25 151 3 8 60 17 52 24 52 3 14 132 20 96 27 130 1 24 21 3 7 190 9 173 20 181 2 10 199 26 157 3 2 19 11 21 19 20 3 12 116 22 116 23 104 3 11 20 13 18 23 25 2 12 78 15 82 3 16 165 17 220 27 183 2 11 180 27 153 3 11 161 13 229 17 201 2 6 37 18 39 3 6 142 19 193 22 156 2 10 171 26 205 3 2 206 23 163 28 212 3 11 10 18 11 19 8 1 24 18 2 4 53 20 52 3 13 34 23 34 25 30 2 6 125 25 155 3 16 219 17 175 27 199 3 4 172 17 175 26 203 3 7 28 9 27 29 34 2 17 39 30 42
36 3 1 74 3 75 4 78 2 6 26 15 29 3 7 141 8 185 29 173 2 6 26 15 35 3 1 174 2 162 21 175 3 1 99 3 91 4 80 2 3 125 17 132 2 21 23 28 20 3 2 153 4 144 22 187 3 1 102 3 74 4 95 4 5 189 13 150 20 144 25 151 3 8 60 17 52 24 52 3 14 132 20 96 27 130 1 24 21 3 7 190 9 173 20 181 2 10 199 26 157 3 2 19 11 21 19 20 3 12 116 22 116 23 104 3 11 20 13 18 23 25 2 12 78 15 82 3 16 165 17 220 27 183 2 11 180 27 153 3 11 161 13 229 17 201 2 6 37 18 39 3 6 142 19 193 22 156 2 10 171 26 205 3 2 206 23 163 28 212 3 11 10 18 11 19 8 1 24 18 2 4 53 20 52 3 13 34 23 34 25 30 2 6 125 25 155 3 16 219 17 175 27 199 3 4 172 17 175 26 203 3 7 28 9 27 29 34 2 17 39 30 42
36 3 1 91 3 93 4 79 2 6 25 15 26 3 7 162 8 130 29 151 2 6 27 15 30 3 1 137 2 139 21 196 3 1 107 3 90 4 89 2 3 134 17 155 2 21 22 28 19 3 2 142 4 161 22 135 3 1 90 3 95 4 95 4 5 172 13 173 20 169 25 162 3 8 43 17 62 24 61 3 14 107 20 132 27 95 1 24 21 3 7 173 9 203 20 211 2 10 216 26 153 3 2 21 11 20 19 19 3 12 99 22 94 23 103 3 11 20 13 22 23 22 2 12 100 15 102 3 16 163 17 166 27 219 2 11 155 27 181 3 11 228 13 218 17 207 2 6 41 18 37 3 6 205 19 153 22 188 2 10 185 26 167 3 2 151 23 196 28 156 3 11 9 18 10 19 9 1 24 23 2 4 39 20 41 3 13 27 23 36 25 26 2 6 146 25 127 3 16 228 17 153 27 221 3 4 153 17 167 26 200 3 7 28 9 32 29 30 2 17 45 30 46
35 3 1 110 3 95 4 111 3 1 141 2 145 21 204 3 8 50 17 45 24 45 3 7 29 9 33 29 27 2 3 137 17 168 3 2 171 4 158 22 172 4 5 187 13 155 20 134 25 194 3 7 167 8 158 29 163 2 6 36 15 30 3 4 154 17 142 26 192 3 7 205 9 170 20 221 2 6 28 15 38 2 10 180 26 177 3 13 35 23 31 25 34 3 8 55 17 51 24 61 3 2 19 11 25 19 26 3 12 89 22 110 23 116 3 11 8 18 8 19 9 3 14 97 20 110 27 119 3 11 21 13 25 23 25 3 14 109 20 138 27 97 3 6 146 19 143 22 202 2 12 101 15 92 3 16 201 17 211 27 201 3 11 195 13 218 17 212 2 3 127 17 149 2 17 41 30 46 2 6 41 18 52 2 4 51 20 37 2 21 24 28 17 3 2 160 23 164 28 189 3 2 20 11 24 19 25 1 24 17 2 6 164 25 123 2 11 194 27 165
33 3 1 87 3 103 4 108 3 1 194 2 155 21 158 2 3 143 17 159 3 2 177 4 160 22 173 2 17 43 30 40 3 11 18 13 18 23 25 3 1 170 2 188 21 159 4 5 183 13 169 20 164 25 168 2 6 33 15 31 3 2 24 11 17 19 21 3 12 93 22 92 23 94 3 7 161 8 134 29 140 3 8 62 17 43 24 46 3 6 153 19 155 22 139 3 7 223 9 229 20 169 3 4 195 17 161 26 199 2 10 177 26 196 3 14 139 20 142 27 106 2 6 133 25 144 3 11 206 13 218 17 210 1 24 21 2 11 146 27 190 3 16 154 17 218 27 212 2 12 85 15 83 3 2 24 11 23 19 18 2 4 53 20 50 2 6 43 18 38 3 2 176 23 146 28 207 3 11 10 18 10 19 9 3 1 202 2 164 21 171 3 7 33 9 33 29 30 3 13 30 23 35 25 30 2 21 17 28 23
36 3 1 105 3 75 4 103 2 6 159 25 127 3 1 194 2 143 21 173 2 6 129 25 128 2 6 37 18 39 3 1 178 2 154 21 167 2 3 157 17 154 2 6 39 18 48 3 2 143 4 148 22 153 4 5 158 13 172 20 162 25 180 2 6 37 18 42 2 21 19 28 19 3 7 34 9 28 29 23 2 6 30 15 35 3 4 146 17 149 26 191 3 7 187 9 202 20 185 3 7 127 8 128 29 153 3 8 46 17 47 24 50 3 7 30 9 32 29 28 3 11 19 13 23 23 27 3 11 9 18 9 19 11 2 10 190 26 193 3 11 185 13 169 17 209 3 14 98 20 130 27 132 3 2 17 11 22 19 20 2 3 135 17 176 3 12 95 22 108 23 87 2 12 76 15 86 3 16 214 17 169 27 219 2 11 155 27 173 2 4 41 20 40 2 17 34 30 36 1 24 21 3 6 196 19 138 22 182 3 13 33 23 28 25 27 3 2 195 23 212 28 148
33 3 1 84 3 77 4 89 3 1 155 2 193 21 150 2 3 140 17 148 3 2 139 4 179 22 161 2 17 43 30 40 3 11 27 13 24 23 25 3 1 200 2 177 21 173 4 5 153 13 191 20 185 25 181 2 6 30 15 37 3 2 22 11 18 19 18 3 12 93 22 92 23 97 3 7 140 8 163 29 171 3 8 44 17 63 24 45 3 6 200 19 204 22 155 3 7 172 9 197 20 189 3 4 192 17 147 26 155 2 10 220 26 227 3 14 116 20 114 27 117 2 6 125 25 119 3 11 168 13 211 17 160 1 24 17 2 11 177 27 187 3 16 154 17 169 27 206 2 12 90 15 82 3 2 18 11 20 19 25 2 4 41 20 40 2 6 48 18 49 3 2 163 23 199 28 144 3 11 8 18 11 19 9 3 1 181 2 201 21 173 3 7 24 9 23 29 26 3 13 27 23 31 25 31 2 21 23 28 23
31 2 12 92 15 100 3 1 82 3 107 4 85 3 1 204 2 203 21 141 2 3 167 17 150 3 2 147 4 164 22 132 3 14 139 20 118 27 132 2 6 37 15 30 4 5 191 13 191 20 150 25 153 3 2 187 4 168 22 150 3 2 23 11 19 19 18 2 11 159 27 182 3 7 153 8 157 29 177 3 7 26 9 31 29 24 3 11 10 18 8 19 11 3 8 44 17 52 24 43 3 13 26 23 28 25 32 3 7 165 9 193 20 229 2 17 39 30 42 2 10 206 26 223 3 12 100 22 94 23 121 3 11 21 13 25 23 21 1 24 24 3 2 185 23 202 28 155 3 16 226 17 164 27 177 3 11 194 13 196 17 163 2 6 50 18 42 2 4 41 20 54 2 21 22 28 18 2 6 168 25 122 3 6 194 19 159 22 195 3 4 185 17 193 26 175
36 3 1 77 3 111 4 99 2 6 153 25 150 3 1 162 2 142 21 161 2 6 167 25 137 2 6 39 18 48 3 1 161 2 146 21 138 2 3 135 17 172 2 6 51 18 39 3 2 192 4 153 22 143 4 5 142 13 155 20 159 25 190 2 6 45 18 40 2 21 22 28 17 3 7 25 9 33 29 31 2 6 30 15 29 3 4 205 17 151 26 161 3 7 195 9 179 20 173 3 7 157 8 134 29 168 3 8 57 17 52 24 63 3 7 23 9 26 29 28 3 11 19 13 23 23 23 3 11 8 18 11 19 9 2 10 178 26 217 3 11 198 13 220 17 178 3 14 107 20 126 27 136 3 2 22 11 19 19 26 2 3 168 17 174 3 12 101 22 110 23 100 2 12 103 15 104 3 16 225 17 167 27 227 2 11 160 27 192 2 4 41 20 44 2 17 40 30 39 1 24 24 3 6 197 19 179 22 195 3 13 25 23 37 25 35 3 2 148 23 164 28 193
40 2 21 19 28 18 3 1 88 3 86 4 74 3 1 197 2 202 21 146 3 1 99 3 74 4 110 2 3 128 17 159 3 2 192 4 132 22 143 4 5 154 13 168 20 169 25 188 2 21 24 28 21 2 6 32 15 27 2 21 18 28 22 3 16 225 17 214 27 181 3 7 129 8 181 29 139 3 8 64 17 63 24 49 3 7 173 9 169 20 204 4 5 132 13 187 20 178 25 143 2 10 183 26 212 3 2 153 4 134 22 164 3 2 21 11 24 19 19 3 1 92 3 83 4 105 2 17 44 30 31 3 12 84 22 84 23 98 3 11 9 18 9 19 11 3 11 25 13 18 23 23 2 21 17 28 20 3 14 130 20 96 27 122 2 12 70 15 94 2 11 206 27 172 2 3 151 17 155 3 11 186 13 201 17 176 2 6 45 18 48 3 7 27 9 34 29 29 2 6 147 25 172 2 4 52 20 44 3 6 199 19 157 22 186 3 11 165 13 193 17 207 3 13 32 23 34 25 37 1 24 19 2 11 142 27 144 3 4 183 17 192 26 152 3 2 180 23 192 28 164
40 2 3 149 17 154 3 1 103 3 110 4 89 3 1 158 2 178 21 197 3 2 23 11 24 19 25 3 2 167 4 150 22 134 2 11 192 27 159 4 5 151 13 184 20 136 25 196 2 6 151 25 154 3 1 193 2 142 21 165 2 6 51 18 47 3 2 17 11 17 19 17 2 6 27 15 31 3 7 183 8 133 29 171 3 8 51 17 55 24 59 3 2 198 23 193 28 193 3 8 53 17 51 24 58 3 11 213 13 163 17 178 2 6 36 18 40 3 7 222 9 176 20 175 3 11 8 18 11 19 9 3 11 19 13 24 23 20 3 2 195 4 146 22 175 2 10 184 26 228 3 12 118 22 86 23 110 2 21 21 28 24 3 16 174 17 157 27 211 3 6 196 19 187 22 161 3 4 183 17 173 26 191 1 24 17 2 11 205 27 171 2 17 46 30 44 2 4 42 20 48 3 1 147 2 161 21 197 3 14 125 20 99 27 100 4 5 134 13 135 20 188 25 166 2 12 101 15 103 3 1 182 2 144 21 141 3 7 34 9 28 29 33 2 6 26 15 30 3 13 33 23 31 25 26
32 3 7 186 8 172 29 185 3 1 80 3 95 4 85 3 1 199 2 188 21 149 2 3 126 17 170 3 14 142 20 109 27 123 2 3 128 17 175 3 4 186 17 165 26 192 3 2 189 4 180 22 162 2 6 38 18 51 4 5 195 13 186 20 179 25 160 3 8 45 17 52 24 53 2 6 26 15 33 3 7 235 9 182 20 199 2 10 207 26 204 3 13 26 23 30 25 34 3 2 21 11 23 19 23 2 4 53 20 39 3 12 83 22 104 23 95 3 7 23 9 25 29 30 3 6 153 19 141 22 158 3 11 24 13 26 23 26 2 12 71 15 81 3 16 180 17 166 27 155 3 11 211 13 227 17 197 3 1 165 2 163 21 164 3 11 9 18 11 19 9 2 21 23 28 20 2 6 135 25 148 3 2 207 23 163 28 144 1 24 24 2 11 187 27 203 2 17 43 30 31
32 3 7 127 8 163 29 168 3 1 79 3 104 4 111 3 1 185 2 141 21 160 2 3 168 17 176 3 14 126 20 141 27 136 2 3 166 17 136 3 4 164 17 162 26 166 3 2 151 4 158 22 176 2 6 49 18 39 4 5 134 13 188 20 178 25 158 3 8 53 17 45 24 56 2 6 32 15 36 3 7 174 9 232 20 184 2 10 157 26 200 3 13 35 23 25 25 31 3 2 23 11 20 19 22 2 4 42 20 52 3 12 84 22 103 23 118 3 7 30 9 33 29 27 3 6 165 19 154 22 146 3 11 20 13 20 23 27 2 12 96 15 102 3 16 160 17 227 27 167 3 11 205 13 168 17 173 3 1 196 2 178 21 176 3 11 10 18 8 19 9 2 21 18 28 20 2 6 141 25 170 3 2 146 23 199 28 212 1 24 19 2 11 200 27 147 2 17 40 30 36
36 3 1 107 3 106 4 92 3 1 165 2 156 21 161 3 1 79 3 88 4 82 3 7 161 8 145 29 157 2 3 173 17 166 3 16 186 17 176 27 189 3 1 192 2 198 21 196 3 2 154 4 176 22 146 4 5 149 13 140 20 193 25 161 2 6 33 15 28 3 8 62 17 61 24 58 3 1 103 3 83 4 89 3 7 226 9 188 20 202 2 10 172 26 172 3 2 25 11 19 19 25 3 12 117 22 121 23 87 1 24 21 3 11 21 13 24 23 25 3 14 133 20 111 27 106 2 11 162 27 169 3 8 57 17 64 24 62 3 4 166 17 140 26 186 2 12 97 15 87 3 11 215 13 167 17 208 3 6 170 19 156 22 162 3 4 176 17 183 26 144 2 6 46 18 50 3 11 9 18 11 19 11 2 4 39 20 51 2 21 22 28 23 3 13 29 23 29 25 29 3 2 188 23 152 28 203 2 6 134 25 156 3 7 29 9 34 29 29 2 10 217 26 157 2 17 39 30 39
31 2 12 79 15 92 3 1 109 3 92 4 103 3 1 194 2 180 21 137 2 3 137 17 177 3 2 161 4 142 22 154 3 14 100 20 95 27 107 2 6 27 15 31 4 5 169 13 194 20 167 25 190 3 2 159 4 148 22 184 3 2 20 11 26 19 17 2 11 169 27 154 3 7 145 8 128 29 173 3 7 27 9 26 29 26 3 11 8 18 11 19 9 3 8 43 17 44 24 50 3 13 30 23 35 25 36 3 7 172 9 209 20 172 2 17 35 30 40 2 10 153 26 174 3 12 87 22 98 23 109 3 11 19 13 19 23 18 1 24 25 3 2 200 23 194 28 159 3 16 180 17 198 27 212 3 11 206 13 157 17 201 2 6 47 18 51 2 4 45 20 54 2 21 17 28 18 2 6 173 25 162 3 6 173 19 186 22 197 3 4 181 17 207 26 148
DUE_DATES: 4131 4131 4873 4873 4084 4084 4655 4581 4581 4633 4633 3913 3913 3913 3856 3856 3749 3749 3832 3832 3832 3832 3560 3827 3827 3946 4101 4728 4669 4091 4707 4707 4623 4509 4509 4088 4088 4085 3897 3896 4007 3845 3736 4156 4630 4793 3879 3841 4327 3632
WEIGHTS: 3 2 2 1 2 1 3 1 2 3 1 1 3 3 2 1 3 2 2 2 2 1 2 2 3 2 1 2 1 1 2 2 2 3 2 2 2 3 2 3 3 1 3 2 2 3 1 1 1 2
