50 30
37 2 8 80 19 89 3 3 37 13 40 16 37 3 7 98 17 86 29 93 4 1 45 16 51 19 47 20 41 2 2 112 12 113 3 3 142 29 137 30 105 3 7 95 17 81 29 116 3 3 99 4 99 22 113 3 5 71 11 72 30 68 4 1 57 16 44 19 55 20 60 2 3 60 6 45 3 5 73 11 78 30 82 3 5 3 7 2 16 3 3 11 15 15 12 21 14 2 8 62 13 64 3 7 106 17 92 29 88 2 18 64 25 57 3 8 97 9 84 26 104 2 25 149 26 165 3 13 134 20 132 28 165 3 4 140 10 202 12 161 3 5 74 19 78 24 76 3 9 99 18 108 22 99 3 3 128 4 116 22 133 3 12 81 20 99 27 70 3 1 129 14 161 24 134 3 8 161 11 167 15 199 2 1 106 21 96 3 17 116 18 104 22 79 2 13 54 16 53 3 8 73 9 88 26 99 3 3 182 9 187 17 174 3 5 86 11 80 30 77 2 16 203 30 197 4 23 19 27 21 28 19 30 25 3 9 44 10 62 28 59 3 15 173 16 156 27 161
37 2 8 80 19 89 3 3 37 13 40 16 37 3 7 98 17 86 29 93 4 1 45 16 51 19 47 20 41 2 2 112 12 113 3 3 142 29 137 30 105 3 7 95 17 81 29 116 3 3 99 4 99 22 113 3 5 71 11 72 30 68 4 1 57 16 44 19 55 20 60 2 3 60 6 45 3 5 73 11 78 30 82 3 5 3 7 2 16 3 3 11 15 15 12 21 14 2 8 62 13 64 3 7 106 17 92 29 88 2 18 64 25 57 3 8 97 9 84 26 104 2 25 149 26 165 3 13 134 20 132 28 165 3 4 140 10 202 12 161 3 5 74 19 78 24 76 3 9 99 18 108 22 99 3 3 128 4 116 22 133 3 12 81 20 99 27 70 3 1 129 14 161 24 134 3 8 161 11 167 15 199 2 1 106 21 96 3 17 116 18 104 22 79 2 13 54 16 53 3 8 73 9 88 26 99 3 3 182 9 187 17 174 3 5 86 11 80 30 77 2 16 203 30 197 4 23 19 27 21 28 19 30 25 3 9 44 10 62 28 59 3 15 173 16 156 27 161
34 4 1 51 16 54 19 50 20 51 2 2 103 12 124 3 3 113 29 127 30 138 3 13 144 20 159 28 143 4 1 49 16 58 19 48 20 57 2 13 53 16 52 3 1 155 14 160 24 177 2 3 60 6 47 3 3 138 4 106 22 101 3 9 108 18 89 22 91 3 5 83 11 69 30 94 2 3 57 6 63 3 5 2 7 3 16 2 4 1 47 16 55 19 49 20 47 2 8 44 13 58 3 8 101 9 105 26 84 3 15 171 16 153 27 161 2 18 68 25 74 2 1 125 21 130 3 13 132 20 112 28 116 3 4 181 10 188 12 144 3 11 13 15 13 21 14 3 9 49 10 46 28 54 3 5 63 19 69 24 78 4 23 19 27 16 28 18 30 18 3 3 149 9 141 17 187 3 12 82 20 78 27 96 3 3 44 13 48 16 39 3 8 156 11 193 15 147 2 8 109 19 84 3 17 87 18 108 22 85 2 25 150 26 194 3 7 89 17 91 29 83 2 16 150 30 209
37 2 16 218 30 186 4 1 53 16 54 19 48 20 58 4 23 17 27 22 28 21 30 25 2 2 105 12 127 3 3 119 29 139 30 125 3 3 178 9 152 17 172 3 3 134 4 121 22 133 3 5 76 11 95 30 92 2 3 55 6 47 3 5 3 7 2 16 3 2 3 65 6 66 2 8 57 13 59 2 18 57 25 75 3 8 87 9 82 26 83 3 4 168 10 167 12 154 3 11 13 15 15 21 13 3 3 149 9 174 17 199 3 12 88 20 76 27 102 3 5 93 11 71 30 72 3 3 42 13 42 16 37 3 1 168 14 133 24 183 3 3 44 13 44 16 48 3 8 204 11 177 15 184 3 5 3 7 2 16 2 3 13 118 20 121 28 129 2 13 61 16 60 3 9 86 18 83 22 85 2 8 104 19 80 4 23 20 27 19 28 23 30 22 2 1 94 21 135 3 17 106 18 115 22 88 2 25 190 26 133 3 5 80 19 67 24 75 3 15 160 16 121 27 134 2 18 67 25 67 3 9 44 10 41 28 55 3 7 101 17 108 29 79
35 4 1 54 16 43 19 57 20 43 2 2 121 12 96 3 3 140 29 151 30 154 3 3 122 4 134 22 126 2 18 69 25 70 3 5 81 11 83 30 68 2 3 62 6 59 3 5 2 7 3 16 2 3 17 98 18 82 22 95 2 8 44 13 43 3 3 145 9 191 17 203 4 1 55 16 51 19 50 20 47 3 8 87 9 99 26 80 2 25 193 26 150 3 4 185 10 193 12 189 3 11 14 15 12 21 13 2 8 101 19 96 2 18 71 25 64 3 5 55 19 69 24 71 3 12 83 20 88 27 85 3 5 3 7 2 16 2 2 16 213 30 212 3 3 36 13 41 16 42 3 1 185 14 170 24 133 3 9 97 18 104 22 107 2 3 53 6 49 4 23 18 27 17 28 16 30 18 3 13 133 20 158 28 163 3 8 190 11 145 15 158 2 13 61 16 54 2 1 97 21 136 3 7 87 17 90 29 82 2 18 77 25 63 3 9 54 10 58 28 54 3 15 124 16 165 27 125
34 4 1 43 16 45 19 55 20 59 2 8 107 19 82 2 2 114 12 102 2 8 96 19 94 3 3 134 29 138 30 149 3 3 100 4 125 22 102 3 5 92 11 71 30 74 2 25 160 26 145 2 13 62 16 62 3 1 167 14 168 24 181 3 15 121 16 128 27 124 2 3 47 6 51 2 8 47 13 62 3 5 3 7 3 16 2 3 8 80 9 78 26 84 3 12 90 20 92 27 86 3 4 145 10 165 12 197 3 11 12 15 11 21 13 2 8 62 13 48 3 3 37 13 42 16 45 2 18 58 25 78 4 23 23 27 22 28 20 30 21 3 8 204 11 176 15 162 3 3 141 9 136 17 177 3 9 88 18 96 22 82 2 1 114 21 115 3 13 147 20 133 28 125 3 17 103 18 86 22 96 3 5 62 19 76 24 79 4 1 56 16 49 19 42 20 50 3 9 52 10 46 28 44 3 3 120 4 120 22 116 3 7 103 17 113 29 118 2 16 210 30 183
34 4 1 43 16 45 19 55 20 59 2 8 107 19 82 2 2 114 12 102 2 8 96 19 94 3 3 134 29 138 30 149 3 3 100 4 125 22 102 3 5 92 11 71 30 74 2 25 160 26 145 2 13 62 16 62 3 1 167 14 168 24 181 3 15 121 16 128 27 124 2 3 47 6 51 2 8 47 13 62 3 5 3 7 3 16 2 3 8 80 9 78 26 84 3 12 90 20 92 27 86 3 4 145 10 165 12 197 3 11 12 15 11 21 13 2 8 62 13 48 3 3 37 13 42 16 45 2 18 58 25 78 4 23 23 27 22 28 20 30 21 3 8 204 11 176 15 162 3 3 141 9 136 17 177 3 9 88 18 96 22 82 2 1 114 21 115 3 13 147 20 133 28 125 3 17 103 18 86 22 96 3 5 62 19 76 24 79 4 1 56 16 49 19 42 20 50 3 9 52 10 46 28 44 3 3 120 4 120 22 116 3 7 103 17 113 29 118 2 16 210 30 183
33 4 1 54 16 42 19 51 20 46 2 2 98 12 122 3 3 112 29 113 30 108 3 3 111 4 137 22 118 3 8 175 11 156 15 175 3 17 89 18 114 22 78 3 5 76 11 87 30 68 2 3 59 6 59 3 5 2 7 2 16 2 3 8 94 9 100 26 73 2 8 46 13 56 3 4 188 10 189 12 150 3 11 11 15 14 21 14 4 23 21 27 16 28 24 30 22 3 4 186 10 145 12 196 3 12 77 20 85 27 73 3 3 49 13 36 16 44 3 9 47 10 55 28 59 3 1 166 14 172 24 170 2 16 194 30 170 3 5 78 19 67 24 72 2 13 54 16 62 3 3 165 9 184 17 153 2 1 98 21 115 4 1 46 16 45 19 45 20 49 3 9 97 18 82 22 111 2 8 92 19 79 3 13 136 20 116 28 164 2 16 151 30 197 2 18 62 25 62 3 15 126 16 172 27 167 2 25 144 26 132 3 7 115 17 89 29 109
38 4 1 54 16 58 19 51 20 56 2 2 117 12 122 4 1 49 16 52 19 56 20 48 3 3 135 29 122 30 147 3 3 180 9 149 17 201 3 5 67 11 92 30 80 3 3 121 4 97 22 102 3 13 159 20 113 28 159 3 3 121 29 125 30 145 3 9 85 18 111 22 77 2 3 58 6 47 3 5 3 7 3 16 2 3 5 78 11 95 30 68 2 8 60 13 55 2 2 90 12 123 3 8 80 9 84 26 75 3 4 147 10 150 12 141 2 8 88 19 91 3 8 93 9 96 26 104 3 11 12 15 11 21 12 3 12 91 20 85 27 94 3 15 157 16 159 27 137 4 1 44 16 58 19 47 20 46 3 3 38 13 37 16 50 3 1 137 14 130 24 164 3 8 169 11 166 15 182 2 13 64 16 56 2 1 94 21 125 3 17 113 18 99 22 78 4 23 24 27 18 28 20 30 20 3 5 73 19 54 24 57 3 3 166 9 180 17 167 2 18 79 25 64 2 25 147 26 142 2 16 186 30 166 3 3 39 13 40 16 38 3 9 45 10 48 28 58 3 7 98 17 89 29 83
35 3 5 70 19 72 24 77 4 1 48 16 58 19 44 20 57 2 2 97 12 87 3 3 140 29 124 30 128 3 9 84 18 111 22 79 3 3 132 4 123 22 109 2 2 115 12 122 3 5 86 11 84 30 91 2 3 48 6 66 3 5 2 7 3 16 2 3 17 82 18 87 22 111 2 8 58 13 45 3 8 93 9 79 26 78 3 8 157 11 152 15 212 2 16 198 30 149 3 4 148 10 170 12 183 4 23 19 27 20 28 20 30 18 3 9 58 10 59 28 48 3 11 13 15 14 21 15 3 3 141 29 127 30 108 3 12 70 20 75 27 87 3 3 37 13 42 16 50 2 13 58 16 50 3 3 48 13 38 16 44 3 1 129 14 186 24 127 3 3 101 4 139 22 119 3 3 201 9 172 17 194 3 8 207 11 159 15 197 2 8 75 19 85 3 13 124 20 113 28 161 2 1 103 21 96 3 15 153 16 144 27 124 2 18 84 25 77 2 25 144 26 151 3 7 100 17 99 29 115
35 3 5 70 19 72 24 77 4 1 48 16 58 19 44 20 57 2 2 97 12 87 3 3 140 29 124 30 128 3 9 84 18 111 22 79 3 3 132 4 123 22 109 2 2 115 12 122 3 5 86 11 84 30 91 2 3 48 6 66 3 5 2 7 3 16 2 3 17 82 18 87 22 111 2 8 58 13 45 3 8 93 9 79 26 78 3 8 157 11 152 15 212 2 16 198 30 149 3 4 148 10 170 12 183 4 23 19 27 20 28 20 30 18 3 9 58 10 59 28 48 3 11 13 15 14 21 15 3 3 141 29 127 30 108 3 12 70 20 75 27 87 3 3 37 13 42 16 50 2 13 58 16 50 3 3 48 13 38 16 44 3 1 129 14 186 24 127 3 3 101 4 139 22 119 3 3 201 9 172 17 194 3 8 207 11 159 15 197 2 8 75 19 85 3 13 124 20 113 28 161 2 1 103 21 96 3 15 153 16 144 27 124 2 18 84 25 77 2 25 144 26 151 3 7 100 17 99 29 115
34 4 1 60 16 44 19 55 20 44 2 2 109 12 99 3 3 130 29 143 30 126 3 13 140 20 128 28 114 4 1 58 16 41 19 47 20 48 2 13 55 16 47 3 1 186 14 169 24 143 2 3 45 6 47 3 3 106 4 124 22 102 3 9 101 18 101 22 95 3 5 88 11 69 30 85 2 3 58 6 45 3 5 2 7 3 16 3 4 1 43 16 43 19 51 20 48 2 8 57 13 54 3 8 95 9 75 26 106 3 15 136 16 150 27 177 2 18 83 25 64 2 1 127 21 132 3 13 121 20 152 28 140 3 4 166 10 185 12 178 3 11 11 15 11 21 11 3 9 44 10 61 28 61 3 5 54 19 77 24 56 4 23 17 27 20 28 19 30 19 3 3 173 9 198 17 183 3 12 70 20 69 27 80 3 3 38 13 49 16 46 3 8 178 11 154 15 151 2 8 80 19 86 3 17 79 18 89 22 117 2 25 154 26 147 3 7 81 17 114 29 92 2 16 170 30 188
34 4 1 60 16 44 19 55 20 44 2 2 109 12 99 3 3 130 29 143 30 126 3 13 140 20 128 28 114 4 1 58 16 41 19 47 20 48 2 13 55 16 47 3 1 186 14 169 24 143 2 3 45 6 47 3 3 106 4 124 22 102 3 9 101 18 101 22 95 3 5 88 11 69 30 85 2 3 58 6 45 3 5 2 7 3 16 3 4 1 43 16 43 19 51 20 48 2 8 57 13 54 3 8 95 9 75 26 106 3 15 136 16 150 27 177 2 18 83 25 64 2 1 127 21 132 3 13 121 20 152 28 140 3 4 166 10 185 12 178 3 11 11 15 11 21 11 3 9 44 10 61 28 61 3 5 54 19 77 24 56 4 23 17 27 20 28 19 30 19 3 3 173 9 198 17 183 3 12 70 20 69 27 80 3 3 38 13 49 16 46 3 8 178 11 154 15 151 2 8 80 19 86 3 17 79 18 89 22 117 2 25 154 26 147 3 7 81 17 114 29 92 2 16 170 30 188
34 4 1 60 16 44 19 55 20 44 2 2 109 12 99 3 3 130 29 143 30 126 3 13 140 20 128 28 114 4 1 58 16 41 19 47 20 48 2 13 55 16 47 3 1 186 14 169 24 143 2 3 45 6 47 3 3 106 4 124 22 102 3 9 101 18 101 22 95 3 5 88 11 69 30 85 2 3 58 6 45 3 5 2 7 3 16 3 4 1 43 16 43 19 51 20 48 2 8 57 13 54 3 8 95 9 75 26 106 3 15 136 16 150 27 177 2 18 83 25 64 2 1 127 21 132 3 13 121 20 152 28 140 3 4 166 10 185 12 178 3 11 11 15 11 21 11 3 9 44 10 61 28 61 3 5 54 19 77 24 56 4 23 17 27 20 28 19 30 19 3 3 173 9 198 17 183 3 12 70 20 69 27 80 3 3 38 13 49 16 46 3 8 178 11 154 15 151 2 8 80 19 86 3 17 79 18 89 22 117 2 25 154 26 147 3 7 81 17 114 29 92 2 16 170 30 188
35 4 1 43 16 60 19 61 20 60 2 2 96 12 98 3 3 124 29 116 30 126 3 3 126 4 104 22 120 2 18 69 25 60 3 5 92 11 93 30 80 2 3 61 6 63 3 5 2 7 3 16 3 3 17 79 18 98 22 105 2 8 58 13 47 3 3 156 9 159 17 188 4 1 55 16 54 19 52 20 59 3 8 105 9 92 26 90 2 25 157 26 142 3 4 157 10 151 12 150 3 11 11 15 14 21 15 2 8 100 19 83 2 18 68 25 57 3 5 74 19 57 24 74 3 12 103 20 92 27 84 3 5 3 7 2 16 2 2 16 161 30 184 3 3 47 13 49 16 42 3 1 161 14 150 24 131 3 9 84 18 97 22 96 2 3 54 6 64 4 23 22 27 19 28 18 30 20 3 13 146 20 142 28 138 3 8 194 11 205 15 156 2 13 67 16 52 2 1 105 21 104 3 7 90 17 97 29 97 2 18 73 25 76 3 9 58 10 48 28 48 3 15 142 16 151 27 175
35 4 1 43 16 60 19 61 20 60 2 2 96 12 98 3 3 124 29 116 30 126 3 3 126 4 104 22 120 2 18 69 25 60 3 5 92 11 93 30 80 2 3 61 6 63 3 5 2 7 3 16 3 3 17 79 18 98 22 105 2 8 58 13 47 3 3 156 9 159 17 188 4 1 55 16 54 19 52 20 59 3 8 105 9 92 26 90 2 25 157 26 142 3 4 157 10 151 12 150 3 11 11 15 14 21 15 2 8 100 19 83 2 18 68 25 57 3 5 74 19 57 24 74 3 12 103 20 92 27 84 3 5 3 7 2 16 2 2 16 161 30 184 3 3 47 13 49 16 42 3 1 161 14 150 24 131 3 9 84 18 97 22 96 2 3 54 6 64 4 23 22 27 19 28 18 30 20 3 13 146 20 142 28 138 3 8 194 11 205 15 156 2 13 67 16 52 2 1 105 21 104 3 7 90 17 97 29 97 2 18 73 25 76 3 9 58 10 48 28 48 3 15 142 16 151 27 175
35 4 1 43 16 60 19 61 20 60 2 2 96 12 98 3 3 124 29 116 30 126 3 3 126 4 104 22 120 2 18 69 25 60 3 5 92 11 93 30 80 2 3 61 6 63 3 5 2 7 3 16 3 3 17 79 18 98 22 105 2 8 58 13 47 3 3 156 9 159 17 188 4 1 55 16 54 19 52 20 59 3 8 105 9 92 26 90 2 25 157 26 142 3 4 157 10 151 12 150 3 11 11 15 14 21 15 2 8 100 19 83 2 18 68 25 57 3 5 74 19 57 24 74 3 12 103 20 92 27 84 3 5 3 7 2 16 2 2 16 161 30 184 3 3 47 13 49 16 42 3 1 161 14 150 24 131 3 9 84 18 97 22 96 2 3 54 6 64 4 23 22 27 19 28 18 30 20 3 13 146 20 142 28 138 3 8 194 11 205 15 156 2 13 67 16 52 2 1 105 21 104 3 7 90 17 97 29 97 2 18 73 25 76 3 9 58 10 48 28 48 3 15 142 16 151 27 175
34 3 9 45 10 55 28 48 4 1 47 16 49 19 44 20 58 3 9 48 10 42 28 43 3 13 150 20 153 28 125 3 12 91 20 73 27 79 3 9 42 10 59 28 44 2 2 128 12 98 2 8 54 13 52 2 3 50 6 64 3 3 134 29 105 30 148 3 3 128 4 133 22 139 3 7 98 17 83 29 102 3 5 78 11 79 30 93 2 18 65 25 82 3 4 149 10 139 12 180 3 5 3 7 2 16 2 2 16 209 30 159 3 12 89 20 81 27 70 3 8 97 9 94 26 99 3 11 14 15 15 21 14 3 3 190 9 159 17 140 3 3 40 13 49 16 38 3 9 79 18 108 22 103 3 1 160 14 146 24 179 3 17 91 18 109 22 79 3 8 179 11 148 15 180 2 13 55 16 68 2 8 87 19 75 2 1 123 21 96 3 15 167 16 166 27 123 2 2 129 12 105 4 23 24 27 18 28 22 30 22 3 5 54 19 80 24 65 2 25 174 26 150
34 3 9 45 10 55 28 48 4 1 47 16 49 19 44 20 58 3 9 48 10 42 28 43 3 13 150 20 153 28 125 3 12 91 20 73 27 79 3 9 42 10 59 28 44 2 2 128 12 98 2 8 54 13 52 2 3 50 6 64 3 3 134 29 105 30 148 3 3 128 4 133 22 139 3 7 98 17 83 29 102 3 5 78 11 79 30 93 2 18 65 25 82 3 4 149 10 139 12 180 3 5 3 7 2 16 2 2 16 209 30 159 3 12 89 20 81 27 70 3 8 97 9 94 26 99 3 11 14 15 15 21 14 3 3 190 9 159 17 140 3 3 40 13 49 16 38 3 9 79 18 108 22 103 3 1 160 14 146 24 179 3 17 91 18 109 22 79 3 8 179 11 148 15 180 2 13 55 16 68 2 8 87 19 75 2 1 123 21 96 3 15 167 16 166 27 123 2 2 129 12 105 4 23 24 27 18 28 22 30 22 3 5 54 19 80 24 65 2 25 174 26 150
39 2 3 56 6 58 3 17 114 18 94 22 96 3 11 12 15 14 21 11 4 1 49 16 56 19 45 20 46 2 2 93 12 107 3 3 143 29 106 30 115 3 3 131 4 108 22 102 2 2 99 12 102 3 5 90 11 73 30 67 3 3 97 4 120 22 139 3 5 2 7 3 16 3 2 25 147 26 136 3 5 91 11 88 30 92 2 8 60 13 48 3 7 116 17 115 29 92 3 17 115 18 88 22 107 2 13 65 16 60 3 7 98 17 97 29 115 3 8 96 9 96 26 100 3 4 147 10 182 12 199 3 12 73 20 72 27 81 3 3 41 13 45 16 36 3 1 187 14 132 24 144 3 8 146 11 188 15 159 3 3 147 9 158 17 178 3 5 76 11 82 30 95 3 9 45 10 59 28 42 3 5 57 19 65 24 60 2 1 100 21 129 3 9 80 18 110 22 94 2 8 81 19 77 4 23 22 27 16 28 19 30 21 3 15 147 16 144 27 160 3 9 102 18 96 22 76 2 16 165 30 189 3 11 11 15 13 21 16 3 13 130 20 140 28 125 2 8 77 19 107 2 18 76 25 57
33 2 18 65 25 58 4 1 57 16 42 19 43 20 52 2 18 83 25 56 2 2 129 12 118 3 3 151 29 154 30 151 4 1 54 16 50 19 52 20 45 3 3 126 4 94 22 129 3 4 185 10 201 12 160 3 5 94 11 90 30 94 2 3 53 6 63 3 5 2 7 2 16 2 2 8 61 13 53 3 8 85 9 108 26 100 3 11 13 15 15 21 12 3 12 77 20 82 27 85 3 3 51 13 41 16 41 3 5 63 19 65 24 63 3 1 132 14 130 24 151 2 1 108 21 121 3 8 151 11 193 15 151 2 13 58 16 48 2 1 120 21 100 3 3 195 9 194 17 191 3 9 83 18 84 22 96 3 15 123 16 151 27 156 4 23 20 27 17 28 21 30 19 2 8 88 19 91 3 13 161 20 155 28 115 3 9 43 10 53 28 54 3 7 93 17 89 29 100 3 17 105 18 80 22 112 2 25 165 26 144 2 16 213 30 213
33 2 18 65 25 58 4 1 57 16 42 19 43 20 52 2 18 83 25 56 2 2 129 12 118 3 3 151 29 154 30 151 4 1 54 16 50 19 52 20 45 3 3 126 4 94 22 129 3 4 185 10 201 12 160 3 5 94 11 90 30 94 2 3 53 6 63 3 5 2 7 2 16 2 2 8 61 13 53 3 8 85 9 108 26 100 3 11 13 15 15 21 12 3 12 77 20 82 27 85 3 3 51 13 41 16 41 3 5 63 19 65 24 63 3 1 132 14 130 24 151 2 1 108 21 121 3 8 151 11 193 15 151 2 13 58 16 48 2 1 120 21 100 3 3 195 9 194 17 191 3 9 83 18 84 22 96 3 15 123 16 151 27 156 4 23 20 27 17 28 21 30 19 2 8 88 19 91 3 13 161 20 155 28 115 3 9 43 10 53 28 54 3 7 93 17 89 29 100 3 17 105 18 80 22 112 2 25 165 26 144 2 16 213 30 213
33 2 18 65 25 58 4 1 57 16 42 19 43 20 52 2 18 83 25 56 2 2 129 12 118 3 3 151 29 154 30 151 4 1 54 16 50 19 52 20 45 3 3 126 4 94 22 129 3 4 185 10 201 12 160 3 5 94 11 90 30 94 2 3 53 6 63 3 5 2 7 2 16 2 2 8 61 13 53 3 8 85 9 108 26 100 3 11 13 15 15 21 12 3 12 77 20 82 27 85 3 3 51 13 41 16 41 3 5 63 19 65 24 63 3 1 132 14 130 24 151 2 1 108 21 121 3 8 151 11 193 15 151 2 13 58 16 48 2 1 120 21 100 3 3 195 9 194 17 191 3 9 83 18 84 22 96 3 15 123 16 151 27 156 4 23 20 27 17 28 21 30 19 2 8 88 19 91 3 13 161 20 155 28 115 3 9 43 10 53 28 54 3 7 93 17 89 29 100 3 17 105 18 80 22 112 2 25 165 26 144 2 16 213 30 213
33 2 18 65 25 58 4 1 57 16 42 19 43 20 52 2 18 83 25 56 2 2 129 12 118 3 3 151 29 154 30 151 4 1 54 16 50 19 52 20 45 3 3 126 4 94 22 129 3 4 185 10 201 12 160 3 5 94 11 90 30 94 2 3 53 6 63 3 5 2 7 2 16 2 2 8 61 13 53 3 8 85 9 108 26 100 3 11 13 15 15 21 12 3 12 77 20 82 27 85 3 3 51 13 41 16 41 3 5 63 19 65 24 63 3 1 132 14 130 24 151 2 1 108 21 121 3 8 151 11 193 15 151 2 13 58 16 48 2 1 120 21 100 3 3 195 9 194 17 191 3 9 83 18 84 22 96 3 15 123 16 151 27 156 4 23 20 27 17 28 21 30 19 2 8 88 19 91 3 13 161 20 155 28 115 3 9 43 10 53 28 54 3 7 93 17 89 29 100 3 17 105 18 80 22 112 2 25 165 26 144 2 16 213 30 213
35 3 5 56 19 54 24 77 4 1 47 16 43 19 53 20 44 2 2 119 12 101 3 3 124 29 131 30 125 3 9 83 18 78 22 92 3 3 110 4 100 22 126 2 2 114 12 119 3 5 80 11 81 30 66 2 3 61 6 66 3 5 2 7 2 16 3 3 17 79 18 101 22 111 2 8 49 13 50 3 8 81 9 105 26 83 3 8 146 11 152 15 158 2 16 148 30 205 3 4 147 10 161 12 159 4 23 23 27 23 28 20 30 23 3 9 43 10 54 28 59 3 11 16 15 14 21 14 3 3 115 29 154 30 147 3 12 80 20 102 27 85 3 3 46 13 47 16 37 2 13 55 16 65 3 3 40 13 52 16 52 3 1 131 14 135 24 132 3 3 130 4 106 22 121 3 3 176 9 168 17 196 3 8 144 11 164 15 186 2 8 98 19 102 3 13 149 20 124 28 137 2 1 126 21 131 3 15 141 16 167 27 151 2 18 80 25 59 2 25 165 26 139 3 7 94 17 100 29 82
35 3 5 56 19 54 24 77 4 1 47 16 43 19 53 20 44 2 2 119 12 101 3 3 124 29 131 30 125 3 9 83 18 78 22 92 3 3 110 4 100 22 126 2 2 114 12 119 3 5 80 11 81 30 66 2 3 61 6 66 3 5 2 7 2 16 3 3 17 79 18 101 22 111 2 8 49 13 50 3 8 81 9 105 26 83 3 8 146 11 152 15 158 2 16 148 30 205 3 4 147 10 161 12 159 4 23 23 27 23 28 20 30 23 3 9 43 10 54 28 59 3 11 16 15 14 21 14 3 3 115 29 154 30 147 3 12 80 20 102 27 85 3 3 46 13 47 16 37 2 13 55 16 65 3 3 40 13 52 16 52 3 1 131 14 135 24 132 3 3 130 4 106 22 121 3 3 176 9 168 17 196 3 8 144 11 164 15 186 2 8 98 19 102 3 13 149 20 124 28 137 2 1 126 21 131 3 15 141 16 167 27 151 2 18 80 25 59 2 25 165 26 139 3 7 94 17 100 29 82
35 3 5 56 19 54 24 77 4 1 47 16 43 19 53 20 44 2 2 119 12 101 3 3 124 29 131 30 125 3 9 83 18 78 22 92 3 3 110 4 100 22 126 2 2 114 12 119 3 5 80 11 81 30 66 2 3 61 6 66 3 5 2 7 2 16 3 3 17 79 18 101 22 111 2 8 49 13 50 3 8 81 9 105 26 83 3 8 146 11 152 15 158 2 16 148 30 205 3 4 147 10 161 12 159 4 23 23 27 23 28 20 30 23 3 9 43 10 54 28 59 3 11 16 15 14 21 14 3 3 115 29 154 30 147 3 12 80 20 102 27 85 3 3 46 13 47 16 37 2 13 55 16 65 3 3 40 13 52 16 52 3 1 131 14 135 24 132 3 3 130 4 106 22 121 3 3 176 9 168 17 196 3 8 144 11 164 15 186 2 8 98 19 102 3 13 149 20 124 28 137 2 1 126 21 131 3 15 141 16 167 27 151 2 18 80 25 59 2 25 165 26 139 3 7 94 17 100 29 82
35 3 5 56 19 54 24 77 4 1 47 16 43 19 53 20 44 2 2 119 12 101 3 3 124 29 131 30 125 3 9 83 18 78 22 92 3 3 110 4 100 22 126 2 2 114 12 119 3 5 80 11 81 30 66 2 3 61 6 66 3 5 2 7 2 16 3 3 17 79 18 101 22 111 2 8 49 13 50 3 8 81 9 105 26 83 3 8 146 11 152 15 158 2 16 148 30 205 3 4 147 10 161 12 159 4 23 23 27 23 28 20 30 23 3 9 43 10 54 28 59 3 11 16 15 14 21 14 3 3 115 29 154 30 147 3 12 80 20 102 27 85 3 3 46 13 47 16 37 2 13 55 16 65 3 3 40 13 52 16 52 3 1 131 14 135 24 132 3 3 130 4 106 22 121 3 3 176 9 168 17 196 3 8 144 11 164 15 186 2 8 98 19 102 3 13 149 20 124 28 137 2 1 126 21 131 3 15 141 16 167 27 151 2 18 80 25 59 2 25 165 26 139 3 7 94 17 100 29 82
39 2 3 64 6 67 3 17 112 18 95 22 101 3 11 13 15 11 21 15 4 1 56 16 53 19 51 20 52 2 2 107 12 102 3 3 116 29 136 30 113 3 3 106 4 126 22 98 2 2 107 12 122 3 5 72 11 81 30 92 3 3 105 4 139 22 122 3 5 3 7 3 16 3 2 25 154 26 152 3 5 74 11 67 30 71 2 8 50 13 53 3 7 94 17 110 29 98 3 17 110 18 106 22 79 2 13 68 16 56 3 7 80 17 100 29 115 3 8 106 9 108 26 103 3 4 191 10 199 12 160 3 12 82 20 84 27 96 3 3 42 13 39 16 41 3 1 128 14 167 24 128 3 8 183 11 166 15 187 3 3 168 9 194 17 150 3 5 95 11 90 30 64 3 9 42 10 56 28 59 3 5 53 19 56 24 66 2 1 96 21 129 3 9 110 18 91 22 107 2 8 90 19 93 4 23 24 27 23 28 19 30 22 3 15 162 16 144 27 123 3 9 99 18 84 22 101 2 16 215 30 150 3 11 13 15 13 21 11 3 13 152 20 127 28 142 2 8 93 19 84 2 18 84 25 70
39 2 3 64 6 67 3 17 112 18 95 22 101 3 11 13 15 11 21 15 4 1 56 16 53 19 51 20 52 2 2 107 12 102 3 3 116 29 136 30 113 3 3 106 4 126 22 98 2 2 107 12 122 3 5 72 11 81 30 92 3 3 105 4 139 22 122 3 5 3 7 3 16 3 2 25 154 26 152 3 5 74 11 67 30 71 2 8 50 13 53 3 7 94 17 110 29 98 3 17 110 18 106 22 79 2 13 68 16 56 3 7 80 17 100 29 115 3 8 106 9 108 26 103 3 4 191 10 199 12 160 3 12 82 20 84 27 96 3 3 42 13 39 16 41 3 1 128 14 167 24 128 3 8 183 11 166 15 187 3 3 168 9 194 17 150 3 5 95 11 90 30 64 3 9 42 10 56 28 59 3 5 53 19 56 24 66 2 1 96 21 129 3 9 110 18 91 22 107 2 8 90 19 93 4 23 24 27 23 28 19 30 22 3 15 162 16 144 27 123 3 9 99 18 84 22 101 2 16 215 30 150 3 11 13 15 13 21 11 3 13 152 20 127 28 142 2 8 93 19 84 2 18 84 25 70
38 3 9 47 10 46 28 53 4 1 50 16 61 19 43 20 60 3 9 62 10 47 28 57 2 2 113 12 126 2 8 75 19 90 2 8 56 13 61 3 3 158 29 140 30 153 3 3 126 4 126 22 108 2 8 77 19 104 2 18 57 25 63 3 17 111 18 100 22 81 2 8 53 13 59 2 1 116 21 103 3 3 99 4 110 22 118 3 5 82 11 68 30 75 3 8 143 11 188 15 201 2 8 59 13 55 2 25 195 26 194 2 3 52 6 48 3 5 2 7 3 16 3 3 8 77 9 75 26 90 3 9 111 18 92 22 105 3 4 155 10 169 12 192 3 11 11 15 16 21 16 3 12 73 20 96 27 81 3 3 44 13 46 16 52 2 8 43 13 54 3 5 78 19 63 24 78 3 1 167 14 178 24 161 2 13 57 16 59 3 3 158 9 147 17 187 2 8 100 19 92 3 13 139 20 111 28 161 4 23 21 27 23 28 24 30 18 3 15 154 16 131 27 138 3 7 116 17 92 29 111 3 5 56 19 56 24 58 2 16 217 30 194
34 3 9 50 10 44 28 60 4 1 55 16 57 19 54 20 46 3 9 47 10 48 28 53 3 13 143 20 120 28 137 3 12 81 20 83 27 99 3 9 43 10 42 28 55 2 2 95 12 125 2 8 44 13 52 2 3 55 6 61 3 3 116 29 145 30 122 3 3 97 4 109 22 138 3 7 106 17 103 29 88 3 5 94 11 88 30 69 2 18 72 25 64 3 4 143 10 154 12 138 3 5 3 7 2 16 3 2 16 176 30 203 3 12 97 20 76 27 98 3 8 107 9 79 26 103 3 11 15 15 12 21 15 3 3 181 9 182 17 164 3 3 52 13 38 16 50 3 9 111 18 77 22 81 3 1 185 14 132 24 184 3 17 83 18 109 22 96 3 8 156 11 205 15 206 2 13 59 16 59 2 8 91 19 82 2 1 108 21 136 3 15 137 16 147 27 155 2 2 96 12 128 4 23 23 27 21 28 19 30 19 3 5 63 19 74 24 74 2 25 180 26 189
37 2 16 169 30 174 4 1 57 16 58 19 43 20 51 4 23 24 27 20 28 21 30 20 2 2 109 12 98 3 3 113 29 144 30 135 3 3 189 9 197 17 186 3 3 113 4 127 22 124 3 5 89 11 73 30 64 2 3 64 6 54 3 5 3 7 3 16 2 2 3 66 6 64 2 8 50 13 61 2 18 71 25 77 3 8 79 9 96 26 93 3 4 170 10 160 12 200 3 11 14 15 15 21 14 3 3 141 9 169 17 203 3 12 98 20 96 27 93 3 5 89 11 84 30 68 3 3 36 13 38 16 47 3 1 170 14 154 24 177 3 3 43 13 43 16 41 3 8 181 11 181 15 149 3 5 2 7 3 16 3 3 13 138 20 141 28 141 2 13 57 16 66 3 9 96 18 103 22 107 2 8 75 19 96 4 23 19 27 17 28 20 30 25 2 1 126 21 101 3 17 80 18 104 22 116 2 25 160 26 176 3 5 55 19 75 24 67 3 15 139 16 141 27 165 2 18 62 25 83 3 9 59 10 52 28 52 3 7 84 17 113 29 86
34 4 1 55 16 45 19 42 20 43 2 2 98 12 92 3 3 150 29 120 30 139 3 13 133 20 160 28 115 4 1 51 16 57 19 58 20 46 2 13 59 16 61 3 1 132 14 154 24 167 2 3 45 6 48 3 3 102 4 104 22 134 3 9 96 18 86 22 96 3 5 65 11 88 30 92 2 3 50 6 57 3 5 2 7 3 16 2 4 1 52 16 44 19 51 20 57 2 8 60 13 48 3 8 74 9 74 26 100 3 15 168 16 176 27 130 2 18 69 25 64 2 1 113 21 126 3 13 138 20 161 28 153 3 4 200 10 169 12 184 3 11 15 15 15 21 14 3 9 47 10 42 28 57 3 5 64 19 71 24 71 4 23 18 27 20 28 24 30 19 3 3 187 9 160 17 170 3 12 81 20 73 27 102 3 3 41 13 41 16 51 3 8 204 11 210 15 160 2 8 77 19 76 3 17 114 18 111 22 116 2 25 160 26 165 3 7 83 17 111 29 94 2 16 147 30 219
38 3 9 52 10 50 28 45 4 1 54 16 56 19 44 20 60 3 9 49 10 47 28 51 2 2 86 12 102 2 8 96 19 101 2 8 64 13 57 3 3 140 29 134 30 109 3 3 107 4 95 22 109 2 8 107 19 103 2 18 81 25 68 3 17 82 18 78 22 91 2 8 56 13 61 2 1 126 21 132 3 3 102 4 122 22 105 3 5 79 11 91 30 93 3 8 154 11 155 15 153 2 8 60 13 51 2 25 175 26 131 2 3 54 6 59 3 5 3 7 3 16 2 3 8 83 9 92 26 99 3 9 88 18 81 22 104 3 4 164 10 167 12 166 3 11 15 15 11 21 16 3 12 80 20 96 27 93 3 3 51 13 48 16 37 2 8 50 13 64 3 5 63 19 54 24 80 3 1 187 14 162 24 136 2 13 64 16 47 3 3 180 9 195 17 146 2 8 86 19 97 3 13 145 20 125 28 146 4 23 21 27 17 28 23 30 19 3 15 135 16 148 27 140 3 7 89 17 84 29 115 3 5 60 19 74 24 70 2 16 182 30 180
39 2 3 51 6 53 3 17 105 18 90 22 93 3 11 15 15 15 21 13 4 1 54 16 44 19 53 20 46 2 2 128 12 87 3 3 129 29 128 30 125 3 3 94 4 94 22 127 2 2 96 12 108 3 5 69 11 83 30 81 3 3 98 4 94 22 104 3 5 2 7 2 16 3 2 25 159 26 177 3 5 87 11 71 30 73 2 8 48 13 64 3 7 98 17 101 29 114 3 17 81 18 101 22 82 2 13 60 16 69 3 7 94 17 83 29 102 3 8 108 9 80 26 93 3 4 196 10 194 12 162 3 12 80 20 92 27 87 3 3 41 13 44 16 43 3 1 181 14 138 24 136 3 8 210 11 187 15 184 3 3 160 9 185 17 161 3 5 89 11 82 30 89 3 9 46 10 44 28 56 3 5 59 19 68 24 75 2 1 122 21 127 3 9 101 18 97 22 88 2 8 81 19 90 4 23 21 27 18 28 19 30 22 3 15 130 16 137 27 165 3 9 113 18 104 22 89 2 16 203 30 182 3 11 16 15 14 21 12 3 13 145 20 127 28 164 2 8 104 19 75 2 18 69 25 60
38 3 9 49 10 55 28 56 4 1 46 16 57 19 54 20 55 3 9 53 10 48 28 45 2 2 109 12 99 2 8 91 19 104 2 8 54 13 49 3 3 124 29 158 30 108 3 3 121 4 109 22 115 2 8 104 19 75 2 18 62 25 58 3 17 104 18 98 22 100 2 8 59 13 58 2 1 120 21 103 3 3 99 4 115 22 106 3 5 85 11 90 30 77 3 8 188 11 186 15 159 2 8 51 13 44 2 25 193 26 174 2 3 45 6 61 3 5 3 7 3 16 2 3 8 107 9 78 26 89 3 9 78 18 99 22 100 3 4 155 10 141 12 157 3 11 12 15 13 21 11 3 12 79 20 101 27 93 3 3 46 13 53 16 51 2 8 45 13 52 3 5 63 19 65 24 68 3 1 151 14 161 24 158 2 13 63 16 54 3 3 173 9 161 17 196 2 8 77 19 84 3 13 149 20 139 28 141 4 23 19 27 20 28 23 30 20 3 15 166 16 176 27 174 3 7 88 17 102 29 100 3 5 56 19 63 24 71 2 16 197 30 204
38 3 9 49 10 55 28 56 4 1 46 16 57 19 54 20 55 3 9 53 10 48 28 45 2 2 109 12 99 2 8 91 19 104 2 8 54 13 49 3 3 124 29 158 30 108 3 3 121 4 109 22 115 2 8 104 19 75 2 18 62 25 58 3 17 104 18 98 22 100 2 8 59 13 58 2 1 120 21 103 3 3 99 4 115 22 106 3 5 85 11 90 30 77 3 8 188 11 186 15 159 2 8 51 13 44 2 25 193 26 174 2 3 45 6 61 3 5 3 7 3 16 2 3 8 107 9 78 26 89 3 9 78 18 99 22 100 3 4 155 10 141 12 157 3 11 12 15 13 21 11 3 12 79 20 101 27 93 3 3 46 13 53 16 51 2 8 45 13 52 3 5 63 19 65 24 68 3 1 151 14 161 24 158 2 13 63 16 54 3 3 173 9 161 17 196 2 8 77 19 84 3 13 149 20 139 28 141 4 23 19 27 20 28 23 30 20 3 15 166 16 176 27 174 3 7 88 17 102 29 100 3 5 56 19 63 24 71 2 16 197 30 204
35 3 5 77 19 70 24 61 4 1 42 16 41 19 49 20 53 2 2 93 12 115 3 3 140 29 113 30 153 3 9 111 18 107 22 80 3 3 108 4 139 22 93 2 2 121 12 120 3 5 92 11 85 30 70 2 3 65 6 47 3 5 3 7 2 16 3 3 17 81 18 116 22 95 2 8 60 13 56 3 8 95 9 97 26 100 3 8 196 11 144 15 158 2 16 187 30 168 3 4 179 10 173 12 174 4 23 24 27 22 28 22 30 18 3 9 61 10 56 28 54 3 11 13 15 15 21 13 3 3 127 29 122 30 156 3 12 100 20 98 27 71 3 3 43 13 51 16 52 2 13 66 16 69 3 3 49 13 41 16 48 3 1 147 14 161 24 136 3 3 100 4 120 22 113 3 3 173 9 175 17 140 3 8 198 11 195 15 158 2 8 76 19 97 3 13 111 20 165 28 134 2 1 112 21 110 3 15 143 16 173 27 133 2 18 62 25 59 2 25 188 26 149 3 7 103 17 112 29 103
35 3 5 77 19 70 24 61 4 1 42 16 41 19 49 20 53 2 2 93 12 115 3 3 140 29 113 30 153 3 9 111 18 107 22 80 3 3 108 4 139 22 93 2 2 121 12 120 3 5 92 11 85 30 70 2 3 65 6 47 3 5 3 7 2 16 3 3 17 81 18 116 22 95 2 8 60 13 56 3 8 95 9 97 26 100 3 8 196 11 144 15 158 2 16 187 30 168 3 4 179 10 173 12 174 4 23 24 27 22 28 22 30 18 3 9 61 10 56 28 54 3 11 13 15 15 21 13 3 3 127 29 122 30 156 3 12 100 20 98 27 71 3 3 43 13 51 16 52 2 13 66 16 69 3 3 49 13 41 16 48 3 1 147 14 161 24 136 3 3 100 4 120 22 113 3 3 173 9 175 17 140 3 8 198 11 195 15 158 2 8 76 19 97 3 13 111 20 165 28 134 2 1 112 21 110 3 15 143 16 173 27 133 2 18 62 25 59 2 25 188 26 149 3 7 103 17 112 29 103
41 4 1 58 16 53 19 54 20 43 2 2 120 12 118 4 1 47 16 60 19 53 20 49 2 18 65 25 60 3 3 118 29 127 30 111 3 3 98 4 129 22 120 2 18 73 25 59 3 7 118 17 102 29 80 3 3 93 4 101 22 112 3 12 74 20 96 27 89 3 5 81 11 70 30 87 3 12 73 20 87 27 104 2 3 60 6 63 2 8 45 13 61 3 5 3 7 2 16 3 4 1 57 16 42 19 57 20 51 2 8 101 19 89 2 2 122 12 114 3 9 82 18 78 22 101 3 5 57 19 64 24 61 2 1 136 21 124 3 8 81 9 107 26 106 3 7 79 17 103 29 80 3 4 168 10 180 12 204 3 11 15 15 15 21 13 3 3 48 13 52 16 40 2 25 185 26 136 3 1 156 14 183 24 175 3 9 52 10 50 28 54 3 8 155 11 196 15 208 3 3 37 13 51 16 41 2 13 51 16 51 3 3 166 9 184 17 159 3 8 210 11 155 15 170 4 23 24 27 22 28 24 30 21 2 18 75 25 68 3 13 154 20 139 28 132 2 16 211 30 158 2 8 50 13 51 3 15 160 16 171 27 161 3 17 104 18 103 22 104
39 2 3 61 6 52 3 17 88 18 112 22 108 3 11 11 15 13 21 13 4 1 45 16 45 19 45 20 51 2 2 94 12 108 3 3 117 29 122 30 155 3 3 128 4 110 22 117 2 2 96 12 114 3 5 93 11 80 30 83 3 3 139 4 131 22 102 3 5 2 7 2 16 2 2 25 189 26 131 3 5 66 11 77 30 70 2 8 48 13 58 3 7 84 17 80 29 92 3 17 112 18 103 22 115 2 13 50 16 48 3 7 87 17 96 29 86 3 8 107 9 104 26 80 3 4 156 10 157 12 201 3 12 85 20 85 27 74 3 3 51 13 44 16 45 3 1 186 14 137 24 144 3 8 150 11 206 15 201 3 3 184 9 192 17 186 3 5 74 11 70 30 66 3 9 51 10 48 28 46 3 5 70 19 55 24 55 2 1 123 21 104 3 9 88 18 96 22 99 2 8 104 19 94 4 23 21 27 23 28 22 30 22 3 15 120 16 150 27 124 3 9 89 18 90 22 99 2 16 164 30 189 3 11 15 15 11 21 15 3 13 120 20 164 28 125 2 8 95 19 108 2 18 81 25 83
37 2 8 105 19 87 3 3 38 13 41 16 50 3 7 92 17 99 29 81 4 1 57 16 49 19 44 20 59 2 2 91 12 116 3 3 118 29 114 30 154 3 7 116 17 113 29 117 3 3 121 4 137 22 93 3 5 88 11 90 30 77 4 1 53 16 49 19 44 20 41 2 3 54 6 59 3 5 74 11 72 30 74 3 5 2 7 3 16 3 3 11 11 15 12 21 15 2 8 64 13 61 3 7 111 17 87 29 114 2 18 80 25 59 3 8 81 9 105 26 85 2 25 162 26 190 3 13 126 20 135 28 111 3 4 149 10 144 12 204 3 5 57 19 79 24 58 3 9 97 18 113 22 79 3 3 124 4 109 22 138 3 12 70 20 87 27 98 3 1 184 14 177 24 136 3 8 172 11 208 15 193 2 1 104 21 136 3 17 80 18 117 22 91 2 13 49 16 52 3 8 101 9 96 26 83 3 3 158 9 162 17 165 3 5 93 11 76 30 92 2 16 175 30 179 4 23 24 27 16 28 23 30 18 3 9 43 10 60 28 47 3 15 138 16 165 27 172
37 2 8 105 19 87 3 3 38 13 41 16 50 3 7 92 17 99 29 81 4 1 57 16 49 19 44 20 59 2 2 91 12 116 3 3 118 29 114 30 154 3 7 116 17 113 29 117 3 3 121 4 137 22 93 3 5 88 11 90 30 77 4 1 53 16 49 19 44 20 41 2 3 54 6 59 3 5 74 11 72 30 74 3 5 2 7 3 16 3 3 11 11 15 12 21 15 2 8 64 13 61 3 7 111 17 87 29 114 2 18 80 25 59 3 8 81 9 105 26 85 2 25 162 26 190 3 13 126 20 135 28 111 3 4 149 10 144 12 204 3 5 57 19 79 24 58 3 9 97 18 113 22 79 3 3 124 4 109 22 138 3 12 70 20 87 27 98 3 1 184 14 177 24 136 3 8 172 11 208 15 193 2 1 104 21 136 3 17 80 18 117 22 91 2 13 49 16 52 3 8 101 9 96 26 83 3 3 158 9 162 17 165 3 5 93 11 76 30 92 2 16 175 30 179 4 23 24 27 16 28 23 30 18 3 9 43 10 60 28 47 3 15 138 16 165 27 172
37 2 8 105 19 87 3 3 38 13 41 16 50 3 7 92 17 99 29 81 4 1 57 16 49 19 44 20 59 2 2 91 12 116 3 3 118 29 114 30 154 3 7 116 17 113 29 117 3 3 121 4 137 22 93 3 5 88 11 90 30 77 4 1 53 16 49 19 44 20 41 2 3 54 6 59 3 5 74 11 72 30 74 3 5 2 7 3 16 3 3 11 11 15 12 21 15 2 8 64 13 61 3 7 111 17 87 29 114 2 18 80 25 59 3 8 81 9 105 26 85 2 25 162 26 190 3 13 126 20 135 28 111 3 4 149 10 144 12 204 3 5 57 19 79 24 58 3 9 97 18 113 22 79 3 3 124 4 109 22 138 3 12 70 20 87 27 98 3 1 184 14 177 24 136 3 8 172 11 208 15 193 2 1 104 21 136 3 17 80 18 117 22 91 2 13 49 16 52 3 8 101 9 96 26 83 3 3 158 9 162 17 165 3 5 93 11 76 30 92 2 16 175 30 179 4 23 24 27 16 28 23 30 18 3 9 43 10 60 28 47 3 15 138 16 165 27 172
41 4 1 43 16 56 19 60 20 60 2 2 89 12 109 4 1 51 16 51 19 49 20 47 2 18 60 25 75 3 3 106 29 126 30 148 3 3 111 4 131 22 139 2 18 80 25 73 3 7 81 17 100 29 88 3 3 129 4 138 22 110 3 12 70 20 83 27 75 3 5 86 11 79 30 94 3 12 69 20 74 27 88 2 3 47 6 47 2 8 61 13 44 3 5 2 7 2 16 2 4 1 57 16 42 19 49 20 47 2 8 104 19 77 2 2 92 12 119 3 9 88 18 98 22 82 3 5 58 19 71 24 76 2 1 123 21 99 3 8 77 9 98 26 105 3 7 87 17 90 29 112 3 4 160 10 163 12 165 3 11 11 15 11 21 16 3 3 49 13 44 16 48 2 25 136 26 171 3 1 133 14 174 24 149 3 9 46 10 47 28 52 3 8 148 11 203 15 144 3 3 44 13 36 16 38 2 13 53 16 47 3 3 177 9 193 17 154 3 8 143 11 145 15 155 4 23 24 27 17 28 18 30 19 2 18 72 25 75 3 13 129 20 144 28 153 2 16 206 30 214 2 8 47 13 62 3 15 150 16 124 27 134 3 17 97 18 95 22 104
35 4 1 52 16 48 19 44 20 47 3 8 76 9 106 26 101 2 16 149 30 180 3 8 75 9 74 26 109 2 2 104 12 98 3 3 94 4 96 22 103 3 9 48 10 52 28 47 3 3 125 29 120 30 118 3 5 93 11 72 30 94 4 23 24 27 16 28 18 30 24 2 3 65 6 61 3 5 3 7 2 16 3 2 8 46 13 52 3 3 136 9 166 17 190 3 4 199 10 190 12 189 3 5 2 7 3 16 3 3 15 164 16 167 27 162 3 11 12 15 11 21 15 3 12 90 20 84 27 98 3 3 49 13 39 16 41 3 8 82 9 101 26 108 3 1 152 14 185 24 161 3 8 162 11 149 15 166 3 5 74 19 54 24 79 2 13 53 16 53 3 9 107 18 99 22 108 2 8 84 19 107 3 13 163 20 139 28 136 2 1 102 21 118 3 3 148 29 122 30 125 3 17 103 18 115 22 88 2 18 77 25 83 2 25 170 26 187 3 3 129 29 145 30 146 3 7 103 17 98 29 106
35 3 5 54 19 75 24 68 4 1 58 16 43 19 51 20 47 2 2 115 12 105 3 3 152 29 106 30 128 3 9 82 18 86 22 83 3 3 138 4 122 22 115 2 2 102 12 104 3 5 64 11 87 30 68 2 3 49 6 46 3 5 2 7 2 16 3 3 17 90 18 109 22 98 2 8 53 13 45 3 8 84 9 82 26 80 3 8 150 11 160 15 202 2 16 192 30 159 3 4 182 10 171 12 170 4 23 24 27 19 28 22 30 23 3 9 59 10 42 28 60 3 11 12 15 15 21 12 3 3 131 29 151 30 145 3 12 94 20 78 27 99 3 3 50 13 49 16 40 2 13 69 16 60 3 3 53 13 36 16 44 3 1 154 14 184 24 170 3 3 121 4 95 22 117 3 3 164 9 169 17 144 3 8 170 11 144 15 158 2 8 96 19 103 3 13 111 20 155 28 144 2 1 106 21 99 3 15 166 16 175 27 145 2 18 82 25 70 2 25 187 26 172 3 7 97 17 92 29 97
39 2 3 53 6 46 3 17 97 18 86 22 82 3 11 13 15 15 21 15 4 1 50 16 44 19 49 20 57 2 2 87 12 102 3 3 114 29 142 30 122 3 3 108 4 131 22 116 2 2 103 12 99 3 5 82 11 74 30 84 3 3 95 4 115 22 137 3 5 3 7 3 16 2 2 25 192 26 146 3 5 88 11 86 30 92 2 8 55 13 54 3 7 114 17 103 29 104 3 17 117 18 96 22 112 2 13 59 16 54 3 7 95 17 101 29 88 3 8 101 9 106 26 87 3 4 171 10 202 12 187 3 12 72 20 97 27 102 3 3 44 13 43 16 53 3 1 182 14 131 24 143 3 8 202 11 214 15 174 3 3 138 9 142 17 176 3 5 89 11 64 30 93 3 9 53 10 54 28 53 3 5 54 19 59 24 68 2 1 104 21 97 3 9 109 18 103 22 104 2 8 85 19 82 4 23 19 27 21 28 22 30 23 3 15 121 16 125 27 157 3 9 96 18 88 22 89 2 16 169 30 190 3 11 11 15 16 21 14 3 13 125 20 151 28 118 2 8 82 19 75 2 18 59 25 59
34 3 5 3 7 3 16 3 3 7 97 17 83 29 110 3 8 189 11 213 15 189 4 1 52 16 53 19 51 20 60 3 17 101 18 110 22 106 3 3 108 29 106 30 139 4 1 59 16 47 19 43 20 56 2 25 158 26 154 2 2 116 12 120 3 5 55 19 71 24 73 3 3 94 4 129 22 117 3 5 90 11 91 30 95 2 3 45 6 59 2 8 46 13 56 3 1 150 14 161 24 180 3 8 102 9 90 26 92 3 4 158 10 168 12 190 3 11 11 15 11 21 15 3 8 194 11 211 15 214 3 12 83 20 96 27 87 2 8 81 19 84 3 3 40 13 49 16 49 3 4 177 10 202 12 187 3 15 162 16 167 27 126 2 13 62 16 69 3 3 161 9 139 17 160 3 9 77 18 99 22 85 3 13 124 20 145 28 114 3 5 2 7 3 16 3 2 1 107 21 113 4 23 19 27 17 28 19 30 16 2 18 67 25 82 3 9 50 10 59 28 60 2 16 197 30 165
DUE_DATES: 3312 3312 3026 3187 3041 3018 3018 3072 3358 3242 3242 2979 2979 2979 2943 2943 2943 3009 3009 3413 3009 3009 3009 3009 3231 3231 3231 3231 3494 3494 3352 3058 3215 3038 3265 3484 3309 3309 3314 3314 3672 3471 3363 3363 3363 3544 3204 3276 3438 3174
WEIGHTS: 3 3 1 2 2 1 2 2 2 3 1 3 1 2 1 3 2 3 2 1 3 3 1 1 3 3 3 1 2 2 1 2 1 3 2 2 2 1 3 2 2 1 1 2 2 1 1 3 2 3
