50 30
34 2 1 149 9 115 2 20 182 30 182 2 18 112 22 106 3 19 163 28 153 29 127 3 5 172 11 177 12 171 3 2 127 15 124 23 130 3 6 31 20 27 21 25 2 1 90 3 94 3 19 136 28 145 29 148 3 4 174 12 155 15 140 2 18 95 22 94 3 5 103 7 114 26 132 3 3 145 8 160 14 156 2 4 70 16 74 3 6 126 9 102 25 120 2 7 144 21 146 3 6 127 10 141 19 140 2 17 174 18 138 3 1 37 2 31 29 27 3 5 146 11 199 12 159 3 11 7 20 7 22 6 2 7 144 21 137 2 12 123 26 107 2 8 180 12 139 3 13 54 18 50 27 52 2 14 66 28 76 2 15 87 19 84 3 8 136 18 168 22 145 2 14 141 24 186 3 11 176 16 147 20 154 1 25 58 3 1 47 23 52 25 58 2 7 188 27 202 3 17 70 28 63 29 74
34 2 1 149 9 115 2 20 182 30 182 2 18 112 22 106 3 19 163 28 153 29 127 3 5 172 11 177 12 171 3 2 127 15 124 23 130 3 6 31 20 27 21 25 2 1 90 3 94 3 19 136 28 145 29 148 3 4 174 12 155 15 140 2 18 95 22 94 3 5 103 7 114 26 132 3 3 145 8 160 14 156 2 4 70 16 74 3 6 126 9 102 25 120 2 7 144 21 146 3 6 127 10 141 19 140 2 17 174 18 138 3 1 37 2 31 29 27 3 5 146 11 199 12 159 3 11 7 20 7 22 6 2 7 144 21 137 2 12 123 26 107 2 8 180 12 139 3 13 54 18 50 27 52 2 14 66 28 76 2 15 87 19 84 3 8 136 18 168 22 145 2 14 141 24 186 3 11 176 16 147 20 154 1 25 58 3 1 47 23 52 25 58 2 7 188 27 202 3 17 70 28 63 29 74
34 2 1 149 9 115 2 20 182 30 182 2 18 112 22 106 3 19 163 28 153 29 127 3 5 172 11 177 12 171 3 2 127 15 124 23 130 3 6 31 20 27 21 25 2 1 90 3 94 3 19 136 28 145 29 148 3 4 174 12 155 15 140 2 18 95 22 94 3 5 103 7 114 26 132 3 3 145 8 160 14 156 2 4 70 16 74 3 6 126 9 102 25 120 2 7 144 21 146 3 6 127 10 141 19 140 2 17 174 18 138 3 1 37 2 31 29 27 3 5 146 11 199 12 159 3 11 7 20 7 22 6 2 7 144 21 137 2 12 123 26 107 2 8 180 12 139 3 13 54 18 50 27 52 2 14 66 28 76 2 15 87 19 84 3 8 136 18 168 22 145 2 14 141 24 186 3 11 176 16 147 20 154 1 25 58 3 1 47 23 52 25 58 2 7 188 27 202 3 17 70 28 63 29 74
34 2 1 143 9 137 2 20 174 30 187 2 18 125 22 134 3 19 157 28 130 29 117 3 5 199 11 163 12 138 3 2 146 15 142 23 133 3 6 26 20 23 21 26 2 1 121 3 101 3 19 126 28 155 29 151 3 4 190 12 182 15 161 2 18 104 22 112 3 5 95 7 114 26 134 3 3 114 8 150 14 123 2 4 73 16 59 3 6 141 9 109 25 133 2 7 137 21 151 3 6 116 10 114 19 157 2 17 155 18 123 3 1 27 2 30 29 30 3 5 173 11 176 12 139 3 11 7 20 7 22 6 2 7 153 21 109 2 12 116 26 95 2 8 146 12 140 3 13 44 18 52 27 44 2 14 70 28 69 2 15 86 19 76 3 8 176 18 173 22 203 2 14 150 24 155 3 11 161 16 165 20 165 1 25 46 3 1 39 23 58 25 39 2 7 201 27 157 3 17 70 28 81 29 69
36 2 1 147 9 156 3 2 108 15 105 23 119 2 4 71 16 70 2 1 108 3 120 3 19 133 28 171 29 152 3 4 182 12 140 15 155 3 5 197 11 163 12 203 3 6 32 20 33 21 23 3 2 123 15 141 23 144 1 25 48 3 2 131 15 132 23 120 3 5 126 7 105 26 98 3 3 157 8 131 14 116 3 6 102 9 116 25 108 3 6 125 10 156 19 158 3 19 139 28 129 29 165 3 11 5 20 5 22 6 3 17 67 28 73 29 73 2 8 147 12 197 3 13 47 18 42 27 44 3 1 29 2 38 29 27 2 14 85 28 80 3 1 40 23 58 25 48 2 7 152 21 158 2 15 85 19 65 2 17 143 18 133 3 8 154 18 168 22 186 3 11 173 16 186 20 173 3 13 52 18 60 27 55 2 18 115 22 121 2 14 173 24 188 2 12 102 26 122 3 5 98 7 94 26 99 2 7 188 27 220 3 6 140 10 163 19 159 2 20 200 30 152
35 2 1 151 9 156 3 6 31 20 33 21 23 2 4 60 16 88 3 19 166 28 132 29 144 3 2 146 15 134 23 142 2 1 109 3 98 3 11 166 16 156 20 172 2 1 112 9 113 3 4 133 12 158 15 136 2 4 76 16 70 3 5 153 11 175 12 156 3 11 7 20 6 22 7 3 5 116 7 130 26 102 3 3 151 8 160 14 129 3 6 119 9 108 25 103 3 6 132 10 151 19 138 3 13 57 18 42 27 43 3 17 57 28 67 29 58 3 3 113 8 132 14 131 2 12 104 26 127 3 6 156 10 140 19 152 2 8 151 12 179 2 14 67 28 75 2 15 87 19 96 1 25 58 2 17 145 18 144 3 8 140 18 136 22 180 2 7 111 21 127 3 1 56 23 47 25 51 2 18 131 22 102 3 1 31 2 30 29 37 2 18 108 22 101 2 14 182 24 190 2 7 219 27 210 2 20 194 30 158
35 2 1 151 9 156 3 6 31 20 33 21 23 2 4 60 16 88 3 19 166 28 132 29 144 3 2 146 15 134 23 142 2 1 109 3 98 3 11 166 16 156 20 172 2 1 112 9 113 3 4 133 12 158 15 136 2 4 76 16 70 3 5 153 11 175 12 156 3 11 7 20 6 22 7 3 5 116 7 130 26 102 3 3 151 8 160 14 129 3 6 119 9 108 25 103 3 6 132 10 151 19 138 3 13 57 18 42 27 43 3 17 57 28 67 29 58 3 3 113 8 132 14 131 2 12 104 26 127 3 6 156 10 140 19 152 2 8 151 12 179 2 14 67 28 75 2 15 87 19 96 1 25 58 2 17 145 18 144 3 8 140 18 136 22 180 2 7 111 21 127 3 1 56 23 47 25 51 2 18 131 22 102 3 1 31 2 30 29 37 2 18 108 22 101 2 14 182 24 190 2 7 219 27 210 2 20 194 30 158
33 3 8 136 18 161 22 172 2 1 121 9 129 3 2 151 15 105 23 147 3 4 192 12 148 15 165 3 6 30 20 24 21 33 3 2 129 15 121 23 128 2 1 107 3 128 3 19 169 28 135 29 153 3 5 179 11 148 12 166 3 4 132 12 175 15 136 3 5 97 7 125 26 133 2 14 143 24 162 2 14 74 28 80 3 3 150 8 132 14 132 3 6 122 9 141 25 120 3 6 116 10 136 19 136 2 18 135 22 122 3 11 7 20 7 22 6 2 8 176 12 192 3 13 55 18 59 27 59 2 20 195 30 183 2 15 79 19 78 2 12 115 26 116 2 4 64 16 66 2 17 143 18 171 3 11 170 16 139 20 168 2 7 141 21 127 3 1 41 23 40 25 44 3 17 66 28 75 29 75 2 14 59 28 76 1 25 57 2 7 176 27 171 3 1 38 2 35 29 34
33 3 8 136 18 161 22 172 2 1 121 9 129 3 2 151 15 105 23 147 3 4 192 12 148 15 165 3 6 30 20 24 21 33 3 2 129 15 121 23 128 2 1 107 3 128 3 19 169 28 135 29 153 3 5 179 11 148 12 166 3 4 132 12 175 15 136 3 5 97 7 125 26 133 2 14 143 24 162 2 14 74 28 80 3 3 150 8 132 14 132 3 6 122 9 141 25 120 3 6 116 10 136 19 136 2 18 135 22 122 3 11 7 20 7 22 6 2 8 176 12 192 3 13 55 18 59 27 59 2 20 195 30 183 2 15 79 19 78 2 12 115 26 116 2 4 64 16 66 2 17 143 18 171 3 11 170 16 139 20 168 2 7 141 21 127 3 1 41 23 40 25 44 3 17 66 28 75 29 75 2 14 59 28 76 1 25 57 2 7 176 27 171 3 1 38 2 35 29 34
35 2 1 154 9 141 2 4 71 16 84 3 2 108 15 145 23 149 2 1 95 3 105 3 4 186 12 154 15 167 3 5 163 11 140 12 154 3 2 119 15 152 23 147 3 6 28 20 29 21 27 3 5 108 7 98 26 112 3 6 137 9 142 25 108 3 11 185 16 152 20 169 1 25 54 2 1 111 9 131 2 15 84 19 70 3 19 145 28 155 29 161 3 5 146 11 174 12 196 3 3 113 8 151 14 129 3 6 147 10 166 19 157 3 1 39 23 43 25 44 2 4 59 16 64 3 11 8 20 7 22 7 3 11 189 16 164 20 178 2 8 159 12 154 2 14 84 28 71 3 13 43 18 43 27 43 2 17 162 18 175 2 7 118 21 139 2 12 106 26 109 2 20 185 30 218 3 8 140 18 142 22 199 2 18 94 22 101 2 14 187 24 150 2 7 213 27 215 3 17 80 28 73 29 76 3 1 27 2 26 29 27
35 2 1 154 9 141 2 4 71 16 84 3 2 108 15 145 23 149 2 1 95 3 105 3 4 186 12 154 15 167 3 5 163 11 140 12 154 3 2 119 15 152 23 147 3 6 28 20 29 21 27 3 5 108 7 98 26 112 3 6 137 9 142 25 108 3 11 185 16 152 20 169 1 25 54 2 1 111 9 131 2 15 84 19 70 3 19 145 28 155 29 161 3 5 146 11 174 12 196 3 3 113 8 151 14 129 3 6 147 10 166 19 157 3 1 39 23 43 25 44 2 4 59 16 64 3 11 8 20 7 22 7 3 11 189 16 164 20 178 2 8 159 12 154 2 14 84 28 71 3 13 43 18 43 27 43 2 17 162 18 175 2 7 118 21 139 2 12 106 26 109 2 20 185 30 218 3 8 140 18 142 22 199 2 18 94 22 101 2 14 187 24 150 2 7 213 27 215 3 17 80 28 73 29 76 3 1 27 2 26 29 27
33 3 8 156 18 143 22 163 2 1 153 9 145 3 2 131 15 120 23 130 3 4 131 12 164 15 138 3 6 28 20 29 21 32 3 2 145 15 126 23 134 2 1 108 3 132 3 19 117 28 142 29 129 3 5 180 11 183 12 198 3 4 169 12 185 15 175 3 5 134 7 113 26 134 2 14 173 24 145 2 14 70 28 79 3 3 109 8 138 14 159 3 6 144 9 110 25 103 3 6 132 10 155 19 116 2 18 131 22 106 3 11 7 20 8 22 6 2 8 150 12 157 3 13 55 18 51 27 60 2 20 193 30 199 2 15 94 19 95 2 12 131 26 110 2 4 81 16 60 2 17 120 18 129 3 11 161 16 166 20 187 2 7 115 21 155 3 1 53 23 41 25 54 3 17 60 28 69 29 55 2 14 73 28 60 1 25 47 2 7 194 27 191 3 1 34 2 33 29 36
33 3 8 156 18 143 22 163 2 1 153 9 145 3 2 131 15 120 23 130 3 4 131 12 164 15 138 3 6 28 20 29 21 32 3 2 145 15 126 23 134 2 1 108 3 132 3 19 117 28 142 29 129 3 5 180 11 183 12 198 3 4 169 12 185 15 175 3 5 134 7 113 26 134 2 14 173 24 145 2 14 70 28 79 3 3 109 8 138 14 159 3 6 144 9 110 25 103 3 6 132 10 155 19 116 2 18 131 22 106 3 11 7 20 8 22 6 2 8 150 12 157 3 13 55 18 51 27 60 2 20 193 30 199 2 15 94 19 95 2 12 131 26 110 2 4 81 16 60 2 17 120 18 129 3 11 161 16 166 20 187 2 7 115 21 155 3 1 53 23 41 25 54 3 17 60 28 69 29 55 2 14 73 28 60 1 25 47 2 7 194 27 191 3 1 34 2 33 29 36
36 2 1 147 9 123 3 2 147 15 103 23 111 2 4 86 16 72 2 1 97 3 111 3 19 125 28 140 29 168 3 4 143 12 155 15 193 3 5 153 11 190 12 167 3 6 24 20 23 21 22 3 2 126 15 116 23 153 1 25 57 3 2 115 15 115 23 133 3 5 125 7 99 26 103 3 3 136 8 140 14 123 3 6 129 9 134 25 98 3 6 151 10 139 19 123 3 19 128 28 120 29 157 3 11 5 20 6 22 5 3 17 58 28 76 29 64 2 8 165 12 199 3 13 47 18 54 27 43 3 1 25 2 34 29 34 2 14 65 28 62 3 1 54 23 49 25 58 2 7 125 21 120 2 15 84 19 68 2 17 126 18 178 3 8 180 18 157 22 159 3 11 158 16 168 20 156 3 13 61 18 60 27 59 2 18 120 22 114 2 14 198 24 159 2 12 114 26 127 3 5 124 7 91 26 111 2 7 198 27 150 3 6 156 10 136 19 142 2 20 173 30 187
36 2 1 147 9 123 3 2 147 15 103 23 111 2 4 86 16 72 2 1 97 3 111 3 19 125 28 140 29 168 3 4 143 12 155 15 193 3 5 153 11 190 12 167 3 6 24 20 23 21 22 3 2 126 15 116 23 153 1 25 57 3 2 115 15 115 23 133 3 5 125 7 99 26 103 3 3 136 8 140 14 123 3 6 129 9 134 25 98 3 6 151 10 139 19 123 3 19 128 28 120 29 157 3 11 5 20 6 22 5 3 17 58 28 76 29 64 2 8 165 12 199 3 13 47 18 54 27 43 3 1 25 2 34 29 34 2 14 65 28 62 3 1 54 23 49 25 58 2 7 125 21 120 2 15 84 19 68 2 17 126 18 178 3 8 180 18 157 22 159 3 11 158 16 168 20 156 3 13 61 18 60 27 59 2 18 120 22 114 2 14 198 24 159 2 12 114 26 127 3 5 124 7 91 26 111 2 7 198 27 150 3 6 156 10 136 19 142 2 20 173 30 187
36 2 1 147 9 123 3 2 147 15 103 23 111 2 4 86 16 72 2 1 97 3 111 3 19 125 28 140 29 168 3 4 143 12 155 15 193 3 5 153 11 190 12 167 3 6 24 20 23 21 22 3 2 126 15 116 23 153 1 25 57 3 2 115 15 115 23 133 3 5 125 7 99 26 103 3 3 136 8 140 14 123 3 6 129 9 134 25 98 3 6 151 10 139 19 123 3 19 128 28 120 29 157 3 11 5 20 6 22 5 3 17 58 28 76 29 64 2 8 165 12 199 3 13 47 18 54 27 43 3 1 25 2 34 29 34 2 14 65 28 62 3 1 54 23 49 25 58 2 7 125 21 120 2 15 84 19 68 2 17 126 18 178 3 8 180 18 157 22 159 3 11 158 16 168 20 156 3 13 61 18 60 27 59 2 18 120 22 114 2 14 198 24 159 2 12 114 26 127 3 5 124 7 91 26 111 2 7 198 27 150 3 6 156 10 136 19 142 2 20 173 30 187
34 2 1 151 9 152 2 12 123 26 133 3 2 137 15 117 23 131 2 1 126 3 90 3 4 157 12 158 15 153 3 5 184 11 180 12 137 3 6 33 20 32 21 27 2 15 81 19 77 3 5 131 7 117 26 99 2 14 186 24 148 3 2 129 15 147 23 105 3 11 149 16 153 20 185 3 5 170 11 139 12 155 3 3 147 8 131 14 145 2 7 199 27 205 2 14 79 28 82 2 20 207 30 185 3 6 103 9 127 25 133 3 2 112 15 146 23 129 3 6 118 10 150 19 165 1 25 45 3 11 6 20 5 22 6 2 8 177 12 198 3 13 58 18 58 27 54 2 4 76 16 84 2 17 135 18 125 3 1 28 2 31 29 38 3 17 60 28 55 29 63 2 4 73 16 83 3 8 143 18 193 22 189 3 19 162 28 123 29 119 2 7 110 21 137 2 18 96 22 108 3 1 56 23 53 25 47
33 2 12 116 26 118 2 1 156 9 127 3 2 149 15 144 23 112 2 1 117 3 98 3 4 138 12 154 15 140 3 5 171 11 156 12 197 3 6 23 20 30 21 23 3 2 108 15 139 23 142 2 15 89 19 76 3 19 148 28 137 29 119 3 5 133 7 116 26 105 2 17 160 18 126 3 17 58 28 76 29 54 2 1 93 3 99 3 3 135 8 151 14 124 3 6 111 9 142 25 144 3 8 199 18 191 22 169 3 6 159 10 149 19 159 2 7 169 27 185 3 11 8 20 6 22 8 2 8 204 12 143 3 13 46 18 44 27 50 2 14 63 28 66 2 4 82 16 76 3 6 130 9 126 25 119 2 20 185 30 188 3 11 188 16 135 20 185 2 7 146 21 124 2 18 113 22 101 3 1 50 23 49 25 46 2 14 189 24 184 1 25 43 3 1 30 2 32 29 25
35 2 1 142 9 151 3 6 23 20 29 21 25 2 4 87 16 74 3 19 115 28 130 29 159 3 2 138 15 131 23 111 2 1 99 3 106 3 11 147 16 169 20 141 2 1 121 9 136 3 4 192 12 144 15 173 2 4 70 16 80 3 5 164 11 157 12 166 3 11 6 20 6 22 7 3 5 97 7 109 26 102 3 3 131 8 138 14 136 3 6 144 9 100 25 96 3 6 114 10 150 19 135 3 13 56 18 46 27 43 3 17 56 28 61 29 60 3 3 143 8 130 14 134 2 12 123 26 118 3 6 151 10 140 19 153 2 8 151 12 145 2 14 69 28 76 2 15 81 19 73 1 25 57 2 17 121 18 178 3 8 151 18 141 22 171 2 7 119 21 119 3 1 56 23 52 25 43 2 18 111 22 115 3 1 30 2 28 29 31 2 18 131 22 98 2 14 137 24 193 2 7 183 27 206 2 20 210 30 218
35 2 1 142 9 151 3 6 23 20 29 21 25 2 4 87 16 74 3 19 115 28 130 29 159 3 2 138 15 131 23 111 2 1 99 3 106 3 11 147 16 169 20 141 2 1 121 9 136 3 4 192 12 144 15 173 2 4 70 16 80 3 5 164 11 157 12 166 3 11 6 20 6 22 7 3 5 97 7 109 26 102 3 3 131 8 138 14 136 3 6 144 9 100 25 96 3 6 114 10 150 19 135 3 13 56 18 46 27 43 3 17 56 28 61 29 60 3 3 143 8 130 14 134 2 12 123 26 118 3 6 151 10 140 19 153 2 8 151 12 145 2 14 69 28 76 2 15 81 19 73 1 25 57 2 17 121 18 178 3 8 151 18 141 22 171 2 7 119 21 119 3 1 56 23 52 25 43 2 18 111 22 115 3 1 30 2 28 29 31 2 18 131 22 98 2 14 137 24 193 2 7 183 27 206 2 20 210 30 218
35 2 1 142 9 151 3 6 23 20 29 21 25 2 4 87 16 74 3 19 115 28 130 29 159 3 2 138 15 131 23 111 2 1 99 3 106 3 11 147 16 169 20 141 2 1 121 9 136 3 4 192 12 144 15 173 2 4 70 16 80 3 5 164 11 157 12 166 3 11 6 20 6 22 7 3 5 97 7 109 26 102 3 3 131 8 138 14 136 3 6 144 9 100 25 96 3 6 114 10 150 19 135 3 13 56 18 46 27 43 3 17 56 28 61 29 60 3 3 143 8 130 14 134 2 12 123 26 118 3 6 151 10 140 19 153 2 8 151 12 145 2 14 69 28 76 2 15 81 19 73 1 25 57 2 17 121 18 178 3 8 151 18 141 22 171 2 7 119 21 119 3 1 56 23 52 25 43 2 18 111 22 115 3 1 30 2 28 29 31 2 18 131 22 98 2 14 137 24 193 2 7 183 27 206 2 20 210 30 218
35 2 1 142 9 151 3 6 23 20 29 21 25 2 4 87 16 74 3 19 115 28 130 29 159 3 2 138 15 131 23 111 2 1 99 3 106 3 11 147 16 169 20 141 2 1 121 9 136 3 4 192 12 144 15 173 2 4 70 16 80 3 5 164 11 157 12 166 3 11 6 20 6 22 7 3 5 97 7 109 26 102 3 3 131 8 138 14 136 3 6 144 9 100 25 96 3 6 114 10 150 19 135 3 13 56 18 46 27 43 3 17 56 28 61 29 60 3 3 143 8 130 14 134 2 12 123 26 118 3 6 151 10 140 19 153 2 8 151 12 145 2 14 69 28 76 2 15 81 19 73 1 25 57 2 17 121 18 178 3 8 151 18 141 22 171 2 7 119 21 119 3 1 56 23 52 25 43 2 18 111 22 115 3 1 30 2 28 29 31 2 18 131 22 98 2 14 137 24 193 2 7 183 27 206 2 20 210 30 218
35 2 1 142 9 151 3 6 23 20 29 21 25 2 4 87 16 74 3 19 115 28 130 29 159 3 2 138 15 131 23 111 2 1 99 3 106 3 11 147 16 169 20 141 2 1 121 9 136 3 4 192 12 144 15 173 2 4 70 16 80 3 5 164 11 157 12 166 3 11 6 20 6 22 7 3 5 97 7 109 26 102 3 3 131 8 138 14 136 3 6 144 9 100 25 96 3 6 114 10 150 19 135 3 13 56 18 46 27 43 3 17 56 28 61 29 60 3 3 143 8 130 14 134 2 12 123 26 118 3 6 151 10 140 19 153 2 8 151 12 145 2 14 69 28 76 2 15 81 19 73 1 25 57 2 17 121 18 178 3 8 151 18 141 22 171 2 7 119 21 119 3 1 56 23 52 25 43 2 18 111 22 115 3 1 30 2 28 29 31 2 18 131 22 98 2 14 137 24 193 2 7 183 27 206 2 20 210 30 218
33 2 1 106 9 110 3 2 123 15 124 23 150 2 20 218 30 172 2 1 108 3 108 3 4 172 12 156 15 184 2 8 201 12 177 3 5 151 11 154 12 171 3 6 30 20 27 21 33 2 12 114 26 121 3 5 97 7 94 26 114 3 3 159 8 122 14 154 3 6 144 9 131 25 112 3 6 117 10 131 19 149 2 18 118 22 118 2 14 198 24 156 2 8 162 12 138 3 11 6 20 6 22 6 3 1 30 2 35 29 31 3 13 56 18 45 27 43 2 14 70 28 82 2 15 79 19 80 2 4 87 16 84 2 17 170 18 122 2 14 77 28 73 3 19 146 28 125 29 121 3 8 159 18 202 22 188 1 25 58 3 11 151 16 154 20 152 3 17 72 28 64 29 59 3 1 48 23 46 25 50 3 5 163 11 176 12 149 2 7 117 21 121 2 7 196 27 187
33 2 1 106 9 110 3 2 123 15 124 23 150 2 20 218 30 172 2 1 108 3 108 3 4 172 12 156 15 184 2 8 201 12 177 3 5 151 11 154 12 171 3 6 30 20 27 21 33 2 12 114 26 121 3 5 97 7 94 26 114 3 3 159 8 122 14 154 3 6 144 9 131 25 112 3 6 117 10 131 19 149 2 18 118 22 118 2 14 198 24 156 2 8 162 12 138 3 11 6 20 6 22 6 3 1 30 2 35 29 31 3 13 56 18 45 27 43 2 14 70 28 82 2 15 79 19 80 2 4 87 16 84 2 17 170 18 122 2 14 77 28 73 3 19 146 28 125 29 121 3 8 159 18 202 22 188 1 25 58 3 11 151 16 154 20 152 3 17 72 28 64 29 59 3 1 48 23 46 25 50 3 5 163 11 176 12 149 2 7 117 21 121 2 7 196 27 187
37 2 1 109 9 120 3 2 103 15 133 23 121 2 8 168 12 162 2 1 107 3 100 3 11 7 20 8 22 6 2 8 170 12 157 3 3 141 8 148 14 138 2 18 135 22 109 2 20 205 30 199 3 4 152 12 162 15 164 2 8 183 12 171 3 5 192 11 143 12 152 2 20 179 30 216 3 6 32 20 25 21 23 3 5 119 7 103 26 106 3 6 29 20 33 21 22 3 6 126 9 126 25 105 3 6 164 10 162 19 120 3 13 54 18 56 27 49 2 17 145 18 165 2 14 58 28 69 2 14 187 24 139 2 15 71 19 95 2 4 62 16 77 2 7 193 27 210 3 8 194 18 137 22 199 3 19 126 28 123 29 121 3 11 6 20 6 22 6 3 17 62 28 78 29 80 3 1 55 23 46 25 42 3 11 190 16 139 20 139 3 4 138 12 179 15 145 2 7 113 21 121 3 6 121 9 134 25 122 1 25 51 2 12 99 26 96 3 1 35 2 32 29 38
37 2 1 109 9 120 3 2 103 15 133 23 121 2 8 168 12 162 2 1 107 3 100 3 11 7 20 8 22 6 2 8 170 12 157 3 3 141 8 148 14 138 2 18 135 22 109 2 20 205 30 199 3 4 152 12 162 15 164 2 8 183 12 171 3 5 192 11 143 12 152 2 20 179 30 216 3 6 32 20 25 21 23 3 5 119 7 103 26 106 3 6 29 20 33 21 22 3 6 126 9 126 25 105 3 6 164 10 162 19 120 3 13 54 18 56 27 49 2 17 145 18 165 2 14 58 28 69 2 14 187 24 139 2 15 71 19 95 2 4 62 16 77 2 7 193 27 210 3 8 194 18 137 22 199 3 19 126 28 123 29 121 3 11 6 20 6 22 6 3 17 62 28 78 29 80 3 1 55 23 46 25 42 3 11 190 16 139 20 139 3 4 138 12 179 15 145 2 7 113 21 121 3 6 121 9 134 25 122 1 25 51 2 12 99 26 96 3 1 35 2 32 29 38
38 2 14 81 28 84 2 1 126 9 126 3 2 130 15 109 23 138 2 1 100 3 124 3 4 156 12 162 15 154 3 5 187 11 156 12 142 2 20 191 30 175 3 4 140 12 165 15 165 3 19 146 28 128 29 166 3 6 25 20 30 21 24 2 1 127 3 120 2 15 93 19 67 3 5 98 7 128 26 116 3 3 137 8 132 14 142 3 6 140 9 104 25 96 3 19 147 28 154 29 148 3 6 128 10 119 19 141 3 11 7 20 7 22 6 2 8 154 12 190 3 11 143 16 184 20 171 2 4 69 16 63 2 14 139 24 180 2 1 125 3 94 2 12 95 26 133 2 17 141 18 145 3 13 51 18 54 27 56 3 2 124 15 150 23 151 2 18 98 22 134 3 8 138 18 177 22 197 2 15 73 19 87 2 7 137 21 140 3 1 34 2 28 29 32 3 1 50 23 56 25 55 3 3 146 8 159 14 151 2 7 168 27 148 3 4 188 12 194 15 191 1 25 49 3 17 75 28 79 29 58
38 2 14 81 28 84 2 1 126 9 126 3 2 130 15 109 23 138 2 1 100 3 124 3 4 156 12 162 15 154 3 5 187 11 156 12 142 2 20 191 30 175 3 4 140 12 165 15 165 3 19 146 28 128 29 166 3 6 25 20 30 21 24 2 1 127 3 120 2 15 93 19 67 3 5 98 7 128 26 116 3 3 137 8 132 14 142 3 6 140 9 104 25 96 3 19 147 28 154 29 148 3 6 128 10 119 19 141 3 11 7 20 7 22 6 2 8 154 12 190 3 11 143 16 184 20 171 2 4 69 16 63 2 14 139 24 180 2 1 125 3 94 2 12 95 26 133 2 17 141 18 145 3 13 51 18 54 27 56 3 2 124 15 150 23 151 2 18 98 22 134 3 8 138 18 177 22 197 2 15 73 19 87 2 7 137 21 140 3 1 34 2 28 29 32 3 1 50 23 56 25 55 3 3 146 8 159 14 151 2 7 168 27 148 3 4 188 12 194 15 191 1 25 49 3 17 75 28 79 29 58
33 2 1 147 9 150 3 2 117 15 131 23 148 2 1 132 3 98 3 4 145 12 139 15 140 3 5 146 11 193 12 192 2 18 128 22 115 3 6 97 9 121 25 133 3 6 30 20 25 21 22 3 5 119 7 128 26 130 3 3 128 8 155 14 118 3 11 190 16 153 20 135 2 14 190 24 140 3 6 117 10 168 19 159 3 11 8 20 7 22 7 2 8 147 12 189 2 20 168 30 165 2 14 154 24 145 3 1 52 23 39 25 46 3 13 56 18 49 27 57 2 14 79 28 72 2 12 109 26 127 2 7 118 21 112 2 8 142 12 155 2 15 81 19 86 2 4 85 16 60 3 19 134 28 147 29 170 2 17 137 18 133 3 8 180 18 137 22 202 1 25 41 2 8 192 12 203 2 7 163 27 207 3 1 28 2 30 29 33 3 17 54 28 55 29 59
39 2 1 107 3 96 3 2 111 15 113 23 129 2 1 122 9 110 3 2 115 15 126 23 118 3 6 124 9 109 25 111 3 4 141 12 150 15 171 3 5 194 11 162 12 197 3 6 24 20 29 21 33 3 4 181 12 191 15 188 3 5 98 7 99 26 129 2 1 109 9 132 3 1 44 23 55 25 47 3 5 185 11 185 12 174 3 3 133 8 139 14 130 2 14 83 28 71 3 6 157 10 151 19 144 3 11 5 20 8 22 6 3 5 105 7 127 26 97 2 8 203 12 158 3 13 55 18 56 27 41 2 15 83 19 87 2 14 138 24 181 3 13 51 18 47 27 47 2 12 110 26 106 2 4 62 16 86 2 17 148 18 126 2 8 190 12 160 3 1 27 2 32 29 33 3 8 171 18 174 22 136 2 20 227 30 175 3 19 151 28 163 29 161 3 11 139 16 168 20 131 2 18 119 22 132 2 4 72 16 68 2 7 123 21 162 1 25 43 3 5 100 7 96 26 96 3 17 71 28 74 29 60 2 7 177 27 165
35 2 1 157 9 138 3 3 123 8 149 14 112 2 15 75 19 67 2 1 106 9 115 3 2 109 15 133 23 123 2 14 71 28 74 3 5 90 7 119 26 94 2 1 124 3 113 3 4 172 12 193 15 163 3 5 139 11 201 12 185 3 6 25 20 29 21 32 3 5 152 11 198 12 170 3 6 116 9 114 25 124 3 6 153 10 118 19 128 3 11 7 20 8 22 7 2 8 154 12 189 3 5 101 7 116 26 95 3 1 28 2 29 29 36 3 13 45 18 42 27 48 3 8 187 18 136 22 136 2 4 60 16 88 2 17 140 18 125 3 19 161 28 171 29 137 3 11 171 16 149 20 163 3 1 32 2 32 29 32 2 7 155 21 136 2 18 129 22 104 3 1 41 23 57 25 45 2 1 97 3 129 2 14 166 24 177 1 25 44 2 12 115 26 133 2 20 157 30 225 3 17 64 28 56 29 65 2 7 172 27 166
35 2 1 157 9 138 3 3 123 8 149 14 112 2 15 75 19 67 2 1 106 9 115 3 2 109 15 133 23 123 2 14 71 28 74 3 5 90 7 119 26 94 2 1 124 3 113 3 4 172 12 193 15 163 3 5 139 11 201 12 185 3 6 25 20 29 21 32 3 5 152 11 198 12 170 3 6 116 9 114 25 124 3 6 153 10 118 19 128 3 11 7 20 8 22 7 2 8 154 12 189 3 5 101 7 116 26 95 3 1 28 2 29 29 36 3 13 45 18 42 27 48 3 8 187 18 136 22 136 2 4 60 16 88 2 17 140 18 125 3 19 161 28 171 29 137 3 11 171 16 149 20 163 3 1 32 2 32 29 32 2 7 155 21 136 2 18 129 22 104 3 1 41 23 57 25 45 2 1 97 3 129 2 14 166 24 177 1 25 44 2 12 115 26 133 2 20 157 30 225 3 17 64 28 56 29 65 2 7 172 27 166
36 2 1 124 9 113 3 2 152 15 125 23 145 2 4 63 16 67 2 1 99 3 91 3 19 171 28 124 29 116 3 4 186 12 156 15 173 3 5 161 11 168 12 167 3 6 33 20 33 21 25 3 2 122 15 143 23 137 1 25 56 3 2 106 15 136 23 132 3 5 97 7 119 26 119 3 3 138 8 114 14 153 3 6 114 9 116 25 99 3 6 119 10 143 19 120 3 19 116 28 126 29 120 3 11 6 20 5 22 7 3 17 73 28 65 29 74 2 8 180 12 173 3 13 60 18 56 27 47 3 1 27 2 28 29 30 2 14 58 28 63 3 1 42 23 49 25 55 2 7 135 21 126 2 15 88 19 67 2 17 153 18 138 3 8 178 18 142 22 160 3 11 179 16 187 20 180 3 13 60 18 48 27 46 2 18 96 22 103 2 14 143 24 159 2 12 108 26 109 3 5 128 7 97 26 112 2 7 160 27 220 3 6 147 10 115 19 136 2 20 214 30 174
36 2 1 124 9 113 3 2 152 15 125 23 145 2 4 63 16 67 2 1 99 3 91 3 19 171 28 124 29 116 3 4 186 12 156 15 173 3 5 161 11 168 12 167 3 6 33 20 33 21 25 3 2 122 15 143 23 137 1 25 56 3 2 106 15 136 23 132 3 5 97 7 119 26 119 3 3 138 8 114 14 153 3 6 114 9 116 25 99 3 6 119 10 143 19 120 3 19 116 28 126 29 120 3 11 6 20 5 22 7 3 17 73 28 65 29 74 2 8 180 12 173 3 13 60 18 56 27 47 3 1 27 2 28 29 30 2 14 58 28 63 3 1 42 23 49 25 55 2 7 135 21 126 2 15 88 19 67 2 17 153 18 138 3 8 178 18 142 22 160 3 11 179 16 187 20 180 3 13 60 18 48 27 46 2 18 96 22 103 2 14 143 24 159 2 12 108 26 109 3 5 128 7 97 26 112 2 7 160 27 220 3 6 147 10 115 19 136 2 20 214 30 174
37 2 1 135 9 117 3 2 115 15 139 23 152 2 8 174 12 162 2 1 107 3 104 3 11 6 20 6 22 7 2 8 158 12 200 3 3 114 8 127 14 157 2 18 93 22 99 2 20 171 30 168 3 4 148 12 160 15 175 2 8 148 12 143 3 5 144 11 201 12 179 2 20 183 30 178 3 6 26 20 32 21 25 3 5 105 7 90 26 104 3 6 28 20 27 21 22 3 6 144 9 99 25 116 3 6 149 10 125 19 148 3 13 58 18 50 27 42 2 17 121 18 126 2 14 68 28 83 2 14 171 24 138 2 15 68 19 96 2 4 87 16 60 2 7 192 27 182 3 8 201 18 174 22 170 3 19 158 28 144 29 133 3 11 5 20 7 22 8 3 17 54 28 77 29 77 3 1 58 23 53 25 50 3 11 153 16 132 20 154 3 4 165 12 165 15 152 2 7 158 21 126 3 6 106 9 140 25 133 1 25 46 2 12 90 26 115 3 1 29 2 36 29 36
39 2 1 99 3 115 3 2 103 15 127 23 144 2 1 132 9 157 3 2 140 15 110 23 149 3 6 137 9 141 25 103 3 4 157 12 188 15 158 3 5 187 11 140 12 193 3 6 27 20 23 21 26 3 4 176 12 148 15 158 3 5 91 7 122 26 109 2 1 120 9 150 3 1 42 23 57 25 41 3 5 145 11 142 12 183 3 3 156 8 141 14 142 2 14 66 28 64 3 6 165 10 168 19 144 3 11 7 20 6 22 6 3 5 91 7 118 26 113 2 8 153 12 176 3 13 46 18 61 27 50 2 15 72 19 80 2 14 155 24 193 3 13 50 18 61 27 58 2 12 113 26 127 2 4 60 16 75 2 17 177 18 128 2 8 195 12 163 3 1 37 2 31 29 30 3 8 153 18 191 22 196 2 20 164 30 167 3 19 135 28 167 29 162 3 11 185 16 152 20 130 2 18 108 22 134 2 4 63 16 63 2 7 111 21 141 1 25 51 3 5 120 7 104 26 93 3 17 69 28 57 29 72 2 7 150 27 205
39 2 1 99 3 115 3 2 103 15 127 23 144 2 1 132 9 157 3 2 140 15 110 23 149 3 6 137 9 141 25 103 3 4 157 12 188 15 158 3 5 187 11 140 12 193 3 6 27 20 23 21 26 3 4 176 12 148 15 158 3 5 91 7 122 26 109 2 1 120 9 150 3 1 42 23 57 25 41 3 5 145 11 142 12 183 3 3 156 8 141 14 142 2 14 66 28 64 3 6 165 10 168 19 144 3 11 7 20 6 22 6 3 5 91 7 118 26 113 2 8 153 12 176 3 13 46 18 61 27 50 2 15 72 19 80 2 14 155 24 193 3 13 50 18 61 27 58 2 12 113 26 127 2 4 60 16 75 2 17 177 18 128 2 8 195 12 163 3 1 37 2 31 29 30 3 8 153 18 191 22 196 2 20 164 30 167 3 19 135 28 167 29 162 3 11 185 16 152 20 130 2 18 108 22 134 2 4 63 16 63 2 7 111 21 141 1 25 51 3 5 120 7 104 26 93 3 17 69 28 57 29 72 2 7 150 27 205
39 2 1 99 3 115 3 2 103 15 127 23 144 2 1 132 9 157 3 2 140 15 110 23 149 3 6 137 9 141 25 103 3 4 157 12 188 15 158 3 5 187 11 140 12 193 3 6 27 20 23 21 26 3 4 176 12 148 15 158 3 5 91 7 122 26 109 2 1 120 9 150 3 1 42 23 57 25 41 3 5 145 11 142 12 183 3 3 156 8 141 14 142 2 14 66 28 64 3 6 165 10 168 19 144 3 11 7 20 6 22 6 3 5 91 7 118 26 113 2 8 153 12 176 3 13 46 18 61 27 50 2 15 72 19 80 2 14 155 24 193 3 13 50 18 61 27 58 2 12 113 26 127 2 4 60 16 75 2 17 177 18 128 2 8 195 12 163 3 1 37 2 31 29 30 3 8 153 18 191 22 196 2 20 164 30 167 3 19 135 28 167 29 162 3 11 185 16 152 20 130 2 18 108 22 134 2 4 63 16 63 2 7 111 21 141 1 25 51 3 5 120 7 104 26 93 3 17 69 28 57 29 72 2 7 150 27 205
33 2 12 100 26 114 2 1 140 9 139 3 2 139 15 154 23 127 2 1 108 3 105 3 4 162 12 154 15 173 3 5 156 11 136 12 164 3 6 28 20 26 21 28 3 2 148 15 150 23 146 2 15 79 19 76 3 19 138 28 139 29 154 3 5 92 7 122 26 94 2 17 149 18 165 3 17 61 28 55 29 57 2 1 107 3 104 3 3 113 8 123 14 114 3 6 111 9 141 25 135 3 8 162 18 169 22 202 3 6 115 10 143 19 162 2 7 216 27 202 3 11 7 20 7 22 7 2 8 140 12 178 3 13 45 18 46 27 57 2 14 61 28 77 2 4 78 16 86 3 6 100 9 120 25 132 2 20 180 30 223 3 11 179 16 185 20 185 2 7 146 21 113 2 18 133 22 127 3 1 45 23 53 25 58 2 14 183 24 178 1 25 59 3 1 31 2 28 29 30
35 2 1 154 9 118 3 6 22 20 25 21 23 2 4 88 16 63 3 19 161 28 126 29 142 3 2 153 15 140 23 123 2 1 126 3 102 3 11 159 16 146 20 168 2 1 120 9 108 3 4 154 12 149 15 190 2 4 63 16 66 3 5 171 11 139 12 153 3 11 6 20 7 22 7 3 5 130 7 133 26 102 3 3 160 8 151 14 112 3 6 135 9 138 25 105 3 6 114 10 155 19 158 3 13 62 18 62 27 48 3 17 63 28 54 29 70 3 3 137 8 117 14 107 2 12 89 26 127 3 6 118 10 161 19 132 2 8 159 12 165 2 14 71 28 78 2 15 87 19 91 1 25 46 2 17 120 18 120 3 8 154 18 139 22 201 2 7 115 21 156 3 1 40 23 53 25 58 2 18 114 22 99 3 1 33 2 36 29 35 2 18 113 22 103 2 14 136 24 138 2 7 164 27 197 2 20 191 30 168
33 2 12 131 26 94 2 1 146 9 124 3 2 118 15 109 23 147 2 1 120 3 120 3 4 161 12 152 15 156 3 5 147 11 194 12 142 3 6 32 20 22 21 29 3 2 135 15 147 23 137 2 15 88 19 85 3 19 131 28 118 29 139 3 5 103 7 105 26 104 2 17 136 18 150 3 17 59 28 64 29 56 2 1 95 3 104 3 3 122 8 134 14 125 3 6 136 9 130 25 128 3 8 181 18 144 22 178 3 6 140 10 132 19 129 2 7 194 27 202 3 11 8 20 6 22 5 2 8 138 12 200 3 13 43 18 48 27 49 2 14 79 28 82 2 4 88 16 71 3 6 99 9 106 25 115 2 20 185 30 189 3 11 188 16 172 20 144 2 7 133 21 127 2 18 125 22 93 3 1 48 23 44 25 48 2 14 142 24 173 1 25 49 3 1 26 2 38 29 33
34 2 1 158 9 121 2 12 97 26 93 3 2 152 15 147 23 121 2 1 91 3 94 3 4 157 12 159 15 176 3 5 200 11 202 12 152 3 6 31 20 23 21 33 2 15 76 19 94 3 5 90 7 128 26 105 2 14 195 24 173 3 2 150 15 117 23 145 3 11 132 16 145 20 143 3 5 137 11 198 12 181 3 3 122 8 118 14 147 2 7 201 27 149 2 14 74 28 68 2 20 181 30 186 3 6 125 9 120 25 122 3 2 131 15 104 23 108 3 6 123 10 117 19 124 1 25 54 3 11 7 20 5 22 7 2 8 164 12 169 3 13 60 18 60 27 46 2 4 61 16 63 2 17 139 18 131 3 1 30 2 32 29 34 3 17 75 28 80 29 76 2 4 75 16 71 3 8 171 18 164 22 202 3 19 133 28 159 29 165 2 7 128 21 126 2 18 128 22 118 3 1 39 23 48 25 39
37 2 1 144 9 131 3 2 148 15 151 23 107 2 8 184 12 200 2 1 129 3 105 3 11 5 20 5 22 5 2 8 167 12 179 3 3 116 8 129 14 150 2 18 123 22 109 2 20 181 30 227 3 4 168 12 137 15 168 2 8 186 12 141 3 5 198 11 159 12 199 2 20 200 30 177 3 6 26 20 23 21 25 3 5 93 7 116 26 131 3 6 30 20 23 21 24 3 6 140 9 107 25 119 3 6 120 10 120 19 168 3 13 54 18 52 27 45 2 17 164 18 165 2 14 67 28 62 2 14 181 24 163 2 15 83 19 94 2 4 60 16 73 2 7 169 27 205 3 8 172 18 166 22 177 3 19 126 28 165 29 163 3 11 7 20 6 22 8 3 17 64 28 64 29 66 3 1 39 23 53 25 43 3 11 171 16 178 20 146 3 4 185 12 164 15 152 2 7 136 21 150 3 6 126 9 100 25 101 1 25 54 2 12 102 26 110 3 1 25 2 32 29 26
33 2 1 141 9 140 3 3 119 8 132 14 116 3 2 154 15 111 23 104 3 6 130 9 99 25 106 2 1 118 3 111 3 3 124 8 123 14 156 2 14 70 28 68 3 4 160 12 134 15 151 2 1 145 9 140 3 5 201 11 167 12 144 3 6 31 20 31 21 24 3 5 99 7 115 26 97 3 11 7 20 6 22 7 3 6 139 10 151 19 131 2 20 226 30 183 2 8 161 12 204 3 5 100 7 91 26 102 3 13 60 18 47 27 50 3 17 61 28 62 29 71 3 1 46 23 45 25 58 3 1 31 2 30 29 35 1 25 54 2 15 96 19 89 2 4 74 16 59 2 17 136 18 120 3 8 174 18 183 22 158 3 19 154 28 121 29 139 2 14 141 24 143 3 11 156 16 180 20 186 2 7 148 21 137 2 12 132 26 131 2 18 111 22 98 2 7 184 27 153
38 2 14 69 28 67 2 1 116 9 122 3 2 110 15 111 23 120 2 1 126 3 121 3 4 194 12 192 15 156 3 5 146 11 152 12 138 2 20 161 30 167 3 4 137 12 142 15 162 3 19 169 28 148 29 144 3 6 31 20 26 21 28 2 1 98 3 96 2 15 70 19 78 3 5 123 7 107 26 121 3 3 116 8 148 14 158 3 6 141 9 130 25 127 3 19 140 28 134 29 119 3 6 152 10 152 19 126 3 11 7 20 6 22 7 2 8 137 12 188 3 11 162 16 140 20 135 2 4 86 16 64 2 14 190 24 175 2 1 127 3 131 2 12 96 26 128 2 17 149 18 144 3 13 54 18 61 27 50 3 2 141 15 120 23 134 2 18 105 22 107 3 8 138 18 150 22 203 2 15 68 19 89 2 7 118 21 126 3 1 36 2 38 29 29 3 1 57 23 58 25 54 3 3 141 8 119 14 139 2 7 176 27 213 3 4 169 12 136 15 192 1 25 49 3 17 54 28 66 29 77
35 2 1 127 9 154 3 3 125 8 138 14 150 2 15 93 19 76 2 1 122 9 135 3 2 141 15 154 23 133 2 14 85 28 85 3 5 94 7 131 26 111 2 1 95 3 109 3 4 191 12 155 15 155 3 5 176 11 164 12 153 3 6 30 20 25 21 23 3 5 181 11 179 12 140 3 6 114 9 141 25 137 3 6 142 10 135 19 142 3 11 7 20 8 22 7 2 8 156 12 143 3 5 100 7 110 26 119 3 1 30 2 37 29 38 3 13 48 18 53 27 42 3 8 200 18 197 22 183 2 4 61 16 84 2 17 162 18 165 3 19 137 28 168 29 141 3 11 149 16 150 20 149 3 1 36 2 36 29 36 2 7 122 21 109 2 18 120 22 130 3 1 55 23 52 25 54 2 1 119 3 124 2 14 183 24 196 1 25 54 2 12 116 26 94 2 20 178 30 183 3 17 57 28 77 29 76 2 7 204 27 189
35 2 1 127 9 154 3 3 125 8 138 14 150 2 15 93 19 76 2 1 122 9 135 3 2 141 15 154 23 133 2 14 85 28 85 3 5 94 7 131 26 111 2 1 95 3 109 3 4 191 12 155 15 155 3 5 176 11 164 12 153 3 6 30 20 25 21 23 3 5 181 11 179 12 140 3 6 114 9 141 25 137 3 6 142 10 135 19 142 3 11 7 20 8 22 7 2 8 156 12 143 3 5 100 7 110 26 119 3 1 30 2 37 29 38 3 13 48 18 53 27 42 3 8 200 18 197 22 183 2 4 61 16 84 2 17 162 18 165 3 19 137 28 168 29 141 3 11 149 16 150 20 149 3 1 36 2 36 29 36 2 7 122 21 109 2 18 120 22 130 3 1 55 23 52 25 54 2 1 119 3 124 2 14 183 24 196 1 25 54 2 12 116 26 94 2 20 178 30 183 3 17 57 28 77 29 76 2 7 204 27 189
35 2 1 130 9 145 3 6 27 20 33 21 25 2 4 68 16 70 3 19 144 28 161 29 167 3 2 112 15 120 23 106 2 1 95 3 110 3 11 192 16 153 20 140 2 1 157 9 150 3 4 133 12 173 15 172 2 4 76 16 77 3 5 148 11 161 12 182 3 11 6 20 5 22 7 3 5 92 7 99 26 129 3 3 129 8 155 14 143 3 6 120 9 102 25 114 3 6 159 10 156 19 139 3 13 44 18 45 27 46 3 17 64 28 77 29 62 3 3 118 8 156 14 141 2 12 94 26 116 3 6 132 10 135 19 166 2 8 146 12 159 2 14 71 28 75 2 15 90 19 71 1 25 55 2 17 174 18 162 3 8 138 18 180 22 175 2 7 144 21 135 3 1 56 23 58 25 39 2 18 121 22 95 3 1 28 2 36 29 28 2 18 119 22 96 2 14 199 24 139 2 7 169 27 181 2 20 155 30 198
33 2 1 146 9 115 3 2 124 15 114 23 107 2 1 129 3 107 3 4 139 12 183 15 171 3 5 196 11 137 12 150 2 18 125 22 107 3 6 141 9 140 25 143 3 6 27 20 28 21 32 3 5 112 7 127 26 117 3 3 117 8 110 14 136 3 11 178 16 142 20 174 2 14 153 24 177 3 6 155 10 164 19 165 3 11 7 20 6 22 5 2 8 195 12 163 2 20 225 30 154 2 14 184 24 158 3 1 58 23 40 25 51 3 13 61 18 52 27 56 2 14 79 28 78 2 12 94 26 132 2 7 147 21 125 2 8 166 12 138 2 15 93 19 79 2 4 60 16 65 3 19 137 28 138 29 166 2 17 152 18 151 3 8 153 18 178 22 164 1 25 50 2 8 170 12 193 2 7 163 27 190 3 1 31 2 28 29 29 3 17 64 28 77 29 77
DUE_DATES: 4069 4069 4069 4037 4317 4117 4117 3894 3894 4249 4249 3907 3907 4210 4210 4210 4064 3909 4078 4078 4078 4078 4078 3930 3930 4339 4339 4595 4595 3993 4621 4039 4039 4137 4137 4272 4663 4663 4663 3959 4008 3831 3982 4457 3861 4520 4167 4167 4105 4072
WEIGHTS: 3 3 2 1 2 3 3 2 3 2 2 3 3 3 3 2 2 2 1 1 1 1 1 3 3 2 1 3 3 3 1 3 3 3 3 3 3 1 1 3 3 1 1 3 2 3 1 2 2 2
