50 30
33 3 3 68 5 62 30 57 2 1 145 9 128 3 8 14 12 14 30 15 4 2 102 17 123 20 96 26 102 3 8 15 12 20 30 13 3 5 110 22 89 30 101 2 4 67 21 62 2 1 135 9 137 2 28 13 30 15 3 2 231 19 180 24 192 3 6 109 7 106 23 110 2 15 8 16 8 3 2 46 5 36 7 48 3 2 1 13 1 17 1 3 18 41 19 41 24 30 2 4 46 6 52 3 16 134 18 142 28 163 3 7 100 20 103 23 81 2 9 118 21 99 2 21 116 25 142 4 5 190 10 200 11 176 22 198 3 11 85 23 90 26 102 3 5 112 14 105 23 131 2 12 155 22 154 2 6 84 28 88 3 15 98 16 95 17 80 2 13 74 27 77 3 16 66 17 93 19 81 3 11 106 23 98 26 98 2 2 8 20 10 2 6 179 25 164 2 13 81 29 78 2 19 155 26 174
33 3 3 68 5 62 30 57 2 1 145 9 128 3 8 14 12 14 30 15 4 2 102 17 123 20 96 26 102 3 8 15 12 20 30 13 3 5 110 22 89 30 101 2 4 67 21 62 2 1 135 9 137 2 28 13 30 15 3 2 231 19 180 24 192 3 6 109 7 106 23 110 2 15 8 16 8 3 2 46 5 36 7 48 3 2 1 13 1 17 1 3 18 41 19 41 24 30 2 4 46 6 52 3 16 134 18 142 28 163 3 7 100 20 103 23 81 2 9 118 21 99 2 21 116 25 142 4 5 190 10 200 11 176 22 198 3 11 85 23 90 26 102 3 5 112 14 105 23 131 2 12 155 22 154 2 6 84 28 88 3 15 98 16 95 17 80 2 13 74 27 77 3 16 66 17 93 19 81 3 11 106 23 98 26 98 2 2 8 20 10 2 6 179 25 164 2 13 81 29 78 2 19 155 26 174
33 3 3 68 5 62 30 57 2 1 145 9 128 3 8 14 12 14 30 15 4 2 102 17 123 20 96 26 102 3 8 15 12 20 30 13 3 5 110 22 89 30 101 2 4 67 21 62 2 1 135 9 137 2 28 13 30 15 3 2 231 19 180 24 192 3 6 109 7 106 23 110 2 15 8 16 8 3 2 46 5 36 7 48 3 2 1 13 1 17 1 3 18 41 19 41 24 30 2 4 46 6 52 3 16 134 18 142 28 163 3 7 100 20 103 23 81 2 9 118 21 99 2 21 116 25 142 4 5 190 10 200 11 176 22 198 3 11 85 23 90 26 102 3 5 112 14 105 23 131 2 12 155 22 154 2 6 84 28 88 3 15 98 16 95 17 80 2 13 74 27 77 3 16 66 17 93 19 81 3 11 106 23 98 26 98 2 2 8 20 10 2 6 179 25 164 2 13 81 29 78 2 19 155 26 174
33 3 3 68 5 62 30 57 2 1 145 9 128 3 8 14 12 14 30 15 4 2 102 17 123 20 96 26 102 3 8 15 12 20 30 13 3 5 110 22 89 30 101 2 4 67 21 62 2 1 135 9 137 2 28 13 30 15 3 2 231 19 180 24 192 3 6 109 7 106 23 110 2 15 8 16 8 3 2 46 5 36 7 48 3 2 1 13 1 17 1 3 18 41 19 41 24 30 2 4 46 6 52 3 16 134 18 142 28 163 3 7 100 20 103 23 81 2 9 118 21 99 2 21 116 25 142 4 5 190 10 200 11 176 22 198 3 11 85 23 90 26 102 3 5 112 14 105 23 131 2 12 155 22 154 2 6 84 28 88 3 15 98 16 95 17 80 2 13 74 27 77 3 16 66 17 93 19 81 3 11 106 23 98 26 98 2 2 8 20 10 2 6 179 25 164 2 13 81 29 78 2 19 155 26 174
35 2 2 9 20 9 2 21 102 25 115 2 1 117 9 152 2 21 142 25 130 4 2 96 17 89 20 107 26 102 2 2 9 20 8 3 18 34 19 39 24 39 3 3 52 5 62 30 47 2 4 57 21 54 3 2 37 5 42 7 32 3 5 127 14 134 23 116 2 4 56 6 51 3 3 67 5 57 30 62 3 7 109 20 94 23 109 3 8 13 12 15 30 17 2 9 106 21 100 3 8 16 12 19 30 15 4 5 146 10 142 11 147 22 139 3 16 85 17 67 19 64 3 11 105 23 84 26 105 2 12 144 22 177 3 2 1 13 1 17 1 2 15 9 16 7 3 15 76 16 89 17 100 3 16 133 18 154 28 135 3 5 87 22 76 30 97 2 28 13 30 12 2 21 143 25 115 3 6 115 7 113 23 123 3 2 233 19 188 24 205 2 13 88 27 68 2 6 191 25 207 2 6 72 28 97 2 13 82 29 66 2 19 174 26 151
35 2 2 9 20 9 2 21 102 25 115 2 1 117 9 152 2 21 142 25 130 4 2 96 17 89 20 107 26 102 2 2 9 20 8 3 18 34 19 39 24 39 3 3 52 5 62 30 47 2 4 57 21 54 3 2 37 5 42 7 32 3 5 127 14 134 23 116 2 4 56 6 51 3 3 67 5 57 30 62 3 7 109 20 94 23 109 3 8 13 12 15 30 17 2 9 106 21 100 3 8 16 12 19 30 15 4 5 146 10 142 11 147 22 139 3 16 85 17 67 19 64 3 11 105 23 84 26 105 2 12 144 22 177 3 2 1 13 1 17 1 2 15 9 16 7 3 15 76 16 89 17 100 3 16 133 18 154 28 135 3 5 87 22 76 30 97 2 28 13 30 12 2 21 143 25 115 3 6 115 7 113 23 123 3 2 233 19 188 24 205 2 13 88 27 68 2 6 191 25 207 2 6 72 28 97 2 13 82 29 66 2 19 174 26 151
34 2 1 147 9 150 4 2 110 17 126 20 96 26 117 3 3 64 5 61 30 58 2 4 63 21 77 2 4 45 6 42 2 1 128 9 115 3 2 37 5 47 7 39 3 7 109 20 108 23 89 3 8 18 12 16 30 16 2 15 9 16 8 2 9 112 21 108 4 5 148 10 181 11 162 22 196 3 2 1 13 1 17 1 3 15 97 16 81 17 91 3 11 106 23 81 26 97 3 3 50 5 58 30 66 2 12 200 22 207 3 5 129 14 115 23 99 3 6 131 7 110 23 128 3 16 64 17 79 19 77 3 18 36 19 36 24 34 3 16 142 18 166 28 128 2 2 11 20 9 2 21 122 25 131 3 5 81 22 100 30 85 2 6 98 28 94 3 3 61 5 47 30 62 3 2 212 19 225 24 200 2 6 221 25 209 2 13 84 27 96 2 28 14 30 14 2 19 178 26 130 4 2 108 17 123 20 117 26 117 2 13 82 29 64
36 2 1 161 9 126 3 11 95 23 92 26 102 3 6 132 7 142 23 118 2 1 148 9 166 4 2 91 17 122 20 111 26 101 3 3 48 5 48 30 66 3 6 113 7 136 23 109 2 4 63 21 77 3 2 34 5 48 7 48 2 12 160 22 139 4 2 129 17 129 20 112 26 95 2 13 94 27 78 2 6 88 28 73 3 16 157 18 160 28 165 2 4 53 6 49 3 7 84 20 74 23 98 4 2 126 17 109 20 119 26 128 4 5 181 10 173 11 192 22 175 3 8 17 12 16 30 17 2 9 99 21 117 2 6 213 25 237 3 2 1 13 1 17 1 2 6 217 25 210 3 5 113 14 105 23 136 3 16 63 17 85 19 76 2 6 76 28 87 2 15 10 16 10 2 21 101 25 109 2 13 74 29 69 3 15 86 16 85 17 77 3 18 31 19 36 24 44 2 2 9 20 11 3 5 103 22 81 30 82 3 2 216 19 162 24 206 2 19 143 26 165 2 28 15 30 12
36 2 1 161 9 126 3 11 95 23 92 26 102 3 6 132 7 142 23 118 2 1 148 9 166 4 2 91 17 122 20 111 26 101 3 3 48 5 48 30 66 3 6 113 7 136 23 109 2 4 63 21 77 3 2 34 5 48 7 48 2 12 160 22 139 4 2 129 17 129 20 112 26 95 2 13 94 27 78 2 6 88 28 73 3 16 157 18 160 28 165 2 4 53 6 49 3 7 84 20 74 23 98 4 2 126 17 109 20 119 26 128 4 5 181 10 173 11 192 22 175 3 8 17 12 16 30 17 2 9 99 21 117 2 6 213 25 237 3 2 1 13 1 17 1 2 6 217 25 210 3 5 113 14 105 23 136 3 16 63 17 85 19 76 2 6 76 28 87 2 15 10 16 10 2 21 101 25 109 2 13 74 29 69 3 15 86 16 85 17 77 3 18 31 19 36 24 44 2 2 9 20 11 3 5 103 22 81 30 82 3 2 216 19 162 24 206 2 19 143 26 165 2 28 15 30 12
36 2 4 68 21 76 4 5 150 10 174 11 165 22 202 2 4 64 21 72 2 1 115 9 144 4 2 113 17 108 20 100 26 131 2 12 176 22 177 3 3 49 5 68 30 51 3 8 15 12 16 30 18 2 6 92 28 85 2 15 10 16 9 3 2 36 5 40 7 42 3 7 90 20 102 23 80 2 4 55 6 52 3 6 127 7 105 23 115 2 12 139 22 155 2 9 119 21 119 3 11 90 23 108 26 86 2 13 80 27 80 2 12 154 22 139 2 19 145 26 147 2 1 142 9 142 3 2 1 13 1 17 1 3 5 121 14 136 23 104 3 15 69 16 89 17 80 3 16 66 17 83 19 66 3 16 164 18 159 28 170 2 13 86 27 100 3 18 39 19 39 24 37 2 2 9 20 10 2 21 145 25 147 3 2 216 19 160 24 210 3 5 108 22 81 30 81 4 5 196 10 171 11 162 22 180 2 13 65 29 82 2 6 185 25 187 2 28 14 30 13
36 2 4 68 21 76 4 5 150 10 174 11 165 22 202 2 4 64 21 72 2 1 115 9 144 4 2 113 17 108 20 100 26 131 2 12 176 22 177 3 3 49 5 68 30 51 3 8 15 12 16 30 18 2 6 92 28 85 2 15 10 16 9 3 2 36 5 40 7 42 3 7 90 20 102 23 80 2 4 55 6 52 3 6 127 7 105 23 115 2 12 139 22 155 2 9 119 21 119 3 11 90 23 108 26 86 2 13 80 27 80 2 12 154 22 139 2 19 145 26 147 2 1 142 9 142 3 2 1 13 1 17 1 3 5 121 14 136 23 104 3 15 69 16 89 17 80 3 16 66 17 83 19 66 3 16 164 18 159 28 170 2 13 86 27 100 3 18 39 19 39 24 37 2 2 9 20 10 2 21 145 25 147 3 2 216 19 160 24 210 3 5 108 22 81 30 81 4 5 196 10 171 11 162 22 180 2 13 65 29 82 2 6 185 25 187 2 28 14 30 13
33 3 3 63 5 50 30 51 2 1 148 9 145 3 8 19 12 17 30 14 4 2 94 17 102 20 104 26 92 3 8 16 12 20 30 17 3 5 104 22 111 30 94 2 4 63 21 69 2 1 133 9 152 2 28 16 30 16 3 2 165 19 204 24 219 3 6 105 7 112 23 115 2 15 8 16 9 3 2 36 5 40 7 33 3 2 1 13 1 17 1 3 18 41 19 43 24 39 2 4 61 6 44 3 16 132 18 151 28 175 3 7 96 20 75 23 85 2 9 103 21 85 2 21 138 25 137 4 5 146 10 152 11 203 22 202 3 11 105 23 109 26 111 3 5 123 14 102 23 127 2 12 146 22 164 2 6 93 28 91 3 15 92 16 86 17 101 2 13 95 27 100 3 16 69 17 92 19 68 3 11 108 23 81 26 96 2 2 9 20 9 2 6 212 25 185 2 13 74 29 70 2 19 166 26 165
33 3 3 63 5 50 30 51 2 1 148 9 145 3 8 19 12 17 30 14 4 2 94 17 102 20 104 26 92 3 8 16 12 20 30 17 3 5 104 22 111 30 94 2 4 63 21 69 2 1 133 9 152 2 28 16 30 16 3 2 165 19 204 24 219 3 6 105 7 112 23 115 2 15 8 16 9 3 2 36 5 40 7 33 3 2 1 13 1 17 1 3 18 41 19 43 24 39 2 4 61 6 44 3 16 132 18 151 28 175 3 7 96 20 75 23 85 2 9 103 21 85 2 21 138 25 137 4 5 146 10 152 11 203 22 202 3 11 105 23 109 26 111 3 5 123 14 102 23 127 2 12 146 22 164 2 6 93 28 91 3 15 92 16 86 17 101 2 13 95 27 100 3 16 69 17 92 19 68 3 11 108 23 81 26 96 2 2 9 20 9 2 6 212 25 185 2 13 74 29 70 2 19 166 26 165
33 2 1 124 9 114 3 5 85 22 110 30 111 3 7 102 20 74 23 109 4 2 110 17 108 20 106 26 89 2 12 201 22 155 4 2 129 17 90 20 124 26 114 2 9 96 21 106 3 3 57 5 67 30 53 3 16 75 17 90 19 84 2 4 61 21 73 3 2 47 5 33 7 47 2 4 51 6 49 4 5 196 10 159 11 174 22 172 3 8 18 12 13 30 19 2 21 145 25 138 3 11 94 23 81 26 77 3 15 95 16 95 17 88 4 2 110 17 119 20 92 26 88 3 2 1 13 1 17 1 2 28 16 30 13 3 18 34 19 39 24 41 2 2 9 20 8 2 6 81 28 93 3 6 136 7 137 23 129 3 5 120 14 137 23 124 2 4 60 6 54 2 15 10 16 9 3 16 151 18 126 28 135 3 2 228 19 208 24 194 2 6 201 25 168 2 19 155 26 150 2 13 92 27 81 2 13 70 29 76
33 2 1 124 9 114 3 5 85 22 110 30 111 3 7 102 20 74 23 109 4 2 110 17 108 20 106 26 89 2 12 201 22 155 4 2 129 17 90 20 124 26 114 2 9 96 21 106 3 3 57 5 67 30 53 3 16 75 17 90 19 84 2 4 61 21 73 3 2 47 5 33 7 47 2 4 51 6 49 4 5 196 10 159 11 174 22 172 3 8 18 12 13 30 19 2 21 145 25 138 3 11 94 23 81 26 77 3 15 95 16 95 17 88 4 2 110 17 119 20 92 26 88 3 2 1 13 1 17 1 2 28 16 30 13 3 18 34 19 39 24 41 2 2 9 20 8 2 6 81 28 93 3 6 136 7 137 23 129 3 5 120 14 137 23 124 2 4 60 6 54 2 15 10 16 9 3 16 151 18 126 28 135 3 2 228 19 208 24 194 2 6 201 25 168 2 19 155 26 150 2 13 92 27 81 2 13 70 29 76
35 2 2 9 20 10 2 21 132 25 123 2 1 119 9 115 2 21 151 25 143 4 2 115 17 98 20 118 26 89 2 2 10 20 10 3 18 31 19 44 24 40 3 3 62 5 63 30 68 2 4 77 21 66 3 2 41 5 47 7 34 3 5 111 14 116 23 134 2 4 55 6 50 3 3 47 5 49 30 69 3 7 101 20 109 23 110 3 8 16 12 15 30 16 2 9 83 21 82 3 8 16 12 17 30 18 4 5 186 10 165 11 148 22 176 3 16 94 17 69 19 72 3 11 84 23 99 26 109 2 12 197 22 196 3 2 1 13 1 17 1 2 15 10 16 10 3 15 96 16 100 17 89 3 16 148 18 151 28 174 3 5 104 22 102 30 108 2 28 14 30 14 2 21 118 25 109 3 6 116 7 143 23 125 3 2 180 19 197 24 180 2 13 77 27 100 2 6 179 25 180 2 6 86 28 72 2 13 69 29 76 2 19 176 26 145
36 2 1 160 9 138 3 5 100 22 92 30 112 4 2 110 17 130 20 92 26 100 3 3 60 5 49 30 70 2 4 74 21 64 3 2 218 19 213 24 211 3 2 35 5 35 7 41 3 2 1 13 1 17 1 2 4 53 6 48 2 1 116 9 119 3 7 88 20 83 23 101 3 2 1 13 1 17 1 3 8 14 12 19 30 14 4 5 200 10 186 11 182 22 196 2 4 52 6 57 2 9 98 21 111 3 11 85 23 79 26 78 2 12 150 22 140 3 5 102 14 124 23 114 2 13 76 27 86 3 16 181 18 143 28 171 3 18 32 19 30 24 35 2 28 13 30 15 2 6 182 25 195 3 7 109 20 93 23 84 2 15 8 16 10 3 5 136 14 100 23 109 3 6 126 7 130 23 119 3 16 89 17 69 19 88 3 15 83 16 78 17 100 2 2 8 20 11 2 12 174 22 160 2 13 68 29 74 2 21 135 25 128 2 19 168 26 173 2 6 76 28 95
33 2 1 121 9 130 4 2 124 17 109 20 111 26 127 3 3 69 5 56 30 65 3 16 155 18 180 28 171 2 4 62 21 56 3 2 40 5 39 7 44 3 16 74 17 89 19 65 2 1 157 9 143 2 19 178 26 125 2 4 54 6 59 3 2 1 13 1 17 1 3 7 89 20 103 23 94 3 8 16 12 18 30 18 2 9 93 21 89 4 5 189 10 143 11 140 22 140 2 15 7 16 10 3 11 94 23 86 26 108 2 12 203 22 158 3 5 131 14 128 23 94 3 15 96 16 85 17 98 3 18 34 19 36 24 38 3 7 86 20 76 23 87 2 2 10 20 9 2 21 126 25 147 2 6 201 25 177 2 28 17 30 13 3 5 90 22 112 30 79 3 6 133 7 130 23 98 3 2 184 19 230 24 203 2 13 92 27 77 2 15 7 16 9 2 6 92 28 82 2 13 84 29 82
36 2 1 137 9 164 4 2 125 17 128 20 109 26 93 2 1 153 9 123 3 3 53 5 62 30 50 2 4 74 21 61 3 15 99 16 94 17 72 3 16 153 18 182 28 150 3 15 75 16 89 17 70 3 2 42 5 45 7 43 2 4 57 6 55 3 15 98 16 71 17 69 3 7 99 20 97 23 99 2 6 203 25 208 2 12 183 22 188 3 8 15 12 18 30 15 4 2 104 17 113 20 125 26 97 2 9 89 21 103 3 2 173 19 235 24 183 4 5 158 10 155 11 160 22 175 3 11 81 23 91 26 102 3 5 79 22 111 30 95 2 21 129 25 126 3 2 1 13 1 17 1 3 16 157 18 140 28 139 2 28 15 30 13 2 2 11 20 8 2 15 8 16 9 3 5 110 14 111 23 125 3 6 97 7 105 23 137 3 16 82 17 81 19 70 3 18 38 19 36 24 31 2 19 178 26 140 2 13 89 27 87 4 2 103 17 108 20 88 26 116 2 6 73 28 77 2 13 80 29 74
35 2 1 146 9 114 4 2 94 17 122 20 110 26 121 3 3 58 5 47 30 62 2 4 60 21 76 3 7 105 20 89 23 88 3 2 44 5 47 7 44 2 4 62 6 55 3 8 19 12 14 30 16 4 5 155 10 198 11 170 22 139 2 9 93 21 99 3 16 91 17 77 19 87 2 13 89 27 100 3 11 81 23 89 26 81 3 16 154 18 155 28 154 2 6 207 25 190 3 16 166 18 155 28 135 2 6 90 28 82 2 13 98 27 91 2 12 180 22 163 3 2 1 13 1 17 1 3 5 96 14 106 23 97 2 15 8 16 10 2 21 118 25 119 3 15 101 16 79 17 86 3 8 16 12 14 30 14 3 18 42 19 30 24 31 2 21 118 25 132 2 2 9 20 9 3 5 112 22 102 30 105 2 19 178 26 123 3 6 132 7 99 23 100 3 2 207 19 191 24 236 2 28 14 30 16 3 5 83 22 92 30 93 2 13 68 29 69
35 2 1 146 9 114 4 2 94 17 122 20 110 26 121 3 3 58 5 47 30 62 2 4 60 21 76 3 7 105 20 89 23 88 3 2 44 5 47 7 44 2 4 62 6 55 3 8 19 12 14 30 16 4 5 155 10 198 11 170 22 139 2 9 93 21 99 3 16 91 17 77 19 87 2 13 89 27 100 3 11 81 23 89 26 81 3 16 154 18 155 28 154 2 6 207 25 190 3 16 166 18 155 28 135 2 6 90 28 82 2 13 98 27 91 2 12 180 22 163 3 2 1 13 1 17 1 3 5 96 14 106 23 97 2 15 8 16 10 2 21 118 25 119 3 15 101 16 79 17 86 3 8 16 12 14 30 14 3 18 42 19 30 24 31 2 21 118 25 132 2 2 9 20 9 3 5 112 22 102 30 105 2 19 178 26 123 3 6 132 7 99 23 100 3 2 207 19 191 24 236 2 28 14 30 16 3 5 83 22 92 30 93 2 13 68 29 69
34 2 1 126 9 122 4 2 97 17 102 20 108 26 131 3 8 16 12 16 30 18 3 3 66 5 68 30 63 2 4 68 21 73 3 2 38 5 39 7 40 2 4 60 6 48 3 7 87 20 102 23 84 2 9 95 21 82 2 6 200 25 164 4 5 155 10 148 11 146 22 187 3 11 98 23 88 26 91 2 4 47 6 49 3 2 189 19 235 24 174 2 12 147 22 192 2 9 84 21 112 3 2 1 13 1 17 1 2 13 98 27 93 3 18 36 19 32 24 31 3 5 130 14 129 23 127 2 6 92 28 93 3 8 15 12 18 30 18 2 19 153 26 144 3 18 41 19 40 24 31 3 16 93 17 93 19 87 2 15 10 16 10 3 15 86 16 98 17 95 2 2 9 20 8 3 16 171 18 143 28 124 2 21 108 25 116 3 5 99 22 85 30 98 3 6 139 7 110 23 115 2 28 14 30 16 2 13 58 29 68
34 2 1 126 9 122 4 2 97 17 102 20 108 26 131 3 8 16 12 16 30 18 3 3 66 5 68 30 63 2 4 68 21 73 3 2 38 5 39 7 40 2 4 60 6 48 3 7 87 20 102 23 84 2 9 95 21 82 2 6 200 25 164 4 5 155 10 148 11 146 22 187 3 11 98 23 88 26 91 2 4 47 6 49 3 2 189 19 235 24 174 2 12 147 22 192 2 9 84 21 112 3 2 1 13 1 17 1 2 13 98 27 93 3 18 36 19 32 24 31 3 5 130 14 129 23 127 2 6 92 28 93 3 8 15 12 18 30 18 2 19 153 26 144 3 18 41 19 40 24 31 3 16 93 17 93 19 87 2 15 10 16 10 3 15 86 16 98 17 95 2 2 9 20 8 3 16 171 18 143 28 124 2 21 108 25 116 3 5 99 22 85 30 98 3 6 139 7 110 23 115 2 28 14 30 16 2 13 58 29 68
34 2 1 126 9 122 4 2 97 17 102 20 108 26 131 3 8 16 12 16 30 18 3 3 66 5 68 30 63 2 4 68 21 73 3 2 38 5 39 7 40 2 4 60 6 48 3 7 87 20 102 23 84 2 9 95 21 82 2 6 200 25 164 4 5 155 10 148 11 146 22 187 3 11 98 23 88 26 91 2 4 47 6 49 3 2 189 19 235 24 174 2 12 147 22 192 2 9 84 21 112 3 2 1 13 1 17 1 2 13 98 27 93 3 18 36 19 32 24 31 3 5 130 14 129 23 127 2 6 92 28 93 3 8 15 12 18 30 18 2 19 153 26 144 3 18 41 19 40 24 31 3 16 93 17 93 19 87 2 15 10 16 10 3 15 86 16 98 17 95 2 2 9 20 8 3 16 171 18 143 28 124 2 21 108 25 116 3 5 99 22 85 30 98 3 6 139 7 110 23 115 2 28 14 30 16 2 13 58 29 68
36 2 1 132 9 156 4 2 102 17 129 20 103 26 109 2 1 130 9 129 3 3 54 5 47 30 57 2 4 59 21 64 3 15 93 16 86 17 88 3 16 173 18 170 28 166 3 15 89 16 79 17 76 3 2 45 5 44 7 48 2 4 56 6 45 3 15 85 16 70 17 68 3 7 85 20 108 23 91 2 6 225 25 181 2 12 181 22 148 3 8 17 12 15 30 18 4 2 104 17 123 20 117 26 127 2 9 107 21 105 3 2 229 19 185 24 232 4 5 159 10 162 11 199 22 149 3 11 93 23 107 26 105 3 5 104 22 93 30 107 2 21 133 25 111 3 2 1 13 1 17 1 3 16 181 18 127 28 165 2 28 16 30 14 2 2 11 20 8 2 15 7 16 9 3 5 125 14 136 23 108 3 6 128 7 133 23 130 3 16 65 17 68 19 85 3 18 39 19 34 24 41 2 19 150 26 139 2 13 80 27 74 4 2 98 17 128 20 113 26 110 2 6 74 28 101 2 13 70 29 74
36 2 1 132 9 156 4 2 102 17 129 20 103 26 109 2 1 130 9 129 3 3 54 5 47 30 57 2 4 59 21 64 3 15 93 16 86 17 88 3 16 173 18 170 28 166 3 15 89 16 79 17 76 3 2 45 5 44 7 48 2 4 56 6 45 3 15 85 16 70 17 68 3 7 85 20 108 23 91 2 6 225 25 181 2 12 181 22 148 3 8 17 12 15 30 18 4 2 104 17 123 20 117 26 127 2 9 107 21 105 3 2 229 19 185 24 232 4 5 159 10 162 11 199 22 149 3 11 93 23 107 26 105 3 5 104 22 93 30 107 2 21 133 25 111 3 2 1 13 1 17 1 3 16 181 18 127 28 165 2 28 16 30 14 2 2 11 20 8 2 15 7 16 9 3 5 125 14 136 23 108 3 6 128 7 133 23 130 3 16 65 17 68 19 85 3 18 39 19 34 24 41 2 19 150 26 139 2 13 80 27 74 4 2 98 17 128 20 113 26 110 2 6 74 28 101 2 13 70 29 74
36 3 5 121 14 134 23 115 2 21 110 25 139 3 5 128 14 114 23 135 2 1 152 9 152 3 8 14 12 13 30 18 3 7 84 20 79 23 76 3 8 18 12 15 30 19 3 16 77 17 74 19 85 2 21 118 25 135 4 2 116 17 94 20 91 26 98 3 3 69 5 59 30 69 2 1 116 9 140 2 4 62 21 74 3 2 36 5 34 7 35 2 4 59 21 59 3 16 150 18 138 28 146 2 4 57 6 53 2 9 104 21 100 4 5 162 10 150 11 200 22 166 3 11 102 23 84 26 99 2 12 165 22 164 3 2 1 13 1 17 1 2 15 8 16 8 3 15 90 16 96 17 79 3 18 38 19 35 24 37 3 2 160 19 194 24 159 2 2 11 20 11 3 6 123 7 139 23 141 3 5 108 22 87 30 94 2 19 143 26 130 2 6 222 25 179 2 1 138 9 120 2 13 96 27 87 2 6 76 28 68 2 13 63 29 71 2 28 13 30 13
36 2 1 152 9 120 4 2 96 17 114 20 110 26 88 2 1 151 9 149 3 3 69 5 61 30 51 2 4 61 21 53 3 15 73 16 88 17 89 3 16 184 18 147 28 166 3 15 74 16 97 17 82 3 2 39 5 36 7 47 2 4 58 6 63 3 15 74 16 68 17 82 3 7 79 20 93 23 92 2 6 162 25 185 2 12 145 22 167 3 8 16 12 14 30 15 4 2 119 17 118 20 109 26 106 2 9 96 21 98 3 2 175 19 234 24 190 4 5 181 10 183 11 155 22 158 3 11 89 23 88 26 85 3 5 109 22 99 30 79 2 21 139 25 144 3 2 1 13 1 17 1 3 16 149 18 159 28 154 2 28 12 30 14 2 2 10 20 10 2 15 9 16 10 3 5 124 14 109 23 131 3 6 123 7 128 23 118 3 16 69 17 72 19 67 3 18 39 19 43 24 34 2 19 160 26 133 2 13 101 27 90 4 2 130 17 96 20 129 26 94 2 6 84 28 77 2 13 58 29 63
35 2 1 144 9 135 4 2 113 17 94 20 124 26 99 3 3 57 5 49 30 48 2 4 72 21 76 3 7 97 20 106 23 98 3 2 48 5 46 7 35 2 4 48 6 46 3 8 16 12 16 30 18 4 5 174 10 177 11 148 22 155 2 9 86 21 98 3 16 73 17 83 19 79 2 13 70 27 98 3 11 99 23 85 26 85 3 16 174 18 144 28 153 2 6 215 25 170 3 16 138 18 153 28 180 2 6 69 28 95 2 13 101 27 76 2 12 202 22 156 3 2 1 13 1 17 1 3 5 106 14 94 23 114 2 15 10 16 8 2 21 121 25 138 3 15 78 16 69 17 76 3 8 14 12 16 30 19 3 18 37 19 40 24 42 2 21 146 25 132 2 2 9 20 9 3 5 112 22 93 30 78 2 19 179 26 147 3 6 124 7 123 23 115 3 2 198 19 232 24 178 2 28 15 30 13 3 5 100 22 96 30 112 2 13 66 29 62
35 2 2 11 20 8 2 21 144 25 114 2 1 113 9 149 2 21 135 25 123 4 2 96 17 104 20 103 26 123 2 2 9 20 11 3 18 30 19 33 24 39 3 3 63 5 68 30 63 2 4 54 21 69 3 2 39 5 42 7 46 3 5 125 14 125 23 123 2 4 47 6 63 3 3 70 5 65 30 57 3 7 77 20 106 23 87 3 8 17 12 14 30 14 2 9 102 21 92 3 8 15 12 15 30 16 4 5 157 10 169 11 170 22 186 3 16 66 17 92 19 87 3 11 78 23 107 26 111 2 12 148 22 181 3 2 1 13 1 17 1 2 15 10 16 9 3 15 82 16 68 17 75 3 16 151 18 133 28 143 3 5 97 22 111 30 93 2 28 17 30 15 2 21 120 25 121 3 6 121 7 106 23 115 3 2 167 19 160 24 203 2 13 95 27 93 2 6 187 25 180 2 6 69 28 76 2 13 79 29 61 2 19 179 26 134
34 2 1 154 9 131 4 2 102 17 121 20 121 26 104 3 3 48 5 63 30 61 3 11 98 23 79 26 113 2 4 74 21 52 3 2 36 5 39 7 36 4 2 122 17 96 20 94 26 103 2 4 48 6 44 3 15 93 16 98 17 100 2 6 170 25 196 4 2 116 17 99 20 90 26 114 3 7 91 20 94 23 109 3 8 15 12 14 30 17 2 6 101 28 82 2 9 89 21 117 2 15 9 16 8 4 5 190 10 192 11 176 22 201 3 5 109 22 80 30 89 2 12 179 22 145 3 2 1 13 1 17 1 3 16 163 18 168 28 159 3 5 129 14 116 23 100 2 21 118 25 143 3 16 88 17 72 19 87 3 2 1 13 1 17 1 3 18 35 19 37 24 39 3 6 139 7 125 23 105 3 11 85 23 88 26 86 2 2 9 20 10 2 13 75 27 70 3 2 162 19 206 24 234 2 19 141 26 170 2 13 68 29 63 2 28 16 30 17
34 2 1 154 9 131 4 2 102 17 121 20 121 26 104 3 3 48 5 63 30 61 3 11 98 23 79 26 113 2 4 74 21 52 3 2 36 5 39 7 36 4 2 122 17 96 20 94 26 103 2 4 48 6 44 3 15 93 16 98 17 100 2 6 170 25 196 4 2 116 17 99 20 90 26 114 3 7 91 20 94 23 109 3 8 15 12 14 30 17 2 6 101 28 82 2 9 89 21 117 2 15 9 16 8 4 5 190 10 192 11 176 22 201 3 5 109 22 80 30 89 2 12 179 22 145 3 2 1 13 1 17 1 3 16 163 18 168 28 159 3 5 129 14 116 23 100 2 21 118 25 143 3 16 88 17 72 19 87 3 2 1 13 1 17 1 3 18 35 19 37 24 39 3 6 139 7 125 23 105 3 11 85 23 88 26 86 2 2 9 20 10 2 13 75 27 70 3 2 162 19 206 24 234 2 19 141 26 170 2 13 68 29 63 2 28 16 30 17
35 2 1 152 9 162 3 8 16 12 15 30 17 4 5 190 10 199 11 177 22 143 3 5 90 22 93 30 79 4 5 192 10 205 11 208 22 169 3 16 131 18 152 28 165 4 2 130 17 131 20 90 26 94 3 3 55 5 64 30 56 2 4 55 21 58 3 2 33 5 48 7 44 2 4 61 6 56 2 21 146 25 121 3 3 68 5 56 30 68 2 19 161 26 173 3 7 105 20 80 23 94 4 5 169 10 147 11 162 22 200 3 18 38 19 36 24 41 2 6 88 28 73 2 9 90 21 87 2 1 113 9 119 3 11 107 23 108 26 82 2 12 167 22 190 2 6 235 25 175 3 2 1 13 1 17 1 3 5 113 14 123 23 109 3 16 90 17 75 19 65 2 15 10 16 9 3 15 76 16 77 17 76 3 5 81 22 104 30 78 2 2 11 20 8 3 6 124 7 134 23 117 3 2 183 19 212 24 200 2 13 80 29 78 2 13 98 27 80 2 28 16 30 15
35 2 1 112 9 140 3 8 15 12 20 30 18 4 5 155 10 202 11 145 22 155 3 5 83 22 95 30 82 4 5 141 10 143 11 195 22 178 3 16 132 18 127 28 138 4 2 128 17 117 20 114 26 93 3 3 56 5 60 30 52 2 4 66 21 77 3 2 38 5 45 7 34 2 4 55 6 47 2 21 106 25 143 3 3 51 5 49 30 56 2 19 122 26 133 3 7 99 20 74 23 106 4 5 146 10 186 11 177 22 166 3 18 41 19 31 24 44 2 6 81 28 101 2 9 83 21 119 2 1 153 9 128 3 11 94 23 104 26 91 2 12 168 22 180 2 6 173 25 224 3 2 1 13 1 17 1 3 5 96 14 104 23 124 3 16 72 17 89 19 74 2 15 9 16 9 3 15 101 16 89 17 100 3 5 90 22 95 30 92 2 2 11 20 11 3 6 124 7 137 23 110 3 2 182 19 230 24 207 2 13 71 29 69 2 13 97 27 71 2 28 12 30 14
35 2 1 137 9 152 4 2 98 17 91 20 114 26 118 3 3 49 5 53 30 70 2 4 66 21 68 3 7 78 20 90 23 85 3 2 33 5 35 7 33 2 4 42 6 57 3 8 20 12 20 30 19 4 5 155 10 198 11 144 22 173 2 9 95 21 86 3 16 91 17 74 19 91 2 13 71 27 89 3 11 86 23 81 26 113 3 16 150 18 161 28 180 2 6 222 25 231 3 16 155 18 173 28 169 2 6 100 28 100 2 13 92 27 97 2 12 184 22 182 3 2 1 13 1 17 1 3 5 99 14 99 23 133 2 15 7 16 8 2 21 117 25 128 3 15 82 16 92 17 101 3 8 14 12 18 30 14 3 18 42 19 35 24 32 2 21 135 25 112 2 2 8 20 11 3 5 101 22 83 30 104 2 19 137 26 143 3 6 97 7 142 23 136 3 2 231 19 209 24 216 2 28 14 30 16 3 5 91 22 82 30 109 2 13 69 29 83
33 2 13 58 29 61 2 19 137 26 176 2 13 57 29 84 2 1 160 9 151 2 13 63 29 77 2 12 189 22 145 4 2 115 17 103 20 105 26 89 3 3 49 5 68 30 47 2 4 76 21 56 3 2 37 5 32 7 34 2 4 55 6 50 3 7 98 20 100 23 87 3 11 87 23 82 26 103 3 8 16 12 16 30 15 2 9 92 21 87 4 5 206 10 192 11 206 22 188 2 21 118 25 117 3 2 1 13 1 17 1 2 13 88 27 85 3 2 200 19 229 24 230 2 6 97 28 101 3 5 114 14 122 23 112 2 15 9 16 9 3 6 143 7 102 23 126 3 15 101 16 100 17 99 3 5 85 22 91 30 93 3 16 69 17 86 19 93 3 5 81 22 102 30 104 3 18 31 19 40 24 41 3 16 147 18 179 28 147 2 2 8 20 8 2 6 211 25 234 2 28 12 30 17
33 2 13 58 29 61 2 19 137 26 176 2 13 57 29 84 2 1 160 9 151 2 13 63 29 77 2 12 189 22 145 4 2 115 17 103 20 105 26 89 3 3 49 5 68 30 47 2 4 76 21 56 3 2 37 5 32 7 34 2 4 55 6 50 3 7 98 20 100 23 87 3 11 87 23 82 26 103 3 8 16 12 16 30 15 2 9 92 21 87 4 5 206 10 192 11 206 22 188 2 21 118 25 117 3 2 1 13 1 17 1 2 13 88 27 85 3 2 200 19 229 24 230 2 6 97 28 101 3 5 114 14 122 23 112 2 15 9 16 9 3 6 143 7 102 23 126 3 15 101 16 100 17 99 3 5 85 22 91 30 93 3 16 69 17 86 19 93 3 5 81 22 102 30 104 3 18 31 19 40 24 41 3 16 147 18 179 28 147 2 2 8 20 8 2 6 211 25 234 2 28 12 30 17
33 2 13 58 29 61 2 19 137 26 176 2 13 57 29 84 2 1 160 9 151 2 13 63 29 77 2 12 189 22 145 4 2 115 17 103 20 105 26 89 3 3 49 5 68 30 47 2 4 76 21 56 3 2 37 5 32 7 34 2 4 55 6 50 3 7 98 20 100 23 87 3 11 87 23 82 26 103 3 8 16 12 16 30 15 2 9 92 21 87 4 5 206 10 192 11 206 22 188 2 21 118 25 117 3 2 1 13 1 17 1 2 13 88 27 85 3 2 200 19 229 24 230 2 6 97 28 101 3 5 114 14 122 23 112 2 15 9 16 9 3 6 143 7 102 23 126 3 15 101 16 100 17 99 3 5 85 22 91 30 93 3 16 69 17 86 19 93 3 5 81 22 102 30 104 3 18 31 19 40 24 41 3 16 147 18 179 28 147 2 2 8 20 8 2 6 211 25 234 2 28 12 30 17
35 2 1 130 9 138 3 8 13 12 18 30 16 4 5 206 10 182 11 196 22 168 3 5 112 22 99 30 88 4 5 145 10 179 11 142 22 156 3 16 136 18 133 28 177 4 2 104 17 111 20 97 26 106 3 3 52 5 51 30 68 2 4 59 21 60 3 2 46 5 41 7 35 2 4 42 6 46 2 21 137 25 150 3 3 54 5 58 30 51 2 19 148 26 164 3 7 84 20 79 23 109 4 5 180 10 154 11 153 22 145 3 18 37 19 40 24 34 2 6 98 28 87 2 9 97 21 103 2 1 135 9 140 3 11 108 23 107 26 106 2 12 181 22 193 2 6 168 25 229 3 2 1 13 1 17 1 3 5 110 14 109 23 103 3 16 87 17 86 19 90 2 15 8 16 9 3 15 94 16 81 17 84 3 5 79 22 110 30 79 2 2 9 20 10 3 6 111 7 107 23 101 3 2 214 19 231 24 169 2 13 63 29 62 2 13 101 27 70 2 28 16 30 13
35 2 2 9 20 10 2 21 120 25 130 2 1 135 9 151 2 21 108 25 114 4 2 129 17 131 20 117 26 106 2 2 8 20 8 3 18 37 19 33 24 38 3 3 56 5 66 30 52 2 4 74 21 63 3 2 48 5 33 7 39 3 5 115 14 116 23 103 2 4 47 6 59 3 3 49 5 54 30 70 3 7 101 20 88 23 104 3 8 18 12 20 30 19 2 9 118 21 95 3 8 17 12 14 30 18 4 5 196 10 154 11 194 22 143 3 16 64 17 74 19 92 3 11 84 23 83 26 91 2 12 176 22 156 3 2 1 13 1 17 1 2 15 7 16 8 3 15 95 16 96 17 83 3 16 146 18 133 28 154 3 5 102 22 102 30 94 2 28 14 30 16 2 21 145 25 140 3 6 132 7 132 23 117 3 2 197 19 186 24 214 2 13 94 27 89 2 6 182 25 170 2 6 70 28 74 2 13 66 29 84 2 19 173 26 139
36 3 5 135 14 114 23 95 2 21 126 25 146 3 5 98 14 116 23 134 2 1 137 9 131 3 8 16 12 19 30 13 3 7 88 20 92 23 100 3 8 14 12 20 30 18 3 16 69 17 74 19 88 2 21 120 25 118 4 2 107 17 92 20 89 26 126 3 3 53 5 50 30 56 2 1 155 9 135 2 4 63 21 75 3 2 37 5 35 7 34 2 4 55 21 55 3 16 161 18 155 28 140 2 4 51 6 43 2 9 115 21 96 4 5 167 10 162 11 162 22 171 3 11 77 23 112 26 97 2 12 181 22 164 3 2 1 13 1 17 1 2 15 9 16 9 3 15 89 16 86 17 76 3 18 37 19 34 24 43 3 2 220 19 212 24 218 2 2 10 20 9 3 6 107 7 130 23 124 3 5 76 22 102 30 113 2 19 122 26 154 2 6 185 25 166 2 1 166 9 151 2 13 93 27 79 2 6 85 28 99 2 13 82 29 57 2 28 16 30 17
32 2 1 137 9 132 4 2 110 17 105 20 118 26 118 3 3 59 5 59 30 58 2 4 52 21 63 3 2 40 5 36 7 47 2 4 53 6 61 3 7 92 20 92 23 108 3 8 14 12 17 30 16 2 9 101 21 85 4 5 184 10 197 11 180 22 174 3 11 80 23 89 26 77 2 6 95 28 96 2 12 146 22 190 3 2 1 13 1 17 1 3 5 105 14 129 23 108 2 15 10 16 7 3 15 75 16 82 17 78 2 21 115 25 127 3 16 66 17 73 19 93 3 16 178 18 124 28 143 3 18 31 19 36 24 42 2 2 8 20 8 3 5 93 22 90 30 100 3 6 134 7 130 23 119 3 7 79 20 86 23 106 3 2 170 19 223 24 172 2 6 169 25 229 2 19 139 26 141 2 6 85 28 87 2 13 89 27 76 2 28 13 30 16 2 13 79 29 64
33 3 16 166 18 156 28 135 2 1 150 9 149 4 2 125 17 95 20 126 26 113 3 3 58 5 63 30 53 4 2 105 17 109 20 111 26 108 2 4 77 21 61 3 2 44 5 38 7 49 2 4 47 6 58 4 2 92 17 129 20 126 26 95 3 7 88 20 88 23 90 3 8 19 12 18 30 14 2 9 86 21 119 3 15 73 16 81 17 80 2 15 9 16 9 3 18 34 19 34 24 41 4 5 156 10 204 11 205 22 180 3 11 97 23 108 26 105 2 12 157 22 139 2 13 95 27 94 3 2 1 13 1 17 1 3 5 125 14 135 23 105 3 16 68 17 89 19 88 2 2 8 20 9 2 21 145 25 128 4 5 150 10 149 11 202 22 171 2 6 97 28 79 3 5 90 22 87 30 105 2 28 17 30 15 2 6 171 25 194 3 6 115 7 121 23 106 3 2 187 19 195 24 172 2 19 169 26 139 2 13 79 29 81
39 2 1 127 9 124 2 21 113 25 148 4 2 88 17 105 20 98 26 108 2 21 121 25 118 3 8 19 12 16 30 17 3 3 49 5 56 30 61 3 2 176 19 162 24 217 2 4 61 21 54 2 1 114 9 118 3 2 33 5 34 7 36 2 4 44 6 43 2 2 9 20 11 3 3 47 5 52 30 59 3 7 107 20 103 23 79 4 2 116 17 119 20 119 26 129 2 9 86 21 113 2 19 146 26 169 2 4 54 21 58 4 5 174 10 179 11 141 22 154 3 11 78 23 115 26 110 2 12 139 22 158 3 2 1 13 1 17 1 3 5 96 14 116 23 124 2 28 12 30 17 2 6 94 28 69 3 5 109 22 103 30 96 2 6 74 28 100 3 15 101 16 72 17 101 2 15 10 16 7 3 18 41 19 37 24 42 2 4 53 6 63 3 16 84 17 66 19 70 4 2 101 17 94 20 92 26 109 2 13 72 27 74 2 6 187 25 190 3 16 160 18 183 28 132 3 3 52 5 62 30 67 3 6 97 7 101 23 105 2 13 65 29 65
35 2 2 10 20 11 2 21 137 25 106 2 1 134 9 155 2 21 140 25 115 4 2 125 17 109 20 109 26 117 2 2 9 20 9 3 18 29 19 38 24 30 3 3 49 5 51 30 47 2 4 73 21 70 3 2 48 5 33 7 33 3 5 119 14 122 23 97 2 4 58 6 54 3 3 58 5 51 30 55 3 7 90 20 104 23 75 3 8 14 12 19 30 15 2 9 109 21 88 3 8 17 12 20 30 14 4 5 189 10 154 11 169 22 144 3 16 72 17 80 19 82 3 11 80 23 84 26 96 2 12 150 22 167 3 2 1 13 1 17 1 2 15 10 16 10 3 15 71 16 76 17 84 3 16 134 18 174 28 135 3 5 92 22 88 30 111 2 28 16 30 13 2 21 137 25 101 3 6 110 7 143 23 116 3 2 221 19 211 24 221 2 13 87 27 77 2 6 182 25 223 2 6 77 28 100 2 13 63 29 80 2 19 175 26 146
35 2 2 10 20 11 2 21 137 25 106 2 1 134 9 155 2 21 140 25 115 4 2 125 17 109 20 109 26 117 2 2 9 20 9 3 18 29 19 38 24 30 3 3 49 5 51 30 47 2 4 73 21 70 3 2 48 5 33 7 33 3 5 119 14 122 23 97 2 4 58 6 54 3 3 58 5 51 30 55 3 7 90 20 104 23 75 3 8 14 12 19 30 15 2 9 109 21 88 3 8 17 12 20 30 14 4 5 189 10 154 11 169 22 144 3 16 72 17 80 19 82 3 11 80 23 84 26 96 2 12 150 22 167 3 2 1 13 1 17 1 2 15 10 16 10 3 15 71 16 76 17 84 3 16 134 18 174 28 135 3 5 92 22 88 30 111 2 28 16 30 13 2 21 137 25 101 3 6 110 7 143 23 116 3 2 221 19 211 24 221 2 13 87 27 77 2 6 182 25 223 2 6 77 28 100 2 13 63 29 80 2 19 175 26 146
36 2 1 123 9 140 3 11 95 23 101 26 96 3 6 104 7 136 23 126 2 1 118 9 125 4 2 124 17 123 20 93 26 131 3 3 52 5 64 30 56 3 6 121 7 100 23 112 2 4 55 21 64 3 2 43 5 41 7 39 2 12 163 22 197 4 2 91 17 94 20 98 26 104 2 13 90 27 88 2 6 80 28 100 3 16 173 18 177 28 125 2 4 47 6 62 3 7 80 20 97 23 78 4 2 124 17 126 20 111 26 129 4 5 175 10 194 11 182 22 164 3 8 15 12 19 30 15 2 9 106 21 110 2 6 167 25 195 3 2 1 13 1 17 1 2 6 210 25 188 3 5 118 14 111 23 124 3 16 87 17 88 19 94 2 6 79 28 89 2 15 8 16 9 2 21 114 25 141 2 13 62 29 79 3 15 73 16 80 17 72 3 18 39 19 36 24 35 2 2 8 20 9 3 5 107 22 100 30 89 3 2 170 19 166 24 212 2 19 150 26 138 2 28 16 30 15
35 2 2 9 20 9 2 21 112 25 143 2 1 138 9 120 2 21 101 25 119 4 2 92 17 96 20 105 26 89 2 2 10 20 9 3 18 33 19 42 24 42 3 3 61 5 70 30 67 2 4 63 21 53 3 2 39 5 46 7 33 3 5 101 14 99 23 114 2 4 45 6 50 3 3 55 5 65 30 66 3 7 102 20 108 23 74 3 8 15 12 19 30 16 2 9 93 21 118 3 8 15 12 18 30 14 4 5 142 10 168 11 177 22 196 3 16 85 17 75 19 74 3 11 86 23 95 26 107 2 12 169 22 165 3 2 1 13 1 17 1 2 15 10 16 7 3 15 96 16 72 17 93 3 16 128 18 158 28 146 3 5 102 22 84 30 112 2 28 13 30 16 2 21 107 25 105 3 6 142 7 125 23 116 3 2 158 19 219 24 176 2 13 100 27 98 2 6 162 25 192 2 6 101 28 85 2 13 84 29 70 2 19 147 26 149
35 2 2 9 20 9 2 21 112 25 143 2 1 138 9 120 2 21 101 25 119 4 2 92 17 96 20 105 26 89 2 2 10 20 9 3 18 33 19 42 24 42 3 3 61 5 70 30 67 2 4 63 21 53 3 2 39 5 46 7 33 3 5 101 14 99 23 114 2 4 45 6 50 3 3 55 5 65 30 66 3 7 102 20 108 23 74 3 8 15 12 19 30 16 2 9 93 21 118 3 8 15 12 18 30 14 4 5 142 10 168 11 177 22 196 3 16 85 17 75 19 74 3 11 86 23 95 26 107 2 12 169 22 165 3 2 1 13 1 17 1 2 15 10 16 7 3 15 96 16 72 17 93 3 16 128 18 158 28 146 3 5 102 22 84 30 112 2 28 13 30 16 2 21 107 25 105 3 6 142 7 125 23 116 3 2 158 19 219 24 176 2 13 100 27 98 2 6 162 25 192 2 6 101 28 85 2 13 84 29 70 2 19 147 26 149
32 2 1 157 9 118 4 2 131 17 129 20 106 26 130 3 3 51 5 67 30 63 2 4 75 21 59 3 2 41 5 34 7 37 2 4 57 6 62 3 7 79 20 74 23 97 3 8 15 12 18 30 16 2 9 97 21 101 4 5 174 10 154 11 185 22 173 3 11 99 23 114 26 86 2 6 95 28 73 2 12 183 22 172 3 2 1 13 1 17 1 3 5 131 14 125 23 104 2 15 10 16 9 3 15 97 16 95 17 92 2 21 140 25 106 3 16 72 17 73 19 88 3 16 155 18 183 28 178 3 18 41 19 36 24 41 2 2 9 20 9 3 5 102 22 112 30 80 3 6 115 7 117 23 111 3 7 95 20 98 23 109 3 2 203 19 166 24 158 2 6 173 25 236 2 19 125 26 149 2 6 88 28 77 2 13 98 27 95 2 28 16 30 13 2 13 62 29 82
DUE_DATES: 3464 3464 3464 3464 3505 3505 3708 4124 4124 4100 4100 3516 3516 3533 3533 3608 3865 3495 3986 3725 3725 3380 3380 3380 4021 4021 3809 3926 3742 3508 3553 3553 3968 3851 3820 3547 3547 3547 3911 3571 3865 3344 3656 3947 3551 3551 4033 3488 3488 3431
WEIGHTS: 2 2 1 1 1 2 3 3 2 1 2 3 1 2 3 1 3 1 1 3 2 2 2 1 1 1 3 3 3 1 1 3 3 1 2 2 3 3 2 3 2 1 2 1 2 3 1 3 2 1
