50 30
31 3 1 132 2 149 23 172 2 2 65 12 59 3 3 139 8 139 23 118 3 9 64 14 58 16 56 2 4 120 27 154 4 3 73 5 85 18 86 27 60 2 6 225 16 189 2 7 237 15 234 2 15 2 16 1 3 10 166 14 159 21 167 3 8 162 18 153 22 177 2 9 135 28 100 2 8 147 26 180 2 6 204 16 163 3 10 48 17 64 23 61 2 10 99 29 95 3 13 103 27 89 30 99 3 11 168 16 217 18 148 3 3 140 12 178 28 171 3 10 50 18 65 25 70 3 21 126 22 103 26 127 1 14 136 2 19 150 27 145 2 18 87 20 100 2 23 78 29 93 2 25 212 30 178 2 21 83 24 68 3 10 72 25 52 29 62 2 11 193 27 178 3 1 131 24 108 28 126 3 7 9 28 11 29 9
31 3 1 132 2 149 23 172 2 2 65 12 59 3 3 139 8 139 23 118 3 9 64 14 58 16 56 2 4 120 27 154 4 3 73 5 85 18 86 27 60 2 6 225 16 189 2 7 237 15 234 2 15 2 16 1 3 10 166 14 159 21 167 3 8 162 18 153 22 177 2 9 135 28 100 2 8 147 26 180 2 6 204 16 163 3 10 48 17 64 23 61 2 10 99 29 95 3 13 103 27 89 30 99 3 11 168 16 217 18 148 3 3 140 12 178 28 171 3 10 50 18 65 25 70 3 21 126 22 103 26 127 1 14 136 2 19 150 27 145 2 18 87 20 100 2 23 78 29 93 2 25 212 30 178 2 21 83 24 68 3 10 72 25 52 29 62 2 11 193 27 178 3 1 131 24 108 28 126 3 7 9 28 11 29 9
39 3 10 60 17 57 23 61 3 10 62 25 71 29 72 3 1 165 2 160 23 185 2 2 83 12 81 3 1 128 2 181 23 182 3 3 114 8 115 23 134 3 10 59 17 49 23 50 2 4 149 27 120 4 3 62 5 58 18 78 27 83 2 6 200 16 202 2 2 62 12 67 3 8 132 18 159 22 164 2 19 116 27 107 2 7 217 15 181 3 10 115 14 156 21 152 2 6 172 16 220 2 9 106 28 139 2 25 233 30 173 3 10 67 25 71 29 57 2 10 83 29 111 3 21 88 22 94 26 128 2 2 78 12 60 3 11 213 16 201 18 197 3 3 169 12 192 28 152 2 11 179 27 176 3 13 103 27 125 30 122 2 10 112 29 113 1 14 135 2 15 2 16 2 3 21 91 22 102 26 90 3 9 63 14 72 16 73 3 10 55 18 63 25 71 2 15 1 16 2 2 18 85 20 95 3 7 9 28 11 29 11 2 23 90 29 97 3 1 94 24 136 28 137 2 8 162 26 175 2 21 79 24 86
39 3 10 60 17 57 23 61 3 10 62 25 71 29 72 3 1 165 2 160 23 185 2 2 83 12 81 3 1 128 2 181 23 182 3 3 114 8 115 23 134 3 10 59 17 49 23 50 2 4 149 27 120 4 3 62 5 58 18 78 27 83 2 6 200 16 202 2 2 62 12 67 3 8 132 18 159 22 164 2 19 116 27 107 2 7 217 15 181 3 10 115 14 156 21 152 2 6 172 16 220 2 9 106 28 139 2 25 233 30 173 3 10 67 25 71 29 57 2 10 83 29 111 3 21 88 22 94 26 128 2 2 78 12 60 3 11 213 16 201 18 197 3 3 169 12 192 28 152 2 11 179 27 176 3 13 103 27 125 30 122 2 10 112 29 113 1 14 135 2 15 2 16 2 3 21 91 22 102 26 90 3 9 63 14 72 16 73 3 10 55 18 63 25 71 2 15 1 16 2 2 18 85 20 95 3 7 9 28 11 29 11 2 23 90 29 97 3 1 94 24 136 28 137 2 8 162 26 175 2 21 79 24 86
39 3 10 60 17 57 23 61 3 10 62 25 71 29 72 3 1 165 2 160 23 185 2 2 83 12 81 3 1 128 2 181 23 182 3 3 114 8 115 23 134 3 10 59 17 49 23 50 2 4 149 27 120 4 3 62 5 58 18 78 27 83 2 6 200 16 202 2 2 62 12 67 3 8 132 18 159 22 164 2 19 116 27 107 2 7 217 15 181 3 10 115 14 156 21 152 2 6 172 16 220 2 9 106 28 139 2 25 233 30 173 3 10 67 25 71 29 57 2 10 83 29 111 3 21 88 22 94 26 128 2 2 78 12 60 3 11 213 16 201 18 197 3 3 169 12 192 28 152 2 11 179 27 176 3 13 103 27 125 30 122 2 10 112 29 113 1 14 135 2 15 2 16 2 3 21 91 22 102 26 90 3 9 63 14 72 16 73 3 10 55 18 63 25 71 2 15 1 16 2 2 18 85 20 95 3 7 9 28 11 29 11 2 23 90 29 97 3 1 94 24 136 28 137 2 8 162 26 175 2 21 79 24 86
37 3 1 173 2 169 23 132 2 2 65 12 61 3 3 118 8 95 23 134 2 2 80 12 76 2 4 111 27 164 3 1 157 2 139 23 167 4 3 62 5 76 18 74 27 62 2 6 205 16 153 2 7 237 15 215 3 9 68 14 67 16 70 3 3 154 12 189 28 145 3 8 133 18 150 22 197 2 23 85 29 86 2 9 124 28 100 2 10 85 29 101 3 11 176 16 188 18 195 2 21 80 24 64 4 3 80 5 65 18 62 27 60 3 13 118 27 112 30 106 3 10 68 18 52 25 58 1 14 111 2 15 2 16 1 3 3 176 12 152 28 188 3 10 61 17 53 23 60 2 19 140 27 117 3 7 10 28 12 29 12 2 25 166 30 221 2 18 86 20 84 2 6 210 16 211 3 10 120 14 154 21 124 2 2 75 12 66 2 8 197 26 172 2 11 174 27 205 3 1 134 24 117 28 124 3 1 131 2 155 23 152 3 21 120 22 101 26 123 3 10 53 25 66 29 65
37 3 1 173 2 169 23 132 2 2 65 12 61 3 3 118 8 95 23 134 2 2 80 12 76 2 4 111 27 164 3 1 157 2 139 23 167 4 3 62 5 76 18 74 27 62 2 6 205 16 153 2 7 237 15 215 3 9 68 14 67 16 70 3 3 154 12 189 28 145 3 8 133 18 150 22 197 2 23 85 29 86 2 9 124 28 100 2 10 85 29 101 3 11 176 16 188 18 195 2 21 80 24 64 4 3 80 5 65 18 62 27 60 3 13 118 27 112 30 106 3 10 68 18 52 25 58 1 14 111 2 15 2 16 1 3 3 176 12 152 28 188 3 10 61 17 53 23 60 2 19 140 27 117 3 7 10 28 12 29 12 2 25 166 30 221 2 18 86 20 84 2 6 210 16 211 3 10 120 14 154 21 124 2 2 75 12 66 2 8 197 26 172 2 11 174 27 205 3 1 134 24 117 28 124 3 1 131 2 155 23 152 3 21 120 22 101 26 123 3 10 53 25 66 29 65
33 3 3 129 8 109 23 137 3 1 149 2 156 23 157 2 2 75 12 62 2 4 118 27 144 4 3 64 5 78 18 79 27 80 2 2 62 12 80 3 10 66 25 51 29 75 2 7 179 15 227 2 19 126 27 122 2 6 216 16 207 3 8 152 18 180 22 162 2 9 126 28 137 2 15 2 16 2 2 10 95 29 96 3 3 166 12 142 28 177 3 13 128 27 88 30 118 3 10 69 18 52 25 70 3 11 166 16 218 18 221 3 8 151 18 134 22 158 2 18 97 20 77 2 23 81 29 108 2 8 142 26 149 1 14 135 2 15 1 16 1 3 9 59 14 62 16 58 3 10 61 17 58 23 62 2 21 61 24 63 3 10 148 14 112 21 116 3 21 122 22 105 26 118 2 11 156 27 197 3 1 130 24 110 28 122 3 7 10 28 10 29 10 2 25 170 30 202
33 3 3 129 8 109 23 137 3 1 149 2 156 23 157 2 2 75 12 62 2 4 118 27 144 4 3 64 5 78 18 79 27 80 2 2 62 12 80 3 10 66 25 51 29 75 2 7 179 15 227 2 19 126 27 122 2 6 216 16 207 3 8 152 18 180 22 162 2 9 126 28 137 2 15 2 16 2 2 10 95 29 96 3 3 166 12 142 28 177 3 13 128 27 88 30 118 3 10 69 18 52 25 70 3 11 166 16 218 18 221 3 8 151 18 134 22 158 2 18 97 20 77 2 23 81 29 108 2 8 142 26 149 1 14 135 2 15 1 16 1 3 9 59 14 62 16 58 3 10 61 17 58 23 62 2 21 61 24 63 3 10 148 14 112 21 116 3 21 122 22 105 26 118 2 11 156 27 197 3 1 130 24 110 28 122 3 7 10 28 10 29 10 2 25 170 30 202
33 3 1 175 2 127 23 142 2 2 66 12 66 3 3 135 8 98 23 101 3 1 112 24 133 28 123 3 10 69 25 72 29 55 2 4 143 27 158 2 15 1 16 2 2 21 66 24 62 2 11 188 27 214 3 10 163 14 153 21 124 2 15 2 16 1 4 3 63 5 71 18 73 27 82 2 6 175 16 177 2 7 178 15 167 3 8 187 18 151 22 190 3 3 136 12 191 28 180 3 13 115 27 101 30 117 2 9 142 28 99 2 19 106 27 149 3 3 126 8 96 23 124 2 10 103 29 101 3 11 191 16 186 18 174 1 14 109 3 9 78 14 74 16 68 3 10 56 17 64 23 64 2 23 109 29 109 3 10 61 18 54 25 60 4 3 74 5 85 18 72 27 77 3 7 10 28 10 29 13 2 18 92 20 99 3 21 120 22 118 26 97 2 8 138 26 157 2 25 178 30 185
33 3 1 175 2 127 23 142 2 2 66 12 66 3 3 135 8 98 23 101 3 1 112 24 133 28 123 3 10 69 25 72 29 55 2 4 143 27 158 2 15 1 16 2 2 21 66 24 62 2 11 188 27 214 3 10 163 14 153 21 124 2 15 2 16 1 4 3 63 5 71 18 73 27 82 2 6 175 16 177 2 7 178 15 167 3 8 187 18 151 22 190 3 3 136 12 191 28 180 3 13 115 27 101 30 117 2 9 142 28 99 2 19 106 27 149 3 3 126 8 96 23 124 2 10 103 29 101 3 11 191 16 186 18 174 1 14 109 3 9 78 14 74 16 68 3 10 56 17 64 23 64 2 23 109 29 109 3 10 61 18 54 25 60 4 3 74 5 85 18 72 27 77 3 7 10 28 10 29 13 2 18 92 20 99 3 21 120 22 118 26 97 2 8 138 26 157 2 25 178 30 185
36 3 3 151 12 145 28 193 3 9 69 14 84 16 72 3 3 145 12 178 28 186 2 8 185 26 148 2 19 128 27 107 3 1 171 2 174 23 160 2 6 218 16 164 2 2 60 12 73 2 6 165 16 205 3 7 12 28 11 29 10 3 9 68 14 67 16 64 3 3 98 8 99 23 141 2 4 113 27 125 4 3 71 5 73 18 69 27 62 2 7 198 15 181 3 10 75 25 51 29 70 3 8 136 18 169 22 136 3 10 161 14 153 21 139 2 9 101 28 102 2 10 95 29 99 3 11 176 16 188 18 196 3 1 109 24 123 28 122 2 19 128 27 148 3 13 87 27 114 30 112 3 10 53 17 58 23 52 2 10 115 29 104 1 14 101 2 15 1 16 1 3 10 51 18 65 25 61 2 21 85 24 73 2 18 88 20 94 3 21 99 22 103 26 117 2 11 184 27 169 2 23 93 29 81 1 14 110 2 25 175 30 161
36 2 21 61 24 67 3 1 148 2 157 23 164 4 3 65 5 68 18 76 27 60 3 10 53 17 50 23 48 2 2 81 12 56 3 8 156 18 176 22 139 3 3 119 8 104 23 137 2 18 96 20 70 2 25 191 30 181 2 2 72 12 63 2 9 122 28 133 3 3 105 8 126 23 137 3 10 71 18 56 25 55 3 10 58 17 63 23 58 2 15 2 16 2 3 10 61 17 55 23 62 2 4 142 27 161 2 19 134 27 123 2 6 193 16 183 2 7 161 15 193 2 23 85 29 97 3 3 114 8 113 23 137 3 11 194 16 188 18 207 2 10 83 29 83 2 11 173 27 151 3 7 10 28 11 29 11 3 3 140 12 149 28 146 3 13 121 27 96 30 96 1 14 144 3 9 68 14 65 16 66 3 10 114 14 161 21 115 3 21 106 22 131 26 109 2 19 106 27 146 3 10 71 25 65 29 64 2 8 164 26 198 3 1 122 24 136 28 106
35 3 1 167 2 181 23 128 2 2 57 12 63 2 15 2 16 2 3 3 99 8 121 23 126 2 4 149 27 153 4 3 63 5 72 18 70 27 68 3 1 158 2 162 23 139 3 7 11 28 9 29 12 2 15 1 16 1 2 6 203 16 154 3 1 181 2 128 23 138 3 1 101 24 128 28 117 2 15 1 16 2 2 7 159 15 200 3 8 174 18 173 22 133 2 9 118 28 136 3 9 60 14 66 16 59 2 10 104 29 81 3 11 207 16 156 18 203 3 3 173 12 184 28 183 2 25 158 30 225 3 13 119 27 111 30 105 1 14 107 3 10 60 17 54 23 63 3 10 68 18 71 25 50 2 19 135 27 150 2 23 113 29 111 2 7 168 15 176 2 21 75 24 63 2 18 71 20 86 3 10 154 14 129 21 124 3 21 91 22 129 26 97 3 10 68 25 66 29 53 2 8 181 26 138 2 11 159 27 158
36 2 21 90 24 67 3 1 172 2 134 23 149 4 3 76 5 60 18 78 27 84 3 10 54 17 64 23 58 2 2 60 12 56 3 8 177 18 151 22 165 3 3 101 8 122 23 110 2 18 89 20 83 2 25 172 30 180 2 2 68 12 82 2 9 137 28 118 3 3 114 8 138 23 123 3 10 57 18 61 25 64 3 10 64 17 46 23 57 2 15 2 16 1 3 10 44 17 63 23 55 2 4 156 27 161 2 19 111 27 146 2 6 219 16 213 2 7 192 15 216 2 23 95 29 84 3 3 132 8 133 23 123 3 11 174 16 193 18 209 2 10 84 29 103 2 11 217 27 170 3 7 9 28 9 29 9 3 3 134 12 133 28 142 3 13 93 27 92 30 105 1 14 100 3 9 73 14 76 16 78 3 10 158 14 124 21 112 3 21 111 22 95 26 116 2 19 105 27 145 3 10 70 25 69 29 57 2 8 169 26 170 3 1 137 24 138 28 122
36 2 21 90 24 67 3 1 172 2 134 23 149 4 3 76 5 60 18 78 27 84 3 10 54 17 64 23 58 2 2 60 12 56 3 8 177 18 151 22 165 3 3 101 8 122 23 110 2 18 89 20 83 2 25 172 30 180 2 2 68 12 82 2 9 137 28 118 3 3 114 8 138 23 123 3 10 57 18 61 25 64 3 10 64 17 46 23 57 2 15 2 16 1 3 10 44 17 63 23 55 2 4 156 27 161 2 19 111 27 146 2 6 219 16 213 2 7 192 15 216 2 23 95 29 84 3 3 132 8 133 23 123 3 11 174 16 193 18 209 2 10 84 29 103 2 11 217 27 170 3 7 9 28 9 29 9 3 3 134 12 133 28 142 3 13 93 27 92 30 105 1 14 100 3 9 73 14 76 16 78 3 10 158 14 124 21 112 3 21 111 22 95 26 116 2 19 105 27 145 3 10 70 25 69 29 57 2 8 169 26 170 3 1 137 24 138 28 122
39 3 1 127 2 168 23 165 2 2 73 12 58 2 9 106 28 121 3 3 141 8 123 23 112 2 9 119 28 102 2 4 146 27 146 2 11 201 27 180 4 3 82 5 78 18 71 27 75 2 6 213 16 180 2 7 197 15 182 3 8 182 18 146 22 153 2 15 1 16 1 2 10 81 29 117 3 3 133 8 111 23 118 3 7 12 28 11 29 11 2 2 65 12 60 3 11 151 16 178 18 189 3 1 182 2 158 23 159 3 3 166 12 191 28 157 3 10 64 25 55 29 73 3 13 125 27 121 30 96 3 11 183 16 198 18 177 3 10 139 14 163 21 113 3 3 109 8 118 23 108 1 14 121 3 9 62 14 65 16 61 4 3 84 5 86 18 58 27 67 3 10 48 17 60 23 59 3 21 93 22 101 26 128 3 10 48 18 67 25 57 2 21 82 24 68 3 1 128 2 141 23 181 2 18 83 20 70 2 19 119 27 147 2 23 104 29 105 2 25 195 30 190 2 8 171 26 201 1 14 108 3 1 97 24 104 28 128
39 3 1 127 2 168 23 165 2 2 73 12 58 2 9 106 28 121 3 3 141 8 123 23 112 2 9 119 28 102 2 4 146 27 146 2 11 201 27 180 4 3 82 5 78 18 71 27 75 2 6 213 16 180 2 7 197 15 182 3 8 182 18 146 22 153 2 15 1 16 1 2 10 81 29 117 3 3 133 8 111 23 118 3 7 12 28 11 29 11 2 2 65 12 60 3 11 151 16 178 18 189 3 1 182 2 158 23 159 3 3 166 12 191 28 157 3 10 64 25 55 29 73 3 13 125 27 121 30 96 3 11 183 16 198 18 177 3 10 139 14 163 21 113 3 3 109 8 118 23 108 1 14 121 3 9 62 14 65 16 61 4 3 84 5 86 18 58 27 67 3 10 48 17 60 23 59 3 21 93 22 101 26 128 3 10 48 18 67 25 57 2 21 82 24 68 3 1 128 2 141 23 181 2 18 83 20 70 2 19 119 27 147 2 23 104 29 105 2 25 195 30 190 2 8 171 26 201 1 14 108 3 1 97 24 104 28 128
37 3 1 137 2 139 23 127 2 2 79 12 57 3 3 141 8 127 23 97 2 2 59 12 69 2 4 157 27 143 3 1 125 2 182 23 161 4 3 80 5 82 18 72 27 82 2 6 203 16 189 2 7 186 15 168 3 9 78 14 68 16 70 3 3 168 12 163 28 191 3 8 143 18 192 22 194 2 23 85 29 103 2 9 120 28 107 2 10 97 29 91 3 11 216 16 164 18 149 2 21 78 24 78 4 3 76 5 81 18 70 27 80 3 13 101 27 110 30 108 3 10 65 18 56 25 62 1 14 103 2 15 2 16 1 3 3 141 12 160 28 175 3 10 64 17 45 23 48 2 19 115 27 141 3 7 9 28 9 29 8 2 25 194 30 197 2 18 72 20 91 2 6 168 16 168 3 10 153 14 151 21 130 2 2 68 12 71 2 8 140 26 158 2 11 210 27 157 3 1 125 24 114 28 138 3 1 159 2 135 23 139 3 21 88 22 114 26 100 3 10 54 25 55 29 57
37 3 1 137 2 139 23 127 2 2 79 12 57 3 3 141 8 127 23 97 2 2 59 12 69 2 4 157 27 143 3 1 125 2 182 23 161 4 3 80 5 82 18 72 27 82 2 6 203 16 189 2 7 186 15 168 3 9 78 14 68 16 70 3 3 168 12 163 28 191 3 8 143 18 192 22 194 2 23 85 29 103 2 9 120 28 107 2 10 97 29 91 3 11 216 16 164 18 149 2 21 78 24 78 4 3 76 5 81 18 70 27 80 3 13 101 27 110 30 108 3 10 65 18 56 25 62 1 14 103 2 15 2 16 1 3 3 141 12 160 28 175 3 10 64 17 45 23 48 2 19 115 27 141 3 7 9 28 9 29 8 2 25 194 30 197 2 18 72 20 91 2 6 168 16 168 3 10 153 14 151 21 130 2 2 68 12 71 2 8 140 26 158 2 11 210 27 157 3 1 125 24 114 28 138 3 1 159 2 135 23 139 3 21 88 22 114 26 100 3 10 54 25 55 29 57
39 3 10 53 17 52 23 62 3 10 65 25 74 29 75 3 1 151 2 173 23 133 2 2 66 12 67 3 1 134 2 143 23 141 3 3 107 8 134 23 141 3 10 43 17 52 23 46 2 4 161 27 132 4 3 82 5 69 18 68 27 66 2 6 159 16 200 2 2 60 12 78 3 8 160 18 138 22 164 2 19 112 27 111 2 7 171 15 206 3 10 123 14 121 21 152 2 6 155 16 154 2 9 127 28 134 2 25 161 30 180 3 10 63 25 74 29 71 2 10 79 29 105 3 21 103 22 90 26 98 2 2 59 12 63 3 11 165 16 150 18 183 3 3 177 12 184 28 185 2 11 198 27 206 3 13 86 27 87 30 89 2 10 103 29 117 1 14 116 2 15 2 16 1 3 21 125 22 109 26 98 3 9 57 14 57 16 85 3 10 60 18 58 25 50 2 15 1 16 1 2 18 70 20 96 3 7 10 28 9 29 8 2 23 112 29 88 3 1 104 24 93 28 102 2 8 147 26 138 2 21 90 24 75
39 3 10 53 17 52 23 62 3 10 65 25 74 29 75 3 1 151 2 173 23 133 2 2 66 12 67 3 1 134 2 143 23 141 3 3 107 8 134 23 141 3 10 43 17 52 23 46 2 4 161 27 132 4 3 82 5 69 18 68 27 66 2 6 159 16 200 2 2 60 12 78 3 8 160 18 138 22 164 2 19 112 27 111 2 7 171 15 206 3 10 123 14 121 21 152 2 6 155 16 154 2 9 127 28 134 2 25 161 30 180 3 10 63 25 74 29 71 2 10 79 29 105 3 21 103 22 90 26 98 2 2 59 12 63 3 11 165 16 150 18 183 3 3 177 12 184 28 185 2 11 198 27 206 3 13 86 27 87 30 89 2 10 103 29 117 1 14 116 2 15 2 16 1 3 21 125 22 109 26 98 3 9 57 14 57 16 85 3 10 60 18 58 25 50 2 15 1 16 1 2 18 70 20 96 3 7 10 28 9 29 8 2 23 112 29 88 3 1 104 24 93 28 102 2 8 147 26 138 2 21 90 24 75
35 1 14 99 4 3 80 5 80 18 82 27 84 3 1 181 2 173 23 128 2 2 56 12 76 4 3 84 5 81 18 58 27 69 3 9 57 14 77 16 72 3 3 99 8 130 23 131 3 7 10 28 11 29 9 3 8 132 18 132 22 175 4 3 63 5 61 18 66 27 67 2 19 133 27 127 2 15 2 16 2 2 18 80 20 95 2 4 123 27 140 3 10 59 18 63 25 55 1 14 136 2 25 172 30 183 3 3 125 8 101 23 130 3 21 112 22 124 26 122 2 6 162 16 171 2 10 85 29 99 2 7 211 15 180 3 1 172 2 139 23 154 2 9 109 28 101 3 11 207 16 190 18 179 2 11 190 27 168 2 23 81 29 83 3 3 149 12 161 28 190 3 13 124 27 95 30 101 3 10 44 17 53 23 48 3 1 122 24 100 28 126 3 10 124 14 113 21 118 2 21 74 24 74 2 8 178 26 174 3 10 74 25 72 29 52
34 2 8 173 26 189 3 1 182 2 161 23 169 2 2 63 12 75 3 10 44 17 45 23 49 2 2 68 12 75 3 3 181 12 162 28 179 3 3 106 8 132 23 106 2 4 120 27 160 2 6 154 16 173 3 8 150 18 185 22 146 4 3 60 5 69 18 62 27 60 2 7 184 15 237 2 9 123 28 107 2 10 94 29 118 3 10 60 25 76 29 65 2 2 61 12 69 3 11 159 16 175 18 179 3 7 12 28 10 29 11 3 13 89 27 98 30 89 3 9 83 14 81 16 70 1 14 142 2 10 102 29 95 2 23 114 29 93 2 15 1 16 1 3 10 59 18 52 25 60 2 8 160 26 181 2 19 112 27 108 2 18 76 20 70 3 10 116 14 129 21 157 3 21 93 22 96 26 100 2 21 64 24 75 2 11 164 27 186 3 1 118 24 105 28 115 2 25 223 30 195
33 3 1 173 2 135 23 126 2 2 77 12 64 3 3 131 8 128 23 127 3 1 114 24 135 28 111 3 10 57 25 56 29 60 2 4 117 27 118 2 15 1 16 1 2 21 91 24 87 2 11 183 27 195 3 10 144 14 122 21 146 2 15 2 16 2 4 3 59 5 70 18 59 27 84 2 6 174 16 219 2 7 165 15 181 3 8 140 18 172 22 142 3 3 158 12 138 28 131 3 13 86 27 111 30 106 2 9 117 28 113 2 19 141 27 128 3 3 136 8 104 23 125 2 10 84 29 82 3 11 175 16 200 18 206 1 14 131 3 9 72 14 56 16 68 3 10 49 17 44 23 51 2 23 83 29 86 3 10 64 18 64 25 56 4 3 78 5 84 18 69 27 59 3 7 12 28 12 29 12 2 18 80 20 83 3 21 112 22 117 26 131 2 8 157 26 198 2 25 198 30 217
37 3 1 131 2 128 23 147 2 2 62 12 78 3 1 148 2 152 23 131 2 7 233 15 182 3 3 98 8 134 23 117 2 4 163 27 115 4 3 74 5 74 18 64 27 71 2 6 162 16 192 3 7 11 28 12 29 10 3 8 169 18 166 22 146 2 2 63 12 76 2 8 155 26 140 2 9 113 28 121 2 6 177 16 175 2 10 87 29 84 3 11 166 16 148 18 180 3 3 149 12 141 28 182 3 13 117 27 118 30 94 3 1 184 2 132 23 173 2 23 89 29 115 1 14 129 2 15 2 16 1 3 13 116 27 123 30 119 3 9 79 14 68 16 84 2 19 135 27 133 3 10 62 25 66 29 60 3 21 90 22 109 26 90 3 10 52 17 48 23 46 3 10 62 18 57 25 67 2 6 204 16 178 2 25 175 30 215 2 18 75 20 85 3 10 133 14 114 21 162 2 2 71 12 63 3 1 136 24 115 28 131 2 21 89 24 64 2 11 158 27 201
37 3 1 131 2 128 23 147 2 2 62 12 78 3 1 148 2 152 23 131 2 7 233 15 182 3 3 98 8 134 23 117 2 4 163 27 115 4 3 74 5 74 18 64 27 71 2 6 162 16 192 3 7 11 28 12 29 10 3 8 169 18 166 22 146 2 2 63 12 76 2 8 155 26 140 2 9 113 28 121 2 6 177 16 175 2 10 87 29 84 3 11 166 16 148 18 180 3 3 149 12 141 28 182 3 13 117 27 118 30 94 3 1 184 2 132 23 173 2 23 89 29 115 1 14 129 2 15 2 16 1 3 13 116 27 123 30 119 3 9 79 14 68 16 84 2 19 135 27 133 3 10 62 25 66 29 60 3 21 90 22 109 26 90 3 10 52 17 48 23 46 3 10 62 18 57 25 67 2 6 204 16 178 2 25 175 30 215 2 18 75 20 85 3 10 133 14 114 21 162 2 2 71 12 63 3 1 136 24 115 28 131 2 21 89 24 64 2 11 158 27 201
37 3 1 131 2 128 23 147 2 2 62 12 78 3 1 148 2 152 23 131 2 7 233 15 182 3 3 98 8 134 23 117 2 4 163 27 115 4 3 74 5 74 18 64 27 71 2 6 162 16 192 3 7 11 28 12 29 10 3 8 169 18 166 22 146 2 2 63 12 76 2 8 155 26 140 2 9 113 28 121 2 6 177 16 175 2 10 87 29 84 3 11 166 16 148 18 180 3 3 149 12 141 28 182 3 13 117 27 118 30 94 3 1 184 2 132 23 173 2 23 89 29 115 1 14 129 2 15 2 16 1 3 13 116 27 123 30 119 3 9 79 14 68 16 84 2 19 135 27 133 3 10 62 25 66 29 60 3 21 90 22 109 26 90 3 10 52 17 48 23 46 3 10 62 18 57 25 67 2 6 204 16 178 2 25 175 30 215 2 18 75 20 85 3 10 133 14 114 21 162 2 2 71 12 63 3 1 136 24 115 28 131 2 21 89 24 64 2 11 158 27 201
36 3 3 178 12 186 28 155 3 9 82 14 74 16 57 3 3 170 12 161 28 188 2 8 146 26 176 2 19 103 27 128 3 1 159 2 179 23 143 2 6 174 16 193 2 2 77 12 75 2 6 207 16 189 3 7 12 28 12 29 8 3 9 70 14 68 16 57 3 3 98 8 117 23 98 2 4 131 27 127 4 3 69 5 74 18 78 27 69 2 7 171 15 177 3 10 75 25 60 29 67 3 8 176 18 183 22 196 3 10 136 14 120 21 130 2 9 117 28 146 2 10 101 29 80 3 11 198 16 161 18 215 3 1 132 24 105 28 126 2 19 119 27 130 3 13 115 27 103 30 121 3 10 49 17 50 23 60 2 10 80 29 95 1 14 119 2 15 1 16 1 3 10 64 18 55 25 67 2 21 86 24 91 2 18 81 20 89 3 21 125 22 127 26 95 2 11 161 27 163 2 23 91 29 79 1 14 142 2 25 206 30 158
36 3 3 178 12 186 28 155 3 9 82 14 74 16 57 3 3 170 12 161 28 188 2 8 146 26 176 2 19 103 27 128 3 1 159 2 179 23 143 2 6 174 16 193 2 2 77 12 75 2 6 207 16 189 3 7 12 28 12 29 8 3 9 70 14 68 16 57 3 3 98 8 117 23 98 2 4 131 27 127 4 3 69 5 74 18 78 27 69 2 7 171 15 177 3 10 75 25 60 29 67 3 8 176 18 183 22 196 3 10 136 14 120 21 130 2 9 117 28 146 2 10 101 29 80 3 11 198 16 161 18 215 3 1 132 24 105 28 126 2 19 119 27 130 3 13 115 27 103 30 121 3 10 49 17 50 23 60 2 10 80 29 95 1 14 119 2 15 1 16 1 3 10 64 18 55 25 67 2 21 86 24 91 2 18 81 20 89 3 21 125 22 127 26 95 2 11 161 27 163 2 23 91 29 79 1 14 142 2 25 206 30 158
35 3 1 136 2 157 23 169 3 10 153 14 116 21 112 2 2 56 12 72 3 3 114 8 117 23 141 2 4 148 27 128 2 23 90 29 95 4 3 82 5 66 18 65 27 67 3 10 53 17 63 23 61 2 6 171 16 168 2 7 226 15 210 3 7 12 28 11 29 12 3 8 138 18 197 22 166 4 3 74 5 58 18 75 27 64 3 21 127 22 117 26 96 2 9 118 28 132 2 10 114 29 115 3 3 112 8 124 23 122 3 11 176 16 216 18 181 2 21 84 24 86 3 10 71 18 52 25 60 3 10 57 25 55 29 70 3 3 148 12 137 28 169 3 9 64 14 64 16 73 2 21 77 24 67 3 13 93 27 126 30 111 2 2 56 12 80 1 14 99 3 1 135 24 107 28 138 2 15 1 16 2 2 19 131 27 109 2 18 101 20 74 2 8 191 26 170 2 11 218 27 174 2 18 94 20 85 2 25 226 30 216
33 3 1 125 2 138 23 151 2 2 69 12 72 3 10 56 18 62 25 56 3 3 127 8 122 23 126 2 4 159 27 132 2 6 227 16 180 4 3 65 5 72 18 59 27 66 2 7 179 15 188 3 10 143 14 158 21 128 2 21 64 24 82 3 13 87 27 120 30 91 2 10 113 29 87 3 7 9 28 10 29 10 2 23 102 29 115 1 14 139 2 23 104 29 96 3 8 132 18 132 22 196 2 25 193 30 214 2 9 126 28 144 3 11 160 16 162 18 150 4 3 61 5 71 18 69 27 83 3 3 143 12 164 28 180 3 10 66 25 65 29 66 2 15 1 16 1 2 19 138 27 109 3 1 115 24 127 28 119 2 11 196 27 161 3 10 54 17 61 23 49 3 9 70 14 78 16 73 2 8 193 26 203 2 4 111 27 145 3 21 99 22 112 26 100 2 18 77 20 99
33 3 1 138 2 155 23 176 2 2 61 12 56 3 10 51 18 68 25 65 3 3 95 8 108 23 118 2 4 112 27 137 2 6 166 16 186 4 3 71 5 72 18 79 27 77 2 7 230 15 189 3 10 141 14 160 21 159 2 21 82 24 66 3 13 123 27 93 30 127 2 10 93 29 116 3 7 11 28 10 29 11 2 23 87 29 78 1 14 113 2 23 99 29 98 3 8 167 18 135 22 173 2 25 157 30 159 2 9 108 28 104 3 11 219 16 184 18 183 4 3 58 5 80 18 79 27 67 3 3 141 12 187 28 138 3 10 76 25 59 29 55 2 15 2 16 2 2 19 127 27 115 3 1 120 24 95 28 121 2 11 154 27 169 3 10 61 17 51 23 62 3 9 80 14 64 16 57 2 8 167 26 178 2 4 117 27 135 3 21 93 22 102 26 99 2 18 86 20 89
37 3 1 149 2 182 23 181 2 2 74 12 64 3 3 132 8 123 23 116 2 2 60 12 58 2 4 148 27 135 3 1 146 2 171 23 133 4 3 81 5 75 18 78 27 78 2 6 185 16 208 2 7 236 15 211 3 9 73 14 76 16 83 3 3 184 12 181 28 165 3 8 136 18 151 22 139 2 23 109 29 80 2 9 112 28 121 2 10 99 29 86 3 11 158 16 168 18 195 2 21 78 24 89 4 3 76 5 72 18 85 27 70 3 13 109 27 101 30 95 3 10 57 18 65 25 59 1 14 109 2 15 1 16 1 3 3 182 12 153 28 191 3 10 64 17 43 23 45 2 19 121 27 139 3 7 11 28 9 29 11 2 25 171 30 204 2 18 85 20 83 2 6 216 16 181 3 10 123 14 126 21 116 2 2 57 12 72 2 8 152 26 170 2 11 153 27 210 3 1 96 24 107 28 106 3 1 141 2 183 23 173 3 21 121 22 111 26 106 3 10 71 25 73 29 68
33 3 1 129 2 134 23 141 2 2 74 12 70 3 3 96 8 131 23 137 3 1 97 24 100 28 93 3 10 66 25 54 29 58 2 4 161 27 134 2 15 2 16 1 2 21 88 24 75 2 11 170 27 163 3 10 166 14 162 21 163 2 15 2 16 2 4 3 85 5 81 18 72 27 80 2 6 163 16 213 2 7 222 15 197 3 8 150 18 169 22 189 3 3 171 12 180 28 171 3 13 98 27 104 30 115 2 9 106 28 143 2 19 110 27 136 3 3 114 8 125 23 115 2 10 112 29 114 3 11 184 16 167 18 188 1 14 102 3 9 58 14 77 16 63 3 10 56 17 47 23 48 2 23 100 29 78 3 10 50 18 52 25 68 4 3 58 5 60 18 61 27 65 3 7 9 28 11 29 8 2 18 95 20 69 3 21 103 22 118 26 103 2 8 175 26 155 2 25 158 30 217
33 3 3 138 8 105 23 119 3 1 140 2 155 23 163 2 2 70 12 58 2 4 134 27 158 4 3 72 5 85 18 74 27 84 2 2 66 12 81 3 10 72 25 68 29 56 2 7 162 15 230 2 19 114 27 140 2 6 199 16 204 3 8 150 18 138 22 152 2 9 127 28 119 2 15 1 16 1 2 10 82 29 95 3 3 130 12 188 28 142 3 13 113 27 87 30 114 3 10 56 18 72 25 54 3 11 169 16 220 18 153 3 8 174 18 194 22 136 2 18 87 20 86 2 23 108 29 81 2 8 194 26 156 1 14 102 2 15 1 16 1 3 9 69 14 77 16 68 3 10 58 17 64 23 64 2 21 79 24 71 3 10 136 14 140 21 154 3 21 94 22 95 26 114 2 11 181 27 146 3 1 108 24 100 28 96 3 7 12 28 9 29 12 2 25 187 30 172
33 3 3 138 8 105 23 119 3 1 140 2 155 23 163 2 2 70 12 58 2 4 134 27 158 4 3 72 5 85 18 74 27 84 2 2 66 12 81 3 10 72 25 68 29 56 2 7 162 15 230 2 19 114 27 140 2 6 199 16 204 3 8 150 18 138 22 152 2 9 127 28 119 2 15 1 16 1 2 10 82 29 95 3 3 130 12 188 28 142 3 13 113 27 87 30 114 3 10 56 18 72 25 54 3 11 169 16 220 18 153 3 8 174 18 194 22 136 2 18 87 20 86 2 23 108 29 81 2 8 194 26 156 1 14 102 2 15 1 16 1 3 9 69 14 77 16 68 3 10 58 17 64 23 64 2 21 79 24 71 3 10 136 14 140 21 154 3 21 94 22 95 26 114 2 11 181 27 146 3 1 108 24 100 28 96 3 7 12 28 9 29 12 2 25 187 30 172
33 3 3 138 8 105 23 119 3 1 140 2 155 23 163 2 2 70 12 58 2 4 134 27 158 4 3 72 5 85 18 74 27 84 2 2 66 12 81 3 10 72 25 68 29 56 2 7 162 15 230 2 19 114 27 140 2 6 199 16 204 3 8 150 18 138 22 152 2 9 127 28 119 2 15 1 16 1 2 10 82 29 95 3 3 130 12 188 28 142 3 13 113 27 87 30 114 3 10 56 18 72 25 54 3 11 169 16 220 18 153 3 8 174 18 194 22 136 2 18 87 20 86 2 23 108 29 81 2 8 194 26 156 1 14 102 2 15 1 16 1 3 9 69 14 77 16 68 3 10 58 17 64 23 64 2 21 79 24 71 3 10 136 14 140 21 154 3 21 94 22 95 26 114 2 11 181 27 146 3 1 108 24 100 28 96 3 7 12 28 9 29 12 2 25 187 30 172
35 3 1 185 2 125 23 138 3 10 134 14 154 21 130 2 2 59 12 65 3 3 115 8 103 23 106 2 4 146 27 115 2 23 93 29 83 4 3 81 5 64 18 78 27 71 3 10 58 17 56 23 51 2 6 200 16 179 2 7 193 15 162 3 7 11 28 11 29 11 3 8 141 18 166 22 197 4 3 72 5 76 18 65 27 68 3 21 119 22 120 26 100 2 9 136 28 136 2 10 107 29 112 3 3 116 8 136 23 97 3 11 176 16 179 18 178 2 21 67 24 81 3 10 53 18 60 25 66 3 10 74 25 62 29 66 3 3 193 12 184 28 138 3 9 68 14 76 16 64 2 21 76 24 83 3 13 122 27 112 30 115 2 2 68 12 71 1 14 109 3 1 127 24 133 28 95 2 15 1 16 2 2 19 114 27 136 2 18 70 20 80 2 8 195 26 140 2 11 203 27 157 2 18 70 20 93 2 25 165 30 167
35 3 1 185 2 125 23 138 3 10 134 14 154 21 130 2 2 59 12 65 3 3 115 8 103 23 106 2 4 146 27 115 2 23 93 29 83 4 3 81 5 64 18 78 27 71 3 10 58 17 56 23 51 2 6 200 16 179 2 7 193 15 162 3 7 11 28 11 29 11 3 8 141 18 166 22 197 4 3 72 5 76 18 65 27 68 3 21 119 22 120 26 100 2 9 136 28 136 2 10 107 29 112 3 3 116 8 136 23 97 3 11 176 16 179 18 178 2 21 67 24 81 3 10 53 18 60 25 66 3 10 74 25 62 29 66 3 3 193 12 184 28 138 3 9 68 14 76 16 64 2 21 76 24 83 3 13 122 27 112 30 115 2 2 68 12 71 1 14 109 3 1 127 24 133 28 95 2 15 1 16 2 2 19 114 27 136 2 18 70 20 80 2 8 195 26 140 2 11 203 27 157 2 18 70 20 93 2 25 165 30 167
31 3 1 129 2 162 23 144 2 2 79 12 77 3 3 131 8 105 23 99 3 9 69 14 67 16 75 2 4 111 27 123 4 3 67 5 85 18 72 27 59 2 6 202 16 155 2 7 202 15 236 2 15 1 16 1 3 10 128 14 154 21 123 3 8 135 18 132 22 169 2 9 130 28 136 2 8 155 26 198 2 6 168 16 198 3 10 60 17 44 23 55 2 10 80 29 95 3 13 99 27 121 30 104 3 11 172 16 195 18 212 3 3 176 12 136 28 172 3 10 51 18 73 25 48 3 21 116 22 89 26 101 1 14 120 2 19 130 27 105 2 18 93 20 71 2 23 106 29 109 2 25 186 30 209 2 21 68 24 64 3 10 62 25 76 29 66 2 11 152 27 190 3 1 101 24 99 28 122 3 7 10 28 10 29 12
31 3 1 129 2 162 23 144 2 2 79 12 77 3 3 131 8 105 23 99 3 9 69 14 67 16 75 2 4 111 27 123 4 3 67 5 85 18 72 27 59 2 6 202 16 155 2 7 202 15 236 2 15 1 16 1 3 10 128 14 154 21 123 3 8 135 18 132 22 169 2 9 130 28 136 2 8 155 26 198 2 6 168 16 198 3 10 60 17 44 23 55 2 10 80 29 95 3 13 99 27 121 30 104 3 11 172 16 195 18 212 3 3 176 12 136 28 172 3 10 51 18 73 25 48 3 21 116 22 89 26 101 1 14 120 2 19 130 27 105 2 18 93 20 71 2 23 106 29 109 2 25 186 30 209 2 21 68 24 64 3 10 62 25 76 29 66 2 11 152 27 190 3 1 101 24 99 28 122 3 7 10 28 10 29 12
35 3 1 142 2 130 23 145 3 10 159 14 146 21 166 2 2 81 12 73 3 3 110 8 114 23 133 2 4 154 27 143 2 23 99 29 90 4 3 78 5 78 18 73 27 76 3 10 52 17 59 23 51 2 6 209 16 224 2 7 220 15 165 3 7 12 28 13 29 12 3 8 169 18 140 22 162 4 3 66 5 63 18 66 27 68 3 21 112 22 102 26 95 2 9 118 28 114 2 10 84 29 100 3 3 113 8 127 23 130 3 11 185 16 177 18 164 2 21 69 24 71 3 10 56 18 67 25 59 3 10 55 25 71 29 52 3 3 185 12 158 28 165 3 9 67 14 66 16 81 2 21 75 24 70 3 13 100 27 122 30 107 2 2 56 12 78 1 14 113 3 1 98 24 138 28 94 2 15 1 16 2 2 19 140 27 104 2 18 86 20 100 2 8 157 26 168 2 11 180 27 150 2 18 80 20 78 2 25 185 30 189
35 3 1 142 2 130 23 145 3 10 159 14 146 21 166 2 2 81 12 73 3 3 110 8 114 23 133 2 4 154 27 143 2 23 99 29 90 4 3 78 5 78 18 73 27 76 3 10 52 17 59 23 51 2 6 209 16 224 2 7 220 15 165 3 7 12 28 13 29 12 3 8 169 18 140 22 162 4 3 66 5 63 18 66 27 68 3 21 112 22 102 26 95 2 9 118 28 114 2 10 84 29 100 3 3 113 8 127 23 130 3 11 185 16 177 18 164 2 21 69 24 71 3 10 56 18 67 25 59 3 10 55 25 71 29 52 3 3 185 12 158 28 165 3 9 67 14 66 16 81 2 21 75 24 70 3 13 100 27 122 30 107 2 2 56 12 78 1 14 113 3 1 98 24 138 28 94 2 15 1 16 2 2 19 140 27 104 2 18 86 20 100 2 8 157 26 168 2 11 180 27 150 2 18 80 20 78 2 25 185 30 189
36 3 3 159 12 136 28 167 3 9 75 14 58 16 67 3 3 129 12 159 28 189 2 8 141 26 187 2 19 141 27 101 3 1 166 2 179 23 162 2 6 220 16 184 2 2 83 12 79 2 6 186 16 202 3 7 9 28 10 29 11 3 9 75 14 82 16 61 3 3 100 8 95 23 111 2 4 115 27 128 4 3 61 5 66 18 66 27 74 2 7 176 15 208 3 10 60 25 64 29 71 3 8 190 18 170 22 181 3 10 150 14 133 21 148 2 9 118 28 120 2 10 98 29 101 3 11 156 16 191 18 195 3 1 135 24 133 28 95 2 19 148 27 128 3 13 93 27 102 30 113 3 10 60 17 54 23 47 2 10 118 29 115 1 14 118 2 15 1 16 2 3 10 58 18 72 25 67 2 21 91 24 84 2 18 85 20 93 3 21 107 22 97 26 96 2 11 208 27 188 2 23 92 29 94 1 14 126 2 25 205 30 189
33 3 8 162 18 151 22 165 3 1 145 2 150 23 132 2 2 64 12 76 3 3 100 8 120 23 96 2 4 154 27 160 4 3 65 5 83 18 72 27 77 2 6 176 16 181 2 25 162 30 223 2 15 2 16 2 3 11 214 16 195 18 197 2 7 177 15 197 3 3 191 12 166 28 173 2 9 116 28 107 2 23 90 29 79 2 10 111 29 83 3 13 91 27 107 30 94 3 11 167 16 177 18 212 1 14 144 3 9 63 14 69 16 81 3 10 45 17 56 23 52 3 1 100 24 137 28 135 3 10 60 18 53 25 57 2 19 133 27 110 2 18 94 20 91 3 10 162 14 149 21 114 2 2 57 12 76 3 21 131 22 99 26 119 3 10 74 25 59 29 63 2 11 214 27 175 2 23 83 29 78 3 7 10 28 9 29 9 2 21 74 24 80 2 8 157 26 151
34 2 8 177 26 165 3 1 133 2 134 23 180 2 2 71 12 65 3 10 64 17 53 23 49 2 2 63 12 82 3 3 184 12 169 28 147 3 3 121 8 132 23 106 2 4 126 27 115 2 6 217 16 217 3 8 134 18 175 22 196 4 3 59 5 76 18 82 27 84 2 7 180 15 164 2 9 120 28 146 2 10 118 29 82 3 10 58 25 76 29 51 2 2 82 12 81 3 11 169 16 209 18 155 3 7 10 28 12 29 10 3 13 101 27 89 30 111 3 9 77 14 70 16 59 1 14 108 2 10 112 29 96 2 23 108 29 101 2 15 1 16 1 3 10 55 18 55 25 59 2 8 140 26 146 2 19 106 27 134 2 18 75 20 96 3 10 131 14 152 21 118 3 21 129 22 127 26 101 2 21 65 24 91 2 11 181 27 152 3 1 132 24 113 28 123 2 25 171 30 200
36 2 21 84 24 76 3 1 151 2 180 23 166 4 3 80 5 65 18 78 27 79 3 10 46 17 62 23 49 2 2 71 12 77 3 8 193 18 158 22 152 3 3 131 8 130 23 95 2 18 78 20 98 2 25 165 30 196 2 2 77 12 79 2 9 107 28 111 3 3 130 8 107 23 107 3 10 60 18 53 25 61 3 10 64 17 63 23 60 2 15 1 16 1 3 10 46 17 59 23 45 2 4 110 27 144 2 19 130 27 138 2 6 208 16 214 2 7 174 15 227 2 23 96 29 93 3 3 120 8 119 23 95 3 11 199 16 202 18 165 2 10 84 29 115 2 11 197 27 150 3 7 10 28 9 29 10 3 3 163 12 188 28 135 3 13 101 27 116 30 87 1 14 123 3 9 75 14 66 16 60 3 10 115 14 163 21 133 3 21 109 22 111 26 130 2 19 137 27 146 3 10 74 25 68 29 52 2 8 167 26 140 3 1 110 24 123 28 132
33 3 3 122 8 130 23 111 3 1 135 2 141 23 128 2 2 71 12 70 2 4 122 27 140 4 3 69 5 66 18 65 27 84 2 2 78 12 71 3 10 68 25 61 29 60 2 7 164 15 197 2 19 132 27 116 2 6 180 16 162 3 8 137 18 183 22 148 2 9 132 28 120 2 15 2 16 1 2 10 101 29 109 3 3 176 12 148 28 190 3 13 92 27 115 30 117 3 10 53 18 72 25 63 3 11 190 16 190 18 187 3 8 166 18 144 22 151 2 18 101 20 81 2 23 101 29 109 2 8 145 26 195 1 14 126 2 15 1 16 1 3 9 64 14 71 16 80 3 10 47 17 50 23 54 2 21 67 24 75 3 10 142 14 167 21 148 3 21 115 22 126 26 91 2 11 208 27 155 3 1 98 24 99 28 118 3 7 10 28 11 29 10 2 25 194 30 192
34 2 8 185 26 179 3 1 124 2 125 23 166 2 2 56 12 63 3 10 49 17 64 23 53 2 2 74 12 75 3 3 154 12 182 28 133 3 3 115 8 94 23 107 2 4 163 27 156 2 6 208 16 209 3 8 147 18 135 22 159 4 3 83 5 74 18 61 27 69 2 7 178 15 186 2 9 110 28 146 2 10 79 29 98 3 10 60 25 60 29 57 2 2 67 12 72 3 11 159 16 162 18 187 3 7 9 28 12 29 8 3 13 123 27 99 30 114 3 9 79 14 71 16 83 1 14 145 2 10 102 29 102 2 23 82 29 113 2 15 1 16 2 3 10 67 18 50 25 49 2 8 192 26 143 2 19 139 27 138 2 18 100 20 88 3 10 121 14 131 21 118 3 21 127 22 96 26 127 2 21 65 24 71 2 11 171 27 162 3 1 114 24 105 28 137 2 25 220 30 228
DUE_DATES: 4183 4183 4879 4879 4879 4871 4871 4124 4124 4072 4072 4612 4432 4343 4489 4489 5102 5102 4742 4742 4590 4590 4353 4275 4027 4819 4819 4819 4702 4702 4389 4229 4064 4849 4037 4049 4049 4049 4258 4258 3999 3999 4288 4288 4779 4239 4270 4491 4088 4333
WEIGHTS: 3 3 1 1 1 3 2 3 2 1 3 2 3 1 3 3 3 3 2 2 3 2 1 2 1 2 3 3 2 3 3 2 1 2 2 2 2 1 2 2 3 3 1 1 1 1 3 3 1 3
