50 30
40 3 1 112 2 127 25 107 2 2 44 10 33 3 3 21 11 21 17 18 2 4 118 15 98 4 3 75 5 69 6 65 13 88 2 6 49 28 47 3 1 103 2 98 25 129 2 7 48 15 42 3 5 132 7 182 8 161 2 7 44 15 38 2 8 119 9 102 4 1 73 4 60 10 63 27 69 2 8 135 9 112 3 11 27 19 21 25 25 3 4 16 11 17 12 16 3 15 192 26 187 28 209 3 11 21 19 22 25 24 1 16 37 4 1 64 4 67 10 59 27 74 2 25 94 27 108 3 15 166 26 185 28 183 2 13 90 27 73 2 18 69 27 58 3 14 129 15 133 29 145 3 7 1 25 1 30 1 3 4 15 11 14 12 13 2 7 78 23 58 3 6 22 7 22 29 22 3 16 3 17 4 30 3 2 24 191 25 148 3 3 25 18 18 30 24 2 25 92 27 104 3 9 157 17 204 19 213 3 11 26 19 19 25 21 2 2 86 26 88 3 13 146 20 165 27 160 2 16 189 21 155 2 14 47 28 50 3 13 143 20 167 27 162 2 22 47 26 39
40 3 1 112 2 127 25 107 2 2 44 10 33 3 3 21 11 21 17 18 2 4 118 15 98 4 3 75 5 69 6 65 13 88 2 6 49 28 47 3 1 103 2 98 25 129 2 7 48 15 42 3 5 132 7 182 8 161 2 7 44 15 38 2 8 119 9 102 4 1 73 4 60 10 63 27 69 2 8 135 9 112 3 11 27 19 21 25 25 3 4 16 11 17 12 16 3 15 192 26 187 28 209 3 11 21 19 22 25 24 1 16 37 4 1 64 4 67 10 59 27 74 2 25 94 27 108 3 15 166 26 185 28 183 2 13 90 27 73 2 18 69 27 58 3 14 129 15 133 29 145 3 7 1 25 1 30 1 3 4 15 11 14 12 13 2 7 78 23 58 3 6 22 7 22 29 22 3 16 3 17 4 30 3 2 24 191 25 148 3 3 25 18 18 30 24 2 25 92 27 104 3 9 157 17 204 19 213 3 11 26 19 19 25 21 2 2 86 26 88 3 13 146 20 165 27 160 2 16 189 21 155 2 14 47 28 50 3 13 143 20 167 27 162 2 22 47 26 39
33 3 1 116 2 133 25 117 2 2 42 10 46 3 13 154 20 180 27 145 2 2 32 10 42 3 3 16 11 22 17 23 3 11 20 19 20 25 23 2 4 105 15 94 4 3 79 5 88 6 72 13 68 3 6 22 7 23 29 22 2 6 49 28 40 2 7 54 15 43 3 5 170 7 126 8 182 2 8 111 9 93 4 1 63 4 64 10 66 27 78 3 4 14 11 13 12 16 2 13 67 27 83 3 14 141 15 154 29 159 1 16 43 3 15 194 26 218 28 194 2 16 133 21 138 3 16 4 17 3 30 4 2 18 54 27 65 2 22 40 26 52 2 14 50 28 46 3 6 24 7 18 29 26 3 3 24 18 20 30 23 2 25 86 27 95 3 9 204 17 156 19 157 2 7 63 23 69 2 24 149 25 179 3 7 1 25 1 30 1 3 13 138 20 155 27 127 2 2 73 26 76
33 3 1 116 2 133 25 117 2 2 42 10 46 3 13 154 20 180 27 145 2 2 32 10 42 3 3 16 11 22 17 23 3 11 20 19 20 25 23 2 4 105 15 94 4 3 79 5 88 6 72 13 68 3 6 22 7 23 29 22 2 6 49 28 40 2 7 54 15 43 3 5 170 7 126 8 182 2 8 111 9 93 4 1 63 4 64 10 66 27 78 3 4 14 11 13 12 16 2 13 67 27 83 3 14 141 15 154 29 159 1 16 43 3 15 194 26 218 28 194 2 16 133 21 138 3 16 4 17 3 30 4 2 18 54 27 65 2 22 40 26 52 2 14 50 28 46 3 6 24 7 18 29 26 3 3 24 18 20 30 23 2 25 86 27 95 3 9 204 17 156 19 157 2 7 63 23 69 2 24 149 25 179 3 7 1 25 1 30 1 3 13 138 20 155 27 127 2 2 73 26 76
33 3 1 116 2 133 25 117 2 2 42 10 46 3 13 154 20 180 27 145 2 2 32 10 42 3 3 16 11 22 17 23 3 11 20 19 20 25 23 2 4 105 15 94 4 3 79 5 88 6 72 13 68 3 6 22 7 23 29 22 2 6 49 28 40 2 7 54 15 43 3 5 170 7 126 8 182 2 8 111 9 93 4 1 63 4 64 10 66 27 78 3 4 14 11 13 12 16 2 13 67 27 83 3 14 141 15 154 29 159 1 16 43 3 15 194 26 218 28 194 2 16 133 21 138 3 16 4 17 3 30 4 2 18 54 27 65 2 22 40 26 52 2 14 50 28 46 3 6 24 7 18 29 26 3 3 24 18 20 30 23 2 25 86 27 95 3 9 204 17 156 19 157 2 7 63 23 69 2 24 149 25 179 3 7 1 25 1 30 1 3 13 138 20 155 27 127 2 2 73 26 76
37 3 1 129 2 127 25 133 2 2 38 10 43 2 7 61 23 62 3 1 104 2 102 25 112 3 3 21 11 18 17 21 2 4 102 15 113 4 3 75 5 73 6 71 13 66 3 5 143 7 131 8 165 2 6 52 28 42 2 7 53 15 39 2 8 97 9 134 2 13 66 27 62 2 7 49 15 52 4 1 53 4 74 10 77 27 67 3 11 25 19 20 25 28 3 13 128 20 148 27 146 2 7 80 23 85 3 4 15 11 15 12 16 3 1 105 2 101 25 132 3 14 146 15 146 29 147 3 6 23 7 25 29 26 3 15 187 26 170 28 220 3 3 24 18 17 30 21 1 16 33 2 6 51 28 47 3 16 4 17 3 30 4 2 18 51 27 59 3 9 167 17 178 19 219 2 16 152 21 160 2 22 52 26 44 2 24 218 25 161 3 4 14 11 17 12 18 3 7 1 25 1 30 1 3 15 229 26 172 28 165 2 25 109 27 100 2 2 83 26 73 2 14 45 28 38
37 3 1 135 2 115 25 130 2 2 39 10 34 2 7 76 23 67 3 1 129 2 142 25 119 3 3 20 11 22 17 22 2 4 99 15 110 4 3 69 5 66 6 65 13 65 3 5 130 7 157 8 170 2 6 55 28 40 2 7 41 15 52 2 8 101 9 110 2 13 81 27 78 2 7 46 15 56 4 1 53 4 73 10 54 27 73 3 11 23 19 20 25 27 3 13 177 20 166 27 180 2 7 86 23 82 3 4 15 11 16 12 13 3 1 121 2 139 25 113 3 14 145 15 115 29 108 3 6 18 7 20 29 24 3 15 208 26 205 28 174 3 3 24 18 19 30 18 1 16 32 2 6 44 28 39 3 16 3 17 4 30 4 2 18 73 27 50 3 9 207 17 198 19 210 2 16 130 21 171 2 22 44 26 35 2 24 149 25 206 3 4 15 11 16 12 13 3 7 1 25 1 30 1 3 15 200 26 209 28 191 2 25 75 27 77 2 2 73 26 69 2 14 50 28 46
37 3 1 135 2 115 25 130 2 2 39 10 34 2 7 76 23 67 3 1 129 2 142 25 119 3 3 20 11 22 17 22 2 4 99 15 110 4 3 69 5 66 6 65 13 65 3 5 130 7 157 8 170 2 6 55 28 40 2 7 41 15 52 2 8 101 9 110 2 13 81 27 78 2 7 46 15 56 4 1 53 4 73 10 54 27 73 3 11 23 19 20 25 27 3 13 177 20 166 27 180 2 7 86 23 82 3 4 15 11 16 12 13 3 1 121 2 139 25 113 3 14 145 15 115 29 108 3 6 18 7 20 29 24 3 15 208 26 205 28 174 3 3 24 18 19 30 18 1 16 32 2 6 44 28 39 3 16 3 17 4 30 4 2 18 73 27 50 3 9 207 17 198 19 210 2 16 130 21 171 2 22 44 26 35 2 24 149 25 206 3 4 15 11 16 12 13 3 7 1 25 1 30 1 3 15 200 26 209 28 191 2 25 75 27 77 2 2 73 26 69 2 14 50 28 46
37 3 1 135 2 115 25 130 2 2 39 10 34 2 7 76 23 67 3 1 129 2 142 25 119 3 3 20 11 22 17 22 2 4 99 15 110 4 3 69 5 66 6 65 13 65 3 5 130 7 157 8 170 2 6 55 28 40 2 7 41 15 52 2 8 101 9 110 2 13 81 27 78 2 7 46 15 56 4 1 53 4 73 10 54 27 73 3 11 23 19 20 25 27 3 13 177 20 166 27 180 2 7 86 23 82 3 4 15 11 16 12 13 3 1 121 2 139 25 113 3 14 145 15 115 29 108 3 6 18 7 20 29 24 3 15 208 26 205 28 174 3 3 24 18 19 30 18 1 16 32 2 6 44 28 39 3 16 3 17 4 30 4 2 18 73 27 50 3 9 207 17 198 19 210 2 16 130 21 171 2 22 44 26 35 2 24 149 25 206 3 4 15 11 16 12 13 3 7 1 25 1 30 1 3 15 200 26 209 28 191 2 25 75 27 77 2 2 73 26 69 2 14 50 28 46
40 3 1 129 2 124 25 116 2 2 44 10 45 3 3 17 11 22 17 17 2 4 125 15 87 4 3 74 5 74 6 66 13 66 2 6 55 28 49 3 1 97 2 114 25 116 2 7 48 15 44 3 5 130 7 161 8 166 2 7 50 15 37 2 8 101 9 95 4 1 57 4 57 10 62 27 76 2 8 118 9 112 3 11 27 19 27 25 19 3 4 17 11 13 12 14 3 15 165 26 232 28 210 3 11 20 19 25 25 19 1 16 43 4 1 70 4 75 10 59 27 67 2 25 97 27 99 3 15 195 26 221 28 164 2 13 80 27 66 2 18 67 27 59 3 14 147 15 112 29 111 3 7 1 25 1 30 1 3 4 16 11 12 12 16 2 7 75 23 87 3 6 26 7 19 29 22 3 16 3 17 3 30 3 2 24 215 25 155 3 3 24 18 17 30 21 2 25 74 27 89 3 9 169 17 211 19 162 3 11 22 19 23 25 28 2 2 67 26 77 3 13 168 20 134 27 138 2 16 174 21 144 2 14 39 28 36 3 13 165 20 160 27 169 2 22 48 26 48
34 3 1 100 2 140 25 96 2 7 65 23 84 2 2 44 10 42 2 22 41 26 51 3 3 23 11 22 17 18 2 4 99 15 123 4 3 91 5 83 6 93 13 89 2 8 111 9 107 3 9 188 17 185 19 185 2 8 119 9 117 2 6 42 28 46 3 1 119 2 129 25 115 2 7 38 15 49 3 5 166 7 145 8 144 1 16 37 3 6 18 7 25 29 25 4 1 77 4 60 10 67 27 62 3 6 20 7 26 29 21 3 11 26 19 22 25 22 2 16 135 21 156 3 4 14 11 13 12 13 3 3 17 18 24 30 19 3 11 28 19 25 25 25 2 13 82 27 91 3 14 160 15 131 29 158 3 15 194 26 183 28 236 2 14 39 28 46 3 16 3 17 4 30 4 3 13 186 20 166 27 147 2 18 52 27 55 2 2 81 26 67 2 24 157 25 198 3 7 1 25 1 30 1 2 25 85 27 84
38 3 1 129 2 103 25 120 2 2 84 26 73 3 3 22 11 18 17 21 2 22 41 26 52 2 14 46 28 43 1 16 39 3 3 17 11 21 17 20 2 2 43 10 41 1 16 36 4 3 83 5 70 6 82 13 66 2 16 161 21 136 2 2 33 10 43 4 1 58 4 76 10 76 27 68 2 24 209 25 206 2 4 95 15 93 3 1 131 2 111 25 129 2 6 58 28 47 2 7 52 15 42 3 11 22 19 26 25 26 2 8 100 9 97 3 5 150 7 167 8 185 3 7 1 25 1 30 1 3 16 3 17 4 30 3 2 7 58 23 83 3 4 14 11 14 12 17 2 13 69 27 85 3 14 114 15 159 29 121 3 15 159 26 182 28 226 2 25 93 27 86 3 16 4 17 3 30 4 3 13 173 20 178 27 167 2 18 57 27 55 2 16 189 21 182 3 6 21 7 23 29 21 2 6 42 28 53 3 9 227 17 179 19 228 2 16 141 21 149 3 3 19 18 25 30 21
38 3 1 129 2 103 25 120 2 2 84 26 73 3 3 22 11 18 17 21 2 22 41 26 52 2 14 46 28 43 1 16 39 3 3 17 11 21 17 20 2 2 43 10 41 1 16 36 4 3 83 5 70 6 82 13 66 2 16 161 21 136 2 2 33 10 43 4 1 58 4 76 10 76 27 68 2 24 209 25 206 2 4 95 15 93 3 1 131 2 111 25 129 2 6 58 28 47 2 7 52 15 42 3 11 22 19 26 25 26 2 8 100 9 97 3 5 150 7 167 8 185 3 7 1 25 1 30 1 3 16 3 17 4 30 3 2 7 58 23 83 3 4 14 11 14 12 17 2 13 69 27 85 3 14 114 15 159 29 121 3 15 159 26 182 28 226 2 25 93 27 86 3 16 4 17 3 30 4 3 13 173 20 178 27 167 2 18 57 27 55 2 16 189 21 182 3 6 21 7 23 29 21 2 6 42 28 53 3 9 227 17 179 19 228 2 16 141 21 149 3 3 19 18 25 30 21
38 3 1 129 2 103 25 120 2 2 84 26 73 3 3 22 11 18 17 21 2 22 41 26 52 2 14 46 28 43 1 16 39 3 3 17 11 21 17 20 2 2 43 10 41 1 16 36 4 3 83 5 70 6 82 13 66 2 16 161 21 136 2 2 33 10 43 4 1 58 4 76 10 76 27 68 2 24 209 25 206 2 4 95 15 93 3 1 131 2 111 25 129 2 6 58 28 47 2 7 52 15 42 3 11 22 19 26 25 26 2 8 100 9 97 3 5 150 7 167 8 185 3 7 1 25 1 30 1 3 16 3 17 4 30 3 2 7 58 23 83 3 4 14 11 14 12 17 2 13 69 27 85 3 14 114 15 159 29 121 3 15 159 26 182 28 226 2 25 93 27 86 3 16 4 17 3 30 4 3 13 173 20 178 27 167 2 18 57 27 55 2 16 189 21 182 3 6 21 7 23 29 21 2 6 42 28 53 3 9 227 17 179 19 228 2 16 141 21 149 3 3 19 18 25 30 21
39 2 6 56 28 47 3 14 152 15 150 29 121 3 1 117 2 113 25 128 2 2 35 10 44 4 3 68 5 72 6 71 13 78 3 3 16 11 17 17 21 2 4 92 15 109 3 14 160 15 158 29 127 2 7 47 15 43 3 5 167 7 160 8 172 3 1 99 2 132 25 127 2 8 111 9 106 4 1 70 4 58 10 67 27 63 3 11 26 19 26 25 21 4 1 64 4 71 10 57 27 65 3 4 14 11 14 12 13 3 3 18 18 21 30 20 3 1 133 2 97 25 118 2 25 83 27 91 3 4 13 11 15 12 18 3 15 204 26 161 28 193 2 13 67 27 81 3 14 161 15 128 29 145 1 16 30 3 16 4 17 4 30 4 2 18 64 27 58 2 2 77 26 68 2 16 190 21 155 2 4 118 15 97 2 7 67 23 78 2 24 200 25 173 3 9 159 17 165 19 226 2 14 34 28 35 2 18 64 27 58 3 13 172 20 176 27 168 3 14 113 15 132 29 120 2 22 39 26 50 3 7 1 25 1 30 1 3 6 26 7 23 29 26
39 2 6 56 28 47 3 14 152 15 150 29 121 3 1 117 2 113 25 128 2 2 35 10 44 4 3 68 5 72 6 71 13 78 3 3 16 11 17 17 21 2 4 92 15 109 3 14 160 15 158 29 127 2 7 47 15 43 3 5 167 7 160 8 172 3 1 99 2 132 25 127 2 8 111 9 106 4 1 70 4 58 10 67 27 63 3 11 26 19 26 25 21 4 1 64 4 71 10 57 27 65 3 4 14 11 14 12 13 3 3 18 18 21 30 20 3 1 133 2 97 25 118 2 25 83 27 91 3 4 13 11 15 12 18 3 15 204 26 161 28 193 2 13 67 27 81 3 14 161 15 128 29 145 1 16 30 3 16 4 17 4 30 4 2 18 64 27 58 2 2 77 26 68 2 16 190 21 155 2 4 118 15 97 2 7 67 23 78 2 24 200 25 173 3 9 159 17 165 19 226 2 14 34 28 35 2 18 64 27 58 3 13 172 20 176 27 168 3 14 113 15 132 29 120 2 22 39 26 50 3 7 1 25 1 30 1 3 6 26 7 23 29 26
34 3 1 132 2 108 25 108 2 7 82 23 78 2 2 42 10 35 2 22 48 26 48 3 3 23 11 19 17 22 2 4 108 15 94 4 3 66 5 74 6 70 13 82 2 8 99 9 126 3 9 194 17 167 19 202 2 8 116 9 102 2 6 52 28 48 3 1 135 2 132 25 106 2 7 50 15 44 3 5 134 7 159 8 158 1 16 42 3 6 19 7 19 29 21 4 1 69 4 73 10 71 27 72 3 6 18 7 27 29 26 3 11 24 19 28 25 21 2 16 184 21 157 3 4 12 11 18 12 13 3 3 22 18 23 30 23 3 11 20 19 23 25 22 2 13 72 27 64 3 14 139 15 139 29 127 3 15 193 26 194 28 206 2 14 45 28 38 3 16 4 17 4 30 4 3 13 136 20 172 27 163 2 18 65 27 74 2 2 82 26 78 2 24 202 25 179 3 7 1 25 1 30 1 2 25 83 27 85
35 2 6 47 28 48 3 7 1 25 1 30 1 3 1 122 2 112 25 131 2 2 38 10 33 2 6 49 28 46 2 18 69 27 61 3 3 21 18 25 30 25 2 18 58 27 60 3 3 17 11 21 17 22 2 4 86 15 124 4 3 71 5 82 6 79 13 64 2 7 54 15 43 2 24 217 25 205 2 2 75 26 71 3 3 16 11 22 17 23 3 5 125 7 158 8 172 3 15 197 26 183 28 215 2 8 111 9 121 4 1 74 4 67 10 67 27 59 3 11 19 19 26 25 27 3 4 13 11 13 12 13 2 25 73 27 100 2 13 89 27 84 3 14 109 15 113 29 135 1 16 32 2 7 75 23 58 3 16 3 17 3 30 4 2 22 47 26 38 3 6 22 7 21 29 26 3 9 159 17 180 19 225 3 13 155 20 177 27 144 4 1 54 4 60 10 75 27 70 2 16 143 21 180 3 3 25 18 21 30 23 2 14 41 28 34
35 2 6 47 28 48 3 7 1 25 1 30 1 3 1 122 2 112 25 131 2 2 38 10 33 2 6 49 28 46 2 18 69 27 61 3 3 21 18 25 30 25 2 18 58 27 60 3 3 17 11 21 17 22 2 4 86 15 124 4 3 71 5 82 6 79 13 64 2 7 54 15 43 2 24 217 25 205 2 2 75 26 71 3 3 16 11 22 17 23 3 5 125 7 158 8 172 3 15 197 26 183 28 215 2 8 111 9 121 4 1 74 4 67 10 67 27 59 3 11 19 19 26 25 27 3 4 13 11 13 12 13 2 25 73 27 100 2 13 89 27 84 3 14 109 15 113 29 135 1 16 32 2 7 75 23 58 3 16 3 17 3 30 4 2 22 47 26 38 3 6 22 7 21 29 26 3 9 159 17 180 19 225 3 13 155 20 177 27 144 4 1 54 4 60 10 75 27 70 2 16 143 21 180 3 3 25 18 21 30 23 2 14 41 28 34
35 2 6 47 28 48 3 7 1 25 1 30 1 3 1 122 2 112 25 131 2 2 38 10 33 2 6 49 28 46 2 18 69 27 61 3 3 21 18 25 30 25 2 18 58 27 60 3 3 17 11 21 17 22 2 4 86 15 124 4 3 71 5 82 6 79 13 64 2 7 54 15 43 2 24 217 25 205 2 2 75 26 71 3 3 16 11 22 17 23 3 5 125 7 158 8 172 3 15 197 26 183 28 215 2 8 111 9 121 4 1 74 4 67 10 67 27 59 3 11 19 19 26 25 27 3 4 13 11 13 12 13 2 25 73 27 100 2 13 89 27 84 3 14 109 15 113 29 135 1 16 32 2 7 75 23 58 3 16 3 17 3 30 4 2 22 47 26 38 3 6 22 7 21 29 26 3 9 159 17 180 19 225 3 13 155 20 177 27 144 4 1 54 4 60 10 75 27 70 2 16 143 21 180 3 3 25 18 21 30 23 2 14 41 28 34
40 3 1 115 2 118 25 135 2 2 40 10 40 3 3 22 11 17 17 16 2 4 112 15 109 4 3 76 5 75 6 95 13 79 2 6 47 28 54 3 1 135 2 105 25 128 2 7 45 15 48 3 5 172 7 129 8 164 2 7 56 15 52 2 8 91 9 122 4 1 73 4 57 10 77 27 74 2 8 135 9 129 3 11 24 19 26 25 19 3 4 17 11 18 12 15 3 15 194 26 220 28 173 3 11 28 19 28 25 19 1 16 41 4 1 58 4 61 10 53 27 66 2 25 92 27 104 3 15 224 26 176 28 203 2 13 67 27 91 2 18 50 27 53 3 14 125 15 152 29 134 3 7 1 25 1 30 1 3 4 18 11 18 12 14 2 7 60 23 72 3 6 19 7 22 29 22 3 16 3 17 4 30 3 2 24 195 25 182 3 3 22 18 20 30 25 2 25 78 27 78 3 9 218 17 191 19 212 3 11 19 19 20 25 22 2 2 80 26 86 3 13 173 20 149 27 177 2 16 144 21 142 2 14 41 28 35 3 13 126 20 128 27 179 2 22 51 26 36
40 3 1 115 2 118 25 135 2 2 40 10 40 3 3 22 11 17 17 16 2 4 112 15 109 4 3 76 5 75 6 95 13 79 2 6 47 28 54 3 1 135 2 105 25 128 2 7 45 15 48 3 5 172 7 129 8 164 2 7 56 15 52 2 8 91 9 122 4 1 73 4 57 10 77 27 74 2 8 135 9 129 3 11 24 19 26 25 19 3 4 17 11 18 12 15 3 15 194 26 220 28 173 3 11 28 19 28 25 19 1 16 41 4 1 58 4 61 10 53 27 66 2 25 92 27 104 3 15 224 26 176 28 203 2 13 67 27 91 2 18 50 27 53 3 14 125 15 152 29 134 3 7 1 25 1 30 1 3 4 18 11 18 12 14 2 7 60 23 72 3 6 19 7 22 29 22 3 16 3 17 4 30 3 2 24 195 25 182 3 3 22 18 20 30 25 2 25 78 27 78 3 9 218 17 191 19 212 3 11 19 19 20 25 22 2 2 80 26 86 3 13 173 20 149 27 177 2 16 144 21 142 2 14 41 28 35 3 13 126 20 128 27 179 2 22 51 26 36
40 3 1 121 2 132 25 135 2 2 45 10 45 3 3 23 11 17 17 20 2 4 111 15 91 4 3 83 5 78 6 78 13 72 2 6 46 28 45 3 1 127 2 133 25 124 2 7 56 15 46 3 5 148 7 136 8 145 2 7 39 15 49 2 8 111 9 113 4 1 64 4 63 10 77 27 74 2 8 103 9 107 3 11 27 19 25 25 25 3 4 14 11 16 12 17 3 15 192 26 183 28 166 3 11 21 19 22 25 23 1 16 36 4 1 59 4 74 10 73 27 59 2 25 106 27 106 3 15 169 26 206 28 183 2 13 86 27 87 2 18 61 27 55 3 14 145 15 112 29 115 3 7 1 25 1 30 1 3 4 17 11 16 12 12 2 7 69 23 80 3 6 18 7 22 29 24 3 16 4 17 4 30 3 2 24 194 25 163 3 3 23 18 18 30 24 2 25 94 27 90 3 9 180 17 186 19 172 3 11 26 19 20 25 22 2 2 62 26 73 3 13 142 20 152 27 130 2 16 141 21 187 2 14 41 28 36 3 13 186 20 157 27 147 2 22 41 26 35
36 3 1 123 2 105 25 125 4 3 92 5 86 6 88 13 94 2 2 33 10 45 3 3 16 11 21 17 20 2 2 36 10 41 3 4 14 11 18 12 17 2 24 148 25 147 3 13 174 20 171 27 135 2 2 75 26 64 2 4 89 15 115 2 6 57 28 47 2 2 60 26 81 2 7 51 15 46 3 5 155 7 167 8 163 2 4 96 15 97 2 16 183 21 172 2 8 109 9 96 4 1 72 4 74 10 57 27 54 3 11 19 19 19 25 26 2 13 79 27 88 3 3 25 18 22 30 22 3 14 116 15 145 29 150 3 5 169 7 164 8 158 3 15 169 26 182 28 167 2 25 90 27 91 1 16 33 3 16 3 17 4 30 4 2 18 68 27 70 3 9 185 17 173 19 218 2 22 37 26 43 3 1 135 2 138 25 98 2 7 59 23 79 4 3 86 5 95 6 69 13 73 3 7 1 25 1 30 1 2 14 47 28 45 3 6 22 7 20 29 26
37 3 1 113 2 128 25 117 2 2 33 10 37 2 7 71 23 77 3 1 120 2 134 25 139 3 3 22 11 23 17 20 2 4 93 15 119 4 3 94 5 92 6 71 13 93 3 5 146 7 142 8 168 2 6 43 28 42 2 7 51 15 38 2 8 97 9 122 2 13 85 27 67 2 7 50 15 40 4 1 63 4 62 10 60 27 58 3 11 21 19 20 25 28 3 13 167 20 182 27 177 2 7 64 23 86 3 4 16 11 15 12 18 3 1 128 2 132 25 105 3 14 157 15 129 29 124 3 6 26 7 27 29 23 3 15 172 26 234 28 209 3 3 19 18 21 30 23 1 16 42 2 6 40 28 52 3 16 3 17 4 30 4 2 18 69 27 64 3 9 206 17 162 19 168 2 16 187 21 140 2 22 38 26 39 2 24 214 25 172 3 4 13 11 18 12 13 3 7 1 25 1 30 1 3 15 233 26 209 28 201 2 25 86 27 84 2 2 73 26 70 2 14 45 28 35
38 3 1 128 2 111 25 113 2 2 85 26 82 3 3 18 11 17 17 19 2 22 37 26 40 2 14 35 28 35 1 16 31 3 3 18 11 18 17 20 2 2 38 10 43 1 16 36 4 3 79 5 79 6 69 13 71 2 16 141 21 174 2 2 47 10 35 4 1 71 4 62 10 54 27 71 2 24 154 25 196 2 4 90 15 91 3 1 110 2 135 25 131 2 6 54 28 46 2 7 44 15 50 3 11 25 19 24 25 24 2 8 104 9 120 3 5 178 7 174 8 171 3 7 1 25 1 30 1 3 16 3 17 3 30 4 2 7 79 23 73 3 4 18 11 18 12 17 2 13 89 27 69 3 14 155 15 109 29 115 3 15 213 26 196 28 221 2 25 105 27 105 3 16 3 17 3 30 3 3 13 169 20 170 27 140 2 18 59 27 55 2 16 156 21 184 3 6 21 7 24 29 20 2 6 50 28 56 3 9 153 17 156 19 225 2 16 171 21 143 3 3 20 18 25 30 23
34 3 13 176 20 130 27 156 3 1 105 2 137 25 114 3 11 20 19 25 25 19 2 2 39 10 39 2 16 181 21 137 3 3 18 11 16 17 16 2 18 73 27 49 3 11 27 19 19 25 27 2 4 111 15 96 4 3 77 5 88 6 64 13 84 2 6 40 28 40 2 7 47 15 48 3 5 155 7 135 8 145 2 8 119 9 100 4 1 61 4 53 10 75 27 60 3 4 17 11 18 12 13 3 7 1 25 1 30 1 2 13 89 27 75 3 14 119 15 148 29 132 2 7 80 23 70 3 15 223 26 199 28 221 2 7 72 23 68 2 25 104 27 102 3 9 199 17 212 19 210 2 14 36 28 39 3 3 18 18 19 30 18 1 16 38 3 16 4 17 4 30 4 2 2 63 26 77 2 14 43 28 45 2 22 44 26 36 2 24 213 25 172 3 3 22 11 16 17 18 3 6 18 7 25 29 23
35 2 16 141 21 148 3 1 97 2 142 25 114 2 2 39 10 45 2 16 127 21 162 3 11 27 19 20 25 26 3 3 22 11 20 17 18 2 4 90 15 91 4 3 68 5 64 6 70 13 78 3 16 3 17 3 30 3 2 6 58 28 53 3 9 188 17 221 19 187 2 7 50 15 40 2 16 131 21 181 3 5 171 7 125 8 171 2 8 96 9 116 4 1 71 4 60 10 70 27 53 3 15 233 26 236 28 192 2 25 107 27 103 3 4 15 11 17 12 15 2 13 92 27 86 3 4 15 11 18 12 19 3 14 122 15 140 29 144 3 3 21 18 23 30 19 3 13 128 20 167 27 148 1 16 42 2 18 51 27 66 2 22 44 26 44 2 7 82 23 65 2 6 52 28 51 2 24 180 25 152 2 18 62 27 74 3 6 27 7 24 29 23 3 7 1 25 1 30 1 2 2 64 26 88 2 14 39 28 49
35 2 16 141 21 148 3 1 97 2 142 25 114 2 2 39 10 45 2 16 127 21 162 3 11 27 19 20 25 26 3 3 22 11 20 17 18 2 4 90 15 91 4 3 68 5 64 6 70 13 78 3 16 3 17 3 30 3 2 6 58 28 53 3 9 188 17 221 19 187 2 7 50 15 40 2 16 131 21 181 3 5 171 7 125 8 171 2 8 96 9 116 4 1 71 4 60 10 70 27 53 3 15 233 26 236 28 192 2 25 107 27 103 3 4 15 11 17 12 15 2 13 92 27 86 3 4 15 11 18 12 19 3 14 122 15 140 29 144 3 3 21 18 23 30 19 3 13 128 20 167 27 148 1 16 42 2 18 51 27 66 2 22 44 26 44 2 7 82 23 65 2 6 52 28 51 2 24 180 25 152 2 18 62 27 74 3 6 27 7 24 29 23 3 7 1 25 1 30 1 2 2 64 26 88 2 14 39 28 49
36 3 1 100 2 116 25 98 2 2 41 10 38 3 3 20 11 18 17 22 2 18 54 27 57 3 11 28 19 25 25 19 2 4 89 15 88 4 3 95 5 92 6 94 13 92 3 1 127 2 135 25 127 2 6 45 28 56 2 7 50 15 45 3 5 156 7 166 8 161 2 8 107 9 120 2 4 89 15 92 4 1 63 4 69 10 75 27 75 3 13 136 20 184 27 141 3 9 168 17 173 19 171 2 14 47 28 39 3 4 13 11 14 12 19 2 24 199 25 170 2 13 63 27 91 3 14 126 15 114 29 110 3 15 237 26 186 28 172 4 1 70 4 67 10 65 27 52 2 25 97 27 93 2 22 36 26 39 3 16 4 17 4 30 4 1 16 35 2 7 87 23 60 2 16 136 21 181 2 24 173 25 193 3 7 1 25 1 30 1 2 16 180 21 162 3 3 24 18 23 30 23 2 2 62 26 71 3 9 190 17 175 19 208 3 6 25 7 24 29 20
40 3 1 106 2 128 25 125 2 2 47 10 43 3 3 16 11 18 17 20 2 4 125 15 118 4 3 69 5 73 6 84 13 73 2 6 43 28 58 3 1 96 2 136 25 110 2 7 39 15 42 3 5 185 7 141 8 168 2 7 39 15 48 2 8 103 9 105 4 1 68 4 72 10 61 27 63 2 8 129 9 130 3 11 21 19 24 25 21 3 4 14 11 16 12 15 3 15 185 26 185 28 189 3 11 20 19 24 25 23 1 16 31 4 1 71 4 56 10 54 27 76 2 25 84 27 110 3 15 163 26 188 28 188 2 13 69 27 85 2 18 67 27 56 3 14 151 15 135 29 161 3 7 1 25 1 30 1 3 4 18 11 18 12 13 2 7 77 23 70 3 6 20 7 25 29 27 3 16 3 17 4 30 4 2 24 153 25 172 3 3 22 18 20 30 20 2 25 88 27 109 3 9 168 17 186 19 183 3 11 27 19 19 25 28 2 2 84 26 72 3 13 156 20 184 27 184 2 16 127 21 146 2 14 35 28 43 3 13 186 20 183 27 171 2 22 40 26 51
38 3 1 129 2 113 25 124 2 2 87 26 84 3 3 20 11 18 17 18 2 22 38 26 42 2 14 51 28 43 1 16 32 3 3 20 11 21 17 23 2 2 32 10 43 1 16 31 4 3 75 5 93 6 93 13 68 2 16 160 21 150 2 2 46 10 39 4 1 62 4 70 10 60 27 76 2 24 159 25 158 2 4 100 15 95 3 1 100 2 129 25 124 2 6 45 28 40 2 7 50 15 52 3 11 25 19 21 25 23 2 8 124 9 131 3 5 126 7 144 8 183 3 7 1 25 1 30 1 3 16 3 17 4 30 3 2 7 81 23 58 3 4 13 11 12 12 17 2 13 61 27 65 3 14 141 15 112 29 110 3 15 183 26 169 28 205 2 25 92 27 74 3 16 4 17 3 30 3 3 13 133 20 168 27 163 2 18 62 27 63 2 16 149 21 133 3 6 19 7 23 29 22 2 6 57 28 47 3 9 154 17 163 19 164 2 16 188 21 157 3 3 20 18 25 30 25
34 3 1 112 2 97 25 123 2 2 38 10 46 3 14 125 15 131 29 109 3 7 1 25 1 30 1 3 9 177 17 197 19 202 3 3 20 11 16 17 17 4 3 74 5 79 6 65 13 89 2 4 118 15 90 2 6 46 28 57 2 7 37 15 53 3 5 149 7 183 8 166 3 14 140 15 137 29 153 2 8 132 9 111 2 18 56 27 56 2 7 86 23 71 2 14 50 28 43 4 1 69 4 58 10 74 27 59 4 3 69 5 73 6 86 13 89 2 16 146 21 184 2 14 49 28 39 3 16 4 17 4 30 4 2 6 56 28 42 3 11 23 19 27 25 21 3 4 13 11 19 12 14 2 13 76 27 71 3 15 173 26 172 28 182 1 16 42 3 13 133 20 146 27 142 3 6 19 7 23 29 26 2 2 65 26 83 2 22 40 26 51 3 3 20 18 17 30 24 2 24 175 25 196 2 25 98 27 89
37 3 1 113 2 109 25 108 2 2 47 10 42 2 7 62 23 75 3 1 131 2 142 25 132 3 3 22 11 19 17 21 2 4 123 15 93 4 3 89 5 70 6 65 13 77 3 5 153 7 168 8 133 2 6 51 28 39 2 7 54 15 51 2 8 102 9 119 2 13 80 27 90 2 7 39 15 47 4 1 74 4 59 10 74 27 65 3 11 24 19 25 25 27 3 13 164 20 181 27 145 2 7 66 23 74 3 4 17 11 12 12 18 3 1 97 2 139 25 101 3 14 131 15 161 29 113 3 6 19 7 27 29 24 3 15 195 26 236 28 199 3 3 20 18 24 30 24 1 16 31 2 6 57 28 57 3 16 4 17 3 30 4 2 18 64 27 68 3 9 219 17 188 19 172 2 16 171 21 143 2 22 37 26 42 2 24 154 25 189 3 4 18 11 15 12 15 3 7 1 25 1 30 1 3 15 196 26 175 28 225 2 25 109 27 79 2 2 85 26 81 2 14 39 28 35
37 3 1 113 2 109 25 108 2 2 47 10 42 2 7 62 23 75 3 1 131 2 142 25 132 3 3 22 11 19 17 21 2 4 123 15 93 4 3 89 5 70 6 65 13 77 3 5 153 7 168 8 133 2 6 51 28 39 2 7 54 15 51 2 8 102 9 119 2 13 80 27 90 2 7 39 15 47 4 1 74 4 59 10 74 27 65 3 11 24 19 25 25 27 3 13 164 20 181 27 145 2 7 66 23 74 3 4 17 11 12 12 18 3 1 97 2 139 25 101 3 14 131 15 161 29 113 3 6 19 7 27 29 24 3 15 195 26 236 28 199 3 3 20 18 24 30 24 1 16 31 2 6 57 28 57 3 16 4 17 3 30 4 2 18 64 27 68 3 9 219 17 188 19 172 2 16 171 21 143 2 22 37 26 42 2 24 154 25 189 3 4 18 11 15 12 15 3 7 1 25 1 30 1 3 15 196 26 175 28 225 2 25 109 27 79 2 2 85 26 81 2 14 39 28 35
37 3 1 113 2 109 25 108 2 2 47 10 42 2 7 62 23 75 3 1 131 2 142 25 132 3 3 22 11 19 17 21 2 4 123 15 93 4 3 89 5 70 6 65 13 77 3 5 153 7 168 8 133 2 6 51 28 39 2 7 54 15 51 2 8 102 9 119 2 13 80 27 90 2 7 39 15 47 4 1 74 4 59 10 74 27 65 3 11 24 19 25 25 27 3 13 164 20 181 27 145 2 7 66 23 74 3 4 17 11 12 12 18 3 1 97 2 139 25 101 3 14 131 15 161 29 113 3 6 19 7 27 29 24 3 15 195 26 236 28 199 3 3 20 18 24 30 24 1 16 31 2 6 57 28 57 3 16 4 17 3 30 4 2 18 64 27 68 3 9 219 17 188 19 172 2 16 171 21 143 2 22 37 26 42 2 24 154 25 189 3 4 18 11 15 12 15 3 7 1 25 1 30 1 3 15 196 26 175 28 225 2 25 109 27 79 2 2 85 26 81 2 14 39 28 35
40 3 1 138 2 106 25 132 2 2 47 10 37 3 3 23 11 17 17 19 2 4 112 15 94 4 3 75 5 81 6 79 13 84 2 6 56 28 54 3 1 124 2 142 25 100 2 7 38 15 56 3 5 185 7 172 8 147 2 7 47 15 37 2 8 118 9 134 4 1 53 4 74 10 65 27 70 2 8 108 9 107 3 11 27 19 21 25 25 3 4 13 11 16 12 17 3 15 234 26 166 28 181 3 11 24 19 25 25 22 1 16 39 4 1 59 4 57 10 62 27 56 2 25 102 27 76 3 15 194 26 202 28 164 2 13 75 27 77 2 18 70 27 61 3 14 138 15 155 29 150 3 7 1 25 1 30 1 3 4 18 11 14 12 12 2 7 72 23 69 3 6 19 7 19 29 27 3 16 4 17 3 30 3 2 24 203 25 190 3 3 25 18 23 30 22 2 25 89 27 77 3 9 172 17 196 19 157 3 11 27 19 25 25 28 2 2 87 26 85 3 13 183 20 130 27 159 2 16 143 21 190 2 14 44 28 47 3 13 186 20 188 27 158 2 22 49 26 40
34 3 1 102 2 122 25 115 2 2 33 10 32 3 14 159 15 157 29 111 3 7 1 25 1 30 1 3 9 175 17 215 19 180 3 3 22 11 16 17 21 4 3 84 5 92 6 88 13 93 2 4 123 15 121 2 6 40 28 54 2 7 53 15 39 3 5 171 7 169 8 169 3 14 145 15 131 29 133 2 8 105 9 131 2 18 59 27 61 2 7 73 23 73 2 14 37 28 43 4 1 55 4 69 10 73 27 54 4 3 88 5 72 6 73 13 77 2 16 148 21 173 2 14 36 28 39 3 16 4 17 3 30 4 2 6 49 28 52 3 11 23 19 23 25 20 3 4 18 11 16 12 15 2 13 75 27 77 3 15 202 26 225 28 200 1 16 37 3 13 127 20 171 27 168 3 6 20 7 24 29 21 2 2 86 26 78 2 22 47 26 50 3 3 24 18 25 30 22 2 24 181 25 210 2 25 109 27 90
34 3 1 102 2 122 25 115 2 2 33 10 32 3 14 159 15 157 29 111 3 7 1 25 1 30 1 3 9 175 17 215 19 180 3 3 22 11 16 17 21 4 3 84 5 92 6 88 13 93 2 4 123 15 121 2 6 40 28 54 2 7 53 15 39 3 5 171 7 169 8 169 3 14 145 15 131 29 133 2 8 105 9 131 2 18 59 27 61 2 7 73 23 73 2 14 37 28 43 4 1 55 4 69 10 73 27 54 4 3 88 5 72 6 73 13 77 2 16 148 21 173 2 14 36 28 39 3 16 4 17 3 30 4 2 6 49 28 52 3 11 23 19 23 25 20 3 4 18 11 16 12 15 2 13 75 27 77 3 15 202 26 225 28 200 1 16 37 3 13 127 20 171 27 168 3 6 20 7 24 29 21 2 2 86 26 78 2 22 47 26 50 3 3 24 18 25 30 22 2 24 181 25 210 2 25 109 27 90
36 3 1 130 2 97 25 97 4 3 95 5 89 6 64 13 65 2 2 36 10 36 3 3 16 11 21 17 17 2 2 42 10 40 3 4 17 11 16 12 13 2 24 205 25 188 3 13 152 20 162 27 128 2 2 67 26 77 2 4 116 15 94 2 6 50 28 39 2 2 76 26 89 2 7 51 15 47 3 5 139 7 136 8 125 2 4 104 15 102 2 16 133 21 128 2 8 125 9 131 4 1 78 4 58 10 60 27 53 3 11 28 19 23 25 23 2 13 68 27 64 3 3 19 18 18 30 22 3 14 129 15 122 29 158 3 5 156 7 139 8 142 3 15 230 26 178 28 223 2 25 102 27 98 1 16 36 3 16 3 17 4 30 3 2 18 54 27 71 3 9 179 17 208 19 172 2 22 42 26 40 3 1 138 2 117 25 97 2 7 79 23 61 4 3 73 5 87 6 89 13 64 3 7 1 25 1 30 1 2 14 48 28 50 3 6 26 7 20 29 25
36 3 1 130 2 97 25 97 4 3 95 5 89 6 64 13 65 2 2 36 10 36 3 3 16 11 21 17 17 2 2 42 10 40 3 4 17 11 16 12 13 2 24 205 25 188 3 13 152 20 162 27 128 2 2 67 26 77 2 4 116 15 94 2 6 50 28 39 2 2 76 26 89 2 7 51 15 47 3 5 139 7 136 8 125 2 4 104 15 102 2 16 133 21 128 2 8 125 9 131 4 1 78 4 58 10 60 27 53 3 11 28 19 23 25 23 2 13 68 27 64 3 3 19 18 18 30 22 3 14 129 15 122 29 158 3 5 156 7 139 8 142 3 15 230 26 178 28 223 2 25 102 27 98 1 16 36 3 16 3 17 4 30 3 2 18 54 27 71 3 9 179 17 208 19 172 2 22 42 26 40 3 1 138 2 117 25 97 2 7 79 23 61 4 3 73 5 87 6 89 13 64 3 7 1 25 1 30 1 2 14 48 28 50 3 6 26 7 20 29 25
39 2 7 45 15 55 2 13 68 27 85 2 7 53 15 43 2 6 58 28 47 3 1 98 2 111 25 118 2 7 86 23 70 2 2 37 10 32 3 14 153 15 121 29 117 3 9 188 17 201 19 217 2 13 72 27 62 3 3 22 11 19 17 16 2 7 52 15 52 2 4 117 15 125 4 3 84 5 70 6 88 13 95 3 3 18 18 19 30 20 3 11 22 19 20 25 25 3 3 23 18 19 30 18 3 5 133 7 140 8 133 2 13 80 27 79 2 8 109 9 99 4 1 56 4 72 10 75 27 64 2 24 208 25 157 4 3 81 5 91 6 74 13 78 3 4 15 11 13 12 18 3 15 162 26 186 28 226 3 6 18 7 23 29 24 1 16 38 3 16 3 17 4 30 4 3 5 125 7 127 8 137 2 18 51 27 65 3 13 156 20 126 27 129 2 2 67 26 68 2 22 37 26 43 2 6 42 28 57 2 16 187 21 177 3 7 1 25 1 30 1 2 8 130 9 119 2 25 101 27 96 2 14 39 28 40
39 2 7 45 15 55 2 13 68 27 85 2 7 53 15 43 2 6 58 28 47 3 1 98 2 111 25 118 2 7 86 23 70 2 2 37 10 32 3 14 153 15 121 29 117 3 9 188 17 201 19 217 2 13 72 27 62 3 3 22 11 19 17 16 2 7 52 15 52 2 4 117 15 125 4 3 84 5 70 6 88 13 95 3 3 18 18 19 30 20 3 11 22 19 20 25 25 3 3 23 18 19 30 18 3 5 133 7 140 8 133 2 13 80 27 79 2 8 109 9 99 4 1 56 4 72 10 75 27 64 2 24 208 25 157 4 3 81 5 91 6 74 13 78 3 4 15 11 13 12 18 3 15 162 26 186 28 226 3 6 18 7 23 29 24 1 16 38 3 16 3 17 4 30 4 3 5 125 7 127 8 137 2 18 51 27 65 3 13 156 20 126 27 129 2 2 67 26 68 2 22 37 26 43 2 6 42 28 57 2 16 187 21 177 3 7 1 25 1 30 1 2 8 130 9 119 2 25 101 27 96 2 14 39 28 40
36 3 1 112 2 135 25 119 4 3 88 5 94 6 78 13 71 2 2 45 10 36 3 3 22 11 23 17 19 2 2 34 10 37 3 4 13 11 15 12 17 2 24 199 25 216 3 13 153 20 163 27 125 2 2 77 26 89 2 4 92 15 118 2 6 45 28 41 2 2 67 26 64 2 7 48 15 50 3 5 140 7 131 8 146 2 4 86 15 97 2 16 174 21 145 2 8 114 9 90 4 1 67 4 63 10 67 27 77 3 11 24 19 22 25 23 2 13 72 27 63 3 3 22 18 19 30 24 3 14 132 15 123 29 153 3 5 169 7 157 8 182 3 15 221 26 174 28 199 2 25 110 27 83 1 16 41 3 16 3 17 4 30 3 2 18 70 27 55 3 9 198 17 193 19 209 2 22 47 26 39 3 1 130 2 140 25 133 2 7 62 23 75 4 3 82 5 83 6 81 13 89 3 7 1 25 1 30 1 2 14 43 28 49 3 6 22 7 22 29 18
36 3 1 131 2 123 25 122 2 2 39 10 41 3 3 22 11 21 17 19 2 18 72 27 64 3 11 28 19 25 25 26 2 4 107 15 89 4 3 86 5 64 6 69 13 87 3 1 113 2 138 25 137 2 6 45 28 49 2 7 43 15 45 3 5 147 7 138 8 154 2 8 134 9 118 2 4 123 15 92 4 1 60 4 73 10 75 27 64 3 13 166 20 164 27 148 3 9 217 17 208 19 219 2 14 43 28 46 3 4 13 11 15 12 18 2 24 151 25 187 2 13 62 27 82 3 14 153 15 129 29 150 3 15 237 26 233 28 199 4 1 67 4 73 10 63 27 77 2 25 99 27 93 2 22 45 26 41 3 16 3 17 3 30 3 1 16 30 2 7 83 23 75 2 16 134 21 173 2 24 184 25 188 3 7 1 25 1 30 1 2 16 183 21 130 3 3 23 18 23 30 21 2 2 77 26 85 3 9 222 17 171 19 187 3 6 26 7 27 29 25
36 3 1 107 2 141 25 118 4 3 95 5 80 6 72 13 77 2 2 46 10 42 3 3 20 11 20 17 18 2 2 34 10 35 3 4 15 11 12 12 13 2 24 198 25 215 3 13 186 20 157 27 164 2 2 73 26 89 2 4 120 15 100 2 6 56 28 49 2 2 73 26 76 2 7 38 15 53 3 5 128 7 136 8 148 2 4 94 15 100 2 16 187 21 141 2 8 92 9 128 4 1 66 4 65 10 52 27 74 3 11 26 19 20 25 22 2 13 85 27 72 3 3 25 18 19 30 24 3 14 115 15 111 29 150 3 5 130 7 160 8 180 3 15 172 26 167 28 223 2 25 80 27 82 1 16 36 3 16 4 17 3 30 4 2 18 62 27 71 3 9 181 17 184 19 223 2 22 47 26 43 3 1 126 2 118 25 133 2 7 74 23 86 4 3 86 5 78 6 84 13 74 3 7 1 25 1 30 1 2 14 48 28 36 3 6 23 7 24 29 20
37 3 1 98 2 101 25 101 2 2 42 10 43 3 1 109 2 98 25 125 2 14 45 28 42 3 3 19 11 19 17 16 2 7 39 15 45 3 3 19 11 20 17 19 2 4 119 15 90 2 7 40 15 49 4 3 85 5 66 6 85 13 94 3 1 103 2 128 25 108 2 13 80 27 84 2 6 53 28 44 3 5 179 7 151 8 161 2 8 101 9 122 4 1 62 4 63 10 72 27 62 3 11 26 19 23 25 19 2 18 68 27 58 2 8 120 9 117 3 4 18 11 18 12 18 3 14 110 15 161 29 128 3 15 224 26 212 28 229 1 16 36 3 16 4 17 4 30 4 2 13 71 27 89 3 7 1 25 1 30 1 3 9 177 17 171 19 228 3 13 140 20 148 27 137 2 16 174 21 142 2 22 50 26 38 2 7 59 23 83 2 24 205 25 172 2 2 81 26 60 2 13 71 27 64 2 25 85 27 77 3 6 20 7 19 29 21 3 3 17 18 25 30 18
36 3 1 118 2 108 25 97 2 2 36 10 36 3 3 20 11 18 17 23 2 18 49 27 63 3 11 20 19 22 25 28 2 4 96 15 106 4 3 76 5 80 6 91 13 77 3 1 121 2 117 25 102 2 6 44 28 50 2 7 51 15 44 3 5 145 7 146 8 141 2 8 124 9 94 2 4 118 15 121 4 1 67 4 69 10 62 27 58 3 13 156 20 130 27 182 3 9 189 17 223 19 165 2 14 44 28 45 3 4 13 11 16 12 17 2 24 165 25 184 2 13 61 27 87 3 14 140 15 159 29 127 3 15 211 26 181 28 196 4 1 77 4 65 10 62 27 69 2 25 106 27 82 2 22 52 26 43 3 16 3 17 4 30 4 1 16 31 2 7 86 23 71 2 16 143 21 146 2 24 167 25 158 3 7 1 25 1 30 1 2 16 186 21 158 3 3 23 18 24 30 23 2 2 76 26 88 3 9 180 17 185 19 198 3 6 24 7 19 29 24
40 3 1 105 2 105 25 135 2 2 41 10 36 3 3 18 11 18 17 20 2 4 106 15 111 4 3 66 5 91 6 78 13 86 2 6 43 28 56 3 1 101 2 99 25 138 2 7 51 15 45 3 5 174 7 180 8 168 2 7 38 15 48 2 8 111 9 126 4 1 54 4 64 10 57 27 76 2 8 98 9 98 3 11 20 19 28 25 28 3 4 18 11 15 12 14 3 15 213 26 172 28 210 3 11 27 19 21 25 26 1 16 30 4 1 56 4 64 10 56 27 57 2 25 93 27 94 3 15 196 26 165 28 181 2 13 62 27 68 2 18 74 27 59 3 14 154 15 112 29 158 3 7 1 25 1 30 1 3 4 16 11 15 12 16 2 7 59 23 61 3 6 18 7 18 29 18 3 16 4 17 3 30 4 2 24 179 25 218 3 3 19 18 19 30 26 2 25 104 27 76 3 9 218 17 219 19 186 3 11 25 19 24 25 20 2 2 83 26 60 3 13 174 20 143 27 183 2 16 168 21 169 2 14 46 28 48 3 13 177 20 153 27 150 2 22 38 26 42
39 2 6 40 28 45 3 14 128 15 145 29 129 3 1 127 2 101 25 112 2 2 43 10 32 4 3 77 5 92 6 76 13 91 3 3 23 11 19 17 23 2 4 120 15 115 3 14 128 15 109 29 133 2 7 48 15 53 3 5 184 7 186 8 169 3 1 111 2 116 25 136 2 8 105 9 126 4 1 63 4 63 10 61 27 72 3 11 25 19 20 25 22 4 1 56 4 68 10 63 27 58 3 4 15 11 14 12 13 3 3 22 18 22 30 25 3 1 119 2 113 25 110 2 25 93 27 105 3 4 17 11 14 12 17 3 15 199 26 203 28 160 2 13 69 27 82 3 14 151 15 114 29 119 1 16 38 3 16 4 17 4 30 3 2 18 51 27 49 2 2 77 26 75 2 16 173 21 185 2 4 107 15 105 2 7 69 23 66 2 24 197 25 175 3 9 189 17 163 19 208 2 14 47 28 40 2 18 54 27 70 3 13 165 20 157 27 171 3 14 130 15 124 29 135 2 22 36 26 45 3 7 1 25 1 30 1 3 6 19 7 26 29 26
DUE_DATES: 3547 3547 2784 2784 2784 3251 3272 3272 3272 3493 2930 3302 3302 3302 3582 3582 2937 2848 2848 2848 3572 3572 3485 3208 3335 3262 2795 3090 3090 3457 3544 3139 2932 3315 3315 3315 3610 3026 3026 3182 3182 3302 3302 3261 3600 3266 3205 3466 3550 3598
WEIGHTS: 2 3 2 3 3 1 1 3 2 1 2 3 2 1 3 3 2 2 2 1 2 3 2 2 3 2 3 1 1 3 2 2 1 3 2 1 3 1 3 3 1 3 1 2 3 2 3 2 2 3
