50 30
35 3 3 48 23 158 27 219 3 15 51 21 48 26 156 3 9 115 20 224 25 118 3 3 52 23 103 27 272 2 11 134 17 166 3 15 104 19 236 25 224 2 1 64 29 143 2 6 22 10 53 3 13 135 17 197 25 262 3 2 13 20 30 25 25 2 5 117 25 170 3 2 30 20 17 25 10 3 17 48 21 67 29 38 2 4 346 22 312 3 3 251 23 254 27 253 2 6 56 29 48 3 7 278 9 233 21 281 2 8 205 20 200 2 10 300 14 253 3 4 46 9 234 21 160 2 13 125 18 281 3 4 216 9 249 21 148 3 1 111 28 23 29 36 3 12 71 26 66 29 148 3 3 54 16 66 28 32 3 13 83 24 106 28 113 3 5 32 23 58 29 53 2 7 63 15 58 2 11 238 16 55 3 5 165 23 201 29 26 2 14 37 19 16 3 4 86 20 45 22 157 3 10 175 24 165 30 178 2 24 28 27 25 1 30 82
35 3 3 48 23 158 27 219 3 15 51 21 48 26 156 3 9 115 20 224 25 118 3 3 52 23 103 27 272 2 11 134 17 166 3 15 104 19 236 25 224 2 1 64 29 143 2 6 22 10 53 3 13 135 17 197 25 262 3 2 13 20 30 25 25 2 5 117 25 170 3 2 30 20 17 25 10 3 17 48 21 67 29 38 2 4 346 22 312 3 3 251 23 254 27 253 2 6 56 29 48 3 7 278 9 233 21 281 2 8 205 20 200 2 10 300 14 253 3 4 46 9 234 21 160 2 13 125 18 281 3 4 216 9 249 21 148 3 1 111 28 23 29 36 3 12 71 26 66 29 148 3 3 54 16 66 28 32 3 13 83 24 106 28 113 3 5 32 23 58 29 53 2 7 63 15 58 2 11 238 16 55 3 5 165 23 201 29 26 2 14 37 19 16 3 4 86 20 45 22 157 3 10 175 24 165 30 178 2 24 28 27 25 1 30 82
34 2 1 153 29 45 3 2 9 20 10 25 27 3 3 285 23 151 27 151 2 5 23 25 31 2 4 46 22 53 3 2 32 20 26 25 30 2 6 55 29 49 3 1 103 28 99 29 110 3 17 51 21 59 29 13 3 7 114 9 278 21 70 2 5 95 25 80 3 3 55 16 48 28 26 2 10 120 14 180 3 15 179 21 54 26 238 2 8 87 20 136 3 13 40 17 41 25 43 3 4 141 9 86 21 184 2 7 57 15 16 2 6 104 10 91 2 11 119 17 173 2 6 10 29 17 3 12 34 26 57 29 110 3 13 117 24 190 28 202 3 9 113 20 244 25 62 3 13 285 17 61 25 305 3 5 97 23 148 29 135 2 24 10 27 5 2 11 133 16 61 3 10 158 24 164 30 97 2 13 92 18 165 2 14 55 19 34 3 4 267 20 143 22 178 3 15 101 19 52 25 85 1 30 178
35 3 2 23 20 19 25 26 2 13 148 18 297 3 2 22 20 27 25 30 3 17 81 21 34 29 67 3 2 27 20 11 25 4 2 1 55 29 189 3 17 65 21 45 29 24 3 3 85 23 189 27 60 2 4 294 22 85 2 5 105 25 65 2 14 51 19 48 2 6 48 29 53 3 7 71 9 193 21 113 2 8 76 20 38 3 4 222 9 289 21 289 2 6 106 10 50 2 11 131 17 183 3 12 192 26 67 29 99 3 13 86 24 209 28 26 3 13 176 17 255 25 311 2 10 70 14 279 2 11 131 17 130 3 1 55 28 87 29 106 2 7 28 15 33 3 3 13 16 63 28 30 2 11 230 16 266 3 9 136 20 221 25 200 2 24 28 27 3 2 11 121 16 99 3 4 43 20 245 22 170 3 10 52 24 35 30 130 1 30 108 3 5 35 23 104 29 67 3 15 185 19 103 25 136 3 15 57 21 67 26 205
36 3 13 109 24 142 28 62 2 1 191 29 148 3 4 239 20 233 22 105 3 2 11 20 10 25 4 2 8 166 20 38 3 4 104 20 162 22 198 3 7 71 9 220 21 152 3 3 328 23 243 27 287 2 24 20 27 20 3 13 73 24 105 28 135 2 4 172 22 126 2 5 72 25 107 3 2 4 20 27 25 13 2 6 63 29 65 3 4 189 9 275 21 112 2 6 80 10 86 3 15 188 21 123 26 77 2 1 97 29 102 2 7 42 15 51 2 11 210 17 136 3 12 99 26 36 29 273 3 9 279 20 113 25 44 1 30 75 2 10 68 14 141 2 11 212 16 175 3 5 84 23 65 29 143 3 13 286 17 282 25 316 2 13 108 18 271 2 14 42 19 28 3 9 56 20 256 25 251 3 10 101 24 37 30 113 2 1 23 29 178 3 3 46 16 52 28 8 3 17 26 21 27 29 61 3 15 102 19 51 25 148 3 1 102 28 51 29 31
36 3 13 109 24 142 28 62 2 1 191 29 148 3 4 239 20 233 22 105 3 2 11 20 10 25 4 2 8 166 20 38 3 4 104 20 162 22 198 3 7 71 9 220 21 152 3 3 328 23 243 27 287 2 24 20 27 20 3 13 73 24 105 28 135 2 4 172 22 126 2 5 72 25 107 3 2 4 20 27 25 13 2 6 63 29 65 3 4 189 9 275 21 112 2 6 80 10 86 3 15 188 21 123 26 77 2 1 97 29 102 2 7 42 15 51 2 11 210 17 136 3 12 99 26 36 29 273 3 9 279 20 113 25 44 1 30 75 2 10 68 14 141 2 11 212 16 175 3 5 84 23 65 29 143 3 13 286 17 282 25 316 2 13 108 18 271 2 14 42 19 28 3 9 56 20 256 25 251 3 10 101 24 37 30 113 2 1 23 29 178 3 3 46 16 52 28 8 3 17 26 21 27 29 61 3 15 102 19 51 25 148 3 1 102 28 51 29 31
36 3 13 109 24 142 28 62 2 1 191 29 148 3 4 239 20 233 22 105 3 2 11 20 10 25 4 2 8 166 20 38 3 4 104 20 162 22 198 3 7 71 9 220 21 152 3 3 328 23 243 27 287 2 24 20 27 20 3 13 73 24 105 28 135 2 4 172 22 126 2 5 72 25 107 3 2 4 20 27 25 13 2 6 63 29 65 3 4 189 9 275 21 112 2 6 80 10 86 3 15 188 21 123 26 77 2 1 97 29 102 2 7 42 15 51 2 11 210 17 136 3 12 99 26 36 29 273 3 9 279 20 113 25 44 1 30 75 2 10 68 14 141 2 11 212 16 175 3 5 84 23 65 29 143 3 13 286 17 282 25 316 2 13 108 18 271 2 14 42 19 28 3 9 56 20 256 25 251 3 10 101 24 37 30 113 2 1 23 29 178 3 3 46 16 52 28 8 3 17 26 21 27 29 61 3 15 102 19 51 25 148 3 1 102 28 51 29 31
34 2 1 55 29 111 3 2 4 20 27 25 28 2 1 162 29 187 3 3 157 23 205 27 317 3 15 69 19 172 25 91 3 3 45 16 9 28 27 2 4 103 22 182 2 6 26 29 17 3 15 186 21 78 26 230 3 7 82 9 271 21 136 3 17 65 21 16 29 20 3 2 18 20 28 25 23 2 5 69 25 51 3 12 152 26 83 29 108 2 6 28 10 138 2 8 234 20 80 3 4 273 9 262 21 249 2 24 9 27 26 3 13 27 24 150 28 96 2 11 276 17 262 2 10 274 14 327 2 7 8 15 51 3 10 220 24 125 30 278 2 11 72 16 40 3 17 19 21 82 29 32 3 13 283 17 288 25 212 2 13 51 18 301 2 14 11 19 40 1 30 61 3 9 112 20 155 25 113 3 1 117 28 93 29 98 2 11 130 17 129 3 4 180 20 150 22 143 3 5 124 23 188 29 39
34 2 1 55 29 111 3 2 4 20 27 25 28 2 1 162 29 187 3 3 157 23 205 27 317 3 15 69 19 172 25 91 3 3 45 16 9 28 27 2 4 103 22 182 2 6 26 29 17 3 15 186 21 78 26 230 3 7 82 9 271 21 136 3 17 65 21 16 29 20 3 2 18 20 28 25 23 2 5 69 25 51 3 12 152 26 83 29 108 2 6 28 10 138 2 8 234 20 80 3 4 273 9 262 21 249 2 24 9 27 26 3 13 27 24 150 28 96 2 11 276 17 262 2 10 274 14 327 2 7 8 15 51 3 10 220 24 125 30 278 2 11 72 16 40 3 17 19 21 82 29 32 3 13 283 17 288 25 212 2 13 51 18 301 2 14 11 19 40 1 30 61 3 9 112 20 155 25 113 3 1 117 28 93 29 98 2 11 130 17 129 3 4 180 20 150 22 143 3 5 124 23 188 29 39
34 2 1 55 29 111 3 2 4 20 27 25 28 2 1 162 29 187 3 3 157 23 205 27 317 3 15 69 19 172 25 91 3 3 45 16 9 28 27 2 4 103 22 182 2 6 26 29 17 3 15 186 21 78 26 230 3 7 82 9 271 21 136 3 17 65 21 16 29 20 3 2 18 20 28 25 23 2 5 69 25 51 3 12 152 26 83 29 108 2 6 28 10 138 2 8 234 20 80 3 4 273 9 262 21 249 2 24 9 27 26 3 13 27 24 150 28 96 2 11 276 17 262 2 10 274 14 327 2 7 8 15 51 3 10 220 24 125 30 278 2 11 72 16 40 3 17 19 21 82 29 32 3 13 283 17 288 25 212 2 13 51 18 301 2 14 11 19 40 1 30 61 3 9 112 20 155 25 113 3 1 117 28 93 29 98 2 11 130 17 129 3 4 180 20 150 22 143 3 5 124 23 188 29 39
34 3 15 115 19 118 25 40 2 1 127 29 77 3 2 9 20 9 25 3 3 3 278 23 113 27 90 2 4 241 22 224 2 5 50 25 128 3 3 72 23 156 27 97 2 6 16 29 26 3 7 256 9 65 21 286 2 13 74 18 54 2 8 251 20 100 3 4 221 9 42 21 167 2 6 132 10 78 2 7 50 15 21 3 10 212 24 209 30 253 2 11 266 17 286 3 12 274 26 170 29 38 3 10 80 24 117 30 54 3 13 88 24 189 28 94 3 3 31 16 64 28 28 3 1 100 28 119 29 116 2 10 163 14 331 3 12 259 26 98 29 280 3 4 158 20 213 22 203 2 11 251 16 62 3 15 98 21 81 26 34 2 24 15 27 7 3 4 83 9 264 21 172 3 13 143 17 242 25 133 2 14 42 19 52 3 9 261 20 206 25 233 3 17 12 21 16 29 55 3 5 188 23 128 29 79 1 30 159
34 3 15 115 19 118 25 40 2 1 127 29 77 3 2 9 20 9 25 3 3 3 278 23 113 27 90 2 4 241 22 224 2 5 50 25 128 3 3 72 23 156 27 97 2 6 16 29 26 3 7 256 9 65 21 286 2 13 74 18 54 2 8 251 20 100 3 4 221 9 42 21 167 2 6 132 10 78 2 7 50 15 21 3 10 212 24 209 30 253 2 11 266 17 286 3 12 274 26 170 29 38 3 10 80 24 117 30 54 3 13 88 24 189 28 94 3 3 31 16 64 28 28 3 1 100 28 119 29 116 2 10 163 14 331 3 12 259 26 98 29 280 3 4 158 20 213 22 203 2 11 251 16 62 3 15 98 21 81 26 34 2 24 15 27 7 3 4 83 9 264 21 172 3 13 143 17 242 25 133 2 14 42 19 52 3 9 261 20 206 25 233 3 17 12 21 16 29 55 3 5 188 23 128 29 79 1 30 159
34 2 1 100 29 127 3 2 12 20 16 25 29 3 3 304 23 138 27 326 2 5 89 25 163 2 4 248 22 276 3 2 30 20 14 25 11 2 6 42 29 37 3 1 35 28 29 29 88 3 17 41 21 33 29 28 3 7 262 9 153 21 186 2 5 54 25 102 3 3 11 16 67 28 22 2 10 66 14 158 3 15 196 21 215 26 263 2 8 203 20 53 3 13 319 17 173 25 178 3 4 274 9 202 21 178 2 7 20 15 33 2 6 128 10 64 2 11 33 17 234 2 6 72 29 35 3 12 125 26 152 29 55 3 13 67 24 122 28 95 3 9 267 20 146 25 58 3 13 37 17 132 25 214 3 5 134 23 195 29 109 2 24 27 27 3 2 11 83 16 229 3 10 259 24 267 30 143 2 13 129 18 309 2 14 15 19 48 3 4 150 20 206 22 270 3 15 105 19 148 25 181 1 30 62
34 2 1 100 29 127 3 2 12 20 16 25 29 3 3 304 23 138 27 326 2 5 89 25 163 2 4 248 22 276 3 2 30 20 14 25 11 2 6 42 29 37 3 1 35 28 29 29 88 3 17 41 21 33 29 28 3 7 262 9 153 21 186 2 5 54 25 102 3 3 11 16 67 28 22 2 10 66 14 158 3 15 196 21 215 26 263 2 8 203 20 53 3 13 319 17 173 25 178 3 4 274 9 202 21 178 2 7 20 15 33 2 6 128 10 64 2 11 33 17 234 2 6 72 29 35 3 12 125 26 152 29 55 3 13 67 24 122 28 95 3 9 267 20 146 25 58 3 13 37 17 132 25 214 3 5 134 23 195 29 109 2 24 27 27 3 2 11 83 16 229 3 10 259 24 267 30 143 2 13 129 18 309 2 14 15 19 48 3 4 150 20 206 22 270 3 15 105 19 148 25 181 1 30 62
36 3 13 214 24 192 28 129 2 1 80 29 197 3 4 43 20 45 22 54 3 2 10 20 8 25 27 2 8 190 20 223 3 4 161 20 132 22 258 3 7 200 9 290 21 276 3 3 277 23 319 27 316 2 24 22 27 16 3 13 178 24 125 28 162 2 4 127 22 349 2 5 52 25 117 3 2 3 20 3 25 25 2 6 73 29 23 3 4 241 9 173 21 54 2 6 29 10 32 3 15 88 21 219 26 53 2 1 100 29 113 2 7 43 15 16 2 11 104 17 165 3 12 231 26 56 29 152 3 9 213 20 153 25 147 1 30 56 2 10 214 14 306 2 11 102 16 152 3 5 34 23 179 29 114 3 13 133 17 108 25 111 2 13 258 18 241 2 14 47 19 21 3 9 213 20 60 25 195 3 10 116 24 169 30 49 2 1 77 29 99 3 3 39 16 17 28 43 3 17 83 21 67 29 43 3 15 201 19 264 25 83 3 1 74 28 33 29 65
36 3 13 182 24 144 28 81 2 1 29 29 45 3 4 240 20 148 22 32 3 2 23 20 18 25 27 2 8 204 20 169 3 4 50 20 252 22 86 3 7 214 9 133 21 279 3 3 95 23 99 27 70 2 24 22 27 19 3 13 138 24 77 28 138 2 4 359 22 218 2 5 170 25 70 3 2 15 20 29 25 7 2 6 15 29 20 3 4 337 9 300 21 270 2 6 60 10 134 3 15 174 21 263 26 64 2 1 98 29 42 2 7 59 15 30 2 11 127 17 139 3 12 191 26 202 29 139 3 9 158 20 67 25 39 1 30 142 2 10 214 14 239 2 11 264 16 228 3 5 73 23 175 29 134 3 13 241 17 188 25 167 2 13 56 18 35 2 14 43 19 54 3 9 117 20 184 25 230 3 10 151 24 71 30 63 2 1 166 29 74 3 3 50 16 8 28 18 3 17 58 21 46 29 80 3 15 268 19 277 25 161 3 1 27 28 50 29 107
36 2 1 174 29 104 2 11 249 16 146 2 1 47 29 136 3 12 279 26 98 29 144 2 6 23 29 18 3 3 68 16 65 28 22 3 2 22 20 12 25 8 3 3 250 23 162 27 212 2 24 25 27 12 2 4 337 22 329 2 5 109 25 48 3 7 174 9 56 21 89 3 3 244 23 158 27 251 2 8 254 20 241 2 24 16 27 16 2 14 45 19 58 3 4 171 9 92 21 240 2 6 89 10 125 2 11 216 17 136 3 10 91 24 104 30 121 2 10 335 14 274 3 13 112 24 172 28 96 2 13 207 18 174 2 7 12 15 36 3 13 61 17 122 25 256 3 4 208 20 176 22 134 3 9 110 20 84 25 223 3 17 70 21 13 29 67 2 6 46 29 32 1 30 31 3 15 85 19 291 25 257 2 6 66 10 24 3 5 78 23 185 29 189 3 1 54 28 49 29 84 3 2 31 20 11 25 30 3 15 220 21 41 26 204
36 2 1 174 29 104 2 11 249 16 146 2 1 47 29 136 3 12 279 26 98 29 144 2 6 23 29 18 3 3 68 16 65 28 22 3 2 22 20 12 25 8 3 3 250 23 162 27 212 2 24 25 27 12 2 4 337 22 329 2 5 109 25 48 3 7 174 9 56 21 89 3 3 244 23 158 27 251 2 8 254 20 241 2 24 16 27 16 2 14 45 19 58 3 4 171 9 92 21 240 2 6 89 10 125 2 11 216 17 136 3 10 91 24 104 30 121 2 10 335 14 274 3 13 112 24 172 28 96 2 13 207 18 174 2 7 12 15 36 3 13 61 17 122 25 256 3 4 208 20 176 22 134 3 9 110 20 84 25 223 3 17 70 21 13 29 67 2 6 46 29 32 1 30 31 3 15 85 19 291 25 257 2 6 66 10 24 3 5 78 23 185 29 189 3 1 54 28 49 29 84 3 2 31 20 11 25 30 3 15 220 21 41 26 204
34 2 1 126 29 170 2 11 219 17 181 3 2 24 20 9 25 31 3 3 176 23 184 27 204 2 4 292 22 176 3 3 64 16 16 28 19 3 13 182 17 114 25 50 2 5 61 25 79 2 1 123 29 123 2 6 68 29 31 2 11 75 17 86 3 7 247 9 186 21 41 2 8 109 20 109 2 4 141 22 88 3 4 97 9 265 21 165 2 6 71 10 58 2 7 40 15 47 3 12 274 26 60 29 172 3 13 160 24 115 28 169 2 10 327 14 105 2 11 267 16 64 2 13 67 18 117 2 14 45 19 15 3 9 85 20 63 25 62 2 24 21 27 8 3 17 14 21 29 29 78 3 5 66 23 110 29 126 3 4 221 20 142 22 183 3 15 224 21 263 26 223 3 10 203 24 131 30 229 1 30 34 3 13 154 17 176 25 217 3 15 281 19 225 25 184 3 1 116 28 23 29 27
34 3 9 280 20 237 25 87 2 1 185 29 190 3 2 21 20 9 25 12 2 1 172 29 143 3 3 63 23 260 27 134 2 4 66 22 243 2 14 25 19 49 2 5 111 25 171 2 6 17 29 35 3 7 129 9 227 21 274 2 14 24 19 54 2 8 279 20 195 3 4 331 9 264 21 279 2 6 19 10 120 2 11 77 17 153 3 1 67 28 102 29 26 2 4 201 22 322 3 12 210 26 98 29 244 3 15 119 21 252 26 118 3 13 78 24 124 28 117 2 10 159 14 203 2 7 63 15 16 2 11 248 16 112 3 13 193 17 141 25 92 2 13 170 18 68 3 17 76 21 56 29 39 3 4 222 20 170 22 60 3 5 105 23 133 29 116 3 10 94 24 241 30 236 3 3 27 16 35 28 35 3 10 183 24 146 30 104 3 15 212 19 56 25 69 2 24 21 27 31 1 30 177
34 3 9 280 20 237 25 87 2 1 185 29 190 3 2 21 20 9 25 12 2 1 172 29 143 3 3 63 23 260 27 134 2 4 66 22 243 2 14 25 19 49 2 5 111 25 171 2 6 17 29 35 3 7 129 9 227 21 274 2 14 24 19 54 2 8 279 20 195 3 4 331 9 264 21 279 2 6 19 10 120 2 11 77 17 153 3 1 67 28 102 29 26 2 4 201 22 322 3 12 210 26 98 29 244 3 15 119 21 252 26 118 3 13 78 24 124 28 117 2 10 159 14 203 2 7 63 15 16 2 11 248 16 112 3 13 193 17 141 25 92 2 13 170 18 68 3 17 76 21 56 29 39 3 4 222 20 170 22 60 3 5 105 23 133 29 116 3 10 94 24 241 30 236 3 3 27 16 35 28 35 3 10 183 24 146 30 104 3 15 212 19 56 25 69 2 24 21 27 31 1 30 177
39 2 1 47 29 142 2 5 33 25 85 2 1 179 29 103 3 2 9 20 19 25 23 3 3 112 23 134 27 125 2 4 259 22 101 3 13 190 24 220 28 149 2 7 43 15 28 3 2 4 20 7 25 20 2 6 27 29 18 3 7 256 9 159 21 227 2 6 23 29 74 2 8 238 20 88 3 17 40 21 44 29 54 3 4 248 9 184 21 309 2 6 127 10 56 2 4 208 22 306 2 11 75 17 64 3 12 294 26 187 29 211 2 10 174 14 68 3 17 66 21 17 29 60 2 11 58 16 147 3 13 114 17 72 25 246 2 24 9 27 4 1 30 75 2 13 115 18 38 3 10 121 24 181 30 214 1 30 68 3 3 67 16 18 28 32 2 14 47 19 32 3 9 233 20 125 25 179 2 6 50 29 69 3 5 46 23 62 29 108 3 4 103 20 160 22 225 3 15 201 19 105 25 158 1 30 52 3 15 52 21 223 26 187 2 13 234 18 80 3 1 96 28 50 29 32
35 2 10 77 14 77 2 1 104 29 49 3 2 31 20 3 25 30 3 3 252 23 142 27 82 2 11 38 16 37 2 14 26 19 40 2 4 91 22 220 2 6 50 10 16 2 5 130 25 78 3 3 241 23 294 27 75 2 6 22 29 26 3 3 276 23 199 27 65 3 5 132 23 121 29 198 3 7 265 9 255 21 167 2 5 153 25 64 2 8 225 20 61 3 17 35 21 61 29 28 3 4 285 9 122 21 147 2 11 230 17 89 3 12 206 26 59 29 166 3 4 73 20 183 22 251 3 15 58 19 90 25 154 3 13 104 24 134 28 192 2 10 54 14 45 2 7 43 15 8 3 13 285 17 194 25 140 3 1 98 28 83 29 37 2 13 275 18 86 3 9 68 20 159 25 72 3 10 55 24 224 30 183 3 3 65 16 12 28 59 3 15 228 21 135 26 254 2 11 52 16 232 2 24 17 27 8 1 30 26
34 3 15 255 19 162 25 192 2 1 82 29 155 3 2 30 20 16 25 9 3 3 110 23 67 27 280 2 4 112 22 80 2 5 151 25 65 3 3 170 23 299 27 311 2 6 29 29 40 3 7 255 9 38 21 177 2 13 40 18 194 2 8 109 20 182 3 4 47 9 209 21 306 2 6 120 10 97 2 7 10 15 57 3 10 234 24 201 30 178 2 11 221 17 252 3 12 193 26 63 29 192 3 10 247 24 270 30 231 3 13 103 24 172 28 46 3 3 41 16 62 28 44 3 1 29 28 126 29 81 2 10 187 14 106 3 12 263 26 145 29 127 3 4 193 20 169 22 108 2 11 105 16 75 3 15 256 21 72 26 178 2 24 18 27 14 3 4 58 9 144 21 106 3 13 296 17 226 25 127 2 14 13 19 32 3 9 91 20 224 25 163 3 17 63 21 61 29 72 3 5 91 23 53 29 126 1 30 31
34 3 15 255 19 162 25 192 2 1 82 29 155 3 2 30 20 16 25 9 3 3 110 23 67 27 280 2 4 112 22 80 2 5 151 25 65 3 3 170 23 299 27 311 2 6 29 29 40 3 7 255 9 38 21 177 2 13 40 18 194 2 8 109 20 182 3 4 47 9 209 21 306 2 6 120 10 97 2 7 10 15 57 3 10 234 24 201 30 178 2 11 221 17 252 3 12 193 26 63 29 192 3 10 247 24 270 30 231 3 13 103 24 172 28 46 3 3 41 16 62 28 44 3 1 29 28 126 29 81 2 10 187 14 106 3 12 263 26 145 29 127 3 4 193 20 169 22 108 2 11 105 16 75 3 15 256 21 72 26 178 2 24 18 27 14 3 4 58 9 144 21 106 3 13 296 17 226 25 127 2 14 13 19 32 3 9 91 20 224 25 163 3 17 63 21 61 29 72 3 5 91 23 53 29 126 1 30 31
36 3 13 145 24 32 28 210 2 1 74 29 175 3 4 144 20 169 22 83 3 2 18 20 22 25 11 2 8 79 20 92 3 4 120 20 183 22 53 3 7 217 9 41 21 61 3 3 332 23 63 27 105 2 24 6 27 11 3 13 69 24 107 28 27 2 4 302 22 285 2 5 151 25 60 3 2 31 20 11 25 8 2 6 48 29 40 3 4 229 9 209 21 84 2 6 36 10 90 3 15 195 21 41 26 95 2 1 167 29 96 2 7 16 15 12 2 11 252 17 259 3 12 189 26 240 29 233 3 9 155 20 103 25 280 1 30 150 2 10 144 14 302 2 11 117 16 81 3 5 69 23 43 29 151 3 13 70 17 52 25 196 2 13 118 18 69 2 14 43 19 7 3 9 259 20 245 25 213 3 10 115 24 114 30 31 2 1 154 29 45 3 3 23 16 14 28 52 3 17 12 21 25 29 23 3 15 291 19 144 25 82 3 1 113 28 17 29 30
36 3 13 145 24 32 28 210 2 1 74 29 175 3 4 144 20 169 22 83 3 2 18 20 22 25 11 2 8 79 20 92 3 4 120 20 183 22 53 3 7 217 9 41 21 61 3 3 332 23 63 27 105 2 24 6 27 11 3 13 69 24 107 28 27 2 4 302 22 285 2 5 151 25 60 3 2 31 20 11 25 8 2 6 48 29 40 3 4 229 9 209 21 84 2 6 36 10 90 3 15 195 21 41 26 95 2 1 167 29 96 2 7 16 15 12 2 11 252 17 259 3 12 189 26 240 29 233 3 9 155 20 103 25 280 1 30 150 2 10 144 14 302 2 11 117 16 81 3 5 69 23 43 29 151 3 13 70 17 52 25 196 2 13 118 18 69 2 14 43 19 7 3 9 259 20 245 25 213 3 10 115 24 114 30 31 2 1 154 29 45 3 3 23 16 14 28 52 3 17 12 21 25 29 23 3 15 291 19 144 25 82 3 1 113 28 17 29 30
36 3 13 145 24 32 28 210 2 1 74 29 175 3 4 144 20 169 22 83 3 2 18 20 22 25 11 2 8 79 20 92 3 4 120 20 183 22 53 3 7 217 9 41 21 61 3 3 332 23 63 27 105 2 24 6 27 11 3 13 69 24 107 28 27 2 4 302 22 285 2 5 151 25 60 3 2 31 20 11 25 8 2 6 48 29 40 3 4 229 9 209 21 84 2 6 36 10 90 3 15 195 21 41 26 95 2 1 167 29 96 2 7 16 15 12 2 11 252 17 259 3 12 189 26 240 29 233 3 9 155 20 103 25 280 1 30 150 2 10 144 14 302 2 11 117 16 81 3 5 69 23 43 29 151 3 13 70 17 52 25 196 2 13 118 18 69 2 14 43 19 7 3 9 259 20 245 25 213 3 10 115 24 114 30 31 2 1 154 29 45 3 3 23 16 14 28 52 3 17 12 21 25 29 23 3 15 291 19 144 25 82 3 1 113 28 17 29 30
39 2 1 120 29 184 3 2 17 20 25 25 18 3 3 272 23 303 27 314 2 1 191 29 64 2 4 338 22 250 2 7 13 15 17 2 4 115 22 188 2 5 132 25 162 3 2 25 20 11 25 4 2 6 57 29 47 2 11 52 17 100 3 7 119 9 289 21 221 2 1 44 29 28 2 8 80 20 122 3 4 317 9 47 21 209 3 5 194 23 93 29 37 2 4 146 22 166 2 6 34 10 134 3 5 65 23 153 29 42 3 13 69 17 131 25 81 3 12 255 26 263 29 69 3 13 49 24 159 28 197 2 10 126 14 104 2 11 159 16 83 2 13 81 18 208 2 4 239 22 218 2 14 57 19 7 3 9 172 20 248 25 70 3 15 55 19 40 25 252 2 5 32 25 112 3 17 83 21 42 29 80 3 1 42 28 116 29 72 2 4 103 22 113 3 4 155 20 33 22 193 3 10 75 24 216 30 267 3 15 108 21 74 26 39 1 30 124 2 24 28 27 23 3 3 42 16 37 28 67
38 2 1 28 29 26 3 2 10 20 14 25 12 2 1 46 29 61 3 3 170 23 208 27 259 3 1 22 28 121 29 63 2 4 347 22 320 3 1 49 28 15 29 128 2 5 141 25 174 2 6 38 10 92 2 6 54 29 70 3 7 151 9 38 21 183 2 8 283 20 65 3 4 316 9 75 21 62 2 11 260 17 111 2 10 220 14 131 3 12 173 26 235 29 302 3 13 230 17 298 25 204 3 13 207 24 157 28 41 2 7 49 15 23 2 11 143 16 97 3 7 93 9 184 21 181 3 9 198 20 129 25 238 2 13 262 18 239 2 14 19 19 47 3 17 37 21 33 29 81 3 12 119 26 153 29 285 3 3 27 16 37 28 12 3 4 180 20 70 22 253 2 4 263 22 208 2 24 28 27 10 1 30 132 2 1 182 29 41 3 5 25 23 201 29 173 3 7 136 9 275 21 94 3 15 163 19 262 25 164 3 10 52 24 159 30 119 2 1 106 29 147 3 15 122 21 130 26 117
36 2 1 166 29 37 2 11 231 16 51 2 1 186 29 153 3 12 269 26 201 29 67 2 6 61 29 38 3 3 66 16 25 28 64 3 2 10 20 30 25 21 3 3 244 23 168 27 130 2 24 18 27 7 2 4 64 22 50 2 5 71 25 65 3 7 113 9 115 21 164 3 3 284 23 220 27 52 2 8 205 20 272 2 24 22 27 23 2 14 19 19 30 3 4 178 9 264 21 320 2 6 140 10 36 2 11 80 17 34 3 10 227 24 72 30 35 2 10 222 14 233 3 13 53 24 70 28 207 2 13 302 18 135 2 7 32 15 45 3 13 314 17 93 25 131 3 4 50 20 97 22 246 3 9 253 20 44 25 239 3 17 59 21 53 29 39 2 6 25 29 55 1 30 112 3 15 58 19 36 25 249 2 6 131 10 106 3 5 165 23 29 29 56 3 1 95 28 90 29 101 3 2 26 20 17 25 30 3 15 135 21 164 26 88
34 2 1 36 29 156 2 11 51 17 136 3 2 6 20 17 25 23 3 3 320 23 192 27 155 2 4 275 22 105 3 3 45 16 11 28 56 3 13 233 17 96 25 155 2 5 70 25 117 2 1 153 29 55 2 6 23 29 25 2 11 265 17 86 3 7 63 9 276 21 285 2 8 210 20 167 2 4 121 22 130 3 4 82 9 53 21 317 2 6 80 10 69 2 7 15 15 36 3 12 112 26 47 29 122 3 13 125 24 131 28 115 2 10 215 14 97 2 11 160 16 174 2 13 295 18 74 2 14 53 19 27 3 9 254 20 35 25 249 2 24 25 27 5 3 17 63 21 26 29 58 3 5 101 23 51 29 47 3 4 231 20 122 22 159 3 15 260 21 60 26 102 3 10 48 24 217 30 146 1 30 81 3 13 145 17 84 25 96 3 15 153 19 149 25 198 3 1 121 28 29 29 20
34 2 1 160 29 179 3 2 28 20 30 25 7 2 1 104 29 51 3 3 61 23 39 27 122 3 15 179 19 210 25 41 3 3 66 16 32 28 65 2 4 97 22 332 2 6 58 29 31 3 15 222 21 71 26 149 3 7 77 9 68 21 124 3 17 33 21 77 29 65 3 2 11 20 7 25 14 2 5 84 25 76 3 12 114 26 213 29 260 2 6 93 10 45 2 8 168 20 151 3 4 165 9 272 21 295 2 24 28 27 19 3 13 45 24 88 28 177 2 11 196 17 284 2 10 46 14 326 2 7 58 15 8 3 10 135 24 154 30 63 2 11 193 16 135 3 17 25 21 52 29 17 3 13 173 17 63 25 115 2 13 74 18 198 2 14 44 19 32 1 30 120 3 9 156 20 160 25 108 3 1 105 28 81 29 79 2 11 91 17 220 3 4 93 20 241 22 116 3 5 131 23 158 29 152
39 2 1 149 29 129 3 2 5 20 22 25 13 3 3 213 23 268 27 291 2 1 175 29 154 2 4 350 22 241 2 7 49 15 45 2 4 65 22 216 2 5 140 25 89 3 2 15 20 26 25 31 2 6 75 29 29 2 11 166 17 117 3 7 166 9 142 21 83 2 1 81 29 184 2 8 54 20 73 3 4 102 9 219 21 117 3 5 97 23 24 29 100 2 4 93 22 239 2 6 93 10 44 3 5 168 23 80 29 96 3 13 190 17 66 25 312 3 12 149 26 247 29 148 3 13 106 24 40 28 194 2 10 338 14 303 2 11 74 16 257 2 13 190 18 305 2 4 111 22 354 2 14 23 19 46 3 9 116 20 164 25 83 3 15 66 19 232 25 110 2 5 31 25 170 3 17 19 21 11 29 22 3 1 110 28 41 29 24 2 4 200 22 55 3 4 266 20 105 22 181 3 10 179 24 42 30 116 3 15 110 21 56 26 51 1 30 36 2 24 12 27 22 3 3 47 16 16 28 7
39 2 1 149 29 129 3 2 5 20 22 25 13 3 3 213 23 268 27 291 2 1 175 29 154 2 4 350 22 241 2 7 49 15 45 2 4 65 22 216 2 5 140 25 89 3 2 15 20 26 25 31 2 6 75 29 29 2 11 166 17 117 3 7 166 9 142 21 83 2 1 81 29 184 2 8 54 20 73 3 4 102 9 219 21 117 3 5 97 23 24 29 100 2 4 93 22 239 2 6 93 10 44 3 5 168 23 80 29 96 3 13 190 17 66 25 312 3 12 149 26 247 29 148 3 13 106 24 40 28 194 2 10 338 14 303 2 11 74 16 257 2 13 190 18 305 2 4 111 22 354 2 14 23 19 46 3 9 116 20 164 25 83 3 15 66 19 232 25 110 2 5 31 25 170 3 17 19 21 11 29 22 3 1 110 28 41 29 24 2 4 200 22 55 3 4 266 20 105 22 181 3 10 179 24 42 30 116 3 15 110 21 56 26 51 1 30 36 2 24 12 27 22 3 3 47 16 16 28 7
34 2 1 197 29 131 3 2 12 20 24 25 22 3 3 56 23 155 27 79 2 5 95 25 83 2 4 62 22 326 3 2 13 20 15 25 31 2 6 66 29 23 3 1 63 28 31 29 56 3 17 36 21 67 29 52 3 7 131 9 77 21 46 2 5 135 25 81 3 3 28 16 58 28 33 2 10 112 14 256 3 15 43 21 258 26 124 2 8 94 20 287 3 13 311 17 119 25 155 3 4 139 9 327 21 306 2 7 48 15 23 2 6 51 10 20 2 11 179 17 208 2 6 36 29 59 3 12 140 26 97 29 188 3 13 84 24 111 28 181 3 9 50 20 269 25 124 3 13 196 17 88 25 132 3 5 106 23 67 29 128 2 24 5 27 23 2 11 85 16 151 3 10 59 24 175 30 113 2 13 52 18 172 2 14 35 19 18 3 4 73 20 79 22 256 3 15 136 19 202 25 64 1 30 65
35 2 1 154 29 106 3 2 20 20 18 25 31 3 15 181 21 160 26 42 3 3 54 23 137 27 110 2 4 52 22 258 2 5 38 25 125 2 6 18 29 45 2 14 52 19 56 2 4 350 22 204 3 7 161 9 240 21 193 2 8 68 20 273 3 2 14 20 17 25 27 3 4 218 9 324 21 316 2 6 75 10 109 2 11 183 17 244 2 14 44 19 36 3 13 71 17 243 25 182 3 12 103 26 79 29 56 3 5 93 23 102 29 122 2 13 157 18 268 3 9 229 20 218 25 144 3 13 25 24 63 28 221 2 4 344 22 109 2 10 141 14 151 3 3 47 16 58 28 20 2 11 266 17 139 3 4 151 20 111 22 34 2 7 64 15 53 2 11 218 16 132 3 17 81 21 9 29 60 3 10 108 24 232 30 156 3 15 289 19 97 25 110 3 1 60 28 78 29 111 2 24 29 27 21 1 30 51
35 2 1 59 29 163 3 2 19 20 16 25 18 3 15 126 21 172 26 41 3 3 324 23 157 27 48 2 4 317 22 105 2 5 162 25 90 2 6 30 29 51 2 14 37 19 28 2 4 324 22 215 3 7 108 9 107 21 92 2 8 283 20 208 3 2 9 20 21 25 30 3 4 181 9 242 21 93 2 6 116 10 22 2 11 260 17 201 2 14 51 19 57 3 13 129 17 134 25 67 3 12 146 26 57 29 112 3 5 87 23 132 29 137 2 13 300 18 305 3 9 238 20 129 25 222 3 13 126 24 100 28 59 2 4 124 22 332 2 10 184 14 263 3 3 23 16 20 28 23 2 11 172 17 159 3 4 214 20 273 22 64 2 7 20 15 31 2 11 248 16 249 3 17 21 21 69 29 47 3 10 212 24 60 30 258 3 15 131 19 270 25 135 3 1 125 28 65 29 58 2 24 22 27 16 1 30 76
36 3 7 268 9 274 21 220 3 17 78 21 17 29 62 3 7 161 9 109 21 281 2 1 176 29 38 3 9 251 20 148 25 89 3 7 181 9 176 21 58 2 4 343 22 147 3 9 249 20 281 25 44 3 2 11 20 27 25 14 3 3 91 23 49 27 176 2 5 180 25 77 2 6 62 29 51 3 9 156 20 261 25 176 2 8 64 20 41 3 4 287 9 114 21 251 2 6 55 10 110 2 11 50 17 117 3 12 129 26 72 29 243 3 13 172 24 36 28 37 2 10 281 14 269 2 7 60 15 14 2 11 157 16 97 3 13 89 17 61 25 133 2 24 11 27 15 3 3 58 16 30 28 30 3 15 251 21 212 26 142 2 13 301 18 120 2 14 21 19 13 3 13 115 17 258 25 49 1 30 55 3 4 222 20 262 22 101 3 5 145 23 42 29 36 3 15 141 19 287 25 106 2 4 144 22 269 3 1 116 28 113 29 49 3 10 277 24 188 30 34
36 3 7 268 9 274 21 220 3 17 78 21 17 29 62 3 7 161 9 109 21 281 2 1 176 29 38 3 9 251 20 148 25 89 3 7 181 9 176 21 58 2 4 343 22 147 3 9 249 20 281 25 44 3 2 11 20 27 25 14 3 3 91 23 49 27 176 2 5 180 25 77 2 6 62 29 51 3 9 156 20 261 25 176 2 8 64 20 41 3 4 287 9 114 21 251 2 6 55 10 110 2 11 50 17 117 3 12 129 26 72 29 243 3 13 172 24 36 28 37 2 10 281 14 269 2 7 60 15 14 2 11 157 16 97 3 13 89 17 61 25 133 2 24 11 27 15 3 3 58 16 30 28 30 3 15 251 21 212 26 142 2 13 301 18 120 2 14 21 19 13 3 13 115 17 258 25 49 1 30 55 3 4 222 20 262 22 101 3 5 145 23 42 29 36 3 15 141 19 287 25 106 2 4 144 22 269 3 1 116 28 113 29 49 3 10 277 24 188 30 34
35 3 12 87 26 293 29 123 2 1 104 29 138 3 2 24 20 4 25 4 3 3 246 23 66 27 42 2 4 127 22 275 2 5 85 25 64 3 17 21 21 19 29 53 3 5 143 23 103 29 86 2 6 51 29 20 3 7 300 9 200 21 43 2 8 200 20 113 3 7 40 9 155 21 64 3 4 322 9 261 21 277 2 1 181 29 191 2 6 51 10 23 3 10 65 24 172 30 34 2 11 136 17 58 2 4 288 22 281 3 13 170 24 30 28 217 2 10 279 14 263 3 12 191 26 281 29 242 2 7 20 15 66 3 13 199 24 107 28 194 3 15 227 19 46 25 64 2 11 94 16 180 3 13 303 17 127 25 107 2 13 125 18 163 2 14 10 19 6 3 9 168 20 192 25 119 3 4 105 20 106 22 156 3 15 120 21 112 26 203 2 24 5 27 5 3 3 18 16 36 28 54 3 1 92 28 92 29 36 1 30 115
33 2 1 179 29 45 3 2 6 20 14 25 13 2 1 133 29 175 3 3 154 23 48 27 155 2 7 67 15 38 2 4 118 22 216 3 9 221 20 86 25 253 3 7 60 9 294 21 237 2 5 110 25 165 2 6 49 29 22 3 4 165 20 129 22 74 2 5 73 25 54 2 8 100 20 96 3 5 67 23 114 29 45 3 4 54 9 96 21 326 2 11 202 17 241 2 6 77 10 80 3 12 145 26 167 29 265 3 13 192 24 102 28 210 2 10 177 14 193 2 11 270 16 148 3 13 38 17 39 25 187 2 13 233 18 159 2 24 14 27 20 2 14 8 19 13 3 13 105 24 96 28 84 3 15 36 19 287 25 189 3 17 41 21 58 29 68 3 10 125 24 170 30 62 3 1 79 28 17 29 105 1 30 52 3 15 181 21 67 26 201 3 3 9 16 58 28 23
35 3 2 17 20 13 25 24 2 13 292 18 256 3 2 15 20 5 25 9 3 17 11 21 31 29 64 3 2 22 20 30 25 9 2 1 60 29 119 3 17 46 21 83 29 54 3 3 78 23 274 27 232 2 4 344 22 301 2 5 103 25 74 2 14 23 19 49 2 6 51 29 19 3 7 78 9 49 21 289 2 8 38 20 165 3 4 57 9 43 21 269 2 6 40 10 92 2 11 203 17 143 3 12 138 26 248 29 38 3 13 149 24 112 28 47 3 13 93 17 164 25 206 2 10 124 14 50 2 11 88 17 200 3 1 40 28 106 29 129 2 7 32 15 60 3 3 30 16 13 28 24 2 11 224 16 151 3 9 45 20 264 25 135 2 24 17 27 13 2 11 141 16 196 3 4 84 20 266 22 59 3 10 142 24 183 30 133 1 30 125 3 5 26 23 58 29 185 3 15 59 19 201 25 204 3 15 213 21 169 26 108
36 2 1 197 29 120 2 11 87 16 200 2 1 103 29 165 3 12 284 26 163 29 263 2 6 37 29 40 3 3 33 16 17 28 51 3 2 22 20 27 25 26 3 3 253 23 122 27 263 2 24 28 27 24 2 4 280 22 87 2 5 85 25 113 3 7 209 9 115 21 239 3 3 139 23 234 27 159 2 8 99 20 159 2 24 21 27 23 2 14 24 19 16 3 4 273 9 212 21 150 2 6 138 10 75 2 11 138 17 34 3 10 192 24 214 30 266 2 10 225 14 103 3 13 39 24 105 28 176 2 13 191 18 55 2 7 13 15 37 3 13 308 17 193 25 155 3 4 248 20 116 22 194 3 9 230 20 50 25 83 3 17 54 21 29 29 16 2 6 59 29 59 1 30 91 3 15 178 19 130 25 278 2 6 41 10 79 3 5 151 23 133 29 103 3 1 83 28 103 29 52 3 2 13 20 19 25 7 3 15 229 21 185 26 251
36 2 1 197 29 120 2 11 87 16 200 2 1 103 29 165 3 12 284 26 163 29 263 2 6 37 29 40 3 3 33 16 17 28 51 3 2 22 20 27 25 26 3 3 253 23 122 27 263 2 24 28 27 24 2 4 280 22 87 2 5 85 25 113 3 7 209 9 115 21 239 3 3 139 23 234 27 159 2 8 99 20 159 2 24 21 27 23 2 14 24 19 16 3 4 273 9 212 21 150 2 6 138 10 75 2 11 138 17 34 3 10 192 24 214 30 266 2 10 225 14 103 3 13 39 24 105 28 176 2 13 191 18 55 2 7 13 15 37 3 13 308 17 193 25 155 3 4 248 20 116 22 194 3 9 230 20 50 25 83 3 17 54 21 29 29 16 2 6 59 29 59 1 30 91 3 15 178 19 130 25 278 2 6 41 10 79 3 5 151 23 133 29 103 3 1 83 28 103 29 52 3 2 13 20 19 25 7 3 15 229 21 185 26 251
34 2 4 246 22 120 2 1 57 29 192 3 2 30 20 10 25 8 2 6 31 29 58 3 2 28 20 24 25 7 3 3 95 23 114 27 138 2 5 28 25 42 3 5 200 23 145 29 154 3 7 238 9 239 21 291 3 15 174 19 73 25 137 2 6 17 29 60 2 8 281 20 75 3 4 93 9 78 21 333 2 6 64 29 24 2 11 196 17 108 2 6 137 10 69 3 12 256 26 56 29 273 3 7 110 9 37 21 77 3 13 93 24 95 28 53 2 10 219 14 318 2 7 48 15 45 2 14 36 19 50 2 11 91 16 142 3 9 270 20 132 25 228 1 30 135 3 13 259 17 153 25 250 2 13 119 18 146 3 17 42 21 68 29 36 3 4 209 20 210 22 141 2 24 16 27 17 3 10 113 24 153 30 228 3 3 51 16 12 28 40 3 15 106 21 77 26 261 3 1 42 28 94 29 84
35 3 3 332 23 258 27 153 3 15 78 21 253 26 173 3 9 278 20 141 25 214 3 3 192 23 70 27 132 2 11 113 17 145 3 15 48 19 238 25 97 2 1 37 29 79 2 6 87 10 65 3 13 314 17 198 25 135 3 2 20 20 28 25 17 2 5 58 25 45 3 2 6 20 11 25 13 3 17 77 21 25 29 20 2 4 300 22 250 3 3 153 23 256 27 37 2 6 31 29 73 3 7 38 9 193 21 110 2 8 281 20 202 2 10 179 14 162 3 4 276 9 246 21 253 2 13 78 18 297 3 4 160 9 59 21 89 3 1 52 28 21 29 102 3 12 81 26 258 29 47 3 3 34 16 21 28 31 3 13 166 24 185 28 48 3 5 167 23 130 29 47 2 7 21 15 61 2 11 112 16 75 3 5 154 23 90 29 116 2 14 53 19 45 3 4 122 20 185 22 165 3 10 170 24 222 30 80 2 24 7 27 33 1 30 124
35 3 3 332 23 258 27 153 3 15 78 21 253 26 173 3 9 278 20 141 25 214 3 3 192 23 70 27 132 2 11 113 17 145 3 15 48 19 238 25 97 2 1 37 29 79 2 6 87 10 65 3 13 314 17 198 25 135 3 2 20 20 28 25 17 2 5 58 25 45 3 2 6 20 11 25 13 3 17 77 21 25 29 20 2 4 300 22 250 3 3 153 23 256 27 37 2 6 31 29 73 3 7 38 9 193 21 110 2 8 281 20 202 2 10 179 14 162 3 4 276 9 246 21 253 2 13 78 18 297 3 4 160 9 59 21 89 3 1 52 28 21 29 102 3 12 81 26 258 29 47 3 3 34 16 21 28 31 3 13 166 24 185 28 48 3 5 167 23 130 29 47 2 7 21 15 61 2 11 112 16 75 3 5 154 23 90 29 116 2 14 53 19 45 3 4 122 20 185 22 165 3 10 170 24 222 30 80 2 24 7 27 33 1 30 124
35 3 3 332 23 258 27 153 3 15 78 21 253 26 173 3 9 278 20 141 25 214 3 3 192 23 70 27 132 2 11 113 17 145 3 15 48 19 238 25 97 2 1 37 29 79 2 6 87 10 65 3 13 314 17 198 25 135 3 2 20 20 28 25 17 2 5 58 25 45 3 2 6 20 11 25 13 3 17 77 21 25 29 20 2 4 300 22 250 3 3 153 23 256 27 37 2 6 31 29 73 3 7 38 9 193 21 110 2 8 281 20 202 2 10 179 14 162 3 4 276 9 246 21 253 2 13 78 18 297 3 4 160 9 59 21 89 3 1 52 28 21 29 102 3 12 81 26 258 29 47 3 3 34 16 21 28 31 3 13 166 24 185 28 48 3 5 167 23 130 29 47 2 7 21 15 61 2 11 112 16 75 3 5 154 23 90 29 116 2 14 53 19 45 3 4 122 20 185 22 165 3 10 170 24 222 30 80 2 24 7 27 33 1 30 124
35 2 1 116 29 25 3 2 17 20 32 25 13 3 3 131 23 332 27 95 3 17 60 21 84 29 76 2 4 144 22 269 3 2 22 20 28 25 22 3 5 124 23 189 29 47 3 3 52 23 226 27 278 3 12 74 26 229 29 84 2 6 108 10 79 3 3 27 16 41 28 7 2 24 4 27 20 2 11 227 17 245 2 10 137 14 84 2 5 157 25 38 3 2 28 20 29 25 24 3 1 97 28 103 29 62 2 1 101 29 173 2 6 23 29 16 2 8 189 20 60 3 7 232 9 283 21 122 3 4 246 9 176 21 264 3 13 35 24 172 28 28 3 15 275 19 106 25 44 1 30 95 2 11 87 16 206 2 7 67 15 27 3 13 134 17 311 25 112 2 14 52 19 7 2 13 152 18 99 3 9 152 20 195 25 88 3 4 114 20 198 22 158 2 13 152 18 276 3 10 115 24 155 30 96 3 15 183 21 163 26 51
DUE_DATES: 7909 7909 5994 6782 7465 7465 7465 7164 7164 7164 7792 7792 7349 7349 7849 7839 7794 7794 7242 7953 7953 7415 6914 7553 7553 7183 7183 7183 8111 8953 7085 6957 6823 8472 8472 6417 7720 8151 8213 8213 7753 6734 6950 7596 7596 7039 7565 7565 7565 7178
WEIGHTS: 2 2 2 1 2 3 3 2 2 3 3 3 1 3 2 3 1 2 1 3 3 1 2 1 3 2 2 1 1 1 1 1 2 3 2 2 2 3 1 2 2 2 2 1 2 3 1 2 2 2
