50 30
36 3 1 129 5 214 13 164 3 14 46 23 61 28 85 3 9 170 13 48 30 178 3 14 70 23 111 28 121 3 2 30 24 178 30 35 3 1 213 3 141 18 98 3 1 244 5 173 13 191 2 4 3 12 9 2 5 198 30 187 2 21 8 26 5 2 6 5 8 6 3 2 30 24 179 30 155 2 27 8 29 5 2 7 124 18 178 3 3 1 14 1 21 1 3 8 196 22 159 29 100 3 14 168 20 148 21 153 3 3 1 14 1 21 1 3 13 49 23 246 29 79 2 9 109 24 166 3 1 93 5 175 13 100 3 6 69 7 127 18 137 2 11 61 25 122 2 10 56 14 215 2 4 42 11 7 2 21 4 26 3 3 2 32 12 28 23 53 3 2 105 13 59 18 270 3 5 9 20 49 25 24 1 15 139 2 6 178 29 117 2 22 280 24 119 2 11 154 16 34 2 9 219 17 153 3 4 330 19 296 29 45 2 8 283 22 89
36 3 1 129 5 214 13 164 3 14 46 23 61 28 85 3 9 170 13 48 30 178 3 14 70 23 111 28 121 3 2 30 24 178 30 35 3 1 213 3 141 18 98 3 1 244 5 173 13 191 2 4 3 12 9 2 5 198 30 187 2 21 8 26 5 2 6 5 8 6 3 2 30 24 179 30 155 2 27 8 29 5 2 7 124 18 178 3 3 1 14 1 21 1 3 8 196 22 159 29 100 3 14 168 20 148 21 153 3 3 1 14 1 21 1 3 13 49 23 246 29 79 2 9 109 24 166 3 1 93 5 175 13 100 3 6 69 7 127 18 137 2 11 61 25 122 2 10 56 14 215 2 4 42 11 7 2 21 4 26 3 3 2 32 12 28 23 53 3 2 105 13 59 18 270 3 5 9 20 49 25 24 1 15 139 2 6 178 29 117 2 22 280 24 119 2 11 154 16 34 2 9 219 17 153 3 4 330 19 296 29 45 2 8 283 22 89
35 3 1 191 5 107 13 42 3 6 306 7 124 18 80 3 2 122 24 205 30 130 2 10 65 14 220 3 1 40 3 133 18 180 2 7 207 18 284 2 10 69 14 173 2 8 244 22 41 2 4 15 12 6 1 15 164 2 5 312 30 293 2 6 3 8 5 2 11 109 25 55 2 8 182 22 98 3 2 61 12 42 23 32 3 8 107 22 43 29 31 2 9 153 24 227 2 4 41 11 42 3 3 1 14 1 21 1 1 15 158 3 2 163 13 280 18 302 2 11 195 16 177 3 2 76 12 68 23 67 3 5 40 20 49 25 54 3 1 190 3 226 18 38 2 9 190 17 171 3 4 85 19 113 29 147 3 14 195 20 248 21 171 3 13 182 23 76 29 73 2 22 51 24 351 2 27 3 29 6 2 21 5 26 5 3 9 208 13 82 30 130 3 14 70 23 36 28 58 2 6 189 29 103
35 3 1 191 5 107 13 42 3 6 306 7 124 18 80 3 2 122 24 205 30 130 2 10 65 14 220 3 1 40 3 133 18 180 2 7 207 18 284 2 10 69 14 173 2 8 244 22 41 2 4 15 12 6 1 15 164 2 5 312 30 293 2 6 3 8 5 2 11 109 25 55 2 8 182 22 98 3 2 61 12 42 23 32 3 8 107 22 43 29 31 2 9 153 24 227 2 4 41 11 42 3 3 1 14 1 21 1 1 15 158 3 2 163 13 280 18 302 2 11 195 16 177 3 2 76 12 68 23 67 3 5 40 20 49 25 54 3 1 190 3 226 18 38 2 9 190 17 171 3 4 85 19 113 29 147 3 14 195 20 248 21 171 3 13 182 23 76 29 73 2 22 51 24 351 2 27 3 29 6 2 21 5 26 5 3 9 208 13 82 30 130 3 14 70 23 36 28 58 2 6 189 29 103
35 3 2 245 13 97 18 208 2 4 40 11 13 3 13 192 23 134 29 170 3 1 59 5 151 13 126 2 21 5 26 1 2 4 48 11 18 3 2 162 24 159 30 133 3 1 208 3 50 18 225 2 9 82 17 125 2 11 177 16 147 2 4 17 12 18 2 6 1 8 6 2 5 144 30 119 3 5 11 20 9 25 36 2 7 107 18 207 3 14 18 23 106 28 102 3 8 233 22 150 29 278 2 9 186 24 95 3 4 50 19 156 29 217 3 2 34 12 32 23 10 2 4 16 12 15 2 10 81 14 34 3 3 1 14 1 21 1 2 8 322 22 256 1 15 106 2 10 51 14 237 3 6 244 7 280 18 262 2 5 201 30 317 3 14 126 20 203 21 132 3 4 303 19 252 29 156 2 22 306 24 261 2 6 100 29 55 2 11 36 25 109 2 27 7 29 1 3 9 115 13 40 30 80
37 3 1 296 5 210 13 146 3 2 104 24 45 30 139 3 1 89 5 328 13 140 3 1 216 3 53 18 192 2 4 8 12 14 3 2 155 24 169 30 97 2 5 207 30 261 2 6 2 8 1 3 4 255 19 220 29 249 2 5 200 30 90 2 6 66 29 121 2 9 155 17 107 2 6 79 29 140 2 11 42 16 115 3 2 94 13 123 18 144 2 7 272 18 319 3 8 189 22 245 29 57 2 9 37 24 159 3 9 87 13 206 30 201 2 10 76 14 140 3 1 149 3 54 18 228 3 5 39 20 13 25 52 2 4 15 11 37 2 22 249 24 85 3 2 52 12 57 23 27 3 6 263 7 56 18 104 3 3 1 14 1 21 1 3 1 53 3 66 18 83 2 27 13 29 6 1 15 194 3 14 223 20 147 21 228 2 8 227 22 173 2 27 12 29 12 2 21 5 26 8 2 11 34 25 106 3 14 103 23 101 28 64 3 13 187 23 100 29 154
37 3 1 296 5 210 13 146 3 2 104 24 45 30 139 3 1 89 5 328 13 140 3 1 216 3 53 18 192 2 4 8 12 14 3 2 155 24 169 30 97 2 5 207 30 261 2 6 2 8 1 3 4 255 19 220 29 249 2 5 200 30 90 2 6 66 29 121 2 9 155 17 107 2 6 79 29 140 2 11 42 16 115 3 2 94 13 123 18 144 2 7 272 18 319 3 8 189 22 245 29 57 2 9 37 24 159 3 9 87 13 206 30 201 2 10 76 14 140 3 1 149 3 54 18 228 3 5 39 20 13 25 52 2 4 15 11 37 2 22 249 24 85 3 2 52 12 57 23 27 3 6 263 7 56 18 104 3 3 1 14 1 21 1 3 1 53 3 66 18 83 2 27 13 29 6 1 15 194 3 14 223 20 147 21 228 2 8 227 22 173 2 27 12 29 12 2 21 5 26 8 2 11 34 25 106 3 14 103 23 101 28 64 3 13 187 23 100 29 154
37 3 1 296 5 210 13 146 3 2 104 24 45 30 139 3 1 89 5 328 13 140 3 1 216 3 53 18 192 2 4 8 12 14 3 2 155 24 169 30 97 2 5 207 30 261 2 6 2 8 1 3 4 255 19 220 29 249 2 5 200 30 90 2 6 66 29 121 2 9 155 17 107 2 6 79 29 140 2 11 42 16 115 3 2 94 13 123 18 144 2 7 272 18 319 3 8 189 22 245 29 57 2 9 37 24 159 3 9 87 13 206 30 201 2 10 76 14 140 3 1 149 3 54 18 228 3 5 39 20 13 25 52 2 4 15 11 37 2 22 249 24 85 3 2 52 12 57 23 27 3 6 263 7 56 18 104 3 3 1 14 1 21 1 3 1 53 3 66 18 83 2 27 13 29 6 1 15 194 3 14 223 20 147 21 228 2 8 227 22 173 2 27 12 29 12 2 21 5 26 8 2 11 34 25 106 3 14 103 23 101 28 64 3 13 187 23 100 29 154
37 3 1 296 5 210 13 146 3 2 104 24 45 30 139 3 1 89 5 328 13 140 3 1 216 3 53 18 192 2 4 8 12 14 3 2 155 24 169 30 97 2 5 207 30 261 2 6 2 8 1 3 4 255 19 220 29 249 2 5 200 30 90 2 6 66 29 121 2 9 155 17 107 2 6 79 29 140 2 11 42 16 115 3 2 94 13 123 18 144 2 7 272 18 319 3 8 189 22 245 29 57 2 9 37 24 159 3 9 87 13 206 30 201 2 10 76 14 140 3 1 149 3 54 18 228 3 5 39 20 13 25 52 2 4 15 11 37 2 22 249 24 85 3 2 52 12 57 23 27 3 6 263 7 56 18 104 3 3 1 14 1 21 1 3 1 53 3 66 18 83 2 27 13 29 6 1 15 194 3 14 223 20 147 21 228 2 8 227 22 173 2 27 12 29 12 2 21 5 26 8 2 11 34 25 106 3 14 103 23 101 28 64 3 13 187 23 100 29 154
36 3 1 249 5 298 13 307 3 2 120 24 96 30 126 3 1 129 3 32 18 90 2 4 11 12 7 2 5 172 30 251 3 2 134 24 153 30 128 2 6 3 8 1 2 7 44 18 49 3 8 203 22 52 29 96 2 9 213 24 244 2 7 182 18 102 2 10 220 14 210 3 2 16 12 28 23 10 2 4 14 12 7 2 8 57 22 262 3 14 244 20 73 21 134 2 4 18 11 6 2 8 286 22 140 3 2 221 13 312 18 166 3 3 1 14 1 21 1 1 15 166 2 11 21 25 23 2 11 159 16 82 2 9 99 17 25 2 22 65 24 308 2 7 231 18 289 3 6 146 7 53 18 62 3 4 65 19 174 29 181 3 5 26 20 19 25 51 3 13 227 23 103 29 172 3 9 158 13 148 30 171 3 6 190 7 218 18 200 2 21 6 26 4 2 27 5 29 2 2 6 196 29 63 3 14 69 23 101 28 108
36 3 1 249 5 298 13 307 3 2 120 24 96 30 126 3 1 129 3 32 18 90 2 4 11 12 7 2 5 172 30 251 3 2 134 24 153 30 128 2 6 3 8 1 2 7 44 18 49 3 8 203 22 52 29 96 2 9 213 24 244 2 7 182 18 102 2 10 220 14 210 3 2 16 12 28 23 10 2 4 14 12 7 2 8 57 22 262 3 14 244 20 73 21 134 2 4 18 11 6 2 8 286 22 140 3 2 221 13 312 18 166 3 3 1 14 1 21 1 1 15 166 2 11 21 25 23 2 11 159 16 82 2 9 99 17 25 2 22 65 24 308 2 7 231 18 289 3 6 146 7 53 18 62 3 4 65 19 174 29 181 3 5 26 20 19 25 51 3 13 227 23 103 29 172 3 9 158 13 148 30 171 3 6 190 7 218 18 200 2 21 6 26 4 2 27 5 29 2 2 6 196 29 63 3 14 69 23 101 28 108
33 2 4 3 12 6 2 10 264 14 209 3 9 70 13 195 30 234 3 1 324 5 98 13 38 2 7 229 18 240 3 2 194 24 49 30 113 3 1 204 5 105 13 282 3 2 43 12 51 23 25 2 10 212 14 89 3 1 192 3 64 18 217 2 5 178 30 197 2 6 4 8 1 3 8 233 22 75 29 140 2 9 152 24 71 2 11 27 25 119 2 4 47 11 37 3 2 250 13 103 18 330 3 13 208 23 220 29 150 3 3 1 14 1 21 1 2 4 41 11 5 3 5 44 20 29 25 34 1 15 192 2 11 34 16 106 3 14 67 23 38 28 78 2 21 6 26 4 2 6 27 29 25 2 9 153 17 74 3 6 294 7 219 18 220 2 8 183 22 299 3 4 286 19 240 29 44 3 14 150 20 84 21 177 2 22 334 24 173 2 27 5 29 3
33 2 4 3 12 6 2 10 264 14 209 3 9 70 13 195 30 234 3 1 324 5 98 13 38 2 7 229 18 240 3 2 194 24 49 30 113 3 1 204 5 105 13 282 3 2 43 12 51 23 25 2 10 212 14 89 3 1 192 3 64 18 217 2 5 178 30 197 2 6 4 8 1 3 8 233 22 75 29 140 2 9 152 24 71 2 11 27 25 119 2 4 47 11 37 3 2 250 13 103 18 330 3 13 208 23 220 29 150 3 3 1 14 1 21 1 2 4 41 11 5 3 5 44 20 29 25 34 1 15 192 2 11 34 16 106 3 14 67 23 38 28 78 2 21 6 26 4 2 6 27 29 25 2 9 153 17 74 3 6 294 7 219 18 220 2 8 183 22 299 3 4 286 19 240 29 44 3 14 150 20 84 21 177 2 22 334 24 173 2 27 5 29 3
33 2 4 3 12 6 2 10 264 14 209 3 9 70 13 195 30 234 3 1 324 5 98 13 38 2 7 229 18 240 3 2 194 24 49 30 113 3 1 204 5 105 13 282 3 2 43 12 51 23 25 2 10 212 14 89 3 1 192 3 64 18 217 2 5 178 30 197 2 6 4 8 1 3 8 233 22 75 29 140 2 9 152 24 71 2 11 27 25 119 2 4 47 11 37 3 2 250 13 103 18 330 3 13 208 23 220 29 150 3 3 1 14 1 21 1 2 4 41 11 5 3 5 44 20 29 25 34 1 15 192 2 11 34 16 106 3 14 67 23 38 28 78 2 21 6 26 4 2 6 27 29 25 2 9 153 17 74 3 6 294 7 219 18 220 2 8 183 22 299 3 4 286 19 240 29 44 3 14 150 20 84 21 177 2 22 334 24 173 2 27 5 29 3
37 3 1 270 5 210 13 132 3 2 108 24 163 30 60 3 1 66 5 300 13 129 3 1 169 3 157 18 202 2 4 6 12 13 3 2 73 24 30 30 30 2 5 279 30 39 2 6 3 8 3 3 4 40 19 258 29 188 2 5 57 30 314 2 6 64 29 86 2 9 41 17 28 2 6 51 29 129 2 11 113 16 271 3 2 262 13 131 18 269 2 7 327 18 331 3 8 176 22 254 29 139 2 9 47 24 62 3 9 92 13 146 30 179 2 10 296 14 106 3 1 92 3 58 18 195 3 5 28 20 44 25 33 2 4 22 11 23 2 22 45 24 271 3 2 42 12 40 23 16 3 6 308 7 69 18 311 3 3 1 14 1 21 1 3 1 77 3 228 18 84 2 27 12 29 14 1 15 219 3 14 109 20 202 21 174 2 8 273 22 279 2 27 3 29 11 2 21 6 26 1 2 11 89 25 89 3 14 17 23 51 28 77 3 13 262 23 200 29 46
37 3 1 270 5 210 13 132 3 2 108 24 163 30 60 3 1 66 5 300 13 129 3 1 169 3 157 18 202 2 4 6 12 13 3 2 73 24 30 30 30 2 5 279 30 39 2 6 3 8 3 3 4 40 19 258 29 188 2 5 57 30 314 2 6 64 29 86 2 9 41 17 28 2 6 51 29 129 2 11 113 16 271 3 2 262 13 131 18 269 2 7 327 18 331 3 8 176 22 254 29 139 2 9 47 24 62 3 9 92 13 146 30 179 2 10 296 14 106 3 1 92 3 58 18 195 3 5 28 20 44 25 33 2 4 22 11 23 2 22 45 24 271 3 2 42 12 40 23 16 3 6 308 7 69 18 311 3 3 1 14 1 21 1 3 1 77 3 228 18 84 2 27 12 29 14 1 15 219 3 14 109 20 202 21 174 2 8 273 22 279 2 27 3 29 11 2 21 6 26 1 2 11 89 25 89 3 14 17 23 51 28 77 3 13 262 23 200 29 46
38 2 27 7 29 8 3 1 302 5 258 13 263 3 14 64 23 113 28 26 2 27 6 29 3 2 7 151 18 105 3 14 102 23 121 28 25 3 2 172 24 78 30 193 3 1 118 3 71 18 197 2 6 2 8 2 2 4 7 12 14 3 1 165 3 42 18 160 3 8 42 22 125 29 115 2 5 315 30 191 2 10 287 14 114 2 9 242 24 99 2 4 18 12 2 2 4 20 11 27 2 5 191 30 53 3 13 167 23 68 29 115 3 2 10 12 58 23 16 3 8 89 22 182 29 44 3 2 198 13 61 18 245 3 3 1 14 1 21 1 3 1 127 3 202 18 158 1 15 64 2 11 230 16 152 2 9 113 17 140 3 6 89 7 301 18 67 3 2 28 12 54 23 50 3 14 233 20 51 21 119 2 22 183 24 328 2 21 1 26 4 2 6 27 29 214 3 5 29 20 13 25 13 3 9 31 13 171 30 64 3 4 282 19 138 29 110 2 11 123 25 43 2 8 260 22 67
37 3 1 60 5 305 13 91 3 2 184 24 206 30 100 3 1 188 3 96 18 45 2 4 15 12 18 2 5 180 30 116 2 9 172 24 192 2 4 16 12 7 2 9 101 17 103 2 6 3 8 1 2 7 148 18 140 2 4 3 12 19 3 8 116 22 271 29 267 2 7 292 18 55 2 10 128 14 227 2 5 131 30 314 2 11 110 16 143 2 4 8 11 28 3 14 130 23 71 28 61 3 2 43 12 55 23 28 2 5 221 30 147 3 2 174 13 117 18 279 3 3 1 14 1 21 1 3 1 72 3 80 18 61 1 15 48 3 6 40 7 108 18 324 3 1 174 3 61 18 62 2 27 7 29 14 3 4 290 19 200 29 315 2 22 251 24 62 3 5 55 20 21 25 8 3 14 162 20 102 21 70 2 6 46 29 162 3 9 87 13 160 30 61 2 21 7 26 5 2 8 185 22 243 3 13 57 23 39 29 192 2 11 76 25 74
36 3 1 147 5 62 13 241 3 14 85 23 20 28 66 3 9 229 13 206 30 46 3 14 59 23 45 28 50 3 2 116 24 116 30 47 3 1 121 3 53 18 107 3 1 95 5 139 13 284 2 4 18 12 15 2 5 182 30 110 2 21 8 26 5 2 6 3 8 2 3 2 69 24 95 30 189 2 27 2 29 6 2 7 218 18 212 3 3 1 14 1 21 1 3 8 106 22 217 29 77 3 14 33 20 167 21 126 3 3 1 14 1 21 1 3 13 252 23 158 29 177 2 9 61 24 186 3 1 279 5 207 13 159 3 6 298 7 198 18 159 2 11 122 25 80 2 10 92 14 233 2 4 18 11 31 2 21 4 26 3 3 2 45 12 11 23 53 3 2 113 13 137 18 56 3 5 27 20 46 25 52 1 15 158 2 6 183 29 191 2 22 76 24 123 2 11 204 16 191 2 9 73 17 121 3 4 240 19 43 29 251 2 8 165 22 126
36 3 1 147 5 62 13 241 3 14 85 23 20 28 66 3 9 229 13 206 30 46 3 14 59 23 45 28 50 3 2 116 24 116 30 47 3 1 121 3 53 18 107 3 1 95 5 139 13 284 2 4 18 12 15 2 5 182 30 110 2 21 8 26 5 2 6 3 8 2 3 2 69 24 95 30 189 2 27 2 29 6 2 7 218 18 212 3 3 1 14 1 21 1 3 8 106 22 217 29 77 3 14 33 20 167 21 126 3 3 1 14 1 21 1 3 13 252 23 158 29 177 2 9 61 24 186 3 1 279 5 207 13 159 3 6 298 7 198 18 159 2 11 122 25 80 2 10 92 14 233 2 4 18 11 31 2 21 4 26 3 3 2 45 12 11 23 53 3 2 113 13 137 18 56 3 5 27 20 46 25 52 1 15 158 2 6 183 29 191 2 22 76 24 123 2 11 204 16 191 2 9 73 17 121 3 4 240 19 43 29 251 2 8 165 22 126
36 3 3 1 14 1 21 1 3 1 230 5 140 13 281 3 3 1 14 1 21 1 3 5 34 20 16 25 39 3 3 1 14 1 21 1 3 2 193 24 184 30 101 2 6 51 29 33 3 3 1 14 1 21 1 3 1 166 3 155 18 151 2 6 169 29 212 2 9 174 24 249 2 4 17 12 14 2 5 171 30 144 2 6 5 8 2 2 7 257 18 195 2 9 150 24 186 3 8 68 22 275 29 148 2 10 182 14 297 3 1 178 5 136 13 229 3 14 49 23 120 28 101 2 4 44 11 16 3 2 20 12 49 23 20 3 2 199 13 287 18 128 1 15 203 2 11 58 16 251 2 11 76 25 110 2 9 168 17 54 3 6 149 7 320 18 209 2 21 8 26 3 3 14 131 20 113 21 244 3 4 42 19 61 29 302 3 9 101 13 113 30 218 2 8 188 22 306 3 13 98 23 173 29 244 2 22 219 24 320 2 27 13 29 7
33 3 1 107 5 238 13 45 2 11 16 25 23 2 9 88 17 156 3 2 122 24 154 30 27 1 15 230 3 1 202 5 134 13 322 3 1 29 3 161 18 53 2 4 8 12 4 2 5 102 30 149 2 6 139 29 33 2 6 5 8 1 2 7 318 18 132 3 8 93 22 124 29 99 2 9 159 24 199 2 11 169 16 245 2 10 88 14 160 2 6 191 29 198 2 4 36 11 24 3 9 158 13 111 30 28 3 2 17 12 61 23 56 2 11 154 16 83 3 2 71 13 254 18 290 3 3 1 14 1 21 1 3 6 107 7 124 18 153 3 5 18 20 47 25 11 3 4 69 19 176 29 324 3 14 137 20 57 21 268 2 8 260 22 258 2 22 238 24 341 3 13 205 23 241 29 144 2 21 4 26 1 2 27 6 29 3 3 14 45 23 35 28 72
33 3 1 107 5 238 13 45 2 11 16 25 23 2 9 88 17 156 3 2 122 24 154 30 27 1 15 230 3 1 202 5 134 13 322 3 1 29 3 161 18 53 2 4 8 12 4 2 5 102 30 149 2 6 139 29 33 2 6 5 8 1 2 7 318 18 132 3 8 93 22 124 29 99 2 9 159 24 199 2 11 169 16 245 2 10 88 14 160 2 6 191 29 198 2 4 36 11 24 3 9 158 13 111 30 28 3 2 17 12 61 23 56 2 11 154 16 83 3 2 71 13 254 18 290 3 3 1 14 1 21 1 3 6 107 7 124 18 153 3 5 18 20 47 25 11 3 4 69 19 176 29 324 3 14 137 20 57 21 268 2 8 260 22 258 2 22 238 24 341 3 13 205 23 241 29 144 2 21 4 26 1 2 27 6 29 3 3 14 45 23 35 28 72
33 3 1 107 5 238 13 45 2 11 16 25 23 2 9 88 17 156 3 2 122 24 154 30 27 1 15 230 3 1 202 5 134 13 322 3 1 29 3 161 18 53 2 4 8 12 4 2 5 102 30 149 2 6 139 29 33 2 6 5 8 1 2 7 318 18 132 3 8 93 22 124 29 99 2 9 159 24 199 2 11 169 16 245 2 10 88 14 160 2 6 191 29 198 2 4 36 11 24 3 9 158 13 111 30 28 3 2 17 12 61 23 56 2 11 154 16 83 3 2 71 13 254 18 290 3 3 1 14 1 21 1 3 6 107 7 124 18 153 3 5 18 20 47 25 11 3 4 69 19 176 29 324 3 14 137 20 57 21 268 2 8 260 22 258 2 22 238 24 341 3 13 205 23 241 29 144 2 21 4 26 1 2 27 6 29 3 3 14 45 23 35 28 72
37 3 1 159 5 248 13 151 3 2 167 24 145 30 30 3 1 44 5 98 13 317 3 1 173 3 91 18 183 2 4 17 12 3 3 2 151 24 175 30 64 2 5 109 30 97 2 6 6 8 4 3 4 189 19 96 29 318 2 5 72 30 197 2 6 70 29 85 2 9 110 17 213 2 6 95 29 137 2 11 269 16 69 3 2 66 13 203 18 322 2 7 291 18 134 3 8 162 22 162 29 137 2 9 86 24 125 3 9 206 13 69 30 91 2 10 125 14 100 3 1 45 3 42 18 158 3 5 34 20 29 25 21 2 4 42 11 16 2 22 48 24 250 3 2 76 12 27 23 50 3 6 63 7 173 18 43 3 3 1 14 1 21 1 3 1 115 3 65 18 103 2 27 9 29 13 1 15 103 3 14 130 20 182 21 187 2 8 293 22 305 2 27 11 29 9 2 21 6 26 7 2 11 43 25 34 3 14 126 23 36 28 81 3 13 33 23 123 29 254
37 3 1 159 5 248 13 151 3 2 167 24 145 30 30 3 1 44 5 98 13 317 3 1 173 3 91 18 183 2 4 17 12 3 3 2 151 24 175 30 64 2 5 109 30 97 2 6 6 8 4 3 4 189 19 96 29 318 2 5 72 30 197 2 6 70 29 85 2 9 110 17 213 2 6 95 29 137 2 11 269 16 69 3 2 66 13 203 18 322 2 7 291 18 134 3 8 162 22 162 29 137 2 9 86 24 125 3 9 206 13 69 30 91 2 10 125 14 100 3 1 45 3 42 18 158 3 5 34 20 29 25 21 2 4 42 11 16 2 22 48 24 250 3 2 76 12 27 23 50 3 6 63 7 173 18 43 3 3 1 14 1 21 1 3 1 115 3 65 18 103 2 27 9 29 13 1 15 103 3 14 130 20 182 21 187 2 8 293 22 305 2 27 11 29 9 2 21 6 26 7 2 11 43 25 34 3 14 126 23 36 28 81 3 13 33 23 123 29 254
37 3 1 159 5 248 13 151 3 2 167 24 145 30 30 3 1 44 5 98 13 317 3 1 173 3 91 18 183 2 4 17 12 3 3 2 151 24 175 30 64 2 5 109 30 97 2 6 6 8 4 3 4 189 19 96 29 318 2 5 72 30 197 2 6 70 29 85 2 9 110 17 213 2 6 95 29 137 2 11 269 16 69 3 2 66 13 203 18 322 2 7 291 18 134 3 8 162 22 162 29 137 2 9 86 24 125 3 9 206 13 69 30 91 2 10 125 14 100 3 1 45 3 42 18 158 3 5 34 20 29 25 21 2 4 42 11 16 2 22 48 24 250 3 2 76 12 27 23 50 3 6 63 7 173 18 43 3 3 1 14 1 21 1 3 1 115 3 65 18 103 2 27 9 29 13 1 15 103 3 14 130 20 182 21 187 2 8 293 22 305 2 27 11 29 9 2 21 6 26 7 2 11 43 25 34 3 14 126 23 36 28 81 3 13 33 23 123 29 254
33 2 4 11 12 9 2 10 214 14 51 3 9 28 13 45 30 164 3 1 100 5 198 13 324 2 7 283 18 178 3 2 109 24 75 30 190 3 1 134 5 289 13 125 3 2 65 12 65 23 47 2 10 168 14 167 3 1 182 3 181 18 114 2 5 92 30 312 2 6 2 8 1 3 8 245 22 92 29 73 2 9 122 24 190 2 11 79 25 115 2 4 49 11 23 3 2 296 13 167 18 307 3 13 167 23 176 29 233 3 3 1 14 1 21 1 2 4 40 11 35 3 5 50 20 46 25 49 1 15 165 2 11 186 16 145 3 14 25 23 99 28 72 2 21 4 26 2 2 6 190 29 80 2 9 207 17 157 3 6 90 7 94 18 89 2 8 202 22 266 3 4 93 19 88 29 118 3 14 113 20 35 21 177 2 22 135 24 277 2 27 2 29 2
33 2 10 155 14 181 3 14 256 20 177 21 110 3 1 77 5 314 13 253 2 4 33 11 49 3 14 271 20 73 21 111 3 2 39 24 29 30 28 2 9 249 24 162 3 14 49 23 122 28 116 3 4 144 19 214 29 256 3 1 35 3 88 18 82 2 4 17 12 19 2 5 217 30 203 2 6 5 8 4 2 7 182 18 206 3 8 208 22 78 29 85 3 5 49 20 53 25 11 3 2 45 12 18 23 11 3 2 91 13 126 18 321 2 27 6 29 13 2 6 6 8 4 3 3 1 14 1 21 1 1 15 46 2 11 265 16 74 2 9 198 17 84 2 22 110 24 54 3 2 83 13 261 18 118 3 6 138 7 274 18 201 2 8 53 22 271 3 13 148 23 61 29 99 2 11 115 25 31 2 21 7 26 4 2 6 133 29 120 3 9 148 13 217 30 91
33 2 10 155 14 181 3 14 256 20 177 21 110 3 1 77 5 314 13 253 2 4 33 11 49 3 14 271 20 73 21 111 3 2 39 24 29 30 28 2 9 249 24 162 3 14 49 23 122 28 116 3 4 144 19 214 29 256 3 1 35 3 88 18 82 2 4 17 12 19 2 5 217 30 203 2 6 5 8 4 2 7 182 18 206 3 8 208 22 78 29 85 3 5 49 20 53 25 11 3 2 45 12 18 23 11 3 2 91 13 126 18 321 2 27 6 29 13 2 6 6 8 4 3 3 1 14 1 21 1 1 15 46 2 11 265 16 74 2 9 198 17 84 2 22 110 24 54 3 2 83 13 261 18 118 3 6 138 7 274 18 201 2 8 53 22 271 3 13 148 23 61 29 99 2 11 115 25 31 2 21 7 26 4 2 6 133 29 120 3 9 148 13 217 30 91
36 3 1 184 5 231 13 216 3 14 48 23 130 28 128 3 9 29 13 45 30 96 3 14 49 23 31 28 24 3 2 212 24 163 30 153 3 1 166 3 192 18 226 3 1 66 5 144 13 222 2 4 5 12 4 2 5 68 30 71 2 21 5 26 8 2 6 6 8 4 3 2 75 24 133 30 150 2 27 6 29 8 2 7 114 18 41 3 3 1 14 1 21 1 3 8 276 22 270 29 37 3 14 259 20 89 21 208 3 3 1 14 1 21 1 3 13 196 23 121 29 220 2 9 174 24 169 3 1 119 5 220 13 280 3 6 147 7 184 18 185 2 11 101 25 106 2 10 52 14 67 2 4 10 11 16 2 21 6 26 7 3 2 20 12 35 23 50 3 2 267 13 235 18 121 3 5 18 20 27 25 49 1 15 112 2 6 122 29 58 2 22 120 24 303 2 11 256 16 67 2 9 116 17 137 3 4 119 19 110 29 135 2 8 52 22 51
35 3 1 98 5 322 13 316 3 14 43 23 95 28 26 3 1 276 5 329 13 317 3 2 9 12 36 23 50 3 2 42 24 101 30 40 3 14 56 23 27 28 38 2 11 270 16 88 3 1 217 3 112 18 109 2 4 17 12 18 3 5 31 20 29 25 31 2 5 41 30 85 2 6 3 8 2 2 11 203 16 262 2 4 14 11 9 2 7 108 18 275 2 9 247 24 106 3 8 225 22 37 29 175 2 10 165 14 88 2 8 237 22 325 3 2 191 24 67 30 178 3 2 265 13 269 18 312 3 3 1 14 1 21 1 3 1 168 3 179 18 178 2 9 29 17 222 1 15 173 3 6 271 7 270 18 155 2 21 8 26 1 3 4 200 19 248 29 87 2 11 123 25 53 3 14 143 20 127 21 158 3 13 178 23 108 29 70 2 22 303 24 329 2 27 6 29 9 2 6 167 29 187 3 9 43 13 215 30 200
34 3 1 56 5 136 13 119 2 4 6 11 11 2 6 5 8 5 3 2 115 24 189 30 49 3 1 171 3 200 18 222 3 5 28 20 10 25 36 2 9 162 17 161 2 4 4 12 9 2 5 161 30 267 2 7 138 18 231 3 6 179 7 345 18 223 2 11 127 25 61 2 21 6 26 2 3 4 304 19 194 29 44 2 8 193 22 191 3 4 324 19 279 29 70 3 8 59 22 194 29 236 2 27 5 29 1 2 9 117 24 87 3 2 46 12 39 23 42 3 3 1 14 1 21 1 2 10 223 14 265 3 3 1 14 1 21 1 3 2 107 13 61 18 169 2 6 25 29 174 1 15 199 2 11 164 16 256 3 3 1 14 1 21 1 3 14 83 20 226 21 134 3 9 156 13 136 30 50 2 8 147 22 263 2 22 284 24 100 3 13 230 23 76 29 173 3 14 61 23 31 28 75
34 3 1 56 5 136 13 119 2 4 6 11 11 2 6 5 8 5 3 2 115 24 189 30 49 3 1 171 3 200 18 222 3 5 28 20 10 25 36 2 9 162 17 161 2 4 4 12 9 2 5 161 30 267 2 7 138 18 231 3 6 179 7 345 18 223 2 11 127 25 61 2 21 6 26 2 3 4 304 19 194 29 44 2 8 193 22 191 3 4 324 19 279 29 70 3 8 59 22 194 29 236 2 27 5 29 1 2 9 117 24 87 3 2 46 12 39 23 42 3 3 1 14 1 21 1 2 10 223 14 265 3 3 1 14 1 21 1 3 2 107 13 61 18 169 2 6 25 29 174 1 15 199 2 11 164 16 256 3 3 1 14 1 21 1 3 14 83 20 226 21 134 3 9 156 13 136 30 50 2 8 147 22 263 2 22 284 24 100 3 13 230 23 76 29 173 3 14 61 23 31 28 75
34 3 1 56 5 136 13 119 2 4 6 11 11 2 6 5 8 5 3 2 115 24 189 30 49 3 1 171 3 200 18 222 3 5 28 20 10 25 36 2 9 162 17 161 2 4 4 12 9 2 5 161 30 267 2 7 138 18 231 3 6 179 7 345 18 223 2 11 127 25 61 2 21 6 26 2 3 4 304 19 194 29 44 2 8 193 22 191 3 4 324 19 279 29 70 3 8 59 22 194 29 236 2 27 5 29 1 2 9 117 24 87 3 2 46 12 39 23 42 3 3 1 14 1 21 1 2 10 223 14 265 3 3 1 14 1 21 1 3 2 107 13 61 18 169 2 6 25 29 174 1 15 199 2 11 164 16 256 3 3 1 14 1 21 1 3 14 83 20 226 21 134 3 9 156 13 136 30 50 2 8 147 22 263 2 22 284 24 100 3 13 230 23 76 29 173 3 14 61 23 31 28 75
38 2 4 41 11 12 3 1 121 5 325 13 104 2 4 14 11 18 3 2 128 24 189 30 147 2 5 51 30 238 3 1 225 3 115 18 187 2 4 26 11 28 2 4 6 12 7 2 6 5 8 6 2 7 216 18 244 2 11 194 16 112 3 8 50 22 142 29 221 3 13 219 23 191 29 84 2 9 193 24 216 2 6 80 29 76 3 1 183 5 303 13 73 2 10 162 14 93 2 27 6 29 3 3 14 48 23 77 28 53 3 2 25 12 68 23 13 3 1 125 3 79 18 139 2 22 284 24 46 3 14 87 23 37 28 46 3 2 213 13 175 18 62 3 3 1 14 1 21 1 3 6 292 7 167 18 217 1 15 96 2 11 110 25 109 2 9 111 17 172 3 4 50 19 157 29 270 3 13 100 23 73 29 141 3 5 52 20 24 25 14 2 4 47 11 28 3 14 202 20 101 21 244 2 11 45 16 159 2 8 162 22 230 2 21 5 26 4 3 9 179 13 200 30 200
34 2 7 224 18 125 3 2 119 24 159 30 32 2 7 178 18 255 3 1 181 5 218 13 303 2 21 3 26 6 3 2 17 12 37 23 65 3 1 197 3 197 18 214 2 4 3 12 9 3 13 107 23 227 29 102 2 5 186 30 76 2 6 4 8 1 2 9 184 17 41 3 9 117 13 212 30 58 3 8 188 22 134 29 197 3 14 214 20 95 21 217 2 9 67 24 180 2 10 152 14 229 3 4 224 19 224 29 150 2 4 39 11 39 3 2 175 13 273 18 312 2 10 51 14 226 3 3 1 14 1 21 1 2 11 111 25 52 2 9 45 17 132 1 15 109 3 2 17 12 27 23 44 2 11 108 16 59 3 6 335 7 169 18 264 3 14 21 23 67 28 41 3 5 17 20 39 25 49 2 8 267 22 313 2 22 172 24 292 2 27 5 29 6 2 6 34 29 187
34 2 7 224 18 125 3 2 119 24 159 30 32 2 7 178 18 255 3 1 181 5 218 13 303 2 21 3 26 6 3 2 17 12 37 23 65 3 1 197 3 197 18 214 2 4 3 12 9 3 13 107 23 227 29 102 2 5 186 30 76 2 6 4 8 1 2 9 184 17 41 3 9 117 13 212 30 58 3 8 188 22 134 29 197 3 14 214 20 95 21 217 2 9 67 24 180 2 10 152 14 229 3 4 224 19 224 29 150 2 4 39 11 39 3 2 175 13 273 18 312 2 10 51 14 226 3 3 1 14 1 21 1 2 11 111 25 52 2 9 45 17 132 1 15 109 3 2 17 12 27 23 44 2 11 108 16 59 3 6 335 7 169 18 264 3 14 21 23 67 28 41 3 5 17 20 39 25 49 2 8 267 22 313 2 22 172 24 292 2 27 5 29 6 2 6 34 29 187
37 3 1 222 5 121 13 209 3 2 177 24 184 30 79 3 1 247 5 56 13 233 3 1 179 3 221 18 176 2 4 3 12 18 3 2 154 24 51 30 98 2 5 44 30 83 2 6 6 8 3 3 4 203 19 294 29 234 2 5 146 30 97 2 6 172 29 156 2 9 171 17 191 2 6 60 29 170 2 11 64 16 251 3 2 245 13 198 18 107 2 7 250 18 328 3 8 165 22 191 29 187 2 9 110 24 34 3 9 52 13 47 30 31 2 10 177 14 263 3 1 225 3 208 18 197 3 5 32 20 33 25 35 2 4 33 11 27 2 22 348 24 190 3 2 50 12 21 23 46 3 6 258 7 337 18 333 3 3 1 14 1 21 1 3 1 139 3 70 18 196 2 27 11 29 4 1 15 157 3 14 257 20 48 21 224 2 8 116 22 281 2 27 5 29 11 2 21 6 26 6 2 11 117 25 106 3 14 80 23 86 28 71 3 13 254 23 220 29 167
37 2 11 42 16 69 3 1 53 5 232 13 296 2 11 95 16 89 3 3 1 14 1 21 1 3 13 85 23 241 29 208 3 2 80 24 156 30 192 3 3 1 14 1 21 1 2 5 179 30 255 3 3 1 14 1 21 1 3 1 32 3 174 18 190 2 11 124 16 200 2 7 123 18 61 2 4 8 12 18 1 15 161 2 6 3 8 5 3 8 198 22 94 29 219 2 9 191 24 35 2 8 143 22 199 2 7 81 18 242 3 14 110 23 114 28 128 2 6 149 29 92 3 2 165 13 266 18 64 3 9 232 13 186 30 33 2 27 11 29 3 2 10 234 14 258 2 4 40 11 8 2 22 44 24 176 3 2 27 12 59 23 41 2 9 69 17 39 3 6 126 7 274 18 43 3 14 75 23 64 28 123 3 4 171 19 47 29 217 3 5 50 20 37 25 35 2 21 6 26 5 3 14 201 20 90 21 178 2 4 11 12 14 2 11 19 25 53
37 2 11 42 16 69 3 1 53 5 232 13 296 2 11 95 16 89 3 3 1 14 1 21 1 3 13 85 23 241 29 208 3 2 80 24 156 30 192 3 3 1 14 1 21 1 2 5 179 30 255 3 3 1 14 1 21 1 3 1 32 3 174 18 190 2 11 124 16 200 2 7 123 18 61 2 4 8 12 18 1 15 161 2 6 3 8 5 3 8 198 22 94 29 219 2 9 191 24 35 2 8 143 22 199 2 7 81 18 242 3 14 110 23 114 28 128 2 6 149 29 92 3 2 165 13 266 18 64 3 9 232 13 186 30 33 2 27 11 29 3 2 10 234 14 258 2 4 40 11 8 2 22 44 24 176 3 2 27 12 59 23 41 2 9 69 17 39 3 6 126 7 274 18 43 3 14 75 23 64 28 123 3 4 171 19 47 29 217 3 5 50 20 37 25 35 2 21 6 26 5 3 14 201 20 90 21 178 2 4 11 12 14 2 11 19 25 53
36 3 1 99 5 254 13 47 3 14 116 23 99 28 18 3 9 113 13 97 30 63 3 14 120 23 19 28 75 3 2 81 24 94 30 72 3 1 72 3 181 18 167 3 1 210 5 227 13 223 2 4 2 12 2 2 5 287 30 169 2 21 1 26 8 2 6 5 8 1 3 2 58 24 203 30 182 2 27 12 29 3 2 7 294 18 315 3 3 1 14 1 21 1 3 8 176 22 186 29 255 3 14 250 20 230 21 103 3 3 1 14 1 21 1 3 13 111 23 162 29 139 2 9 258 24 226 3 1 270 5 241 13 41 3 6 100 7 254 18 322 2 11 17 25 85 2 10 82 14 301 2 4 37 11 32 2 21 2 26 7 3 2 47 12 65 23 64 3 2 71 13 282 18 164 3 5 21 20 9 25 54 1 15 196 2 6 217 29 141 2 22 89 24 345 2 11 184 16 214 2 9 137 17 110 3 4 99 19 161 29 319 2 8 291 22 324
36 3 1 99 5 254 13 47 3 14 116 23 99 28 18 3 9 113 13 97 30 63 3 14 120 23 19 28 75 3 2 81 24 94 30 72 3 1 72 3 181 18 167 3 1 210 5 227 13 223 2 4 2 12 2 2 5 287 30 169 2 21 1 26 8 2 6 5 8 1 3 2 58 24 203 30 182 2 27 12 29 3 2 7 294 18 315 3 3 1 14 1 21 1 3 8 176 22 186 29 255 3 14 250 20 230 21 103 3 3 1 14 1 21 1 3 13 111 23 162 29 139 2 9 258 24 226 3 1 270 5 241 13 41 3 6 100 7 254 18 322 2 11 17 25 85 2 10 82 14 301 2 4 37 11 32 2 21 2 26 7 3 2 47 12 65 23 64 3 2 71 13 282 18 164 3 5 21 20 9 25 54 1 15 196 2 6 217 29 141 2 22 89 24 345 2 11 184 16 214 2 9 137 17 110 3 4 99 19 161 29 319 2 8 291 22 324
35 3 1 267 5 63 13 145 3 14 51 23 61 28 71 3 1 145 5 99 13 155 3 2 20 12 33 23 32 3 2 207 24 154 30 57 3 14 86 23 97 28 113 2 11 131 16 90 3 1 93 3 64 18 196 2 4 2 12 6 3 5 34 20 10 25 31 2 5 236 30 288 2 6 4 8 5 2 11 36 16 51 2 4 31 11 37 2 7 322 18 263 2 9 154 24 109 3 8 128 22 236 29 42 2 10 249 14 187 2 8 236 22 55 3 2 91 24 212 30 179 3 2 184 13 44 18 285 3 3 1 14 1 21 1 3 1 90 3 87 18 116 2 9 202 17 205 1 15 169 3 6 65 7 329 18 219 2 21 4 26 5 3 4 148 19 258 29 252 2 11 106 25 68 3 14 238 20 51 21 165 3 13 154 23 84 29 55 2 22 295 24 342 2 27 6 29 2 2 6 33 29 33 3 9 162 13 204 30 187
35 3 1 88 5 262 13 242 3 14 31 23 70 28 83 3 1 160 5 279 13 75 3 2 74 12 77 23 53 3 2 122 24 75 30 88 3 14 67 23 14 28 114 2 11 149 16 214 3 1 59 3 175 18 92 2 4 2 12 9 3 5 49 20 53 25 51 2 5 184 30 77 2 6 4 8 1 2 11 91 16 180 2 4 8 11 43 2 7 60 18 48 2 9 117 24 165 3 8 192 22 262 29 152 2 10 193 14 246 2 8 300 22 86 3 2 187 24 85 30 96 3 2 270 13 173 18 271 3 3 1 14 1 21 1 3 1 32 3 171 18 73 2 9 193 17 110 1 15 32 3 6 54 7 256 18 89 2 21 4 26 8 3 4 218 19 152 29 305 2 11 53 25 77 3 14 64 20 112 21 176 3 13 85 23 161 29 180 2 22 263 24 86 2 27 12 29 14 2 6 186 29 192 3 9 134 13 231 30 109
35 3 1 190 5 112 13 107 3 6 342 7 142 18 149 3 2 167 24 127 30 159 2 10 72 14 140 3 1 84 3 32 18 66 2 7 282 18 39 2 10 72 14 296 2 8 279 22 263 2 4 12 12 2 1 15 225 2 5 251 30 59 2 6 4 8 6 2 11 95 25 38 2 8 273 22 168 3 2 11 12 19 23 63 3 8 115 22 112 29 156 2 9 81 24 186 2 4 28 11 14 3 3 1 14 1 21 1 1 15 179 3 2 313 13 130 18 328 2 11 167 16 202 3 2 49 12 19 23 53 3 5 45 20 40 25 6 3 1 187 3 138 18 187 2 9 143 17 45 3 4 252 19 192 29 283 3 14 156 20 35 21 65 3 13 255 23 156 29 175 2 22 269 24 207 2 27 4 29 3 2 21 5 26 7 3 9 144 13 58 30 99 3 14 55 23 117 28 73 2 6 79 29 75
34 3 2 82 13 178 18 84 3 1 259 5 300 13 270 3 14 64 20 188 21 200 2 7 145 18 215 2 11 18 25 82 3 1 53 5 318 13 272 2 8 254 22 301 3 2 165 24 40 30 89 3 9 65 13 141 30 78 2 10 207 14 218 2 8 116 22 106 3 1 161 3 193 18 80 3 14 97 23 82 28 122 3 13 57 23 91 29 254 3 2 148 24 29 30 162 2 22 251 24 250 2 4 5 12 11 2 5 193 30 166 2 6 6 8 4 3 8 72 22 229 29 268 2 9 209 24 114 2 4 43 11 22 3 3 1 14 1 21 1 3 2 35 12 27 23 46 2 27 5 29 10 1 15 110 3 6 262 7 51 18 295 2 6 50 29 143 2 7 145 18 335 2 11 257 16 217 2 21 2 26 1 3 5 28 20 7 25 45 2 9 121 17 224 3 4 176 19 183 29 331
34 3 2 82 13 178 18 84 3 1 259 5 300 13 270 3 14 64 20 188 21 200 2 7 145 18 215 2 11 18 25 82 3 1 53 5 318 13 272 2 8 254 22 301 3 2 165 24 40 30 89 3 9 65 13 141 30 78 2 10 207 14 218 2 8 116 22 106 3 1 161 3 193 18 80 3 14 97 23 82 28 122 3 13 57 23 91 29 254 3 2 148 24 29 30 162 2 22 251 24 250 2 4 5 12 11 2 5 193 30 166 2 6 6 8 4 3 8 72 22 229 29 268 2 9 209 24 114 2 4 43 11 22 3 3 1 14 1 21 1 3 2 35 12 27 23 46 2 27 5 29 10 1 15 110 3 6 262 7 51 18 295 2 6 50 29 143 2 7 145 18 335 2 11 257 16 217 2 21 2 26 1 3 5 28 20 7 25 45 2 9 121 17 224 3 4 176 19 183 29 331
34 3 1 328 5 42 13 41 3 2 169 24 134 30 70 3 1 176 3 71 18 26 2 4 3 12 4 2 5 64 30 80 2 21 7 26 6 2 7 261 18 71 2 9 218 24 109 3 13 135 23 117 29 214 2 6 4 8 2 3 3 1 14 1 21 1 2 7 216 18 294 2 22 246 24 199 3 8 165 22 171 29 58 2 10 205 14 103 2 4 14 11 25 2 8 125 22 156 3 2 32 12 35 23 41 3 2 75 13 326 18 118 1 15 195 2 22 137 24 168 3 5 11 20 26 25 53 3 1 26 3 192 18 41 2 11 183 16 36 2 6 69 29 66 2 11 33 25 86 3 2 44 24 138 30 53 2 9 213 17 116 3 6 55 7 148 18 100 3 4 107 19 89 29 194 2 27 13 29 3 3 14 251 20 75 21 100 3 14 87 23 104 28 117 3 9 156 13 90 30 127
38 2 27 6 29 8 3 1 216 5 297 13 89 3 14 117 23 71 28 79 2 27 12 29 11 2 7 203 18 150 3 14 117 23 61 28 42 3 2 184 24 206 30 197 3 1 143 3 205 18 30 2 6 4 8 4 2 4 8 12 12 3 1 140 3 201 18 210 3 8 48 22 33 29 265 2 5 294 30 61 2 10 246 14 56 2 9 215 24 57 2 4 6 12 13 2 4 35 11 15 2 5 306 30 68 3 13 114 23 154 29 123 3 2 55 12 34 23 13 3 8 254 22 192 29 256 3 2 122 13 295 18 65 3 3 1 14 1 21 1 3 1 43 3 140 18 139 1 15 241 2 11 43 16 217 2 9 203 17 153 3 6 212 7 317 18 226 3 2 61 12 11 23 30 3 14 269 20 186 21 41 2 22 85 24 244 2 21 3 26 2 2 6 190 29 211 3 5 20 20 45 25 16 3 9 223 13 181 30 184 3 4 86 19 221 29 230 2 11 89 25 129 2 8 167 22 241
DUE_DATES: 7541 7541 8394 8394 8007 8538 8538 8538 8538 8308 8308 7947 7947 7947 8758 8758 7966 7924 7504 7504 8756 7779 7779 7779 7849 7849 7849 7813 7055 7055 7175 9169 7904 7904 7904 8236 8177 8177 9509 7332 7332 9161 9161 8356 7802 8374 8769 8769 7091 9101
WEIGHTS: 2 3 3 1 3 2 3 1 1 2 3 3 1 3 1 1 1 2 1 1 2 1 2 1 1 3 2 3 2 2 3 2 3 2 3 1 1 3 2 3 1 1 3 2 1 3 2 1 2 1
