50 30
37 2 1 83 28 77 2 2 29 16 27 2 3 95 26 120 3 4 35 5 30 9 31 2 2 138 5 156 3 6 108 25 103 27 114 3 1 130 12 125 26 142 3 4 78 8 111 10 102 2 7 43 10 40 3 4 34 5 38 9 37 3 3 18 21 24 29 19 2 5 117 17 121 1 20 148 2 7 137 8 143 2 2 158 5 148 4 3 83 13 100 15 98 19 111 2 1 96 28 85 2 9 150 25 202 3 5 224 11 227 30 214 2 13 106 25 158 2 10 79 16 87 2 12 39 14 55 2 13 118 25 137 3 1 160 11 163 26 129 3 6 123 25 100 27 127 3 6 158 15 172 24 163 3 7 170 11 201 18 143 3 10 129 13 128 23 101 2 2 18 25 14 2 21 133 30 150 3 14 18 16 16 22 16 2 2 15 25 17 2 23 49 24 54 3 10 115 13 129 23 122 4 8 48 20 52 24 47 28 40 2 26 106 27 88 3 5 179 24 201 30 184
37 2 1 83 28 77 2 2 29 16 27 2 3 95 26 120 3 4 35 5 30 9 31 2 2 138 5 156 3 6 108 25 103 27 114 3 1 130 12 125 26 142 3 4 78 8 111 10 102 2 7 43 10 40 3 4 34 5 38 9 37 3 3 18 21 24 29 19 2 5 117 17 121 1 20 148 2 7 137 8 143 2 2 158 5 148 4 3 83 13 100 15 98 19 111 2 1 96 28 85 2 9 150 25 202 3 5 224 11 227 30 214 2 13 106 25 158 2 10 79 16 87 2 12 39 14 55 2 13 118 25 137 3 1 160 11 163 26 129 3 6 123 25 100 27 127 3 6 158 15 172 24 163 3 7 170 11 201 18 143 3 10 129 13 128 23 101 2 2 18 25 14 2 21 133 30 150 3 14 18 16 16 22 16 2 2 15 25 17 2 23 49 24 54 3 10 115 13 129 23 122 4 8 48 20 52 24 47 28 40 2 26 106 27 88 3 5 179 24 201 30 184
37 2 1 83 28 77 2 2 29 16 27 2 3 95 26 120 3 4 35 5 30 9 31 2 2 138 5 156 3 6 108 25 103 27 114 3 1 130 12 125 26 142 3 4 78 8 111 10 102 2 7 43 10 40 3 4 34 5 38 9 37 3 3 18 21 24 29 19 2 5 117 17 121 1 20 148 2 7 137 8 143 2 2 158 5 148 4 3 83 13 100 15 98 19 111 2 1 96 28 85 2 9 150 25 202 3 5 224 11 227 30 214 2 13 106 25 158 2 10 79 16 87 2 12 39 14 55 2 13 118 25 137 3 1 160 11 163 26 129 3 6 123 25 100 27 127 3 6 158 15 172 24 163 3 7 170 11 201 18 143 3 10 129 13 128 23 101 2 2 18 25 14 2 21 133 30 150 3 14 18 16 16 22 16 2 2 15 25 17 2 23 49 24 54 3 10 115 13 129 23 122 4 8 48 20 52 24 47 28 40 2 26 106 27 88 3 5 179 24 201 30 184
32 2 1 110 28 88 2 2 21 16 26 2 3 111 26 101 2 7 185 8 163 3 4 39 5 34 9 39 2 2 141 5 163 3 6 139 25 99 27 117 2 7 31 10 37 3 3 21 21 21 29 21 2 13 141 25 152 2 12 40 14 42 2 21 105 30 157 2 9 160 25 167 3 4 99 8 92 10 99 3 7 163 11 169 18 211 3 1 138 12 119 26 104 3 5 198 11 168 30 211 2 5 150 17 137 3 6 184 15 147 24 156 2 10 83 16 79 4 3 118 13 89 15 84 19 83 1 20 177 2 3 104 26 116 3 14 16 16 20 22 15 3 10 96 13 135 23 138 2 23 43 24 55 2 2 16 25 18 3 1 156 11 137 26 123 2 26 90 27 78 4 8 49 20 53 24 41 28 43 3 5 157 11 161 30 186 3 5 151 24 201 30 156
32 2 1 110 28 88 2 2 21 16 26 2 3 111 26 101 2 7 185 8 163 3 4 39 5 34 9 39 2 2 141 5 163 3 6 139 25 99 27 117 2 7 31 10 37 3 3 21 21 21 29 21 2 13 141 25 152 2 12 40 14 42 2 21 105 30 157 2 9 160 25 167 3 4 99 8 92 10 99 3 7 163 11 169 18 211 3 1 138 12 119 26 104 3 5 198 11 168 30 211 2 5 150 17 137 3 6 184 15 147 24 156 2 10 83 16 79 4 3 118 13 89 15 84 19 83 1 20 177 2 3 104 26 116 3 14 16 16 20 22 15 3 10 96 13 135 23 138 2 23 43 24 55 2 2 16 25 18 3 1 156 11 137 26 123 2 26 90 27 78 4 8 49 20 53 24 41 28 43 3 5 157 11 161 30 186 3 5 151 24 201 30 156
34 3 6 173 15 154 24 157 2 1 94 28 104 3 6 163 15 144 24 135 3 14 21 16 15 22 19 2 2 27 16 25 2 3 118 26 95 1 20 186 3 4 32 5 29 9 36 2 13 105 25 105 3 10 105 13 124 23 105 2 2 128 5 161 2 9 165 25 182 2 12 38 14 38 3 6 131 25 102 27 108 2 2 142 5 135 2 23 50 24 46 2 2 149 5 175 2 7 31 10 31 2 7 171 8 169 3 4 84 8 109 10 83 3 5 218 11 187 30 174 3 7 150 11 190 18 179 2 2 15 25 17 3 1 119 12 126 26 123 3 1 112 11 140 26 109 2 10 94 16 69 2 5 122 17 117 4 8 48 20 42 24 46 28 51 4 3 120 13 85 15 82 19 118 2 21 144 30 112 3 5 190 24 179 30 165 2 26 95 27 90 3 1 100 12 126 26 116 3 3 22 21 19 29 17
34 3 6 173 15 154 24 157 2 1 94 28 104 3 6 163 15 144 24 135 3 14 21 16 15 22 19 2 2 27 16 25 2 3 118 26 95 1 20 186 3 4 32 5 29 9 36 2 13 105 25 105 3 10 105 13 124 23 105 2 2 128 5 161 2 9 165 25 182 2 12 38 14 38 3 6 131 25 102 27 108 2 2 142 5 135 2 23 50 24 46 2 2 149 5 175 2 7 31 10 31 2 7 171 8 169 3 4 84 8 109 10 83 3 5 218 11 187 30 174 3 7 150 11 190 18 179 2 2 15 25 17 3 1 119 12 126 26 123 3 1 112 11 140 26 109 2 10 94 16 69 2 5 122 17 117 4 8 48 20 42 24 46 28 51 4 3 120 13 85 15 82 19 118 2 21 144 30 112 3 5 190 24 179 30 165 2 26 95 27 90 3 1 100 12 126 26 116 3 3 22 21 19 29 17
34 3 6 173 15 154 24 157 2 1 94 28 104 3 6 163 15 144 24 135 3 14 21 16 15 22 19 2 2 27 16 25 2 3 118 26 95 1 20 186 3 4 32 5 29 9 36 2 13 105 25 105 3 10 105 13 124 23 105 2 2 128 5 161 2 9 165 25 182 2 12 38 14 38 3 6 131 25 102 27 108 2 2 142 5 135 2 23 50 24 46 2 2 149 5 175 2 7 31 10 31 2 7 171 8 169 3 4 84 8 109 10 83 3 5 218 11 187 30 174 3 7 150 11 190 18 179 2 2 15 25 17 3 1 119 12 126 26 123 3 1 112 11 140 26 109 2 10 94 16 69 2 5 122 17 117 4 8 48 20 42 24 46 28 51 4 3 120 13 85 15 82 19 118 2 21 144 30 112 3 5 190 24 179 30 165 2 26 95 27 90 3 1 100 12 126 26 116 3 3 22 21 19 29 17
40 4 8 39 20 49 24 42 28 46 2 1 109 28 83 2 2 25 16 21 4 3 86 13 119 15 81 19 115 3 1 138 11 147 26 140 2 1 78 28 94 2 3 112 26 90 3 1 119 11 150 26 128 3 4 40 5 40 9 32 2 2 163 5 188 2 3 98 26 98 3 6 112 25 101 27 111 4 3 117 13 110 15 86 19 90 3 7 188 11 197 18 160 3 6 98 25 110 27 105 2 10 77 16 73 3 6 105 25 113 27 111 2 7 41 10 30 2 7 177 8 152 3 10 134 13 98 23 110 2 9 215 25 195 4 8 38 20 43 24 44 28 48 3 6 125 15 164 24 153 3 6 132 25 140 27 115 2 23 60 24 59 3 4 95 8 84 10 88 3 14 14 16 14 22 20 3 5 210 11 175 30 230 3 6 171 15 163 24 186 3 1 109 12 98 26 142 2 13 119 25 118 2 12 54 14 37 2 5 143 17 148 1 20 190 3 5 160 24 177 30 184 2 21 140 30 119 2 26 88 27 89 2 2 16 25 13 3 1 129 12 125 26 127 3 3 20 21 26 29 21
40 4 8 39 20 49 24 42 28 46 2 1 109 28 83 2 2 25 16 21 4 3 86 13 119 15 81 19 115 3 1 138 11 147 26 140 2 1 78 28 94 2 3 112 26 90 3 1 119 11 150 26 128 3 4 40 5 40 9 32 2 2 163 5 188 2 3 98 26 98 3 6 112 25 101 27 111 4 3 117 13 110 15 86 19 90 3 7 188 11 197 18 160 3 6 98 25 110 27 105 2 10 77 16 73 3 6 105 25 113 27 111 2 7 41 10 30 2 7 177 8 152 3 10 134 13 98 23 110 2 9 215 25 195 4 8 38 20 43 24 44 28 48 3 6 125 15 164 24 153 3 6 132 25 140 27 115 2 23 60 24 59 3 4 95 8 84 10 88 3 14 14 16 14 22 20 3 5 210 11 175 30 230 3 6 171 15 163 24 186 3 1 109 12 98 26 142 2 13 119 25 118 2 12 54 14 37 2 5 143 17 148 1 20 190 3 5 160 24 177 30 184 2 21 140 30 119 2 26 88 27 89 2 2 16 25 13 3 1 129 12 125 26 127 3 3 20 21 26 29 21
40 4 8 39 20 49 24 42 28 46 2 1 109 28 83 2 2 25 16 21 4 3 86 13 119 15 81 19 115 3 1 138 11 147 26 140 2 1 78 28 94 2 3 112 26 90 3 1 119 11 150 26 128 3 4 40 5 40 9 32 2 2 163 5 188 2 3 98 26 98 3 6 112 25 101 27 111 4 3 117 13 110 15 86 19 90 3 7 188 11 197 18 160 3 6 98 25 110 27 105 2 10 77 16 73 3 6 105 25 113 27 111 2 7 41 10 30 2 7 177 8 152 3 10 134 13 98 23 110 2 9 215 25 195 4 8 38 20 43 24 44 28 48 3 6 125 15 164 24 153 3 6 132 25 140 27 115 2 23 60 24 59 3 4 95 8 84 10 88 3 14 14 16 14 22 20 3 5 210 11 175 30 230 3 6 171 15 163 24 186 3 1 109 12 98 26 142 2 13 119 25 118 2 12 54 14 37 2 5 143 17 148 1 20 190 3 5 160 24 177 30 184 2 21 140 30 119 2 26 88 27 89 2 2 16 25 13 3 1 129 12 125 26 127 3 3 20 21 26 29 21
35 3 5 196 24 204 30 142 2 21 151 30 152 1 20 175 2 1 113 28 105 3 5 193 24 152 30 177 3 14 18 16 16 22 15 3 6 114 25 123 27 129 2 2 27 16 25 2 3 127 26 103 3 14 16 16 20 22 18 4 3 101 13 86 15 82 19 107 3 4 28 5 35 9 34 2 2 145 5 156 2 7 31 10 31 2 1 92 28 96 2 7 178 8 162 2 13 136 25 110 2 9 158 25 218 3 4 93 8 95 10 108 2 10 64 16 72 2 12 52 14 52 3 1 104 12 96 26 110 3 5 158 11 176 30 188 3 6 151 15 181 24 182 2 26 111 27 108 2 5 116 17 117 3 7 146 11 158 18 153 4 8 45 20 40 24 47 28 47 3 4 30 5 32 9 39 2 2 16 25 15 2 23 44 24 50 3 10 126 13 128 23 119 3 4 37 5 37 9 30 3 3 24 21 22 29 24 3 1 136 11 111 26 158
40 4 8 42 20 48 24 48 28 54 2 1 100 28 88 2 2 21 16 28 4 3 105 13 99 15 84 19 93 3 1 110 11 123 26 157 2 1 80 28 83 2 3 97 26 88 3 1 144 11 112 26 144 3 4 41 5 34 9 41 2 2 182 5 165 2 3 114 26 128 3 6 111 25 104 27 133 4 3 115 13 94 15 89 19 120 3 7 163 11 212 18 184 3 6 95 25 118 27 96 2 10 71 16 90 3 6 120 25 134 27 129 2 7 31 10 36 2 7 152 8 194 3 10 110 13 100 23 129 2 9 199 25 207 4 8 47 20 54 24 45 28 54 3 6 145 15 170 24 148 3 6 119 25 134 27 117 2 23 42 24 48 3 4 99 8 89 10 81 3 14 19 16 16 22 21 3 5 186 11 213 30 164 3 6 179 15 140 24 145 3 1 115 12 109 26 142 2 13 130 25 117 2 12 43 14 55 2 5 132 17 108 1 20 147 3 5 149 24 141 30 189 2 21 108 30 138 2 26 101 27 111 2 2 20 25 18 3 1 129 12 108 26 114 3 3 25 21 23 29 24
38 2 1 93 28 92 2 2 29 16 27 2 26 79 27 75 2 2 23 16 20 2 3 101 26 88 2 5 133 17 139 3 5 166 24 169 30 196 2 1 94 28 90 3 4 39 5 34 9 29 2 10 66 16 72 2 2 28 16 27 3 4 96 8 103 10 96 3 4 41 5 39 9 30 3 5 178 11 172 30 231 2 2 144 5 137 2 7 40 10 32 3 6 139 25 103 27 100 3 4 33 5 35 9 34 2 7 184 8 197 3 5 175 24 173 30 190 2 9 207 25 202 3 1 132 12 125 26 99 2 13 115 25 158 3 14 18 16 19 22 18 2 12 54 14 39 3 6 127 15 134 24 162 2 2 20 25 16 2 26 111 27 102 2 21 131 30 145 3 3 20 21 25 29 26 2 13 118 25 121 3 7 201 11 162 18 180 4 3 105 13 83 15 109 19 98 1 20 187 3 10 110 13 111 23 97 2 23 42 24 47 3 1 146 11 124 26 150 4 8 55 20 47 24 46 28 47
38 2 1 111 28 87 2 2 25 16 20 2 26 86 27 105 2 2 27 16 27 2 3 107 26 127 2 5 104 17 104 3 5 195 24 137 30 139 2 1 88 28 112 3 4 34 5 41 9 29 2 10 71 16 77 2 2 29 16 21 3 4 105 8 95 10 105 3 4 34 5 33 9 31 3 5 232 11 195 30 212 2 2 168 5 159 2 7 43 10 31 3 6 126 25 129 27 121 3 4 29 5 38 9 33 2 7 189 8 191 3 5 165 24 160 30 169 2 9 154 25 174 3 1 129 12 115 26 120 2 13 125 25 134 3 14 19 16 19 22 19 2 12 51 14 47 3 6 150 15 168 24 125 2 2 17 25 20 2 26 95 27 108 2 21 137 30 115 3 3 18 21 20 29 24 2 13 116 25 110 3 7 206 11 183 18 210 4 3 88 13 120 15 83 19 94 1 20 161 3 10 101 13 119 23 102 2 23 56 24 43 3 1 130 11 159 26 151 4 8 39 20 39 24 40 28 47
38 2 1 111 28 87 2 2 25 16 20 2 26 86 27 105 2 2 27 16 27 2 3 107 26 127 2 5 104 17 104 3 5 195 24 137 30 139 2 1 88 28 112 3 4 34 5 41 9 29 2 10 71 16 77 2 2 29 16 21 3 4 105 8 95 10 105 3 4 34 5 33 9 31 3 5 232 11 195 30 212 2 2 168 5 159 2 7 43 10 31 3 6 126 25 129 27 121 3 4 29 5 38 9 33 2 7 189 8 191 3 5 165 24 160 30 169 2 9 154 25 174 3 1 129 12 115 26 120 2 13 125 25 134 3 14 19 16 19 22 19 2 12 51 14 47 3 6 150 15 168 24 125 2 2 17 25 20 2 26 95 27 108 2 21 137 30 115 3 3 18 21 20 29 24 2 13 116 25 110 3 7 206 11 183 18 210 4 3 88 13 120 15 83 19 94 1 20 161 3 10 101 13 119 23 102 2 23 56 24 43 3 1 130 11 159 26 151 4 8 39 20 39 24 40 28 47
38 2 1 111 28 87 2 2 25 16 20 2 26 86 27 105 2 2 27 16 27 2 3 107 26 127 2 5 104 17 104 3 5 195 24 137 30 139 2 1 88 28 112 3 4 34 5 41 9 29 2 10 71 16 77 2 2 29 16 21 3 4 105 8 95 10 105 3 4 34 5 33 9 31 3 5 232 11 195 30 212 2 2 168 5 159 2 7 43 10 31 3 6 126 25 129 27 121 3 4 29 5 38 9 33 2 7 189 8 191 3 5 165 24 160 30 169 2 9 154 25 174 3 1 129 12 115 26 120 2 13 125 25 134 3 14 19 16 19 22 19 2 12 51 14 47 3 6 150 15 168 24 125 2 2 17 25 20 2 26 95 27 108 2 21 137 30 115 3 3 18 21 20 29 24 2 13 116 25 110 3 7 206 11 183 18 210 4 3 88 13 120 15 83 19 94 1 20 161 3 10 101 13 119 23 102 2 23 56 24 43 3 1 130 11 159 26 151 4 8 39 20 39 24 40 28 47
41 3 1 140 11 158 26 133 2 3 117 26 104 3 1 145 11 151 26 134 2 1 88 28 109 2 2 25 16 25 3 14 18 16 18 22 20 3 4 36 5 36 9 39 3 5 161 24 154 30 161 2 7 183 8 141 2 21 140 30 126 2 7 158 8 163 2 2 152 5 145 3 1 96 12 127 26 103 3 5 155 24 168 30 139 3 6 139 25 137 27 111 2 7 33 10 35 2 9 211 25 156 2 23 60 24 62 2 9 164 25 195 3 4 90 8 83 10 100 3 5 202 11 211 30 205 3 1 121 11 152 26 145 2 13 155 25 116 2 9 218 25 150 4 3 110 13 102 15 119 19 86 2 12 55 14 56 3 6 139 15 151 24 148 2 10 82 16 69 2 7 177 8 152 2 26 104 27 100 2 12 43 14 54 2 5 115 17 140 2 7 39 10 31 3 7 183 11 159 18 168 3 1 123 11 134 26 122 1 20 173 3 10 107 13 142 23 126 3 6 126 15 152 24 166 2 2 15 25 14 3 3 17 21 18 29 18 4 8 50 20 50 24 45 28 40
41 3 1 140 11 158 26 133 2 3 117 26 104 3 1 145 11 151 26 134 2 1 88 28 109 2 2 25 16 25 3 14 18 16 18 22 20 3 4 36 5 36 9 39 3 5 161 24 154 30 161 2 7 183 8 141 2 21 140 30 126 2 7 158 8 163 2 2 152 5 145 3 1 96 12 127 26 103 3 5 155 24 168 30 139 3 6 139 25 137 27 111 2 7 33 10 35 2 9 211 25 156 2 23 60 24 62 2 9 164 25 195 3 4 90 8 83 10 100 3 5 202 11 211 30 205 3 1 121 11 152 26 145 2 13 155 25 116 2 9 218 25 150 4 3 110 13 102 15 119 19 86 2 12 55 14 56 3 6 139 15 151 24 148 2 10 82 16 69 2 7 177 8 152 2 26 104 27 100 2 12 43 14 54 2 5 115 17 140 2 7 39 10 31 3 7 183 11 159 18 168 3 1 123 11 134 26 122 1 20 173 3 10 107 13 142 23 126 3 6 126 15 152 24 166 2 2 15 25 14 3 3 17 21 18 29 18 4 8 50 20 50 24 45 28 40
42 2 1 89 28 82 2 2 22 16 26 2 3 92 26 118 3 4 33 5 35 9 30 2 2 22 16 25 2 2 15 25 15 3 4 33 5 38 9 28 2 2 177 5 141 2 1 105 28 84 3 6 97 25 114 27 134 3 4 32 5 37 9 39 2 7 41 10 37 2 7 141 8 173 2 2 180 5 130 2 9 173 25 210 3 4 76 8 99 10 109 2 2 17 25 14 3 5 219 11 157 30 184 2 26 106 27 83 2 2 14 25 17 3 1 106 12 95 26 109 2 13 118 25 125 2 12 45 14 49 3 6 185 15 171 24 136 2 10 64 16 88 2 5 146 17 134 2 7 40 10 41 3 7 209 11 189 18 187 1 20 176 2 23 46 24 48 2 2 29 16 22 3 14 18 16 16 22 16 2 3 118 26 105 3 1 122 11 149 26 118 4 3 110 13 103 15 107 19 85 2 21 142 30 112 3 6 101 25 128 27 117 3 10 113 13 102 23 121 3 4 93 8 84 10 92 3 3 17 21 25 29 22 4 8 52 20 38 24 42 28 46 3 5 192 24 201 30 157
34 2 1 114 28 109 2 2 27 16 29 2 1 83 28 102 2 2 19 25 15 2 3 127 26 124 3 4 28 5 29 9 31 2 10 91 16 74 2 2 145 5 153 3 6 125 25 118 27 104 2 7 31 10 37 3 1 123 11 123 26 158 2 7 194 8 137 2 9 196 25 212 3 4 100 8 76 10 111 2 7 185 8 144 4 8 54 20 37 24 44 28 47 2 26 93 27 102 3 5 193 11 189 30 208 3 1 108 12 104 26 125 2 3 104 26 102 2 5 114 17 104 3 7 163 11 201 18 206 2 13 155 25 117 2 12 47 14 41 2 3 109 26 91 3 6 172 15 136 24 169 3 5 188 24 141 30 172 4 3 105 13 82 15 112 19 90 1 20 182 2 21 127 30 151 2 23 57 24 46 3 14 21 16 19 22 18 3 10 114 13 138 23 99 3 3 18 21 21 29 22
34 2 1 114 28 109 2 2 27 16 29 2 1 83 28 102 2 2 19 25 15 2 3 127 26 124 3 4 28 5 29 9 31 2 10 91 16 74 2 2 145 5 153 3 6 125 25 118 27 104 2 7 31 10 37 3 1 123 11 123 26 158 2 7 194 8 137 2 9 196 25 212 3 4 100 8 76 10 111 2 7 185 8 144 4 8 54 20 37 24 44 28 47 2 26 93 27 102 3 5 193 11 189 30 208 3 1 108 12 104 26 125 2 3 104 26 102 2 5 114 17 104 3 7 163 11 201 18 206 2 13 155 25 117 2 12 47 14 41 2 3 109 26 91 3 6 172 15 136 24 169 3 5 188 24 141 30 172 4 3 105 13 82 15 112 19 90 1 20 182 2 21 127 30 151 2 23 57 24 46 3 14 21 16 19 22 18 3 10 114 13 138 23 99 3 3 18 21 21 29 22
32 2 1 103 28 100 2 2 22 16 25 2 3 87 26 106 2 7 173 8 188 3 4 39 5 30 9 31 2 2 138 5 148 3 6 116 25 140 27 124 2 7 38 10 36 3 3 25 21 19 29 22 2 13 129 25 149 2 12 50 14 49 2 21 115 30 145 2 9 160 25 159 3 4 110 8 110 10 93 3 7 191 11 207 18 161 3 1 118 12 140 26 121 3 5 168 11 229 30 212 2 5 108 17 139 3 6 165 15 169 24 178 2 10 83 16 74 4 3 83 13 85 15 96 19 108 1 20 178 2 3 104 26 124 3 14 18 16 18 22 16 3 10 105 13 110 23 121 2 23 50 24 53 2 2 14 25 14 3 1 155 11 161 26 121 2 26 99 27 98 4 8 51 20 50 24 50 28 50 3 5 179 11 211 30 162 3 5 156 24 184 30 151
35 2 1 93 28 91 2 2 23 16 27 2 1 80 28 113 2 21 125 30 151 3 4 90 8 77 10 97 2 3 118 26 103 3 1 119 12 108 26 105 2 12 56 14 52 2 2 28 16 23 2 10 81 16 69 4 8 37 20 46 24 45 28 53 3 1 119 12 95 26 102 2 7 162 8 205 3 3 21 21 22 29 24 3 4 28 5 38 9 40 2 2 179 5 138 3 6 106 25 105 27 129 2 7 38 10 40 2 23 54 24 55 2 26 100 27 85 2 9 160 25 214 3 5 166 11 218 30 223 2 13 115 25 122 3 6 142 15 179 24 162 2 5 108 17 131 3 10 101 13 138 23 120 2 10 64 16 81 3 7 177 11 212 18 157 1 20 175 4 3 98 13 84 15 106 19 104 3 14 20 16 17 22 18 2 21 150 30 131 2 2 17 25 17 3 1 123 11 155 26 150 3 5 199 24 192 30 141
35 2 1 93 28 91 2 2 23 16 27 2 1 80 28 113 2 21 125 30 151 3 4 90 8 77 10 97 2 3 118 26 103 3 1 119 12 108 26 105 2 12 56 14 52 2 2 28 16 23 2 10 81 16 69 4 8 37 20 46 24 45 28 53 3 1 119 12 95 26 102 2 7 162 8 205 3 3 21 21 22 29 24 3 4 28 5 38 9 40 2 2 179 5 138 3 6 106 25 105 27 129 2 7 38 10 40 2 23 54 24 55 2 26 100 27 85 2 9 160 25 214 3 5 166 11 218 30 223 2 13 115 25 122 3 6 142 15 179 24 162 2 5 108 17 131 3 10 101 13 138 23 120 2 10 64 16 81 3 7 177 11 212 18 157 1 20 175 4 3 98 13 84 15 106 19 104 3 14 20 16 17 22 18 2 21 150 30 131 2 2 17 25 17 3 1 123 11 155 26 150 3 5 199 24 192 30 141
42 2 1 105 28 106 2 2 27 16 29 2 3 95 26 103 3 4 41 5 39 9 40 2 2 26 16 25 2 2 15 25 16 3 4 38 5 34 9 33 2 2 166 5 159 2 1 108 28 88 3 6 122 25 116 27 131 3 4 33 5 38 9 35 2 7 42 10 35 2 7 197 8 157 2 2 146 5 153 2 9 196 25 182 3 4 82 8 88 10 85 2 2 18 25 16 3 5 181 11 166 30 189 2 26 99 27 100 2 2 14 25 18 3 1 138 12 123 26 103 2 13 141 25 140 2 12 37 14 51 3 6 140 15 146 24 155 2 10 82 16 82 2 5 125 17 143 2 7 37 10 42 3 7 180 11 175 18 191 1 20 153 2 23 48 24 59 2 2 28 16 24 3 14 20 16 16 22 19 2 3 104 26 109 3 1 133 11 157 26 148 4 3 111 13 95 15 113 19 102 2 21 125 30 123 3 6 133 25 116 27 131 3 10 109 13 142 23 106 3 4 78 8 95 10 97 3 3 19 21 21 29 25 4 8 38 20 39 24 48 28 37 3 5 189 24 180 30 196
40 4 8 53 20 43 24 41 28 50 2 1 81 28 89 2 2 22 16 28 4 3 114 13 119 15 84 19 88 3 1 154 11 162 26 109 2 1 80 28 77 2 3 116 26 99 3 1 154 11 156 26 149 3 4 37 5 38 9 39 2 2 148 5 179 2 3 99 26 88 3 6 130 25 106 27 127 4 3 120 13 93 15 96 19 117 3 7 165 11 211 18 150 3 6 111 25 110 27 124 2 10 73 16 65 3 6 106 25 130 27 140 2 7 32 10 40 2 7 174 8 184 3 10 113 13 120 23 141 2 9 218 25 152 4 8 54 20 49 24 44 28 47 3 6 139 15 168 24 166 3 6 127 25 108 27 105 2 23 51 24 55 3 4 105 8 102 10 100 3 14 15 16 18 22 18 3 5 191 11 203 30 219 3 6 133 15 186 24 149 3 1 118 12 101 26 111 2 13 136 25 129 2 12 41 14 53 2 5 124 17 146 1 20 188 3 5 203 24 174 30 159 2 21 112 30 118 2 26 96 27 93 2 2 14 25 19 3 1 131 12 97 26 105 3 3 22 21 21 29 20
36 2 1 79 28 80 2 2 133 5 158 2 1 108 28 85 2 2 21 16 29 2 3 104 26 92 3 4 37 5 28 9 30 3 6 142 25 136 27 104 4 8 53 20 45 24 50 28 51 2 7 38 10 31 2 7 201 8 160 2 9 154 25 218 3 4 34 5 31 9 40 3 4 81 8 79 10 76 3 14 20 16 20 22 20 3 5 158 11 180 30 178 3 4 33 5 31 9 41 3 7 148 11 168 18 159 3 1 109 12 126 26 95 2 13 112 25 151 2 5 124 17 139 2 21 114 30 157 2 12 38 14 54 2 26 90 27 91 3 5 149 24 157 30 144 3 6 128 15 134 24 182 2 23 49 24 45 2 26 112 27 96 2 10 88 16 91 4 3 97 13 97 15 120 19 113 1 20 161 3 10 104 13 136 23 98 2 2 16 25 14 1 20 160 3 1 117 11 163 26 116 2 12 41 14 41 3 3 25 21 18 29 19
34 2 9 218 25 200 2 1 81 28 111 2 2 27 16 21 4 8 41 20 45 24 44 28 49 2 3 122 26 102 3 4 41 5 32 9 38 2 26 94 27 103 2 2 29 16 26 2 2 128 5 183 3 6 128 25 119 27 97 2 7 37 10 44 2 7 201 8 165 3 4 96 8 105 10 86 2 5 116 17 119 3 5 221 11 159 30 198 3 1 117 12 130 26 122 2 10 69 16 86 3 6 104 25 140 27 124 2 13 132 25 152 3 7 170 11 211 18 188 2 12 49 14 40 3 6 175 15 160 24 142 4 3 82 13 102 15 105 19 94 1 20 176 2 21 124 30 106 3 5 145 24 155 30 169 3 4 90 8 76 10 90 3 14 17 16 17 22 18 2 2 15 25 17 3 10 138 13 108 23 116 3 3 19 21 23 29 20 2 23 54 24 48 3 4 34 5 38 9 37 3 1 126 11 112 26 120
41 3 1 117 11 137 26 163 2 3 105 26 108 3 1 144 11 117 26 115 2 1 100 28 102 2 2 26 16 21 3 14 15 16 18 22 15 3 4 31 5 37 9 30 3 5 175 24 148 30 159 2 7 187 8 156 2 21 146 30 126 2 7 137 8 158 2 2 149 5 139 3 1 106 12 124 26 99 3 5 143 24 183 30 163 3 6 107 25 137 27 139 2 7 35 10 32 2 9 182 25 166 2 23 56 24 58 2 9 180 25 178 3 4 109 8 107 10 76 3 5 193 11 192 30 223 3 1 148 11 128 26 118 2 13 112 25 125 2 9 190 25 191 4 3 106 13 96 15 92 19 104 2 12 56 14 41 3 6 136 15 168 24 178 2 10 89 16 73 2 7 140 8 193 2 26 91 27 100 2 12 52 14 38 2 5 106 17 108 2 7 30 10 36 3 7 200 11 194 18 207 3 1 156 11 161 26 135 1 20 128 3 10 138 13 113 23 100 3 6 139 15 156 24 146 2 2 19 25 17 3 3 19 21 24 29 25 4 8 41 20 44 24 48 28 37
41 3 1 117 11 137 26 163 2 3 105 26 108 3 1 144 11 117 26 115 2 1 100 28 102 2 2 26 16 21 3 14 15 16 18 22 15 3 4 31 5 37 9 30 3 5 175 24 148 30 159 2 7 187 8 156 2 21 146 30 126 2 7 137 8 158 2 2 149 5 139 3 1 106 12 124 26 99 3 5 143 24 183 30 163 3 6 107 25 137 27 139 2 7 35 10 32 2 9 182 25 166 2 23 56 24 58 2 9 180 25 178 3 4 109 8 107 10 76 3 5 193 11 192 30 223 3 1 148 11 128 26 118 2 13 112 25 125 2 9 190 25 191 4 3 106 13 96 15 92 19 104 2 12 56 14 41 3 6 136 15 168 24 178 2 10 89 16 73 2 7 140 8 193 2 26 91 27 100 2 12 52 14 38 2 5 106 17 108 2 7 30 10 36 3 7 200 11 194 18 207 3 1 156 11 161 26 135 1 20 128 3 10 138 13 113 23 100 3 6 139 15 156 24 146 2 2 19 25 17 3 3 19 21 24 29 25 4 8 41 20 44 24 48 28 37
36 2 7 30 10 43 2 5 119 17 143 2 1 83 28 100 1 20 182 4 8 47 20 40 24 45 28 42 2 2 28 16 20 2 3 112 26 108 3 4 37 5 36 9 28 2 2 143 5 182 3 6 137 25 130 27 131 2 7 156 8 195 2 9 158 25 167 3 4 88 8 89 10 76 3 1 140 11 115 26 155 2 7 156 8 203 3 7 210 11 165 18 146 2 21 150 30 122 3 5 218 11 211 30 181 2 7 35 10 35 2 12 38 14 43 3 1 140 12 117 26 140 4 3 105 13 106 15 118 19 85 2 9 214 25 159 2 13 108 25 151 3 6 174 15 186 24 148 2 10 86 16 91 3 14 16 16 16 22 15 3 10 96 13 109 23 111 2 1 77 28 82 2 23 51 24 49 3 7 192 11 186 18 159 2 2 19 25 18 2 26 86 27 87 3 3 22 21 20 29 26 2 9 187 25 221 3 5 154 24 178 30 153
36 2 7 30 10 43 2 5 119 17 143 2 1 83 28 100 1 20 182 4 8 47 20 40 24 45 28 42 2 2 28 16 20 2 3 112 26 108 3 4 37 5 36 9 28 2 2 143 5 182 3 6 137 25 130 27 131 2 7 156 8 195 2 9 158 25 167 3 4 88 8 89 10 76 3 1 140 11 115 26 155 2 7 156 8 203 3 7 210 11 165 18 146 2 21 150 30 122 3 5 218 11 211 30 181 2 7 35 10 35 2 12 38 14 43 3 1 140 12 117 26 140 4 3 105 13 106 15 118 19 85 2 9 214 25 159 2 13 108 25 151 3 6 174 15 186 24 148 2 10 86 16 91 3 14 16 16 16 22 15 3 10 96 13 109 23 111 2 1 77 28 82 2 23 51 24 49 3 7 192 11 186 18 159 2 2 19 25 18 2 26 86 27 87 3 3 22 21 20 29 26 2 9 187 25 221 3 5 154 24 178 30 153
36 2 7 32 10 34 2 5 116 17 112 2 1 99 28 87 1 20 138 4 8 41 20 48 24 40 28 48 2 2 29 16 27 2 3 112 26 93 3 4 35 5 38 9 29 2 2 142 5 152 3 6 120 25 132 27 112 2 7 196 8 179 2 9 155 25 175 3 4 96 8 92 10 80 3 1 155 11 141 26 137 2 7 176 8 158 3 7 161 11 155 18 158 2 21 129 30 114 3 5 198 11 178 30 194 2 7 31 10 39 2 12 41 14 41 3 1 116 12 96 26 99 4 3 98 13 104 15 118 19 82 2 9 188 25 163 2 13 141 25 113 3 6 169 15 171 24 130 2 10 70 16 83 3 14 17 16 21 22 21 3 10 121 13 125 23 124 2 1 96 28 106 2 23 57 24 56 3 7 155 11 182 18 194 2 2 18 25 15 2 26 88 27 87 3 3 18 21 20 29 18 2 9 212 25 222 3 5 148 24 200 30 178
37 2 1 85 28 92 3 1 137 11 135 26 120 2 2 25 16 23 3 1 146 11 132 26 141 2 3 119 26 106 3 4 37 5 39 9 32 2 2 133 5 130 3 6 99 25 127 27 137 3 7 169 11 208 18 142 2 7 37 10 32 3 7 195 11 143 18 175 2 7 168 8 194 3 1 141 11 155 26 157 3 10 120 13 109 23 120 3 5 218 11 201 30 214 3 1 115 11 136 26 123 2 9 152 25 186 2 5 117 17 103 3 10 106 13 141 23 110 3 4 101 8 104 10 101 2 10 82 16 67 2 23 51 24 60 3 1 137 12 96 26 106 2 13 132 25 141 2 2 14 25 20 3 6 180 15 142 24 145 3 14 21 16 15 22 16 2 12 41 14 44 4 3 112 13 120 15 102 19 92 2 21 117 30 132 2 7 182 8 149 3 3 25 21 19 29 23 1 20 181 2 26 84 27 108 2 5 103 17 123 4 8 39 20 50 24 51 28 37 3 5 184 24 181 30 171
40 4 8 43 20 38 24 52 28 53 2 1 112 28 80 2 2 24 16 23 4 3 84 13 121 15 94 19 83 3 1 111 11 133 26 111 2 1 107 28 88 2 3 92 26 100 3 1 112 11 151 26 154 3 4 29 5 29 9 35 2 2 156 5 166 2 3 128 26 106 3 6 126 25 125 27 126 4 3 86 13 112 15 105 19 92 3 7 171 11 160 18 159 3 6 118 25 98 27 97 2 10 66 16 94 3 6 111 25 138 27 134 2 7 31 10 35 2 7 142 8 182 3 10 110 13 98 23 121 2 9 213 25 169 4 8 37 20 46 24 53 28 41 3 6 149 15 138 24 157 3 6 96 25 137 27 107 2 23 55 24 47 3 4 87 8 93 10 101 3 14 20 16 20 22 19 3 5 181 11 220 30 208 3 6 177 15 129 24 173 3 1 142 12 137 26 122 2 13 135 25 118 2 12 45 14 39 2 5 124 17 103 1 20 157 3 5 164 24 175 30 185 2 21 151 30 127 2 26 79 27 97 2 2 15 25 14 3 1 139 12 118 26 132 3 3 21 21 23 29 23
40 4 8 43 20 38 24 52 28 53 2 1 112 28 80 2 2 24 16 23 4 3 84 13 121 15 94 19 83 3 1 111 11 133 26 111 2 1 107 28 88 2 3 92 26 100 3 1 112 11 151 26 154 3 4 29 5 29 9 35 2 2 156 5 166 2 3 128 26 106 3 6 126 25 125 27 126 4 3 86 13 112 15 105 19 92 3 7 171 11 160 18 159 3 6 118 25 98 27 97 2 10 66 16 94 3 6 111 25 138 27 134 2 7 31 10 35 2 7 142 8 182 3 10 110 13 98 23 121 2 9 213 25 169 4 8 37 20 46 24 53 28 41 3 6 149 15 138 24 157 3 6 96 25 137 27 107 2 23 55 24 47 3 4 87 8 93 10 101 3 14 20 16 20 22 19 3 5 181 11 220 30 208 3 6 177 15 129 24 173 3 1 142 12 137 26 122 2 13 135 25 118 2 12 45 14 39 2 5 124 17 103 1 20 157 3 5 164 24 175 30 185 2 21 151 30 127 2 26 79 27 97 2 2 15 25 14 3 1 139 12 118 26 132 3 3 21 21 23 29 23
39 2 10 84 16 94 3 6 144 15 182 24 170 2 10 84 16 64 2 1 100 28 85 2 10 68 16 91 3 4 76 8 98 10 92 2 2 22 16 25 3 6 166 15 155 24 130 2 3 91 26 121 2 13 129 25 118 2 1 87 28 99 3 4 31 5 34 9 39 2 10 73 16 89 2 2 146 5 166 4 3 104 13 110 15 100 19 85 3 6 114 25 126 27 102 2 12 53 14 45 3 4 39 5 38 9 39 2 7 41 10 42 2 7 184 8 152 2 9 172 25 216 3 1 126 11 164 26 139 2 2 162 5 135 3 7 201 11 184 18 190 2 2 167 5 134 3 5 173 11 211 30 158 3 1 120 12 98 26 136 2 5 111 17 137 1 20 165 2 21 111 30 148 3 14 15 16 21 22 16 3 10 136 13 134 23 131 3 5 192 24 174 30 157 2 23 50 24 50 2 5 145 17 138 2 2 19 25 13 2 26 102 27 90 4 8 44 20 49 24 45 28 45 3 3 22 21 20 29 19
39 2 10 84 16 94 3 6 144 15 182 24 170 2 10 84 16 64 2 1 100 28 85 2 10 68 16 91 3 4 76 8 98 10 92 2 2 22 16 25 3 6 166 15 155 24 130 2 3 91 26 121 2 13 129 25 118 2 1 87 28 99 3 4 31 5 34 9 39 2 10 73 16 89 2 2 146 5 166 4 3 104 13 110 15 100 19 85 3 6 114 25 126 27 102 2 12 53 14 45 3 4 39 5 38 9 39 2 7 41 10 42 2 7 184 8 152 2 9 172 25 216 3 1 126 11 164 26 139 2 2 162 5 135 3 7 201 11 184 18 190 2 2 167 5 134 3 5 173 11 211 30 158 3 1 120 12 98 26 136 2 5 111 17 137 1 20 165 2 21 111 30 148 3 14 15 16 21 22 16 3 10 136 13 134 23 131 3 5 192 24 174 30 157 2 23 50 24 50 2 5 145 17 138 2 2 19 25 13 2 26 102 27 90 4 8 44 20 49 24 45 28 45 3 3 22 21 20 29 19
41 3 1 160 11 125 26 160 2 3 110 26 127 3 1 135 11 156 26 147 2 1 87 28 97 2 2 24 16 21 3 14 16 16 20 22 19 3 4 29 5 35 9 32 3 5 175 24 186 30 164 2 7 147 8 158 2 21 144 30 125 2 7 178 8 150 2 2 134 5 170 3 1 136 12 133 26 124 3 5 137 24 173 30 173 3 6 103 25 102 27 127 2 7 39 10 36 2 9 199 25 161 2 23 44 24 61 2 9 197 25 189 3 4 86 8 112 10 76 3 5 200 11 194 30 184 3 1 132 11 134 26 160 2 13 120 25 148 2 9 187 25 218 4 3 90 13 110 15 91 19 109 2 12 56 14 44 3 6 124 15 163 24 127 2 10 77 16 87 2 7 167 8 152 2 26 98 27 96 2 12 41 14 54 2 5 144 17 145 2 7 33 10 40 3 7 143 11 187 18 204 3 1 133 11 127 26 131 1 20 175 3 10 115 13 103 23 128 3 6 138 15 176 24 135 2 2 16 25 14 3 3 17 21 24 29 17 4 8 40 20 42 24 37 28 49
37 2 1 94 28 79 2 2 21 16 20 2 3 126 26 115 3 4 28 5 37 9 41 2 2 176 5 173 3 6 141 25 99 27 96 3 1 99 12 102 26 131 3 4 106 8 82 10 109 2 7 33 10 40 3 4 36 5 39 9 33 3 3 24 21 25 29 18 2 5 142 17 141 1 20 129 2 7 198 8 175 2 2 168 5 167 4 3 115 13 87 15 90 19 89 2 1 83 28 98 2 9 179 25 174 3 5 234 11 234 30 231 2 13 143 25 106 2 10 66 16 92 2 12 38 14 38 2 13 156 25 125 3 1 131 11 152 26 117 3 6 108 25 119 27 111 3 6 167 15 158 24 134 3 7 154 11 149 18 147 3 10 131 13 118 23 119 2 2 19 25 16 2 21 151 30 134 3 14 20 16 19 22 20 2 2 14 25 18 2 23 60 24 51 3 10 133 13 126 23 111 4 8 47 20 52 24 45 28 54 2 26 105 27 97 3 5 183 24 138 30 152
35 3 5 155 24 144 30 156 2 21 157 30 141 1 20 152 2 1 108 28 84 3 5 175 24 182 30 204 3 14 18 16 18 22 21 3 6 95 25 132 27 128 2 2 22 16 25 2 3 116 26 113 3 14 14 16 14 22 19 4 3 96 13 95 15 103 19 117 3 4 40 5 34 9 39 2 2 166 5 153 2 7 42 10 43 2 1 98 28 95 2 7 148 8 137 2 13 127 25 105 2 9 190 25 212 3 4 98 8 101 10 87 2 10 69 16 78 2 12 51 14 44 3 1 104 12 115 26 134 3 5 170 11 217 30 207 3 6 185 15 130 24 185 2 26 85 27 79 2 5 138 17 150 3 7 193 11 196 18 184 4 8 39 20 37 24 52 28 40 3 4 35 5 39 9 37 2 2 19 25 15 2 23 58 24 62 3 10 126 13 106 23 100 3 4 39 5 36 9 37 3 3 25 21 25 29 26 3 1 120 11 112 26 136
35 3 5 155 24 144 30 156 2 21 157 30 141 1 20 152 2 1 108 28 84 3 5 175 24 182 30 204 3 14 18 16 18 22 21 3 6 95 25 132 27 128 2 2 22 16 25 2 3 116 26 113 3 14 14 16 14 22 19 4 3 96 13 95 15 103 19 117 3 4 40 5 34 9 39 2 2 166 5 153 2 7 42 10 43 2 1 98 28 95 2 7 148 8 137 2 13 127 25 105 2 9 190 25 212 3 4 98 8 101 10 87 2 10 69 16 78 2 12 51 14 44 3 1 104 12 115 26 134 3 5 170 11 217 30 207 3 6 185 15 130 24 185 2 26 85 27 79 2 5 138 17 150 3 7 193 11 196 18 184 4 8 39 20 37 24 52 28 40 3 4 35 5 39 9 37 2 2 19 25 15 2 23 58 24 62 3 10 126 13 106 23 100 3 4 39 5 36 9 37 3 3 25 21 25 29 26 3 1 120 11 112 26 136
35 3 5 155 24 144 30 156 2 21 157 30 141 1 20 152 2 1 108 28 84 3 5 175 24 182 30 204 3 14 18 16 18 22 21 3 6 95 25 132 27 128 2 2 22 16 25 2 3 116 26 113 3 14 14 16 14 22 19 4 3 96 13 95 15 103 19 117 3 4 40 5 34 9 39 2 2 166 5 153 2 7 42 10 43 2 1 98 28 95 2 7 148 8 137 2 13 127 25 105 2 9 190 25 212 3 4 98 8 101 10 87 2 10 69 16 78 2 12 51 14 44 3 1 104 12 115 26 134 3 5 170 11 217 30 207 3 6 185 15 130 24 185 2 26 85 27 79 2 5 138 17 150 3 7 193 11 196 18 184 4 8 39 20 37 24 52 28 40 3 4 35 5 39 9 37 2 2 19 25 15 2 23 58 24 62 3 10 126 13 106 23 100 3 4 39 5 36 9 37 3 3 25 21 25 29 26 3 1 120 11 112 26 136
36 2 7 38 10 32 2 5 119 17 113 2 1 104 28 95 1 20 171 4 8 51 20 37 24 47 28 43 2 2 26 16 27 2 3 124 26 115 3 4 30 5 38 9 33 2 2 189 5 143 3 6 111 25 116 27 129 2 7 173 8 171 2 9 204 25 197 3 4 75 8 104 10 80 3 1 129 11 116 26 163 2 7 187 8 170 3 7 155 11 196 18 178 2 21 150 30 135 3 5 190 11 225 30 180 2 7 36 10 36 2 12 44 14 43 3 1 104 12 116 26 136 4 3 103 13 104 15 105 19 85 2 9 168 25 159 2 13 146 25 118 3 6 182 15 170 24 137 2 10 90 16 84 3 14 16 16 15 22 18 3 10 142 13 116 23 134 2 1 113 28 105 2 23 50 24 58 3 7 196 11 152 18 177 2 2 17 25 13 2 26 91 27 110 3 3 22 21 21 29 21 2 9 181 25 179 3 5 139 24 194 30 156
36 2 2 131 5 156 3 4 35 5 36 9 35 2 1 113 28 97 2 2 26 16 21 2 2 14 25 15 2 3 89 26 113 2 26 87 27 94 2 2 157 5 133 3 1 140 11 120 26 125 2 2 14 25 16 3 6 140 25 106 27 126 3 1 128 12 105 26 96 2 9 187 25 211 2 7 31 10 42 2 7 162 8 148 3 4 104 8 89 10 111 3 5 216 11 180 30 167 3 6 141 15 168 24 148 2 13 108 25 158 2 12 47 14 40 1 20 132 3 5 175 24 185 30 173 4 8 54 20 46 24 39 28 46 2 10 83 16 81 2 5 118 17 141 2 13 114 25 120 3 7 157 11 176 18 175 4 8 49 20 40 24 44 28 55 2 21 138 30 154 3 3 22 21 23 29 21 3 7 177 11 164 18 189 4 3 93 13 94 15 96 19 90 3 14 21 16 15 22 16 3 4 29 5 34 9 29 2 23 45 24 54 3 10 136 13 108 23 99
34 3 6 146 15 168 24 157 2 1 90 28 97 3 6 126 15 176 24 160 3 14 18 16 17 22 15 2 2 21 16 26 2 3 114 26 116 1 20 181 3 4 35 5 33 9 36 2 13 121 25 134 3 10 137 13 117 23 96 2 2 177 5 162 2 9 185 25 206 2 12 56 14 47 3 6 121 25 125 27 100 2 2 175 5 132 2 23 51 24 55 2 2 182 5 144 2 7 43 10 38 2 7 145 8 157 3 4 98 8 78 10 108 3 5 217 11 188 30 209 3 7 190 11 142 18 171 2 2 14 25 16 3 1 137 12 112 26 110 3 1 123 11 144 26 150 2 10 77 16 65 2 5 128 17 150 4 8 37 20 37 24 48 28 43 4 3 118 13 82 15 117 19 83 2 21 139 30 125 3 5 196 24 152 30 184 2 26 81 27 75 3 1 100 12 99 26 132 3 3 19 21 21 29 24
40 4 8 48 20 54 24 48 28 41 2 1 96 28 89 2 2 28 16 20 4 3 113 13 84 15 80 19 82 3 1 135 11 134 26 140 2 1 84 28 91 2 3 119 26 114 3 1 129 11 160 26 152 3 4 36 5 41 9 41 2 2 129 5 171 2 3 98 26 91 3 6 106 25 107 27 123 4 3 108 13 116 15 86 19 93 3 7 210 11 155 18 164 3 6 137 25 125 27 105 2 10 81 16 67 3 6 97 25 109 27 129 2 7 43 10 43 2 7 193 8 157 3 10 142 13 136 23 136 2 9 160 25 198 4 8 46 20 44 24 50 28 45 3 6 146 15 145 24 181 3 6 110 25 138 27 96 2 23 45 24 43 3 4 89 8 92 10 109 3 14 17 16 18 22 16 3 5 207 11 179 30 214 3 6 128 15 176 24 167 3 1 102 12 133 26 123 2 13 155 25 154 2 12 55 14 38 2 5 123 17 140 1 20 172 3 5 194 24 147 30 164 2 21 114 30 114 2 26 101 27 101 2 2 15 25 16 3 1 107 12 132 26 125 3 3 20 21 19 29 18
34 2 1 103 28 111 2 2 20 16 21 2 1 86 28 104 2 2 16 25 16 2 3 123 26 112 3 4 30 5 35 9 40 2 10 84 16 86 2 2 166 5 184 3 6 123 25 113 27 126 2 7 31 10 44 3 1 115 11 115 26 152 2 7 193 8 176 2 9 175 25 160 3 4 107 8 102 10 93 2 7 196 8 183 4 8 48 20 39 24 39 28 39 2 26 95 27 82 3 5 226 11 198 30 206 3 1 135 12 109 26 131 2 3 99 26 119 2 5 114 17 135 3 7 160 11 195 18 194 2 13 138 25 127 2 12 43 14 53 2 3 103 26 116 3 6 177 15 155 24 159 3 5 171 24 176 30 181 4 3 121 13 96 15 116 19 92 1 20 184 2 21 148 30 155 2 23 59 24 55 3 14 19 16 15 22 17 3 10 95 13 126 23 106 3 3 18 21 23 29 20
37 2 1 102 28 80 2 2 23 16 26 4 8 38 20 38 24 46 28 49 2 1 80 28 84 2 12 51 14 52 2 3 89 26 90 4 8 51 20 52 24 47 28 48 3 4 33 5 40 9 37 3 1 127 11 137 26 153 1 20 166 2 2 186 5 166 3 6 125 25 100 27 133 2 7 30 10 39 1 20 148 3 10 102 13 140 23 103 2 7 201 8 165 2 9 160 25 203 3 4 80 8 80 10 107 3 6 140 25 110 27 113 3 5 234 11 191 30 181 2 21 106 30 121 2 1 102 28 110 4 3 83 13 89 15 84 19 114 3 1 109 12 123 26 117 2 23 44 24 42 2 21 133 30 121 2 13 121 25 152 3 6 170 15 158 24 171 2 26 104 27 81 3 14 20 16 18 22 20 3 3 21 21 25 29 22 2 5 132 17 107 2 10 81 16 81 3 7 175 11 181 18 183 4 3 110 13 113 15 84 19 112 2 2 18 25 16 3 5 185 24 200 30 145
DUE_DATES: 4047 4047 4047 3655 3655 3861 3861 3861 4564 4564 4564 3716 4499 4010 3988 3988 3988 4946 4946 4129 3888 3888 3697 3846 3846 4199 4569 3728 3654 4867 4867 4285 4285 4156 4374 4481 4481 4393 4393 4988 4075 3735 3735 3735 4309 3844 3982 4549 3994 4124
WEIGHTS: 2 2 2 1 2 2 3 3 2 2 1 2 2 2 2 1 2 1 2 2 3 3 3 1 3 3 3 1 3 1 1 1 3 1 3 3 1 3 2 3 2 2 2 3 1 1 3 1 2 2
