50 30
36 3 1 156 11 154 28 154 3 2 32 9 35 23 24 3 3 34 23 47 26 35 3 1 204 11 181 28 144 2 4 55 8 56 3 2 32 9 25 23 31 2 6 120 8 99 3 3 45 23 35 26 42 3 4 69 14 56 29 71 2 5 205 16 174 2 6 55 20 67 2 5 43 9 43 2 22 160 28 190 3 13 189 25 152 27 211 3 4 54 14 65 29 68 3 7 123 9 172 19 134 2 10 29 29 23 2 5 37 9 42 2 20 22 26 17 2 7 117 16 153 2 11 8 17 10 2 17 189 22 179 2 6 57 20 59 2 12 86 24 123 3 10 20 23 18 24 23 2 7 18 13 21 2 17 104 21 107 2 11 120 14 138 2 3 19 15 23 3 5 77 17 87 18 85 2 4 8 23 7 3 7 76 19 86 28 68 3 3 24 12 18 21 17 3 4 45 17 45 30 53 2 25 143 30 113 4 5 29 21 41 26 37 28 28
36 3 1 156 11 154 28 154 3 2 32 9 35 23 24 3 3 34 23 47 26 35 3 1 204 11 181 28 144 2 4 55 8 56 3 2 32 9 25 23 31 2 6 120 8 99 3 3 45 23 35 26 42 3 4 69 14 56 29 71 2 5 205 16 174 2 6 55 20 67 2 5 43 9 43 2 22 160 28 190 3 13 189 25 152 27 211 3 4 54 14 65 29 68 3 7 123 9 172 19 134 2 10 29 29 23 2 5 37 9 42 2 20 22 26 17 2 7 117 16 153 2 11 8 17 10 2 17 189 22 179 2 6 57 20 59 2 12 86 24 123 3 10 20 23 18 24 23 2 7 18 13 21 2 17 104 21 107 2 11 120 14 138 2 3 19 15 23 3 5 77 17 87 18 85 2 4 8 23 7 3 7 76 19 86 28 68 3 3 24 12 18 21 17 3 4 45 17 45 30 53 2 25 143 30 113 4 5 29 21 41 26 37 28 28
34 3 1 148 11 183 28 202 3 2 30 9 32 23 29 3 3 39 23 46 26 47 2 4 60 8 46 2 22 154 28 220 2 5 179 16 193 2 6 66 20 70 2 22 211 28 170 3 7 148 9 163 19 122 2 6 85 8 97 2 6 76 20 61 2 11 112 14 120 2 5 30 9 44 2 7 17 13 23 2 7 128 16 125 2 10 28 29 21 2 20 23 26 23 2 11 9 17 11 3 7 84 19 85 28 85 3 5 72 17 79 18 84 2 12 115 24 103 2 3 17 15 21 2 17 129 21 117 2 6 84 8 123 2 4 10 23 9 3 3 22 12 26 21 18 2 20 24 26 23 2 17 157 22 169 3 10 24 23 19 24 22 2 25 106 30 119 4 5 34 21 39 26 39 28 32 3 4 38 17 37 30 43 3 13 149 25 202 27 167 3 4 63 14 74 29 59
38 3 1 152 11 179 28 152 3 2 29 9 32 23 32 3 3 44 23 34 26 37 2 25 139 30 141 2 10 21 29 22 3 4 70 14 52 29 54 2 4 47 8 63 2 20 25 26 22 2 5 213 16 165 2 25 140 30 132 2 6 69 20 62 3 7 149 9 157 19 134 2 20 21 26 18 2 3 16 15 17 3 3 23 12 26 21 22 3 3 42 23 39 26 44 2 12 84 24 98 3 3 41 23 42 26 46 2 6 124 8 115 3 2 26 9 34 23 25 2 5 36 9 40 2 11 10 17 11 2 7 20 13 22 2 11 136 14 123 2 11 9 17 9 2 7 132 16 141 2 17 106 21 96 4 5 28 21 31 26 29 28 35 3 4 39 17 40 30 37 3 5 81 17 62 18 73 2 11 9 17 10 3 7 90 19 90 28 66 3 1 189 11 173 28 199 2 17 155 22 181 2 4 8 23 7 3 10 23 23 24 24 20 3 13 160 25 203 27 209 2 22 181 28 175
36 3 1 147 11 191 28 154 3 2 31 9 31 23 31 3 3 41 23 37 26 35 3 1 195 11 165 28 188 2 4 52 8 49 3 2 25 9 28 23 32 2 6 86 8 112 3 3 46 23 37 26 36 3 4 60 14 61 29 57 2 5 229 16 182 2 6 69 20 69 2 5 36 9 37 2 22 171 28 154 3 13 188 25 162 27 191 3 4 56 14 55 29 63 3 7 122 9 159 19 168 2 10 27 29 22 2 5 37 9 42 2 20 20 26 25 2 7 166 16 148 2 11 8 17 9 2 17 162 22 189 2 6 69 20 58 2 12 117 24 111 3 10 24 23 17 24 18 2 7 17 13 20 2 17 105 21 107 2 11 134 14 126 2 3 16 15 16 3 5 63 17 65 18 63 2 4 9 23 8 3 7 65 19 91 28 93 3 3 23 12 22 21 26 3 4 49 17 41 30 48 2 25 144 30 120 4 5 37 21 35 26 40 28 29
36 3 1 147 11 191 28 154 3 2 31 9 31 23 31 3 3 41 23 37 26 35 3 1 195 11 165 28 188 2 4 52 8 49 3 2 25 9 28 23 32 2 6 86 8 112 3 3 46 23 37 26 36 3 4 60 14 61 29 57 2 5 229 16 182 2 6 69 20 69 2 5 36 9 37 2 22 171 28 154 3 13 188 25 162 27 191 3 4 56 14 55 29 63 3 7 122 9 159 19 168 2 10 27 29 22 2 5 37 9 42 2 20 20 26 25 2 7 166 16 148 2 11 8 17 9 2 17 162 22 189 2 6 69 20 58 2 12 117 24 111 3 10 24 23 17 24 18 2 7 17 13 20 2 17 105 21 107 2 11 134 14 126 2 3 16 15 16 3 5 63 17 65 18 63 2 4 9 23 8 3 7 65 19 91 28 93 3 3 23 12 22 21 26 3 4 49 17 41 30 48 2 25 144 30 120 4 5 37 21 35 26 40 28 29
36 3 1 147 11 191 28 154 3 2 31 9 31 23 31 3 3 41 23 37 26 35 3 1 195 11 165 28 188 2 4 52 8 49 3 2 25 9 28 23 32 2 6 86 8 112 3 3 46 23 37 26 36 3 4 60 14 61 29 57 2 5 229 16 182 2 6 69 20 69 2 5 36 9 37 2 22 171 28 154 3 13 188 25 162 27 191 3 4 56 14 55 29 63 3 7 122 9 159 19 168 2 10 27 29 22 2 5 37 9 42 2 20 20 26 25 2 7 166 16 148 2 11 8 17 9 2 17 162 22 189 2 6 69 20 58 2 12 117 24 111 3 10 24 23 17 24 18 2 7 17 13 20 2 17 105 21 107 2 11 134 14 126 2 3 16 15 16 3 5 63 17 65 18 63 2 4 9 23 8 3 7 65 19 91 28 93 3 3 23 12 22 21 26 3 4 49 17 41 30 48 2 25 144 30 120 4 5 37 21 35 26 40 28 29
38 3 1 168 11 157 28 157 3 2 27 9 34 23 26 3 3 47 23 36 26 39 3 2 32 9 31 23 25 2 4 64 8 60 3 3 44 23 44 26 43 2 5 166 16 226 2 7 17 13 17 2 6 55 20 60 4 5 40 21 38 26 41 28 41 3 7 146 9 175 19 162 2 6 83 8 114 2 5 39 9 43 2 6 72 20 59 2 25 119 30 126 2 7 16 13 22 3 10 17 23 24 24 17 2 10 22 29 21 2 11 9 17 11 2 22 157 28 200 2 17 190 22 175 2 3 21 15 22 2 5 37 9 31 2 12 123 24 97 2 17 175 22 154 2 11 155 14 143 3 4 60 14 64 29 65 2 20 23 26 19 2 17 111 21 136 3 1 151 11 205 28 178 2 7 141 16 151 3 5 85 17 82 18 86 2 11 113 14 151 3 13 145 25 205 27 210 3 7 90 19 88 28 82 3 3 22 12 25 21 21 2 4 7 23 7 3 4 37 17 46 30 42
36 3 1 179 11 188 28 174 3 2 25 9 34 23 30 3 3 44 23 33 26 45 2 4 45 8 51 2 5 167 16 232 3 1 201 11 206 28 204 3 4 64 14 65 29 53 2 4 52 8 58 3 10 21 23 18 24 24 2 3 23 15 20 2 4 64 8 63 2 6 70 20 77 3 7 141 9 175 19 157 2 6 118 8 97 2 5 37 9 35 2 17 101 21 99 2 10 22 29 27 2 11 8 17 11 2 12 113 24 114 3 4 36 17 42 30 41 2 7 23 13 16 2 11 134 14 107 3 5 64 17 60 18 80 3 7 67 19 81 28 73 4 5 30 21 34 26 33 28 33 3 4 60 14 62 29 59 2 7 156 16 143 2 20 20 26 22 3 7 160 9 143 19 130 3 3 22 12 22 21 25 2 17 154 22 163 2 22 153 28 148 2 4 7 23 9 3 7 64 19 85 28 80 2 25 141 30 136 3 13 158 25 178 27 208
35 3 1 161 11 150 28 213 3 7 164 9 173 19 156 4 5 36 21 39 26 38 28 28 3 7 150 9 132 19 139 3 2 28 9 26 23 30 3 3 40 23 46 26 41 2 6 58 20 70 2 6 118 8 84 2 4 45 8 50 2 7 20 13 17 2 5 176 16 198 3 7 83 19 88 28 73 2 5 38 9 30 2 10 26 29 23 2 11 8 17 10 2 10 20 29 21 2 12 122 24 114 3 4 46 17 46 30 53 2 11 111 14 148 2 3 22 15 22 2 7 137 16 154 3 3 21 12 22 21 19 3 10 18 23 20 24 22 2 20 25 26 23 2 4 7 23 10 2 17 129 21 103 3 5 62 17 82 18 86 2 6 65 20 59 2 25 111 30 143 2 17 132 22 143 2 7 129 16 151 3 13 191 25 182 27 162 2 22 176 28 155 2 17 157 22 186 3 4 68 14 66 29 72
36 3 1 196 11 206 28 168 3 2 32 9 30 23 34 3 3 32 23 42 26 44 3 1 169 11 175 28 196 2 4 56 8 51 3 2 34 9 34 23 24 2 6 123 8 97 3 3 34 23 33 26 38 3 4 72 14 53 29 64 2 5 185 16 178 2 6 61 20 66 2 5 34 9 31 2 22 211 28 220 3 13 214 25 153 27 162 3 4 56 14 68 29 73 3 7 134 9 152 19 132 2 10 23 29 26 2 5 35 9 37 2 20 22 26 19 2 7 114 16 126 2 11 9 17 11 2 17 146 22 142 2 6 76 20 64 2 12 123 24 103 3 10 23 23 24 24 20 2 7 18 13 18 2 17 98 21 129 2 11 145 14 119 2 3 23 15 16 3 5 72 17 66 18 77 2 4 9 23 9 3 7 77 19 64 28 65 3 3 20 12 22 21 19 3 4 48 17 37 30 43 2 25 115 30 112 4 5 34 21 39 26 38 28 30
36 3 1 196 11 206 28 168 3 2 32 9 30 23 34 3 3 32 23 42 26 44 3 1 169 11 175 28 196 2 4 56 8 51 3 2 34 9 34 23 24 2 6 123 8 97 3 3 34 23 33 26 38 3 4 72 14 53 29 64 2 5 185 16 178 2 6 61 20 66 2 5 34 9 31 2 22 211 28 220 3 13 214 25 153 27 162 3 4 56 14 68 29 73 3 7 134 9 152 19 132 2 10 23 29 26 2 5 35 9 37 2 20 22 26 19 2 7 114 16 126 2 11 9 17 11 2 17 146 22 142 2 6 76 20 64 2 12 123 24 103 3 10 23 23 24 24 20 2 7 18 13 18 2 17 98 21 129 2 11 145 14 119 2 3 23 15 16 3 5 72 17 66 18 77 2 4 9 23 9 3 7 77 19 64 28 65 3 3 20 12 22 21 19 3 4 48 17 37 30 43 2 25 115 30 112 4 5 34 21 39 26 38 28 30
38 3 1 156 11 175 28 161 3 2 33 9 26 23 32 3 3 42 23 36 26 41 2 25 117 30 113 2 10 25 29 20 3 4 59 14 72 29 69 2 4 43 8 61 2 20 22 26 24 2 5 233 16 217 2 25 116 30 112 2 6 70 20 66 3 7 124 9 123 19 157 2 20 20 26 17 2 3 19 15 18 3 3 20 12 26 21 18 3 3 47 23 35 26 43 2 12 88 24 119 3 3 38 23 32 26 33 2 6 114 8 108 3 2 30 9 32 23 26 2 5 32 9 32 2 11 8 17 8 2 7 20 13 23 2 11 139 14 108 2 11 9 17 9 2 7 129 16 153 2 17 119 21 127 4 5 39 21 29 26 29 28 33 3 4 49 17 46 30 47 3 5 63 17 64 18 61 2 11 10 17 10 3 7 81 19 64 28 72 3 1 174 11 180 28 157 2 17 186 22 139 2 4 10 23 9 3 10 18 23 19 24 22 3 13 150 25 215 27 164 2 22 189 28 197
38 3 1 156 11 175 28 161 3 2 33 9 26 23 32 3 3 42 23 36 26 41 2 25 117 30 113 2 10 25 29 20 3 4 59 14 72 29 69 2 4 43 8 61 2 20 22 26 24 2 5 233 16 217 2 25 116 30 112 2 6 70 20 66 3 7 124 9 123 19 157 2 20 20 26 17 2 3 19 15 18 3 3 20 12 26 21 18 3 3 47 23 35 26 43 2 12 88 24 119 3 3 38 23 32 26 33 2 6 114 8 108 3 2 30 9 32 23 26 2 5 32 9 32 2 11 8 17 8 2 7 20 13 23 2 11 139 14 108 2 11 9 17 9 2 7 129 16 153 2 17 119 21 127 4 5 39 21 29 26 29 28 33 3 4 49 17 46 30 47 3 5 63 17 64 18 61 2 11 10 17 10 3 7 81 19 64 28 72 3 1 174 11 180 28 157 2 17 186 22 139 2 4 10 23 9 3 10 18 23 19 24 22 3 13 150 25 215 27 164 2 22 189 28 197
38 3 1 156 11 175 28 161 3 2 33 9 26 23 32 3 3 42 23 36 26 41 2 25 117 30 113 2 10 25 29 20 3 4 59 14 72 29 69 2 4 43 8 61 2 20 22 26 24 2 5 233 16 217 2 25 116 30 112 2 6 70 20 66 3 7 124 9 123 19 157 2 20 20 26 17 2 3 19 15 18 3 3 20 12 26 21 18 3 3 47 23 35 26 43 2 12 88 24 119 3 3 38 23 32 26 33 2 6 114 8 108 3 2 30 9 32 23 26 2 5 32 9 32 2 11 8 17 8 2 7 20 13 23 2 11 139 14 108 2 11 9 17 9 2 7 129 16 153 2 17 119 21 127 4 5 39 21 29 26 29 28 33 3 4 49 17 46 30 47 3 5 63 17 64 18 61 2 11 10 17 10 3 7 81 19 64 28 72 3 1 174 11 180 28 157 2 17 186 22 139 2 4 10 23 9 3 10 18 23 19 24 22 3 13 150 25 215 27 164 2 22 189 28 197
38 3 1 156 11 175 28 161 3 2 33 9 26 23 32 3 3 42 23 36 26 41 2 25 117 30 113 2 10 25 29 20 3 4 59 14 72 29 69 2 4 43 8 61 2 20 22 26 24 2 5 233 16 217 2 25 116 30 112 2 6 70 20 66 3 7 124 9 123 19 157 2 20 20 26 17 2 3 19 15 18 3 3 20 12 26 21 18 3 3 47 23 35 26 43 2 12 88 24 119 3 3 38 23 32 26 33 2 6 114 8 108 3 2 30 9 32 23 26 2 5 32 9 32 2 11 8 17 8 2 7 20 13 23 2 11 139 14 108 2 11 9 17 9 2 7 129 16 153 2 17 119 21 127 4 5 39 21 29 26 29 28 33 3 4 49 17 46 30 47 3 5 63 17 64 18 61 2 11 10 17 10 3 7 81 19 64 28 72 3 1 174 11 180 28 157 2 17 186 22 139 2 4 10 23 9 3 10 18 23 19 24 22 3 13 150 25 215 27 164 2 22 189 28 197
36 3 1 206 11 143 28 164 3 2 29 9 29 23 35 3 3 37 23 41 26 40 3 1 154 11 182 28 167 2 4 52 8 43 3 2 26 9 32 23 27 2 6 101 8 98 3 3 33 23 45 26 32 3 4 62 14 53 29 61 2 5 197 16 208 2 6 75 20 55 2 5 32 9 32 2 22 218 28 151 3 13 197 25 177 27 187 3 4 71 14 69 29 73 3 7 170 9 148 19 140 2 10 26 29 24 2 5 40 9 39 2 20 23 26 17 2 7 150 16 135 2 11 9 17 8 2 17 144 22 146 2 6 73 20 78 2 12 108 24 120 3 10 24 23 19 24 22 2 7 22 13 21 2 17 130 21 129 2 11 128 14 134 2 3 22 15 21 3 5 86 17 79 18 86 2 4 7 23 9 3 7 72 19 73 28 83 3 3 19 12 21 21 21 3 4 46 17 47 30 43 2 25 128 30 144 4 5 33 21 33 26 38 28 41
37 3 1 162 11 191 28 184 2 11 136 14 128 3 2 30 9 25 23 29 3 3 44 23 35 26 32 2 11 10 17 10 2 11 126 14 131 2 4 44 8 45 2 11 11 17 8 2 5 207 16 232 2 6 57 20 66 3 7 141 9 150 19 140 2 6 119 8 122 2 5 33 9 32 2 4 60 8 54 2 12 85 24 89 2 6 57 20 69 2 10 25 29 27 2 7 22 13 22 2 17 165 22 168 2 4 60 8 56 2 3 17 15 20 2 7 166 16 135 2 6 71 20 65 2 17 130 21 113 3 7 153 9 171 19 153 3 5 65 17 80 18 77 3 7 88 19 92 28 81 3 3 22 12 20 21 17 2 4 9 23 8 2 20 24 26 20 3 10 17 23 22 24 23 2 25 135 30 118 4 5 28 21 37 26 29 28 34 3 13 204 25 181 27 191 3 4 67 14 62 29 64 2 22 208 28 164 3 4 53 17 41 30 38
37 3 1 162 11 191 28 184 2 11 136 14 128 3 2 30 9 25 23 29 3 3 44 23 35 26 32 2 11 10 17 10 2 11 126 14 131 2 4 44 8 45 2 11 11 17 8 2 5 207 16 232 2 6 57 20 66 3 7 141 9 150 19 140 2 6 119 8 122 2 5 33 9 32 2 4 60 8 54 2 12 85 24 89 2 6 57 20 69 2 10 25 29 27 2 7 22 13 22 2 17 165 22 168 2 4 60 8 56 2 3 17 15 20 2 7 166 16 135 2 6 71 20 65 2 17 130 21 113 3 7 153 9 171 19 153 3 5 65 17 80 18 77 3 7 88 19 92 28 81 3 3 22 12 20 21 17 2 4 9 23 8 2 20 24 26 20 3 10 17 23 22 24 23 2 25 135 30 118 4 5 28 21 37 26 29 28 34 3 13 204 25 181 27 191 3 4 67 14 62 29 64 2 22 208 28 164 3 4 53 17 41 30 38
37 3 4 53 14 70 29 52 3 1 197 11 189 28 144 2 12 119 24 97 2 7 169 16 155 2 12 105 24 109 3 7 80 19 66 28 80 3 2 29 9 35 23 32 2 4 63 8 56 3 3 38 23 41 26 47 2 4 64 8 55 2 5 220 16 215 3 5 88 17 63 18 74 2 11 8 17 11 2 10 29 29 28 2 6 76 20 78 3 7 118 9 146 19 136 2 6 103 8 124 2 5 37 9 43 2 7 22 13 23 2 4 47 8 62 2 11 115 14 104 2 3 19 15 23 3 13 209 25 180 27 209 2 10 25 29 29 2 17 102 21 110 2 20 25 26 25 3 4 66 14 54 29 62 3 3 26 12 22 21 23 2 17 189 22 186 2 5 170 16 222 2 4 9 23 8 3 10 22 23 21 24 24 2 25 129 30 120 3 4 36 17 40 30 42 3 3 47 23 41 26 33 4 5 36 21 40 26 40 28 29 2 22 180 28 202
37 3 1 213 11 143 28 189 3 2 35 9 26 23 30 2 20 18 26 20 3 7 68 19 63 28 77 2 17 103 21 106 2 20 25 26 21 3 3 39 23 33 26 42 2 4 52 8 47 3 2 35 9 29 23 32 2 5 188 16 209 3 10 22 23 18 24 24 2 6 60 20 78 3 10 18 23 22 24 20 3 7 139 9 150 19 157 2 4 54 8 54 2 6 119 8 122 3 13 215 25 157 27 149 3 7 68 19 91 28 66 2 5 44 9 41 2 10 28 29 23 3 1 152 11 155 28 176 2 11 8 17 8 2 12 102 24 108 2 7 17 13 17 2 22 214 28 184 2 5 38 9 43 3 5 61 17 65 18 63 2 25 115 30 134 2 11 144 14 134 2 3 23 15 18 2 7 117 16 158 3 3 25 12 19 21 26 2 4 10 23 7 2 17 186 22 160 4 5 28 21 34 26 30 28 36 3 4 38 17 53 30 51 3 4 72 14 68 29 52
37 3 1 213 11 143 28 189 3 2 35 9 26 23 30 2 20 18 26 20 3 7 68 19 63 28 77 2 17 103 21 106 2 20 25 26 21 3 3 39 23 33 26 42 2 4 52 8 47 3 2 35 9 29 23 32 2 5 188 16 209 3 10 22 23 18 24 24 2 6 60 20 78 3 10 18 23 22 24 20 3 7 139 9 150 19 157 2 4 54 8 54 2 6 119 8 122 3 13 215 25 157 27 149 3 7 68 19 91 28 66 2 5 44 9 41 2 10 28 29 23 3 1 152 11 155 28 176 2 11 8 17 8 2 12 102 24 108 2 7 17 13 17 2 22 214 28 184 2 5 38 9 43 3 5 61 17 65 18 63 2 25 115 30 134 2 11 144 14 134 2 3 23 15 18 2 7 117 16 158 3 3 25 12 19 21 26 2 4 10 23 7 2 17 186 22 160 4 5 28 21 34 26 30 28 36 3 4 38 17 53 30 51 3 4 72 14 68 29 52
37 3 1 213 11 143 28 189 3 2 35 9 26 23 30 2 20 18 26 20 3 7 68 19 63 28 77 2 17 103 21 106 2 20 25 26 21 3 3 39 23 33 26 42 2 4 52 8 47 3 2 35 9 29 23 32 2 5 188 16 209 3 10 22 23 18 24 24 2 6 60 20 78 3 10 18 23 22 24 20 3 7 139 9 150 19 157 2 4 54 8 54 2 6 119 8 122 3 13 215 25 157 27 149 3 7 68 19 91 28 66 2 5 44 9 41 2 10 28 29 23 3 1 152 11 155 28 176 2 11 8 17 8 2 12 102 24 108 2 7 17 13 17 2 22 214 28 184 2 5 38 9 43 3 5 61 17 65 18 63 2 25 115 30 134 2 11 144 14 134 2 3 23 15 18 2 7 117 16 158 3 3 25 12 19 21 26 2 4 10 23 7 2 17 186 22 160 4 5 28 21 34 26 30 28 36 3 4 38 17 53 30 51 3 4 72 14 68 29 52
35 2 4 50 8 55 3 1 205 11 184 28 188 2 7 117 16 128 3 1 158 11 165 28 197 2 12 110 24 125 3 2 24 9 30 23 32 3 3 39 23 47 26 34 2 5 167 16 190 2 6 65 20 61 3 7 136 9 169 19 172 3 7 79 19 63 28 88 2 17 146 22 156 2 6 116 8 96 2 25 129 30 104 2 5 35 9 40 2 10 26 29 24 2 17 116 21 126 2 4 8 23 8 2 17 125 21 110 2 11 11 17 9 2 3 22 15 22 2 7 18 13 24 2 11 130 14 154 3 7 83 19 78 28 70 3 5 60 17 80 18 65 2 20 23 26 22 2 12 121 24 123 3 3 24 12 24 21 17 3 10 19 23 22 24 17 2 6 109 8 106 4 5 32 21 35 26 28 28 41 3 13 206 25 215 27 196 2 22 170 28 197 3 4 62 14 54 29 55 3 4 49 17 52 30 51
35 2 4 50 8 55 3 1 205 11 184 28 188 2 7 117 16 128 3 1 158 11 165 28 197 2 12 110 24 125 3 2 24 9 30 23 32 3 3 39 23 47 26 34 2 5 167 16 190 2 6 65 20 61 3 7 136 9 169 19 172 3 7 79 19 63 28 88 2 17 146 22 156 2 6 116 8 96 2 25 129 30 104 2 5 35 9 40 2 10 26 29 24 2 17 116 21 126 2 4 8 23 8 2 17 125 21 110 2 11 11 17 9 2 3 22 15 22 2 7 18 13 24 2 11 130 14 154 3 7 83 19 78 28 70 3 5 60 17 80 18 65 2 20 23 26 22 2 12 121 24 123 3 3 24 12 24 21 17 3 10 19 23 22 24 17 2 6 109 8 106 4 5 32 21 35 26 28 28 41 3 13 206 25 215 27 196 2 22 170 28 197 3 4 62 14 54 29 55 3 4 49 17 52 30 51
34 3 1 154 11 154 28 154 3 2 26 9 29 23 28 3 3 37 23 38 26 47 2 4 62 8 58 3 3 46 23 33 26 32 2 5 214 16 227 2 5 35 9 38 2 6 78 20 72 3 7 150 9 127 19 134 2 6 111 8 106 2 20 21 26 21 2 10 21 29 24 2 11 8 17 9 2 12 90 24 115 2 7 22 13 20 2 11 121 14 151 2 3 20 15 17 2 4 58 8 53 2 7 169 16 150 2 17 197 22 170 2 17 128 21 118 3 5 87 17 76 18 65 2 11 10 17 9 3 7 75 19 80 28 90 3 7 158 9 127 19 128 3 3 20 12 20 21 21 2 4 8 23 10 2 22 204 28 189 4 5 28 21 33 26 30 28 36 3 10 22 23 18 24 21 2 25 140 30 139 3 13 181 25 171 27 206 3 4 57 14 60 29 74 3 4 42 17 36 30 39
34 3 1 146 11 170 28 191 3 2 33 9 27 23 25 3 3 45 23 42 26 32 2 4 50 8 48 2 22 173 28 198 2 5 218 16 228 2 6 66 20 57 2 22 200 28 162 3 7 145 9 135 19 123 2 6 104 8 121 2 6 72 20 73 2 11 120 14 109 2 5 36 9 31 2 7 22 13 19 2 7 123 16 133 2 10 24 29 24 2 20 19 26 24 2 11 9 17 8 3 7 91 19 81 28 64 3 5 72 17 79 18 76 2 12 115 24 92 2 3 23 15 23 2 17 124 21 134 2 6 119 8 86 2 4 8 23 9 3 3 23 12 25 21 22 2 20 23 26 19 2 17 141 22 167 3 10 20 23 19 24 21 2 25 128 30 135 4 5 33 21 28 26 34 28 38 3 4 51 17 46 30 37 3 13 200 25 155 27 213 3 4 75 14 58 29 63
34 3 1 146 11 170 28 191 3 2 33 9 27 23 25 3 3 45 23 42 26 32 2 4 50 8 48 2 22 173 28 198 2 5 218 16 228 2 6 66 20 57 2 22 200 28 162 3 7 145 9 135 19 123 2 6 104 8 121 2 6 72 20 73 2 11 120 14 109 2 5 36 9 31 2 7 22 13 19 2 7 123 16 133 2 10 24 29 24 2 20 19 26 24 2 11 9 17 8 3 7 91 19 81 28 64 3 5 72 17 79 18 76 2 12 115 24 92 2 3 23 15 23 2 17 124 21 134 2 6 119 8 86 2 4 8 23 9 3 3 23 12 25 21 22 2 20 23 26 19 2 17 141 22 167 3 10 20 23 19 24 21 2 25 128 30 135 4 5 33 21 28 26 34 28 38 3 4 51 17 46 30 37 3 13 200 25 155 27 213 3 4 75 14 58 29 63
34 3 1 146 11 170 28 191 3 2 33 9 27 23 25 3 3 45 23 42 26 32 2 4 50 8 48 2 22 173 28 198 2 5 218 16 228 2 6 66 20 57 2 22 200 28 162 3 7 145 9 135 19 123 2 6 104 8 121 2 6 72 20 73 2 11 120 14 109 2 5 36 9 31 2 7 22 13 19 2 7 123 16 133 2 10 24 29 24 2 20 19 26 24 2 11 9 17 8 3 7 91 19 81 28 64 3 5 72 17 79 18 76 2 12 115 24 92 2 3 23 15 23 2 17 124 21 134 2 6 119 8 86 2 4 8 23 9 3 3 23 12 25 21 22 2 20 23 26 19 2 17 141 22 167 3 10 20 23 19 24 21 2 25 128 30 135 4 5 33 21 28 26 34 28 38 3 4 51 17 46 30 37 3 13 200 25 155 27 213 3 4 75 14 58 29 63
37 3 1 151 11 159 28 179 2 11 115 14 148 3 2 32 9 24 23 35 3 3 35 23 38 26 42 2 11 11 17 10 2 11 125 14 120 2 4 43 8 47 2 11 9 17 8 2 5 182 16 226 2 6 69 20 73 3 7 172 9 142 19 146 2 6 117 8 119 2 5 42 9 40 2 4 52 8 45 2 12 123 24 101 2 6 59 20 70 2 10 26 29 21 2 7 17 13 19 2 17 184 22 190 2 4 59 8 55 2 3 21 15 18 2 7 138 16 140 2 6 56 20 70 2 17 114 21 93 3 7 120 9 156 19 126 3 5 68 17 84 18 76 3 7 92 19 88 28 70 3 3 19 12 24 21 22 2 4 10 23 9 2 20 23 26 19 3 10 16 23 20 24 23 2 25 109 30 127 4 5 39 21 30 26 39 28 37 3 13 192 25 150 27 213 3 4 70 14 57 29 64 2 22 218 28 220 3 4 51 17 47 30 45
36 3 1 193 11 202 28 169 3 10 18 23 16 24 16 3 1 165 11 157 28 200 3 2 32 9 26 23 24 2 17 144 22 176 3 10 18 23 20 24 22 3 3 43 23 33 26 41 2 5 41 9 37 2 4 45 8 44 3 5 69 17 76 18 76 2 11 10 17 11 2 5 33 9 29 2 22 193 28 176 2 5 219 16 205 2 6 76 20 58 2 5 235 16 187 2 7 17 13 22 3 7 124 9 141 19 146 2 6 119 8 120 3 3 22 12 17 21 22 2 10 29 29 26 2 12 114 24 103 2 11 121 14 142 3 4 67 14 59 29 68 2 3 22 15 22 2 7 163 16 122 2 17 106 21 110 3 4 51 17 38 30 39 3 7 84 19 81 28 73 2 17 99 21 129 2 20 26 26 22 3 13 179 25 189 27 189 2 17 113 21 119 2 4 9 23 10 2 25 100 30 118 4 5 31 21 32 26 35 28 34
36 3 1 193 11 202 28 169 3 10 18 23 16 24 16 3 1 165 11 157 28 200 3 2 32 9 26 23 24 2 17 144 22 176 3 10 18 23 20 24 22 3 3 43 23 33 26 41 2 5 41 9 37 2 4 45 8 44 3 5 69 17 76 18 76 2 11 10 17 11 2 5 33 9 29 2 22 193 28 176 2 5 219 16 205 2 6 76 20 58 2 5 235 16 187 2 7 17 13 22 3 7 124 9 141 19 146 2 6 119 8 120 3 3 22 12 17 21 22 2 10 29 29 26 2 12 114 24 103 2 11 121 14 142 3 4 67 14 59 29 68 2 3 22 15 22 2 7 163 16 122 2 17 106 21 110 3 4 51 17 38 30 39 3 7 84 19 81 28 73 2 17 99 21 129 2 20 26 26 22 3 13 179 25 189 27 189 2 17 113 21 119 2 4 9 23 10 2 25 100 30 118 4 5 31 21 32 26 35 28 34
36 3 1 193 11 202 28 169 3 10 18 23 16 24 16 3 1 165 11 157 28 200 3 2 32 9 26 23 24 2 17 144 22 176 3 10 18 23 20 24 22 3 3 43 23 33 26 41 2 5 41 9 37 2 4 45 8 44 3 5 69 17 76 18 76 2 11 10 17 11 2 5 33 9 29 2 22 193 28 176 2 5 219 16 205 2 6 76 20 58 2 5 235 16 187 2 7 17 13 22 3 7 124 9 141 19 146 2 6 119 8 120 3 3 22 12 17 21 22 2 10 29 29 26 2 12 114 24 103 2 11 121 14 142 3 4 67 14 59 29 68 2 3 22 15 22 2 7 163 16 122 2 17 106 21 110 3 4 51 17 38 30 39 3 7 84 19 81 28 73 2 17 99 21 129 2 20 26 26 22 3 13 179 25 189 27 189 2 17 113 21 119 2 4 9 23 10 2 25 100 30 118 4 5 31 21 32 26 35 28 34
35 2 4 49 8 58 3 1 169 11 144 28 188 2 7 128 16 120 3 1 153 11 186 28 158 2 12 94 24 103 3 2 30 9 25 23 32 3 3 42 23 41 26 34 2 5 210 16 212 2 6 76 20 75 3 7 146 9 165 19 126 3 7 67 19 71 28 66 2 17 173 22 175 2 6 112 8 116 2 25 101 30 144 2 5 32 9 40 2 10 22 29 23 2 17 126 21 122 2 4 8 23 9 2 17 119 21 133 2 11 10 17 10 2 3 16 15 22 2 7 17 13 20 2 11 150 14 124 3 7 62 19 68 28 79 3 5 62 17 61 18 85 2 20 21 26 21 2 12 106 24 91 3 3 23 12 23 21 23 3 10 24 23 23 24 22 2 6 113 8 117 4 5 32 21 31 26 30 28 34 3 13 169 25 198 27 169 2 22 174 28 185 3 4 56 14 74 29 55 3 4 44 17 46 30 41
35 2 4 52 8 52 3 1 159 11 174 28 193 2 7 116 16 135 3 1 182 11 174 28 199 2 12 89 24 114 3 2 31 9 27 23 24 3 3 45 23 33 26 33 2 5 159 16 193 2 6 63 20 74 3 7 135 9 154 19 140 3 7 73 19 63 28 82 2 17 136 22 195 2 6 110 8 95 2 25 108 30 119 2 5 34 9 44 2 10 22 29 29 2 17 131 21 96 2 4 9 23 7 2 17 133 21 93 2 11 10 17 10 2 3 18 15 21 2 7 20 13 17 2 11 129 14 153 3 7 63 19 71 28 86 3 5 82 17 63 18 82 2 20 21 26 25 2 12 94 24 87 3 3 26 12 22 21 24 3 10 21 23 19 24 17 2 6 86 8 96 4 5 29 21 30 26 31 28 36 3 13 199 25 197 27 199 2 22 189 28 210 3 4 72 14 66 29 54 3 4 46 17 49 30 46
35 2 4 52 8 52 3 1 159 11 174 28 193 2 7 116 16 135 3 1 182 11 174 28 199 2 12 89 24 114 3 2 31 9 27 23 24 3 3 45 23 33 26 33 2 5 159 16 193 2 6 63 20 74 3 7 135 9 154 19 140 3 7 73 19 63 28 82 2 17 136 22 195 2 6 110 8 95 2 25 108 30 119 2 5 34 9 44 2 10 22 29 29 2 17 131 21 96 2 4 9 23 7 2 17 133 21 93 2 11 10 17 10 2 3 18 15 21 2 7 20 13 17 2 11 129 14 153 3 7 63 19 71 28 86 3 5 82 17 63 18 82 2 20 21 26 25 2 12 94 24 87 3 3 26 12 22 21 24 3 10 21 23 19 24 17 2 6 86 8 96 4 5 29 21 30 26 31 28 36 3 13 199 25 197 27 199 2 22 189 28 210 3 4 72 14 66 29 54 3 4 46 17 49 30 46
33 3 1 180 11 172 28 166 3 2 33 9 35 23 31 3 5 85 17 84 18 65 3 3 36 23 32 26 43 2 17 152 22 159 2 4 47 8 44 3 7 75 19 63 28 69 3 4 54 14 63 29 67 2 5 171 16 176 3 2 30 9 29 23 27 2 6 59 20 59 3 7 156 9 145 19 123 2 6 98 8 123 3 10 23 23 22 24 17 2 11 142 14 114 2 5 32 9 37 2 3 17 15 19 2 12 101 24 116 2 25 120 30 128 2 5 38 9 43 2 10 27 29 22 2 7 17 13 22 2 7 129 16 130 3 4 44 17 36 30 40 2 7 20 13 18 2 11 10 17 11 2 17 98 21 99 2 20 21 26 25 3 3 18 12 21 21 24 2 4 7 23 10 2 22 150 28 165 4 5 34 21 41 26 34 28 35 3 13 196 25 145 27 213
33 3 1 180 11 172 28 166 3 2 33 9 35 23 31 3 5 85 17 84 18 65 3 3 36 23 32 26 43 2 17 152 22 159 2 4 47 8 44 3 7 75 19 63 28 69 3 4 54 14 63 29 67 2 5 171 16 176 3 2 30 9 29 23 27 2 6 59 20 59 3 7 156 9 145 19 123 2 6 98 8 123 3 10 23 23 22 24 17 2 11 142 14 114 2 5 32 9 37 2 3 17 15 19 2 12 101 24 116 2 25 120 30 128 2 5 38 9 43 2 10 27 29 22 2 7 17 13 22 2 7 129 16 130 3 4 44 17 36 30 40 2 7 20 13 18 2 11 10 17 11 2 17 98 21 99 2 20 21 26 25 3 3 18 12 21 21 24 2 4 7 23 10 2 22 150 28 165 4 5 34 21 41 26 34 28 35 3 13 196 25 145 27 213
36 3 1 174 11 153 28 206 3 2 26 9 29 23 33 3 3 43 23 34 26 35 3 1 203 11 171 28 148 2 4 59 8 50 3 2 31 9 31 23 31 2 6 112 8 110 3 3 43 23 42 26 37 3 4 59 14 72 29 67 2 5 234 16 183 2 6 78 20 78 2 5 41 9 30 2 22 160 28 193 3 13 196 25 211 27 213 3 4 73 14 56 29 68 3 7 130 9 131 19 167 2 10 24 29 20 2 5 35 9 39 2 20 18 26 18 2 7 118 16 156 2 11 8 17 11 2 17 164 22 163 2 6 56 20 61 2 12 124 24 122 3 10 21 23 16 24 24 2 7 17 13 19 2 17 115 21 93 2 11 147 14 112 2 3 21 15 20 3 5 79 17 67 18 67 2 4 10 23 7 3 7 86 19 84 28 78 3 3 25 12 19 21 20 3 4 45 17 44 30 46 2 25 109 30 118 4 5 36 21 40 26 30 28 36
38 3 1 177 11 210 28 179 3 2 31 9 34 23 30 3 3 36 23 45 26 43 2 25 126 30 104 2 10 23 29 24 3 4 64 14 63 29 63 2 4 44 8 63 2 20 19 26 17 2 5 188 16 161 2 25 137 30 136 2 6 62 20 54 3 7 137 9 136 19 120 2 20 23 26 24 2 3 20 15 20 3 3 24 12 20 21 18 3 3 46 23 35 26 39 2 12 117 24 113 3 3 43 23 35 26 34 2 6 85 8 104 3 2 35 9 32 23 32 2 5 37 9 31 2 11 11 17 11 2 7 18 13 20 2 11 142 14 104 2 11 10 17 10 2 7 168 16 120 2 17 102 21 120 4 5 41 21 30 26 33 28 29 3 4 38 17 45 30 39 3 5 68 17 86 18 85 2 11 10 17 11 3 7 80 19 92 28 65 3 1 191 11 207 28 181 2 17 154 22 149 2 4 7 23 7 3 10 21 23 17 24 23 3 13 147 25 159 27 146 2 22 187 28 186
38 3 1 177 11 210 28 179 3 2 31 9 34 23 30 3 3 36 23 45 26 43 2 25 126 30 104 2 10 23 29 24 3 4 64 14 63 29 63 2 4 44 8 63 2 20 19 26 17 2 5 188 16 161 2 25 137 30 136 2 6 62 20 54 3 7 137 9 136 19 120 2 20 23 26 24 2 3 20 15 20 3 3 24 12 20 21 18 3 3 46 23 35 26 39 2 12 117 24 113 3 3 43 23 35 26 34 2 6 85 8 104 3 2 35 9 32 23 32 2 5 37 9 31 2 11 11 17 11 2 7 18 13 20 2 11 142 14 104 2 11 10 17 10 2 7 168 16 120 2 17 102 21 120 4 5 41 21 30 26 33 28 29 3 4 38 17 45 30 39 3 5 68 17 86 18 85 2 11 10 17 11 3 7 80 19 92 28 65 3 1 191 11 207 28 181 2 17 154 22 149 2 4 7 23 7 3 10 21 23 17 24 23 3 13 147 25 159 27 146 2 22 187 28 186
38 3 1 211 11 173 28 169 3 2 32 9 33 23 25 3 3 40 23 41 26 41 2 6 54 20 54 3 2 32 9 31 23 24 2 7 126 16 170 2 4 58 8 52 2 5 180 16 223 3 3 47 23 33 26 39 3 7 118 9 136 19 141 2 6 123 8 90 2 4 63 8 58 2 5 38 9 32 2 10 23 29 23 2 11 9 17 9 2 12 112 24 84 2 11 114 14 114 3 7 124 9 136 19 141 2 7 20 13 21 2 3 21 15 18 2 17 132 21 136 3 3 20 12 18 21 25 2 4 63 8 55 3 5 85 17 64 18 83 3 13 161 25 155 27 154 2 10 22 29 26 3 7 89 19 89 28 70 2 20 23 26 23 2 17 149 22 184 2 4 9 23 8 2 7 21 13 25 2 22 180 28 157 3 10 20 23 22 24 24 2 4 58 8 44 2 25 132 30 144 3 4 74 14 74 29 67 3 4 43 17 51 30 40 4 5 30 21 36 26 33 28 41
38 3 1 185 11 189 28 208 3 2 34 9 28 23 24 3 3 46 23 34 26 46 2 6 69 20 57 3 2 35 9 32 23 33 2 7 169 16 132 2 4 55 8 51 2 5 214 16 189 3 3 42 23 36 26 35 3 7 148 9 174 19 167 2 6 110 8 86 2 4 61 8 43 2 5 36 9 33 2 10 26 29 27 2 11 8 17 10 2 12 108 24 89 2 11 123 14 153 3 7 118 9 157 19 123 2 7 20 13 21 2 3 22 15 20 2 17 133 21 97 3 3 25 12 21 21 26 2 4 58 8 60 3 5 79 17 69 18 81 3 13 182 25 160 27 212 2 10 20 29 27 3 7 71 19 90 28 85 2 20 23 26 19 2 17 192 22 153 2 4 8 23 10 2 7 21 13 19 2 22 215 28 156 3 10 20 23 21 24 19 2 4 47 8 55 2 25 98 30 111 3 4 73 14 69 29 56 3 4 39 17 44 30 38 4 5 34 21 35 26 40 28 28
37 3 1 199 11 208 28 185 2 11 123 14 105 3 2 24 9 31 23 26 3 3 42 23 43 26 38 2 11 11 17 9 2 11 139 14 146 2 4 51 8 47 2 11 9 17 11 2 5 228 16 202 2 6 59 20 71 3 7 163 9 171 19 117 2 6 111 8 121 2 5 30 9 42 2 4 53 8 53 2 12 113 24 122 2 6 62 20 56 2 10 24 29 22 2 7 20 13 25 2 17 135 22 197 2 4 63 8 44 2 3 19 15 17 2 7 147 16 165 2 6 76 20 69 2 17 97 21 126 3 7 170 9 129 19 157 3 5 80 17 83 18 78 3 7 83 19 70 28 64 3 3 20 12 23 21 23 2 4 8 23 9 2 20 18 26 26 3 10 19 23 19 24 21 2 25 125 30 131 4 5 28 21 31 26 38 28 29 3 13 185 25 164 27 152 3 4 52 14 62 29 51 2 22 186 28 173 3 4 50 17 53 30 40
38 3 1 153 11 171 28 207 3 2 28 9 26 23 26 3 3 37 23 32 26 46 3 2 31 9 35 23 35 2 4 48 8 63 3 3 42 23 42 26 39 2 5 157 16 170 2 7 18 13 22 2 6 73 20 77 4 5 38 21 28 26 36 28 33 3 7 121 9 132 19 146 2 6 96 8 105 2 5 36 9 35 2 6 72 20 71 2 25 98 30 135 2 7 18 13 21 3 10 17 23 21 24 21 2 10 22 29 28 2 11 9 17 10 2 22 190 28 148 2 17 186 22 134 2 3 23 15 18 2 5 36 9 43 2 12 94 24 112 2 17 163 22 141 2 11 132 14 142 3 4 60 14 69 29 70 2 20 19 26 26 2 17 91 21 135 3 1 149 11 203 28 206 2 7 163 16 131 3 5 71 17 83 18 68 2 11 113 14 137 3 13 144 25 206 27 179 3 7 88 19 87 28 75 3 3 18 12 22 21 19 2 4 8 23 7 3 4 48 17 40 30 49
38 3 1 153 11 171 28 207 3 2 28 9 26 23 26 3 3 37 23 32 26 46 3 2 31 9 35 23 35 2 4 48 8 63 3 3 42 23 42 26 39 2 5 157 16 170 2 7 18 13 22 2 6 73 20 77 4 5 38 21 28 26 36 28 33 3 7 121 9 132 19 146 2 6 96 8 105 2 5 36 9 35 2 6 72 20 71 2 25 98 30 135 2 7 18 13 21 3 10 17 23 21 24 21 2 10 22 29 28 2 11 9 17 10 2 22 190 28 148 2 17 186 22 134 2 3 23 15 18 2 5 36 9 43 2 12 94 24 112 2 17 163 22 141 2 11 132 14 142 3 4 60 14 69 29 70 2 20 19 26 26 2 17 91 21 135 3 1 149 11 203 28 206 2 7 163 16 131 3 5 71 17 83 18 68 2 11 113 14 137 3 13 144 25 206 27 179 3 7 88 19 87 28 75 3 3 18 12 22 21 19 2 4 8 23 7 3 4 48 17 40 30 49
36 3 1 189 11 199 28 207 3 2 30 9 33 23 35 3 3 42 23 37 26 45 2 4 57 8 44 2 5 210 16 173 3 1 150 11 156 28 201 3 4 51 14 66 29 53 2 4 59 8 60 3 10 22 23 18 24 19 2 3 16 15 19 2 4 52 8 58 2 6 70 20 71 3 7 165 9 129 19 123 2 6 107 8 88 2 5 42 9 35 2 17 100 21 117 2 10 24 29 27 2 11 11 17 9 2 12 105 24 119 3 4 45 17 51 30 49 2 7 21 13 23 2 11 113 14 129 3 5 62 17 87 18 85 3 7 86 19 66 28 86 4 5 31 21 33 26 28 28 37 3 4 57 14 54 29 56 2 7 154 16 159 2 20 21 26 25 3 7 140 9 141 19 126 3 3 22 12 19 21 19 2 17 170 22 158 2 22 217 28 165 2 4 9 23 10 3 7 64 19 80 28 78 2 25 121 30 122 3 13 205 25 173 27 186
36 3 1 195 11 170 28 175 3 2 27 9 27 23 27 3 3 40 23 45 26 45 2 4 47 8 62 2 5 180 16 197 3 1 158 11 163 28 156 3 4 68 14 75 29 73 2 4 43 8 47 3 10 21 23 21 24 20 2 3 19 15 18 2 4 56 8 49 2 6 56 20 62 3 7 150 9 127 19 117 2 6 119 8 92 2 5 34 9 34 2 17 103 21 97 2 10 21 29 20 2 11 11 17 8 2 12 94 24 92 3 4 36 17 49 30 50 2 7 17 13 20 2 11 136 14 154 3 5 68 17 87 18 82 3 7 86 19 87 28 62 4 5 39 21 29 26 36 28 36 3 4 71 14 55 29 59 2 7 119 16 158 2 20 20 26 23 3 7 163 9 141 19 157 3 3 19 12 18 21 26 2 17 135 22 157 2 22 203 28 202 2 4 8 23 7 3 7 79 19 63 28 89 2 25 97 30 135 3 13 214 25 149 27 190
38 3 1 147 11 145 28 193 3 2 25 9 31 23 25 3 3 39 23 38 26 43 2 6 75 20 59 3 2 26 9 26 23 28 2 7 146 16 150 2 4 53 8 63 2 5 158 16 193 3 3 46 23 38 26 37 3 7 142 9 130 19 163 2 6 103 8 100 2 4 45 8 51 2 5 37 9 30 2 10 20 29 27 2 11 9 17 10 2 12 109 24 125 2 11 148 14 154 3 7 125 9 145 19 157 2 7 16 13 19 2 3 18 15 22 2 17 96 21 133 3 3 22 12 21 21 19 2 4 45 8 63 3 5 86 17 72 18 68 3 13 214 25 210 27 208 2 10 21 29 26 3 7 73 19 75 28 70 2 20 21 26 25 2 17 172 22 174 2 4 8 23 8 2 7 20 13 24 2 22 180 28 158 3 10 19 23 16 24 21 2 4 57 8 45 2 25 103 30 97 3 4 69 14 73 29 71 3 4 47 17 36 30 43 4 5 30 21 31 26 36 28 30
36 3 1 158 11 199 28 197 2 11 111 14 137 3 1 203 11 176 28 146 3 2 25 9 35 23 28 3 4 55 14 63 29 71 3 3 38 23 40 26 38 2 4 44 8 63 3 3 44 23 45 26 44 3 5 73 17 71 18 66 2 17 96 21 112 2 4 10 23 10 2 5 221 16 198 2 11 130 14 142 2 6 60 20 55 2 6 98 8 123 3 7 128 9 153 19 148 2 5 35 9 43 2 10 21 29 23 3 4 44 17 43 30 50 2 20 22 26 22 3 1 190 11 193 28 181 2 11 10 17 9 2 3 20 15 23 2 11 9 17 9 2 12 118 24 93 2 6 70 20 66 3 10 22 23 22 24 19 2 7 19 13 21 2 7 124 16 144 3 7 88 19 70 28 68 3 3 25 12 17 21 21 2 22 190 28 203 2 17 182 22 150 2 25 125 30 143 4 5 40 21 39 26 37 28 41 3 13 165 25 205 27 203
DUE_DATES: 3384 3384 3330 3451 3402 3402 3402 3793 3606 3535 3368 3368 3410 3410 3410 3410 3443 3617 3617 3676 3424 3424 3424 3654 3654 3305 3365 3365 3365 3602 3727 3727 3727 3597 3557 3557 2888 2888 3441 3381 3381 3401 3456 3606 3644 3644 3608 3526 3394 3690
WEIGHTS: 2 2 1 3 2 3 2 2 2 3 1 2 1 2 2 3 2 2 1 3 3 1 3 1 1 3 2 1 3 2 2 3 2 3 1 3 1 2 2 3 2 2 1 1 3 1 1 2 2 2
