50 30
34 2 1 156 24 120 3 19 39 20 34 25 44 3 2 68 14 78 15 64 2 3 12 10 16 3 4 93 7 76 27 76 2 5 73 7 73 2 21 86 22 84 3 6 46 18 46 30 38 3 21 26 22 34 28 31 3 2 136 7 148 17 184 3 4 88 7 108 27 78 2 8 168 24 179 3 2 184 7 178 17 135 3 3 64 5 62 15 61 2 18 162 30 180 2 5 58 7 57 3 9 5 15 5 22 4 3 4 86 17 84 19 78 3 5 41 10 34 18 37 3 8 96 11 84 29 91 3 12 53 22 51 23 49 2 11 127 13 176 3 6 109 14 139 29 143 2 21 103 22 93 3 19 61 20 73 29 63 3 9 1 13 2 16 1 2 5 35 28 38 3 13 149 17 178 27 143 3 5 99 19 91 27 81 2 18 98 19 124 3 20 91 23 111 26 111 2 15 101 29 97 3 15 85 24 72 28 88 3 10 98 26 87 28 91
34 2 1 156 24 120 3 19 39 20 34 25 44 3 2 68 14 78 15 64 2 3 12 10 16 3 4 93 7 76 27 76 2 5 73 7 73 2 21 86 22 84 3 6 46 18 46 30 38 3 21 26 22 34 28 31 3 2 136 7 148 17 184 3 4 88 7 108 27 78 2 8 168 24 179 3 2 184 7 178 17 135 3 3 64 5 62 15 61 2 18 162 30 180 2 5 58 7 57 3 9 5 15 5 22 4 3 4 86 17 84 19 78 3 5 41 10 34 18 37 3 8 96 11 84 29 91 3 12 53 22 51 23 49 2 11 127 13 176 3 6 109 14 139 29 143 2 21 103 22 93 3 19 61 20 73 29 63 3 9 1 13 2 16 1 2 5 35 28 38 3 13 149 17 178 27 143 3 5 99 19 91 27 81 2 18 98 19 124 3 20 91 23 111 26 111 2 15 101 29 97 3 15 85 24 72 28 88 3 10 98 26 87 28 91
37 3 4 97 7 90 27 102 2 1 119 24 149 3 2 70 14 80 15 55 2 3 14 10 13 3 2 69 14 66 15 76 3 6 113 14 112 29 155 3 13 146 17 158 27 179 3 4 77 7 93 27 94 2 5 78 7 60 3 3 62 5 54 15 70 3 6 45 18 42 30 44 3 4 91 7 104 27 98 3 2 181 7 154 17 158 2 8 162 24 185 3 9 4 15 4 22 5 3 3 70 5 70 15 63 3 15 75 24 87 28 81 3 3 60 5 51 15 57 3 5 34 10 35 18 39 3 8 94 11 94 29 71 2 21 75 22 109 3 12 53 22 64 23 55 2 11 142 13 153 2 15 91 29 75 3 9 2 13 1 16 2 3 4 79 17 69 19 98 3 19 32 20 43 25 34 3 9 1 13 1 16 1 2 18 102 19 108 3 5 119 19 101 27 110 3 19 84 20 78 29 90 3 20 99 23 108 26 81 3 21 34 22 29 28 33 3 9 1 13 1 16 1 3 10 98 26 72 28 72 2 5 36 28 48 2 18 156 30 162
37 3 4 97 7 90 27 102 2 1 119 24 149 3 2 70 14 80 15 55 2 3 14 10 13 3 2 69 14 66 15 76 3 6 113 14 112 29 155 3 13 146 17 158 27 179 3 4 77 7 93 27 94 2 5 78 7 60 3 3 62 5 54 15 70 3 6 45 18 42 30 44 3 4 91 7 104 27 98 3 2 181 7 154 17 158 2 8 162 24 185 3 9 4 15 4 22 5 3 3 70 5 70 15 63 3 15 75 24 87 28 81 3 3 60 5 51 15 57 3 5 34 10 35 18 39 3 8 94 11 94 29 71 2 21 75 22 109 3 12 53 22 64 23 55 2 11 142 13 153 2 15 91 29 75 3 9 2 13 1 16 2 3 4 79 17 69 19 98 3 19 32 20 43 25 34 3 9 1 13 1 16 1 2 18 102 19 108 3 5 119 19 101 27 110 3 19 84 20 78 29 90 3 20 99 23 108 26 81 3 21 34 22 29 28 33 3 9 1 13 1 16 1 3 10 98 26 72 28 72 2 5 36 28 48 2 18 156 30 162
38 2 1 119 24 165 3 2 79 14 65 15 76 2 1 130 24 147 2 3 17 10 12 3 6 48 18 52 30 45 3 21 34 22 28 28 25 3 4 84 7 101 27 101 3 19 65 20 67 29 62 2 5 71 7 75 2 1 150 24 161 3 2 189 7 187 17 155 2 8 139 24 139 3 2 73 14 66 15 54 3 9 4 15 4 22 5 3 5 45 10 32 18 45 2 5 58 7 58 3 20 93 23 103 26 81 3 8 94 11 75 29 72 3 12 53 22 57 23 46 2 11 162 13 160 2 8 134 24 134 3 6 112 14 118 29 116 3 3 72 5 58 15 53 3 9 2 13 1 16 2 3 4 85 17 82 19 76 3 2 174 7 184 17 180 2 18 125 19 116 3 5 92 19 88 27 109 2 21 97 22 94 3 15 81 24 72 28 83 3 19 39 20 42 25 37 3 4 73 7 105 27 102 3 10 73 26 96 28 76 3 13 126 17 123 27 147 3 2 185 7 139 17 160 2 5 34 28 33 2 15 76 29 76 2 18 138 30 163
38 2 1 119 24 165 3 2 79 14 65 15 76 2 1 130 24 147 2 3 17 10 12 3 6 48 18 52 30 45 3 21 34 22 28 28 25 3 4 84 7 101 27 101 3 19 65 20 67 29 62 2 5 71 7 75 2 1 150 24 161 3 2 189 7 187 17 155 2 8 139 24 139 3 2 73 14 66 15 54 3 9 4 15 4 22 5 3 5 45 10 32 18 45 2 5 58 7 58 3 20 93 23 103 26 81 3 8 94 11 75 29 72 3 12 53 22 57 23 46 2 11 162 13 160 2 8 134 24 134 3 6 112 14 118 29 116 3 3 72 5 58 15 53 3 9 2 13 1 16 2 3 4 85 17 82 19 76 3 2 174 7 184 17 180 2 18 125 19 116 3 5 92 19 88 27 109 2 21 97 22 94 3 15 81 24 72 28 83 3 19 39 20 42 25 37 3 4 73 7 105 27 102 3 10 73 26 96 28 76 3 13 126 17 123 27 147 3 2 185 7 139 17 160 2 5 34 28 33 2 15 76 29 76 2 18 138 30 163
33 2 1 170 24 134 3 2 70 14 61 15 69 2 3 12 10 13 3 6 124 14 141 29 127 3 4 108 7 79 27 77 3 9 5 15 4 22 4 2 5 52 7 58 2 5 43 28 38 3 6 38 18 42 30 46 3 21 25 22 25 28 26 3 2 155 7 178 17 181 3 3 56 5 55 15 65 3 9 5 15 5 22 4 3 12 63 22 61 23 50 2 8 152 24 185 3 5 112 19 103 27 82 3 5 33 10 32 18 38 2 18 125 19 140 2 18 184 30 149 3 2 161 7 192 17 164 3 8 79 11 67 29 88 2 11 153 13 153 3 2 66 14 64 15 68 3 9 2 13 1 16 1 3 4 92 17 94 19 70 3 19 67 20 67 29 89 3 15 92 24 81 28 68 2 21 93 22 91 2 15 95 29 96 3 20 109 23 94 26 116 3 19 40 20 45 25 44 3 10 96 26 85 28 72 3 13 162 17 151 27 178
37 2 1 123 24 167 3 4 80 17 95 19 101 3 2 77 14 67 15 62 2 1 135 24 148 2 3 17 10 16 3 4 98 17 95 19 81 3 4 93 7 92 27 78 2 5 54 7 74 3 4 101 7 78 27 76 3 6 43 18 40 30 45 3 10 78 26 88 28 74 3 8 75 11 72 29 86 3 2 137 7 168 17 148 2 8 128 24 183 2 5 48 28 48 3 9 5 15 5 22 5 3 5 33 10 39 18 42 3 12 47 22 54 23 50 3 4 103 7 73 27 92 2 11 171 13 145 3 6 105 14 116 29 119 3 20 114 23 94 26 95 3 2 55 14 72 15 58 3 3 73 5 72 15 65 3 9 2 13 1 16 2 3 12 66 22 46 23 57 3 19 41 20 39 25 33 2 18 121 19 118 3 5 117 19 118 27 101 3 19 78 20 76 29 64 2 21 80 22 75 3 21 26 22 26 28 33 3 4 99 17 101 19 85 3 15 72 24 91 28 81 3 13 142 17 166 27 150 2 15 97 29 99 2 18 191 30 153
37 2 1 127 24 122 3 4 87 17 80 19 80 3 2 54 14 61 15 69 2 1 164 24 141 2 3 12 10 15 3 4 100 17 85 19 90 3 4 93 7 97 27 105 2 5 54 7 72 3 4 74 7 106 27 92 3 6 43 18 46 30 43 3 10 88 26 81 28 78 3 8 73 11 69 29 81 3 2 171 7 186 17 145 2 8 168 24 177 2 5 32 28 47 3 9 4 15 5 22 4 3 5 37 10 35 18 34 3 12 64 22 56 23 51 3 4 106 7 74 27 81 2 11 123 13 160 3 6 151 14 143 29 137 3 20 104 23 105 26 100 3 2 66 14 74 15 56 3 3 70 5 49 15 72 3 9 1 13 2 16 1 3 12 60 22 46 23 60 3 19 38 20 43 25 33 2 18 121 19 118 3 5 107 19 100 27 88 3 19 69 20 70 29 65 2 21 76 22 89 3 21 27 22 27 28 27 3 4 71 17 80 19 81 3 15 70 24 70 28 72 3 13 152 17 147 27 130 2 15 75 29 97 2 18 162 30 164
37 2 1 127 24 122 3 4 87 17 80 19 80 3 2 54 14 61 15 69 2 1 164 24 141 2 3 12 10 15 3 4 100 17 85 19 90 3 4 93 7 97 27 105 2 5 54 7 72 3 4 74 7 106 27 92 3 6 43 18 46 30 43 3 10 88 26 81 28 78 3 8 73 11 69 29 81 3 2 171 7 186 17 145 2 8 168 24 177 2 5 32 28 47 3 9 4 15 5 22 4 3 5 37 10 35 18 34 3 12 64 22 56 23 51 3 4 106 7 74 27 81 2 11 123 13 160 3 6 151 14 143 29 137 3 20 104 23 105 26 100 3 2 66 14 74 15 56 3 3 70 5 49 15 72 3 9 1 13 2 16 1 3 12 60 22 46 23 60 3 19 38 20 43 25 33 2 18 121 19 118 3 5 107 19 100 27 88 3 19 69 20 70 29 65 2 21 76 22 89 3 21 27 22 27 28 27 3 4 71 17 80 19 81 3 15 70 24 70 28 72 3 13 152 17 147 27 130 2 15 75 29 97 2 18 162 30 164
38 2 1 133 24 169 3 2 63 14 63 15 72 2 3 16 10 17 3 4 106 7 76 27 101 2 1 168 24 158 2 5 46 28 33 2 5 66 7 58 3 19 63 20 77 29 86 2 5 66 7 75 3 6 41 18 41 30 48 3 2 141 7 161 17 163 2 8 157 24 180 3 9 1 13 2 16 1 3 9 4 15 4 22 5 3 21 35 22 36 28 37 2 3 14 10 14 3 5 38 10 42 18 46 3 8 74 11 84 29 90 3 12 67 22 55 23 45 3 20 83 23 86 26 93 3 2 77 14 66 15 61 3 13 135 17 136 27 165 2 18 142 30 196 3 12 66 22 46 23 52 3 10 97 26 98 28 68 2 5 75 7 55 2 11 154 13 148 3 6 124 14 112 29 131 2 3 12 10 12 3 3 58 5 58 15 53 3 4 84 17 92 19 96 3 4 82 7 81 27 89 2 18 135 19 115 3 5 114 19 83 27 83 2 15 91 29 92 2 21 90 22 103 3 15 68 24 86 28 80 3 19 34 20 36 25 45
38 2 1 133 24 169 3 2 63 14 63 15 72 2 3 16 10 17 3 4 106 7 76 27 101 2 1 168 24 158 2 5 46 28 33 2 5 66 7 58 3 19 63 20 77 29 86 2 5 66 7 75 3 6 41 18 41 30 48 3 2 141 7 161 17 163 2 8 157 24 180 3 9 1 13 2 16 1 3 9 4 15 4 22 5 3 21 35 22 36 28 37 2 3 14 10 14 3 5 38 10 42 18 46 3 8 74 11 84 29 90 3 12 67 22 55 23 45 3 20 83 23 86 26 93 3 2 77 14 66 15 61 3 13 135 17 136 27 165 2 18 142 30 196 3 12 66 22 46 23 52 3 10 97 26 98 28 68 2 5 75 7 55 2 11 154 13 148 3 6 124 14 112 29 131 2 3 12 10 12 3 3 58 5 58 15 53 3 4 84 17 92 19 96 3 4 82 7 81 27 89 2 18 135 19 115 3 5 114 19 83 27 83 2 15 91 29 92 2 21 90 22 103 3 15 68 24 86 28 80 3 19 34 20 36 25 45
35 2 1 150 24 121 3 2 155 7 168 17 178 2 5 45 28 47 3 2 78 14 65 15 70 2 3 16 10 13 3 4 98 7 99 27 104 3 2 149 7 143 17 133 2 5 68 7 71 2 18 175 30 173 2 1 171 24 127 2 15 77 29 86 3 6 44 18 37 30 52 2 1 136 24 157 2 8 185 24 162 3 9 4 15 4 22 4 2 18 120 19 94 2 8 187 24 156 3 20 119 23 110 26 84 3 5 45 10 41 18 34 3 9 4 15 4 22 5 3 9 2 13 2 16 2 3 8 65 11 90 29 86 3 12 47 22 46 23 49 2 11 147 13 126 3 6 140 14 105 29 112 3 3 54 5 63 15 70 3 13 163 17 152 27 168 3 4 74 17 95 19 72 3 15 86 24 83 28 83 3 5 120 19 117 27 98 2 21 99 22 76 3 10 73 26 91 28 80 3 19 68 20 81 29 68 3 21 37 22 35 28 30 3 19 38 20 35 25 43
32 2 1 134 24 125 3 2 79 14 68 15 66 2 5 41 28 47 3 3 55 5 68 15 57 2 3 15 10 17 2 1 121 24 133 3 4 109 7 81 27 95 2 5 74 7 79 3 12 56 22 65 23 48 3 6 50 18 41 30 49 3 2 150 7 188 17 153 2 15 101 29 91 2 8 158 24 172 2 21 80 22 104 3 19 34 20 35 25 31 3 6 154 14 133 29 141 3 9 5 15 4 22 4 3 5 46 10 33 18 44 2 1 155 24 136 3 8 94 11 75 29 84 3 13 158 17 138 27 144 3 21 35 22 26 28 31 2 11 175 13 147 3 9 2 13 2 16 1 3 4 94 17 70 19 70 2 18 140 19 97 3 5 119 19 95 27 106 3 19 75 20 61 29 73 3 15 83 24 63 28 85 3 20 112 23 95 26 87 3 10 74 26 74 28 76 2 18 187 30 168
38 2 1 135 24 175 3 2 65 14 77 15 71 2 3 17 10 16 3 4 92 7 97 27 90 2 1 168 24 119 2 5 47 28 48 2 5 56 7 71 3 19 89 20 69 29 76 2 5 58 7 65 3 6 35 18 42 30 44 3 2 177 7 161 17 147 2 8 153 24 132 3 9 2 13 1 16 1 3 9 5 15 5 22 4 3 21 29 22 28 28 29 2 3 17 10 16 3 5 44 10 31 18 46 3 8 80 11 96 29 67 3 12 65 22 66 23 61 3 20 105 23 90 26 107 3 2 69 14 55 15 66 3 13 131 17 128 27 139 2 18 176 30 189 3 12 65 22 51 23 59 3 10 73 26 94 28 80 2 5 72 7 62 2 11 156 13 166 3 6 120 14 129 29 150 2 3 12 10 17 3 3 65 5 70 15 72 3 4 100 17 84 19 81 3 4 80 7 76 27 91 2 18 127 19 96 3 5 94 19 90 27 100 2 15 76 29 78 2 21 95 22 101 3 15 90 24 93 28 89 3 19 31 20 41 25 40
35 3 20 112 23 92 26 103 2 1 160 24 159 3 2 58 14 54 15 81 2 15 100 29 95 2 3 14 10 16 3 4 102 7 107 27 105 2 3 14 10 12 3 5 108 19 101 27 105 2 3 14 10 13 2 21 100 22 92 3 2 80 14 65 15 56 2 5 54 7 68 3 6 50 18 39 30 45 3 2 149 7 148 17 143 2 8 163 24 132 3 6 141 14 143 29 107 3 9 5 15 5 22 5 3 5 35 10 37 18 38 3 13 144 17 139 27 139 3 8 70 11 88 29 87 3 21 30 22 35 28 28 2 11 171 13 161 3 12 58 22 55 23 55 3 9 1 13 1 16 1 3 2 60 14 65 15 67 3 3 56 5 68 15 53 3 19 36 20 33 25 31 3 4 75 17 77 19 75 3 4 73 7 86 27 81 3 19 82 20 65 29 82 2 18 126 19 109 3 15 81 24 72 28 86 3 10 72 26 71 28 97 2 5 45 28 35 2 18 165 30 197
32 2 3 17 10 15 2 15 90 29 104 2 3 17 10 13 3 15 81 24 77 28 83 2 1 167 24 157 3 2 74 14 56 15 76 3 4 73 7 79 27 95 3 2 172 7 187 17 149 2 5 55 7 61 3 6 37 18 39 30 41 3 10 69 26 66 28 88 2 8 179 24 138 3 9 5 15 5 22 4 3 10 68 26 74 28 74 2 18 151 30 147 3 5 46 10 35 18 32 3 8 95 11 88 29 68 3 12 65 22 49 23 54 2 18 105 19 134 2 11 159 13 128 3 20 116 23 95 26 99 3 6 142 14 113 29 153 3 13 177 17 172 27 174 3 3 62 5 65 15 50 3 21 26 22 27 28 28 2 21 104 22 109 2 5 42 28 35 3 9 2 13 1 16 1 3 4 85 17 89 19 89 3 5 107 19 119 27 88 3 19 76 20 71 29 82 3 19 44 20 38 25 43
32 2 3 17 10 15 2 15 90 29 104 2 3 17 10 13 3 15 81 24 77 28 83 2 1 167 24 157 3 2 74 14 56 15 76 3 4 73 7 79 27 95 3 2 172 7 187 17 149 2 5 55 7 61 3 6 37 18 39 30 41 3 10 69 26 66 28 88 2 8 179 24 138 3 9 5 15 5 22 4 3 10 68 26 74 28 74 2 18 151 30 147 3 5 46 10 35 18 32 3 8 95 11 88 29 68 3 12 65 22 49 23 54 2 18 105 19 134 2 11 159 13 128 3 20 116 23 95 26 99 3 6 142 14 113 29 153 3 13 177 17 172 27 174 3 3 62 5 65 15 50 3 21 26 22 27 28 28 2 21 104 22 109 2 5 42 28 35 3 9 2 13 1 16 1 3 4 85 17 89 19 89 3 5 107 19 119 27 88 3 19 76 20 71 29 82 3 19 44 20 38 25 43
39 3 20 94 23 82 26 97 2 1 133 24 140 3 20 109 23 118 26 108 3 6 49 18 36 30 46 3 5 115 19 117 27 98 2 5 35 28 43 3 4 96 7 102 27 103 3 6 47 18 45 30 52 2 21 92 22 79 2 5 34 28 48 2 18 148 30 167 2 21 106 22 105 3 2 56 14 77 15 75 2 18 129 19 105 2 3 16 10 15 2 5 57 7 78 3 2 195 7 196 17 174 2 8 133 24 182 3 9 5 15 5 22 4 2 18 96 19 119 3 19 37 20 43 25 35 3 5 32 10 37 18 46 3 9 2 13 2 16 1 2 5 47 28 39 2 11 148 13 161 3 4 78 17 78 19 87 3 8 86 11 71 29 96 3 20 84 23 96 26 109 3 12 50 22 48 23 49 3 8 74 11 74 29 71 3 6 148 14 142 29 111 2 15 77 29 92 3 15 71 24 82 28 93 3 3 50 5 51 15 57 3 19 88 20 68 29 60 3 21 32 22 34 28 25 3 4 79 17 88 19 92 3 10 92 26 82 28 70 3 13 135 17 166 27 129
39 3 20 94 23 82 26 97 2 1 133 24 140 3 20 109 23 118 26 108 3 6 49 18 36 30 46 3 5 115 19 117 27 98 2 5 35 28 43 3 4 96 7 102 27 103 3 6 47 18 45 30 52 2 21 92 22 79 2 5 34 28 48 2 18 148 30 167 2 21 106 22 105 3 2 56 14 77 15 75 2 18 129 19 105 2 3 16 10 15 2 5 57 7 78 3 2 195 7 196 17 174 2 8 133 24 182 3 9 5 15 5 22 4 2 18 96 19 119 3 19 37 20 43 25 35 3 5 32 10 37 18 46 3 9 2 13 2 16 1 2 5 47 28 39 2 11 148 13 161 3 4 78 17 78 19 87 3 8 86 11 71 29 96 3 20 84 23 96 26 109 3 12 50 22 48 23 49 3 8 74 11 74 29 71 3 6 148 14 142 29 111 2 15 77 29 92 3 15 71 24 82 28 93 3 3 50 5 51 15 57 3 19 88 20 68 29 60 3 21 32 22 34 28 25 3 4 79 17 88 19 92 3 10 92 26 82 28 70 3 13 135 17 166 27 129
35 3 2 55 14 80 15 72 2 1 177 24 142 2 3 15 10 14 2 18 134 19 125 3 4 79 7 75 27 106 2 11 139 13 162 2 5 77 7 71 2 15 76 29 101 3 5 104 19 119 27 115 2 5 72 7 57 3 6 104 14 140 29 121 3 8 89 11 71 29 68 3 6 48 18 39 30 47 3 6 118 14 148 29 132 3 2 172 7 168 17 168 3 6 44 18 45 30 41 2 8 180 24 171 3 9 4 15 5 22 5 3 19 35 20 33 25 44 3 5 34 10 34 18 40 3 15 70 24 62 28 70 3 12 59 22 46 23 55 3 3 51 5 51 15 51 3 9 2 13 2 16 1 3 4 101 17 81 19 76 3 12 54 22 62 23 48 3 19 83 20 65 29 85 3 13 122 17 179 27 174 3 8 95 11 77 29 96 2 21 100 22 81 3 21 31 22 31 28 30 3 20 91 23 90 26 102 3 10 98 26 82 28 77 2 5 46 28 34 2 18 177 30 199
35 3 2 55 14 80 15 72 2 1 177 24 142 2 3 15 10 14 2 18 134 19 125 3 4 79 7 75 27 106 2 11 139 13 162 2 5 77 7 71 2 15 76 29 101 3 5 104 19 119 27 115 2 5 72 7 57 3 6 104 14 140 29 121 3 8 89 11 71 29 68 3 6 48 18 39 30 47 3 6 118 14 148 29 132 3 2 172 7 168 17 168 3 6 44 18 45 30 41 2 8 180 24 171 3 9 4 15 5 22 5 3 19 35 20 33 25 44 3 5 34 10 34 18 40 3 15 70 24 62 28 70 3 12 59 22 46 23 55 3 3 51 5 51 15 51 3 9 2 13 2 16 1 3 4 101 17 81 19 76 3 12 54 22 62 23 48 3 19 83 20 65 29 85 3 13 122 17 179 27 174 3 8 95 11 77 29 96 2 21 100 22 81 3 21 31 22 31 28 30 3 20 91 23 90 26 102 3 10 98 26 82 28 77 2 5 46 28 34 2 18 177 30 199
37 2 1 141 24 125 3 4 74 17 77 19 75 3 2 57 14 70 15 61 2 1 165 24 169 2 3 13 10 13 3 4 74 17 97 19 80 3 4 84 7 89 27 104 2 5 73 7 61 3 4 74 7 74 27 109 3 6 45 18 38 30 42 3 10 98 26 75 28 74 3 8 77 11 87 29 64 3 2 177 7 188 17 170 2 8 155 24 165 2 5 43 28 38 3 9 4 15 5 22 5 3 5 45 10 39 18 36 3 12 64 22 56 23 65 3 4 103 7 79 27 86 2 11 138 13 161 3 6 107 14 132 29 141 3 20 107 23 114 26 88 3 2 81 14 58 15 55 3 3 64 5 61 15 67 3 9 1 13 2 16 2 3 12 46 22 64 23 51 3 19 34 20 44 25 37 2 18 117 19 112 3 5 84 19 83 27 87 3 19 61 20 73 29 68 2 21 74 22 96 3 21 27 22 33 28 34 3 4 83 17 100 19 73 3 15 69 24 87 28 76 3 13 146 17 157 27 138 2 15 77 29 97 2 18 156 30 194
38 2 1 175 24 157 3 2 56 14 76 15 76 2 3 13 10 17 3 4 79 7 74 27 103 2 1 162 24 139 2 5 39 28 37 2 5 60 7 72 3 19 70 20 75 29 81 2 5 78 7 61 3 6 37 18 47 30 49 3 2 160 7 148 17 133 2 8 167 24 182 3 9 1 13 1 16 2 3 9 5 15 5 22 5 3 21 38 22 26 28 28 2 3 15 10 15 3 5 32 10 32 18 45 3 8 77 11 88 29 71 3 12 60 22 55 23 61 3 20 110 23 117 26 91 3 2 54 14 79 15 77 3 13 169 17 151 27 156 2 18 198 30 197 3 12 46 22 48 23 60 3 10 66 26 70 28 93 2 5 63 7 73 2 11 176 13 155 3 6 125 14 138 29 141 2 3 16 10 16 3 3 68 5 52 15 56 3 4 101 17 91 19 77 3 4 77 7 100 27 75 2 18 133 19 121 3 5 107 19 116 27 99 2 15 107 29 108 2 21 78 22 105 3 15 83 24 71 28 72 3 19 38 20 42 25 31
38 2 1 175 24 157 3 2 56 14 76 15 76 2 3 13 10 17 3 4 79 7 74 27 103 2 1 162 24 139 2 5 39 28 37 2 5 60 7 72 3 19 70 20 75 29 81 2 5 78 7 61 3 6 37 18 47 30 49 3 2 160 7 148 17 133 2 8 167 24 182 3 9 1 13 1 16 2 3 9 5 15 5 22 5 3 21 38 22 26 28 28 2 3 15 10 15 3 5 32 10 32 18 45 3 8 77 11 88 29 71 3 12 60 22 55 23 61 3 20 110 23 117 26 91 3 2 54 14 79 15 77 3 13 169 17 151 27 156 2 18 198 30 197 3 12 46 22 48 23 60 3 10 66 26 70 28 93 2 5 63 7 73 2 11 176 13 155 3 6 125 14 138 29 141 2 3 16 10 16 3 3 68 5 52 15 56 3 4 101 17 91 19 77 3 4 77 7 100 27 75 2 18 133 19 121 3 5 107 19 116 27 99 2 15 107 29 108 2 21 78 22 105 3 15 83 24 71 28 72 3 19 38 20 42 25 31
33 2 1 166 24 155 3 2 75 14 80 15 80 2 3 13 10 17 3 6 126 14 142 29 132 3 4 96 7 101 27 88 3 9 4 15 5 22 5 2 5 61 7 65 2 5 47 28 34 3 6 52 18 41 30 50 3 21 30 22 35 28 29 3 2 186 7 169 17 148 3 3 52 5 66 15 58 3 9 4 15 5 22 5 3 12 62 22 51 23 55 2 8 130 24 170 3 5 120 19 105 27 91 3 5 32 10 34 18 42 2 18 96 19 135 2 18 149 30 191 3 2 140 7 165 17 182 3 8 80 11 94 29 83 2 11 146 13 132 3 2 63 14 69 15 73 3 9 2 13 1 16 1 3 4 70 17 68 19 89 3 19 87 20 85 29 73 3 15 75 24 78 28 89 2 21 87 22 75 2 15 78 29 87 3 20 99 23 88 26 108 3 19 40 20 41 25 38 3 10 73 26 89 28 84 3 13 148 17 142 27 122
33 2 1 151 24 144 3 2 79 14 77 15 77 2 3 13 10 17 3 6 112 14 136 29 104 3 4 92 7 109 27 103 3 9 4 15 5 22 4 2 5 72 7 71 2 5 35 28 45 3 6 43 18 44 30 49 3 21 34 22 32 28 25 3 2 160 7 187 17 139 3 3 53 5 60 15 62 3 9 4 15 4 22 4 3 12 55 22 57 23 52 2 8 153 24 166 3 5 117 19 116 27 109 3 5 39 10 37 18 45 2 18 131 19 138 2 18 160 30 146 3 2 177 7 176 17 141 3 8 82 11 90 29 92 2 11 162 13 152 3 2 60 14 69 15 71 3 9 1 13 2 16 2 3 4 81 17 78 19 99 3 19 88 20 87 29 61 3 15 85 24 82 28 87 2 21 77 22 76 2 15 102 29 93 3 20 93 23 103 26 112 3 19 30 20 37 25 41 3 10 91 26 67 28 97 3 13 153 17 133 27 123
35 2 1 132 24 165 3 2 191 7 145 17 159 2 5 38 28 40 3 2 62 14 59 15 54 2 3 14 10 16 3 4 109 7 79 27 108 3 2 180 7 140 17 166 2 5 78 7 64 2 18 155 30 189 2 1 143 24 138 2 15 99 29 108 3 6 38 18 35 30 44 2 1 158 24 134 2 8 174 24 179 3 9 5 15 5 22 4 2 18 137 19 123 2 8 127 24 160 3 20 91 23 105 26 104 3 5 33 10 37 18 44 3 9 4 15 5 22 5 3 9 1 13 2 16 2 3 8 87 11 84 29 86 3 12 60 22 60 23 51 2 11 137 13 141 3 6 149 14 153 29 129 3 3 55 5 62 15 72 3 13 151 17 151 27 143 3 4 92 17 96 19 90 3 15 80 24 87 28 78 3 5 89 19 93 27 112 2 21 75 22 79 3 10 75 26 74 28 68 3 19 89 20 84 29 64 3 21 31 22 38 28 30 3 19 34 20 30 25 31
35 3 2 59 14 64 15 58 2 1 121 24 162 2 3 15 10 12 2 18 130 19 112 3 4 73 7 81 27 92 2 11 161 13 130 2 5 57 7 75 2 15 76 29 98 3 5 87 19 90 27 99 2 5 56 7 72 3 6 118 14 145 29 125 3 8 79 11 67 29 66 3 6 49 18 36 30 46 3 6 113 14 110 29 132 3 2 147 7 145 17 195 3 6 51 18 43 30 40 2 8 171 24 163 3 9 4 15 5 22 5 3 19 35 20 40 25 32 3 5 35 10 33 18 44 3 15 62 24 77 28 65 3 12 55 22 57 23 46 3 3 50 5 70 15 57 3 9 2 13 2 16 1 3 4 83 17 100 19 68 3 12 60 22 51 23 66 3 19 76 20 76 29 88 3 13 177 17 154 27 157 3 8 90 11 81 29 85 2 21 77 22 97 3 21 27 22 29 28 31 3 20 91 23 85 26 85 3 10 89 26 79 28 90 2 5 44 28 45 2 18 183 30 183
37 2 1 138 24 124 3 4 68 17 99 19 80 3 2 69 14 64 15 63 2 1 174 24 118 2 3 12 10 16 3 4 92 17 83 19 92 3 4 104 7 88 27 104 2 5 64 7 59 3 4 104 7 79 27 109 3 6 41 18 44 30 51 3 10 99 26 69 28 77 3 8 72 11 82 29 96 3 2 196 7 171 17 154 2 8 139 24 143 2 5 48 28 43 3 9 5 15 5 22 4 3 5 35 10 45 18 34 3 12 53 22 49 23 49 3 4 88 7 101 27 76 2 11 132 13 129 3 6 143 14 118 29 138 3 20 103 23 99 26 100 3 2 66 14 61 15 80 3 3 66 5 62 15 70 3 9 2 13 1 16 2 3 12 46 22 55 23 53 3 19 37 20 43 25 45 2 18 126 19 131 3 5 111 19 92 27 85 3 19 90 20 90 29 67 2 21 78 22 99 3 21 34 22 26 28 26 3 4 69 17 99 19 69 3 15 64 24 75 28 91 3 13 138 17 146 27 171 2 15 95 29 102 2 18 137 30 143
37 2 1 138 24 124 3 4 68 17 99 19 80 3 2 69 14 64 15 63 2 1 174 24 118 2 3 12 10 16 3 4 92 17 83 19 92 3 4 104 7 88 27 104 2 5 64 7 59 3 4 104 7 79 27 109 3 6 41 18 44 30 51 3 10 99 26 69 28 77 3 8 72 11 82 29 96 3 2 196 7 171 17 154 2 8 139 24 143 2 5 48 28 43 3 9 5 15 5 22 4 3 5 35 10 45 18 34 3 12 53 22 49 23 49 3 4 88 7 101 27 76 2 11 132 13 129 3 6 143 14 118 29 138 3 20 103 23 99 26 100 3 2 66 14 61 15 80 3 3 66 5 62 15 70 3 9 2 13 1 16 2 3 12 46 22 55 23 53 3 19 37 20 43 25 45 2 18 126 19 131 3 5 111 19 92 27 85 3 19 90 20 90 29 67 2 21 78 22 99 3 21 34 22 26 28 26 3 4 69 17 99 19 69 3 15 64 24 75 28 91 3 13 138 17 146 27 171 2 15 95 29 102 2 18 137 30 143
33 2 8 159 24 186 2 1 137 24 122 2 8 132 24 173 3 2 167 7 138 17 176 3 2 58 14 79 15 68 3 3 59 5 60 15 65 2 3 14 10 15 3 4 82 7 89 27 90 3 5 38 10 36 18 37 2 5 66 7 73 3 15 73 24 74 28 63 3 6 41 18 45 30 46 3 4 83 17 86 19 96 3 9 4 15 5 22 5 3 21 31 22 31 28 27 2 18 175 30 140 2 18 95 19 139 3 8 79 11 70 29 75 3 15 93 24 84 28 84 3 10 94 26 96 28 80 3 19 70 20 72 29 66 3 5 34 10 44 18 44 3 12 51 22 51 23 61 2 11 144 13 168 3 6 127 14 113 29 153 3 9 2 13 2 16 1 3 5 98 19 107 27 110 2 21 80 22 107 3 20 82 23 107 26 113 3 13 147 17 160 27 164 3 19 44 20 45 25 39 2 5 39 28 44 2 15 84 29 85
33 2 8 159 24 186 2 1 137 24 122 2 8 132 24 173 3 2 167 7 138 17 176 3 2 58 14 79 15 68 3 3 59 5 60 15 65 2 3 14 10 15 3 4 82 7 89 27 90 3 5 38 10 36 18 37 2 5 66 7 73 3 15 73 24 74 28 63 3 6 41 18 45 30 46 3 4 83 17 86 19 96 3 9 4 15 5 22 5 3 21 31 22 31 28 27 2 18 175 30 140 2 18 95 19 139 3 8 79 11 70 29 75 3 15 93 24 84 28 84 3 10 94 26 96 28 80 3 19 70 20 72 29 66 3 5 34 10 44 18 44 3 12 51 22 51 23 61 2 11 144 13 168 3 6 127 14 113 29 153 3 9 2 13 2 16 1 3 5 98 19 107 27 110 2 21 80 22 107 3 20 82 23 107 26 113 3 13 147 17 160 27 164 3 19 44 20 45 25 39 2 5 39 28 44 2 15 84 29 85
35 2 1 143 24 173 3 2 181 7 185 17 197 2 5 36 28 39 3 2 68 14 59 15 72 2 3 14 10 13 3 4 88 7 103 27 78 3 2 180 7 143 17 135 2 5 56 7 53 2 18 156 30 188 2 1 118 24 120 2 15 85 29 87 3 6 50 18 45 30 37 2 1 122 24 131 2 8 140 24 161 3 9 5 15 5 22 4 2 18 107 19 101 2 8 142 24 129 3 20 99 23 97 26 96 3 5 32 10 39 18 34 3 9 5 15 4 22 5 3 9 1 13 1 16 1 3 8 67 11 72 29 67 3 12 53 22 56 23 54 2 11 145 13 129 3 6 114 14 151 29 125 3 3 49 5 67 15 68 3 13 134 17 177 27 174 3 4 85 17 86 19 99 3 15 81 24 78 28 73 3 5 115 19 109 27 116 2 21 88 22 103 3 10 68 26 69 28 98 3 19 79 20 81 29 75 3 21 35 22 32 28 31 3 19 38 20 37 25 33
35 3 2 78 14 76 15 68 2 1 125 24 160 2 3 16 10 15 2 18 112 19 95 3 4 87 7 107 27 97 2 11 127 13 124 2 5 69 7 74 2 15 101 29 81 3 5 92 19 90 27 107 2 5 78 7 60 3 6 132 14 132 29 143 3 8 81 11 95 29 80 3 6 45 18 36 30 42 3 6 147 14 138 29 112 3 2 171 7 153 17 153 3 6 37 18 37 30 41 2 8 171 24 168 3 9 4 15 5 22 5 3 19 37 20 33 25 38 3 5 39 10 31 18 43 3 15 80 24 68 28 71 3 12 54 22 65 23 66 3 3 51 5 49 15 53 3 9 1 13 2 16 1 3 4 90 17 73 19 78 3 12 48 22 49 23 61 3 19 69 20 85 29 85 3 13 126 17 164 27 152 3 8 73 11 80 29 78 2 21 78 22 96 3 21 28 22 36 28 31 3 20 106 23 94 26 94 3 10 69 26 98 28 71 2 5 46 28 36 2 18 185 30 178
37 3 4 108 7 76 27 75 2 1 125 24 177 3 2 64 14 60 15 54 2 3 12 10 17 3 2 63 14 73 15 59 3 6 105 14 145 29 133 3 13 127 17 160 27 179 3 4 87 7 74 27 73 2 5 52 7 60 3 3 61 5 65 15 59 3 6 40 18 41 30 46 3 4 99 7 87 27 78 3 2 138 7 164 17 177 2 8 126 24 186 3 9 4 15 4 22 5 3 3 62 5 58 15 55 3 15 76 24 91 28 84 3 3 60 5 63 15 59 3 5 39 10 42 18 39 3 8 93 11 74 29 85 2 21 98 22 88 3 12 53 22 52 23 63 2 11 177 13 147 2 15 83 29 77 3 9 1 13 1 16 1 3 4 75 17 89 19 70 3 19 45 20 38 25 33 3 9 1 13 1 16 1 2 18 119 19 103 3 5 97 19 86 27 89 3 19 61 20 84 29 75 3 20 111 23 104 26 82 3 21 34 22 32 28 32 3 9 1 13 2 16 2 3 10 70 26 97 28 92 2 5 39 28 44 2 18 145 30 198
37 3 4 108 7 76 27 75 2 1 125 24 177 3 2 64 14 60 15 54 2 3 12 10 17 3 2 63 14 73 15 59 3 6 105 14 145 29 133 3 13 127 17 160 27 179 3 4 87 7 74 27 73 2 5 52 7 60 3 3 61 5 65 15 59 3 6 40 18 41 30 46 3 4 99 7 87 27 78 3 2 138 7 164 17 177 2 8 126 24 186 3 9 4 15 4 22 5 3 3 62 5 58 15 55 3 15 76 24 91 28 84 3 3 60 5 63 15 59 3 5 39 10 42 18 39 3 8 93 11 74 29 85 2 21 98 22 88 3 12 53 22 52 23 63 2 11 177 13 147 2 15 83 29 77 3 9 1 13 1 16 1 3 4 75 17 89 19 70 3 19 45 20 38 25 33 3 9 1 13 1 16 1 2 18 119 19 103 3 5 97 19 86 27 89 3 19 61 20 84 29 75 3 20 111 23 104 26 82 3 21 34 22 32 28 32 3 9 1 13 2 16 2 3 10 70 26 97 28 92 2 5 39 28 44 2 18 145 30 198
37 2 1 174 24 121 3 4 96 17 75 19 90 3 2 64 14 72 15 79 2 1 156 24 122 2 3 16 10 17 3 4 85 17 94 19 99 3 4 109 7 82 27 86 2 5 72 7 57 3 4 92 7 108 27 77 3 6 35 18 39 30 42 3 10 75 26 68 28 66 3 8 72 11 84 29 97 3 2 148 7 187 17 179 2 8 164 24 177 2 5 49 28 36 3 9 5 15 5 22 5 3 5 35 10 44 18 44 3 12 66 22 55 23 53 3 4 74 7 93 27 96 2 11 119 13 142 3 6 135 14 134 29 128 3 20 102 23 92 26 96 3 2 60 14 68 15 64 3 3 70 5 63 15 65 3 9 2 13 1 16 1 3 12 65 22 54 23 58 3 19 39 20 36 25 40 2 18 131 19 137 3 5 92 19 87 27 102 3 19 81 20 61 29 67 2 21 84 22 91 3 21 29 22 31 28 29 3 4 88 17 79 19 92 3 15 89 24 64 28 90 3 13 180 17 158 27 156 2 15 77 29 74 2 18 182 30 136
34 2 1 132 24 145 3 19 43 20 33 25 41 3 2 69 14 61 15 57 2 3 14 10 17 3 4 81 7 102 27 74 2 5 56 7 54 2 21 99 22 96 3 6 51 18 46 30 51 3 21 36 22 31 28 30 3 2 174 7 146 17 134 3 4 94 7 74 27 89 2 8 144 24 158 3 2 142 7 168 17 184 3 3 68 5 66 15 55 2 18 192 30 145 2 5 78 7 70 3 9 5 15 5 22 4 3 4 97 17 96 19 75 3 5 40 10 46 18 33 3 8 90 11 86 29 73 3 12 56 22 50 23 54 2 11 164 13 163 3 6 121 14 124 29 143 2 21 97 22 74 3 19 64 20 89 29 82 3 9 2 13 1 16 1 2 5 41 28 43 3 13 123 17 151 27 176 3 5 117 19 97 27 107 2 18 137 19 107 3 20 110 23 107 26 103 2 15 95 29 80 3 15 65 24 63 28 92 3 10 72 26 81 28 68
33 2 8 134 24 132 2 1 177 24 161 2 8 170 24 150 3 2 152 7 160 17 179 3 2 61 14 76 15 62 3 3 72 5 62 15 52 2 3 12 10 14 3 4 97 7 86 27 80 3 5 31 10 45 18 33 2 5 56 7 61 3 15 69 24 87 28 68 3 6 38 18 50 30 41 3 4 86 17 95 19 86 3 9 5 15 4 22 4 3 21 37 22 26 28 29 2 18 156 30 181 2 18 129 19 102 3 8 77 11 75 29 90 3 15 92 24 65 28 79 3 10 81 26 83 28 80 3 19 85 20 89 29 85 3 5 31 10 41 18 35 3 12 59 22 64 23 53 2 11 123 13 144 3 6 106 14 109 29 130 3 9 1 13 2 16 1 3 5 87 19 87 27 94 2 21 75 22 108 3 20 98 23 115 26 99 3 13 140 17 169 27 173 3 19 34 20 31 25 34 2 5 36 28 36 2 15 84 29 75
35 3 20 115 23 95 26 119 2 1 120 24 146 3 2 58 14 68 15 78 2 15 86 29 91 2 3 15 10 15 3 4 76 7 87 27 90 2 3 12 10 15 3 5 104 19 106 27 120 2 3 14 10 17 2 21 97 22 83 3 2 75 14 54 15 59 2 5 68 7 75 3 6 36 18 52 30 39 3 2 178 7 179 17 147 2 8 149 24 137 3 6 154 14 147 29 105 3 9 4 15 5 22 4 3 5 38 10 34 18 43 3 13 154 17 165 27 166 3 8 95 11 67 29 81 3 21 29 22 32 28 36 2 11 140 13 146 3 12 47 22 54 23 65 3 9 2 13 1 16 2 3 2 73 14 63 15 81 3 3 69 5 65 15 66 3 19 33 20 38 25 37 3 4 82 17 86 19 72 3 4 83 7 86 27 90 3 19 72 20 79 29 71 2 18 127 19 122 3 15 89 24 81 28 87 3 10 98 26 90 28 83 2 5 35 28 36 2 18 169 30 195
37 3 4 98 7 104 27 81 2 1 158 24 159 3 2 78 14 67 15 54 2 3 14 10 14 3 2 62 14 81 15 56 3 6 120 14 134 29 127 3 13 125 17 146 27 165 3 4 101 7 108 27 93 2 5 72 7 75 3 3 51 5 63 15 63 3 6 44 18 38 30 51 3 4 84 7 89 27 97 3 2 156 7 139 17 196 2 8 150 24 130 3 9 5 15 5 22 5 3 3 66 5 61 15 59 3 15 93 24 63 28 78 3 3 55 5 50 15 72 3 5 44 10 39 18 33 3 8 93 11 76 29 77 2 21 95 22 84 3 12 51 22 48 23 46 2 11 123 13 160 2 15 86 29 79 3 9 1 13 1 16 2 3 4 95 17 101 19 83 3 19 41 20 40 25 38 3 9 1 13 1 16 2 2 18 122 19 129 3 5 84 19 93 27 102 3 19 81 20 86 29 73 3 20 101 23 103 26 113 3 21 37 22 32 28 34 3 9 2 13 2 16 2 3 10 79 26 68 28 88 2 5 45 28 35 2 18 172 30 168
35 2 1 155 24 130 3 2 66 14 60 15 58 2 1 156 24 135 2 3 16 10 13 3 4 103 7 89 27 80 3 12 52 22 64 23 47 2 5 67 7 54 3 6 35 18 39 30 44 3 4 106 7 83 27 88 3 9 4 15 4 22 5 3 4 69 17 97 19 74 3 2 158 7 193 17 168 3 21 34 22 32 28 32 3 19 70 20 86 29 86 2 8 156 24 145 3 5 41 10 36 18 41 3 20 108 23 120 26 95 3 8 67 11 91 29 95 2 11 122 13 171 3 6 51 18 48 30 38 2 18 121 19 99 3 6 125 14 110 29 140 3 19 87 20 68 29 88 3 3 56 5 54 15 50 3 9 1 13 2 16 1 3 12 48 22 52 23 47 3 5 106 19 88 27 95 2 21 103 22 78 3 15 72 24 91 28 80 3 19 31 20 43 25 40 3 10 93 26 95 28 92 3 13 135 17 143 27 135 2 18 135 30 159 2 5 39 28 44 2 15 81 29 90
35 2 1 153 24 124 3 2 132 7 197 17 157 2 5 35 28 46 3 2 62 14 55 15 74 2 3 12 10 15 3 4 106 7 75 27 93 3 2 163 7 187 17 143 2 5 73 7 68 2 18 142 30 150 2 1 147 24 168 2 15 80 29 106 3 6 39 18 50 30 35 2 1 150 24 132 2 8 152 24 143 3 9 4 15 4 22 4 2 18 128 19 136 2 8 173 24 128 3 20 84 23 107 26 82 3 5 33 10 33 18 32 3 9 4 15 5 22 4 3 9 1 13 2 16 1 3 8 72 11 94 29 70 3 12 47 22 67 23 49 2 11 123 13 162 3 6 112 14 140 29 142 3 3 63 5 61 15 72 3 13 158 17 129 27 179 3 4 81 17 82 19 96 3 15 71 24 73 28 81 3 5 116 19 91 27 89 2 21 95 22 97 3 10 88 26 73 28 81 3 19 83 20 65 29 66 3 21 25 22 32 28 33 3 19 34 20 39 25 32
34 2 1 132 24 150 3 19 39 20 43 25 31 3 2 66 14 57 15 71 2 3 15 10 16 3 4 105 7 97 27 99 2 5 59 7 59 2 21 83 22 93 3 6 47 18 45 30 39 3 21 27 22 28 28 26 3 2 134 7 181 17 176 3 4 77 7 87 27 106 2 8 160 24 139 3 2 133 7 135 17 157 3 3 68 5 51 15 51 2 18 198 30 161 2 5 54 7 60 3 9 5 15 4 22 5 3 4 68 17 97 19 95 3 5 42 10 42 18 41 3 8 93 11 74 29 77 3 12 50 22 60 23 55 2 11 125 13 143 3 6 148 14 129 29 145 2 21 101 22 74 3 19 71 20 84 29 86 3 9 1 13 1 16 2 2 5 37 28 37 3 13 148 17 133 27 144 3 5 82 19 116 27 107 2 18 137 19 123 3 20 100 23 118 26 86 2 15 81 29 100 3 15 85 24 65 28 73 3 10 84 26 74 28 90
37 3 9 2 13 2 16 1 2 1 152 24 159 3 2 76 14 76 15 58 2 8 185 24 125 2 21 99 22 80 2 15 98 29 105 2 3 13 10 15 3 3 63 5 68 15 53 3 4 91 7 77 27 108 3 9 5 15 5 22 4 2 5 59 7 70 3 4 90 7 82 27 83 2 5 36 28 48 3 9 1 13 2 16 1 3 6 37 18 44 30 49 3 2 154 7 154 17 186 3 6 35 18 39 30 51 3 5 42 10 34 18 37 2 5 62 7 65 3 8 91 11 93 29 88 3 12 53 22 62 23 56 2 11 161 13 151 3 6 140 14 128 29 149 3 9 5 15 5 22 5 3 20 85 23 117 26 83 3 4 84 17 70 19 85 3 5 39 10 33 18 32 3 15 67 24 82 28 64 2 18 126 19 109 3 19 31 20 35 25 35 3 5 119 19 95 27 113 3 19 83 20 87 29 75 3 21 31 22 34 28 29 3 13 136 17 142 27 152 2 5 59 7 55 3 10 69 26 76 28 81 2 18 184 30 137
34 2 1 160 24 176 3 19 33 20 40 25 30 3 2 78 14 80 15 71 2 3 14 10 16 3 4 77 7 90 27 109 2 5 78 7 57 2 21 104 22 99 3 6 38 18 49 30 36 3 21 35 22 38 28 36 3 2 155 7 167 17 168 3 4 101 7 74 27 95 2 8 136 24 181 3 2 132 7 159 17 158 3 3 67 5 65 15 67 2 18 144 30 156 2 5 79 7 68 3 9 5 15 5 22 5 3 4 73 17 74 19 74 3 5 35 10 42 18 45 3 8 84 11 85 29 94 3 12 47 22 54 23 45 2 11 142 13 139 3 6 155 14 108 29 151 2 21 102 22 107 3 19 78 20 67 29 78 3 9 2 13 2 16 1 2 5 47 28 44 3 13 163 17 180 27 168 3 5 119 19 111 27 84 2 18 94 19 124 3 20 118 23 83 26 109 2 15 79 29 105 3 15 76 24 76 28 77 3 10 70 26 88 28 87
33 2 1 166 24 169 3 2 68 14 72 15 57 2 3 12 10 14 3 6 117 14 147 29 117 3 4 75 7 80 27 95 3 9 4 15 4 22 4 2 5 71 7 56 2 5 44 28 41 3 6 48 18 42 30 36 3 21 32 22 27 28 33 3 2 132 7 153 17 152 3 3 59 5 58 15 70 3 9 4 15 4 22 4 3 12 49 22 50 23 66 2 8 153 24 141 3 5 115 19 96 27 118 3 5 40 10 42 18 42 2 18 112 19 94 2 18 147 30 147 3 2 134 7 139 17 137 3 8 89 11 65 29 68 2 11 123 13 151 3 2 72 14 73 15 78 3 9 1 13 1 16 2 3 4 78 17 70 19 73 3 19 66 20 81 29 70 3 15 92 24 82 28 73 2 21 87 22 80 2 15 86 29 81 3 20 101 23 85 26 115 3 19 45 20 45 25 43 3 10 84 26 75 28 80 3 13 153 17 167 27 171
33 2 8 140 24 150 2 1 128 24 137 2 8 149 24 151 3 2 188 7 146 17 162 3 2 67 14 75 15 67 3 3 70 5 53 15 59 2 3 15 10 16 3 4 96 7 89 27 89 3 5 41 10 32 18 46 2 5 74 7 69 3 15 69 24 78 28 83 3 6 46 18 39 30 45 3 4 88 17 68 19 90 3 9 5 15 5 22 5 3 21 30 22 29 28 31 2 18 138 30 161 2 18 98 19 140 3 8 92 11 78 29 72 3 15 88 24 91 28 87 3 10 67 26 91 28 74 3 19 77 20 76 29 80 3 5 32 10 38 18 35 3 12 45 22 52 23 46 2 11 159 13 168 3 6 152 14 112 29 128 3 9 2 13 2 16 1 3 5 84 19 84 27 107 2 21 99 22 86 3 20 119 23 91 26 83 3 13 162 17 175 27 146 3 19 32 20 41 25 38 2 5 41 28 36 2 15 78 29 77
37 3 9 1 13 2 16 1 2 1 157 24 134 3 2 57 14 62 15 55 2 8 142 24 130 2 21 111 22 102 2 15 76 29 75 2 3 12 10 16 3 3 53 5 50 15 51 3 4 83 7 82 27 89 3 9 4 15 5 22 5 2 5 63 7 71 3 4 95 7 96 27 104 2 5 38 28 37 3 9 2 13 1 16 1 3 6 36 18 40 30 41 3 2 181 7 143 17 167 3 6 51 18 42 30 46 3 5 36 10 36 18 45 2 5 63 7 77 3 8 92 11 76 29 74 3 12 54 22 48 23 50 2 11 140 13 125 3 6 145 14 155 29 145 3 9 4 15 5 22 5 3 20 85 23 102 26 112 3 4 98 17 83 19 72 3 5 46 10 37 18 39 3 15 90 24 62 28 81 2 18 134 19 140 3 19 32 20 39 25 34 3 5 111 19 94 27 105 3 19 84 20 70 29 64 3 21 29 22 33 28 36 3 13 159 17 146 27 122 2 5 65 7 54 3 10 86 26 83 28 66 2 18 168 30 180
DUE_DATES: 3446 3446 3416 3416 4031 4031 3294 3683 3626 3626 3588 3588 3690 3322 3586 3254 3102 3102 3783 3783 3473 3473 3651 3696 3696 3227 3277 3709 3351 3640 3640 3279 3279 3586 3366 3345 3345 3687 3432 3217 3288 3397 3376 3624 3389 3318 3499 3123 3223 3279
WEIGHTS: 3 2 3 2 3 1 3 1 1 3 2 2 1 3 3 1 2 2 2 3 3 1 3 1 1 2 3 2 3 3 1 1 3 3 2 1 2 3 1 2 1 1 3 1 3 1 1 2 1 1
