50 30
36 1 1 159 2 2 34 16 25 1 1 182 3 3 99 23 117 26 102 2 2 115 4 98 2 15 81 28 73 2 5 12 22 16 3 6 142 9 115 27 153 3 2 112 7 124 22 97 2 15 157 27 144 2 8 11 29 10 2 9 176 10 129 1 1 189 2 10 171 20 169 3 11 189 28 211 29 209 2 12 178 19 171 2 15 47 19 33 2 8 8 29 10 2 13 48 20 41 2 15 154 27 159 2 18 78 22 62 2 8 60 14 53 2 7 49 16 52 3 3 89 23 123 26 119 2 17 39 30 34 3 8 130 18 137 28 104 2 14 63 20 88 2 15 187 21 221 3 6 169 23 187 30 216 2 5 3 24 3 4 9 95 17 88 25 97 30 90 3 2 116 16 136 29 98 2 4 46 26 61 4 9 72 17 82 25 104 30 85 2 20 124 27 115 3 9 187 13 178 30 170
36 1 1 159 2 2 34 16 25 1 1 182 3 3 99 23 117 26 102 2 2 115 4 98 2 15 81 28 73 2 5 12 22 16 3 6 142 9 115 27 153 3 2 112 7 124 22 97 2 15 157 27 144 2 8 11 29 10 2 9 176 10 129 1 1 189 2 10 171 20 169 3 11 189 28 211 29 209 2 12 178 19 171 2 15 47 19 33 2 8 8 29 10 2 13 48 20 41 2 15 154 27 159 2 18 78 22 62 2 8 60 14 53 2 7 49 16 52 3 3 89 23 123 26 119 2 17 39 30 34 3 8 130 18 137 28 104 2 14 63 20 88 2 15 187 21 221 3 6 169 23 187 30 216 2 5 3 24 3 4 9 95 17 88 25 97 30 90 3 2 116 16 136 29 98 2 4 46 26 61 4 9 72 17 82 25 104 30 85 2 20 124 27 115 3 9 187 13 178 30 170
35 1 1 192 2 8 11 29 11 3 8 99 18 97 28 101 2 2 24 16 28 3 8 115 18 107 28 107 3 3 113 23 89 26 121 2 2 101 4 120 2 5 12 22 15 2 9 164 10 132 3 6 129 9 145 27 131 4 9 73 17 76 25 102 30 96 3 2 117 7 92 22 87 3 11 215 28 168 29 174 2 15 85 28 76 3 8 99 18 98 28 107 2 10 176 20 205 2 12 170 19 153 2 13 41 20 39 2 10 170 20 194 3 6 235 23 223 30 203 2 8 53 14 47 2 2 24 16 28 2 15 156 27 124 2 7 39 16 42 2 17 31 30 37 2 14 75 20 61 2 15 34 19 45 2 15 190 21 171 3 2 109 16 129 29 134 2 5 2 24 3 2 15 67 28 88 2 18 73 22 62 2 4 61 26 47 2 20 140 27 119 3 9 199 13 228 30 162
35 1 1 192 2 8 11 29 11 3 8 99 18 97 28 101 2 2 24 16 28 3 8 115 18 107 28 107 3 3 113 23 89 26 121 2 2 101 4 120 2 5 12 22 15 2 9 164 10 132 3 6 129 9 145 27 131 4 9 73 17 76 25 102 30 96 3 2 117 7 92 22 87 3 11 215 28 168 29 174 2 15 85 28 76 3 8 99 18 98 28 107 2 10 176 20 205 2 12 170 19 153 2 13 41 20 39 2 10 170 20 194 3 6 235 23 223 30 203 2 8 53 14 47 2 2 24 16 28 2 15 156 27 124 2 7 39 16 42 2 17 31 30 37 2 14 75 20 61 2 15 34 19 45 2 15 190 21 171 3 2 109 16 129 29 134 2 5 2 24 3 2 15 67 28 88 2 18 73 22 62 2 4 61 26 47 2 20 140 27 119 3 9 199 13 228 30 162
33 1 1 183 2 2 27 16 32 3 3 93 23 113 26 89 2 2 126 4 123 2 5 17 22 17 3 6 114 9 154 27 128 3 2 109 7 93 22 110 2 8 10 29 10 2 9 154 10 171 2 10 214 20 172 3 11 187 28 184 29 231 2 12 137 19 170 2 13 49 20 41 3 9 228 13 184 30 228 2 8 46 14 62 1 1 138 2 18 67 22 71 2 4 60 26 49 2 5 2 24 3 2 15 144 27 158 4 9 102 17 81 25 85 30 97 3 6 209 23 225 30 189 3 2 128 16 138 29 126 2 7 44 16 44 3 9 210 13 201 30 192 2 17 36 30 36 2 15 43 19 38 3 8 99 18 119 28 129 2 20 128 27 123 2 5 14 22 17 2 14 79 20 67 2 15 196 21 215 2 15 71 28 85
33 1 1 183 2 2 27 16 32 3 3 93 23 113 26 89 2 2 126 4 123 2 5 17 22 17 3 6 114 9 154 27 128 3 2 109 7 93 22 110 2 8 10 29 10 2 9 154 10 171 2 10 214 20 172 3 11 187 28 184 29 231 2 12 137 19 170 2 13 49 20 41 3 9 228 13 184 30 228 2 8 46 14 62 1 1 138 2 18 67 22 71 2 4 60 26 49 2 5 2 24 3 2 15 144 27 158 4 9 102 17 81 25 85 30 97 3 6 209 23 225 30 189 3 2 128 16 138 29 126 2 7 44 16 44 3 9 210 13 201 30 192 2 17 36 30 36 2 15 43 19 38 3 8 99 18 119 28 129 2 20 128 27 123 2 5 14 22 17 2 14 79 20 67 2 15 196 21 215 2 15 71 28 85
37 2 20 135 27 138 1 1 135 2 20 127 27 150 2 2 30 16 34 3 3 117 23 110 26 91 3 9 169 13 188 30 205 2 18 76 22 72 2 2 122 4 101 2 5 15 22 13 3 6 146 9 160 27 152 3 2 90 7 98 22 93 2 8 8 29 9 2 13 44 20 45 2 4 54 26 52 2 20 104 27 123 2 9 177 10 126 2 10 211 20 172 3 11 211 28 183 29 230 2 15 35 19 47 2 12 165 19 137 2 8 51 14 65 2 2 121 4 98 2 15 117 27 126 2 7 39 16 39 2 10 201 20 188 2 15 186 21 202 2 4 49 26 60 2 17 28 30 39 2 8 57 14 47 3 8 120 18 115 28 132 2 15 88 28 71 2 2 89 4 91 2 14 73 20 72 3 2 145 16 146 29 99 3 6 219 23 176 30 187 4 9 75 17 88 25 103 30 83 2 5 2 24 3
38 1 1 145 2 13 47 20 49 3 6 158 9 123 27 116 2 13 39 20 41 2 2 29 16 25 1 1 180 3 3 96 23 103 26 93 2 2 132 4 95 2 5 17 22 14 2 12 175 19 163 3 2 126 7 119 22 90 3 3 108 23 110 26 85 2 9 130 10 177 2 8 11 29 8 4 9 98 17 102 25 83 30 97 2 5 2 24 3 3 9 177 13 195 30 225 2 10 155 20 154 2 18 81 22 58 2 7 56 16 39 3 11 170 28 221 29 209 2 8 46 14 62 3 11 176 28 212 29 176 3 2 106 16 109 29 134 2 15 163 27 137 2 9 152 10 160 2 17 31 30 34 3 8 133 18 99 28 115 2 15 35 19 36 3 3 95 23 124 26 115 2 14 60 20 86 2 15 211 21 212 3 6 228 23 195 30 212 2 12 150 19 186 2 4 65 26 61 2 20 152 27 107 2 4 61 26 60 2 15 68 28 84
38 1 1 145 2 13 47 20 49 3 6 158 9 123 27 116 2 13 39 20 41 2 2 29 16 25 1 1 180 3 3 96 23 103 26 93 2 2 132 4 95 2 5 17 22 14 2 12 175 19 163 3 2 126 7 119 22 90 3 3 108 23 110 26 85 2 9 130 10 177 2 8 11 29 8 4 9 98 17 102 25 83 30 97 2 5 2 24 3 3 9 177 13 195 30 225 2 10 155 20 154 2 18 81 22 58 2 7 56 16 39 3 11 170 28 221 29 209 2 8 46 14 62 3 11 176 28 212 29 176 3 2 106 16 109 29 134 2 15 163 27 137 2 9 152 10 160 2 17 31 30 34 3 8 133 18 99 28 115 2 15 35 19 36 3 3 95 23 124 26 115 2 14 60 20 86 2 15 211 21 212 3 6 228 23 195 30 212 2 12 150 19 186 2 4 65 26 61 2 20 152 27 107 2 4 61 26 60 2 15 68 28 84
34 1 1 131 2 8 8 29 11 2 15 204 21 163 2 2 25 16 28 2 8 45 14 50 3 3 114 23 122 26 109 2 2 101 4 111 3 2 98 16 112 29 119 1 1 135 2 5 13 22 13 3 6 110 9 141 27 118 3 2 86 7 121 22 126 2 9 175 10 128 2 12 168 19 127 3 11 215 28 183 29 158 2 10 216 20 167 2 13 41 20 49 2 15 160 27 115 2 15 46 19 40 2 7 38 16 41 2 17 32 30 39 3 8 104 18 129 28 121 1 1 142 2 14 84 20 64 2 18 58 22 62 3 9 160 13 178 30 224 2 20 131 27 121 4 9 99 17 101 25 74 30 88 2 9 173 10 151 3 6 227 23 174 30 216 2 5 3 24 3 2 15 113 27 133 2 4 56 26 63 2 15 89 28 80
34 1 1 131 2 8 8 29 11 2 15 204 21 163 2 2 25 16 28 2 8 45 14 50 3 3 114 23 122 26 109 2 2 101 4 111 3 2 98 16 112 29 119 1 1 135 2 5 13 22 13 3 6 110 9 141 27 118 3 2 86 7 121 22 126 2 9 175 10 128 2 12 168 19 127 3 11 215 28 183 29 158 2 10 216 20 167 2 13 41 20 49 2 15 160 27 115 2 15 46 19 40 2 7 38 16 41 2 17 32 30 39 3 8 104 18 129 28 121 1 1 142 2 14 84 20 64 2 18 58 22 62 3 9 160 13 178 30 224 2 20 131 27 121 4 9 99 17 101 25 74 30 88 2 9 173 10 151 3 6 227 23 174 30 216 2 5 3 24 3 2 15 113 27 133 2 4 56 26 63 2 15 89 28 80
34 1 1 131 2 8 8 29 11 2 15 204 21 163 2 2 25 16 28 2 8 45 14 50 3 3 114 23 122 26 109 2 2 101 4 111 3 2 98 16 112 29 119 1 1 135 2 5 13 22 13 3 6 110 9 141 27 118 3 2 86 7 121 22 126 2 9 175 10 128 2 12 168 19 127 3 11 215 28 183 29 158 2 10 216 20 167 2 13 41 20 49 2 15 160 27 115 2 15 46 19 40 2 7 38 16 41 2 17 32 30 39 3 8 104 18 129 28 121 1 1 142 2 14 84 20 64 2 18 58 22 62 3 9 160 13 178 30 224 2 20 131 27 121 4 9 99 17 101 25 74 30 88 2 9 173 10 151 3 6 227 23 174 30 216 2 5 3 24 3 2 15 113 27 133 2 4 56 26 63 2 15 89 28 80
36 1 1 181 2 2 25 16 28 1 1 151 3 3 105 23 89 26 99 2 2 91 4 92 2 15 77 28 82 2 5 14 22 12 3 6 142 9 116 27 112 3 2 117 7 89 22 108 2 15 138 27 160 2 8 8 29 9 2 9 167 10 171 1 1 146 2 10 161 20 225 3 11 167 28 181 29 157 2 12 135 19 187 2 15 47 19 35 2 8 9 29 9 2 13 48 20 56 2 15 157 27 137 2 18 75 22 79 2 8 60 14 65 2 7 40 16 49 3 3 89 23 88 26 97 2 17 27 30 35 3 8 106 18 138 28 109 2 14 62 20 71 2 15 198 21 156 3 6 180 23 190 30 161 2 5 3 24 2 4 9 78 17 94 25 83 30 91 3 2 117 16 114 29 127 2 4 58 26 55 4 9 102 17 99 25 94 30 77 2 20 117 27 124 3 9 171 13 209 30 225
36 1 1 181 2 2 25 16 28 1 1 151 3 3 105 23 89 26 99 2 2 91 4 92 2 15 77 28 82 2 5 14 22 12 3 6 142 9 116 27 112 3 2 117 7 89 22 108 2 15 138 27 160 2 8 8 29 9 2 9 167 10 171 1 1 146 2 10 161 20 225 3 11 167 28 181 29 157 2 12 135 19 187 2 15 47 19 35 2 8 9 29 9 2 13 48 20 56 2 15 157 27 137 2 18 75 22 79 2 8 60 14 65 2 7 40 16 49 3 3 89 23 88 26 97 2 17 27 30 35 3 8 106 18 138 28 109 2 14 62 20 71 2 15 198 21 156 3 6 180 23 190 30 161 2 5 3 24 2 4 9 78 17 94 25 83 30 91 3 2 117 16 114 29 127 2 4 58 26 55 4 9 102 17 99 25 94 30 77 2 20 117 27 124 3 9 171 13 209 30 225
37 1 1 188 2 2 30 16 31 2 8 8 29 10 3 3 114 23 104 26 115 2 2 34 16 24 2 2 119 4 97 3 6 215 23 214 30 209 2 2 34 16 29 2 5 17 22 12 3 6 136 9 111 27 112 2 8 11 29 11 3 2 119 7 98 22 102 2 9 160 10 152 2 7 54 16 40 2 10 157 20 152 2 15 50 19 34 3 11 218 28 201 29 197 3 6 155 9 126 27 125 2 12 163 19 179 2 4 59 26 49 2 13 55 20 45 2 15 48 19 34 2 18 75 22 72 3 11 187 28 164 29 226 2 15 202 21 167 2 8 65 14 63 2 15 117 27 127 2 17 39 30 37 3 8 115 18 118 28 101 2 17 36 30 27 2 5 2 24 2 3 9 214 13 182 30 207 2 14 77 20 74 3 2 125 16 145 29 112 4 9 77 17 102 25 89 30 72 2 15 72 28 86 2 20 147 27 151
37 1 1 188 2 2 30 16 31 2 8 8 29 10 3 3 114 23 104 26 115 2 2 34 16 24 2 2 119 4 97 3 6 215 23 214 30 209 2 2 34 16 29 2 5 17 22 12 3 6 136 9 111 27 112 2 8 11 29 11 3 2 119 7 98 22 102 2 9 160 10 152 2 7 54 16 40 2 10 157 20 152 2 15 50 19 34 3 11 218 28 201 29 197 3 6 155 9 126 27 125 2 12 163 19 179 2 4 59 26 49 2 13 55 20 45 2 15 48 19 34 2 18 75 22 72 3 11 187 28 164 29 226 2 15 202 21 167 2 8 65 14 63 2 15 117 27 127 2 17 39 30 37 3 8 115 18 118 28 101 2 17 36 30 27 2 5 2 24 2 3 9 214 13 182 30 207 2 14 77 20 74 3 2 125 16 145 29 112 4 9 77 17 102 25 89 30 72 2 15 72 28 86 2 20 147 27 151
36 1 1 159 2 2 26 16 27 3 3 86 23 103 26 128 2 2 103 4 121 3 8 110 18 133 28 94 2 15 130 27 121 2 5 13 22 15 1 1 172 3 6 140 9 159 27 155 2 10 176 20 164 3 2 92 7 94 22 105 2 15 120 27 111 3 2 106 16 144 29 106 2 8 9 29 11 2 9 150 10 142 3 11 217 28 205 29 192 2 15 84 28 73 4 9 88 17 75 25 103 30 102 3 8 139 18 98 28 136 2 12 145 19 132 2 13 57 20 51 3 6 232 23 215 30 168 4 9 94 17 73 25 96 30 103 2 8 47 14 52 1 1 161 2 14 83 20 82 2 7 50 16 57 2 5 2 24 3 2 4 52 26 54 2 17 37 30 27 2 18 78 22 73 4 9 80 17 87 25 91 30 100 2 15 34 19 42 2 15 182 21 220 2 20 130 27 147 3 9 158 13 208 30 203
39 1 1 149 2 12 180 19 145 2 2 29 16 28 3 6 175 23 229 30 218 2 12 144 19 134 3 3 91 23 92 26 104 4 9 102 17 83 25 104 30 84 3 6 206 23 160 30 206 2 2 126 4 103 4 9 90 17 89 25 93 30 103 2 5 15 22 14 2 13 53 20 39 2 4 62 26 58 3 6 117 9 138 27 141 2 15 64 28 85 3 2 114 7 88 22 111 2 13 39 20 56 2 8 8 29 10 2 14 71 20 69 2 17 33 30 30 2 4 60 26 47 2 15 201 21 216 2 14 85 20 87 2 9 159 10 177 2 4 56 26 56 2 20 139 27 148 2 10 162 20 182 2 5 2 24 3 2 14 80 20 65 3 11 157 28 198 29 197 2 8 53 14 52 2 15 112 27 112 3 8 137 18 118 28 116 2 4 62 26 48 3 2 125 16 114 29 124 2 7 53 16 46 2 15 45 19 35 2 18 67 22 64 3 9 212 13 221 30 174
33 1 1 167 2 2 25 16 29 2 13 51 20 55 2 17 37 30 28 2 15 77 28 62 3 8 100 18 109 28 107 2 8 8 29 9 3 3 127 23 120 26 127 2 2 124 4 116 2 5 16 22 14 3 2 121 7 121 22 91 3 6 162 9 140 27 142 2 9 160 10 142 2 10 220 20 215 3 11 232 28 191 29 157 2 15 91 28 76 2 12 139 19 135 2 18 78 22 73 3 9 179 13 172 30 211 2 5 2 24 3 2 4 52 26 53 2 8 54 14 50 3 2 144 16 135 29 116 2 7 42 16 41 2 15 131 27 141 2 15 43 19 45 2 10 174 20 200 2 14 76 20 79 2 15 189 21 149 3 6 204 23 220 30 199 3 2 101 7 98 22 97 2 20 119 27 120 4 9 83 17 96 25 91 30 86
37 1 1 137 2 2 24 16 27 3 3 99 23 117 26 105 1 1 172 3 11 163 28 218 29 186 2 2 89 4 115 3 3 87 23 90 26 114 2 5 14 22 15 2 5 2 24 3 3 6 159 9 126 27 149 2 5 2 24 3 2 15 83 28 77 3 2 100 7 122 22 116 2 8 9 29 11 2 9 158 10 170 2 10 178 20 160 2 12 152 19 186 2 13 47 20 54 2 8 57 14 44 2 13 44 20 51 2 18 59 22 71 2 7 44 16 42 2 15 127 27 146 3 8 107 18 133 28 95 2 20 132 27 133 3 6 129 9 159 27 123 2 17 29 30 32 2 15 46 19 34 3 9 204 13 223 30 191 2 14 64 20 64 2 15 204 21 150 3 6 167 23 202 30 231 2 15 84 28 82 4 9 83 17 82 25 82 30 104 2 15 133 27 116 3 2 122 16 106 29 108 2 4 57 26 48
37 1 1 137 2 2 24 16 27 3 3 99 23 117 26 105 1 1 172 3 11 163 28 218 29 186 2 2 89 4 115 3 3 87 23 90 26 114 2 5 14 22 15 2 5 2 24 3 3 6 159 9 126 27 149 2 5 2 24 3 2 15 83 28 77 3 2 100 7 122 22 116 2 8 9 29 11 2 9 158 10 170 2 10 178 20 160 2 12 152 19 186 2 13 47 20 54 2 8 57 14 44 2 13 44 20 51 2 18 59 22 71 2 7 44 16 42 2 15 127 27 146 3 8 107 18 133 28 95 2 20 132 27 133 3 6 129 9 159 27 123 2 17 29 30 32 2 15 46 19 34 3 9 204 13 223 30 191 2 14 64 20 64 2 15 204 21 150 3 6 167 23 202 30 231 2 15 84 28 82 4 9 83 17 82 25 82 30 104 2 15 133 27 116 3 2 122 16 106 29 108 2 4 57 26 48
36 1 1 175 2 18 69 22 56 1 1 176 2 15 203 21 165 2 2 27 16 34 3 6 149 9 136 27 162 2 20 116 27 112 3 3 118 23 112 26 109 2 2 103 4 95 2 5 12 22 16 3 2 90 7 123 22 124 2 17 33 30 39 2 8 8 29 8 2 15 80 28 76 3 8 105 18 130 28 124 3 3 87 23 120 26 95 2 9 124 10 170 2 10 219 20 222 2 15 186 21 186 3 11 221 28 197 29 220 2 12 136 19 158 4 9 71 17 95 25 82 30 77 2 15 146 27 128 2 13 51 20 50 2 15 163 21 202 3 2 120 16 120 29 101 3 6 125 9 159 27 117 2 8 55 14 61 2 7 50 16 50 3 6 173 23 176 30 220 2 15 44 19 43 2 17 32 30 34 2 4 64 26 47 2 14 66 20 71 2 5 2 24 3 3 9 219 13 161 30 162
37 1 1 181 2 2 24 16 27 2 8 8 29 9 3 3 119 23 108 26 122 2 2 33 16 33 2 2 117 4 90 3 6 220 23 229 30 177 2 2 33 16 24 2 5 15 22 16 3 6 147 9 152 27 109 2 8 8 29 11 3 2 110 7 125 22 108 2 9 162 10 166 2 7 39 16 53 2 10 154 20 206 2 15 40 19 43 3 11 167 28 219 29 208 3 6 146 9 109 27 111 2 12 167 19 133 2 4 61 26 61 2 13 55 20 46 2 15 39 19 34 2 18 63 22 73 3 11 229 28 169 29 159 2 15 173 21 158 2 8 45 14 59 2 15 160 27 114 2 17 26 30 32 3 8 139 18 120 28 122 2 17 34 30 27 2 5 3 24 3 3 9 204 13 190 30 224 2 14 65 20 79 3 2 117 16 98 29 129 4 9 73 17 76 25 77 30 91 2 15 76 28 73 2 20 115 27 126
38 1 1 173 2 13 54 20 38 3 6 157 9 127 27 113 2 13 52 20 50 2 2 35 16 31 1 1 189 3 3 100 23 88 26 107 2 2 129 4 130 2 5 12 22 15 2 12 142 19 143 3 2 96 7 118 22 86 3 3 123 23 105 26 104 2 9 185 10 165 2 8 10 29 11 4 9 96 17 97 25 102 30 99 2 5 3 24 3 3 9 169 13 173 30 191 2 10 225 20 213 2 18 55 22 59 2 7 39 16 54 3 11 233 28 233 29 216 2 8 61 14 46 3 11 163 28 211 29 172 3 2 105 16 141 29 116 2 15 161 27 120 2 9 168 10 176 2 17 31 30 28 3 8 95 18 113 28 123 2 15 34 19 47 3 3 112 23 97 26 122 2 14 77 20 69 2 15 201 21 176 3 6 167 23 186 30 164 2 12 175 19 134 2 4 50 26 49 2 20 119 27 133 2 4 52 26 57 2 15 82 28 89
33 1 1 165 2 8 44 14 50 1 1 130 2 2 30 16 35 3 3 118 23 107 26 104 2 18 56 22 61 2 4 59 26 59 3 2 109 16 113 29 144 2 2 107 4 110 2 5 15 22 14 3 6 148 9 142 27 140 3 9 159 13 209 30 207 2 8 52 14 44 3 2 108 7 94 22 125 3 11 157 28 204 29 228 2 8 10 29 8 2 9 136 10 168 2 10 184 20 221 2 14 82 20 81 2 12 133 19 127 2 17 32 30 38 2 13 39 20 50 2 15 145 27 137 3 3 125 23 125 26 88 2 7 49 16 45 2 15 168 21 199 3 8 122 18 106 28 98 2 5 2 24 3 2 15 46 19 49 2 20 120 27 134 3 6 200 23 158 30 189 4 9 71 17 70 25 81 30 70 2 15 65 28 85
33 1 1 165 2 8 44 14 50 1 1 130 2 2 30 16 35 3 3 118 23 107 26 104 2 18 56 22 61 2 4 59 26 59 3 2 109 16 113 29 144 2 2 107 4 110 2 5 15 22 14 3 6 148 9 142 27 140 3 9 159 13 209 30 207 2 8 52 14 44 3 2 108 7 94 22 125 3 11 157 28 204 29 228 2 8 10 29 8 2 9 136 10 168 2 10 184 20 221 2 14 82 20 81 2 12 133 19 127 2 17 32 30 38 2 13 39 20 50 2 15 145 27 137 3 3 125 23 125 26 88 2 7 49 16 45 2 15 168 21 199 3 8 122 18 106 28 98 2 5 2 24 3 2 15 46 19 49 2 20 120 27 134 3 6 200 23 158 30 189 4 9 71 17 70 25 81 30 70 2 15 65 28 85
33 1 1 165 2 8 44 14 50 1 1 130 2 2 30 16 35 3 3 118 23 107 26 104 2 18 56 22 61 2 4 59 26 59 3 2 109 16 113 29 144 2 2 107 4 110 2 5 15 22 14 3 6 148 9 142 27 140 3 9 159 13 209 30 207 2 8 52 14 44 3 2 108 7 94 22 125 3 11 157 28 204 29 228 2 8 10 29 8 2 9 136 10 168 2 10 184 20 221 2 14 82 20 81 2 12 133 19 127 2 17 32 30 38 2 13 39 20 50 2 15 145 27 137 3 3 125 23 125 26 88 2 7 49 16 45 2 15 168 21 199 3 8 122 18 106 28 98 2 5 2 24 3 2 15 46 19 49 2 20 120 27 134 3 6 200 23 158 30 189 4 9 71 17 70 25 81 30 70 2 15 65 28 85
34 1 1 191 2 8 10 29 11 2 15 171 21 205 2 2 34 16 33 2 8 52 14 61 3 3 93 23 108 26 101 2 2 113 4 130 3 2 134 16 104 29 107 1 1 160 2 5 13 22 15 3 6 135 9 156 27 145 3 2 104 7 88 22 123 2 9 150 10 140 2 12 161 19 173 3 11 209 28 202 29 162 2 10 154 20 181 2 13 40 20 46 2 15 144 27 143 2 15 45 19 39 2 7 57 16 50 2 17 26 30 31 3 8 100 18 133 28 137 1 1 170 2 14 81 20 72 2 18 61 22 70 3 9 200 13 196 30 199 2 20 137 27 151 4 9 102 17 85 25 97 30 105 2 9 181 10 147 3 6 214 23 171 30 204 2 5 3 24 2 2 15 137 27 142 2 4 51 26 51 2 15 91 28 67
39 1 1 137 2 12 171 19 151 2 2 27 16 35 3 6 233 23 175 30 200 2 12 127 19 146 3 3 96 23 105 26 90 4 9 88 17 71 25 103 30 76 3 6 227 23 188 30 197 2 2 100 4 119 4 9 76 17 93 25 91 30 102 2 5 15 22 15 2 13 38 20 45 2 4 51 26 52 3 6 156 9 119 27 141 2 15 86 28 81 3 2 92 7 122 22 115 2 13 40 20 39 2 8 9 29 10 2 14 66 20 60 2 17 29 30 31 2 4 46 26 50 2 15 187 21 204 2 14 88 20 82 2 9 158 10 182 2 4 52 26 45 2 20 144 27 144 2 10 216 20 225 2 5 3 24 2 2 14 78 20 66 3 11 188 28 199 29 159 2 8 51 14 64 2 15 131 27 110 3 8 108 18 97 28 126 2 4 61 26 59 3 2 145 16 143 29 108 2 7 50 16 45 2 15 38 19 33 2 18 75 22 74 3 9 202 13 168 30 164
34 2 15 48 19 35 1 1 169 2 2 25 16 25 2 8 61 14 45 2 2 32 16 32 2 18 57 22 76 2 20 147 27 136 3 3 93 23 97 26 126 2 2 116 4 113 2 5 14 22 12 3 6 162 9 133 27 146 2 2 113 4 102 3 9 195 13 159 30 199 3 2 87 7 94 22 128 2 8 9 29 8 3 2 103 7 88 22 104 2 9 146 10 129 2 15 78 28 85 2 4 48 26 58 2 10 179 20 154 3 3 121 23 91 26 124 3 11 202 28 179 29 194 2 12 180 19 131 2 13 49 20 39 3 6 163 23 228 30 223 2 15 156 27 123 2 7 40 16 51 2 15 202 21 152 2 17 32 30 31 3 8 94 18 126 28 113 2 14 83 20 75 2 5 3 24 2 4 9 85 17 92 25 85 30 97 3 2 132 16 139 29 109
36 1 1 163 2 15 69 28 68 1 1 163 3 8 118 18 93 28 108 2 15 78 28 65 2 2 25 16 34 3 3 90 23 85 26 103 2 18 59 22 77 2 2 104 4 119 2 5 14 22 17 3 6 142 9 155 27 116 2 9 146 10 176 2 15 82 28 76 2 8 9 29 11 3 2 101 7 106 22 120 2 10 223 20 172 2 7 52 16 43 3 11 176 28 184 29 167 2 7 56 16 43 4 9 79 17 71 25 72 30 83 2 20 118 27 104 2 12 183 19 177 2 13 54 20 44 4 9 96 17 96 25 103 30 71 2 8 62 14 58 2 15 115 27 111 1 1 179 2 17 30 30 31 2 15 33 19 43 2 14 72 20 88 3 2 125 16 142 29 104 2 15 159 21 187 3 6 169 23 179 30 164 2 5 2 24 2 3 9 174 13 218 30 228 2 4 45 26 60
35 1 1 176 2 2 35 16 27 3 3 99 23 102 26 103 2 2 115 4 122 2 5 16 22 15 2 2 26 16 33 2 15 219 21 187 2 15 38 19 48 2 10 187 20 216 1 1 169 3 6 120 9 132 27 113 3 2 125 7 105 22 117 2 8 8 29 9 2 17 28 30 33 2 13 56 20 49 2 9 183 10 144 2 18 70 22 61 2 2 30 16 31 3 11 211 28 189 29 216 3 6 219 23 212 30 209 2 12 189 19 127 2 4 61 26 60 3 6 148 9 127 27 128 2 15 145 27 139 2 8 55 14 63 2 20 148 27 132 4 9 96 17 76 25 72 30 79 2 2 98 4 131 2 7 40 16 42 2 5 3 24 3 2 15 86 28 71 3 9 160 13 201 30 174 3 8 96 18 100 28 99 2 14 72 20 76 3 2 115 16 117 29 108
37 1 1 186 2 2 31 16 24 3 3 86 23 121 26 109 1 1 147 3 11 183 28 169 29 211 2 2 121 4 107 3 3 118 23 115 26 122 2 5 14 22 17 2 5 2 24 3 3 6 116 9 156 27 126 2 5 3 24 2 2 15 93 28 81 3 2 87 7 97 22 93 2 8 8 29 8 2 9 177 10 132 2 10 206 20 191 2 12 189 19 169 2 13 42 20 47 2 8 57 14 49 2 13 45 20 53 2 18 70 22 74 2 7 48 16 40 2 15 135 27 138 3 8 133 18 122 28 93 2 20 139 27 127 3 6 148 9 152 27 123 2 17 33 30 32 2 15 44 19 37 3 9 212 13 161 30 223 2 14 80 20 83 2 15 148 21 149 3 6 218 23 231 30 228 2 15 76 28 85 4 9 89 17 87 25 86 30 87 2 15 127 27 141 3 2 117 16 117 29 141 2 4 52 26 61
34 2 15 42 19 50 1 1 169 2 2 31 16 33 2 8 48 14 48 2 2 35 16 29 2 18 59 22 63 2 20 110 27 133 3 3 96 23 114 26 96 2 2 116 4 125 2 5 15 22 12 3 6 119 9 140 27 158 2 2 94 4 120 3 9 159 13 219 30 201 3 2 102 7 99 22 115 2 8 8 29 9 3 2 111 7 97 22 97 2 9 129 10 132 2 15 74 28 74 2 4 55 26 44 2 10 192 20 168 3 3 108 23 99 26 121 3 11 174 28 189 29 214 2 12 142 19 129 2 13 50 20 51 3 6 196 23 190 30 168 2 15 123 27 151 2 7 43 16 56 2 15 201 21 208 2 17 34 30 33 3 8 125 18 96 28 132 2 14 63 20 88 2 5 3 24 3 4 9 103 17 98 25 84 30 100 3 2 125 16 113 29 127
39 1 1 175 2 12 148 19 149 2 2 31 16 32 3 6 217 23 165 30 202 2 12 171 19 135 3 3 88 23 114 26 116 4 9 78 17 82 25 72 30 77 3 6 201 23 193 30 205 2 2 99 4 97 4 9 77 17 85 25 103 30 82 2 5 14 22 13 2 13 45 20 41 2 4 61 26 51 3 6 123 9 113 27 125 2 15 85 28 63 3 2 118 7 111 22 116 2 13 53 20 53 2 8 10 29 10 2 14 82 20 68 2 17 37 30 32 2 4 58 26 52 2 15 213 21 178 2 14 62 20 76 2 9 152 10 137 2 4 49 26 65 2 20 123 27 131 2 10 171 20 216 2 5 2 24 3 2 14 67 20 87 3 11 191 28 210 29 214 2 8 61 14 57 2 15 110 27 130 3 8 113 18 130 28 111 2 4 65 26 52 3 2 105 16 119 29 129 2 7 54 16 53 2 15 38 19 46 2 18 69 22 65 3 9 182 13 175 30 223
39 1 1 175 2 12 148 19 149 2 2 31 16 32 3 6 217 23 165 30 202 2 12 171 19 135 3 3 88 23 114 26 116 4 9 78 17 82 25 72 30 77 3 6 201 23 193 30 205 2 2 99 4 97 4 9 77 17 85 25 103 30 82 2 5 14 22 13 2 13 45 20 41 2 4 61 26 51 3 6 123 9 113 27 125 2 15 85 28 63 3 2 118 7 111 22 116 2 13 53 20 53 2 8 10 29 10 2 14 82 20 68 2 17 37 30 32 2 4 58 26 52 2 15 213 21 178 2 14 62 20 76 2 9 152 10 137 2 4 49 26 65 2 20 123 27 131 2 10 171 20 216 2 5 2 24 3 2 14 67 20 87 3 11 191 28 210 29 214 2 8 61 14 57 2 15 110 27 130 3 8 113 18 130 28 111 2 4 65 26 52 3 2 105 16 119 29 129 2 7 54 16 53 2 15 38 19 46 2 18 69 22 65 3 9 182 13 175 30 223
33 1 1 141 2 2 33 16 30 3 3 108 23 107 26 105 2 2 113 4 108 2 5 15 22 12 3 6 137 9 146 27 138 3 2 101 7 113 22 123 2 8 8 29 9 2 9 176 10 182 2 10 168 20 158 3 11 161 28 177 29 204 2 12 161 19 182 2 13 39 20 42 3 9 217 13 160 30 191 2 8 58 14 57 1 1 145 2 18 68 22 74 2 4 57 26 46 2 5 3 24 3 2 15 110 27 158 4 9 95 17 87 25 99 30 80 3 6 234 23 230 30 223 3 2 133 16 115 29 123 2 7 50 16 51 3 9 185 13 199 30 164 2 17 28 30 27 2 15 34 19 41 3 8 124 18 106 28 130 2 20 141 27 122 2 5 13 22 12 2 14 88 20 79 2 15 221 21 160 2 15 68 28 86
33 1 1 141 2 2 33 16 30 3 3 108 23 107 26 105 2 2 113 4 108 2 5 15 22 12 3 6 137 9 146 27 138 3 2 101 7 113 22 123 2 8 8 29 9 2 9 176 10 182 2 10 168 20 158 3 11 161 28 177 29 204 2 12 161 19 182 2 13 39 20 42 3 9 217 13 160 30 191 2 8 58 14 57 1 1 145 2 18 68 22 74 2 4 57 26 46 2 5 3 24 3 2 15 110 27 158 4 9 95 17 87 25 99 30 80 3 6 234 23 230 30 223 3 2 133 16 115 29 123 2 7 50 16 51 3 9 185 13 199 30 164 2 17 28 30 27 2 15 34 19 41 3 8 124 18 106 28 130 2 20 141 27 122 2 5 13 22 12 2 14 88 20 79 2 15 221 21 160 2 15 68 28 86
36 1 1 165 2 2 24 16 29 1 1 162 3 3 109 23 110 26 91 2 2 126 4 126 2 15 62 28 89 2 5 14 22 14 3 6 115 9 137 27 158 3 2 96 7 117 22 119 2 15 127 27 140 2 8 11 29 10 2 9 144 10 127 1 1 154 2 10 221 20 210 3 11 158 28 230 29 184 2 12 188 19 158 2 15 37 19 47 2 8 10 29 9 2 13 45 20 45 2 15 143 27 162 2 18 57 22 72 2 8 53 14 59 2 7 49 16 46 3 3 106 23 91 26 110 2 17 38 30 29 3 8 116 18 118 28 102 2 14 77 20 68 2 15 205 21 196 3 6 214 23 178 30 229 2 5 2 24 3 4 9 98 17 104 25 80 30 103 3 2 105 16 117 29 110 2 4 64 26 58 4 9 98 17 89 25 89 30 85 2 20 119 27 138 3 9 153 13 155 30 208
34 2 15 45 19 41 1 1 178 2 2 33 16 32 2 8 58 14 54 2 2 33 16 25 2 18 75 22 76 2 20 143 27 133 3 3 98 23 92 26 101 2 2 103 4 131 2 5 14 22 13 3 6 117 9 127 27 132 2 2 128 4 112 3 9 165 13 165 30 208 3 2 89 7 106 22 100 2 8 10 29 8 3 2 120 7 123 22 96 2 9 182 10 128 2 15 80 28 71 2 4 44 26 55 2 10 158 20 183 3 3 123 23 105 26 102 3 11 221 28 181 29 176 2 12 137 19 146 2 13 39 20 49 3 6 164 23 208 30 164 2 15 158 27 117 2 7 44 16 44 2 15 203 21 205 2 17 28 30 33 3 8 96 18 103 28 101 2 14 70 20 59 2 5 3 24 3 4 9 74 17 85 25 79 30 99 3 2 127 16 144 29 102
36 1 1 179 2 2 34 16 32 1 1 188 3 3 102 23 120 26 107 2 2 111 4 132 2 15 90 28 86 2 5 12 22 17 3 6 143 9 141 27 144 3 2 113 7 124 22 116 2 15 137 27 136 2 8 9 29 11 2 9 149 10 180 1 1 171 2 10 169 20 188 3 11 223 28 168 29 232 2 12 153 19 182 2 15 40 19 34 2 8 8 29 8 2 13 47 20 54 2 15 136 27 142 2 18 72 22 58 2 8 51 14 64 2 7 43 16 56 3 3 97 23 94 26 90 2 17 38 30 30 3 8 130 18 136 28 127 2 14 61 20 86 2 15 174 21 202 3 6 200 23 214 30 233 2 5 2 24 2 4 9 105 17 95 25 86 30 99 3 2 139 16 128 29 146 2 4 48 26 60 4 9 84 17 92 25 95 30 83 2 20 116 27 135 3 9 166 13 221 30 211
39 1 1 191 2 12 160 19 186 2 2 28 16 32 3 6 215 23 187 30 216 2 12 155 19 181 3 3 97 23 126 26 116 4 9 80 17 82 25 78 30 76 3 6 226 23 221 30 199 2 2 118 4 107 4 9 74 17 102 25 99 30 82 2 5 17 22 16 2 13 53 20 56 2 4 59 26 48 3 6 125 9 130 27 151 2 15 89 28 68 3 2 123 7 112 22 98 2 13 39 20 42 2 8 8 29 9 2 14 63 20 75 2 17 28 30 33 2 4 49 26 65 2 15 163 21 148 2 14 85 20 76 2 9 180 10 137 2 4 49 26 59 2 20 145 27 108 2 10 226 20 191 2 5 3 24 2 2 14 75 20 70 3 11 178 28 224 29 207 2 8 54 14 61 2 15 154 27 112 3 8 115 18 136 28 111 2 4 45 26 62 3 2 119 16 106 29 123 2 7 56 16 57 2 15 46 19 34 2 18 79 22 77 3 9 202 13 187 30 169
39 1 1 191 2 12 160 19 186 2 2 28 16 32 3 6 215 23 187 30 216 2 12 155 19 181 3 3 97 23 126 26 116 4 9 80 17 82 25 78 30 76 3 6 226 23 221 30 199 2 2 118 4 107 4 9 74 17 102 25 99 30 82 2 5 17 22 16 2 13 53 20 56 2 4 59 26 48 3 6 125 9 130 27 151 2 15 89 28 68 3 2 123 7 112 22 98 2 13 39 20 42 2 8 8 29 9 2 14 63 20 75 2 17 28 30 33 2 4 49 26 65 2 15 163 21 148 2 14 85 20 76 2 9 180 10 137 2 4 49 26 59 2 20 145 27 108 2 10 226 20 191 2 5 3 24 2 2 14 75 20 70 3 11 178 28 224 29 207 2 8 54 14 61 2 15 154 27 112 3 8 115 18 136 28 111 2 4 45 26 62 3 2 119 16 106 29 123 2 7 56 16 57 2 15 46 19 34 2 18 79 22 77 3 9 202 13 187 30 169
35 1 1 187 2 15 48 19 39 2 2 34 16 28 3 3 112 23 93 26 92 2 8 49 14 47 2 15 161 27 150 3 3 107 23 86 26 118 2 9 132 10 151 2 2 119 4 95 3 2 112 7 107 22 122 2 18 69 22 67 3 3 112 23 118 26 115 2 5 13 22 17 3 6 148 9 117 27 119 2 8 9 29 9 2 10 217 20 184 3 11 180 28 233 29 157 2 17 36 30 35 2 12 150 19 182 2 15 200 21 175 2 2 130 4 95 2 13 40 20 49 2 14 85 20 76 3 3 100 23 111 26 103 2 15 72 28 76 4 9 105 17 94 25 96 30 71 2 4 44 26 57 2 2 116 4 126 2 7 42 16 56 3 8 118 18 134 28 106 3 6 160 23 215 30 184 2 5 2 24 2 2 20 137 27 149 3 2 114 16 112 29 116 3 9 161 13 180 30 165
36 1 1 176 2 2 24 16 33 3 3 100 23 87 26 89 2 2 104 4 97 3 8 128 18 96 28 103 2 15 153 27 151 2 5 14 22 15 1 1 153 3 6 131 9 139 27 137 2 10 213 20 189 3 2 106 7 103 22 92 2 15 111 27 154 3 2 121 16 101 29 124 2 8 9 29 8 2 9 176 10 141 3 11 195 28 178 29 185 2 15 91 28 92 4 9 87 17 75 25 76 30 89 3 8 139 18 127 28 100 2 12 175 19 149 2 13 45 20 42 3 6 225 23 202 30 233 4 9 76 17 94 25 91 30 88 2 8 50 14 60 1 1 137 2 14 80 20 64 2 7 48 16 54 2 5 3 24 3 2 4 45 26 55 2 17 38 30 26 2 18 65 22 78 4 9 80 17 78 25 84 30 90 2 15 47 19 36 2 15 176 21 215 2 20 148 27 121 3 9 228 13 186 30 208
38 4 9 81 17 72 25 89 30 82 1 1 163 2 8 9 29 10 2 18 69 22 76 2 2 104 4 120 2 13 44 20 54 2 18 71 22 56 2 2 29 16 35 3 3 105 23 108 26 102 2 17 37 30 37 2 5 13 22 16 3 6 137 9 160 27 131 2 2 33 16 32 3 2 118 7 122 22 92 2 4 51 26 50 3 2 106 16 118 29 122 2 14 73 20 61 2 9 179 10 146 2 8 8 29 10 3 9 167 13 169 30 224 2 4 59 26 50 2 20 134 27 150 2 8 8 29 9 3 11 180 28 227 29 181 2 7 46 16 52 2 8 56 14 65 2 12 171 19 176 2 10 163 20 187 3 8 113 18 113 28 95 2 14 75 20 75 2 15 118 27 146 2 15 83 28 91 2 15 50 19 40 4 9 80 17 76 25 95 30 86 2 15 221 21 215 2 2 115 4 96 2 5 3 24 2 3 6 161 23 179 30 212
36 1 1 166 2 18 75 22 69 1 1 144 2 15 182 21 150 2 2 28 16 27 3 6 134 9 130 27 140 2 20 102 27 136 3 3 102 23 96 26 102 2 2 126 4 102 2 5 16 22 13 3 2 120 7 92 22 106 2 17 35 30 36 2 8 10 29 8 2 15 78 28 67 3 8 102 18 136 28 115 3 3 89 23 108 26 121 2 9 172 10 154 2 10 176 20 211 2 15 165 21 189 3 11 174 28 215 29 177 2 12 152 19 138 4 9 98 17 90 25 91 30 96 2 15 157 27 117 2 13 48 20 47 2 15 188 21 200 3 2 103 16 138 29 102 3 6 150 9 116 27 120 2 8 65 14 62 2 7 45 16 53 3 6 224 23 165 30 216 2 15 49 19 37 2 17 33 30 36 2 4 54 26 45 2 14 70 20 71 2 5 2 24 3 3 9 213 13 207 30 172
35 1 1 170 2 8 9 29 10 3 8 118 18 132 28 97 2 2 26 16 29 3 8 111 18 139 28 114 3 3 120 23 124 26 111 2 2 119 4 105 2 5 12 22 17 2 9 167 10 177 3 6 127 9 160 27 120 4 9 85 17 71 25 88 30 71 3 2 95 7 91 22 106 3 11 158 28 233 29 199 2 15 76 28 63 3 8 118 18 119 28 110 2 10 199 20 211 2 12 131 19 162 2 13 51 20 49 2 10 193 20 223 3 6 181 23 184 30 190 2 8 51 14 58 2 2 24 16 24 2 15 164 27 111 2 7 47 16 44 2 17 36 30 34 2 14 75 20 78 2 15 38 19 48 2 15 207 21 186 3 2 145 16 143 29 140 2 5 2 24 2 2 15 92 28 68 2 18 73 22 71 2 4 47 26 49 2 20 110 27 108 3 9 202 13 163 30 191
36 1 1 144 2 18 66 22 65 1 1 129 2 15 202 21 203 2 2 24 16 26 3 6 120 9 155 27 147 2 20 145 27 106 3 3 98 23 106 26 113 2 2 90 4 91 2 5 12 22 13 3 2 89 7 102 22 95 2 17 27 30 33 2 8 11 29 11 2 15 90 28 80 3 8 137 18 123 28 102 3 3 86 23 86 26 96 2 9 161 10 153 2 10 158 20 179 2 15 195 21 190 3 11 170 28 215 29 172 2 12 159 19 150 4 9 83 17 91 25 78 30 70 2 15 152 27 157 2 13 44 20 41 2 15 194 21 167 3 2 129 16 115 29 115 3 6 153 9 150 27 148 2 8 54 14 62 2 7 56 16 45 3 6 166 23 236 30 193 2 15 41 19 34 2 17 32 30 37 2 4 52 26 47 2 14 60 20 81 2 5 2 24 2 3 9 221 13 175 30 181
33 1 1 130 2 2 25 16 32 2 13 49 20 44 2 17 27 30 35 2 15 70 28 76 3 8 130 18 110 28 101 2 8 8 29 8 3 3 110 23 85 26 95 2 2 125 4 103 2 5 17 22 14 3 2 113 7 88 22 113 3 6 140 9 147 27 161 2 9 135 10 177 2 10 151 20 202 3 11 193 28 179 29 222 2 15 64 28 74 2 12 152 19 183 2 18 56 22 55 3 9 193 13 156 30 174 2 5 3 24 2 2 4 51 26 52 2 8 55 14 50 3 2 136 16 104 29 138 2 7 55 16 53 2 15 135 27 151 2 15 40 19 47 2 10 215 20 196 2 14 66 20 79 2 15 167 21 164 3 6 205 23 178 30 212 3 2 115 7 106 22 126 2 20 131 27 130 4 9 79 17 93 25 99 30 89
DUE_DATES: 6147 6147 5726 5726 5678 5678 6130 6593 6593 5715 5715 5715 5900 5900 5781 5781 6149 6216 5573 5921 5921 6270 5669 6646 5337 5337 5337 6050 6196 5449 5829 5793 6097 5427 6197 6197 5526 5526 6065 5409 6287 6383 6383 5850 6173 5703 6162 5841 6086 5449
WEIGHTS: 1 2 3 3 3 3 1 3 1 3 1 1 3 3 3 3 2 2 1 3 2 2 1 2 3 2 2 2 1 3 2 3 1 2 3 1 2 2 3 2 3 2 1 3 1 1 1 3 1 3
