50 30
36 2 1 111 6 130 2 12 72 29 51 2 2 116 5 130 3 1 7 3 7 11 8 3 4 114 6 139 9 126 2 1 109 6 107 2 4 28 28 28 3 4 147 9 171 18 157 2 5 3 21 4 2 6 66 17 52 2 7 92 27 89 3 1 191 4 167 23 205 2 4 105 8 90 3 10 65 14 59 20 79 2 5 4 21 4 2 10 16 11 16 3 1 41 12 39 20 51 2 12 51 29 70 3 11 195 14 161 27 227 2 1 90 13 105 2 1 119 6 107 3 14 15 16 14 17 16 3 13 87 15 101 28 90 2 1 92 16 95 3 17 66 27 95 29 92 3 7 103 18 117 22 103 3 19 14 26 13 29 14 2 20 176 21 167 3 4 15 19 20 21 15 3 4 37 22 34 28 31 2 24 151 29 120 2 1 82 13 77 2 4 212 25 158 3 10 63 14 65 20 61 2 4 83 26 62 3 9 176 13 160 30 149
36 2 1 111 6 130 2 12 72 29 51 2 2 116 5 130 3 1 7 3 7 11 8 3 4 114 6 139 9 126 2 1 109 6 107 2 4 28 28 28 3 4 147 9 171 18 157 2 5 3 21 4 2 6 66 17 52 2 7 92 27 89 3 1 191 4 167 23 205 2 4 105 8 90 3 10 65 14 59 20 79 2 5 4 21 4 2 10 16 11 16 3 1 41 12 39 20 51 2 12 51 29 70 3 11 195 14 161 27 227 2 1 90 13 105 2 1 119 6 107 3 14 15 16 14 17 16 3 13 87 15 101 28 90 2 1 92 16 95 3 17 66 27 95 29 92 3 7 103 18 117 22 103 3 19 14 26 13 29 14 2 20 176 21 167 3 4 15 19 20 21 15 3 4 37 22 34 28 31 2 24 151 29 120 2 1 82 13 77 2 4 212 25 158 3 10 63 14 65 20 61 2 4 83 26 62 3 9 176 13 160 30 149
37 2 1 115 6 133 2 2 121 5 111 3 1 7 3 8 11 5 3 4 141 6 131 9 157 2 5 4 21 3 2 6 61 17 52 2 7 97 27 99 2 1 107 13 109 2 7 86 27 92 2 4 79 8 87 3 4 145 9 166 18 130 3 10 78 14 64 20 67 2 10 15 11 13 2 4 86 8 97 3 1 53 12 42 20 52 3 4 109 6 123 9 139 3 14 12 16 14 17 12 3 13 86 15 92 28 97 3 4 172 9 128 18 162 2 1 95 16 106 3 17 79 27 85 29 64 3 7 109 18 95 22 120 3 19 11 26 15 29 16 2 20 199 21 165 3 17 81 27 80 29 68 3 1 237 4 204 23 179 3 11 157 14 158 27 197 2 4 200 25 176 3 4 123 6 127 9 139 2 12 62 29 59 2 10 13 11 16 3 9 142 13 176 30 166 2 4 81 26 80 3 4 18 19 19 21 19 3 4 34 22 45 28 37 2 24 149 29 157 2 4 27 28 32
39 2 1 134 6 114 2 2 147 5 134 3 1 5 3 8 11 7 3 4 143 6 117 9 115 3 1 6 3 5 11 6 3 17 93 27 66 29 66 2 1 114 16 116 2 20 142 21 156 2 5 3 21 4 2 6 58 17 52 3 4 146 6 133 9 149 3 13 111 15 109 28 123 2 7 92 27 89 2 4 85 8 106 3 4 167 9 173 18 152 3 10 56 14 62 20 76 2 1 124 16 112 2 10 18 11 18 3 7 129 18 95 22 90 3 19 13 26 15 29 13 3 1 7 3 5 11 5 3 1 177 4 218 23 234 2 5 4 21 3 3 1 48 12 43 20 48 2 1 84 13 86 2 4 27 28 34 3 14 14 16 14 17 13 3 10 62 14 64 20 79 3 4 14 19 20 21 17 3 1 211 4 219 23 166 3 4 43 22 41 28 32 3 1 232 4 221 23 175 2 12 51 29 59 2 24 158 29 150 2 1 153 6 123 3 9 166 13 124 30 146 2 4 85 26 65 2 4 174 25 167 3 11 171 14 192 27 199
39 2 1 134 6 114 2 2 147 5 134 3 1 5 3 8 11 7 3 4 143 6 117 9 115 3 1 6 3 5 11 6 3 17 93 27 66 29 66 2 1 114 16 116 2 20 142 21 156 2 5 3 21 4 2 6 58 17 52 3 4 146 6 133 9 149 3 13 111 15 109 28 123 2 7 92 27 89 2 4 85 8 106 3 4 167 9 173 18 152 3 10 56 14 62 20 76 2 1 124 16 112 2 10 18 11 18 3 7 129 18 95 22 90 3 19 13 26 15 29 13 3 1 7 3 5 11 5 3 1 177 4 218 23 234 2 5 4 21 3 3 1 48 12 43 20 48 2 1 84 13 86 2 4 27 28 34 3 14 14 16 14 17 13 3 10 62 14 64 20 79 3 4 14 19 20 21 17 3 1 211 4 219 23 166 3 4 43 22 41 28 32 3 1 232 4 221 23 175 2 12 51 29 59 2 24 158 29 150 2 1 153 6 123 3 9 166 13 124 30 146 2 4 85 26 65 2 4 174 25 167 3 11 171 14 192 27 199
36 2 1 140 6 153 3 4 17 19 19 21 16 2 2 135 5 117 3 4 16 19 16 21 16 3 1 6 3 7 11 7 3 4 140 6 109 9 114 2 5 3 21 4 3 11 166 14 223 27 180 2 6 60 17 56 2 7 78 27 82 2 4 100 8 90 3 4 119 9 165 18 160 3 10 68 14 59 20 71 2 10 13 11 17 3 10 70 14 74 20 60 3 1 48 12 43 20 46 2 1 79 13 85 3 14 16 16 15 17 14 3 13 102 15 97 28 120 2 20 178 21 140 2 1 111 16 102 3 17 76 27 78 29 74 3 7 120 18 101 22 103 3 19 11 26 15 29 15 3 13 99 15 115 28 103 3 4 38 22 44 28 38 2 2 105 5 137 3 1 230 4 187 23 174 3 4 20 19 19 21 19 2 4 159 25 208 2 24 160 29 170 2 4 85 26 70 2 4 25 28 33 3 14 12 16 11 17 11 2 12 53 29 58 3 9 179 13 145 30 178
36 2 1 140 6 153 3 4 17 19 19 21 16 2 2 135 5 117 3 4 16 19 16 21 16 3 1 6 3 7 11 7 3 4 140 6 109 9 114 2 5 3 21 4 3 11 166 14 223 27 180 2 6 60 17 56 2 7 78 27 82 2 4 100 8 90 3 4 119 9 165 18 160 3 10 68 14 59 20 71 2 10 13 11 17 3 10 70 14 74 20 60 3 1 48 12 43 20 46 2 1 79 13 85 3 14 16 16 15 17 14 3 13 102 15 97 28 120 2 20 178 21 140 2 1 111 16 102 3 17 76 27 78 29 74 3 7 120 18 101 22 103 3 19 11 26 15 29 15 3 13 99 15 115 28 103 3 4 38 22 44 28 38 2 2 105 5 137 3 1 230 4 187 23 174 3 4 20 19 19 21 19 2 4 159 25 208 2 24 160 29 170 2 4 85 26 70 2 4 25 28 33 3 14 12 16 11 17 11 2 12 53 29 58 3 9 179 13 145 30 178
39 2 1 149 6 149 3 4 18 19 19 21 15 2 2 147 5 135 2 1 125 6 137 3 14 15 16 13 17 14 2 2 140 5 110 3 17 84 27 76 29 77 2 4 82 26 60 3 1 7 3 6 11 8 2 1 116 6 112 3 4 119 6 125 9 156 3 4 18 19 16 21 16 2 5 3 21 4 2 24 134 29 146 2 4 102 8 91 3 1 48 12 45 20 43 2 24 173 29 137 2 6 50 17 63 2 2 104 5 155 2 7 85 27 99 2 4 77 26 79 3 4 121 9 170 18 142 3 10 56 14 77 20 54 2 12 52 29 52 2 4 168 25 172 2 10 13 11 15 3 13 94 15 87 28 119 3 11 203 14 230 27 213 2 1 105 13 114 2 1 97 16 113 3 7 111 18 93 22 124 3 19 12 26 13 29 12 3 4 18 19 20 21 14 3 9 129 13 125 30 133 2 2 124 5 114 3 4 32 22 37 28 35 2 20 198 21 196 3 1 165 4 210 23 202 2 4 35 28 31
39 2 1 149 6 149 3 4 18 19 19 21 15 2 2 147 5 135 2 1 125 6 137 3 14 15 16 13 17 14 2 2 140 5 110 3 17 84 27 76 29 77 2 4 82 26 60 3 1 7 3 6 11 8 2 1 116 6 112 3 4 119 6 125 9 156 3 4 18 19 16 21 16 2 5 3 21 4 2 24 134 29 146 2 4 102 8 91 3 1 48 12 45 20 43 2 24 173 29 137 2 6 50 17 63 2 2 104 5 155 2 7 85 27 99 2 4 77 26 79 3 4 121 9 170 18 142 3 10 56 14 77 20 54 2 12 52 29 52 2 4 168 25 172 2 10 13 11 15 3 13 94 15 87 28 119 3 11 203 14 230 27 213 2 1 105 13 114 2 1 97 16 113 3 7 111 18 93 22 124 3 19 12 26 13 29 12 3 4 18 19 20 21 14 3 9 129 13 125 30 133 2 2 124 5 114 3 4 32 22 37 28 35 2 20 198 21 196 3 1 165 4 210 23 202 2 4 35 28 31
39 2 1 149 6 149 3 4 18 19 19 21 15 2 2 147 5 135 2 1 125 6 137 3 14 15 16 13 17 14 2 2 140 5 110 3 17 84 27 76 29 77 2 4 82 26 60 3 1 7 3 6 11 8 2 1 116 6 112 3 4 119 6 125 9 156 3 4 18 19 16 21 16 2 5 3 21 4 2 24 134 29 146 2 4 102 8 91 3 1 48 12 45 20 43 2 24 173 29 137 2 6 50 17 63 2 2 104 5 155 2 7 85 27 99 2 4 77 26 79 3 4 121 9 170 18 142 3 10 56 14 77 20 54 2 12 52 29 52 2 4 168 25 172 2 10 13 11 15 3 13 94 15 87 28 119 3 11 203 14 230 27 213 2 1 105 13 114 2 1 97 16 113 3 7 111 18 93 22 124 3 19 12 26 13 29 12 3 4 18 19 20 21 14 3 9 129 13 125 30 133 2 2 124 5 114 3 4 32 22 37 28 35 2 20 198 21 196 3 1 165 4 210 23 202 2 4 35 28 31
38 2 1 131 6 124 2 2 116 5 111 3 1 6 3 6 11 7 3 4 44 22 40 28 44 3 1 6 3 6 11 6 3 4 150 6 141 9 128 2 5 3 21 3 2 6 50 17 63 2 24 160 29 126 2 7 83 27 85 2 1 79 13 115 2 4 84 8 79 3 10 70 14 66 20 69 2 10 18 11 16 2 4 93 8 86 2 4 208 25 209 3 4 108 6 125 9 113 2 12 62 29 67 2 4 171 25 162 3 4 168 9 117 18 145 3 1 6 3 8 11 6 3 1 48 12 44 20 50 3 14 12 16 16 17 16 3 11 217 14 164 27 192 2 4 60 26 66 3 14 12 16 13 17 13 2 1 124 16 97 3 13 103 15 105 28 83 3 17 84 27 64 29 81 2 4 29 28 33 3 1 6 3 5 11 7 3 7 94 18 128 22 98 3 19 15 26 16 29 14 3 4 19 19 21 21 14 2 1 155 6 112 2 20 152 21 146 3 9 137 13 146 30 176 3 1 214 4 192 23 161
33 2 1 133 6 111 2 6 61 17 71 2 4 79 8 82 2 6 54 17 66 2 2 125 5 109 2 1 114 16 96 2 12 56 29 65 3 1 8 3 6 11 8 3 4 14 19 19 21 15 3 19 14 26 13 29 12 3 4 158 6 110 9 108 2 5 3 21 4 2 7 96 27 94 3 4 37 22 33 28 34 2 6 52 17 71 3 17 64 27 85 29 88 2 1 118 16 86 3 4 173 9 126 18 144 2 1 84 13 94 3 10 68 14 70 20 73 2 4 216 25 218 2 10 14 11 15 3 1 38 12 45 20 39 3 14 15 16 15 17 11 2 4 73 26 65 2 20 140 21 189 3 1 173 4 216 23 178 3 13 118 15 100 28 95 2 4 31 28 34 3 7 119 18 100 22 118 2 24 144 29 127 3 11 175 14 191 27 223 3 9 150 13 158 30 126
33 2 1 133 6 111 2 6 61 17 71 2 4 79 8 82 2 6 54 17 66 2 2 125 5 109 2 1 114 16 96 2 12 56 29 65 3 1 8 3 6 11 8 3 4 14 19 19 21 15 3 19 14 26 13 29 12 3 4 158 6 110 9 108 2 5 3 21 4 2 7 96 27 94 3 4 37 22 33 28 34 2 6 52 17 71 3 17 64 27 85 29 88 2 1 118 16 86 3 4 173 9 126 18 144 2 1 84 13 94 3 10 68 14 70 20 73 2 4 216 25 218 2 10 14 11 15 3 1 38 12 45 20 39 3 14 15 16 15 17 11 2 4 73 26 65 2 20 140 21 189 3 1 173 4 216 23 178 3 13 118 15 100 28 95 2 4 31 28 34 3 7 119 18 100 22 118 2 24 144 29 127 3 11 175 14 191 27 223 3 9 150 13 158 30 126
34 2 1 127 6 155 2 2 116 5 127 3 1 7 3 6 11 5 3 4 153 6 108 9 157 3 7 125 18 125 22 124 2 4 82 8 103 2 5 4 21 4 2 6 68 17 72 2 7 70 27 80 3 13 118 15 98 28 101 3 4 127 9 122 18 117 2 5 3 21 4 2 1 115 13 103 3 10 64 14 80 20 64 3 1 218 4 180 23 202 3 11 177 14 171 27 225 2 4 223 25 226 2 10 14 11 18 3 4 128 9 143 18 149 3 1 47 12 38 20 51 3 14 15 16 15 17 11 2 12 69 29 52 2 1 101 16 90 3 17 74 27 92 29 86 3 19 13 26 15 29 12 2 20 185 21 144 3 4 18 19 14 21 16 3 4 43 22 44 28 44 3 4 156 9 124 18 164 2 24 167 29 131 3 4 121 6 118 9 108 2 4 66 26 83 2 4 32 28 30 3 9 173 13 178 30 145
34 2 1 127 6 155 2 2 116 5 127 3 1 7 3 6 11 5 3 4 153 6 108 9 157 3 7 125 18 125 22 124 2 4 82 8 103 2 5 4 21 4 2 6 68 17 72 2 7 70 27 80 3 13 118 15 98 28 101 3 4 127 9 122 18 117 2 5 3 21 4 2 1 115 13 103 3 10 64 14 80 20 64 3 1 218 4 180 23 202 3 11 177 14 171 27 225 2 4 223 25 226 2 10 14 11 18 3 4 128 9 143 18 149 3 1 47 12 38 20 51 3 14 15 16 15 17 11 2 12 69 29 52 2 1 101 16 90 3 17 74 27 92 29 86 3 19 13 26 15 29 12 2 20 185 21 144 3 4 18 19 14 21 16 3 4 43 22 44 28 44 3 4 156 9 124 18 164 2 24 167 29 131 3 4 121 6 118 9 108 2 4 66 26 83 2 4 32 28 30 3 9 173 13 178 30 145
33 2 1 138 6 155 2 6 74 17 58 2 4 85 8 101 2 6 54 17 51 2 2 117 5 111 2 1 98 16 112 2 12 72 29 57 3 1 6 3 6 11 7 3 4 16 19 19 21 19 3 19 16 26 16 29 16 3 4 147 6 112 9 153 2 5 3 21 4 2 7 86 27 70 3 4 31 22 41 28 44 2 6 62 17 52 3 17 79 27 83 29 71 2 1 91 16 117 3 4 164 9 121 18 139 2 1 115 13 94 3 10 68 14 66 20 64 2 4 189 25 223 2 10 13 11 14 3 1 49 12 42 20 38 3 14 13 16 15 17 14 2 4 85 26 83 2 20 162 21 181 3 1 189 4 163 23 192 3 13 118 15 112 28 107 2 4 31 28 30 3 7 122 18 106 22 93 2 24 147 29 168 3 11 183 14 228 27 190 3 9 177 13 181 30 163
36 2 1 115 6 112 3 4 14 19 20 21 15 2 2 104 5 142 3 4 16 19 15 21 19 3 1 6 3 6 11 5 3 4 124 6 158 9 134 2 5 3 21 3 3 11 158 14 210 27 173 2 6 66 17 57 2 7 82 27 94 2 4 83 8 74 3 4 164 9 132 18 126 3 10 78 14 62 20 62 2 10 15 11 14 3 10 57 14 78 20 72 3 1 44 12 52 20 54 2 1 87 13 87 3 14 12 16 13 17 15 3 13 118 15 84 28 92 2 20 149 21 192 2 1 108 16 122 3 17 80 27 76 29 73 3 7 92 18 119 22 100 3 19 13 26 13 29 15 3 13 106 15 120 28 101 3 4 45 22 32 28 44 2 2 130 5 137 3 1 171 4 226 23 199 3 4 18 19 20 21 20 2 4 164 25 198 2 24 172 29 122 2 4 88 26 87 2 4 32 28 35 3 14 12 16 15 17 13 2 12 60 29 53 3 9 138 13 134 30 159
39 2 1 105 6 111 3 1 49 12 47 20 54 2 1 149 6 127 2 2 115 5 110 3 1 37 12 51 20 46 3 4 21 19 15 21 20 3 1 6 3 5 11 5 3 10 73 14 62 20 57 3 1 48 12 51 20 40 2 4 77 8 88 3 11 208 14 199 27 207 3 4 158 6 138 9 157 2 5 3 21 3 2 6 63 17 70 3 1 43 12 47 20 44 2 7 71 27 74 3 4 142 9 126 18 154 3 10 70 14 55 20 70 2 10 15 11 18 3 17 80 27 73 29 71 2 1 91 13 80 2 4 88 26 86 3 14 16 16 11 17 12 3 13 92 15 122 28 105 2 5 4 21 4 2 12 68 29 51 2 1 95 16 122 3 7 110 18 94 22 125 2 12 60 29 73 3 19 12 26 16 29 13 3 17 90 27 86 29 86 2 20 146 21 191 3 4 34 22 43 28 31 2 4 200 25 204 3 4 20 19 15 21 19 3 1 177 4 212 23 175 2 4 36 28 25 2 24 154 29 148 3 9 152 13 146 30 123
39 2 1 105 6 111 3 1 49 12 47 20 54 2 1 149 6 127 2 2 115 5 110 3 1 37 12 51 20 46 3 4 21 19 15 21 20 3 1 6 3 5 11 5 3 10 73 14 62 20 57 3 1 48 12 51 20 40 2 4 77 8 88 3 11 208 14 199 27 207 3 4 158 6 138 9 157 2 5 3 21 3 2 6 63 17 70 3 1 43 12 47 20 44 2 7 71 27 74 3 4 142 9 126 18 154 3 10 70 14 55 20 70 2 10 15 11 18 3 17 80 27 73 29 71 2 1 91 13 80 2 4 88 26 86 3 14 16 16 11 17 12 3 13 92 15 122 28 105 2 5 4 21 4 2 12 68 29 51 2 1 95 16 122 3 7 110 18 94 22 125 2 12 60 29 73 3 19 12 26 16 29 13 3 17 90 27 86 29 86 2 20 146 21 191 3 4 34 22 43 28 31 2 4 200 25 204 3 4 20 19 15 21 19 3 1 177 4 212 23 175 2 4 36 28 25 2 24 154 29 148 3 9 152 13 146 30 123
39 2 1 105 6 111 3 1 49 12 47 20 54 2 1 149 6 127 2 2 115 5 110 3 1 37 12 51 20 46 3 4 21 19 15 21 20 3 1 6 3 5 11 5 3 10 73 14 62 20 57 3 1 48 12 51 20 40 2 4 77 8 88 3 11 208 14 199 27 207 3 4 158 6 138 9 157 2 5 3 21 3 2 6 63 17 70 3 1 43 12 47 20 44 2 7 71 27 74 3 4 142 9 126 18 154 3 10 70 14 55 20 70 2 10 15 11 18 3 17 80 27 73 29 71 2 1 91 13 80 2 4 88 26 86 3 14 16 16 11 17 12 3 13 92 15 122 28 105 2 5 4 21 4 2 12 68 29 51 2 1 95 16 122 3 7 110 18 94 22 125 2 12 60 29 73 3 19 12 26 16 29 13 3 17 90 27 86 29 86 2 20 146 21 191 3 4 34 22 43 28 31 2 4 200 25 204 3 4 20 19 15 21 19 3 1 177 4 212 23 175 2 4 36 28 25 2 24 154 29 148 3 9 152 13 146 30 123
36 2 1 119 6 153 3 4 21 19 15 21 15 2 2 134 5 146 3 4 18 19 20 21 18 3 1 6 3 6 11 6 3 4 114 6 134 9 112 2 5 4 21 3 3 11 217 14 158 27 154 2 6 54 17 58 2 7 76 27 87 2 4 102 8 96 3 4 130 9 140 18 126 3 10 74 14 63 20 76 2 10 15 11 17 3 10 67 14 58 20 67 3 1 41 12 43 20 54 2 1 78 13 115 3 14 15 16 12 17 16 3 13 97 15 105 28 109 2 20 149 21 170 2 1 119 16 90 3 17 74 27 74 29 79 3 7 93 18 102 22 93 3 19 12 26 16 29 16 3 13 93 15 115 28 104 3 4 40 22 33 28 39 2 2 153 5 132 3 1 178 4 179 23 191 3 4 20 19 20 21 15 2 4 180 25 226 2 24 143 29 142 2 4 78 26 68 2 4 26 28 37 3 14 11 16 12 17 11 2 12 63 29 56 3 9 128 13 163 30 132
36 2 1 119 6 153 3 4 21 19 15 21 15 2 2 134 5 146 3 4 18 19 20 21 18 3 1 6 3 6 11 6 3 4 114 6 134 9 112 2 5 4 21 3 3 11 217 14 158 27 154 2 6 54 17 58 2 7 76 27 87 2 4 102 8 96 3 4 130 9 140 18 126 3 10 74 14 63 20 76 2 10 15 11 17 3 10 67 14 58 20 67 3 1 41 12 43 20 54 2 1 78 13 115 3 14 15 16 12 17 16 3 13 97 15 105 28 109 2 20 149 21 170 2 1 119 16 90 3 17 74 27 74 29 79 3 7 93 18 102 22 93 3 19 12 26 16 29 16 3 13 93 15 115 28 104 3 4 40 22 33 28 39 2 2 153 5 132 3 1 178 4 179 23 191 3 4 20 19 20 21 15 2 4 180 25 226 2 24 143 29 142 2 4 78 26 68 2 4 26 28 37 3 14 11 16 12 17 11 2 12 63 29 56 3 9 128 13 163 30 132
36 2 1 119 6 153 3 4 21 19 15 21 15 2 2 134 5 146 3 4 18 19 20 21 18 3 1 6 3 6 11 6 3 4 114 6 134 9 112 2 5 4 21 3 3 11 217 14 158 27 154 2 6 54 17 58 2 7 76 27 87 2 4 102 8 96 3 4 130 9 140 18 126 3 10 74 14 63 20 76 2 10 15 11 17 3 10 67 14 58 20 67 3 1 41 12 43 20 54 2 1 78 13 115 3 14 15 16 12 17 16 3 13 97 15 105 28 109 2 20 149 21 170 2 1 119 16 90 3 17 74 27 74 29 79 3 7 93 18 102 22 93 3 19 12 26 16 29 16 3 13 93 15 115 28 104 3 4 40 22 33 28 39 2 2 153 5 132 3 1 178 4 179 23 191 3 4 20 19 20 21 15 2 4 180 25 226 2 24 143 29 142 2 4 78 26 68 2 4 26 28 37 3 14 11 16 12 17 11 2 12 63 29 56 3 9 128 13 163 30 132
37 2 1 153 6 118 2 2 105 5 148 2 24 168 29 175 3 1 5 3 6 11 7 3 4 156 6 156 9 151 2 20 185 21 191 2 2 137 5 130 2 5 3 21 4 2 6 74 17 58 2 1 143 6 125 2 7 76 27 84 2 4 88 8 97 2 7 85 27 73 3 7 106 18 125 22 93 3 11 229 14 200 27 160 3 4 31 22 42 28 35 3 4 157 9 140 18 133 3 10 72 14 67 20 64 2 10 16 11 16 3 1 49 12 52 20 47 2 10 13 11 19 2 1 91 13 95 3 14 13 16 15 17 11 3 13 114 15 108 28 115 2 1 105 16 95 3 10 80 14 59 20 72 3 17 69 27 82 29 93 3 19 15 26 15 29 14 3 4 21 19 18 21 19 3 19 11 26 14 29 14 2 4 69 26 81 3 1 170 4 220 23 161 3 9 147 13 136 30 146 2 1 92 16 86 2 4 34 28 32 2 4 160 25 182 2 12 61 29 51
36 2 1 155 6 117 2 12 62 29 70 2 2 147 5 152 3 1 6 3 6 11 5 3 4 115 6 139 9 146 2 1 108 6 106 2 4 30 28 35 3 4 157 9 141 18 171 2 5 3 21 3 2 6 68 17 63 2 7 89 27 93 3 1 182 4 160 23 237 2 4 87 8 97 3 10 71 14 60 20 55 2 5 4 21 4 2 10 14 11 16 3 1 51 12 44 20 52 2 12 71 29 51 3 11 188 14 179 27 185 2 1 111 13 83 2 1 147 6 105 3 14 14 16 13 17 11 3 13 100 15 92 28 92 2 1 122 16 96 3 17 89 27 88 29 83 3 7 122 18 90 22 102 3 19 13 26 16 29 13 2 20 143 21 203 3 4 17 19 16 21 20 3 4 31 22 40 28 33 2 24 136 29 172 2 1 105 13 106 2 4 175 25 211 3 10 59 14 56 20 75 2 4 59 26 86 3 9 138 13 146 30 133
34 2 1 150 6 135 3 14 15 16 12 17 14 3 13 93 15 97 28 123 2 2 135 5 137 3 17 71 27 88 29 65 3 1 6 3 5 11 7 3 4 124 6 148 9 120 3 10 80 14 79 20 80 2 4 215 25 185 2 20 204 21 189 2 5 4 21 4 2 6 70 17 58 2 10 18 11 15 2 4 69 26 88 2 7 75 27 72 2 5 3 21 3 3 9 160 13 126 30 148 2 1 78 13 99 3 1 55 12 46 20 37 2 12 59 29 64 2 2 136 5 109 3 4 35 22 31 28 34 2 4 75 8 90 3 4 140 9 171 18 128 3 19 12 26 13 29 13 2 4 212 25 207 2 1 89 16 97 3 11 182 14 228 27 219 3 7 108 18 115 22 108 3 4 17 19 16 21 16 3 1 186 4 206 23 192 2 4 33 28 31 3 17 65 27 88 29 94 2 24 172 29 130
34 2 1 150 6 135 3 14 15 16 12 17 14 3 13 93 15 97 28 123 2 2 135 5 137 3 17 71 27 88 29 65 3 1 6 3 5 11 7 3 4 124 6 148 9 120 3 10 80 14 79 20 80 2 4 215 25 185 2 20 204 21 189 2 5 4 21 4 2 6 70 17 58 2 10 18 11 15 2 4 69 26 88 2 7 75 27 72 2 5 3 21 3 3 9 160 13 126 30 148 2 1 78 13 99 3 1 55 12 46 20 37 2 12 59 29 64 2 2 136 5 109 3 4 35 22 31 28 34 2 4 75 8 90 3 4 140 9 171 18 128 3 19 12 26 13 29 13 2 4 212 25 207 2 1 89 16 97 3 11 182 14 228 27 219 3 7 108 18 115 22 108 3 4 17 19 16 21 16 3 1 186 4 206 23 192 2 4 33 28 31 3 17 65 27 88 29 94 2 24 172 29 130
34 2 1 142 6 154 2 2 113 5 150 3 1 8 3 6 11 7 3 4 116 6 144 9 151 3 7 112 18 130 22 129 2 4 91 8 90 2 5 4 21 3 2 6 54 17 72 2 7 81 27 76 3 13 85 15 99 28 117 3 4 166 9 162 18 155 2 5 3 21 4 2 1 110 13 88 3 10 63 14 64 20 66 3 1 172 4 174 23 218 3 11 192 14 174 27 157 2 4 227 25 218 2 10 13 11 14 3 4 165 9 165 18 130 3 1 39 12 44 20 45 3 14 12 16 13 17 16 2 12 61 29 57 2 1 84 16 84 3 17 95 27 89 29 89 3 19 14 26 12 29 16 2 20 147 21 201 3 4 19 19 18 21 20 3 4 37 22 45 28 41 3 4 125 9 143 18 124 2 24 144 29 156 3 4 131 6 121 9 119 2 4 75 26 79 2 4 29 28 25 3 9 132 13 128 30 176
37 2 1 109 6 104 2 2 154 5 144 3 1 6 3 7 11 7 3 4 146 6 158 9 159 2 5 4 21 4 2 6 67 17 62 2 7 82 27 79 2 1 92 13 83 2 7 79 27 93 2 4 71 8 82 3 4 137 9 168 18 169 3 10 77 14 80 20 76 2 10 16 11 16 2 4 74 8 88 3 1 42 12 52 20 40 3 4 110 6 122 9 107 3 14 11 16 11 17 11 3 13 88 15 84 28 94 3 4 164 9 157 18 157 2 1 89 16 108 3 17 93 27 94 29 87 3 7 128 18 106 22 123 3 19 15 26 16 29 13 2 20 160 21 173 3 17 82 27 74 29 81 3 1 214 4 171 23 184 3 11 212 14 209 27 222 2 4 189 25 184 3 4 129 6 140 9 124 2 12 51 29 51 2 10 18 11 15 3 9 161 13 135 30 139 2 4 68 26 59 3 4 17 19 17 21 18 3 4 39 22 34 28 34 2 24 144 29 128 2 4 28 28 26
36 2 1 144 6 148 2 12 57 29 52 2 2 109 5 138 3 1 7 3 5 11 7 3 4 139 6 156 9 109 2 1 138 6 118 2 4 34 28 25 3 4 143 9 154 18 136 2 5 4 21 3 2 6 65 17 70 2 7 95 27 91 3 1 208 4 168 23 179 2 4 72 8 96 3 10 59 14 69 20 63 2 5 3 21 4 2 10 13 11 15 3 1 54 12 40 20 41 2 12 64 29 52 3 11 221 14 209 27 169 2 1 105 13 100 2 1 147 6 141 3 14 16 16 14 17 15 3 13 111 15 95 28 102 2 1 113 16 106 3 17 86 27 84 29 94 3 7 129 18 102 22 104 3 19 16 26 11 29 11 2 20 201 21 163 3 4 21 19 21 21 20 3 4 45 22 34 28 39 2 24 158 29 125 2 1 102 13 107 2 4 211 25 199 3 10 70 14 66 20 67 2 4 75 26 64 3 9 175 13 177 30 179
38 3 7 105 18 98 22 122 2 1 139 6 111 3 7 110 18 123 22 126 2 6 51 17 65 3 7 109 18 100 22 104 2 2 133 5 110 2 1 137 6 121 3 1 7 3 7 11 8 3 4 140 6 136 9 121 2 5 3 21 4 2 7 72 27 97 2 1 122 6 131 2 4 89 8 88 3 4 144 9 172 18 169 3 10 72 14 76 20 65 2 1 99 13 95 3 11 168 14 205 27 201 2 10 17 11 15 2 6 58 17 60 2 24 156 29 141 3 1 54 12 44 20 52 3 14 16 16 15 17 12 2 1 113 16 84 2 1 84 13 108 3 13 118 15 101 28 121 3 17 93 27 67 29 89 3 19 13 26 12 29 14 2 12 51 29 56 3 11 217 14 160 27 198 2 20 162 21 160 3 4 16 19 18 21 20 2 4 34 28 33 3 4 32 22 37 28 40 3 1 165 4 170 23 174 2 4 86 26 88 3 19 16 26 12 29 16 2 4 226 25 165 3 9 137 13 163 30 164
34 2 1 128 6 125 3 14 12 16 11 17 14 3 13 118 15 116 28 101 2 2 130 5 149 3 17 69 27 70 29 94 3 1 5 3 6 11 5 3 4 130 6 136 9 110 3 10 81 14 74 20 72 2 4 201 25 221 2 20 149 21 172 2 5 4 21 4 2 6 50 17 52 2 10 16 11 17 2 4 85 26 61 2 7 80 27 104 2 5 3 21 4 3 9 159 13 156 30 171 2 1 84 13 110 3 1 40 12 48 20 41 2 12 56 29 70 2 2 130 5 138 3 4 41 22 43 28 44 2 4 104 8 85 3 4 154 9 136 18 157 3 19 12 26 16 29 16 2 4 180 25 229 2 1 103 16 106 3 11 204 14 178 27 170 3 7 104 18 112 22 108 3 4 18 19 16 21 17 3 1 221 4 195 23 208 2 4 29 28 32 3 17 93 27 81 29 89 2 24 152 29 167
34 2 1 106 6 115 2 2 145 5 150 3 1 6 3 6 11 5 3 4 131 6 123 9 119 3 7 109 18 111 22 129 2 4 104 8 86 2 5 4 21 3 2 6 52 17 64 2 7 82 27 74 3 13 107 15 89 28 91 3 4 121 9 159 18 156 2 5 3 21 3 2 1 109 13 98 3 10 71 14 77 20 70 3 1 189 4 233 23 209 3 11 166 14 207 27 222 2 4 225 25 167 2 10 18 11 15 3 4 158 9 131 18 156 3 1 39 12 51 20 44 3 14 16 16 14 17 13 2 12 69 29 68 2 1 99 16 100 3 17 84 27 65 29 74 3 19 14 26 12 29 16 2 20 185 21 178 3 4 14 19 16 21 17 3 4 43 22 36 28 38 3 4 121 9 165 18 157 2 24 159 29 154 3 4 141 6 159 9 153 2 4 61 26 79 2 4 26 28 36 3 9 152 13 139 30 168
34 2 1 106 6 115 2 2 145 5 150 3 1 6 3 6 11 5 3 4 131 6 123 9 119 3 7 109 18 111 22 129 2 4 104 8 86 2 5 4 21 3 2 6 52 17 64 2 7 82 27 74 3 13 107 15 89 28 91 3 4 121 9 159 18 156 2 5 3 21 3 2 1 109 13 98 3 10 71 14 77 20 70 3 1 189 4 233 23 209 3 11 166 14 207 27 222 2 4 225 25 167 2 10 18 11 15 3 4 158 9 131 18 156 3 1 39 12 51 20 44 3 14 16 16 14 17 13 2 12 69 29 68 2 1 99 16 100 3 17 84 27 65 29 74 3 19 14 26 12 29 16 2 20 185 21 178 3 4 14 19 16 21 17 3 4 43 22 36 28 38 3 4 121 9 165 18 157 2 24 159 29 154 3 4 141 6 159 9 153 2 4 61 26 79 2 4 26 28 36 3 9 152 13 139 30 168
37 2 1 123 6 142 2 2 107 5 133 3 1 8 3 5 11 8 3 4 151 6 116 9 119 2 5 3 21 4 2 6 73 17 52 2 7 94 27 72 2 1 105 13 84 2 7 102 27 89 2 4 77 8 85 3 4 169 9 136 18 173 3 10 68 14 74 20 79 2 10 13 11 14 2 4 86 8 74 3 1 50 12 41 20 46 3 4 141 6 111 9 122 3 14 14 16 13 17 16 3 13 96 15 104 28 97 3 4 130 9 133 18 160 2 1 98 16 90 3 17 71 27 87 29 79 3 7 129 18 109 22 128 3 19 15 26 15 29 15 2 20 193 21 201 3 17 79 27 85 29 80 3 1 212 4 215 23 185 3 11 210 14 198 27 194 2 4 175 25 197 3 4 140 6 143 9 129 2 12 61 29 62 2 10 15 11 14 3 9 138 13 164 30 136 2 4 75 26 60 3 4 18 19 19 21 16 3 4 43 22 40 28 43 2 24 154 29 142 2 4 36 28 32
34 2 1 119 6 133 2 2 117 5 147 3 1 7 3 6 11 6 3 4 121 6 153 9 157 3 7 91 18 108 22 111 2 4 89 8 83 2 5 3 21 4 2 6 59 17 71 2 7 102 27 91 3 13 116 15 110 28 106 3 4 162 9 129 18 133 2 5 3 21 4 2 1 109 13 84 3 10 77 14 60 20 58 3 1 199 4 200 23 170 3 11 223 14 155 27 195 2 4 203 25 202 2 10 14 11 14 3 4 118 9 119 18 140 3 1 50 12 53 20 53 3 14 15 16 15 17 13 2 12 62 29 70 2 1 105 16 116 3 17 82 27 90 29 83 3 19 13 26 16 29 11 2 20 154 21 152 3 4 14 19 20 21 17 3 4 39 22 37 28 32 3 4 126 9 117 18 151 2 24 154 29 129 3 4 139 6 109 9 153 2 4 65 26 75 2 4 34 28 28 3 9 179 13 157 30 128
34 2 1 119 6 133 2 2 117 5 147 3 1 7 3 6 11 6 3 4 121 6 153 9 157 3 7 91 18 108 22 111 2 4 89 8 83 2 5 3 21 4 2 6 59 17 71 2 7 102 27 91 3 13 116 15 110 28 106 3 4 162 9 129 18 133 2 5 3 21 4 2 1 109 13 84 3 10 77 14 60 20 58 3 1 199 4 200 23 170 3 11 223 14 155 27 195 2 4 203 25 202 2 10 14 11 14 3 4 118 9 119 18 140 3 1 50 12 53 20 53 3 14 15 16 15 17 13 2 12 62 29 70 2 1 105 16 116 3 17 82 27 90 29 83 3 19 13 26 16 29 11 2 20 154 21 152 3 4 14 19 20 21 17 3 4 39 22 37 28 32 3 4 126 9 117 18 151 2 24 154 29 129 3 4 139 6 109 9 153 2 4 65 26 75 2 4 34 28 28 3 9 179 13 157 30 128
36 2 1 114 6 119 2 12 61 29 56 2 24 173 29 145 2 1 99 13 86 2 1 148 6 141 3 13 91 15 106 28 117 2 2 116 5 109 3 1 5 3 8 11 7 3 14 16 16 11 17 14 3 4 144 6 121 9 142 2 10 15 11 15 3 19 16 26 11 29 13 2 12 64 29 65 3 10 69 14 65 20 80 2 5 3 21 4 3 1 202 4 160 23 208 2 6 73 17 63 2 7 77 27 80 2 4 102 8 72 2 4 193 25 189 3 4 161 9 135 18 126 3 1 42 12 52 20 42 2 10 18 11 18 2 1 109 16 118 2 1 117 6 114 3 17 84 27 79 29 77 2 4 62 26 76 3 7 129 18 106 22 127 2 12 65 29 62 2 20 206 21 164 3 4 16 19 20 21 14 3 4 32 22 45 28 33 3 11 186 14 228 27 217 2 4 33 28 28 2 1 90 13 104 3 9 130 13 132 30 123
37 2 1 142 6 154 2 2 123 5 128 2 24 128 29 132 3 1 5 3 6 11 6 3 4 142 6 157 9 112 2 20 148 21 184 2 2 145 5 126 2 5 4 21 4 2 6 52 17 52 2 1 111 6 111 2 7 82 27 83 2 4 85 8 100 2 7 84 27 71 3 7 88 18 101 22 100 3 11 196 14 229 27 224 3 4 35 22 41 28 37 3 4 128 9 148 18 124 3 10 55 14 66 20 80 2 10 15 11 17 3 1 55 12 52 20 51 2 10 16 11 16 2 1 101 13 111 3 14 16 16 16 17 15 3 13 120 15 114 28 107 2 1 93 16 86 3 10 66 14 77 20 77 3 17 89 27 66 29 85 3 19 13 26 14 29 11 3 4 21 19 16 21 16 3 19 14 26 11 29 12 2 4 75 26 73 3 1 187 4 232 23 224 3 9 148 13 157 30 130 2 1 98 16 123 2 4 28 28 36 2 4 190 25 165 2 12 71 29 51
34 2 1 149 6 140 2 2 152 5 121 3 1 6 3 8 11 5 3 4 145 6 115 9 133 3 7 96 18 117 22 130 2 4 76 8 79 2 5 4 21 4 2 6 69 17 70 2 7 88 27 76 3 13 108 15 117 28 122 3 4 151 9 125 18 123 2 5 3 21 3 2 1 104 13 98 3 10 80 14 75 20 55 3 1 220 4 210 23 188 3 11 220 14 229 27 195 2 4 161 25 194 2 10 17 11 18 3 4 173 9 148 18 160 3 1 49 12 53 20 50 3 14 14 16 14 17 13 2 12 52 29 54 2 1 105 16 119 3 17 92 27 90 29 94 3 19 11 26 11 29 11 2 20 193 21 175 3 4 16 19 21 21 19 3 4 33 22 39 28 41 3 4 164 9 164 18 166 2 24 150 29 144 3 4 141 6 122 9 151 2 4 76 26 74 2 4 31 28 29 3 9 153 13 126 30 179
34 2 1 132 6 125 2 2 148 5 138 3 1 6 3 7 11 7 3 4 153 6 123 9 144 3 7 105 18 112 22 96 2 4 74 8 87 2 5 3 21 3 2 6 65 17 66 2 7 74 27 101 3 13 118 15 104 28 97 3 4 127 9 124 18 149 2 5 4 21 4 2 1 107 13 79 3 10 54 14 58 20 66 3 1 235 4 208 23 190 3 11 230 14 165 27 185 2 4 162 25 183 2 10 13 11 15 3 4 121 9 131 18 150 3 1 40 12 54 20 55 3 14 15 16 16 17 14 2 12 59 29 63 2 1 96 16 121 3 17 65 27 70 29 64 3 19 15 26 13 29 16 2 20 143 21 158 3 4 19 19 16 21 20 3 4 34 22 36 28 34 3 4 145 9 132 18 136 2 24 126 29 130 3 4 150 6 131 9 130 2 4 80 26 60 2 4 27 28 29 3 9 127 13 127 30 153
34 2 1 149 6 151 3 14 16 16 15 17 14 3 13 109 15 85 28 90 2 2 128 5 133 3 17 76 27 71 29 90 3 1 7 3 8 11 6 3 4 129 6 147 9 129 3 10 75 14 55 20 76 2 4 222 25 225 2 20 189 21 194 2 5 4 21 4 2 6 67 17 62 2 10 17 11 17 2 4 86 26 73 2 7 90 27 96 2 5 3 21 3 3 9 174 13 151 30 173 2 1 112 13 98 3 1 50 12 48 20 46 2 12 65 29 57 2 2 154 5 123 3 4 42 22 35 28 37 2 4 73 8 105 3 4 156 9 119 18 150 3 19 14 26 14 29 13 2 4 193 25 207 2 1 86 16 101 3 11 154 14 153 27 186 3 7 96 18 127 22 114 3 4 16 19 17 21 14 3 1 226 4 172 23 196 2 4 28 28 31 3 17 88 27 65 29 77 2 24 168 29 118
34 2 1 149 6 151 3 14 16 16 15 17 14 3 13 109 15 85 28 90 2 2 128 5 133 3 17 76 27 71 29 90 3 1 7 3 8 11 6 3 4 129 6 147 9 129 3 10 75 14 55 20 76 2 4 222 25 225 2 20 189 21 194 2 5 4 21 4 2 6 67 17 62 2 10 17 11 17 2 4 86 26 73 2 7 90 27 96 2 5 3 21 3 3 9 174 13 151 30 173 2 1 112 13 98 3 1 50 12 48 20 46 2 12 65 29 57 2 2 154 5 123 3 4 42 22 35 28 37 2 4 73 8 105 3 4 156 9 119 18 150 3 19 14 26 14 29 13 2 4 193 25 207 2 1 86 16 101 3 11 154 14 153 27 186 3 7 96 18 127 22 114 3 4 16 19 17 21 14 3 1 226 4 172 23 196 2 4 28 28 31 3 17 88 27 65 29 77 2 24 168 29 118
34 2 1 110 6 140 2 2 110 5 124 3 1 7 3 8 11 5 3 4 119 6 122 9 126 3 7 105 18 96 22 102 2 4 87 8 88 2 5 4 21 3 2 6 58 17 60 2 7 81 27 101 3 13 114 15 109 28 86 3 4 146 9 159 18 126 2 5 3 21 3 2 1 87 13 92 3 10 76 14 73 20 62 3 1 193 4 215 23 181 3 11 186 14 178 27 198 2 4 189 25 207 2 10 18 11 19 3 4 169 9 136 18 163 3 1 43 12 40 20 40 3 14 16 16 15 17 16 2 12 71 29 57 2 1 94 16 115 3 17 85 27 64 29 72 3 19 16 26 13 29 15 2 20 193 21 204 3 4 21 19 17 21 17 3 4 43 22 45 28 36 3 4 173 9 151 18 157 2 24 128 29 133 3 4 145 6 142 9 146 2 4 71 26 81 2 4 27 28 31 3 9 151 13 173 30 162
34 2 1 110 6 140 2 2 110 5 124 3 1 7 3 8 11 5 3 4 119 6 122 9 126 3 7 105 18 96 22 102 2 4 87 8 88 2 5 4 21 3 2 6 58 17 60 2 7 81 27 101 3 13 114 15 109 28 86 3 4 146 9 159 18 126 2 5 3 21 3 2 1 87 13 92 3 10 76 14 73 20 62 3 1 193 4 215 23 181 3 11 186 14 178 27 198 2 4 189 25 207 2 10 18 11 19 3 4 169 9 136 18 163 3 1 43 12 40 20 40 3 14 16 16 15 17 16 2 12 71 29 57 2 1 94 16 115 3 17 85 27 64 29 72 3 19 16 26 13 29 15 2 20 193 21 204 3 4 21 19 17 21 17 3 4 43 22 45 28 36 3 4 173 9 151 18 157 2 24 128 29 133 3 4 145 6 142 9 146 2 4 71 26 81 2 4 27 28 31 3 9 151 13 173 30 162
34 2 1 121 6 150 2 2 154 5 128 3 1 6 3 7 11 5 3 4 143 6 132 9 151 3 7 114 18 95 22 109 2 4 86 8 94 2 5 4 21 3 2 6 53 17 60 2 7 71 27 72 3 13 119 15 92 28 114 3 4 143 9 151 18 165 2 5 3 21 3 2 1 84 13 86 3 10 81 14 70 20 58 3 1 235 4 215 23 167 3 11 190 14 166 27 157 2 4 225 25 155 2 10 15 11 13 3 4 125 9 147 18 168 3 1 49 12 41 20 51 3 14 13 16 13 17 15 2 12 64 29 60 2 1 119 16 120 3 17 90 27 87 29 82 3 19 13 26 16 29 13 2 20 160 21 144 3 4 16 19 17 21 18 3 4 40 22 44 28 35 3 4 125 9 133 18 158 2 24 142 29 118 3 4 147 6 143 9 158 2 4 79 26 80 2 4 36 28 28 3 9 130 13 157 30 170
34 2 1 121 6 150 2 2 154 5 128 3 1 6 3 7 11 5 3 4 143 6 132 9 151 3 7 114 18 95 22 109 2 4 86 8 94 2 5 4 21 3 2 6 53 17 60 2 7 71 27 72 3 13 119 15 92 28 114 3 4 143 9 151 18 165 2 5 3 21 3 2 1 84 13 86 3 10 81 14 70 20 58 3 1 235 4 215 23 167 3 11 190 14 166 27 157 2 4 225 25 155 2 10 15 11 13 3 4 125 9 147 18 168 3 1 49 12 41 20 51 3 14 13 16 13 17 15 2 12 64 29 60 2 1 119 16 120 3 17 90 27 87 29 82 3 19 13 26 16 29 13 2 20 160 21 144 3 4 16 19 17 21 18 3 4 40 22 44 28 35 3 4 125 9 133 18 158 2 24 142 29 118 3 4 147 6 143 9 158 2 4 79 26 80 2 4 36 28 28 3 9 130 13 157 30 170
36 2 1 129 6 154 2 12 68 29 66 2 24 126 29 138 2 1 107 13 85 2 1 140 6 126 3 13 110 15 118 28 84 2 2 153 5 114 3 1 8 3 6 11 6 3 14 16 16 16 17 12 3 4 107 6 158 9 127 2 10 17 11 17 3 19 13 26 14 29 14 2 12 52 29 54 3 10 64 14 74 20 74 2 5 3 21 3 3 1 192 4 165 23 200 2 6 61 17 67 2 7 81 27 87 2 4 94 8 89 2 4 156 25 187 3 4 121 9 125 18 126 3 1 43 12 50 20 39 2 10 18 11 16 2 1 84 16 94 2 1 114 6 137 3 17 68 27 89 29 91 2 4 67 26 82 3 7 130 18 98 22 105 2 12 58 29 67 2 20 175 21 182 3 4 19 19 16 21 16 3 4 45 22 39 28 44 3 11 162 14 211 27 182 2 4 30 28 26 2 1 80 13 85 3 9 171 13 170 30 160
36 2 1 129 6 154 2 12 68 29 66 2 24 126 29 138 2 1 107 13 85 2 1 140 6 126 3 13 110 15 118 28 84 2 2 153 5 114 3 1 8 3 6 11 6 3 14 16 16 16 17 12 3 4 107 6 158 9 127 2 10 17 11 17 3 19 13 26 14 29 14 2 12 52 29 54 3 10 64 14 74 20 74 2 5 3 21 3 3 1 192 4 165 23 200 2 6 61 17 67 2 7 81 27 87 2 4 94 8 89 2 4 156 25 187 3 4 121 9 125 18 126 3 1 43 12 50 20 39 2 10 18 11 16 2 1 84 16 94 2 1 114 6 137 3 17 68 27 89 29 91 2 4 67 26 82 3 7 130 18 98 22 105 2 12 58 29 67 2 20 175 21 182 3 4 19 19 16 21 16 3 4 45 22 39 28 44 3 11 162 14 211 27 182 2 4 30 28 26 2 1 80 13 85 3 9 171 13 170 30 160
34 2 1 104 6 146 3 14 14 16 11 17 12 3 13 124 15 111 28 101 2 2 140 5 137 3 17 66 27 68 29 71 3 1 7 3 6 11 8 3 4 159 6 108 9 129 3 10 64 14 75 20 77 2 4 170 25 208 2 20 183 21 205 2 5 3 21 4 2 6 68 17 51 2 10 17 11 17 2 4 87 26 72 2 7 93 27 103 2 5 4 21 3 3 9 177 13 160 30 179 2 1 92 13 104 3 1 44 12 54 20 41 2 12 55 29 62 2 2 108 5 154 3 4 41 22 31 28 39 2 4 84 8 83 3 4 135 9 166 18 142 3 19 16 26 11 29 15 2 4 193 25 203 2 1 92 16 98 3 11 221 14 174 27 198 3 7 118 18 124 22 111 3 4 16 19 15 21 18 3 1 216 4 186 23 204 2 4 29 28 34 3 17 74 27 81 29 78 2 24 175 29 158
DUE_DATES: 3783 3783 4144 4373 4373 3718 3718 4415 4415 4415 3905 3532 3532 3882 3882 3649 3677 3893 3893 3893 3661 3661 3661 3998 3916 3864 3864 3856 4092 4006 4324 3899 3899 3899 4165 3804 3804 3908 3958 3966 3710 3899 3899 3854 3854 3828 3828 3843 3843 3914
WEIGHTS: 3 1 2 1 3 1 1 2 2 3 3 2 1 3 2 1 1 2 2 1 2 2 2 1 1 1 3 1 2 2 3 3 2 2 2 1 3 3 1 2 2 3 3 1 1 3 2 3 2 1
