50 30
35 2 6 154 12 110 3 1 146 7 164 8 138 2 2 27 26 22 3 9 78 13 75 17 106 3 1 173 7 165 8 151 2 14 162 24 132 3 3 20 10 18 21 19 2 6 147 12 146 3 7 126 19 108 24 117 3 8 26 9 30 30 22 2 4 107 22 81 2 8 99 30 101 2 14 135 24 165 2 5 26 26 27 2 3 128 8 118 3 6 35 22 38 26 38 2 6 103 7 103 3 1 105 2 155 26 118 2 7 223 23 202 3 22 123 25 139 28 132 4 12 227 18 216 20 194 26 223 3 8 162 10 141 13 170 1 11 125 2 13 47 16 42 2 15 140 18 140 3 1 148 6 141 16 152 2 18 62 20 53 4 12 222 18 183 20 195 26 160 2 14 24 28 23 2 13 37 16 37 2 6 39 21 34 3 2 166 8 200 29 174 3 18 113 22 111 24 153 2 9 86 24 77 3 3 92 16 95 27 94
35 2 6 154 12 110 3 1 146 7 164 8 138 2 2 27 26 22 3 9 78 13 75 17 106 3 1 173 7 165 8 151 2 14 162 24 132 3 3 20 10 18 21 19 2 6 147 12 146 3 7 126 19 108 24 117 3 8 26 9 30 30 22 2 4 107 22 81 2 8 99 30 101 2 14 135 24 165 2 5 26 26 27 2 3 128 8 118 3 6 35 22 38 26 38 2 6 103 7 103 3 1 105 2 155 26 118 2 7 223 23 202 3 22 123 25 139 28 132 4 12 227 18 216 20 194 26 223 3 8 162 10 141 13 170 1 11 125 2 13 47 16 42 2 15 140 18 140 3 1 148 6 141 16 152 2 18 62 20 53 4 12 222 18 183 20 195 26 160 2 14 24 28 23 2 13 37 16 37 2 6 39 21 34 3 2 166 8 200 29 174 3 18 113 22 111 24 153 2 9 86 24 77 3 3 92 16 95 27 94
35 2 6 154 12 110 3 1 146 7 164 8 138 2 2 27 26 22 3 9 78 13 75 17 106 3 1 173 7 165 8 151 2 14 162 24 132 3 3 20 10 18 21 19 2 6 147 12 146 3 7 126 19 108 24 117 3 8 26 9 30 30 22 2 4 107 22 81 2 8 99 30 101 2 14 135 24 165 2 5 26 26 27 2 3 128 8 118 3 6 35 22 38 26 38 2 6 103 7 103 3 1 105 2 155 26 118 2 7 223 23 202 3 22 123 25 139 28 132 4 12 227 18 216 20 194 26 223 3 8 162 10 141 13 170 1 11 125 2 13 47 16 42 2 15 140 18 140 3 1 148 6 141 16 152 2 18 62 20 53 4 12 222 18 183 20 195 26 160 2 14 24 28 23 2 13 37 16 37 2 6 39 21 34 3 2 166 8 200 29 174 3 18 113 22 111 24 153 2 9 86 24 77 3 3 92 16 95 27 94
39 3 1 158 7 175 8 190 2 2 27 26 25 2 4 92 22 110 3 3 15 10 19 21 14 2 2 20 26 20 2 5 36 26 25 3 22 137 25 134 28 127 3 3 18 10 19 21 15 3 18 121 22 121 24 136 3 6 39 22 44 26 38 2 4 101 22 116 2 6 29 21 38 2 6 79 7 91 3 6 37 22 38 26 33 2 3 104 8 98 2 14 151 24 190 3 8 28 9 27 30 26 3 8 146 10 165 13 165 1 11 126 3 3 78 16 77 27 92 3 9 106 13 85 17 87 3 2 182 8 151 29 178 2 8 101 30 108 2 6 108 12 148 2 13 43 16 37 3 22 164 25 126 28 173 3 1 119 2 117 26 134 2 4 94 22 115 2 15 187 18 148 3 1 126 6 137 16 127 2 8 96 30 97 2 7 179 23 178 4 12 199 18 235 20 184 26 170 2 6 79 7 92 2 18 49 20 54 3 3 15 10 20 21 18 3 7 96 19 110 24 103 2 9 85 24 84 2 14 20 28 28
39 3 1 158 7 175 8 190 2 2 27 26 25 2 4 92 22 110 3 3 15 10 19 21 14 2 2 20 26 20 2 5 36 26 25 3 22 137 25 134 28 127 3 3 18 10 19 21 15 3 18 121 22 121 24 136 3 6 39 22 44 26 38 2 4 101 22 116 2 6 29 21 38 2 6 79 7 91 3 6 37 22 38 26 33 2 3 104 8 98 2 14 151 24 190 3 8 28 9 27 30 26 3 8 146 10 165 13 165 1 11 126 3 3 78 16 77 27 92 3 9 106 13 85 17 87 3 2 182 8 151 29 178 2 8 101 30 108 2 6 108 12 148 2 13 43 16 37 3 22 164 25 126 28 173 3 1 119 2 117 26 134 2 4 94 22 115 2 15 187 18 148 3 1 126 6 137 16 127 2 8 96 30 97 2 7 179 23 178 4 12 199 18 235 20 184 26 170 2 6 79 7 92 2 18 49 20 54 3 3 15 10 20 21 18 3 7 96 19 110 24 103 2 9 85 24 84 2 14 20 28 28
39 3 1 158 7 175 8 190 2 2 27 26 25 2 4 92 22 110 3 3 15 10 19 21 14 2 2 20 26 20 2 5 36 26 25 3 22 137 25 134 28 127 3 3 18 10 19 21 15 3 18 121 22 121 24 136 3 6 39 22 44 26 38 2 4 101 22 116 2 6 29 21 38 2 6 79 7 91 3 6 37 22 38 26 33 2 3 104 8 98 2 14 151 24 190 3 8 28 9 27 30 26 3 8 146 10 165 13 165 1 11 126 3 3 78 16 77 27 92 3 9 106 13 85 17 87 3 2 182 8 151 29 178 2 8 101 30 108 2 6 108 12 148 2 13 43 16 37 3 22 164 25 126 28 173 3 1 119 2 117 26 134 2 4 94 22 115 2 15 187 18 148 3 1 126 6 137 16 127 2 8 96 30 97 2 7 179 23 178 4 12 199 18 235 20 184 26 170 2 6 79 7 92 2 18 49 20 54 3 3 15 10 20 21 18 3 7 96 19 110 24 103 2 9 85 24 84 2 14 20 28 28
39 3 1 158 7 175 8 190 2 2 27 26 25 2 4 92 22 110 3 3 15 10 19 21 14 2 2 20 26 20 2 5 36 26 25 3 22 137 25 134 28 127 3 3 18 10 19 21 15 3 18 121 22 121 24 136 3 6 39 22 44 26 38 2 4 101 22 116 2 6 29 21 38 2 6 79 7 91 3 6 37 22 38 26 33 2 3 104 8 98 2 14 151 24 190 3 8 28 9 27 30 26 3 8 146 10 165 13 165 1 11 126 3 3 78 16 77 27 92 3 9 106 13 85 17 87 3 2 182 8 151 29 178 2 8 101 30 108 2 6 108 12 148 2 13 43 16 37 3 22 164 25 126 28 173 3 1 119 2 117 26 134 2 4 94 22 115 2 15 187 18 148 3 1 126 6 137 16 127 2 8 96 30 97 2 7 179 23 178 4 12 199 18 235 20 184 26 170 2 6 79 7 92 2 18 49 20 54 3 3 15 10 20 21 18 3 7 96 19 110 24 103 2 9 85 24 84 2 14 20 28 28
34 3 1 138 7 182 8 204 3 3 77 16 85 27 80 2 2 21 26 19 2 13 50 16 48 4 12 167 18 186 20 171 26 227 1 11 138 2 5 34 26 33 2 2 20 26 21 3 3 15 10 18 21 18 2 14 142 24 170 3 2 199 8 166 29 162 2 4 99 22 104 3 3 90 16 99 27 78 2 14 28 28 24 2 3 95 8 130 2 18 47 20 52 3 6 36 22 37 26 33 2 7 196 23 219 2 6 108 7 99 3 8 23 9 25 30 26 3 1 143 6 122 16 172 2 2 21 26 27 3 8 165 10 133 13 132 3 9 98 13 88 17 82 3 3 96 16 95 27 89 2 6 142 12 150 3 7 128 19 93 24 118 2 15 145 18 163 2 6 37 21 32 3 18 141 22 111 24 138 2 9 95 24 83 3 22 169 25 121 28 137 3 1 105 2 129 26 112 2 8 83 30 101
39 3 1 169 7 196 8 175 2 2 21 26 26 2 4 83 22 86 3 3 18 10 15 21 16 2 2 22 26 24 2 5 35 26 37 3 22 168 25 180 28 171 3 3 15 10 21 21 16 3 18 153 22 152 24 155 3 6 36 22 41 26 40 2 4 93 22 99 2 6 26 21 30 2 6 89 7 74 3 6 41 22 38 26 42 2 3 121 8 122 2 14 187 24 184 3 8 24 9 25 30 28 3 8 175 10 142 13 176 1 11 136 3 3 95 16 77 27 76 3 9 75 13 103 17 90 3 2 184 8 211 29 152 2 8 79 30 95 2 6 126 12 151 2 13 40 16 51 3 22 145 25 166 28 177 3 1 155 2 106 26 155 2 4 110 22 88 2 15 142 18 181 3 1 141 6 145 16 117 2 8 105 30 89 2 7 167 23 167 4 12 214 18 231 20 203 26 185 2 6 101 7 105 2 18 47 20 48 3 3 18 10 17 21 17 3 7 96 19 109 24 134 2 9 65 24 65 2 14 22 28 25
35 3 1 194 7 142 8 153 2 2 25 26 25 3 3 17 10 16 21 14 2 4 99 22 96 2 5 35 26 27 2 6 140 12 141 2 15 163 18 186 2 6 27 21 36 2 6 119 12 147 3 6 41 22 32 26 37 4 12 203 18 222 20 211 26 220 2 6 88 7 94 2 18 51 20 51 2 8 76 30 92 2 3 97 8 128 1 11 138 3 8 26 9 28 30 29 3 8 139 10 153 13 160 2 13 51 16 44 2 14 187 24 196 3 3 102 16 88 27 82 3 1 137 6 159 16 163 3 7 111 19 115 24 119 3 9 87 13 80 17 74 3 18 115 22 127 24 145 2 5 36 26 25 2 7 165 23 202 2 18 51 20 60 2 9 72 24 90 3 9 98 13 102 17 107 3 22 140 25 128 28 170 2 6 76 7 102 3 1 115 2 117 26 119 2 14 26 28 28 3 2 206 8 188 29 170
35 3 1 194 7 142 8 153 2 2 25 26 25 3 3 17 10 16 21 14 2 4 99 22 96 2 5 35 26 27 2 6 140 12 141 2 15 163 18 186 2 6 27 21 36 2 6 119 12 147 3 6 41 22 32 26 37 4 12 203 18 222 20 211 26 220 2 6 88 7 94 2 18 51 20 51 2 8 76 30 92 2 3 97 8 128 1 11 138 3 8 26 9 28 30 29 3 8 139 10 153 13 160 2 13 51 16 44 2 14 187 24 196 3 3 102 16 88 27 82 3 1 137 6 159 16 163 3 7 111 19 115 24 119 3 9 87 13 80 17 74 3 18 115 22 127 24 145 2 5 36 26 25 2 7 165 23 202 2 18 51 20 60 2 9 72 24 90 3 9 98 13 102 17 107 3 22 140 25 128 28 170 2 6 76 7 102 3 1 115 2 117 26 119 2 14 26 28 28 3 2 206 8 188 29 170
35 3 1 148 7 188 8 140 2 2 26 26 23 3 3 18 10 17 21 15 2 4 118 22 91 2 5 32 26 31 2 6 131 12 110 2 15 177 18 189 2 6 26 21 29 2 6 120 12 133 3 6 40 22 40 26 40 4 12 157 18 173 20 198 26 194 2 6 95 7 102 2 18 52 20 43 2 8 105 30 90 2 3 98 8 130 1 11 128 3 8 23 9 31 30 24 3 8 179 10 147 13 190 2 13 46 16 48 2 14 132 24 157 3 3 92 16 102 27 76 3 1 165 6 153 16 129 3 7 114 19 119 24 90 3 9 91 13 90 17 97 3 18 146 22 151 24 145 2 5 25 26 25 2 7 221 23 186 2 18 53 20 64 2 9 71 24 80 3 9 87 13 73 17 72 3 22 122 25 148 28 130 2 6 83 7 101 3 1 107 2 136 26 113 2 14 28 28 26 3 2 148 8 206 29 143
39 3 1 148 7 139 8 165 2 6 128 12 111 3 1 161 7 180 8 162 2 15 163 18 171 3 1 121 2 146 26 109 2 2 24 26 23 3 3 15 10 17 21 20 1 11 142 2 6 150 12 129 2 4 109 22 96 3 1 179 7 187 8 179 2 5 32 26 34 3 1 161 7 177 8 203 3 6 38 22 34 26 41 3 1 155 2 115 26 142 2 6 88 7 77 3 3 21 10 14 21 17 2 3 128 8 109 3 8 182 10 150 13 157 3 8 24 9 31 30 23 2 18 43 20 44 3 9 88 13 72 17 83 3 3 77 16 97 27 72 2 13 44 16 39 2 14 134 24 184 3 3 78 16 74 27 86 3 1 157 6 138 16 129 2 6 117 12 132 4 12 228 18 234 20 178 26 167 3 7 98 19 111 24 123 2 6 35 21 28 1 11 111 3 2 165 8 213 29 180 3 18 138 22 161 24 141 2 7 220 23 220 2 9 68 24 85 3 22 139 25 141 28 157 2 8 95 30 85 2 14 28 28 29
39 3 1 148 7 139 8 165 2 6 128 12 111 3 1 161 7 180 8 162 2 15 163 18 171 3 1 121 2 146 26 109 2 2 24 26 23 3 3 15 10 17 21 20 1 11 142 2 6 150 12 129 2 4 109 22 96 3 1 179 7 187 8 179 2 5 32 26 34 3 1 161 7 177 8 203 3 6 38 22 34 26 41 3 1 155 2 115 26 142 2 6 88 7 77 3 3 21 10 14 21 17 2 3 128 8 109 3 8 182 10 150 13 157 3 8 24 9 31 30 23 2 18 43 20 44 3 9 88 13 72 17 83 3 3 77 16 97 27 72 2 13 44 16 39 2 14 134 24 184 3 3 78 16 74 27 86 3 1 157 6 138 16 129 2 6 117 12 132 4 12 228 18 234 20 178 26 167 3 7 98 19 111 24 123 2 6 35 21 28 1 11 111 3 2 165 8 213 29 180 3 18 138 22 161 24 141 2 7 220 23 220 2 9 68 24 85 3 22 139 25 141 28 157 2 8 95 30 85 2 14 28 28 29
39 3 1 172 7 174 8 190 2 2 20 26 19 2 6 81 7 85 2 2 20 26 21 3 3 19 10 17 21 15 2 2 19 26 26 2 4 106 22 100 2 5 31 26 27 2 18 46 20 58 3 6 35 22 43 26 40 2 5 30 26 31 3 1 140 6 122 16 120 2 3 97 8 101 4 12 193 18 191 20 204 26 171 3 8 25 9 23 30 24 2 3 112 8 111 2 14 22 28 22 3 8 153 10 157 13 139 2 8 79 30 110 3 1 120 6 124 16 149 1 11 113 3 2 183 8 173 29 148 2 6 124 12 118 2 3 102 8 119 2 13 54 16 40 2 14 148 24 193 2 9 69 24 65 2 15 159 18 156 3 9 78 13 99 17 72 3 7 127 19 102 24 95 3 8 157 10 142 13 154 2 6 34 21 33 3 7 113 19 125 24 113 3 18 110 22 125 24 129 2 7 153 23 168 3 3 102 16 74 27 77 3 22 139 25 153 28 126 2 13 43 16 43 3 1 134 2 130 26 135
39 3 1 172 7 174 8 190 2 2 20 26 19 2 6 81 7 85 2 2 20 26 21 3 3 19 10 17 21 15 2 2 19 26 26 2 4 106 22 100 2 5 31 26 27 2 18 46 20 58 3 6 35 22 43 26 40 2 5 30 26 31 3 1 140 6 122 16 120 2 3 97 8 101 4 12 193 18 191 20 204 26 171 3 8 25 9 23 30 24 2 3 112 8 111 2 14 22 28 22 3 8 153 10 157 13 139 2 8 79 30 110 3 1 120 6 124 16 149 1 11 113 3 2 183 8 173 29 148 2 6 124 12 118 2 3 102 8 119 2 13 54 16 40 2 14 148 24 193 2 9 69 24 65 2 15 159 18 156 3 9 78 13 99 17 72 3 7 127 19 102 24 95 3 8 157 10 142 13 154 2 6 34 21 33 3 7 113 19 125 24 113 3 18 110 22 125 24 129 2 7 153 23 168 3 3 102 16 74 27 77 3 22 139 25 153 28 126 2 13 43 16 43 3 1 134 2 130 26 135
39 3 1 148 7 151 8 147 2 2 26 26 22 2 4 87 22 102 3 3 15 10 20 21 14 2 2 21 26 21 2 5 36 26 32 3 22 154 25 179 28 143 3 3 21 10 20 21 18 3 18 143 22 146 24 159 3 6 45 22 34 26 38 2 4 99 22 106 2 6 31 21 27 2 6 93 7 87 3 6 40 22 44 26 36 2 3 128 8 94 2 14 135 24 184 3 8 24 9 25 30 29 3 8 155 10 148 13 156 1 11 129 3 3 75 16 88 27 96 3 9 81 13 88 17 100 3 2 194 8 166 29 184 2 8 81 30 88 2 6 144 12 132 2 13 37 16 52 3 22 171 25 179 28 171 3 1 128 2 132 26 123 2 4 119 22 97 2 15 148 18 141 3 1 131 6 165 16 131 2 8 97 30 106 2 7 167 23 210 4 12 235 18 159 20 234 26 162 2 6 97 7 93 2 18 54 20 62 3 3 19 10 20 21 19 3 7 103 19 120 24 91 2 9 78 24 84 2 14 25 28 29
35 3 1 172 7 186 8 149 2 2 19 26 27 3 3 15 10 15 21 15 2 4 103 22 96 3 1 155 6 131 16 118 2 2 27 26 25 1 11 126 2 5 30 26 27 3 1 160 7 188 8 177 3 6 33 22 39 26 35 2 6 82 7 84 2 7 219 23 172 2 3 92 8 118 3 8 31 9 24 30 31 3 8 156 10 130 13 158 2 6 119 12 130 2 13 44 16 46 2 14 173 24 153 2 15 142 18 179 3 3 71 16 91 27 96 3 22 177 25 169 28 132 3 9 95 13 80 17 105 2 6 128 12 146 4 12 196 18 234 20 187 26 186 3 7 128 19 130 24 93 2 18 53 20 45 2 6 32 21 27 3 2 164 8 188 29 173 3 3 14 10 14 21 19 3 18 114 22 163 24 157 3 1 137 2 105 26 125 2 9 83 24 70 2 8 93 30 85 3 1 173 6 117 16 125 2 14 27 28 28
35 3 1 172 7 186 8 149 2 2 19 26 27 3 3 15 10 15 21 15 2 4 103 22 96 3 1 155 6 131 16 118 2 2 27 26 25 1 11 126 2 5 30 26 27 3 1 160 7 188 8 177 3 6 33 22 39 26 35 2 6 82 7 84 2 7 219 23 172 2 3 92 8 118 3 8 31 9 24 30 31 3 8 156 10 130 13 158 2 6 119 12 130 2 13 44 16 46 2 14 173 24 153 2 15 142 18 179 3 3 71 16 91 27 96 3 22 177 25 169 28 132 3 9 95 13 80 17 105 2 6 128 12 146 4 12 196 18 234 20 187 26 186 3 7 128 19 130 24 93 2 18 53 20 45 2 6 32 21 27 3 2 164 8 188 29 173 3 3 14 10 14 21 19 3 18 114 22 163 24 157 3 1 137 2 105 26 125 2 9 83 24 70 2 8 93 30 85 3 1 173 6 117 16 125 2 14 27 28 28
35 3 1 172 7 186 8 149 2 2 19 26 27 3 3 15 10 15 21 15 2 4 103 22 96 3 1 155 6 131 16 118 2 2 27 26 25 1 11 126 2 5 30 26 27 3 1 160 7 188 8 177 3 6 33 22 39 26 35 2 6 82 7 84 2 7 219 23 172 2 3 92 8 118 3 8 31 9 24 30 31 3 8 156 10 130 13 158 2 6 119 12 130 2 13 44 16 46 2 14 173 24 153 2 15 142 18 179 3 3 71 16 91 27 96 3 22 177 25 169 28 132 3 9 95 13 80 17 105 2 6 128 12 146 4 12 196 18 234 20 187 26 186 3 7 128 19 130 24 93 2 18 53 20 45 2 6 32 21 27 3 2 164 8 188 29 173 3 3 14 10 14 21 19 3 18 114 22 163 24 157 3 1 137 2 105 26 125 2 9 83 24 70 2 8 93 30 85 3 1 173 6 117 16 125 2 14 27 28 28
35 3 1 172 7 186 8 149 2 2 19 26 27 3 3 15 10 15 21 15 2 4 103 22 96 3 1 155 6 131 16 118 2 2 27 26 25 1 11 126 2 5 30 26 27 3 1 160 7 188 8 177 3 6 33 22 39 26 35 2 6 82 7 84 2 7 219 23 172 2 3 92 8 118 3 8 31 9 24 30 31 3 8 156 10 130 13 158 2 6 119 12 130 2 13 44 16 46 2 14 173 24 153 2 15 142 18 179 3 3 71 16 91 27 96 3 22 177 25 169 28 132 3 9 95 13 80 17 105 2 6 128 12 146 4 12 196 18 234 20 187 26 186 3 7 128 19 130 24 93 2 18 53 20 45 2 6 32 21 27 3 2 164 8 188 29 173 3 3 14 10 14 21 19 3 18 114 22 163 24 157 3 1 137 2 105 26 125 2 9 83 24 70 2 8 93 30 85 3 1 173 6 117 16 125 2 14 27 28 28
35 3 1 194 7 153 8 198 2 2 22 26 22 3 3 14 10 17 21 15 2 4 104 22 87 3 1 125 6 163 16 149 2 2 19 26 21 1 11 148 2 5 28 26 34 3 1 202 7 142 8 154 3 6 41 22 38 26 31 2 6 101 7 75 2 7 163 23 225 2 3 135 8 101 3 8 23 9 32 30 24 3 8 146 10 140 13 157 2 6 128 12 130 2 13 51 16 55 2 14 140 24 175 2 15 192 18 161 3 3 81 16 74 27 103 3 22 136 25 140 28 164 3 9 76 13 81 17 82 2 6 147 12 120 4 12 158 18 223 20 189 26 217 3 7 95 19 127 24 119 2 18 58 20 46 2 6 32 21 26 3 2 170 8 187 29 172 3 3 21 10 18 21 16 3 18 151 22 144 24 130 3 1 134 2 128 26 111 2 9 72 24 68 2 8 90 30 109 3 1 166 6 148 16 132 2 14 23 28 25
35 3 1 194 7 153 8 198 2 2 22 26 22 3 3 14 10 17 21 15 2 4 104 22 87 3 1 125 6 163 16 149 2 2 19 26 21 1 11 148 2 5 28 26 34 3 1 202 7 142 8 154 3 6 41 22 38 26 31 2 6 101 7 75 2 7 163 23 225 2 3 135 8 101 3 8 23 9 32 30 24 3 8 146 10 140 13 157 2 6 128 12 130 2 13 51 16 55 2 14 140 24 175 2 15 192 18 161 3 3 81 16 74 27 103 3 22 136 25 140 28 164 3 9 76 13 81 17 82 2 6 147 12 120 4 12 158 18 223 20 189 26 217 3 7 95 19 127 24 119 2 18 58 20 46 2 6 32 21 26 3 2 170 8 187 29 172 3 3 21 10 18 21 16 3 18 151 22 144 24 130 3 1 134 2 128 26 111 2 9 72 24 68 2 8 90 30 109 3 1 166 6 148 16 132 2 14 23 28 25
35 3 1 194 7 153 8 198 2 2 22 26 22 3 3 14 10 17 21 15 2 4 104 22 87 3 1 125 6 163 16 149 2 2 19 26 21 1 11 148 2 5 28 26 34 3 1 202 7 142 8 154 3 6 41 22 38 26 31 2 6 101 7 75 2 7 163 23 225 2 3 135 8 101 3 8 23 9 32 30 24 3 8 146 10 140 13 157 2 6 128 12 130 2 13 51 16 55 2 14 140 24 175 2 15 192 18 161 3 3 81 16 74 27 103 3 22 136 25 140 28 164 3 9 76 13 81 17 82 2 6 147 12 120 4 12 158 18 223 20 189 26 217 3 7 95 19 127 24 119 2 18 58 20 46 2 6 32 21 26 3 2 170 8 187 29 172 3 3 21 10 18 21 16 3 18 151 22 144 24 130 3 1 134 2 128 26 111 2 9 72 24 68 2 8 90 30 109 3 1 166 6 148 16 132 2 14 23 28 25
35 3 1 194 7 153 8 198 2 2 22 26 22 3 3 14 10 17 21 15 2 4 104 22 87 3 1 125 6 163 16 149 2 2 19 26 21 1 11 148 2 5 28 26 34 3 1 202 7 142 8 154 3 6 41 22 38 26 31 2 6 101 7 75 2 7 163 23 225 2 3 135 8 101 3 8 23 9 32 30 24 3 8 146 10 140 13 157 2 6 128 12 130 2 13 51 16 55 2 14 140 24 175 2 15 192 18 161 3 3 81 16 74 27 103 3 22 136 25 140 28 164 3 9 76 13 81 17 82 2 6 147 12 120 4 12 158 18 223 20 189 26 217 3 7 95 19 127 24 119 2 18 58 20 46 2 6 32 21 26 3 2 170 8 187 29 172 3 3 21 10 18 21 16 3 18 151 22 144 24 130 3 1 134 2 128 26 111 2 9 72 24 68 2 8 90 30 109 3 1 166 6 148 16 132 2 14 23 28 25
37 3 3 82 16 99 27 75 3 1 199 7 202 8 172 2 3 123 8 131 3 1 162 7 153 8 160 2 4 98 22 85 2 2 24 26 21 2 8 99 30 83 2 3 133 8 102 3 3 20 10 21 21 18 2 8 106 30 77 3 1 111 2 149 26 140 2 5 35 26 34 3 8 33 9 32 30 33 3 6 40 22 43 26 44 2 13 47 16 55 3 3 89 16 76 27 86 3 2 200 8 163 29 190 2 6 99 7 106 3 8 146 10 190 13 180 2 6 34 21 35 1 11 122 3 3 102 16 94 27 102 2 6 152 12 110 2 14 26 28 29 2 14 134 24 177 2 15 195 18 155 3 1 158 6 173 16 142 3 9 73 13 97 17 79 2 9 95 24 79 4 12 233 18 196 20 183 26 165 3 7 115 19 101 24 117 2 5 26 26 29 2 18 47 20 45 3 18 157 22 124 24 146 2 4 96 22 91 2 7 185 23 192 3 22 178 25 125 28 171
37 3 3 82 16 99 27 75 3 1 199 7 202 8 172 2 3 123 8 131 3 1 162 7 153 8 160 2 4 98 22 85 2 2 24 26 21 2 8 99 30 83 2 3 133 8 102 3 3 20 10 21 21 18 2 8 106 30 77 3 1 111 2 149 26 140 2 5 35 26 34 3 8 33 9 32 30 33 3 6 40 22 43 26 44 2 13 47 16 55 3 3 89 16 76 27 86 3 2 200 8 163 29 190 2 6 99 7 106 3 8 146 10 190 13 180 2 6 34 21 35 1 11 122 3 3 102 16 94 27 102 2 6 152 12 110 2 14 26 28 29 2 14 134 24 177 2 15 195 18 155 3 1 158 6 173 16 142 3 9 73 13 97 17 79 2 9 95 24 79 4 12 233 18 196 20 183 26 165 3 7 115 19 101 24 117 2 5 26 26 29 2 18 47 20 45 3 18 157 22 124 24 146 2 4 96 22 91 2 7 185 23 192 3 22 178 25 125 28 171
36 3 1 145 7 154 8 203 2 2 28 26 20 2 4 94 22 105 2 13 50 16 39 3 3 15 10 15 21 21 2 3 125 8 102 2 9 79 24 85 2 5 33 26 36 3 6 44 22 31 26 31 3 1 108 2 147 26 105 2 6 110 7 81 3 7 126 19 114 24 90 3 8 28 9 27 30 29 3 8 188 10 147 13 153 3 3 17 10 15 21 16 2 6 112 12 145 2 3 104 8 111 3 18 156 22 121 24 128 2 5 34 26 25 4 12 185 18 184 20 210 26 179 1 11 126 2 14 170 24 192 2 6 38 21 27 2 7 200 23 204 4 12 223 18 214 20 206 26 186 2 15 143 18 196 2 18 53 20 52 3 1 132 6 131 16 134 2 9 89 24 90 3 22 153 25 126 28 137 3 9 79 13 89 17 97 3 3 98 16 93 27 100 2 8 76 30 75 3 2 163 8 178 29 191 3 1 134 2 113 26 110 2 14 25 28 27
32 3 8 171 10 160 13 171 3 1 201 7 166 8 157 2 2 22 26 23 2 14 146 24 143 3 3 18 10 19 21 18 2 14 20 28 26 2 4 94 22 109 3 1 125 2 132 26 110 2 5 29 26 33 3 8 33 9 29 30 27 3 6 37 22 39 26 38 3 18 121 22 131 24 141 2 6 110 7 91 3 1 157 6 137 16 121 2 9 81 24 76 2 3 93 8 106 1 11 118 2 6 38 21 28 3 3 20 10 19 21 17 2 18 47 20 50 3 2 162 8 186 29 154 2 6 133 12 115 2 13 51 16 54 2 6 100 7 88 2 7 184 23 195 2 15 198 18 194 3 9 101 13 77 17 101 4 12 225 18 203 20 169 26 178 3 7 102 19 99 24 105 3 22 152 25 155 28 170 3 3 98 16 92 27 72 2 8 75 30 95
32 3 8 171 10 160 13 171 3 1 201 7 166 8 157 2 2 22 26 23 2 14 146 24 143 3 3 18 10 19 21 18 2 14 20 28 26 2 4 94 22 109 3 1 125 2 132 26 110 2 5 29 26 33 3 8 33 9 29 30 27 3 6 37 22 39 26 38 3 18 121 22 131 24 141 2 6 110 7 91 3 1 157 6 137 16 121 2 9 81 24 76 2 3 93 8 106 1 11 118 2 6 38 21 28 3 3 20 10 19 21 17 2 18 47 20 50 3 2 162 8 186 29 154 2 6 133 12 115 2 13 51 16 54 2 6 100 7 88 2 7 184 23 195 2 15 198 18 194 3 9 101 13 77 17 101 4 12 225 18 203 20 169 26 178 3 7 102 19 99 24 105 3 22 152 25 155 28 170 3 3 98 16 92 27 72 2 8 75 30 95
36 3 1 150 7 188 8 154 2 2 24 26 28 2 4 105 22 109 2 13 38 16 51 3 3 17 10 21 21 21 2 3 98 8 124 2 9 68 24 69 2 5 26 26 35 3 6 37 22 33 26 43 3 1 119 2 144 26 128 2 6 107 7 90 3 7 105 19 101 24 129 3 8 33 9 31 30 24 3 8 185 10 181 13 179 3 3 16 10 15 21 14 2 6 153 12 148 2 3 124 8 96 3 18 139 22 130 24 142 2 5 25 26 27 4 12 206 18 209 20 171 26 207 1 11 133 2 14 153 24 144 2 6 30 21 32 2 7 197 23 192 4 12 232 18 208 20 222 26 228 2 15 195 18 194 2 18 55 20 56 3 1 136 6 140 16 136 2 9 79 24 85 3 22 127 25 151 28 176 3 9 81 13 81 17 93 3 3 100 16 69 27 73 2 8 75 30 85 3 2 156 8 151 29 206 3 1 104 2 129 26 129 2 14 24 28 23
35 3 1 148 7 177 8 165 2 2 26 26 19 3 3 16 10 15 21 20 2 4 82 22 95 2 5 33 26 29 2 6 136 12 123 2 15 151 18 179 2 6 30 21 37 2 6 132 12 132 3 6 44 22 39 26 43 4 12 205 18 158 20 168 26 173 2 6 87 7 77 2 18 61 20 55 2 8 99 30 78 2 3 121 8 104 1 11 148 3 8 25 9 28 30 30 3 8 144 10 164 13 179 2 13 43 16 54 2 14 135 24 144 3 3 82 16 75 27 89 3 1 124 6 122 16 170 3 7 133 19 115 24 115 3 9 98 13 88 17 107 3 18 149 22 154 24 155 2 5 34 26 34 2 7 201 23 190 2 18 51 20 53 2 9 85 24 94 3 9 105 13 77 17 82 3 22 137 25 160 28 143 2 6 106 7 102 3 1 141 2 118 26 151 2 14 29 28 25 3 2 169 8 212 29 184
35 3 1 164 7 148 8 175 2 2 19 26 22 3 3 15 10 18 21 19 2 4 110 22 118 3 1 121 6 148 16 148 2 2 19 26 20 1 11 128 2 5 32 26 27 3 1 162 7 192 8 174 3 6 33 22 40 26 36 2 6 109 7 84 2 7 190 23 155 2 3 100 8 96 3 8 22 9 31 30 31 3 8 173 10 180 13 191 2 6 117 12 150 2 13 53 16 47 2 14 173 24 157 2 15 149 18 154 3 3 102 16 75 27 83 3 22 121 25 134 28 150 3 9 107 13 96 17 90 2 6 131 12 126 4 12 163 18 221 20 207 26 189 3 7 128 19 117 24 96 2 18 44 20 47 2 6 27 21 27 3 2 193 8 150 29 150 3 3 14 10 16 21 16 3 18 147 22 121 24 133 3 1 124 2 110 26 111 2 9 79 24 92 2 8 96 30 75 3 1 140 6 162 16 127 2 14 29 28 25
35 3 1 164 7 148 8 175 2 2 19 26 22 3 3 15 10 18 21 19 2 4 110 22 118 3 1 121 6 148 16 148 2 2 19 26 20 1 11 128 2 5 32 26 27 3 1 162 7 192 8 174 3 6 33 22 40 26 36 2 6 109 7 84 2 7 190 23 155 2 3 100 8 96 3 8 22 9 31 30 31 3 8 173 10 180 13 191 2 6 117 12 150 2 13 53 16 47 2 14 173 24 157 2 15 149 18 154 3 3 102 16 75 27 83 3 22 121 25 134 28 150 3 9 107 13 96 17 90 2 6 131 12 126 4 12 163 18 221 20 207 26 189 3 7 128 19 117 24 96 2 18 44 20 47 2 6 27 21 27 3 2 193 8 150 29 150 3 3 14 10 16 21 16 3 18 147 22 121 24 133 3 1 124 2 110 26 111 2 9 79 24 92 2 8 96 30 75 3 1 140 6 162 16 127 2 14 29 28 25
37 3 8 33 9 32 30 26 3 1 178 7 156 8 164 3 2 175 8 211 29 208 3 8 28 9 28 30 32 2 2 20 26 21 3 2 196 8 170 29 152 2 4 120 22 112 3 3 15 10 15 21 15 3 2 178 8 144 29 160 4 12 182 18 219 20 189 26 200 2 5 33 26 36 3 1 187 7 178 8 175 3 6 36 22 33 26 32 3 3 80 16 75 27 75 2 6 77 7 89 2 3 127 8 90 3 8 184 10 135 13 148 2 3 94 8 124 2 18 54 20 44 3 7 114 19 100 24 95 2 2 24 26 28 1 11 130 3 8 133 10 175 13 180 2 14 194 24 186 2 6 134 12 121 2 13 37 16 53 2 15 162 18 197 3 22 167 25 142 28 126 3 1 149 2 106 26 152 3 1 124 6 144 16 168 3 9 101 13 87 17 89 2 14 27 28 22 2 6 36 21 36 3 18 124 22 140 24 158 2 9 79 24 84 2 7 183 23 178 2 8 94 30 77
32 3 1 139 7 161 8 163 2 8 91 30 111 3 1 191 7 183 8 170 2 2 19 26 22 3 3 14 10 17 21 15 2 4 84 22 106 3 8 160 10 157 13 138 2 5 28 26 25 2 14 144 24 164 3 6 31 22 38 26 36 2 6 75 7 97 2 3 118 8 96 3 2 195 8 174 29 148 2 18 43 20 53 3 7 129 19 107 24 92 3 8 25 9 26 30 26 2 9 69 24 68 3 18 162 22 162 24 155 3 1 133 6 167 16 119 2 4 96 22 97 1 11 116 3 9 100 13 88 17 84 2 6 131 12 145 3 22 122 25 143 28 129 2 13 50 16 49 2 15 161 18 152 4 12 195 18 169 20 188 26 168 2 14 28 28 27 2 6 35 21 27 2 7 168 23 225 3 1 110 2 105 26 141 3 3 87 16 86 27 84
32 3 1 139 7 161 8 163 2 8 91 30 111 3 1 191 7 183 8 170 2 2 19 26 22 3 3 14 10 17 21 15 2 4 84 22 106 3 8 160 10 157 13 138 2 5 28 26 25 2 14 144 24 164 3 6 31 22 38 26 36 2 6 75 7 97 2 3 118 8 96 3 2 195 8 174 29 148 2 18 43 20 53 3 7 129 19 107 24 92 3 8 25 9 26 30 26 2 9 69 24 68 3 18 162 22 162 24 155 3 1 133 6 167 16 119 2 4 96 22 97 1 11 116 3 9 100 13 88 17 84 2 6 131 12 145 3 22 122 25 143 28 129 2 13 50 16 49 2 15 161 18 152 4 12 195 18 169 20 188 26 168 2 14 28 28 27 2 6 35 21 27 2 7 168 23 225 3 1 110 2 105 26 141 3 3 87 16 86 27 84
35 2 14 24 28 27 3 7 116 19 101 24 104 2 14 28 28 28 3 1 170 7 183 8 163 2 2 21 26 26 2 8 86 30 94 3 3 16 10 19 21 18 2 4 88 22 102 2 5 31 26 29 3 3 20 10 18 21 17 3 6 38 22 44 26 41 3 22 152 25 155 28 158 2 6 133 12 109 2 18 55 20 54 2 6 83 7 94 2 3 133 8 129 3 8 25 9 33 30 27 3 8 145 10 168 13 165 1 11 139 3 1 113 2 154 26 126 3 22 148 25 149 28 178 2 13 38 16 48 2 14 190 24 191 2 15 189 18 175 2 6 101 7 91 3 1 134 6 143 16 122 3 9 82 13 74 17 101 4 12 202 18 231 20 167 26 175 2 6 34 21 30 2 2 19 26 22 3 2 195 8 189 29 211 3 18 143 22 149 24 111 2 9 91 24 76 2 7 187 23 158 3 3 75 16 75 27 91
35 3 1 184 7 146 8 179 2 2 26 26 24 3 1 201 7 145 8 184 3 3 15 10 19 21 20 3 9 90 13 90 17 105 2 18 49 20 59 2 4 84 22 110 2 5 30 26 32 3 9 103 13 84 17 100 1 11 137 3 6 33 22 40 26 37 3 1 163 7 197 8 193 2 6 93 7 84 2 3 101 8 123 2 15 177 18 140 3 22 137 25 150 28 125 2 5 27 26 26 3 18 111 22 134 24 136 3 7 128 19 108 24 103 3 8 27 9 24 30 29 3 8 144 10 167 13 164 2 6 144 12 137 2 13 48 16 42 2 14 176 24 154 3 1 117 6 120 16 172 2 6 34 21 34 2 14 26 28 26 4 12 218 18 161 20 216 26 165 2 7 171 23 206 2 8 79 30 88 2 7 178 23 187 2 9 94 24 69 3 1 125 2 108 26 119 3 3 69 16 101 27 88 3 2 164 8 142 29 155
37 3 1 188 7 138 8 204 2 2 20 26 22 3 1 179 7 165 8 188 2 9 65 24 65 2 14 181 24 136 3 3 15 10 16 21 20 2 4 90 22 105 2 15 182 18 171 3 8 31 9 30 30 31 3 8 174 10 158 13 154 3 8 28 9 29 30 30 2 5 35 26 27 3 6 39 22 36 26 34 2 6 79 7 100 3 6 35 22 44 26 45 2 3 114 8 123 1 11 137 3 6 30 22 40 26 37 2 8 110 30 83 2 6 106 12 149 2 14 23 28 22 3 2 157 8 201 29 187 2 13 54 16 49 2 18 57 20 43 2 7 220 23 192 3 1 156 6 151 16 159 2 6 137 12 105 4 12 172 18 218 20 179 26 164 3 9 94 13 78 17 104 3 7 128 19 108 24 115 2 6 32 21 34 4 12 167 18 211 20 176 26 177 3 18 162 22 146 24 136 3 22 167 25 128 28 139 2 14 174 24 139 3 3 99 16 81 27 79 3 1 130 2 130 26 148
34 3 1 154 7 164 8 194 2 2 23 26 22 3 3 15 10 16 21 20 3 18 130 22 142 24 138 2 4 115 22 100 2 5 29 26 32 2 7 205 23 159 3 6 36 22 35 26 36 3 22 139 25 163 28 151 2 6 74 7 93 2 5 33 26 26 2 3 94 8 106 3 3 16 10 18 21 18 3 8 23 9 29 30 22 3 22 136 25 130 28 145 3 8 163 10 132 13 187 2 9 75 24 77 3 7 127 19 103 24 102 1 11 134 2 6 119 12 147 2 13 53 16 43 3 1 159 6 140 16 143 2 14 146 24 181 2 15 200 18 153 3 9 97 13 95 17 97 1 11 129 4 12 204 18 179 20 182 26 197 3 2 207 8 144 29 193 2 18 47 20 51 2 6 32 21 36 3 1 111 2 113 26 151 3 3 96 16 73 27 72 2 14 20 28 21 2 8 90 30 87
37 3 8 29 9 30 30 26 3 1 196 7 162 8 200 3 2 188 8 197 29 204 3 8 30 9 25 30 22 2 2 20 26 26 3 2 194 8 178 29 181 2 4 95 22 120 3 3 16 10 18 21 14 3 2 199 8 181 29 174 4 12 187 18 173 20 222 26 228 2 5 28 26 33 3 1 188 7 187 8 160 3 6 38 22 33 26 35 3 3 98 16 95 27 80 2 6 74 7 102 2 3 108 8 105 3 8 148 10 173 13 177 2 3 132 8 103 2 18 46 20 45 3 7 107 19 127 24 95 2 2 27 26 23 1 11 104 3 8 135 10 164 13 161 2 14 155 24 173 2 6 136 12 147 2 13 51 16 53 2 15 172 18 145 3 22 140 25 166 28 169 3 1 105 2 143 26 143 3 1 164 6 145 16 147 3 9 92 13 89 17 93 2 14 22 28 21 2 6 34 21 26 3 18 130 22 147 24 164 2 9 82 24 78 2 7 218 23 186 2 8 100 30 93
37 3 1 194 7 199 8 204 2 6 106 12 145 2 2 24 26 24 3 3 15 10 14 21 18 2 5 31 26 34 2 4 112 22 98 3 6 31 22 34 26 33 2 6 108 7 75 3 1 136 2 121 26 115 2 6 37 21 33 2 3 90 8 96 2 5 37 26 31 2 18 57 20 60 3 8 22 9 24 30 25 3 8 190 10 133 13 135 1 11 139 2 13 39 16 40 2 14 167 24 175 4 12 167 18 224 20 168 26 165 2 5 26 26 27 2 15 157 18 145 3 1 140 6 142 16 137 2 3 116 8 119 3 9 101 13 94 17 80 3 7 105 19 100 24 116 3 18 112 22 138 24 140 2 2 27 26 23 2 7 210 23 155 2 9 68 24 79 3 1 166 7 158 8 150 2 14 22 28 20 2 7 159 23 162 3 22 123 25 139 28 175 2 9 66 24 87 3 3 100 16 69 27 73 2 8 103 30 95 3 2 149 8 156 29 146
37 3 1 204 7 138 8 182 2 6 130 12 128 2 2 27 26 20 3 3 15 10 15 21 17 2 5 27 26 34 2 4 108 22 83 3 6 41 22 44 26 31 2 6 102 7 87 3 1 140 2 144 26 114 2 6 32 21 33 2 3 122 8 104 2 5 28 26 34 2 18 63 20 58 3 8 29 9 25 30 33 3 8 129 10 138 13 136 1 11 118 2 13 54 16 46 2 14 190 24 167 4 12 214 18 213 20 223 26 216 2 5 24 26 26 2 15 183 18 149 3 1 160 6 148 16 164 2 3 100 8 109 3 9 93 13 81 17 83 3 7 104 19 93 24 132 3 18 151 22 155 24 135 2 2 21 26 23 2 7 214 23 222 2 9 91 24 67 3 1 198 7 167 8 186 2 14 24 28 23 2 7 189 23 205 3 22 157 25 140 28 150 2 9 88 24 97 3 3 73 16 77 27 79 2 8 107 30 81 3 2 203 8 152 29 164
39 3 1 163 7 182 8 196 2 2 21 26 23 2 4 108 22 121 3 3 21 10 16 21 18 2 2 26 26 20 2 5 36 26 24 3 22 154 25 152 28 149 3 3 14 10 15 21 19 3 18 116 22 137 24 124 3 6 39 22 44 26 30 2 4 104 22 99 2 6 37 21 26 2 6 93 7 108 3 6 42 22 33 26 43 2 3 135 8 107 2 14 146 24 166 3 8 25 9 26 30 24 3 8 156 10 150 13 152 1 11 122 3 3 85 16 94 27 71 3 9 83 13 79 17 98 3 2 171 8 174 29 163 2 8 92 30 102 2 6 117 12 119 2 13 37 16 48 3 22 145 25 179 28 125 3 1 104 2 114 26 139 2 4 119 22 81 2 15 147 18 154 3 1 126 6 151 16 172 2 8 111 30 80 2 7 153 23 159 4 12 158 18 208 20 203 26 235 2 6 85 7 79 2 18 45 20 45 3 3 18 10 20 21 18 3 7 114 19 128 24 107 2 9 85 24 79 2 14 23 28 26
35 2 6 143 12 113 3 1 178 7 202 8 156 2 2 27 26 21 3 9 78 13 94 17 77 3 1 196 7 171 8 174 2 14 192 24 186 3 3 19 10 18 21 15 2 6 129 12 117 3 7 112 19 117 24 121 3 8 23 9 33 30 31 2 4 101 22 95 2 8 101 30 80 2 14 161 24 192 2 5 31 26 34 2 3 105 8 94 3 6 34 22 44 26 31 2 6 99 7 84 3 1 129 2 146 26 128 2 7 194 23 176 3 22 144 25 121 28 167 4 12 223 18 230 20 209 26 204 3 8 154 10 145 13 178 1 11 126 2 13 51 16 52 2 15 144 18 186 3 1 131 6 117 16 136 2 18 43 20 45 4 12 208 18 174 20 161 26 191 2 14 20 28 20 2 13 47 16 42 2 6 26 21 34 3 2 200 8 171 29 178 3 18 153 22 158 24 158 2 9 70 24 70 3 3 92 16 89 27 73
35 3 1 174 7 175 8 179 3 3 92 16 72 27 75 2 2 20 26 27 2 4 113 22 105 3 3 89 16 69 27 80 3 3 15 10 15 21 20 2 2 23 26 25 2 5 33 26 30 3 6 38 22 41 26 43 2 6 99 7 101 3 7 92 19 100 24 134 2 3 114 8 122 3 8 29 9 32 30 27 3 8 138 10 179 13 175 1 11 104 2 6 135 12 116 2 3 91 8 91 2 13 37 16 47 2 14 150 24 160 2 15 149 18 185 3 1 159 6 164 16 157 4 12 183 18 182 20 163 26 175 2 6 34 21 30 3 3 19 10 19 21 15 2 14 21 28 25 3 1 122 2 141 26 109 3 9 92 13 82 17 107 2 5 27 26 34 2 18 48 20 46 3 18 122 22 134 24 160 2 7 169 23 157 2 9 71 24 80 2 8 85 30 93 3 22 132 25 154 28 181 3 2 173 8 197 29 157
37 3 8 30 9 22 30 23 3 1 178 7 203 8 188 3 2 182 8 185 29 159 3 8 26 9 32 30 32 2 2 23 26 19 3 2 203 8 169 29 213 2 4 85 22 115 3 3 18 10 18 21 17 3 2 210 8 182 29 207 4 12 232 18 224 20 185 26 194 2 5 36 26 28 3 1 179 7 180 8 143 3 6 32 22 30 26 40 3 3 80 16 95 27 82 2 6 104 7 88 2 3 108 8 102 3 8 166 10 141 13 183 2 3 94 8 122 2 18 56 20 43 3 7 124 19 89 24 115 2 2 27 26 24 1 11 146 3 8 177 10 137 13 143 2 14 163 24 134 2 6 135 12 105 2 13 54 16 42 2 15 177 18 200 3 22 145 25 138 28 123 3 1 137 2 142 26 108 3 1 165 6 158 16 128 3 9 103 13 106 17 74 2 14 27 28 23 2 6 34 21 31 3 18 110 22 162 24 110 2 9 82 24 91 2 7 165 23 179 2 8 94 30 81
35 2 14 27 28 27 3 7 101 19 97 24 127 2 14 22 28 29 3 1 162 7 138 8 176 2 2 23 26 24 2 8 97 30 103 3 3 21 10 20 21 19 2 4 83 22 113 2 5 31 26 30 3 3 18 10 20 21 21 3 6 44 22 40 26 36 3 22 153 25 173 28 152 2 6 110 12 130 2 18 59 20 55 2 6 101 7 102 2 3 129 8 134 3 8 32 9 24 30 24 3 8 165 10 135 13 180 1 11 131 3 1 110 2 135 26 141 3 22 157 25 175 28 136 2 13 41 16 48 2 14 182 24 146 2 15 179 18 142 2 6 107 7 80 3 1 146 6 132 16 118 3 9 105 13 82 17 83 4 12 234 18 218 20 211 26 228 2 6 28 21 37 2 2 26 26 26 3 2 181 8 154 29 174 3 18 140 22 140 24 150 2 9 80 24 91 2 7 220 23 217 3 3 91 16 72 27 82
37 3 3 99 16 102 27 101 3 1 167 7 184 8 162 2 3 94 8 133 3 1 143 7 204 8 148 2 4 97 22 98 2 2 21 26 25 2 8 76 30 101 2 3 125 8 105 3 3 15 10 19 21 14 2 8 82 30 82 3 1 128 2 105 26 127 2 5 31 26 35 3 8 30 9 31 30 26 3 6 43 22 30 26 36 2 13 48 16 38 3 3 78 16 81 27 80 3 2 151 8 149 29 180 2 6 97 7 98 3 8 147 10 176 13 132 2 6 32 21 28 1 11 140 3 3 100 16 69 27 88 2 6 119 12 141 2 14 24 28 29 2 14 167 24 137 2 15 150 18 168 3 1 170 6 166 16 126 3 9 75 13 96 17 80 2 9 79 24 77 4 12 201 18 178 20 206 26 204 3 7 113 19 115 24 125 2 5 25 26 29 2 18 54 20 56 3 18 152 22 116 24 115 2 4 116 22 107 2 7 156 23 213 3 22 172 25 137 28 180
DUE_DATES: 4193 4193 4193 4079 4079 4079 4079 3687 4215 3943 3943 3841 4710 4710 4086 4086 4159 3946 3946 3946 3946 3997 3997 3997 3997 4301 4301 4066 3541 3541 4126 3918 3913 3913 4414 3637 3637 3849 4114 4331 3772 4484 4020 4229 4067 4249 3656 4429 3880 4167
WEIGHTS: 1 3 3 3 2 3 2 1 2 3 2 1 1 2 2 3 1 3 2 3 3 1 3 1 3 1 1 2 3 2 3 2 2 1 3 1 1 1 3 1 2 2 3 3 3 1 3 2 2 3
