50 30
36 3 1 80 2 84 6 71 2 2 37 3 17 3 1 186 2 147 8 144 3 6 107 7 348 27 47 2 2 15 3 7 2 4 41 15 37 2 19 177 26 220 3 5 16 14 56 26 60 2 7 130 19 328 3 4 229 14 189 16 219 2 8 63 9 121 3 3 17 9 31 25 59 3 10 23 13 135 21 139 3 8 118 21 194 29 150 2 26 74 27 60 2 17 118 28 26 3 11 16 14 20 20 27 3 7 304 18 294 25 89 3 11 48 21 136 30 94 3 5 23 15 82 25 89 3 1 53 2 55 8 92 3 3 19 11 80 19 81 3 6 141 7 294 27 110 2 1 45 12 73 2 22 61 27 59 3 3 46 13 58 22 21 3 5 25 15 29 25 68 2 11 88 16 81 2 26 86 27 82 2 13 65 23 95 2 17 39 19 17 2 24 197 30 125 3 3 96 23 31 25 75 3 6 194 7 138 27 85 2 5 134 26 48 2 9 109 30 142
35 3 1 78 2 59 6 85 2 17 65 19 14 3 1 129 2 110 8 43 2 24 171 30 228 2 11 28 16 83 3 7 127 18 65 25 78 2 2 4 3 19 2 19 260 26 236 2 5 134 26 48 2 4 161 15 36 3 5 39 14 39 26 27 3 6 77 7 130 27 182 2 7 122 19 341 2 1 58 12 51 3 5 50 15 30 25 96 2 8 73 9 191 2 1 37 12 69 3 3 10 9 39 25 34 3 4 195 14 37 16 116 2 2 24 3 10 3 8 147 21 275 29 234 2 17 16 19 12 2 22 94 27 29 2 26 81 27 40 3 10 95 13 137 21 67 2 13 81 23 156 3 3 82 11 93 19 73 3 3 20 13 53 22 37 3 11 12 14 50 20 25 2 7 249 19 167 3 11 244 21 230 30 244 3 7 109 18 206 25 274 3 3 104 23 32 25 81 2 17 150 28 30 2 9 53 30 43
35 3 1 78 2 59 6 85 2 17 65 19 14 3 1 129 2 110 8 43 2 24 171 30 228 2 11 28 16 83 3 7 127 18 65 25 78 2 2 4 3 19 2 19 260 26 236 2 5 134 26 48 2 4 161 15 36 3 5 39 14 39 26 27 3 6 77 7 130 27 182 2 7 122 19 341 2 1 58 12 51 3 5 50 15 30 25 96 2 8 73 9 191 2 1 37 12 69 3 3 10 9 39 25 34 3 4 195 14 37 16 116 2 2 24 3 10 3 8 147 21 275 29 234 2 17 16 19 12 2 22 94 27 29 2 26 81 27 40 3 10 95 13 137 21 67 2 13 81 23 156 3 3 82 11 93 19 73 3 3 20 13 53 22 37 3 11 12 14 50 20 25 2 7 249 19 167 3 11 244 21 230 30 244 3 7 109 18 206 25 274 3 3 104 23 32 25 81 2 17 150 28 30 2 9 53 30 43
35 3 1 113 2 56 6 57 2 17 66 19 82 3 1 148 2 70 8 199 2 24 153 30 265 2 11 102 16 67 3 7 258 18 289 25 285 2 2 18 3 14 2 19 238 26 42 2 5 54 26 101 2 4 65 15 43 3 5 66 14 38 26 46 3 6 97 7 134 27 232 2 7 187 19 344 2 1 68 12 18 3 5 98 15 58 25 24 2 8 171 9 84 2 1 95 12 31 3 3 41 9 42 25 26 3 4 210 14 170 16 63 2 2 11 3 23 3 8 175 21 252 29 89 2 17 89 19 69 2 22 79 27 99 2 26 14 27 50 3 10 111 13 27 21 135 2 13 48 23 67 3 3 70 11 41 19 37 3 3 55 13 42 22 47 3 11 33 14 10 20 13 2 7 271 19 296 3 11 79 21 31 30 39 3 7 244 18 203 25 87 3 3 45 23 28 25 42 2 17 171 28 40 2 9 158 30 147
35 3 1 113 2 56 6 57 2 17 66 19 82 3 1 148 2 70 8 199 2 24 153 30 265 2 11 102 16 67 3 7 258 18 289 25 285 2 2 18 3 14 2 19 238 26 42 2 5 54 26 101 2 4 65 15 43 3 5 66 14 38 26 46 3 6 97 7 134 27 232 2 7 187 19 344 2 1 68 12 18 3 5 98 15 58 25 24 2 8 171 9 84 2 1 95 12 31 3 3 41 9 42 25 26 3 4 210 14 170 16 63 2 2 11 3 23 3 8 175 21 252 29 89 2 17 89 19 69 2 22 79 27 99 2 26 14 27 50 3 10 111 13 27 21 135 2 13 48 23 67 3 3 70 11 41 19 37 3 3 55 13 42 22 47 3 11 33 14 10 20 13 2 7 271 19 296 3 11 79 21 31 30 39 3 7 244 18 203 25 87 3 3 45 23 28 25 42 2 17 171 28 40 2 9 158 30 147
36 3 7 243 18 163 25 235 3 1 21 2 23 6 67 3 1 140 2 165 8 97 3 3 42 11 91 19 90 3 8 144 21 163 29 129 2 2 28 3 4 2 4 169 15 214 3 5 56 14 38 26 28 2 2 11 3 13 2 13 158 23 48 2 24 112 30 154 2 1 65 12 20 3 3 58 13 15 22 60 3 6 85 7 50 27 92 2 7 43 19 123 2 9 143 30 44 2 24 325 30 54 2 8 60 9 32 3 3 17 9 29 25 16 3 10 128 13 78 21 104 2 4 33 15 147 3 3 37 23 42 25 63 3 4 189 14 83 16 47 3 5 45 15 91 25 45 2 11 15 16 24 3 7 280 18 329 25 81 2 17 84 19 33 2 19 110 26 213 2 7 58 19 166 3 11 27 14 20 20 17 2 1 25 12 52 3 11 238 21 146 30 61 2 22 114 27 69 2 17 176 28 139 2 5 109 26 138 2 26 89 27 30
36 3 7 243 18 163 25 235 3 1 21 2 23 6 67 3 1 140 2 165 8 97 3 3 42 11 91 19 90 3 8 144 21 163 29 129 2 2 28 3 4 2 4 169 15 214 3 5 56 14 38 26 28 2 2 11 3 13 2 13 158 23 48 2 24 112 30 154 2 1 65 12 20 3 3 58 13 15 22 60 3 6 85 7 50 27 92 2 7 43 19 123 2 9 143 30 44 2 24 325 30 54 2 8 60 9 32 3 3 17 9 29 25 16 3 10 128 13 78 21 104 2 4 33 15 147 3 3 37 23 42 25 63 3 4 189 14 83 16 47 3 5 45 15 91 25 45 2 11 15 16 24 3 7 280 18 329 25 81 2 17 84 19 33 2 19 110 26 213 2 7 58 19 166 3 11 27 14 20 20 17 2 1 25 12 52 3 11 238 21 146 30 61 2 22 114 27 69 2 17 176 28 139 2 5 109 26 138 2 26 89 27 30
34 3 1 23 2 41 6 70 3 1 134 2 90 8 84 3 1 103 2 47 6 23 2 2 24 3 21 3 8 222 21 192 29 136 3 3 26 9 51 25 55 3 8 90 21 156 29 86 2 4 51 15 119 2 5 100 26 60 3 5 70 14 43 26 53 3 7 49 18 55 25 184 3 6 258 7 357 27 238 2 7 182 19 283 2 8 118 9 97 3 10 148 13 64 21 61 3 3 94 11 84 19 83 3 3 17 23 56 25 15 3 11 40 14 15 20 21 2 22 64 27 26 2 13 167 23 88 2 1 24 12 90 2 2 6 3 26 2 19 238 26 37 3 3 46 13 12 22 28 2 17 88 28 68 3 4 232 14 73 16 222 3 5 32 15 25 25 40 2 11 70 16 88 2 9 93 30 219 2 17 72 19 25 3 11 32 21 249 30 125 2 24 324 30 232 2 17 23 19 84 2 26 59 27 49
34 3 1 23 2 41 6 70 3 1 134 2 90 8 84 3 1 103 2 47 6 23 2 2 24 3 21 3 8 222 21 192 29 136 3 3 26 9 51 25 55 3 8 90 21 156 29 86 2 4 51 15 119 2 5 100 26 60 3 5 70 14 43 26 53 3 7 49 18 55 25 184 3 6 258 7 357 27 238 2 7 182 19 283 2 8 118 9 97 3 10 148 13 64 21 61 3 3 94 11 84 19 83 3 3 17 23 56 25 15 3 11 40 14 15 20 21 2 22 64 27 26 2 13 167 23 88 2 1 24 12 90 2 2 6 3 26 2 19 238 26 37 3 3 46 13 12 22 28 2 17 88 28 68 3 4 232 14 73 16 222 3 5 32 15 25 25 40 2 11 70 16 88 2 9 93 30 219 2 17 72 19 25 3 11 32 21 249 30 125 2 24 324 30 232 2 17 23 19 84 2 26 59 27 49
33 3 1 111 2 74 6 112 3 1 48 2 216 8 113 2 2 41 3 23 2 4 77 15 66 3 1 29 2 90 6 38 3 11 99 21 121 30 97 3 3 41 9 19 25 57 3 5 55 14 64 26 14 3 6 45 7 162 27 159 2 7 254 19 293 2 22 72 27 60 2 8 85 9 72 3 3 13 13 57 22 50 3 10 144 13 134 21 32 3 3 104 11 94 19 94 2 17 104 28 144 2 19 241 26 62 3 6 217 7 158 27 122 2 1 73 12 99 2 26 48 27 48 3 4 121 14 51 16 69 2 9 42 30 197 3 5 66 15 93 25 53 2 11 22 16 82 3 11 17 14 23 20 19 3 8 63 21 203 29 105 2 17 21 19 10 3 7 150 18 286 25 246 2 13 24 23 160 2 24 91 30 43 2 17 166 28 78 3 3 60 23 75 25 85 2 5 123 26 89
36 3 1 72 2 64 6 67 3 1 59 2 171 8 176 3 1 47 2 73 6 31 3 5 46 14 77 26 42 3 1 62 2 109 8 97 2 4 164 15 146 2 19 69 26 48 2 2 27 3 35 3 6 159 7 93 27 317 2 7 324 19 297 3 1 105 2 85 6 21 3 4 240 14 145 16 39 3 11 39 14 22 20 38 3 4 60 14 159 16 157 2 8 35 9 172 3 3 39 9 24 25 34 3 10 105 13 18 21 49 3 3 87 11 60 19 102 2 1 25 12 82 3 3 35 13 60 22 21 3 5 91 15 89 25 91 2 11 26 16 101 3 6 353 7 185 27 175 2 17 84 19 28 3 7 177 18 179 25 155 3 11 78 21 174 30 187 2 22 34 27 35 2 13 45 23 163 2 24 201 30 107 2 5 130 26 115 2 9 191 30 32 3 3 31 23 80 25 109 3 11 100 21 244 30 139 2 26 84 27 64 3 8 223 21 185 29 90 2 17 39 28 61
36 3 1 72 2 64 6 67 3 1 59 2 171 8 176 3 1 47 2 73 6 31 3 5 46 14 77 26 42 3 1 62 2 109 8 97 2 4 164 15 146 2 19 69 26 48 2 2 27 3 35 3 6 159 7 93 27 317 2 7 324 19 297 3 1 105 2 85 6 21 3 4 240 14 145 16 39 3 11 39 14 22 20 38 3 4 60 14 159 16 157 2 8 35 9 172 3 3 39 9 24 25 34 3 10 105 13 18 21 49 3 3 87 11 60 19 102 2 1 25 12 82 3 3 35 13 60 22 21 3 5 91 15 89 25 91 2 11 26 16 101 3 6 353 7 185 27 175 2 17 84 19 28 3 7 177 18 179 25 155 3 11 78 21 174 30 187 2 22 34 27 35 2 13 45 23 163 2 24 201 30 107 2 5 130 26 115 2 9 191 30 32 3 3 31 23 80 25 109 3 11 100 21 244 30 139 2 26 84 27 64 3 8 223 21 185 29 90 2 17 39 28 61
36 3 1 72 2 64 6 67 3 1 59 2 171 8 176 3 1 47 2 73 6 31 3 5 46 14 77 26 42 3 1 62 2 109 8 97 2 4 164 15 146 2 19 69 26 48 2 2 27 3 35 3 6 159 7 93 27 317 2 7 324 19 297 3 1 105 2 85 6 21 3 4 240 14 145 16 39 3 11 39 14 22 20 38 3 4 60 14 159 16 157 2 8 35 9 172 3 3 39 9 24 25 34 3 10 105 13 18 21 49 3 3 87 11 60 19 102 2 1 25 12 82 3 3 35 13 60 22 21 3 5 91 15 89 25 91 2 11 26 16 101 3 6 353 7 185 27 175 2 17 84 19 28 3 7 177 18 179 25 155 3 11 78 21 174 30 187 2 22 34 27 35 2 13 45 23 163 2 24 201 30 107 2 5 130 26 115 2 9 191 30 32 3 3 31 23 80 25 109 3 11 100 21 244 30 139 2 26 84 27 64 3 8 223 21 185 29 90 2 17 39 28 61
36 3 1 72 2 64 6 67 3 1 59 2 171 8 176 3 1 47 2 73 6 31 3 5 46 14 77 26 42 3 1 62 2 109 8 97 2 4 164 15 146 2 19 69 26 48 2 2 27 3 35 3 6 159 7 93 27 317 2 7 324 19 297 3 1 105 2 85 6 21 3 4 240 14 145 16 39 3 11 39 14 22 20 38 3 4 60 14 159 16 157 2 8 35 9 172 3 3 39 9 24 25 34 3 10 105 13 18 21 49 3 3 87 11 60 19 102 2 1 25 12 82 3 3 35 13 60 22 21 3 5 91 15 89 25 91 2 11 26 16 101 3 6 353 7 185 27 175 2 17 84 19 28 3 7 177 18 179 25 155 3 11 78 21 174 30 187 2 22 34 27 35 2 13 45 23 163 2 24 201 30 107 2 5 130 26 115 2 9 191 30 32 3 3 31 23 80 25 109 3 11 100 21 244 30 139 2 26 84 27 64 3 8 223 21 185 29 90 2 17 39 28 61
34 3 11 114 21 207 30 85 3 1 160 2 40 8 165 3 11 227 21 48 30 210 3 7 111 18 176 25 332 3 3 37 13 50 22 29 3 1 112 2 80 6 98 2 2 12 3 9 2 26 97 27 54 2 4 99 15 140 3 4 103 14 165 16 34 3 11 9 14 41 20 23 3 5 29 14 46 26 41 2 9 32 30 76 3 6 100 7 273 27 47 2 7 209 19 255 3 10 146 13 89 21 124 2 8 120 9 155 3 1 138 2 208 8 58 2 24 101 30 189 3 3 43 9 24 25 38 3 3 46 11 57 19 41 2 1 51 12 30 3 5 52 15 86 25 32 3 3 50 9 24 25 13 2 13 67 23 84 2 17 49 19 55 2 11 92 16 89 2 17 25 19 29 2 19 294 26 288 2 22 58 27 82 3 3 93 23 126 25 47 2 5 41 26 92 2 17 30 28 32 3 8 273 21 231 29 76
34 3 11 114 21 207 30 85 3 1 160 2 40 8 165 3 11 227 21 48 30 210 3 7 111 18 176 25 332 3 3 37 13 50 22 29 3 1 112 2 80 6 98 2 2 12 3 9 2 26 97 27 54 2 4 99 15 140 3 4 103 14 165 16 34 3 11 9 14 41 20 23 3 5 29 14 46 26 41 2 9 32 30 76 3 6 100 7 273 27 47 2 7 209 19 255 3 10 146 13 89 21 124 2 8 120 9 155 3 1 138 2 208 8 58 2 24 101 30 189 3 3 43 9 24 25 38 3 3 46 11 57 19 41 2 1 51 12 30 3 5 52 15 86 25 32 3 3 50 9 24 25 13 2 13 67 23 84 2 17 49 19 55 2 11 92 16 89 2 17 25 19 29 2 19 294 26 288 2 22 58 27 82 3 3 93 23 126 25 47 2 5 41 26 92 2 17 30 28 32 3 8 273 21 231 29 76
34 3 11 114 21 207 30 85 3 1 160 2 40 8 165 3 11 227 21 48 30 210 3 7 111 18 176 25 332 3 3 37 13 50 22 29 3 1 112 2 80 6 98 2 2 12 3 9 2 26 97 27 54 2 4 99 15 140 3 4 103 14 165 16 34 3 11 9 14 41 20 23 3 5 29 14 46 26 41 2 9 32 30 76 3 6 100 7 273 27 47 2 7 209 19 255 3 10 146 13 89 21 124 2 8 120 9 155 3 1 138 2 208 8 58 2 24 101 30 189 3 3 43 9 24 25 38 3 3 46 11 57 19 41 2 1 51 12 30 3 5 52 15 86 25 32 3 3 50 9 24 25 13 2 13 67 23 84 2 17 49 19 55 2 11 92 16 89 2 17 25 19 29 2 19 294 26 288 2 22 58 27 82 3 3 93 23 126 25 47 2 5 41 26 92 2 17 30 28 32 3 8 273 21 231 29 76
35 3 1 54 2 43 6 55 3 1 170 2 99 8 31 3 1 76 2 23 6 96 2 2 22 3 21 2 4 171 15 130 2 26 68 27 45 3 3 52 11 109 19 28 3 5 25 14 23 26 21 3 1 172 2 175 8 183 3 3 121 23 70 25 66 3 6 89 7 249 27 263 3 5 65 14 73 26 16 2 7 201 19 66 2 8 133 9 104 3 1 20 2 35 6 84 3 10 126 13 70 21 129 2 5 98 26 107 3 3 81 11 13 19 26 3 3 52 9 37 25 11 2 1 97 12 35 3 3 9 13 54 22 31 3 4 128 14 141 16 154 3 8 198 21 55 29 279 3 7 87 18 340 25 98 3 5 34 15 35 25 27 2 11 47 16 46 2 9 39 30 57 2 17 19 19 65 2 19 239 26 40 3 11 31 14 29 20 48 3 11 67 21 211 30 240 2 22 54 27 18 2 17 131 28 143 2 13 166 23 158 2 24 359 30 130
35 3 1 54 2 43 6 55 3 1 170 2 99 8 31 3 1 76 2 23 6 96 2 2 22 3 21 2 4 171 15 130 2 26 68 27 45 3 3 52 11 109 19 28 3 5 25 14 23 26 21 3 1 172 2 175 8 183 3 3 121 23 70 25 66 3 6 89 7 249 27 263 3 5 65 14 73 26 16 2 7 201 19 66 2 8 133 9 104 3 1 20 2 35 6 84 3 10 126 13 70 21 129 2 5 98 26 107 3 3 81 11 13 19 26 3 3 52 9 37 25 11 2 1 97 12 35 3 3 9 13 54 22 31 3 4 128 14 141 16 154 3 8 198 21 55 29 279 3 7 87 18 340 25 98 3 5 34 15 35 25 27 2 11 47 16 46 2 9 39 30 57 2 17 19 19 65 2 19 239 26 40 3 11 31 14 29 20 48 3 11 67 21 211 30 240 2 22 54 27 18 2 17 131 28 143 2 13 166 23 158 2 24 359 30 130
35 3 1 54 2 43 6 55 3 1 170 2 99 8 31 3 1 76 2 23 6 96 2 2 22 3 21 2 4 171 15 130 2 26 68 27 45 3 3 52 11 109 19 28 3 5 25 14 23 26 21 3 1 172 2 175 8 183 3 3 121 23 70 25 66 3 6 89 7 249 27 263 3 5 65 14 73 26 16 2 7 201 19 66 2 8 133 9 104 3 1 20 2 35 6 84 3 10 126 13 70 21 129 2 5 98 26 107 3 3 81 11 13 19 26 3 3 52 9 37 25 11 2 1 97 12 35 3 3 9 13 54 22 31 3 4 128 14 141 16 154 3 8 198 21 55 29 279 3 7 87 18 340 25 98 3 5 34 15 35 25 27 2 11 47 16 46 2 9 39 30 57 2 17 19 19 65 2 19 239 26 40 3 11 31 14 29 20 48 3 11 67 21 211 30 240 2 22 54 27 18 2 17 131 28 143 2 13 166 23 158 2 24 359 30 130
34 3 1 101 2 82 6 48 3 1 203 2 91 8 52 3 4 74 14 149 16 249 2 24 321 30 253 3 3 61 11 97 19 24 3 1 55 2 195 8 60 2 2 25 3 35 2 4 68 15 175 3 5 71 14 24 26 30 3 6 91 7 253 27 130 3 8 73 21 201 29 264 2 7 229 19 128 2 8 151 9 158 3 3 29 9 43 25 36 3 11 39 14 8 20 44 3 10 98 13 142 21 60 2 7 233 19 72 2 17 37 28 95 2 1 54 12 62 3 3 37 13 10 22 24 2 22 52 27 39 2 9 158 30 143 3 5 97 15 51 25 78 3 3 77 11 91 19 52 2 11 97 16 52 2 17 29 19 42 2 19 212 26 150 3 7 244 18 43 25 187 3 11 240 21 88 30 122 3 3 14 11 40 19 101 2 26 64 27 81 2 13 160 23 74 3 3 73 23 84 25 75 2 5 28 26 60
34 3 11 60 21 217 30 254 3 1 149 2 61 8 212 3 11 178 21 258 30 257 3 7 197 18 137 25 112 3 3 57 13 55 22 24 3 1 108 2 101 6 66 2 2 24 3 14 2 26 37 27 75 2 4 71 15 170 3 4 154 14 221 16 47 3 11 35 14 20 20 37 3 5 48 14 38 26 53 2 9 128 30 77 3 6 102 7 313 27 88 2 7 187 19 49 3 10 87 13 49 21 116 2 8 45 9 136 3 1 36 2 197 8 122 2 24 308 30 122 3 3 56 9 18 25 17 3 3 28 11 60 19 15 2 1 58 12 40 3 5 96 15 98 25 96 3 3 7 9 27 25 14 2 13 36 23 118 2 17 84 19 76 2 11 79 16 99 2 17 68 19 86 2 19 172 26 126 2 22 21 27 39 3 3 78 23 51 25 116 2 5 127 26 110 2 17 105 28 23 3 8 104 21 253 29 52
34 3 11 60 21 217 30 254 3 1 149 2 61 8 212 3 11 178 21 258 30 257 3 7 197 18 137 25 112 3 3 57 13 55 22 24 3 1 108 2 101 6 66 2 2 24 3 14 2 26 37 27 75 2 4 71 15 170 3 4 154 14 221 16 47 3 11 35 14 20 20 37 3 5 48 14 38 26 53 2 9 128 30 77 3 6 102 7 313 27 88 2 7 187 19 49 3 10 87 13 49 21 116 2 8 45 9 136 3 1 36 2 197 8 122 2 24 308 30 122 3 3 56 9 18 25 17 3 3 28 11 60 19 15 2 1 58 12 40 3 5 96 15 98 25 96 3 3 7 9 27 25 14 2 13 36 23 118 2 17 84 19 76 2 11 79 16 99 2 17 68 19 86 2 19 172 26 126 2 22 21 27 39 3 3 78 23 51 25 116 2 5 127 26 110 2 17 105 28 23 3 8 104 21 253 29 52
34 3 11 60 21 217 30 254 3 1 149 2 61 8 212 3 11 178 21 258 30 257 3 7 197 18 137 25 112 3 3 57 13 55 22 24 3 1 108 2 101 6 66 2 2 24 3 14 2 26 37 27 75 2 4 71 15 170 3 4 154 14 221 16 47 3 11 35 14 20 20 37 3 5 48 14 38 26 53 2 9 128 30 77 3 6 102 7 313 27 88 2 7 187 19 49 3 10 87 13 49 21 116 2 8 45 9 136 3 1 36 2 197 8 122 2 24 308 30 122 3 3 56 9 18 25 17 3 3 28 11 60 19 15 2 1 58 12 40 3 5 96 15 98 25 96 3 3 7 9 27 25 14 2 13 36 23 118 2 17 84 19 76 2 11 79 16 99 2 17 68 19 86 2 19 172 26 126 2 22 21 27 39 3 3 78 23 51 25 116 2 5 127 26 110 2 17 105 28 23 3 8 104 21 253 29 52
34 3 1 28 2 36 6 23 3 1 49 2 38 8 116 3 1 84 2 67 6 63 2 2 11 3 27 3 8 285 21 277 29 69 3 3 49 9 45 25 46 3 8 181 21 219 29 169 2 4 132 15 208 2 5 66 26 98 3 5 63 14 61 26 34 3 7 313 18 120 25 239 3 6 105 7 105 27 300 2 7 99 19 205 2 8 58 9 28 3 10 55 13 139 21 72 3 3 100 11 53 19 49 3 3 42 23 16 25 85 3 11 12 14 29 20 22 2 22 105 27 99 2 13 23 23 51 2 1 49 12 57 2 2 34 3 22 2 19 219 26 160 3 3 41 13 15 22 29 2 17 68 28 75 3 4 159 14 142 16 54 3 5 35 15 28 25 38 2 11 21 16 28 2 9 200 30 78 2 17 44 19 51 3 11 190 21 158 30 270 2 24 265 30 175 2 17 50 19 89 2 26 12 27 52
34 3 1 28 2 36 6 23 3 1 49 2 38 8 116 3 1 84 2 67 6 63 2 2 11 3 27 3 8 285 21 277 29 69 3 3 49 9 45 25 46 3 8 181 21 219 29 169 2 4 132 15 208 2 5 66 26 98 3 5 63 14 61 26 34 3 7 313 18 120 25 239 3 6 105 7 105 27 300 2 7 99 19 205 2 8 58 9 28 3 10 55 13 139 21 72 3 3 100 11 53 19 49 3 3 42 23 16 25 85 3 11 12 14 29 20 22 2 22 105 27 99 2 13 23 23 51 2 1 49 12 57 2 2 34 3 22 2 19 219 26 160 3 3 41 13 15 22 29 2 17 68 28 75 3 4 159 14 142 16 54 3 5 35 15 28 25 38 2 11 21 16 28 2 9 200 30 78 2 17 44 19 51 3 11 190 21 158 30 270 2 24 265 30 175 2 17 50 19 89 2 26 12 27 52
33 3 1 24 2 60 6 56 3 1 202 2 47 8 28 2 2 17 3 31 2 4 116 15 64 3 1 61 2 94 6 50 3 11 89 21 131 30 86 3 3 34 9 39 25 51 3 5 36 14 78 26 41 3 6 185 7 73 27 341 2 7 95 19 46 2 22 98 27 91 2 8 106 9 90 3 3 54 13 62 22 13 3 10 99 13 127 21 59 3 3 88 11 15 19 47 2 17 142 28 32 2 19 67 26 165 3 6 120 7 352 27 325 2 1 11 12 100 2 26 21 27 19 3 4 125 14 123 16 246 2 9 153 30 113 3 5 64 15 75 25 35 2 11 24 16 82 3 11 42 14 23 20 7 3 8 185 21 201 29 157 2 17 88 19 54 3 7 234 18 249 25 181 2 13 166 23 127 2 24 111 30 262 2 17 110 28 158 3 3 22 23 18 25 42 2 5 84 26 29
35 3 1 66 2 36 6 95 3 1 169 2 133 8 148 3 1 22 2 73 6 66 2 2 6 3 21 3 11 165 21 79 30 100 3 1 29 2 88 8 197 2 13 130 23 159 3 1 47 2 22 6 24 2 4 155 15 131 3 5 66 14 21 26 66 3 1 81 2 68 6 49 2 8 75 9 51 3 6 244 7 352 27 347 3 3 32 11 74 19 53 2 7 158 19 223 3 3 33 9 52 25 19 3 11 16 14 36 20 30 3 10 22 13 56 21 128 3 7 285 18 95 25 295 2 1 44 12 74 3 3 38 13 23 22 61 3 5 20 15 83 25 71 3 4 175 14 179 16 211 2 19 108 26 189 2 11 74 16 37 2 9 86 30 88 2 17 81 19 16 2 22 24 27 32 3 11 89 21 177 30 196 2 24 302 30 169 3 3 116 23 22 25 116 2 5 65 26 90 2 26 29 27 70 2 17 138 28 37 3 8 218 21 206 29 110
35 3 1 66 2 36 6 95 3 1 169 2 133 8 148 3 1 22 2 73 6 66 2 2 6 3 21 3 11 165 21 79 30 100 3 1 29 2 88 8 197 2 13 130 23 159 3 1 47 2 22 6 24 2 4 155 15 131 3 5 66 14 21 26 66 3 1 81 2 68 6 49 2 8 75 9 51 3 6 244 7 352 27 347 3 3 32 11 74 19 53 2 7 158 19 223 3 3 33 9 52 25 19 3 11 16 14 36 20 30 3 10 22 13 56 21 128 3 7 285 18 95 25 295 2 1 44 12 74 3 3 38 13 23 22 61 3 5 20 15 83 25 71 3 4 175 14 179 16 211 2 19 108 26 189 2 11 74 16 37 2 9 86 30 88 2 17 81 19 16 2 22 24 27 32 3 11 89 21 177 30 196 2 24 302 30 169 3 3 116 23 22 25 116 2 5 65 26 90 2 26 29 27 70 2 17 138 28 37 3 8 218 21 206 29 110
37 3 3 35 13 41 22 49 3 1 51 2 78 6 88 3 3 38 13 62 22 29 3 1 84 2 185 8 190 2 2 26 3 5 2 1 98 12 40 3 11 48 14 28 20 23 2 4 114 15 188 3 1 99 2 40 8 198 2 22 58 27 109 3 5 61 14 73 26 49 2 8 139 9 55 3 6 180 7 213 27 300 2 7 212 19 110 3 3 9 9 9 25 38 3 10 66 13 125 21 30 3 3 62 11 87 19 60 3 4 148 14 229 16 46 3 5 82 14 27 26 12 2 24 163 30 278 3 5 55 15 48 25 14 3 7 174 18 85 25 338 2 11 77 16 52 2 4 61 15 171 2 17 53 19 44 2 24 199 30 351 2 19 72 26 262 3 11 64 21 174 30 185 2 13 72 23 75 3 8 183 21 244 29 139 3 6 273 7 356 27 197 3 3 15 23 38 25 96 2 5 73 26 21 2 26 68 27 49 2 1 63 12 82 2 17 37 28 145 2 9 49 30 158
39 2 19 176 26 166 2 22 78 27 52 3 1 105 2 24 6 63 3 1 171 2 201 8 73 3 1 80 2 49 6 82 3 7 43 18 49 25 43 2 2 33 3 17 2 5 18 26 67 2 17 32 28 159 2 4 155 15 81 3 5 69 14 76 26 46 3 6 277 7 115 27 210 2 7 58 19 271 2 8 217 9 87 2 19 80 26 193 3 3 46 9 54 25 25 2 8 87 9 68 3 10 146 13 44 21 41 3 3 61 11 102 19 71 2 1 52 12 75 3 3 109 23 109 25 83 2 11 18 16 30 3 1 94 2 83 6 95 3 3 38 13 13 22 50 3 4 248 14 97 16 242 3 5 46 15 35 25 85 2 17 68 19 24 2 7 237 19 48 3 11 30 14 46 20 26 2 8 190 9 109 2 13 94 23 101 2 17 48 19 12 2 24 312 30 178 3 3 16 9 54 25 12 3 11 89 21 222 30 130 2 26 46 27 73 3 1 59 2 204 8 142 2 9 93 30 27 3 8 109 21 254 29 72
39 2 19 176 26 166 2 22 78 27 52 3 1 105 2 24 6 63 3 1 171 2 201 8 73 3 1 80 2 49 6 82 3 7 43 18 49 25 43 2 2 33 3 17 2 5 18 26 67 2 17 32 28 159 2 4 155 15 81 3 5 69 14 76 26 46 3 6 277 7 115 27 210 2 7 58 19 271 2 8 217 9 87 2 19 80 26 193 3 3 46 9 54 25 25 2 8 87 9 68 3 10 146 13 44 21 41 3 3 61 11 102 19 71 2 1 52 12 75 3 3 109 23 109 25 83 2 11 18 16 30 3 1 94 2 83 6 95 3 3 38 13 13 22 50 3 4 248 14 97 16 242 3 5 46 15 35 25 85 2 17 68 19 24 2 7 237 19 48 3 11 30 14 46 20 26 2 8 190 9 109 2 13 94 23 101 2 17 48 19 12 2 24 312 30 178 3 3 16 9 54 25 12 3 11 89 21 222 30 130 2 26 46 27 73 3 1 59 2 204 8 142 2 9 93 30 27 3 8 109 21 254 29 72
39 2 19 176 26 166 2 22 78 27 52 3 1 105 2 24 6 63 3 1 171 2 201 8 73 3 1 80 2 49 6 82 3 7 43 18 49 25 43 2 2 33 3 17 2 5 18 26 67 2 17 32 28 159 2 4 155 15 81 3 5 69 14 76 26 46 3 6 277 7 115 27 210 2 7 58 19 271 2 8 217 9 87 2 19 80 26 193 3 3 46 9 54 25 25 2 8 87 9 68 3 10 146 13 44 21 41 3 3 61 11 102 19 71 2 1 52 12 75 3 3 109 23 109 25 83 2 11 18 16 30 3 1 94 2 83 6 95 3 3 38 13 13 22 50 3 4 248 14 97 16 242 3 5 46 15 35 25 85 2 17 68 19 24 2 7 237 19 48 3 11 30 14 46 20 26 2 8 190 9 109 2 13 94 23 101 2 17 48 19 12 2 24 312 30 178 3 3 16 9 54 25 12 3 11 89 21 222 30 130 2 26 46 27 73 3 1 59 2 204 8 142 2 9 93 30 27 3 8 109 21 254 29 72
40 3 1 27 2 48 6 101 3 1 111 2 37 8 112 3 1 76 2 21 6 85 2 26 96 27 33 3 1 74 2 78 8 144 3 3 90 11 58 19 87 2 2 5 3 24 2 26 38 27 78 3 7 166 18 325 25 101 2 9 103 30 86 3 1 33 2 94 6 85 3 5 51 14 32 26 21 2 4 31 15 25 3 6 208 7 324 27 153 2 7 52 19 50 2 17 70 28 69 2 11 65 16 59 2 4 201 15 86 2 8 161 9 199 3 3 32 9 58 25 43 3 10 137 13 92 21 57 3 6 304 7 222 27 337 2 1 24 12 68 3 5 42 15 52 25 66 3 3 36 13 52 22 62 2 2 25 3 11 2 22 29 27 91 3 1 151 2 91 8 133 3 4 150 14 199 16 205 2 8 212 9 190 2 19 104 26 62 2 17 25 19 85 3 11 6 14 38 20 25 2 1 48 12 42 3 11 91 21 127 30 268 3 3 66 23 111 25 91 2 13 18 23 66 2 24 107 30 202 2 5 113 26 30 3 8 185 21 104 29 137
36 2 19 134 26 254 3 1 84 2 40 6 60 2 19 189 26 167 3 1 152 2 40 8 138 2 2 20 3 12 2 4 108 15 169 3 5 36 14 20 26 74 2 17 81 19 36 3 6 225 7 136 27 339 3 1 83 2 126 8 90 3 3 23 9 39 25 53 3 5 57 14 10 26 60 2 11 42 16 17 3 5 71 15 21 25 82 2 7 191 19 244 2 8 148 9 213 3 4 212 14 36 16 165 3 10 142 13 59 21 22 3 3 28 9 32 25 35 3 8 158 21 82 29 98 3 3 43 11 97 19 21 2 22 50 27 85 2 1 58 12 51 3 3 45 13 24 22 39 3 4 29 14 65 16 101 2 17 24 28 25 3 7 225 18 303 25 69 3 5 82 15 65 25 23 3 11 24 14 47 20 26 3 3 97 23 89 25 33 3 11 70 21 195 30 34 2 13 107 23 25 2 24 160 30 42 2 9 168 30 88 2 5 107 26 34 2 26 86 27 33
36 2 19 134 26 254 3 1 84 2 40 6 60 2 19 189 26 167 3 1 152 2 40 8 138 2 2 20 3 12 2 4 108 15 169 3 5 36 14 20 26 74 2 17 81 19 36 3 6 225 7 136 27 339 3 1 83 2 126 8 90 3 3 23 9 39 25 53 3 5 57 14 10 26 60 2 11 42 16 17 3 5 71 15 21 25 82 2 7 191 19 244 2 8 148 9 213 3 4 212 14 36 16 165 3 10 142 13 59 21 22 3 3 28 9 32 25 35 3 8 158 21 82 29 98 3 3 43 11 97 19 21 2 22 50 27 85 2 1 58 12 51 3 3 45 13 24 22 39 3 4 29 14 65 16 101 2 17 24 28 25 3 7 225 18 303 25 69 3 5 82 15 65 25 23 3 11 24 14 47 20 26 3 3 97 23 89 25 33 3 11 70 21 195 30 34 2 13 107 23 25 2 24 160 30 42 2 9 168 30 88 2 5 107 26 34 2 26 86 27 33
34 3 1 112 2 14 6 112 3 1 37 2 37 8 204 3 1 69 2 29 6 73 2 2 25 3 6 3 8 108 21 114 29 34 3 3 18 9 26 25 28 3 8 141 21 234 29 136 2 4 116 15 194 2 5 41 26 90 3 5 53 14 30 26 62 3 7 47 18 198 25 96 3 6 159 7 311 27 359 2 7 187 19 79 2 8 138 9 128 3 10 44 13 38 21 58 3 3 72 11 82 19 91 3 3 93 23 120 25 78 3 11 40 14 9 20 13 2 22 115 27 46 2 13 106 23 61 2 1 59 12 47 2 2 20 3 11 2 19 225 26 54 3 3 56 13 8 22 24 2 17 162 28 173 3 4 141 14 150 16 103 3 5 76 15 71 25 58 2 11 63 16 66 2 9 161 30 208 2 17 82 19 52 3 11 158 21 68 30 139 2 24 73 30 332 2 17 82 19 64 2 26 18 27 38
34 3 1 112 2 14 6 112 3 1 37 2 37 8 204 3 1 69 2 29 6 73 2 2 25 3 6 3 8 108 21 114 29 34 3 3 18 9 26 25 28 3 8 141 21 234 29 136 2 4 116 15 194 2 5 41 26 90 3 5 53 14 30 26 62 3 7 47 18 198 25 96 3 6 159 7 311 27 359 2 7 187 19 79 2 8 138 9 128 3 10 44 13 38 21 58 3 3 72 11 82 19 91 3 3 93 23 120 25 78 3 11 40 14 9 20 13 2 22 115 27 46 2 13 106 23 61 2 1 59 12 47 2 2 20 3 11 2 19 225 26 54 3 3 56 13 8 22 24 2 17 162 28 173 3 4 141 14 150 16 103 3 5 76 15 71 25 58 2 11 63 16 66 2 9 161 30 208 2 17 82 19 52 3 11 158 21 68 30 139 2 24 73 30 332 2 17 82 19 64 2 26 18 27 38
37 3 3 44 13 41 22 11 3 1 79 2 72 6 14 3 3 18 13 48 22 64 3 1 110 2 166 8 82 2 2 31 3 5 2 1 31 12 69 3 11 44 14 6 20 22 2 4 211 15 185 3 1 192 2 50 8 180 2 22 95 27 51 3 5 53 14 43 26 68 2 8 50 9 178 3 6 303 7 57 27 108 2 7 238 19 111 3 3 36 9 44 25 13 3 10 98 13 40 21 78 3 3 18 11 44 19 82 3 4 80 14 194 16 236 3 5 12 14 36 26 52 2 24 69 30 124 3 5 34 15 100 25 57 3 7 308 18 252 25 270 2 11 104 16 34 2 4 156 15 74 2 17 57 19 60 2 24 84 30 306 2 19 247 26 175 3 11 79 21 164 30 105 2 13 81 23 35 3 8 41 21 33 29 210 3 6 351 7 274 27 138 3 3 113 23 59 25 76 2 5 60 26 64 2 26 51 27 30 2 1 99 12 25 2 17 63 28 65 2 9 73 30 74
37 3 3 44 13 41 22 11 3 1 79 2 72 6 14 3 3 18 13 48 22 64 3 1 110 2 166 8 82 2 2 31 3 5 2 1 31 12 69 3 11 44 14 6 20 22 2 4 211 15 185 3 1 192 2 50 8 180 2 22 95 27 51 3 5 53 14 43 26 68 2 8 50 9 178 3 6 303 7 57 27 108 2 7 238 19 111 3 3 36 9 44 25 13 3 10 98 13 40 21 78 3 3 18 11 44 19 82 3 4 80 14 194 16 236 3 5 12 14 36 26 52 2 24 69 30 124 3 5 34 15 100 25 57 3 7 308 18 252 25 270 2 11 104 16 34 2 4 156 15 74 2 17 57 19 60 2 24 84 30 306 2 19 247 26 175 3 11 79 21 164 30 105 2 13 81 23 35 3 8 41 21 33 29 210 3 6 351 7 274 27 138 3 3 113 23 59 25 76 2 5 60 26 64 2 26 51 27 30 2 1 99 12 25 2 17 63 28 65 2 9 73 30 74
35 3 1 82 2 43 6 71 3 8 173 21 152 29 261 3 1 161 2 153 8 99 2 2 8 3 11 2 4 120 15 35 3 11 43 14 40 20 36 3 5 81 14 58 26 20 3 6 131 7 275 27 109 2 7 340 19 353 3 3 18 9 51 25 37 2 17 69 19 60 2 8 131 9 133 3 10 94 13 122 21 148 3 3 19 23 36 25 51 2 5 36 26 106 2 26 61 27 49 2 19 71 26 105 3 3 30 11 72 19 57 3 8 51 21 41 29 46 3 11 94 21 94 30 181 2 1 12 12 49 2 4 65 15 171 2 17 96 28 131 3 3 63 13 27 22 21 3 11 258 21 221 30 231 2 13 71 23 123 3 6 256 7 98 27 126 3 4 48 14 169 16 82 2 22 115 27 58 3 5 98 15 85 25 17 2 11 70 16 103 3 8 274 21 143 29 242 3 7 167 18 196 25 201 2 9 168 30 98 2 24 194 30 247
35 3 1 80 2 97 6 40 2 17 70 19 17 3 1 178 2 113 8 38 2 24 280 30 311 2 11 15 16 103 3 7 146 18 201 25 267 2 2 10 3 11 2 19 57 26 263 2 5 53 26 15 2 4 156 15 115 3 5 10 14 65 26 68 3 6 124 7 128 27 136 2 7 58 19 326 2 1 57 12 23 3 5 44 15 57 25 83 2 8 105 9 43 2 1 98 12 64 3 3 27 9 34 25 20 3 4 190 14 104 16 211 2 2 17 3 8 3 8 161 21 185 29 94 2 17 47 19 80 2 22 82 27 101 2 26 47 27 61 3 10 122 13 79 21 33 2 13 126 23 92 3 3 39 11 98 19 33 3 3 17 13 55 22 9 3 11 46 14 34 20 28 2 7 135 19 121 3 11 178 21 178 30 140 3 7 141 18 293 25 252 3 3 42 23 24 25 42 2 17 164 28 128 2 9 71 30 174
35 3 1 80 2 97 6 40 2 17 70 19 17 3 1 178 2 113 8 38 2 24 280 30 311 2 11 15 16 103 3 7 146 18 201 25 267 2 2 10 3 11 2 19 57 26 263 2 5 53 26 15 2 4 156 15 115 3 5 10 14 65 26 68 3 6 124 7 128 27 136 2 7 58 19 326 2 1 57 12 23 3 5 44 15 57 25 83 2 8 105 9 43 2 1 98 12 64 3 3 27 9 34 25 20 3 4 190 14 104 16 211 2 2 17 3 8 3 8 161 21 185 29 94 2 17 47 19 80 2 22 82 27 101 2 26 47 27 61 3 10 122 13 79 21 33 2 13 126 23 92 3 3 39 11 98 19 33 3 3 17 13 55 22 9 3 11 46 14 34 20 28 2 7 135 19 121 3 11 178 21 178 30 140 3 7 141 18 293 25 252 3 3 42 23 24 25 42 2 17 164 28 128 2 9 71 30 174
35 3 1 21 2 87 6 102 3 7 208 18 201 25 85 2 22 115 27 66 3 3 63 13 20 22 49 2 17 156 28 146 3 1 108 2 168 8 166 2 17 86 28 136 2 2 30 3 34 2 4 156 15 123 3 3 71 11 97 19 79 2 8 26 9 190 3 5 35 14 75 26 35 3 4 158 14 87 16 228 3 3 68 23 62 25 120 3 6 334 7 199 27 106 2 7 204 19 61 2 11 101 16 48 3 5 60 14 50 26 16 3 3 55 9 53 25 55 3 5 11 15 14 25 21 3 4 141 14 231 16 104 3 10 70 13 49 21 107 2 1 25 12 78 2 17 72 19 50 2 19 215 26 87 2 26 73 27 51 3 11 21 14 37 20 7 3 11 90 21 233 30 171 2 8 178 9 25 2 13 133 23 80 2 9 202 30 77 3 8 127 21 175 29 236 2 24 254 30 63 3 1 56 2 89 6 44 2 5 88 26 75
36 3 1 64 2 89 6 113 3 1 136 2 177 8 46 2 2 24 3 5 2 4 138 15 87 3 5 56 14 65 26 69 2 8 151 9 103 2 13 41 23 166 2 4 150 15 212 3 6 145 7 138 27 244 3 7 323 18 281 25 83 2 17 176 28 97 2 9 156 30 100 3 11 59 21 67 30 183 2 2 16 3 10 2 5 76 26 74 2 7 280 19 136 3 3 45 9 19 25 9 2 13 85 23 166 3 10 50 13 47 21 120 3 11 37 14 50 20 40 3 3 76 11 13 19 30 2 1 31 12 34 3 3 67 23 94 25 41 2 24 307 30 161 3 10 82 13 132 21 81 3 3 56 13 40 22 31 3 4 89 14 88 16 40 3 8 63 21 257 29 34 3 5 83 15 94 25 20 2 17 48 19 26 2 11 28 16 75 3 5 52 14 13 26 44 2 19 211 26 42 2 22 32 27 85 2 8 208 9 140 2 26 84 27 39
35 3 1 89 2 15 6 109 3 7 40 18 223 25 338 2 22 87 27 36 3 3 54 13 60 22 13 2 17 31 28 105 3 1 142 2 196 8 192 2 17 127 28 56 2 2 11 3 35 2 4 77 15 128 3 3 73 11 95 19 89 2 8 191 9 55 3 5 16 14 57 26 57 3 4 135 14 213 16 45 3 3 124 23 76 25 27 3 6 174 7 120 27 185 2 7 216 19 162 2 11 83 16 12 3 5 80 14 27 26 49 3 3 32 9 21 25 19 3 5 53 15 61 25 73 3 4 170 14 126 16 31 3 10 125 13 89 21 116 2 1 97 12 36 2 17 71 19 48 2 19 114 26 220 2 26 55 27 44 3 11 36 14 44 20 29 3 11 214 21 201 30 48 2 8 54 9 90 2 13 55 23 110 2 9 222 30 144 3 8 49 21 197 29 231 2 24 246 30 278 3 1 100 2 114 6 92 2 5 138 26 19
40 3 1 88 2 48 6 81 3 1 200 2 187 8 153 3 1 78 2 24 6 94 2 26 49 27 48 3 1 158 2 204 8 181 3 3 78 11 49 19 105 2 2 34 3 26 2 26 42 27 75 3 7 43 18 327 25 48 2 9 207 30 156 3 1 32 2 16 6 17 3 5 14 14 31 26 21 2 4 76 15 101 3 6 323 7 48 27 262 2 7 182 19 259 2 17 173 28 47 2 11 79 16 97 2 4 69 15 80 2 8 71 9 165 3 3 43 9 32 25 37 3 10 124 13 53 21 101 3 6 281 7 171 27 320 2 1 60 12 81 3 5 35 15 96 25 42 3 3 18 13 63 22 12 2 2 30 3 27 2 22 96 27 76 3 1 159 2 29 8 114 3 4 208 14 174 16 108 2 8 170 9 33 2 19 64 26 126 2 17 59 19 35 3 11 35 14 32 20 6 2 1 80 12 89 3 11 186 21 100 30 165 3 3 34 23 61 25 77 2 13 52 23 149 2 24 306 30 147 2 5 58 26 91 3 8 193 21 268 29 214
35 3 1 60 2 106 6 112 3 8 142 21 163 29 134 3 1 148 2 111 8 152 2 2 10 3 20 2 4 186 15 31 3 11 12 14 35 20 16 3 5 26 14 24 26 79 3 6 129 7 327 27 113 2 7 215 19 78 3 3 51 9 11 25 31 2 17 48 19 75 2 8 74 9 67 3 10 149 13 134 21 36 3 3 105 23 79 25 27 2 5 73 26 80 2 26 95 27 43 2 19 206 26 64 3 3 74 11 18 19 28 3 8 281 21 131 29 269 3 11 238 21 213 30 46 2 1 54 12 54 2 4 79 15 207 2 17 52 28 104 3 3 62 13 35 22 58 3 11 205 21 268 30 31 2 13 56 23 108 3 6 86 7 244 27 199 3 4 245 14 236 16 158 2 22 39 27 94 3 5 24 15 77 25 100 2 11 79 16 60 3 8 132 21 152 29 225 3 7 112 18 178 25 337 2 9 84 30 143 2 24 331 30 294
35 3 1 37 2 60 6 79 3 8 144 21 177 29 65 3 1 73 2 54 8 37 2 2 26 3 27 2 4 154 15 202 3 11 40 14 27 20 37 3 5 25 14 43 26 31 3 6 171 7 140 27 249 2 7 352 19 77 3 3 17 9 8 25 51 2 17 35 19 67 2 8 125 9 138 3 10 80 13 61 21 60 3 3 20 23 68 25 36 2 5 54 26 86 2 26 63 27 58 2 19 85 26 302 3 3 90 11 73 19 58 3 8 238 21 244 29 276 3 11 158 21 47 30 165 2 1 78 12 11 2 4 164 15 130 2 17 63 28 81 3 3 33 13 48 22 61 3 11 95 21 266 30 175 2 13 153 23 35 3 6 52 7 269 27 203 3 4 220 14 158 16 32 2 22 73 27 51 3 5 36 15 22 25 69 2 11 62 16 81 3 8 168 21 86 29 160 3 7 145 18 65 25 236 2 9 163 30 85 2 24 355 30 123
34 3 1 57 2 80 6 42 3 1 60 2 102 8 136 3 4 139 14 31 16 217 2 24 74 30 221 3 3 17 11 70 19 76 3 1 70 2 54 8 161 2 2 28 3 35 2 4 161 15 42 3 5 37 14 67 26 68 3 6 238 7 100 27 316 3 8 74 21 106 29 84 2 7 239 19 221 2 8 109 9 163 3 3 55 9 56 25 34 3 11 13 14 49 20 39 3 10 39 13 21 21 90 2 7 247 19 132 2 17 159 28 158 2 1 42 12 36 3 3 10 13 50 22 45 2 22 47 27 115 2 9 67 30 146 3 5 98 15 57 25 44 3 3 21 11 34 19 16 2 11 75 16 32 2 17 15 19 76 2 19 256 26 68 3 7 327 18 339 25 171 3 11 217 21 268 30 93 3 3 87 11 70 19 45 2 26 40 27 51 2 13 51 23 134 3 3 49 23 96 25 61 2 5 134 26 106
DUE_DATES: 6294 6238 6238 6463 6463 6044 6044 5891 5891 5625 6718 6718 6718 6718 5975 5975 5975 6023 6023 6023 6248 5949 5949 5949 5730 5730 5759 6352 6352 7086 6758 6758 6758 6748 5894 5894 5826 5826 6544 6544 6933 6266 6266 6430 6287 6401 7452 7137 6773 6190
WEIGHTS: 1 2 2 3 1 2 1 1 3 2 3 1 3 3 2 2 2 1 2 1 3 3 2 3 2 2 1 2 1 2 3 3 3 3 3 1 1 1 2 3 2 1 2 2 2 3 3 2 2 1
