50 30
36 3 1 25 7 14 19 28 3 2 133 10 51 22 94 3 1 29 7 32 19 38 3 2 132 12 207 15 43 3 3 177 15 265 18 185 4 13 162 20 146 28 195 29 32 2 4 77 9 170 3 8 128 9 157 13 177 2 5 5 12 12 3 3 91 15 39 18 183 2 9 223 21 135 3 4 173 6 248 10 138 4 13 188 20 171 28 151 29 182 2 7 21 15 17 3 8 189 9 189 13 198 3 4 84 8 53 29 79 2 15 67 22 45 2 9 92 12 27 3 11 202 24 28 29 85 2 11 157 18 139 3 3 13 12 47 23 21 3 3 117 6 44 14 174 3 4 238 6 46 10 49 3 15 324 21 154 23 290 3 7 73 15 160 19 196 2 7 150 24 21 3 16 71 21 55 28 94 3 11 148 17 89 20 64 2 17 103 18 84 2 20 127 28 137 2 17 143 23 50 3 15 19 21 21 25 64 2 17 79 23 88 2 12 83 26 35 3 12 171 27 60 29 27 2 23 61 30 126
36 3 1 25 7 14 19 28 3 2 133 10 51 22 94 3 1 29 7 32 19 38 3 2 132 12 207 15 43 3 3 177 15 265 18 185 4 13 162 20 146 28 195 29 32 2 4 77 9 170 3 8 128 9 157 13 177 2 5 5 12 12 3 3 91 15 39 18 183 2 9 223 21 135 3 4 173 6 248 10 138 4 13 188 20 171 28 151 29 182 2 7 21 15 17 3 8 189 9 189 13 198 3 4 84 8 53 29 79 2 15 67 22 45 2 9 92 12 27 3 11 202 24 28 29 85 2 11 157 18 139 3 3 13 12 47 23 21 3 3 117 6 44 14 174 3 4 238 6 46 10 49 3 15 324 21 154 23 290 3 7 73 15 160 19 196 2 7 150 24 21 3 16 71 21 55 28 94 3 11 148 17 89 20 64 2 17 103 18 84 2 20 127 28 137 2 17 143 23 50 3 15 19 21 21 25 64 2 17 79 23 88 2 12 83 26 35 3 12 171 27 60 29 27 2 23 61 30 126
36 3 1 25 7 14 19 28 3 2 133 10 51 22 94 3 1 29 7 32 19 38 3 2 132 12 207 15 43 3 3 177 15 265 18 185 4 13 162 20 146 28 195 29 32 2 4 77 9 170 3 8 128 9 157 13 177 2 5 5 12 12 3 3 91 15 39 18 183 2 9 223 21 135 3 4 173 6 248 10 138 4 13 188 20 171 28 151 29 182 2 7 21 15 17 3 8 189 9 189 13 198 3 4 84 8 53 29 79 2 15 67 22 45 2 9 92 12 27 3 11 202 24 28 29 85 2 11 157 18 139 3 3 13 12 47 23 21 3 3 117 6 44 14 174 3 4 238 6 46 10 49 3 15 324 21 154 23 290 3 7 73 15 160 19 196 2 7 150 24 21 3 16 71 21 55 28 94 3 11 148 17 89 20 64 2 17 103 18 84 2 20 127 28 137 2 17 143 23 50 3 15 19 21 21 25 64 2 17 79 23 88 2 12 83 26 35 3 12 171 27 60 29 27 2 23 61 30 126
36 3 1 25 7 14 19 28 3 2 133 10 51 22 94 3 1 29 7 32 19 38 3 2 132 12 207 15 43 3 3 177 15 265 18 185 4 13 162 20 146 28 195 29 32 2 4 77 9 170 3 8 128 9 157 13 177 2 5 5 12 12 3 3 91 15 39 18 183 2 9 223 21 135 3 4 173 6 248 10 138 4 13 188 20 171 28 151 29 182 2 7 21 15 17 3 8 189 9 189 13 198 3 4 84 8 53 29 79 2 15 67 22 45 2 9 92 12 27 3 11 202 24 28 29 85 2 11 157 18 139 3 3 13 12 47 23 21 3 3 117 6 44 14 174 3 4 238 6 46 10 49 3 15 324 21 154 23 290 3 7 73 15 160 19 196 2 7 150 24 21 3 16 71 21 55 28 94 3 11 148 17 89 20 64 2 17 103 18 84 2 20 127 28 137 2 17 143 23 50 3 15 19 21 21 25 64 2 17 79 23 88 2 12 83 26 35 3 12 171 27 60 29 27 2 23 61 30 126
37 3 2 53 12 245 15 231 3 1 7 7 17 19 20 3 3 46 15 178 18 177 3 2 83 12 224 15 139 2 4 240 9 62 2 17 106 18 83 2 5 11 12 13 3 4 197 6 278 10 83 2 7 13 15 27 3 4 80 8 45 29 36 2 9 85 12 132 3 2 78 10 194 22 25 3 2 194 12 129 15 216 2 12 133 26 71 2 23 97 30 117 2 11 106 18 27 2 9 255 21 66 3 3 160 6 268 14 208 3 7 196 15 121 19 193 3 11 37 17 86 20 72 3 3 29 12 25 23 34 3 3 89 6 208 14 64 3 8 69 9 45 13 26 3 15 202 21 243 23 37 4 13 56 20 99 28 119 29 106 3 16 74 21 52 28 92 3 2 179 12 275 15 104 2 20 222 28 242 2 23 155 30 165 2 15 77 22 20 2 7 144 24 164 3 7 147 15 94 19 196 2 17 100 23 50 3 15 50 21 62 25 26 3 2 37 10 200 22 187 3 12 26 27 97 29 121 3 11 189 24 123 29 150
37 3 2 53 12 245 15 231 3 1 7 7 17 19 20 3 3 46 15 178 18 177 3 2 83 12 224 15 139 2 4 240 9 62 2 17 106 18 83 2 5 11 12 13 3 4 197 6 278 10 83 2 7 13 15 27 3 4 80 8 45 29 36 2 9 85 12 132 3 2 78 10 194 22 25 3 2 194 12 129 15 216 2 12 133 26 71 2 23 97 30 117 2 11 106 18 27 2 9 255 21 66 3 3 160 6 268 14 208 3 7 196 15 121 19 193 3 11 37 17 86 20 72 3 3 29 12 25 23 34 3 3 89 6 208 14 64 3 8 69 9 45 13 26 3 15 202 21 243 23 37 4 13 56 20 99 28 119 29 106 3 16 74 21 52 28 92 3 2 179 12 275 15 104 2 20 222 28 242 2 23 155 30 165 2 15 77 22 20 2 7 144 24 164 3 7 147 15 94 19 196 2 17 100 23 50 3 15 50 21 62 25 26 3 2 37 10 200 22 187 3 12 26 27 97 29 121 3 11 189 24 123 29 150
38 3 1 18 7 36 19 7 3 2 130 12 269 15 88 3 1 29 7 33 19 31 3 3 75 15 249 18 207 2 5 5 12 16 2 17 165 23 74 3 3 200 6 225 14 197 2 4 30 9 192 3 8 218 9 196 13 56 3 4 114 6 77 10 202 3 15 105 21 109 23 315 3 2 201 10 60 22 103 3 15 304 21 176 23 78 2 17 89 18 17 3 3 142 6 276 14 173 2 7 15 15 28 3 4 183 8 86 29 37 2 9 53 12 224 2 11 141 18 190 2 9 223 12 199 3 3 56 12 24 23 30 3 16 79 21 102 28 120 3 11 41 17 120 20 162 4 13 151 20 193 28 92 29 45 3 7 177 15 199 19 115 2 4 67 9 198 2 20 99 28 58 2 9 188 12 190 2 9 185 21 134 3 11 61 17 145 20 52 2 15 24 22 33 3 11 204 24 66 29 186 2 17 21 23 141 2 23 164 30 147 2 7 123 24 87 3 15 15 21 16 25 22 2 12 142 26 115 3 12 59 27 31 29 59
38 3 1 16 7 15 19 5 3 2 163 12 200 15 211 3 1 8 7 30 19 28 3 3 54 15 133 18 52 2 5 3 12 6 2 17 21 23 143 3 3 172 6 96 14 33 2 4 60 9 241 3 8 112 9 55 13 38 3 4 240 6 229 10 114 3 15 335 21 305 23 198 3 2 191 10 207 22 162 3 15 166 21 72 23 113 2 17 44 18 67 3 3 47 6 259 14 257 2 7 11 15 27 3 4 80 8 84 29 188 2 9 113 12 205 2 11 125 18 91 2 9 230 12 99 3 3 10 12 29 23 41 3 16 91 21 113 28 75 3 11 33 17 70 20 126 4 13 23 20 183 28 191 29 123 3 7 144 15 194 19 67 2 4 245 9 138 2 20 166 28 103 2 9 97 12 63 2 9 137 21 79 3 11 24 17 84 20 29 2 15 28 22 35 3 11 151 24 165 29 46 2 17 56 23 71 2 23 25 30 152 2 7 102 24 82 3 15 39 21 14 25 46 2 12 187 26 105 3 12 78 27 113 29 179
38 3 1 16 7 15 19 5 3 2 163 12 200 15 211 3 1 8 7 30 19 28 3 3 54 15 133 18 52 2 5 3 12 6 2 17 21 23 143 3 3 172 6 96 14 33 2 4 60 9 241 3 8 112 9 55 13 38 3 4 240 6 229 10 114 3 15 335 21 305 23 198 3 2 191 10 207 22 162 3 15 166 21 72 23 113 2 17 44 18 67 3 3 47 6 259 14 257 2 7 11 15 27 3 4 80 8 84 29 188 2 9 113 12 205 2 11 125 18 91 2 9 230 12 99 3 3 10 12 29 23 41 3 16 91 21 113 28 75 3 11 33 17 70 20 126 4 13 23 20 183 28 191 29 123 3 7 144 15 194 19 67 2 4 245 9 138 2 20 166 28 103 2 9 97 12 63 2 9 137 21 79 3 11 24 17 84 20 29 2 15 28 22 35 3 11 151 24 165 29 46 2 17 56 23 71 2 23 25 30 152 2 7 102 24 82 3 15 39 21 14 25 46 2 12 187 26 105 3 12 78 27 113 29 179
38 3 1 16 7 15 19 5 3 2 163 12 200 15 211 3 1 8 7 30 19 28 3 3 54 15 133 18 52 2 5 3 12 6 2 17 21 23 143 3 3 172 6 96 14 33 2 4 60 9 241 3 8 112 9 55 13 38 3 4 240 6 229 10 114 3 15 335 21 305 23 198 3 2 191 10 207 22 162 3 15 166 21 72 23 113 2 17 44 18 67 3 3 47 6 259 14 257 2 7 11 15 27 3 4 80 8 84 29 188 2 9 113 12 205 2 11 125 18 91 2 9 230 12 99 3 3 10 12 29 23 41 3 16 91 21 113 28 75 3 11 33 17 70 20 126 4 13 23 20 183 28 191 29 123 3 7 144 15 194 19 67 2 4 245 9 138 2 20 166 28 103 2 9 97 12 63 2 9 137 21 79 3 11 24 17 84 20 29 2 15 28 22 35 3 11 151 24 165 29 46 2 17 56 23 71 2 23 25 30 152 2 7 102 24 82 3 15 39 21 14 25 46 2 12 187 26 105 3 12 78 27 113 29 179
38 3 1 16 7 15 19 5 3 2 163 12 200 15 211 3 1 8 7 30 19 28 3 3 54 15 133 18 52 2 5 3 12 6 2 17 21 23 143 3 3 172 6 96 14 33 2 4 60 9 241 3 8 112 9 55 13 38 3 4 240 6 229 10 114 3 15 335 21 305 23 198 3 2 191 10 207 22 162 3 15 166 21 72 23 113 2 17 44 18 67 3 3 47 6 259 14 257 2 7 11 15 27 3 4 80 8 84 29 188 2 9 113 12 205 2 11 125 18 91 2 9 230 12 99 3 3 10 12 29 23 41 3 16 91 21 113 28 75 3 11 33 17 70 20 126 4 13 23 20 183 28 191 29 123 3 7 144 15 194 19 67 2 4 245 9 138 2 20 166 28 103 2 9 97 12 63 2 9 137 21 79 3 11 24 17 84 20 29 2 15 28 22 35 3 11 151 24 165 29 46 2 17 56 23 71 2 23 25 30 152 2 7 102 24 82 3 15 39 21 14 25 46 2 12 187 26 105 3 12 78 27 113 29 179
35 3 3 94 15 107 18 171 3 16 94 21 25 28 65 2 7 136 24 123 3 16 69 21 91 28 70 3 1 17 7 37 19 27 3 2 277 12 67 15 49 2 4 154 9 182 2 5 6 12 9 3 1 35 7 18 19 39 3 8 112 9 152 13 133 3 3 117 15 101 18 94 2 17 73 18 88 3 4 38 6 283 10 126 2 7 7 15 31 2 5 10 12 13 2 15 104 22 132 3 4 130 8 146 29 64 2 9 211 12 117 2 17 91 23 157 3 2 67 10 171 22 172 2 9 212 21 231 2 11 165 18 50 3 3 48 12 53 23 44 3 3 189 6 50 14 261 3 15 275 21 164 23 195 2 12 65 26 34 3 11 141 17 39 20 144 3 11 112 24 70 29 196 3 7 250 15 103 19 39 3 12 30 27 96 29 124 3 11 53 24 170 29 93 2 20 217 28 129 3 15 9 21 12 25 9 4 13 201 20 39 28 173 29 197 2 23 159 30 47
35 3 3 94 15 107 18 171 3 16 94 21 25 28 65 2 7 136 24 123 3 16 69 21 91 28 70 3 1 17 7 37 19 27 3 2 277 12 67 15 49 2 4 154 9 182 2 5 6 12 9 3 1 35 7 18 19 39 3 8 112 9 152 13 133 3 3 117 15 101 18 94 2 17 73 18 88 3 4 38 6 283 10 126 2 7 7 15 31 2 5 10 12 13 2 15 104 22 132 3 4 130 8 146 29 64 2 9 211 12 117 2 17 91 23 157 3 2 67 10 171 22 172 2 9 212 21 231 2 11 165 18 50 3 3 48 12 53 23 44 3 3 189 6 50 14 261 3 15 275 21 164 23 195 2 12 65 26 34 3 11 141 17 39 20 144 3 11 112 24 70 29 196 3 7 250 15 103 19 39 3 12 30 27 96 29 124 3 11 53 24 170 29 93 2 20 217 28 129 3 15 9 21 12 25 9 4 13 201 20 39 28 173 29 197 2 23 159 30 47
35 3 3 94 15 107 18 171 3 16 94 21 25 28 65 2 7 136 24 123 3 16 69 21 91 28 70 3 1 17 7 37 19 27 3 2 277 12 67 15 49 2 4 154 9 182 2 5 6 12 9 3 1 35 7 18 19 39 3 8 112 9 152 13 133 3 3 117 15 101 18 94 2 17 73 18 88 3 4 38 6 283 10 126 2 7 7 15 31 2 5 10 12 13 2 15 104 22 132 3 4 130 8 146 29 64 2 9 211 12 117 2 17 91 23 157 3 2 67 10 171 22 172 2 9 212 21 231 2 11 165 18 50 3 3 48 12 53 23 44 3 3 189 6 50 14 261 3 15 275 21 164 23 195 2 12 65 26 34 3 11 141 17 39 20 144 3 11 112 24 70 29 196 3 7 250 15 103 19 39 3 12 30 27 96 29 124 3 11 53 24 170 29 93 2 20 217 28 129 3 15 9 21 12 25 9 4 13 201 20 39 28 173 29 197 2 23 159 30 47
33 3 1 34 7 9 19 5 3 2 69 12 59 15 262 3 7 255 15 79 19 244 2 17 60 23 70 3 3 210 15 41 18 106 2 4 165 9 200 2 5 4 12 9 3 4 184 6 178 10 111 3 3 192 15 202 18 51 2 7 12 15 14 3 4 43 8 181 29 111 2 7 23 15 28 2 9 180 12 100 3 16 29 21 16 28 36 4 13 121 20 32 28 193 29 79 3 11 150 24 179 29 137 3 2 131 10 47 22 109 2 20 91 28 59 2 11 82 18 26 2 9 104 21 53 2 12 191 26 101 3 3 49 12 20 23 7 2 15 96 22 104 3 11 94 17 119 20 106 3 12 160 27 178 29 140 3 8 132 9 113 13 184 3 2 120 10 119 22 107 3 3 61 6 84 14 122 3 15 176 21 145 23 157 3 15 36 21 55 25 48 2 17 24 18 98 2 7 46 24 43 2 23 91 30 38
38 3 1 19 7 39 19 32 3 2 82 12 79 15 231 3 1 42 7 12 19 10 3 3 158 15 78 18 219 2 5 6 12 12 2 17 160 23 39 3 3 54 6 282 14 220 2 4 172 9 87 3 8 167 9 105 13 76 3 4 167 6 263 10 126 3 15 137 21 248 23 182 3 2 181 10 154 22 86 3 15 251 21 301 23 42 2 17 29 18 106 3 3 101 6 192 14 288 2 7 25 15 30 3 4 77 8 204 29 31 2 9 227 12 55 2 11 141 18 126 2 9 45 12 85 3 3 8 12 45 23 45 3 16 61 21 93 28 71 3 11 24 17 66 20 63 4 13 157 20 155 28 85 29 135 3 7 88 15 213 19 82 2 4 214 9 129 2 20 240 28 59 2 9 164 12 225 2 9 49 21 238 3 11 28 17 73 20 63 2 15 82 22 111 3 11 195 24 129 29 101 2 17 55 23 48 2 23 64 30 38 2 7 109 24 109 3 15 44 21 64 25 28 2 12 60 26 148 3 12 121 27 162 29 150
38 3 1 19 7 39 19 32 3 2 82 12 79 15 231 3 1 42 7 12 19 10 3 3 158 15 78 18 219 2 5 6 12 12 2 17 160 23 39 3 3 54 6 282 14 220 2 4 172 9 87 3 8 167 9 105 13 76 3 4 167 6 263 10 126 3 15 137 21 248 23 182 3 2 181 10 154 22 86 3 15 251 21 301 23 42 2 17 29 18 106 3 3 101 6 192 14 288 2 7 25 15 30 3 4 77 8 204 29 31 2 9 227 12 55 2 11 141 18 126 2 9 45 12 85 3 3 8 12 45 23 45 3 16 61 21 93 28 71 3 11 24 17 66 20 63 4 13 157 20 155 28 85 29 135 3 7 88 15 213 19 82 2 4 214 9 129 2 20 240 28 59 2 9 164 12 225 2 9 49 21 238 3 11 28 17 73 20 63 2 15 82 22 111 3 11 195 24 129 29 101 2 17 55 23 48 2 23 64 30 38 2 7 109 24 109 3 15 44 21 64 25 28 2 12 60 26 148 3 12 121 27 162 29 150
35 3 1 15 7 21 19 14 4 13 145 20 64 28 199 29 133 3 16 58 21 14 28 53 3 3 136 15 76 18 152 4 13 37 20 85 28 138 29 93 2 5 13 12 3 3 2 172 12 185 15 89 2 4 130 9 91 3 4 259 6 57 10 296 3 11 115 17 63 20 19 2 7 21 15 5 4 13 105 20 172 28 51 29 151 3 4 23 8 164 29 173 3 15 145 21 213 23 238 2 9 198 12 147 3 2 141 10 102 22 32 2 11 93 18 42 2 9 212 21 191 2 17 96 18 83 2 12 212 26 113 3 11 90 17 122 20 21 3 3 45 12 14 23 42 3 8 194 9 196 13 183 3 3 39 6 195 14 161 3 7 114 15 166 19 78 3 16 27 21 80 28 41 2 20 132 28 66 3 15 9 21 54 25 45 2 15 111 22 33 3 11 125 17 80 20 47 2 23 48 30 37 3 12 184 27 174 29 86 3 11 148 24 57 29 135 2 7 77 24 149 2 17 159 23 149
35 3 1 15 7 21 19 14 4 13 145 20 64 28 199 29 133 3 16 58 21 14 28 53 3 3 136 15 76 18 152 4 13 37 20 85 28 138 29 93 2 5 13 12 3 3 2 172 12 185 15 89 2 4 130 9 91 3 4 259 6 57 10 296 3 11 115 17 63 20 19 2 7 21 15 5 4 13 105 20 172 28 51 29 151 3 4 23 8 164 29 173 3 15 145 21 213 23 238 2 9 198 12 147 3 2 141 10 102 22 32 2 11 93 18 42 2 9 212 21 191 2 17 96 18 83 2 12 212 26 113 3 11 90 17 122 20 21 3 3 45 12 14 23 42 3 8 194 9 196 13 183 3 3 39 6 195 14 161 3 7 114 15 166 19 78 3 16 27 21 80 28 41 2 20 132 28 66 3 15 9 21 54 25 45 2 15 111 22 33 3 11 125 17 80 20 47 2 23 48 30 37 3 12 184 27 174 29 86 3 11 148 24 57 29 135 2 7 77 24 149 2 17 159 23 149
35 3 1 15 7 21 19 14 4 13 145 20 64 28 199 29 133 3 16 58 21 14 28 53 3 3 136 15 76 18 152 4 13 37 20 85 28 138 29 93 2 5 13 12 3 3 2 172 12 185 15 89 2 4 130 9 91 3 4 259 6 57 10 296 3 11 115 17 63 20 19 2 7 21 15 5 4 13 105 20 172 28 51 29 151 3 4 23 8 164 29 173 3 15 145 21 213 23 238 2 9 198 12 147 3 2 141 10 102 22 32 2 11 93 18 42 2 9 212 21 191 2 17 96 18 83 2 12 212 26 113 3 11 90 17 122 20 21 3 3 45 12 14 23 42 3 8 194 9 196 13 183 3 3 39 6 195 14 161 3 7 114 15 166 19 78 3 16 27 21 80 28 41 2 20 132 28 66 3 15 9 21 54 25 45 2 15 111 22 33 3 11 125 17 80 20 47 2 23 48 30 37 3 12 184 27 174 29 86 3 11 148 24 57 29 135 2 7 77 24 149 2 17 159 23 149
36 3 1 14 7 24 19 15 3 2 201 10 126 22 133 3 1 11 7 8 19 37 3 2 178 12 168 15 148 3 3 119 15 177 18 203 4 13 164 20 126 28 147 29 120 2 4 182 9 85 3 8 43 9 142 13 101 2 5 9 12 12 3 3 51 15 189 18 67 2 9 143 21 140 3 4 166 6 103 10 169 4 13 127 20 117 28 72 29 197 2 7 7 15 4 3 8 37 9 221 13 111 3 4 113 8 32 29 47 2 15 92 22 99 2 9 85 12 222 3 11 119 24 90 29 194 2 11 125 18 121 3 3 18 12 30 23 30 3 3 147 6 75 14 79 3 4 300 6 284 10 265 3 15 150 21 321 23 310 3 7 181 15 97 19 165 2 7 150 24 172 3 16 21 21 30 28 15 3 11 79 17 141 20 77 2 17 79 18 64 2 20 231 28 195 2 17 111 23 37 3 15 38 21 65 25 27 2 17 139 23 98 2 12 208 26 233 3 12 82 27 34 29 31 2 23 132 30 57
36 3 1 14 7 24 19 15 3 2 201 10 126 22 133 3 1 11 7 8 19 37 3 2 178 12 168 15 148 3 3 119 15 177 18 203 4 13 164 20 126 28 147 29 120 2 4 182 9 85 3 8 43 9 142 13 101 2 5 9 12 12 3 3 51 15 189 18 67 2 9 143 21 140 3 4 166 6 103 10 169 4 13 127 20 117 28 72 29 197 2 7 7 15 4 3 8 37 9 221 13 111 3 4 113 8 32 29 47 2 15 92 22 99 2 9 85 12 222 3 11 119 24 90 29 194 2 11 125 18 121 3 3 18 12 30 23 30 3 3 147 6 75 14 79 3 4 300 6 284 10 265 3 15 150 21 321 23 310 3 7 181 15 97 19 165 2 7 150 24 172 3 16 21 21 30 28 15 3 11 79 17 141 20 77 2 17 79 18 64 2 20 231 28 195 2 17 111 23 37 3 15 38 21 65 25 27 2 17 139 23 98 2 12 208 26 233 3 12 82 27 34 29 31 2 23 132 30 57
38 3 1 10 7 21 19 42 3 2 273 12 85 15 109 3 3 40 15 82 18 199 2 4 169 9 258 3 1 28 7 10 19 12 2 20 57 28 185 2 5 1 12 8 3 4 112 6 237 10 155 2 7 15 15 21 2 7 135 24 104 3 4 62 8 69 29 37 2 20 249 28 161 2 9 112 12 103 3 11 73 17 148 20 37 3 2 152 10 119 22 190 2 11 139 18 86 3 3 32 12 39 23 44 3 15 61 21 38 25 37 2 15 29 22 74 3 11 125 17 49 20 107 3 8 229 9 222 13 146 3 12 179 27 118 29 171 3 3 150 6 43 14 201 2 5 3 12 2 2 17 32 18 40 2 7 126 24 42 3 15 91 21 138 23 99 2 23 165 30 150 3 7 73 15 120 19 67 3 16 95 21 109 28 75 2 9 83 21 200 2 23 114 30 159 2 12 126 26 32 2 17 84 23 103 3 15 38 21 263 23 329 4 13 105 20 201 28 62 29 142 2 4 156 9 192 3 11 160 24 138 29 95
38 3 1 10 7 21 19 42 3 2 273 12 85 15 109 3 3 40 15 82 18 199 2 4 169 9 258 3 1 28 7 10 19 12 2 20 57 28 185 2 5 1 12 8 3 4 112 6 237 10 155 2 7 15 15 21 2 7 135 24 104 3 4 62 8 69 29 37 2 20 249 28 161 2 9 112 12 103 3 11 73 17 148 20 37 3 2 152 10 119 22 190 2 11 139 18 86 3 3 32 12 39 23 44 3 15 61 21 38 25 37 2 15 29 22 74 3 11 125 17 49 20 107 3 8 229 9 222 13 146 3 12 179 27 118 29 171 3 3 150 6 43 14 201 2 5 3 12 2 2 17 32 18 40 2 7 126 24 42 3 15 91 21 138 23 99 2 23 165 30 150 3 7 73 15 120 19 67 3 16 95 21 109 28 75 2 9 83 21 200 2 23 114 30 159 2 12 126 26 32 2 17 84 23 103 3 15 38 21 263 23 329 4 13 105 20 201 28 62 29 142 2 4 156 9 192 3 11 160 24 138 29 95
34 3 1 17 7 9 19 23 3 2 192 12 152 15 277 3 7 165 15 149 19 245 2 5 9 12 15 3 3 157 15 63 18 68 2 4 263 9 184 2 11 137 18 114 3 4 175 6 170 10 127 2 7 13 15 4 3 4 128 8 62 29 119 3 4 45 6 258 10 149 2 9 33 12 226 3 2 26 10 190 22 52 3 3 44 12 16 23 16 3 8 95 9 87 13 75 2 9 206 12 141 3 3 229 6 140 14 157 2 15 129 22 134 3 11 117 17 168 20 123 2 17 80 23 91 3 15 273 21 250 23 120 3 16 74 21 117 28 103 3 4 48 8 47 29 68 2 17 12 18 42 2 20 189 28 198 2 9 64 21 174 2 7 54 24 75 3 15 53 21 20 25 62 4 13 154 20 71 28 180 29 115 2 4 96 9 136 3 12 196 27 196 29 175 2 23 25 30 69 2 12 176 26 56 3 11 97 24 174 29 91
36 3 1 37 7 20 19 37 3 3 259 6 102 14 236 3 2 227 12 225 15 141 3 3 105 6 188 14 281 3 3 115 15 35 18 83 2 4 191 9 68 2 5 10 12 13 3 4 184 6 160 10 138 3 3 231 6 148 14 207 3 12 188 27 122 29 24 3 3 108 6 79 14 98 2 7 6 15 16 3 4 104 8 204 29 128 3 12 49 27 131 29 123 2 17 36 23 70 3 3 236 6 245 14 274 2 9 91 12 99 2 11 48 18 145 3 2 142 10 195 22 153 3 3 16 12 16 23 16 3 11 132 17 40 20 98 3 8 210 9 79 13 164 3 15 298 21 94 23 224 3 16 101 21 28 28 94 2 17 73 18 49 3 7 84 15 73 19 244 2 15 42 22 63 3 7 74 15 88 19 118 3 11 171 24 110 29 179 2 20 243 28 186 2 7 78 24 63 2 9 173 21 221 3 15 36 21 28 25 67 2 12 254 26 264 4 13 116 20 104 28 101 29 22 2 23 91 30 70
36 3 1 37 7 20 19 37 3 3 259 6 102 14 236 3 2 227 12 225 15 141 3 3 105 6 188 14 281 3 3 115 15 35 18 83 2 4 191 9 68 2 5 10 12 13 3 4 184 6 160 10 138 3 3 231 6 148 14 207 3 12 188 27 122 29 24 3 3 108 6 79 14 98 2 7 6 15 16 3 4 104 8 204 29 128 3 12 49 27 131 29 123 2 17 36 23 70 3 3 236 6 245 14 274 2 9 91 12 99 2 11 48 18 145 3 2 142 10 195 22 153 3 3 16 12 16 23 16 3 11 132 17 40 20 98 3 8 210 9 79 13 164 3 15 298 21 94 23 224 3 16 101 21 28 28 94 2 17 73 18 49 3 7 84 15 73 19 244 2 15 42 22 63 3 7 74 15 88 19 118 3 11 171 24 110 29 179 2 20 243 28 186 2 7 78 24 63 2 9 173 21 221 3 15 36 21 28 25 67 2 12 254 26 264 4 13 116 20 104 28 101 29 22 2 23 91 30 70
36 3 1 24 7 26 19 28 3 2 28 10 184 22 71 3 1 9 7 27 19 41 3 2 75 12 199 15 244 3 3 230 15 254 18 230 4 13 125 20 132 28 148 29 35 2 4 113 9 150 3 8 82 9 195 13 215 2 5 3 12 6 3 3 59 15 213 18 43 2 9 67 21 237 3 4 193 6 54 10 65 4 13 109 20 163 28 160 29 130 2 7 19 15 17 3 8 158 9 202 13 88 3 4 64 8 143 29 102 2 15 33 22 124 2 9 185 12 83 3 11 81 24 55 29 178 2 11 161 18 143 3 3 38 12 8 23 9 3 3 245 6 207 14 160 3 4 186 6 227 10 300 3 15 160 21 39 23 191 3 7 127 15 206 19 156 2 7 76 24 124 3 16 69 21 94 28 24 3 11 26 17 92 20 27 2 17 34 18 15 2 20 246 28 37 2 17 22 23 118 3 15 63 21 32 25 59 2 17 111 23 105 2 12 57 26 163 3 12 170 27 45 29 167 2 23 154 30 135
36 3 1 24 7 26 19 28 3 2 28 10 184 22 71 3 1 9 7 27 19 41 3 2 75 12 199 15 244 3 3 230 15 254 18 230 4 13 125 20 132 28 148 29 35 2 4 113 9 150 3 8 82 9 195 13 215 2 5 3 12 6 3 3 59 15 213 18 43 2 9 67 21 237 3 4 193 6 54 10 65 4 13 109 20 163 28 160 29 130 2 7 19 15 17 3 8 158 9 202 13 88 3 4 64 8 143 29 102 2 15 33 22 124 2 9 185 12 83 3 11 81 24 55 29 178 2 11 161 18 143 3 3 38 12 8 23 9 3 3 245 6 207 14 160 3 4 186 6 227 10 300 3 15 160 21 39 23 191 3 7 127 15 206 19 156 2 7 76 24 124 3 16 69 21 94 28 24 3 11 26 17 92 20 27 2 17 34 18 15 2 20 246 28 37 2 17 22 23 118 3 15 63 21 32 25 59 2 17 111 23 105 2 12 57 26 163 3 12 170 27 45 29 167 2 23 154 30 135
36 3 1 37 7 6 19 17 3 3 154 6 208 14 166 3 2 196 12 79 15 93 3 3 118 6 286 14 267 3 3 182 15 147 18 150 2 4 246 9 110 2 5 11 12 6 3 4 242 6 212 10 56 3 3 240 6 57 14 168 3 12 148 27 127 29 151 3 3 278 6 72 14 63 2 7 5 15 4 3 4 41 8 75 29 172 3 12 67 27 126 29 75 2 17 125 23 160 3 3 273 6 143 14 205 2 9 229 12 132 2 11 81 18 159 3 2 130 10 30 22 78 3 3 42 12 38 23 38 3 11 19 17 83 20 87 3 8 53 9 187 13 208 3 15 290 21 127 23 295 3 16 95 21 119 28 33 2 17 94 18 43 3 7 261 15 256 19 92 2 15 81 22 64 3 7 36 15 126 19 48 3 11 79 24 189 29 93 2 20 245 28 179 2 7 149 24 33 2 9 170 21 110 3 15 40 21 55 25 10 2 12 73 26 214 4 13 54 20 33 28 82 29 47 2 23 102 30 106
33 3 1 38 7 20 19 20 3 2 119 12 247 15 164 3 3 133 15 124 18 147 3 12 27 27 74 29 82 3 11 107 24 34 29 97 2 4 208 9 53 2 5 4 12 4 3 11 90 24 77 29 130 3 4 45 6 50 10 222 3 16 115 21 48 28 119 2 7 6 15 21 3 11 130 17 131 20 155 4 13 90 20 132 28 202 29 81 3 4 111 8 118 29 142 2 9 121 12 56 2 11 69 18 65 3 2 193 10 84 22 24 3 3 33 12 43 23 9 2 9 53 21 150 3 16 117 21 32 28 70 3 8 65 9 79 13 89 3 15 101 21 94 23 135 2 20 64 28 88 3 3 54 6 172 14 36 2 17 36 18 15 3 7 223 15 245 19 146 2 9 121 12 188 2 15 79 22 17 2 23 150 30 113 2 17 126 23 98 3 15 21 21 39 25 33 2 7 97 24 74 2 12 127 26 37
33 3 1 38 7 20 19 20 3 2 119 12 247 15 164 3 3 133 15 124 18 147 3 12 27 27 74 29 82 3 11 107 24 34 29 97 2 4 208 9 53 2 5 4 12 4 3 11 90 24 77 29 130 3 4 45 6 50 10 222 3 16 115 21 48 28 119 2 7 6 15 21 3 11 130 17 131 20 155 4 13 90 20 132 28 202 29 81 3 4 111 8 118 29 142 2 9 121 12 56 2 11 69 18 65 3 2 193 10 84 22 24 3 3 33 12 43 23 9 2 9 53 21 150 3 16 117 21 32 28 70 3 8 65 9 79 13 89 3 15 101 21 94 23 135 2 20 64 28 88 3 3 54 6 172 14 36 2 17 36 18 15 3 7 223 15 245 19 146 2 9 121 12 188 2 15 79 22 17 2 23 150 30 113 2 17 126 23 98 3 15 21 21 39 25 33 2 7 97 24 74 2 12 127 26 37
36 3 1 23 7 32 19 12 3 3 153 6 185 14 133 3 2 46 12 167 15 277 3 3 162 6 178 14 67 3 3 231 15 253 18 198 2 4 42 9 182 2 5 3 12 15 3 4 182 6 157 10 42 3 3 160 6 79 14 166 3 12 159 27 150 29 193 3 3 120 6 172 14 121 2 7 31 15 28 3 4 187 8 95 29 138 3 12 136 27 84 29 100 2 17 21 23 154 3 3 115 6 159 14 50 2 9 48 12 119 2 11 81 18 30 3 2 125 10 180 22 168 3 3 10 12 49 23 33 3 11 46 17 43 20 101 3 8 166 9 105 13 174 3 15 200 21 293 23 58 3 16 86 21 90 28 44 2 17 48 18 19 3 7 50 15 136 19 156 2 15 67 22 96 3 7 133 15 248 19 252 3 11 120 24 55 29 91 2 20 225 28 129 2 7 108 24 33 2 9 132 21 267 3 15 39 21 54 25 38 2 12 82 26 110 4 13 196 20 94 28 27 29 96 2 23 136 30 72
36 3 1 22 7 39 19 22 3 2 140 12 183 15 117 3 3 157 15 225 18 119 3 1 42 7 6 19 35 2 12 108 26 132 3 2 139 12 194 15 266 2 17 57 18 78 3 11 162 24 43 29 177 3 1 30 7 7 19 23 3 11 26 17 85 20 137 3 3 124 15 245 18 95 2 9 169 12 151 2 4 242 9 270 3 3 222 6 114 14 187 2 9 250 21 185 2 17 146 23 142 3 15 32 21 48 25 15 2 5 15 12 9 3 4 235 6 83 10 55 2 7 32 15 16 3 4 128 8 164 29 175 4 13 96 20 26 28 148 29 47 3 2 145 10 154 22 90 2 11 193 18 194 3 3 55 12 31 23 28 3 8 209 9 107 13 145 3 2 175 12 67 15 211 3 15 69 21 198 23 222 3 16 114 21 34 28 57 3 3 135 15 53 18 91 2 7 165 24 139 3 7 69 15 115 19 253 2 20 55 28 40 3 12 45 27 56 29 65 2 15 122 22 47 2 23 84 30 117
37 3 2 166 12 247 15 153 3 1 18 7 9 19 36 3 3 166 15 245 18 83 3 2 244 12 228 15 72 2 4 172 9 179 2 17 62 18 94 2 5 8 12 7 3 4 193 6 38 10 77 2 7 24 15 7 3 4 51 8 79 29 62 2 9 92 12 51 3 2 88 10 144 22 138 3 2 115 12 223 15 63 2 12 37 26 78 2 23 144 30 97 2 11 182 18 155 2 9 247 21 234 3 3 76 6 192 14 127 3 7 217 15 116 19 71 3 11 88 17 118 20 163 3 3 29 12 56 23 27 3 3 205 6 57 14 38 3 8 202 9 52 13 177 3 15 279 21 40 23 130 4 13 193 20 122 28 26 29 46 3 16 41 21 102 28 67 3 2 254 12 263 15 129 2 20 141 28 244 2 23 68 30 61 2 15 130 22 123 2 7 141 24 55 3 7 41 15 172 19 105 2 17 73 23 40 3 15 9 21 67 25 29 3 2 74 10 113 22 64 3 12 196 27 199 29 149 3 11 90 24 179 29 101
37 3 2 166 12 247 15 153 3 1 18 7 9 19 36 3 3 166 15 245 18 83 3 2 244 12 228 15 72 2 4 172 9 179 2 17 62 18 94 2 5 8 12 7 3 4 193 6 38 10 77 2 7 24 15 7 3 4 51 8 79 29 62 2 9 92 12 51 3 2 88 10 144 22 138 3 2 115 12 223 15 63 2 12 37 26 78 2 23 144 30 97 2 11 182 18 155 2 9 247 21 234 3 3 76 6 192 14 127 3 7 217 15 116 19 71 3 11 88 17 118 20 163 3 3 29 12 56 23 27 3 3 205 6 57 14 38 3 8 202 9 52 13 177 3 15 279 21 40 23 130 4 13 193 20 122 28 26 29 46 3 16 41 21 102 28 67 3 2 254 12 263 15 129 2 20 141 28 244 2 23 68 30 61 2 15 130 22 123 2 7 141 24 55 3 7 41 15 172 19 105 2 17 73 23 40 3 15 9 21 67 25 29 3 2 74 10 113 22 64 3 12 196 27 199 29 149 3 11 90 24 179 29 101
36 3 1 24 7 21 19 25 3 2 200 10 168 22 45 3 1 35 7 31 19 9 3 2 219 12 221 15 130 3 3 199 15 141 18 164 4 13 185 20 75 28 73 29 87 2 4 220 9 58 3 8 219 9 203 13 170 2 5 11 12 10 3 3 171 15 240 18 38 2 9 71 21 170 3 4 46 6 244 10 85 4 13 106 20 131 28 156 29 48 2 7 23 15 28 3 8 210 9 35 13 225 3 4 95 8 184 29 33 2 15 52 22 126 2 9 175 12 218 3 11 180 24 138 29 193 2 11 90 18 86 3 3 17 12 16 23 30 3 3 215 6 114 14 164 3 4 308 6 295 10 238 3 15 300 21 293 23 277 3 7 245 15 72 19 191 2 7 106 24 83 3 16 21 21 58 28 54 3 11 59 17 114 20 63 2 17 21 18 70 2 20 225 28 90 2 17 71 23 38 3 15 12 21 33 25 62 2 17 116 23 21 2 12 111 26 50 3 12 107 27 43 29 28 2 23 33 30 65
36 3 1 24 7 21 19 25 3 2 200 10 168 22 45 3 1 35 7 31 19 9 3 2 219 12 221 15 130 3 3 199 15 141 18 164 4 13 185 20 75 28 73 29 87 2 4 220 9 58 3 8 219 9 203 13 170 2 5 11 12 10 3 3 171 15 240 18 38 2 9 71 21 170 3 4 46 6 244 10 85 4 13 106 20 131 28 156 29 48 2 7 23 15 28 3 8 210 9 35 13 225 3 4 95 8 184 29 33 2 15 52 22 126 2 9 175 12 218 3 11 180 24 138 29 193 2 11 90 18 86 3 3 17 12 16 23 30 3 3 215 6 114 14 164 3 4 308 6 295 10 238 3 15 300 21 293 23 277 3 7 245 15 72 19 191 2 7 106 24 83 3 16 21 21 58 28 54 3 11 59 17 114 20 63 2 17 21 18 70 2 20 225 28 90 2 17 71 23 38 3 15 12 21 33 25 62 2 17 116 23 21 2 12 111 26 50 3 12 107 27 43 29 28 2 23 33 30 65
34 3 1 19 7 31 19 38 3 2 69 12 81 15 165 3 7 87 15 191 19 195 2 5 7 12 4 3 3 231 15 188 18 39 2 4 202 9 133 2 11 43 18 108 3 4 299 6 74 10 277 2 7 21 15 8 3 4 131 8 165 29 130 3 4 233 6 257 10 225 2 9 31 12 83 3 2 81 10 81 22 162 3 3 55 12 37 23 23 3 8 41 9 60 13 94 2 9 168 12 35 3 3 73 6 120 14 138 2 15 44 22 120 3 11 77 17 90 20 149 2 17 65 23 166 3 15 121 21 140 23 252 3 16 19 21 98 28 87 3 4 187 8 132 29 110 2 17 26 18 25 2 20 244 28 63 2 9 140 21 95 2 7 109 24 129 3 15 16 21 54 25 30 4 13 199 20 51 28 154 29 173 2 4 89 9 124 3 12 46 27 175 29 99 2 23 103 30 47 2 12 134 26 41 3 11 90 24 165 29 128
35 2 11 167 18 32 3 1 32 7 42 19 15 3 2 206 12 36 15 124 3 3 205 15 169 18 150 2 4 52 9 204 3 2 274 12 257 15 157 2 5 15 12 11 3 4 272 6 202 10 112 3 12 165 27 178 29 123 2 7 24 15 6 3 4 136 8 46 29 103 2 9 182 12 38 4 13 187 20 198 28 67 29 95 2 11 191 18 32 2 23 25 30 57 3 2 44 10 164 22 97 4 13 54 20 141 28 90 29 181 3 3 13 12 11 23 23 3 8 147 9 226 13 53 3 3 53 12 54 23 56 2 17 101 18 74 3 3 58 6 171 14 194 3 15 73 21 108 23 242 3 16 24 21 52 28 110 3 11 87 17 155 20 129 3 7 171 15 126 19 149 2 20 174 28 227 2 9 45 21 71 2 15 117 22 121 2 9 199 12 166 2 17 115 23 53 2 12 269 26 84 2 7 118 24 165 3 11 135 24 154 29 57 3 15 36 21 64 25 66
38 2 17 81 18 78 2 7 6 15 16 3 11 181 24 57 29 85 2 7 25 15 29 3 1 18 7 10 19 9 3 7 71 15 249 19 37 3 2 178 12 192 15 227 3 11 47 24 72 29 140 3 3 36 15 178 18 106 2 4 59 9 238 3 11 136 17 119 20 42 3 1 24 7 36 19 27 2 5 13 12 14 2 7 142 24 163 2 9 182 12 63 2 17 40 23 60 2 12 55 26 41 3 3 167 6 118 14 232 3 4 248 6 138 10 48 3 4 87 8 55 29 162 2 9 106 12 104 3 8 119 9 53 13 56 2 17 74 18 90 3 16 72 21 94 28 37 2 15 59 22 89 3 2 186 10 99 22 203 2 23 140 30 144 3 15 46 21 52 25 22 2 11 124 18 83 3 3 37 12 30 23 19 2 7 38 24 93 3 15 184 21 263 23 311 3 15 55 21 28 25 18 2 20 125 28 170 2 9 59 21 208 3 2 174 10 44 22 173 3 12 186 27 112 29 179 4 13 127 20 176 28 130 29 169
38 2 17 81 18 78 2 7 6 15 16 3 11 181 24 57 29 85 2 7 25 15 29 3 1 18 7 10 19 9 3 7 71 15 249 19 37 3 2 178 12 192 15 227 3 11 47 24 72 29 140 3 3 36 15 178 18 106 2 4 59 9 238 3 11 136 17 119 20 42 3 1 24 7 36 19 27 2 5 13 12 14 2 7 142 24 163 2 9 182 12 63 2 17 40 23 60 2 12 55 26 41 3 3 167 6 118 14 232 3 4 248 6 138 10 48 3 4 87 8 55 29 162 2 9 106 12 104 3 8 119 9 53 13 56 2 17 74 18 90 3 16 72 21 94 28 37 2 15 59 22 89 3 2 186 10 99 22 203 2 23 140 30 144 3 15 46 21 52 25 22 2 11 124 18 83 3 3 37 12 30 23 19 2 7 38 24 93 3 15 184 21 263 23 311 3 15 55 21 28 25 18 2 20 125 28 170 2 9 59 21 208 3 2 174 10 44 22 173 3 12 186 27 112 29 179 4 13 127 20 176 28 130 29 169
36 3 1 6 7 39 19 34 3 3 38 6 230 14 255 3 2 168 12 237 15 37 3 3 105 6 78 14 186 3 3 203 15 146 18 47 2 4 85 9 226 2 5 2 12 11 3 4 227 6 245 10 159 3 3 54 6 280 14 188 3 12 42 27 170 29 166 3 3 278 6 265 14 258 2 7 10 15 11 3 4 130 8 65 29 50 3 12 151 27 115 29 143 2 17 46 23 131 3 3 238 6 74 14 102 2 9 67 12 36 2 11 104 18 136 3 2 72 10 211 22 213 3 3 8 12 36 23 38 3 11 99 17 19 20 144 3 8 215 9 225 13 224 3 15 167 21 313 23 271 3 16 97 21 79 28 57 2 17 25 18 78 3 7 145 15 67 19 78 2 15 104 22 112 3 7 92 15 239 19 116 3 11 180 24 147 29 52 2 20 114 28 217 2 7 145 24 148 2 9 231 21 102 3 15 37 21 56 25 59 2 12 212 26 34 4 13 113 20 110 28 190 29 126 2 23 149 30 100
38 3 1 5 7 24 19 22 3 2 141 12 140 15 188 3 1 38 7 38 19 30 3 3 84 15 250 18 126 2 5 3 12 15 2 17 163 23 137 3 3 166 6 221 14 194 2 4 258 9 107 3 8 121 9 221 13 215 3 4 218 6 210 10 186 3 15 323 21 170 23 156 3 2 45 10 113 22 174 3 15 263 21 138 23 217 2 17 56 18 44 3 3 76 6 78 14 134 2 7 8 15 16 3 4 150 8 107 29 90 2 9 151 12 119 2 11 68 18 159 2 9 83 12 191 3 3 24 12 19 23 56 3 16 78 21 95 28 111 3 11 48 17 95 20 56 4 13 179 20 94 28 156 29 117 3 7 209 15 242 19 99 2 4 136 9 217 2 20 75 28 214 2 9 71 12 45 2 9 218 21 81 3 11 140 17 71 20 91 2 15 20 22 106 3 11 127 24 47 29 121 2 17 144 23 133 2 23 95 30 131 2 7 114 24 84 3 15 66 21 50 25 59 2 12 68 26 170 3 12 143 27 145 29 197
33 3 1 38 7 42 19 8 3 2 132 12 37 15 96 3 7 149 15 43 19 170 2 17 40 23 97 3 3 143 15 220 18 89 2 4 42 9 106 2 5 12 12 10 3 4 171 6 278 10 220 3 3 157 15 167 18 177 2 7 7 15 28 3 4 122 8 119 29 97 2 7 28 15 12 2 9 225 12 197 3 16 110 21 58 28 54 4 13 81 20 129 28 58 29 116 3 11 179 24 71 29 159 3 2 71 10 85 22 194 2 20 67 28 139 2 11 75 18 183 2 9 85 21 97 2 12 274 26 153 3 3 52 12 37 23 51 2 15 88 22 97 3 11 37 17 147 20 63 3 12 185 27 172 29 62 3 8 193 9 162 13 92 3 2 66 10 126 22 171 3 3 268 6 258 14 94 3 15 192 21 273 23 328 3 15 62 21 51 25 37 2 17 86 18 62 2 7 24 24 44 2 23 81 30 31
35 3 2 192 12 241 15 243 2 9 216 12 231 3 1 33 7 40 19 27 3 3 213 15 111 18 78 2 4 122 9 63 2 9 208 12 87 2 5 15 12 12 2 15 97 22 97 3 4 56 6 226 10 220 2 7 19 15 25 2 11 195 18 98 3 11 135 17 168 20 81 3 4 81 8 128 29 204 3 2 187 10 76 22 123 3 3 32 12 13 23 37 2 11 172 18 190 3 8 84 9 49 13 96 3 3 111 6 226 14 84 3 15 139 21 245 23 167 3 15 16 21 16 25 55 3 16 75 21 122 28 20 2 17 26 18 85 3 12 71 27 23 29 42 2 11 41 18 127 2 17 132 23 49 3 15 22 21 17 25 26 3 7 160 15 150 19 88 3 1 27 7 6 19 20 2 20 53 28 140 2 9 109 21 44 2 7 154 24 42 2 12 236 26 58 4 13 183 20 134 28 68 29 105 3 11 39 24 27 29 98 2 23 95 30 28
35 3 1 7 7 20 19 12 4 13 202 20 45 28 65 29 82 3 16 109 21 82 28 87 3 3 107 15 157 18 243 4 13 165 20 62 28 149 29 166 2 5 6 12 13 3 2 153 12 131 15 229 2 4 102 9 39 3 4 203 6 291 10 58 3 11 78 17 132 20 37 2 7 27 15 21 4 13 144 20 132 28 193 29 30 3 4 130 8 99 29 200 3 15 232 21 76 23 311 2 9 148 12 224 3 2 142 10 167 22 177 2 11 142 18 33 2 9 151 21 148 2 17 47 18 14 2 12 129 26 88 3 11 41 17 52 20 44 3 3 46 12 19 23 31 3 8 44 9 134 13 106 3 3 206 6 219 14 98 3 7 195 15 150 19 35 3 16 34 21 30 28 51 2 20 74 28 49 3 15 26 21 25 25 56 2 15 34 22 22 3 11 129 17 105 20 159 2 23 101 30 56 3 12 130 27 160 29 197 3 11 84 24 198 29 43 2 7 86 24 175 2 17 41 23 143
35 3 1 7 7 20 19 12 4 13 202 20 45 28 65 29 82 3 16 109 21 82 28 87 3 3 107 15 157 18 243 4 13 165 20 62 28 149 29 166 2 5 6 12 13 3 2 153 12 131 15 229 2 4 102 9 39 3 4 203 6 291 10 58 3 11 78 17 132 20 37 2 7 27 15 21 4 13 144 20 132 28 193 29 30 3 4 130 8 99 29 200 3 15 232 21 76 23 311 2 9 148 12 224 3 2 142 10 167 22 177 2 11 142 18 33 2 9 151 21 148 2 17 47 18 14 2 12 129 26 88 3 11 41 17 52 20 44 3 3 46 12 19 23 31 3 8 44 9 134 13 106 3 3 206 6 219 14 98 3 7 195 15 150 19 35 3 16 34 21 30 28 51 2 20 74 28 49 3 15 26 21 25 25 56 2 15 34 22 22 3 11 129 17 105 20 159 2 23 101 30 56 3 12 130 27 160 29 197 3 11 84 24 198 29 43 2 7 86 24 175 2 17 41 23 143
36 3 1 23 7 30 19 39 3 3 197 6 59 14 281 3 2 120 12 131 15 132 3 3 288 6 146 14 158 3 3 96 15 243 18 255 2 4 186 9 247 2 5 2 12 4 3 4 35 6 192 10 248 3 3 153 6 156 14 113 3 12 191 27 118 29 156 3 3 213 6 106 14 181 2 7 21 15 27 3 4 55 8 167 29 157 3 12 155 27 145 29 126 2 17 71 23 160 3 3 208 6 231 14 154 2 9 108 12 62 2 11 39 18 28 3 2 104 10 44 22 72 3 3 48 12 24 23 34 3 11 68 17 151 20 122 3 8 39 9 123 13 38 3 15 202 21 122 23 282 3 16 102 21 87 28 90 2 17 32 18 43 3 7 253 15 128 19 183 2 15 62 22 54 3 7 185 15 95 19 133 3 11 91 24 112 29 97 2 20 242 28 200 2 7 147 24 126 2 9 78 21 240 3 15 16 21 65 25 61 2 12 107 26 84 4 13 77 20 155 28 78 29 122 2 23 94 30 25
36 3 1 15 7 34 19 14 3 2 47 12 211 15 123 3 3 230 15 203 18 60 3 1 36 7 32 19 42 2 12 144 26 144 3 2 243 12 91 15 148 2 17 72 18 19 3 11 108 24 129 29 29 3 1 22 7 36 19 16 3 11 131 17 167 20 40 3 3 170 15 135 18 228 2 9 177 12 39 2 4 257 9 44 3 3 246 6 139 14 265 2 9 200 21 194 2 17 33 23 150 3 15 58 21 15 25 23 2 5 4 12 10 3 4 225 6 49 10 139 2 7 29 15 22 3 4 126 8 167 29 56 4 13 199 20 189 28 40 29 151 3 2 98 10 63 22 210 2 11 59 18 67 3 3 13 12 56 23 24 3 8 220 9 65 13 34 3 2 66 12 131 15 134 3 15 147 21 301 23 181 3 16 14 21 96 28 29 3 3 162 15 54 18 223 2 7 93 24 67 3 7 219 15 152 19 37 2 20 203 28 44 3 12 176 27 101 29 165 2 15 67 22 27 2 23 37 30 131
DUE_DATES: 6761 6761 6761 6761 7520 7520 7844 7178 7178 7178 7178 6618 6618 6618 5644 7493 7493 6505 6505 6505 7324 7324 7228 7228 6882 7679 7679 7054 7054 7677 5354 5354 7117 7316 7474 7474 7189 7189 6371 7008 6760 6760 7934 7992 6376 6272 6409 6409 7555 6760
WEIGHTS: 3 1 1 3 3 1 3 3 1 2 2 1 3 3 2 2 3 3 3 2 2 3 2 2 1 3 3 1 1 1 1 3 2 1 2 2 1 2 1 2 3 1 2 2 2 3 1 2 1 3
