50 30
36 1 18 189 2 5 88 29 268 2 5 92 23 43 1 18 148 2 1 47 2 192 2 11 103 19 37 3 16 157 20 112 27 29 3 21 43 25 137 28 81 2 9 80 25 118 3 2 23 15 70 24 135 1 3 201 2 6 5 8 16 3 4 143 9 162 16 104 3 18 125 19 141 29 261 2 7 9 14 11 3 8 38 21 77 23 57 3 9 7 10 5 23 3 2 12 237 19 66 3 5 40 13 18 22 87 2 7 4 14 5 2 14 7 15 9 3 15 53 23 12 29 35 3 6 235 17 345 20 49 3 16 35 20 149 27 31 3 8 75 23 151 27 62 3 15 73 20 115 26 222 2 28 39 29 88 3 6 336 17 91 20 227 2 5 47 22 134 3 5 20 13 57 22 77 3 3 167 8 84 23 101 3 3 74 19 91 24 49 3 16 62 20 96 27 74 3 19 256 25 166 27 144 2 24 216 26 165 3 1 82 2 14 30 83
36 1 18 189 2 5 88 29 268 2 5 92 23 43 1 18 148 2 1 47 2 192 2 11 103 19 37 3 16 157 20 112 27 29 3 21 43 25 137 28 81 2 9 80 25 118 3 2 23 15 70 24 135 1 3 201 2 6 5 8 16 3 4 143 9 162 16 104 3 18 125 19 141 29 261 2 7 9 14 11 3 8 38 21 77 23 57 3 9 7 10 5 23 3 2 12 237 19 66 3 5 40 13 18 22 87 2 7 4 14 5 2 14 7 15 9 3 15 53 23 12 29 35 3 6 235 17 345 20 49 3 16 35 20 149 27 31 3 8 75 23 151 27 62 3 15 73 20 115 26 222 2 28 39 29 88 3 6 336 17 91 20 227 2 5 47 22 134 3 5 20 13 57 22 77 3 3 167 8 84 23 101 3 3 74 19 91 24 49 3 16 62 20 96 27 74 3 19 256 25 166 27 144 2 24 216 26 165 3 1 82 2 14 30 83
36 2 1 191 2 51 3 1 25 2 99 30 106 3 2 95 15 111 24 75 3 1 105 2 41 30 45 1 3 198 3 2 96 15 102 24 106 3 18 112 19 113 29 273 3 4 173 9 167 16 59 2 5 67 23 126 2 7 16 14 7 2 6 5 8 17 3 8 113 21 56 23 144 3 3 97 19 34 24 33 2 6 5 8 20 2 9 80 25 47 2 28 96 29 99 3 9 2 10 8 23 8 2 5 255 23 198 2 5 250 29 39 2 11 79 19 208 2 12 213 19 50 3 5 24 13 72 22 35 2 14 5 15 2 3 15 13 23 7 29 8 3 16 55 20 67 27 172 3 3 30 8 168 23 129 3 8 37 23 23 27 89 3 6 277 17 54 20 127 3 15 159 20 234 26 86 1 18 191 2 11 113 19 130 3 21 94 25 63 28 73 2 5 130 22 71 3 19 148 25 188 27 223 3 15 228 20 116 26 249 2 24 100 26 42
32 2 12 38 19 183 2 1 179 2 214 3 2 99 15 91 24 21 1 3 208 3 4 45 9 201 16 147 3 16 142 20 143 27 140 3 4 200 9 176 16 104 1 18 44 2 5 197 23 173 2 28 98 29 90 2 11 198 19 205 2 6 19 8 4 2 7 14 14 11 3 8 329 21 236 23 266 2 9 118 25 110 2 5 31 22 157 3 18 180 19 137 29 260 2 5 120 29 190 3 9 5 10 9 23 1 3 5 17 13 88 22 79 1 3 168 2 14 5 15 7 3 15 33 23 11 29 36 2 24 148 26 86 3 19 167 25 194 27 220 3 6 337 17 66 20 126 3 15 186 20 132 26 168 3 8 152 23 45 27 121 3 21 109 25 60 28 50 3 3 104 8 163 23 29 3 1 108 2 79 30 42 3 3 16 19 23 24 82
32 2 12 38 19 183 2 1 179 2 214 3 2 99 15 91 24 21 1 3 208 3 4 45 9 201 16 147 3 16 142 20 143 27 140 3 4 200 9 176 16 104 1 18 44 2 5 197 23 173 2 28 98 29 90 2 11 198 19 205 2 6 19 8 4 2 7 14 14 11 3 8 329 21 236 23 266 2 9 118 25 110 2 5 31 22 157 3 18 180 19 137 29 260 2 5 120 29 190 3 9 5 10 9 23 1 3 5 17 13 88 22 79 1 3 168 2 14 5 15 7 3 15 33 23 11 29 36 2 24 148 26 86 3 19 167 25 194 27 220 3 6 337 17 66 20 126 3 15 186 20 132 26 168 3 8 152 23 45 27 121 3 21 109 25 60 28 50 3 3 104 8 163 23 29 3 1 108 2 79 30 42 3 3 16 19 23 24 82
32 2 12 38 19 183 2 1 179 2 214 3 2 99 15 91 24 21 1 3 208 3 4 45 9 201 16 147 3 16 142 20 143 27 140 3 4 200 9 176 16 104 1 18 44 2 5 197 23 173 2 28 98 29 90 2 11 198 19 205 2 6 19 8 4 2 7 14 14 11 3 8 329 21 236 23 266 2 9 118 25 110 2 5 31 22 157 3 18 180 19 137 29 260 2 5 120 29 190 3 9 5 10 9 23 1 3 5 17 13 88 22 79 1 3 168 2 14 5 15 7 3 15 33 23 11 29 36 2 24 148 26 86 3 19 167 25 194 27 220 3 6 337 17 66 20 126 3 15 186 20 132 26 168 3 8 152 23 45 27 121 3 21 109 25 60 28 50 3 3 104 8 163 23 29 3 1 108 2 79 30 42 3 3 16 19 23 24 82
34 2 1 143 2 118 3 4 162 9 81 16 62 3 2 101 15 41 24 60 2 1 100 2 48 2 11 202 19 106 1 3 167 2 5 121 23 215 2 6 4 8 15 2 7 12 14 3 2 5 121 23 37 3 8 303 21 323 23 129 3 8 30 23 31 27 90 2 9 140 25 113 3 9 2 10 7 23 1 2 12 217 19 46 3 3 24 19 12 24 63 3 5 63 13 49 22 11 2 14 10 15 10 3 15 174 20 198 26 33 2 28 51 29 86 3 3 84 8 112 23 63 2 6 12 8 18 3 15 15 23 8 29 39 3 16 116 20 82 27 96 1 3 44 3 6 214 17 321 20 50 1 18 78 3 18 191 19 111 29 51 3 21 101 25 33 28 54 2 5 143 22 130 3 19 251 25 65 27 172 2 24 158 26 141 2 5 114 29 132 3 1 23 2 81 30 71
37 2 1 110 2 71 3 2 134 15 66 24 45 1 3 90 3 4 182 9 178 16 86 2 5 106 23 60 2 6 20 8 7 3 4 117 9 110 16 128 2 7 13 14 7 3 8 242 21 243 23 100 2 9 73 25 93 2 6 7 8 7 3 9 3 10 6 23 4 3 15 44 23 40 29 11 2 11 141 19 89 2 12 145 19 123 3 16 69 20 162 27 60 3 5 81 13 56 22 16 2 14 4 15 7 3 21 125 25 137 28 62 2 6 12 8 16 3 1 32 2 31 30 109 3 6 217 17 239 20 240 1 18 190 3 15 35 23 21 29 43 3 18 203 19 213 29 225 3 15 114 20 158 26 226 3 21 73 25 119 28 49 2 5 151 22 67 2 24 129 26 115 3 3 161 8 138 23 102 3 19 109 25 180 27 281 3 4 167 9 95 16 54 2 5 72 29 281 3 3 23 19 80 24 34 3 8 40 23 105 27 103 3 5 85 13 14 22 48 2 28 169 29 91
37 2 1 110 2 71 3 2 134 15 66 24 45 1 3 90 3 4 182 9 178 16 86 2 5 106 23 60 2 6 20 8 7 3 4 117 9 110 16 128 2 7 13 14 7 3 8 242 21 243 23 100 2 9 73 25 93 2 6 7 8 7 3 9 3 10 6 23 4 3 15 44 23 40 29 11 2 11 141 19 89 2 12 145 19 123 3 16 69 20 162 27 60 3 5 81 13 56 22 16 2 14 4 15 7 3 21 125 25 137 28 62 2 6 12 8 16 3 1 32 2 31 30 109 3 6 217 17 239 20 240 1 18 190 3 15 35 23 21 29 43 3 18 203 19 213 29 225 3 15 114 20 158 26 226 3 21 73 25 119 28 49 2 5 151 22 67 2 24 129 26 115 3 3 161 8 138 23 102 3 19 109 25 180 27 281 3 4 167 9 95 16 54 2 5 72 29 281 3 3 23 19 80 24 34 3 8 40 23 105 27 103 3 5 85 13 14 22 48 2 28 169 29 91
37 2 1 110 2 71 3 2 134 15 66 24 45 1 3 90 3 4 182 9 178 16 86 2 5 106 23 60 2 6 20 8 7 3 4 117 9 110 16 128 2 7 13 14 7 3 8 242 21 243 23 100 2 9 73 25 93 2 6 7 8 7 3 9 3 10 6 23 4 3 15 44 23 40 29 11 2 11 141 19 89 2 12 145 19 123 3 16 69 20 162 27 60 3 5 81 13 56 22 16 2 14 4 15 7 3 21 125 25 137 28 62 2 6 12 8 16 3 1 32 2 31 30 109 3 6 217 17 239 20 240 1 18 190 3 15 35 23 21 29 43 3 18 203 19 213 29 225 3 15 114 20 158 26 226 3 21 73 25 119 28 49 2 5 151 22 67 2 24 129 26 115 3 3 161 8 138 23 102 3 19 109 25 180 27 281 3 4 167 9 95 16 54 2 5 72 29 281 3 3 23 19 80 24 34 3 8 40 23 105 27 103 3 5 85 13 14 22 48 2 28 169 29 91
35 3 6 205 17 161 20 280 2 1 55 2 40 3 2 128 15 34 24 35 2 1 26 2 143 3 4 135 9 141 16 36 2 6 12 8 16 3 16 145 20 19 27 94 3 2 122 15 34 24 127 1 3 65 2 5 193 23 160 2 7 17 14 9 3 8 92 21 189 23 310 2 9 142 25 142 3 4 171 9 61 16 143 3 15 45 23 32 29 38 3 9 9 10 4 23 7 2 11 211 19 167 2 12 225 19 63 3 5 77 13 64 22 30 2 14 9 15 2 1 3 216 3 18 158 19 172 29 244 1 18 185 3 15 257 20 123 26 86 3 21 134 25 114 28 32 2 5 147 29 102 3 19 51 25 51 27 273 3 1 51 2 60 30 64 2 5 151 22 72 3 15 148 20 30 26 31 3 8 136 23 18 27 63 3 3 109 8 55 23 163 2 24 112 26 289 3 3 18 19 19 24 36 2 28 164 29 98
38 2 1 174 2 60 3 2 22 15 69 24 133 3 21 116 25 43 28 112 1 3 149 3 4 126 9 137 16 92 2 5 50 23 29 2 6 10 8 16 2 5 190 23 114 2 7 4 14 3 2 11 75 19 73 2 12 57 19 96 3 3 58 8 96 23 90 3 2 119 15 98 24 64 3 8 273 21 54 23 165 2 9 86 25 139 3 9 1 10 2 23 2 2 7 12 14 14 3 6 342 17 174 20 113 2 5 53 29 291 2 9 129 25 36 3 5 64 13 37 22 74 2 7 5 14 5 2 14 7 15 2 3 15 14 23 17 29 35 3 3 29 19 49 24 101 1 3 189 3 1 19 2 113 30 100 2 5 94 29 167 3 16 138 20 24 27 93 2 24 269 26 106 1 18 170 3 18 170 19 64 29 71 3 15 46 20 56 26 169 2 5 161 22 115 3 8 61 23 67 27 62 2 11 211 19 140 3 19 159 25 133 27 83 2 28 66 29 178
35 2 24 240 26 251 3 15 169 20 241 26 118 2 1 163 2 30 3 2 105 15 31 24 77 3 15 117 20 131 26 165 1 3 168 3 4 169 9 177 16 180 2 5 150 22 84 2 5 60 23 141 2 6 21 8 4 2 7 9 14 3 3 8 231 21 194 23 73 3 8 111 23 77 27 23 3 4 117 9 24 16 76 2 9 45 25 71 3 9 4 10 2 23 2 1 18 130 3 15 39 23 53 29 17 2 11 165 19 103 2 12 217 19 142 3 5 49 13 87 22 68 2 14 5 15 2 3 16 118 20 95 27 37 2 9 19 25 97 3 6 242 17 280 20 137 3 3 179 8 122 23 75 3 18 85 19 75 29 287 3 3 44 19 47 24 34 3 21 64 25 70 28 26 3 18 301 19 164 29 38 2 28 159 29 104 3 19 251 25 284 27 127 2 5 123 29 59 3 16 91 20 117 27 122 3 1 66 2 55 30 41
35 2 24 240 26 251 3 15 169 20 241 26 118 2 1 163 2 30 3 2 105 15 31 24 77 3 15 117 20 131 26 165 1 3 168 3 4 169 9 177 16 180 2 5 150 22 84 2 5 60 23 141 2 6 21 8 4 2 7 9 14 3 3 8 231 21 194 23 73 3 8 111 23 77 27 23 3 4 117 9 24 16 76 2 9 45 25 71 3 9 4 10 2 23 2 1 18 130 3 15 39 23 53 29 17 2 11 165 19 103 2 12 217 19 142 3 5 49 13 87 22 68 2 14 5 15 2 3 16 118 20 95 27 37 2 9 19 25 97 3 6 242 17 280 20 137 3 3 179 8 122 23 75 3 18 85 19 75 29 287 3 3 44 19 47 24 34 3 21 64 25 70 28 26 3 18 301 19 164 29 38 2 28 159 29 104 3 19 251 25 284 27 127 2 5 123 29 59 3 16 91 20 117 27 122 3 1 66 2 55 30 41
35 2 24 240 26 251 3 15 169 20 241 26 118 2 1 163 2 30 3 2 105 15 31 24 77 3 15 117 20 131 26 165 1 3 168 3 4 169 9 177 16 180 2 5 150 22 84 2 5 60 23 141 2 6 21 8 4 2 7 9 14 3 3 8 231 21 194 23 73 3 8 111 23 77 27 23 3 4 117 9 24 16 76 2 9 45 25 71 3 9 4 10 2 23 2 1 18 130 3 15 39 23 53 29 17 2 11 165 19 103 2 12 217 19 142 3 5 49 13 87 22 68 2 14 5 15 2 3 16 118 20 95 27 37 2 9 19 25 97 3 6 242 17 280 20 137 3 3 179 8 122 23 75 3 18 85 19 75 29 287 3 3 44 19 47 24 34 3 21 64 25 70 28 26 3 18 301 19 164 29 38 2 28 159 29 104 3 19 251 25 284 27 127 2 5 123 29 59 3 16 91 20 117 27 122 3 1 66 2 55 30 41
38 2 5 81 22 78 3 19 148 25 235 27 131 2 1 72 2 201 3 21 125 25 29 28 121 3 2 39 15 139 24 72 2 28 103 29 127 2 1 134 2 134 2 9 73 25 16 1 3 184 3 15 136 20 118 26 221 2 7 11 14 3 3 4 139 9 141 16 112 2 5 94 23 52 2 6 8 8 22 2 14 9 15 8 3 8 50 21 89 23 248 2 24 201 26 204 3 19 253 25 152 27 55 3 9 6 10 9 23 9 2 11 195 19 156 3 6 199 17 60 20 180 3 19 200 25 82 27 148 3 5 39 13 83 22 29 2 12 148 19 221 3 9 2 10 5 23 7 3 3 95 8 93 23 121 3 18 117 19 229 29 136 3 15 8 23 27 29 16 3 8 45 23 90 27 58 2 12 170 19 258 3 16 58 20 124 27 84 2 11 144 19 80 1 18 212 2 12 152 19 196 3 3 43 19 94 24 12 3 6 202 17 49 20 151 2 5 196 29 134 3 1 47 2 88 30 21
33 2 1 75 2 159 3 2 107 15 113 24 93 1 3 84 2 28 129 29 25 2 6 17 8 14 2 1 128 2 121 2 14 7 15 10 3 4 126 9 46 16 58 3 9 10 10 4 23 10 2 5 77 23 114 3 3 97 19 42 24 30 2 7 2 14 7 2 5 97 29 136 3 1 56 2 16 30 47 3 8 90 21 341 23 240 2 9 27 25 124 2 11 57 19 53 2 7 17 14 13 2 12 137 19 68 3 5 23 13 70 22 11 3 15 30 23 11 29 16 3 18 89 19 99 29 182 3 16 102 20 21 27 158 2 5 141 22 182 3 6 80 17 280 20 271 3 3 64 8 107 23 29 1 18 74 3 15 84 20 244 26 262 2 12 137 19 231 2 24 285 26 92 3 21 42 25 70 28 122 3 8 50 23 66 27 138 3 19 170 25 215 27 138
33 2 1 75 2 159 3 2 107 15 113 24 93 1 3 84 2 28 129 29 25 2 6 17 8 14 2 1 128 2 121 2 14 7 15 10 3 4 126 9 46 16 58 3 9 10 10 4 23 10 2 5 77 23 114 3 3 97 19 42 24 30 2 7 2 14 7 2 5 97 29 136 3 1 56 2 16 30 47 3 8 90 21 341 23 240 2 9 27 25 124 2 11 57 19 53 2 7 17 14 13 2 12 137 19 68 3 5 23 13 70 22 11 3 15 30 23 11 29 16 3 18 89 19 99 29 182 3 16 102 20 21 27 158 2 5 141 22 182 3 6 80 17 280 20 271 3 3 64 8 107 23 29 1 18 74 3 15 84 20 244 26 262 2 12 137 19 231 2 24 285 26 92 3 21 42 25 70 28 122 3 8 50 23 66 27 138 3 19 170 25 215 27 138
33 2 1 75 2 159 3 2 107 15 113 24 93 1 3 84 2 28 129 29 25 2 6 17 8 14 2 1 128 2 121 2 14 7 15 10 3 4 126 9 46 16 58 3 9 10 10 4 23 10 2 5 77 23 114 3 3 97 19 42 24 30 2 7 2 14 7 2 5 97 29 136 3 1 56 2 16 30 47 3 8 90 21 341 23 240 2 9 27 25 124 2 11 57 19 53 2 7 17 14 13 2 12 137 19 68 3 5 23 13 70 22 11 3 15 30 23 11 29 16 3 18 89 19 99 29 182 3 16 102 20 21 27 158 2 5 141 22 182 3 6 80 17 280 20 271 3 3 64 8 107 23 29 1 18 74 3 15 84 20 244 26 262 2 12 137 19 231 2 24 285 26 92 3 21 42 25 70 28 122 3 8 50 23 66 27 138 3 19 170 25 215 27 138
33 2 1 75 2 159 3 2 107 15 113 24 93 1 3 84 2 28 129 29 25 2 6 17 8 14 2 1 128 2 121 2 14 7 15 10 3 4 126 9 46 16 58 3 9 10 10 4 23 10 2 5 77 23 114 3 3 97 19 42 24 30 2 7 2 14 7 2 5 97 29 136 3 1 56 2 16 30 47 3 8 90 21 341 23 240 2 9 27 25 124 2 11 57 19 53 2 7 17 14 13 2 12 137 19 68 3 5 23 13 70 22 11 3 15 30 23 11 29 16 3 18 89 19 99 29 182 3 16 102 20 21 27 158 2 5 141 22 182 3 6 80 17 280 20 271 3 3 64 8 107 23 29 1 18 74 3 15 84 20 244 26 262 2 12 137 19 231 2 24 285 26 92 3 21 42 25 70 28 122 3 8 50 23 66 27 138 3 19 170 25 215 27 138
38 2 5 42 22 48 3 19 282 25 96 27 226 2 1 64 2 188 3 21 81 25 72 28 37 3 2 148 15 101 24 64 2 28 40 29 168 2 1 47 2 102 2 9 87 25 90 1 3 168 3 15 62 20 259 26 265 2 7 2 14 14 3 4 95 9 191 16 145 2 5 66 23 243 2 6 10 8 9 2 14 10 15 5 3 8 293 21 335 23 144 2 24 216 26 216 3 19 172 25 49 27 94 3 9 10 10 6 23 8 2 11 146 19 168 3 6 56 17 75 20 301 3 19 169 25 33 27 43 3 5 45 13 26 22 33 2 12 201 19 53 3 9 7 10 5 23 4 3 3 21 8 71 23 146 3 18 151 19 316 29 199 3 15 7 23 52 29 15 3 8 102 23 100 27 18 2 12 195 19 83 3 16 119 20 79 27 122 2 11 44 19 65 1 18 242 2 12 169 19 206 3 3 84 19 45 24 77 3 6 116 17 106 20 166 2 5 305 29 127 3 1 55 2 71 30 85
38 2 5 83 22 55 3 19 42 25 106 27 100 2 1 148 2 80 3 21 72 25 116 28 90 3 2 42 15 101 24 138 2 28 62 29 112 2 1 177 2 73 2 9 28 25 121 1 3 84 3 15 133 20 235 26 141 2 7 8 14 6 3 4 162 9 37 16 69 2 5 251 23 96 2 6 6 8 6 2 14 9 15 7 3 8 60 21 225 23 124 2 24 124 26 209 3 19 96 25 216 27 216 3 9 9 10 1 23 1 2 11 178 19 46 3 6 175 17 280 20 237 3 19 90 25 207 27 118 3 5 71 13 19 22 76 2 12 63 19 154 3 9 8 10 6 23 9 3 3 139 8 50 23 150 3 18 183 19 89 29 315 3 15 52 23 15 29 39 3 8 104 23 143 27 49 2 12 259 19 105 3 16 25 20 43 27 128 2 11 83 19 203 1 18 98 2 12 235 19 80 3 3 96 19 45 24 12 3 6 56 17 75 20 43 2 5 197 29 94 3 1 82 2 94 30 118
38 2 5 83 22 55 3 19 42 25 106 27 100 2 1 148 2 80 3 21 72 25 116 28 90 3 2 42 15 101 24 138 2 28 62 29 112 2 1 177 2 73 2 9 28 25 121 1 3 84 3 15 133 20 235 26 141 2 7 8 14 6 3 4 162 9 37 16 69 2 5 251 23 96 2 6 6 8 6 2 14 9 15 7 3 8 60 21 225 23 124 2 24 124 26 209 3 19 96 25 216 27 216 3 9 9 10 1 23 1 2 11 178 19 46 3 6 175 17 280 20 237 3 19 90 25 207 27 118 3 5 71 13 19 22 76 2 12 63 19 154 3 9 8 10 6 23 9 3 3 139 8 50 23 150 3 18 183 19 89 29 315 3 15 52 23 15 29 39 3 8 104 23 143 27 49 2 12 259 19 105 3 16 25 20 43 27 128 2 11 83 19 203 1 18 98 2 12 235 19 80 3 3 96 19 45 24 12 3 6 56 17 75 20 43 2 5 197 29 94 3 1 82 2 94 30 118
38 2 5 83 22 55 3 19 42 25 106 27 100 2 1 148 2 80 3 21 72 25 116 28 90 3 2 42 15 101 24 138 2 28 62 29 112 2 1 177 2 73 2 9 28 25 121 1 3 84 3 15 133 20 235 26 141 2 7 8 14 6 3 4 162 9 37 16 69 2 5 251 23 96 2 6 6 8 6 2 14 9 15 7 3 8 60 21 225 23 124 2 24 124 26 209 3 19 96 25 216 27 216 3 9 9 10 1 23 1 2 11 178 19 46 3 6 175 17 280 20 237 3 19 90 25 207 27 118 3 5 71 13 19 22 76 2 12 63 19 154 3 9 8 10 6 23 9 3 3 139 8 50 23 150 3 18 183 19 89 29 315 3 15 52 23 15 29 39 3 8 104 23 143 27 49 2 12 259 19 105 3 16 25 20 43 27 128 2 11 83 19 203 1 18 98 2 12 235 19 80 3 3 96 19 45 24 12 3 6 56 17 75 20 43 2 5 197 29 94 3 1 82 2 94 30 118
32 2 1 99 2 40 2 28 142 29 95 3 2 98 15 130 24 130 2 1 124 2 29 1 3 48 3 16 134 20 162 27 75 3 6 39 17 171 20 57 3 19 70 25 72 27 249 3 4 135 9 190 16 83 2 24 201 26 109 3 3 67 19 18 24 37 2 28 27 29 135 2 14 4 15 10 2 9 41 25 121 2 5 89 23 208 2 11 61 19 82 2 6 9 8 17 2 7 12 14 5 3 8 157 21 225 23 144 3 9 10 10 1 23 8 2 12 140 19 40 3 5 87 13 59 22 39 3 15 37 23 35 29 48 1 18 48 3 18 223 19 243 29 289 3 15 83 20 220 26 263 3 21 117 25 48 28 64 2 5 37 22 61 3 3 74 8 59 23 165 3 8 112 23 47 27 20 3 1 70 2 32 30 14 2 5 275 29 34
32 2 1 89 2 78 2 28 53 29 73 3 2 26 15 39 24 36 2 1 153 2 78 1 3 217 3 16 108 20 135 27 149 3 6 302 17 175 20 107 3 19 116 25 187 27 69 3 4 41 9 211 16 178 2 24 275 26 83 3 3 36 19 77 24 36 2 28 134 29 84 2 14 3 15 5 2 9 29 25 114 2 5 33 23 252 2 11 44 19 25 2 6 6 8 23 2 7 17 14 15 3 8 287 21 191 23 197 3 9 2 10 10 23 5 2 12 212 19 72 3 5 74 13 82 22 69 3 15 18 23 30 29 25 1 18 32 3 18 304 19 270 29 232 3 15 87 20 263 26 47 3 21 119 25 107 28 108 2 5 40 22 40 3 3 158 8 36 23 83 3 8 116 23 24 27 131 3 1 81 2 44 30 101 2 5 263 29 123
36 1 18 238 2 5 138 29 74 2 5 248 23 160 1 18 53 2 1 205 2 87 2 11 58 19 163 3 16 167 20 140 27 47 3 21 115 25 20 28 44 2 9 67 25 63 3 2 110 15 148 24 72 1 3 126 2 6 20 8 19 3 4 74 9 200 16 187 3 18 303 19 95 29 67 2 7 12 14 14 3 8 316 21 215 23 265 3 9 3 10 2 23 10 2 12 59 19 142 3 5 72 13 70 22 41 2 7 13 14 9 2 14 4 15 8 3 15 9 23 44 29 51 3 6 212 17 211 20 152 3 16 66 20 28 27 140 3 8 72 23 72 27 53 3 15 142 20 178 26 201 2 28 145 29 77 3 6 148 17 88 20 170 2 5 55 22 181 3 5 62 13 75 22 40 3 3 147 8 26 23 28 3 3 63 19 81 24 46 3 16 54 20 119 27 118 3 19 207 25 177 27 95 2 24 194 26 169 3 1 74 2 16 30 50
37 2 1 67 2 217 3 2 99 15 148 24 34 1 3 200 3 4 179 9 194 16 189 2 5 252 23 121 2 6 15 8 13 3 4 186 9 107 16 54 2 7 5 14 6 3 8 154 21 316 23 135 2 9 81 25 68 2 6 19 8 12 3 9 7 10 6 23 9 3 15 29 23 11 29 20 2 11 51 19 199 2 12 114 19 127 3 16 120 20 130 27 58 3 5 12 13 36 22 57 2 14 3 15 3 3 21 72 25 64 28 107 2 6 4 8 19 3 1 81 2 29 30 34 3 6 245 17 58 20 133 1 18 121 3 15 31 23 24 29 11 3 18 109 19 131 29 314 3 15 63 20 138 26 192 3 21 32 25 73 28 42 2 5 28 22 148 2 24 253 26 235 3 3 22 8 173 23 108 3 19 100 25 191 27 92 3 4 58 9 70 16 160 2 5 291 29 63 3 3 88 19 59 24 78 3 8 18 23 44 27 119 3 5 11 13 76 22 25 2 28 77 29 122
36 2 1 188 2 144 3 2 65 15 40 24 139 1 3 168 3 4 57 9 75 16 199 2 5 219 23 98 3 9 4 10 7 23 5 3 4 106 9 157 16 84 2 6 22 8 3 2 7 13 14 13 3 15 188 20 175 26 88 3 8 95 21 81 23 65 2 9 101 25 39 3 21 130 25 113 28 125 2 11 45 19 30 3 1 83 2 93 30 37 3 2 149 15 121 24 67 3 3 103 8 157 23 159 3 6 306 17 73 20 45 2 12 192 19 32 2 9 132 25 143 3 3 59 19 98 24 14 3 5 43 13 19 22 41 2 14 1 15 8 3 15 46 23 12 29 21 3 16 127 20 74 27 41 3 5 72 13 72 22 63 1 18 239 3 5 71 13 19 22 41 3 18 63 19 217 29 166 2 5 55 22 119 3 19 64 25 104 27 217 2 24 111 26 184 3 5 37 13 75 22 30 2 28 58 29 105 3 8 107 23 125 27 24 2 5 117 29 267
36 2 1 188 2 144 3 2 65 15 40 24 139 1 3 168 3 4 57 9 75 16 199 2 5 219 23 98 3 9 4 10 7 23 5 3 4 106 9 157 16 84 2 6 22 8 3 2 7 13 14 13 3 15 188 20 175 26 88 3 8 95 21 81 23 65 2 9 101 25 39 3 21 130 25 113 28 125 2 11 45 19 30 3 1 83 2 93 30 37 3 2 149 15 121 24 67 3 3 103 8 157 23 159 3 6 306 17 73 20 45 2 12 192 19 32 2 9 132 25 143 3 3 59 19 98 24 14 3 5 43 13 19 22 41 2 14 1 15 8 3 15 46 23 12 29 21 3 16 127 20 74 27 41 3 5 72 13 72 22 63 1 18 239 3 5 71 13 19 22 41 3 18 63 19 217 29 166 2 5 55 22 119 3 19 64 25 104 27 217 2 24 111 26 184 3 5 37 13 75 22 30 2 28 58 29 105 3 8 107 23 125 27 24 2 5 117 29 267
32 2 1 150 2 163 3 2 72 15 116 24 72 2 5 75 29 277 3 2 115 15 23 24 27 1 18 188 3 15 48 23 21 29 34 1 3 99 3 9 9 10 4 23 10 2 11 186 19 122 3 4 104 9 111 16 205 3 21 22 25 66 28 17 2 5 242 23 207 2 6 16 8 23 2 24 177 26 187 2 28 76 29 105 2 7 12 14 16 3 8 122 21 311 23 271 2 9 135 25 84 2 12 171 19 215 3 3 76 19 13 24 37 3 5 40 13 76 22 76 3 8 126 21 122 23 244 2 14 9 15 4 3 18 54 19 99 29 184 3 16 29 20 60 27 88 3 3 73 8 128 23 102 3 1 17 2 67 30 96 3 6 133 17 340 20 232 3 15 209 20 116 26 195 2 5 191 22 151 3 8 60 23 89 27 25 3 19 197 25 61 27 82
40 2 28 51 29 31 2 1 184 2 88 3 5 87 13 52 22 78 2 28 139 29 161 2 11 78 19 101 3 2 63 15 29 24 19 2 28 176 29 23 1 18 242 1 3 138 3 3 63 19 83 24 92 3 4 205 9 73 16 83 2 5 181 23 54 3 2 23 15 20 24 94 2 6 20 8 21 1 3 26 2 7 9 14 15 3 15 88 20 164 26 34 1 18 75 3 8 153 21 299 23 184 2 9 86 25 19 3 15 45 23 23 29 26 2 11 108 19 33 3 9 4 10 8 23 6 2 12 124 19 166 3 15 159 20 174 26 179 2 14 6 15 6 2 11 149 19 134 3 19 99 25 284 27 158 3 1 22 2 70 30 105 3 16 85 20 47 27 170 1 18 96 3 3 54 8 137 23 93 2 24 49 26 92 3 6 60 17 342 20 119 3 18 263 19 246 29 224 3 21 120 25 56 28 64 2 5 179 22 133 2 7 6 14 8 2 5 277 29 39 3 8 132 23 142 27 86
35 3 6 215 17 53 20 239 2 1 69 2 125 3 2 35 15 107 24 78 2 1 197 2 199 3 4 148 9 79 16 111 2 6 11 8 2 3 16 87 20 109 27 134 3 2 76 15 83 24 84 1 3 93 2 5 158 23 63 2 7 16 14 17 3 8 187 21 285 23 274 2 9 20 25 90 3 4 27 9 24 16 193 3 15 11 23 53 29 16 3 9 8 10 4 23 7 2 11 153 19 180 2 12 142 19 262 3 5 69 13 46 22 84 2 14 8 15 10 1 3 30 3 18 292 19 155 29 58 1 18 264 3 15 261 20 203 26 109 3 21 80 25 80 28 89 2 5 225 29 168 3 19 287 25 64 27 211 3 1 13 2 99 30 76 2 5 71 22 143 3 15 128 20 61 26 213 3 8 31 23 106 27 144 3 3 111 8 57 23 28 2 24 68 26 157 3 3 102 19 42 24 44 2 28 109 29 82
36 2 1 142 2 34 3 3 19 19 97 24 67 2 1 68 2 40 3 2 121 15 56 24 52 3 3 101 19 86 24 14 3 15 13 23 14 29 12 2 9 87 25 72 3 2 86 15 63 24 139 3 15 146 20 64 26 87 1 3 102 2 7 15 14 9 2 12 171 19 119 2 5 194 23 55 1 18 153 3 4 129 9 124 16 191 3 3 36 19 55 24 105 2 6 17 8 14 2 24 274 26 39 3 8 196 21 199 23 228 3 9 8 10 7 23 3 2 28 64 29 40 2 11 53 19 152 3 5 80 13 68 22 56 2 14 10 15 7 3 3 141 8 87 23 156 3 16 100 20 141 27 111 3 6 154 17 262 20 317 3 2 48 15 51 24 102 3 18 40 19 209 29 147 2 5 37 22 105 3 1 34 2 90 30 94 3 21 85 25 102 28 131 3 19 82 25 41 27 176 3 4 152 9 159 16 37 3 8 155 23 82 27 73 2 5 304 29 245
36 2 1 142 2 34 3 3 19 19 97 24 67 2 1 68 2 40 3 2 121 15 56 24 52 3 3 101 19 86 24 14 3 15 13 23 14 29 12 2 9 87 25 72 3 2 86 15 63 24 139 3 15 146 20 64 26 87 1 3 102 2 7 15 14 9 2 12 171 19 119 2 5 194 23 55 1 18 153 3 4 129 9 124 16 191 3 3 36 19 55 24 105 2 6 17 8 14 2 24 274 26 39 3 8 196 21 199 23 228 3 9 8 10 7 23 3 2 28 64 29 40 2 11 53 19 152 3 5 80 13 68 22 56 2 14 10 15 7 3 3 141 8 87 23 156 3 16 100 20 141 27 111 3 6 154 17 262 20 317 3 2 48 15 51 24 102 3 18 40 19 209 29 147 2 5 37 22 105 3 1 34 2 90 30 94 3 21 85 25 102 28 131 3 19 82 25 41 27 176 3 4 152 9 159 16 37 3 8 155 23 82 27 73 2 5 304 29 245
36 2 1 154 2 60 3 1 118 2 102 30 100 3 2 48 15 95 24 90 3 1 54 2 81 30 27 1 3 95 3 2 128 15 101 24 56 3 18 122 19 85 29 139 3 4 180 9 46 16 150 2 5 185 23 159 2 7 4 14 11 2 6 22 8 18 3 8 257 21 334 23 79 3 3 80 19 92 24 83 2 6 14 8 18 2 9 45 25 140 2 28 75 29 72 3 9 10 10 2 23 6 2 5 233 23 248 2 5 58 29 77 2 11 96 19 160 2 12 92 19 175 3 5 30 13 36 22 45 2 14 8 15 8 3 15 17 23 32 29 48 3 16 60 20 169 27 142 3 3 40 8 32 23 24 3 8 95 23 80 27 146 3 6 260 17 157 20 120 3 15 196 20 228 26 217 1 18 160 2 11 39 19 79 3 21 45 25 33 28 62 2 5 173 22 82 3 19 178 25 238 27 82 3 15 152 20 204 26 73 2 24 66 26 69
36 2 1 154 2 60 3 1 118 2 102 30 100 3 2 48 15 95 24 90 3 1 54 2 81 30 27 1 3 95 3 2 128 15 101 24 56 3 18 122 19 85 29 139 3 4 180 9 46 16 150 2 5 185 23 159 2 7 4 14 11 2 6 22 8 18 3 8 257 21 334 23 79 3 3 80 19 92 24 83 2 6 14 8 18 2 9 45 25 140 2 28 75 29 72 3 9 10 10 2 23 6 2 5 233 23 248 2 5 58 29 77 2 11 96 19 160 2 12 92 19 175 3 5 30 13 36 22 45 2 14 8 15 8 3 15 17 23 32 29 48 3 16 60 20 169 27 142 3 3 40 8 32 23 24 3 8 95 23 80 27 146 3 6 260 17 157 20 120 3 15 196 20 228 26 217 1 18 160 2 11 39 19 79 3 21 45 25 33 28 62 2 5 173 22 82 3 19 178 25 238 27 82 3 15 152 20 204 26 73 2 24 66 26 69
36 2 1 217 2 171 3 2 27 15 106 24 77 1 3 45 3 4 171 9 212 16 199 2 5 171 23 204 3 9 3 10 6 23 6 3 4 66 9 158 16 179 2 6 9 8 19 2 7 13 14 16 3 15 197 20 41 26 233 3 8 185 21 111 23 339 2 9 102 25 133 3 21 25 25 115 28 59 2 11 104 19 181 3 1 109 2 104 30 22 3 2 105 15 100 24 118 3 3 117 8 21 23 20 3 6 113 17 114 20 99 2 12 151 19 100 2 9 82 25 50 3 3 30 19 15 24 59 3 5 20 13 59 22 48 2 14 6 15 8 3 15 12 23 19 29 7 3 16 163 20 163 27 148 3 5 59 13 18 22 67 1 18 237 3 5 13 13 77 22 80 3 18 123 19 324 29 181 2 5 46 22 72 3 19 212 25 160 27 257 2 24 63 26 70 3 5 22 13 21 22 58 2 28 77 29 67 3 8 63 23 136 27 69 2 5 184 29 88
40 2 28 57 29 177 2 1 101 2 179 3 5 27 13 26 22 26 2 28 149 29 39 2 11 39 19 150 3 2 130 15 80 24 18 2 28 24 29 74 1 18 246 1 3 181 3 3 28 19 14 24 103 3 4 47 9 141 16 159 2 5 228 23 245 3 2 102 15 44 24 112 2 6 13 8 4 1 3 95 2 7 12 14 3 3 15 223 20 155 26 63 1 18 164 3 8 63 21 153 23 156 2 9 93 25 19 3 15 15 23 21 29 22 2 11 49 19 56 3 9 4 10 7 23 7 2 12 150 19 31 3 15 152 20 232 26 58 2 14 10 15 6 2 11 60 19 86 3 19 222 25 69 27 198 3 1 62 2 116 30 97 3 16 140 20 47 27 93 1 18 161 3 3 112 8 62 23 108 2 24 98 26 297 3 6 259 17 217 20 166 3 18 110 19 128 29 68 3 21 30 25 43 28 54 2 5 115 22 116 2 7 5 14 6 2 5 132 29 172 3 8 121 23 134 27 106
38 2 5 46 22 152 3 19 50 25 56 27 202 2 1 188 2 128 3 21 62 25 20 28 94 3 2 30 15 134 24 125 2 28 51 29 150 2 1 216 2 175 2 9 56 25 79 1 3 151 3 15 247 20 123 26 144 2 7 13 14 7 3 4 143 9 188 16 116 2 5 208 23 243 2 6 7 8 9 2 14 9 15 2 3 8 261 21 64 23 124 2 24 116 26 98 3 19 202 25 253 27 232 3 9 7 10 6 23 9 2 11 89 19 101 3 6 268 17 207 20 196 3 19 275 25 130 27 121 3 5 21 13 65 22 53 2 12 51 19 241 3 9 7 10 9 23 2 3 3 153 8 96 23 96 3 18 318 19 61 29 107 3 15 23 23 18 29 20 3 8 102 23 39 27 119 2 12 202 19 273 3 16 64 20 151 27 132 2 11 43 19 203 1 18 229 2 12 60 19 146 3 3 76 19 91 24 16 3 6 51 17 317 20 293 2 5 49 29 89 3 1 26 2 69 30 110
38 2 5 46 22 152 3 19 50 25 56 27 202 2 1 188 2 128 3 21 62 25 20 28 94 3 2 30 15 134 24 125 2 28 51 29 150 2 1 216 2 175 2 9 56 25 79 1 3 151 3 15 247 20 123 26 144 2 7 13 14 7 3 4 143 9 188 16 116 2 5 208 23 243 2 6 7 8 9 2 14 9 15 2 3 8 261 21 64 23 124 2 24 116 26 98 3 19 202 25 253 27 232 3 9 7 10 6 23 9 2 11 89 19 101 3 6 268 17 207 20 196 3 19 275 25 130 27 121 3 5 21 13 65 22 53 2 12 51 19 241 3 9 7 10 9 23 2 3 3 153 8 96 23 96 3 18 318 19 61 29 107 3 15 23 23 18 29 20 3 8 102 23 39 27 119 2 12 202 19 273 3 16 64 20 151 27 132 2 11 43 19 203 1 18 229 2 12 60 19 146 3 3 76 19 91 24 16 3 6 51 17 317 20 293 2 5 49 29 89 3 1 26 2 69 30 110
38 2 5 46 22 152 3 19 50 25 56 27 202 2 1 188 2 128 3 21 62 25 20 28 94 3 2 30 15 134 24 125 2 28 51 29 150 2 1 216 2 175 2 9 56 25 79 1 3 151 3 15 247 20 123 26 144 2 7 13 14 7 3 4 143 9 188 16 116 2 5 208 23 243 2 6 7 8 9 2 14 9 15 2 3 8 261 21 64 23 124 2 24 116 26 98 3 19 202 25 253 27 232 3 9 7 10 6 23 9 2 11 89 19 101 3 6 268 17 207 20 196 3 19 275 25 130 27 121 3 5 21 13 65 22 53 2 12 51 19 241 3 9 7 10 9 23 2 3 3 153 8 96 23 96 3 18 318 19 61 29 107 3 15 23 23 18 29 20 3 8 102 23 39 27 119 2 12 202 19 273 3 16 64 20 151 27 132 2 11 43 19 203 1 18 229 2 12 60 19 146 3 3 76 19 91 24 16 3 6 51 17 317 20 293 2 5 49 29 89 3 1 26 2 69 30 110
33 2 1 73 2 204 3 2 37 15 51 24 62 1 3 166 2 28 83 29 68 2 6 24 8 8 2 1 137 2 97 2 14 6 15 4 3 4 35 9 29 16 149 3 9 9 10 9 23 4 2 5 176 23 241 3 3 82 19 75 24 57 2 7 8 14 14 2 5 202 29 243 3 1 69 2 75 30 86 3 8 307 21 303 23 202 2 9 142 25 122 2 11 198 19 162 2 7 6 14 14 2 12 140 19 173 3 5 81 13 13 22 23 3 15 29 23 8 29 29 3 18 85 19 81 29 182 3 16 146 20 109 27 164 2 5 74 22 157 3 6 84 17 44 20 57 3 3 98 8 105 23 26 1 18 247 3 15 67 20 257 26 142 2 12 61 19 209 2 24 44 26 152 3 21 18 25 98 28 33 3 8 111 23 151 27 130 3 19 37 25 212 27 34
35 3 6 199 17 98 20 140 2 1 205 2 94 3 2 63 15 151 24 133 2 1 143 2 196 3 4 158 9 175 16 182 2 6 8 8 23 3 16 143 20 76 27 84 3 2 139 15 18 24 84 1 3 159 2 5 183 23 74 2 7 12 14 5 3 8 203 21 241 23 143 2 9 138 25 94 3 4 78 9 209 16 108 3 15 46 23 33 29 28 3 9 10 10 3 23 2 2 11 119 19 87 2 12 94 19 119 3 5 67 13 44 22 86 2 14 1 15 5 1 3 166 3 18 171 19 125 29 48 1 18 101 3 15 31 20 183 26 86 3 21 18 25 86 28 41 2 5 40 29 262 3 19 164 25 150 27 109 3 1 57 2 88 30 81 2 5 99 22 95 3 15 175 20 179 26 182 3 8 44 23 25 27 110 3 3 160 8 92 23 23 2 24 234 26 144 3 3 28 19 92 24 86 2 28 92 29 144
35 3 6 199 17 98 20 140 2 1 205 2 94 3 2 63 15 151 24 133 2 1 143 2 196 3 4 158 9 175 16 182 2 6 8 8 23 3 16 143 20 76 27 84 3 2 139 15 18 24 84 1 3 159 2 5 183 23 74 2 7 12 14 5 3 8 203 21 241 23 143 2 9 138 25 94 3 4 78 9 209 16 108 3 15 46 23 33 29 28 3 9 10 10 3 23 2 2 11 119 19 87 2 12 94 19 119 3 5 67 13 44 22 86 2 14 1 15 5 1 3 166 3 18 171 19 125 29 48 1 18 101 3 15 31 20 183 26 86 3 21 18 25 86 28 41 2 5 40 29 262 3 19 164 25 150 27 109 3 1 57 2 88 30 81 2 5 99 22 95 3 15 175 20 179 26 182 3 8 44 23 25 27 110 3 3 160 8 92 23 23 2 24 234 26 144 3 3 28 19 92 24 86 2 28 92 29 144
39 3 8 82 23 70 27 83 2 1 118 2 79 3 2 66 15 94 24 38 1 3 116 3 8 121 21 323 23 79 3 4 179 9 209 16 194 2 5 220 23 219 1 3 178 3 19 185 25 289 27 263 3 8 141 21 202 23 304 3 18 98 19 60 29 251 3 1 15 2 111 30 71 3 8 101 23 139 27 67 2 6 20 8 17 3 1 79 2 20 30 35 3 16 119 20 157 27 51 2 7 5 14 7 2 9 107 25 22 2 7 3 14 9 3 9 10 10 6 23 2 2 11 83 19 50 3 4 150 9 74 16 196 2 12 183 19 268 3 5 21 13 57 22 85 3 4 146 9 93 16 138 3 6 209 17 244 20 168 2 14 5 15 10 3 21 102 25 93 28 43 3 15 34 23 18 29 41 2 11 157 19 151 1 18 231 2 5 36 22 120 3 15 229 20 242 26 150 2 11 203 19 59 3 3 173 8 87 23 85 2 24 110 26 298 3 3 63 19 101 24 49 2 28 181 29 96 2 5 47 29 198
35 2 1 147 2 145 2 11 82 19 67 3 2 117 15 138 24 58 3 8 101 21 182 23 248 1 3 203 2 7 7 14 2 3 4 48 9 183 16 126 2 5 102 23 180 1 18 185 2 6 9 8 17 3 21 75 25 26 28 46 2 9 131 25 41 3 4 159 9 187 16 137 3 15 24 23 51 29 37 3 8 51 23 101 27 123 3 9 6 10 1 23 3 3 18 121 19 76 29 269 3 19 189 25 147 27 267 2 12 215 19 70 3 5 60 13 75 22 49 2 11 178 19 138 3 6 110 17 121 20 270 3 18 59 19 76 29 67 2 14 9 15 2 2 24 159 26 235 3 16 107 20 91 27 159 3 3 31 19 13 24 105 2 5 165 22 59 3 3 103 8 105 23 78 3 15 222 20 95 26 256 2 28 21 29 106 3 2 100 15 54 24 29 2 5 158 29 243 3 3 93 19 49 24 20 3 1 43 2 22 30 30
35 2 1 147 2 145 2 11 82 19 67 3 2 117 15 138 24 58 3 8 101 21 182 23 248 1 3 203 2 7 7 14 2 3 4 48 9 183 16 126 2 5 102 23 180 1 18 185 2 6 9 8 17 3 21 75 25 26 28 46 2 9 131 25 41 3 4 159 9 187 16 137 3 15 24 23 51 29 37 3 8 51 23 101 27 123 3 9 6 10 1 23 3 3 18 121 19 76 29 269 3 19 189 25 147 27 267 2 12 215 19 70 3 5 60 13 75 22 49 2 11 178 19 138 3 6 110 17 121 20 270 3 18 59 19 76 29 67 2 14 9 15 2 2 24 159 26 235 3 16 107 20 91 27 159 3 3 31 19 13 24 105 2 5 165 22 59 3 3 103 8 105 23 78 3 15 222 20 95 26 256 2 28 21 29 106 3 2 100 15 54 24 29 2 5 158 29 243 3 3 93 19 49 24 20 3 1 43 2 22 30 30
37 2 1 52 2 34 3 2 146 15 126 24 49 1 3 46 3 4 90 9 59 16 179 2 5 96 23 77 2 6 4 8 16 3 4 52 9 94 16 145 2 7 5 14 3 3 8 265 21 43 23 175 2 9 53 25 124 2 6 23 8 22 3 9 3 10 6 23 4 3 15 48 23 19 29 7 2 11 34 19 80 2 12 169 19 264 3 16 94 20 76 27 73 3 5 57 13 63 22 43 2 14 10 15 8 3 21 21 25 85 28 104 2 6 5 8 12 3 1 112 2 100 30 35 3 6 248 17 166 20 245 1 18 145 3 15 26 23 23 29 33 3 18 309 19 130 29 141 3 15 125 20 194 26 248 3 21 45 25 16 28 95 2 5 124 22 149 2 24 151 26 168 3 3 117 8 129 23 160 3 19 236 25 248 27 151 3 4 206 9 212 16 193 2 5 43 29 217 3 3 94 19 71 24 23 3 8 118 23 120 27 117 3 5 78 13 73 22 30 2 28 152 29 23
37 2 1 52 2 34 3 2 146 15 126 24 49 1 3 46 3 4 90 9 59 16 179 2 5 96 23 77 2 6 4 8 16 3 4 52 9 94 16 145 2 7 5 14 3 3 8 265 21 43 23 175 2 9 53 25 124 2 6 23 8 22 3 9 3 10 6 23 4 3 15 48 23 19 29 7 2 11 34 19 80 2 12 169 19 264 3 16 94 20 76 27 73 3 5 57 13 63 22 43 2 14 10 15 8 3 21 21 25 85 28 104 2 6 5 8 12 3 1 112 2 100 30 35 3 6 248 17 166 20 245 1 18 145 3 15 26 23 23 29 33 3 18 309 19 130 29 141 3 15 125 20 194 26 248 3 21 45 25 16 28 95 2 5 124 22 149 2 24 151 26 168 3 3 117 8 129 23 160 3 19 236 25 248 27 151 3 4 206 9 212 16 193 2 5 43 29 217 3 3 94 19 71 24 23 3 8 118 23 120 27 117 3 5 78 13 73 22 30 2 28 152 29 23
DUE_DATES: 7950 7950 7972 8153 8153 8153 6939 7907 7907 7907 8215 8007 8203 8203 8203 9180 6790 6790 6790 6790 9326 8467 8467 8467 6278 7107 8151 7801 7644 7644 7824 8747 8315 7764 7764 7789 7789 7834 8927 9660 9660 9660 7618 8148 8148 9966 8195 8195 7725 7725
WEIGHTS: 1 1 1 2 2 3 1 3 3 3 2 3 3 3 3 1 2 2 1 2 2 2 3 2 1 1 1 2 2 1 2 3 2 3 3 3 2 3 1 3 2 3 3 3 2 1 3 2 1 2
