50 30
35 3 12 81 22 46 28 242 3 1 46 5 63 10 58 3 2 131 3 23 21 166 3 3 5 27 5 28 5 3 4 28 18 13 24 45 2 2 21 5 5 3 3 1 27 7 28 5 2 6 23 29 3 2 19 186 20 191 2 2 7 5 7 2 12 1 25 8 2 12 305 28 195 3 7 169 12 85 15 78 3 1 67 5 25 10 58 2 8 75 23 45 2 15 121 25 112 3 4 5 12 4 26 2 3 4 240 9 35 14 306 3 10 48 20 51 24 129 2 12 64 21 51 3 6 222 8 92 20 119 2 11 57 23 83 1 30 45 3 8 68 10 112 13 97 3 14 63 27 59 30 8 2 15 233 29 60 4 1 114 8 20 16 119 30 48 3 9 77 15 89 17 83 2 12 108 28 341 2 14 7 18 18 3 7 132 12 68 15 57 3 15 45 23 160 26 150 3 14 305 27 221 28 204 3 20 285 21 46 24 79 2 16 95 29 73
36 3 12 334 22 253 28 77 3 1 15 5 44 10 16 3 12 199 22 149 28 305 3 2 129 3 87 21 30 3 9 36 15 63 17 52 3 3 7 27 6 28 2 3 9 19 15 35 17 65 3 4 20 18 8 24 32 2 2 5 5 13 3 1 23 5 66 10 53 3 4 137 9 53 14 39 2 6 5 29 22 3 7 161 12 65 15 35 2 8 51 23 28 2 6 12 29 14 3 10 123 20 53 24 98 2 11 50 23 39 2 12 6 25 6 3 6 46 8 196 20 207 3 8 100 10 95 13 106 2 11 33 23 60 3 14 37 27 46 30 46 2 15 129 29 60 3 2 62 3 97 21 46 4 1 70 8 33 16 62 30 47 3 15 124 23 158 26 84 2 14 22 18 5 2 16 75 29 29 2 19 33 20 234 2 12 157 21 56 3 20 241 21 146 24 283 2 15 148 25 162 3 4 2 12 1 26 4 1 30 152 2 12 215 28 291 3 14 94 27 244 28 252
36 3 12 334 22 253 28 77 3 1 15 5 44 10 16 3 12 199 22 149 28 305 3 2 129 3 87 21 30 3 9 36 15 63 17 52 3 3 7 27 6 28 2 3 9 19 15 35 17 65 3 4 20 18 8 24 32 2 2 5 5 13 3 1 23 5 66 10 53 3 4 137 9 53 14 39 2 6 5 29 22 3 7 161 12 65 15 35 2 8 51 23 28 2 6 12 29 14 3 10 123 20 53 24 98 2 11 50 23 39 2 12 6 25 6 3 6 46 8 196 20 207 3 8 100 10 95 13 106 2 11 33 23 60 3 14 37 27 46 30 46 2 15 129 29 60 3 2 62 3 97 21 46 4 1 70 8 33 16 62 30 47 3 15 124 23 158 26 84 2 14 22 18 5 2 16 75 29 29 2 19 33 20 234 2 12 157 21 56 3 20 241 21 146 24 283 2 15 148 25 162 3 4 2 12 1 26 4 1 30 152 2 12 215 28 291 3 14 94 27 244 28 252
36 3 1 58 5 58 10 72 3 2 112 3 166 21 112 3 1 40 5 9 10 61 2 14 21 18 9 3 2 131 3 168 21 114 3 7 136 12 78 15 163 2 14 3 18 20 2 15 74 25 53 3 3 6 27 8 28 5 3 4 7 18 41 24 34 2 12 70 28 225 2 2 8 5 11 2 6 7 29 10 2 8 116 23 82 3 4 245 9 213 14 54 3 14 21 27 66 30 32 3 10 53 20 78 24 105 2 11 58 23 117 2 12 4 25 3 3 12 153 22 328 28 283 3 8 158 10 189 13 24 3 9 77 15 83 17 31 2 15 99 29 100 4 1 80 8 117 16 98 30 118 2 6 3 29 14 2 19 241 20 70 2 12 135 21 44 3 6 256 8 143 20 68 3 15 22 23 166 26 101 3 20 139 21 160 24 233 3 4 3 12 3 26 1 3 8 101 10 200 13 111 3 14 311 27 290 28 248 3 20 180 21 178 24 119 1 30 107 2 16 30 29 150
36 3 1 58 5 58 10 72 3 2 112 3 166 21 112 3 1 40 5 9 10 61 2 14 21 18 9 3 2 131 3 168 21 114 3 7 136 12 78 15 163 2 14 3 18 20 2 15 74 25 53 3 3 6 27 8 28 5 3 4 7 18 41 24 34 2 12 70 28 225 2 2 8 5 11 2 6 7 29 10 2 8 116 23 82 3 4 245 9 213 14 54 3 14 21 27 66 30 32 3 10 53 20 78 24 105 2 11 58 23 117 2 12 4 25 3 3 12 153 22 328 28 283 3 8 158 10 189 13 24 3 9 77 15 83 17 31 2 15 99 29 100 4 1 80 8 117 16 98 30 118 2 6 3 29 14 2 19 241 20 70 2 12 135 21 44 3 6 256 8 143 20 68 3 15 22 23 166 26 101 3 20 139 21 160 24 233 3 4 3 12 3 26 1 3 8 101 10 200 13 111 3 14 311 27 290 28 248 3 20 180 21 178 24 119 1 30 107 2 16 30 29 150
36 3 1 58 5 58 10 72 3 2 112 3 166 21 112 3 1 40 5 9 10 61 2 14 21 18 9 3 2 131 3 168 21 114 3 7 136 12 78 15 163 2 14 3 18 20 2 15 74 25 53 3 3 6 27 8 28 5 3 4 7 18 41 24 34 2 12 70 28 225 2 2 8 5 11 2 6 7 29 10 2 8 116 23 82 3 4 245 9 213 14 54 3 14 21 27 66 30 32 3 10 53 20 78 24 105 2 11 58 23 117 2 12 4 25 3 3 12 153 22 328 28 283 3 8 158 10 189 13 24 3 9 77 15 83 17 31 2 15 99 29 100 4 1 80 8 117 16 98 30 118 2 6 3 29 14 2 19 241 20 70 2 12 135 21 44 3 6 256 8 143 20 68 3 15 22 23 166 26 101 3 20 139 21 160 24 233 3 4 3 12 3 26 1 3 8 101 10 200 13 111 3 14 311 27 290 28 248 3 20 180 21 178 24 119 1 30 107 2 16 30 29 150
34 2 8 30 23 77 3 1 63 5 24 10 23 3 15 70 23 58 26 146 3 1 69 5 51 10 29 3 2 120 3 102 21 43 3 15 131 23 103 26 150 3 3 4 27 6 28 1 3 4 18 18 35 24 53 3 9 68 15 46 17 78 2 2 12 5 10 2 6 20 29 6 2 14 19 18 6 3 7 149 12 88 15 123 3 4 260 9 75 14 50 3 10 126 20 49 24 95 2 11 100 23 41 2 12 7 25 6 2 12 120 21 98 4 1 15 8 99 16 40 30 96 3 8 150 10 206 13 36 2 12 322 28 157 2 19 107 20 72 3 20 178 21 165 24 252 3 12 235 22 337 28 252 2 15 237 29 140 3 14 10 27 13 30 66 3 6 50 8 36 20 223 4 1 16 8 79 16 97 30 35 2 15 160 25 71 3 4 4 12 3 26 1 2 16 27 29 89 3 9 21 15 32 17 78 3 14 173 27 242 28 156 1 30 112
33 3 1 31 5 29 10 41 3 2 105 3 49 21 86 3 3 4 27 7 28 7 3 2 176 3 48 21 184 2 19 70 20 123 3 4 45 18 47 24 25 4 1 112 8 69 16 51 30 121 2 2 3 5 10 3 9 32 15 25 17 47 4 1 27 8 45 16 37 30 66 2 6 22 29 21 3 7 52 12 84 15 36 1 30 56 2 8 37 23 88 3 4 90 9 168 14 67 3 10 119 20 46 24 89 2 12 2 25 8 2 11 87 23 98 3 14 25 27 35 30 28 3 12 104 22 167 28 159 3 8 185 10 138 13 61 3 14 45 27 55 30 33 2 14 6 18 11 2 15 121 29 212 3 6 130 8 169 20 73 2 16 80 29 47 3 20 40 21 245 24 276 3 14 234 27 68 28 284 2 12 93 21 105 3 15 138 23 125 26 95 2 15 71 25 136 3 4 1 12 1 26 3 2 12 211 28 340
33 3 1 31 5 29 10 41 3 2 105 3 49 21 86 3 3 4 27 7 28 7 3 2 176 3 48 21 184 2 19 70 20 123 3 4 45 18 47 24 25 4 1 112 8 69 16 51 30 121 2 2 3 5 10 3 9 32 15 25 17 47 4 1 27 8 45 16 37 30 66 2 6 22 29 21 3 7 52 12 84 15 36 1 30 56 2 8 37 23 88 3 4 90 9 168 14 67 3 10 119 20 46 24 89 2 12 2 25 8 2 11 87 23 98 3 14 25 27 35 30 28 3 12 104 22 167 28 159 3 8 185 10 138 13 61 3 14 45 27 55 30 33 2 14 6 18 11 2 15 121 29 212 3 6 130 8 169 20 73 2 16 80 29 47 3 20 40 21 245 24 276 3 14 234 27 68 28 284 2 12 93 21 105 3 15 138 23 125 26 95 2 15 71 25 136 3 4 1 12 1 26 3 2 12 211 28 340
34 2 12 8 25 1 3 4 260 9 142 14 228 3 1 24 5 20 10 19 3 2 23 3 155 21 127 3 3 1 27 5 28 6 2 15 121 25 80 3 4 47 18 51 24 39 2 2 15 5 21 2 6 21 29 5 3 4 4 12 3 26 2 3 7 47 12 137 15 35 3 12 97 22 320 28 51 3 2 167 3 153 21 45 2 8 75 23 85 3 8 100 10 219 13 112 2 11 29 23 114 3 3 6 27 4 28 1 3 10 59 20 116 24 84 3 14 48 27 38 30 60 3 14 69 27 49 28 156 2 15 94 29 84 4 1 49 8 60 16 118 30 99 2 11 60 23 72 2 19 145 20 40 3 9 81 15 22 17 14 3 6 245 8 126 20 75 2 14 22 18 5 2 12 184 21 80 2 16 22 29 53 3 15 37 23 41 26 77 3 20 279 21 212 24 196 3 6 128 8 276 20 105 2 12 299 28 158 1 30 91
33 3 1 40 5 26 10 25 3 2 122 3 134 21 137 3 1 32 5 70 10 73 3 3 2 27 8 28 3 2 12 330 28 349 3 4 47 18 52 24 19 2 2 9 5 20 2 8 18 23 80 3 8 201 10 214 13 190 2 6 3 29 8 3 4 303 9 201 14 93 3 4 4 12 5 26 1 2 11 99 23 16 3 20 263 21 173 24 236 3 4 47 18 43 24 15 2 15 72 25 127 3 7 61 12 185 15 109 3 9 51 15 60 17 97 3 10 64 20 131 24 96 2 12 1 25 6 3 14 16 27 40 30 39 2 15 87 29 29 2 12 83 21 68 3 12 183 22 38 28 112 4 1 37 8 91 16 86 30 97 2 14 20 18 12 2 19 143 20 129 3 6 90 8 288 20 123 3 9 71 15 34 17 21 3 15 84 23 145 26 131 3 14 188 27 249 28 55 1 30 123 2 16 71 29 109
33 3 1 40 5 26 10 25 3 2 122 3 134 21 137 3 1 32 5 70 10 73 3 3 2 27 8 28 3 2 12 330 28 349 3 4 47 18 52 24 19 2 2 9 5 20 2 8 18 23 80 3 8 201 10 214 13 190 2 6 3 29 8 3 4 303 9 201 14 93 3 4 4 12 5 26 1 2 11 99 23 16 3 20 263 21 173 24 236 3 4 47 18 43 24 15 2 15 72 25 127 3 7 61 12 185 15 109 3 9 51 15 60 17 97 3 10 64 20 131 24 96 2 12 1 25 6 3 14 16 27 40 30 39 2 15 87 29 29 2 12 83 21 68 3 12 183 22 38 28 112 4 1 37 8 91 16 86 30 97 2 14 20 18 12 2 19 143 20 129 3 6 90 8 288 20 123 3 9 71 15 34 17 21 3 15 84 23 145 26 131 3 14 188 27 249 28 55 1 30 123 2 16 71 29 109
37 3 1 36 5 44 10 11 3 2 94 3 39 21 198 3 12 193 22 279 28 80 3 3 3 27 7 28 4 3 14 38 27 80 28 129 3 2 147 3 127 21 49 2 12 130 28 58 3 4 3 12 1 26 1 3 20 159 21 79 24 257 3 9 29 15 22 17 13 3 2 142 3 108 21 67 3 4 38 18 29 24 31 2 2 22 5 4 2 6 17 29 20 3 7 95 12 83 15 56 3 1 68 5 52 10 53 2 8 62 23 120 3 15 106 23 30 26 162 2 12 84 21 163 3 4 26 18 43 24 40 3 8 214 10 60 13 109 3 4 125 9 123 14 145 3 20 167 21 209 24 280 3 14 16 27 33 30 16 3 6 223 8 112 20 310 1 30 111 3 10 55 20 27 24 98 2 11 101 23 103 2 12 2 25 5 3 8 53 10 103 13 198 2 15 179 29 168 4 1 78 8 100 16 97 30 23 2 2 22 5 22 2 14 17 18 18 2 19 96 20 238 2 16 41 29 98 2 15 170 25 131
33 3 1 69 5 30 10 8 3 2 150 3 81 21 145 3 3 2 27 5 28 5 3 2 154 3 83 21 86 2 19 73 20 91 3 4 46 18 25 24 37 4 1 18 8 87 16 97 30 47 2 2 8 5 17 3 9 63 15 37 17 82 4 1 120 8 97 16 88 30 97 2 6 17 29 17 3 7 152 12 58 15 68 1 30 76 2 8 54 23 136 3 4 66 9 39 14 257 3 10 40 20 90 24 52 2 12 8 25 7 2 11 16 23 33 3 14 62 27 9 30 61 3 12 129 22 143 28 58 3 8 119 10 146 13 161 3 14 16 27 58 30 15 2 14 10 18 21 2 15 41 29 116 3 6 201 8 52 20 307 2 16 93 29 145 3 20 241 21 164 24 61 3 14 288 27 35 28 42 2 12 47 21 184 3 15 169 23 108 26 81 2 15 110 25 80 3 4 3 12 2 26 4 2 12 180 28 154
33 3 1 69 5 30 10 8 3 2 150 3 81 21 145 3 3 2 27 5 28 5 3 2 154 3 83 21 86 2 19 73 20 91 3 4 46 18 25 24 37 4 1 18 8 87 16 97 30 47 2 2 8 5 17 3 9 63 15 37 17 82 4 1 120 8 97 16 88 30 97 2 6 17 29 17 3 7 152 12 58 15 68 1 30 76 2 8 54 23 136 3 4 66 9 39 14 257 3 10 40 20 90 24 52 2 12 8 25 7 2 11 16 23 33 3 14 62 27 9 30 61 3 12 129 22 143 28 58 3 8 119 10 146 13 161 3 14 16 27 58 30 15 2 14 10 18 21 2 15 41 29 116 3 6 201 8 52 20 307 2 16 93 29 145 3 20 241 21 164 24 61 3 14 288 27 35 28 42 2 12 47 21 184 3 15 169 23 108 26 81 2 15 110 25 80 3 4 3 12 2 26 4 2 12 180 28 154
33 3 1 21 5 48 10 26 3 2 52 3 151 21 148 3 1 60 5 36 10 23 3 3 4 27 7 28 2 2 12 326 28 185 3 4 45 18 42 24 32 2 2 7 5 10 2 8 26 23 111 3 8 28 10 166 13 98 2 6 23 29 15 3 4 90 9 142 14 297 3 4 3 12 2 26 1 2 11 34 23 18 3 20 45 21 75 24 259 3 4 29 18 11 24 28 2 15 159 25 69 3 7 102 12 65 15 62 3 9 61 15 84 17 65 3 10 89 20 27 24 106 2 12 1 25 2 3 14 37 27 65 30 15 2 15 182 29 182 2 12 43 21 101 3 12 109 22 122 28 342 4 1 52 8 57 16 46 30 91 2 14 18 18 17 2 19 171 20 50 3 6 116 8 207 20 204 3 9 45 15 13 17 69 3 15 86 23 20 26 149 3 14 96 27 45 28 107 1 30 161 2 16 88 29 105
36 3 12 320 22 66 28 119 3 1 37 5 58 10 25 3 12 317 22 292 28 235 3 2 128 3 152 21 188 3 9 71 15 81 17 23 3 3 1 27 2 28 5 3 9 28 15 61 17 46 3 4 23 18 40 24 27 2 2 16 5 21 3 1 10 5 17 10 65 3 4 277 9 235 14 264 2 6 9 29 22 3 7 148 12 75 15 98 2 8 75 23 20 2 6 9 29 15 3 10 45 20 41 24 93 2 11 79 23 104 2 12 6 25 5 3 6 74 8 124 20 182 3 8 67 10 34 13 177 2 11 68 23 44 3 14 13 27 63 30 65 2 15 127 29 80 3 2 135 3 123 21 23 4 1 116 8 120 16 75 30 105 3 15 30 23 87 26 49 2 14 3 18 3 2 16 51 29 22 2 19 108 20 59 2 12 131 21 180 3 20 207 21 176 24 89 2 15 49 25 38 3 4 5 12 2 26 3 1 30 71 2 12 253 28 257 3 14 221 27 133 28 54
32 3 1 18 5 27 10 70 2 15 109 29 63 3 2 123 3 81 21 87 3 15 107 23 22 26 115 3 3 7 27 3 28 7 3 4 37 18 19 24 8 2 2 20 5 5 2 6 6 29 16 3 20 187 21 90 24 127 3 7 141 12 48 15 57 2 8 84 23 127 2 12 232 28 243 3 4 274 9 106 14 168 2 15 165 25 41 3 10 119 20 40 24 42 2 11 88 23 34 2 12 5 25 4 2 15 82 25 124 3 8 173 10 70 13 96 3 14 45 27 30 30 44 4 1 79 8 54 16 53 30 51 3 4 5 12 1 26 5 3 9 25 15 13 17 47 2 14 22 18 4 2 19 203 20 53 3 6 218 8 146 20 306 3 14 222 27 166 28 261 3 4 2 12 5 26 2 2 12 109 21 90 3 12 179 22 252 28 239 2 16 71 29 59 1 30 172
32 3 1 13 5 27 10 36 2 15 80 29 26 3 2 172 3 184 21 41 3 15 151 23 144 26 92 3 3 1 27 5 28 6 3 4 33 18 30 24 29 2 2 24 5 20 2 6 11 29 4 3 20 233 21 280 24 74 3 7 135 12 146 15 101 2 8 94 23 23 2 12 349 28 215 3 4 76 9 106 14 295 2 15 123 25 51 3 10 68 20 63 24 80 2 11 97 23 35 2 12 1 25 3 2 15 77 25 134 3 8 45 10 67 13 149 3 14 60 27 25 30 39 4 1 31 8 121 16 95 30 52 3 4 2 12 1 26 5 3 9 27 15 74 17 14 2 14 23 18 10 2 19 91 20 89 3 6 226 8 65 20 198 3 14 145 27 96 28 111 3 4 4 12 3 26 4 2 12 61 21 111 3 12 268 22 131 28 305 2 16 123 29 58 1 30 127
32 3 1 13 5 27 10 36 2 15 80 29 26 3 2 172 3 184 21 41 3 15 151 23 144 26 92 3 3 1 27 5 28 6 3 4 33 18 30 24 29 2 2 24 5 20 2 6 11 29 4 3 20 233 21 280 24 74 3 7 135 12 146 15 101 2 8 94 23 23 2 12 349 28 215 3 4 76 9 106 14 295 2 15 123 25 51 3 10 68 20 63 24 80 2 11 97 23 35 2 12 1 25 3 2 15 77 25 134 3 8 45 10 67 13 149 3 14 60 27 25 30 39 4 1 31 8 121 16 95 30 52 3 4 2 12 1 26 5 3 9 27 15 74 17 14 2 14 23 18 10 2 19 91 20 89 3 6 226 8 65 20 198 3 14 145 27 96 28 111 3 4 4 12 3 26 4 2 12 61 21 111 3 12 268 22 131 28 305 2 16 123 29 58 1 30 127
33 3 1 20 5 26 10 25 3 2 145 3 56 21 95 3 1 65 5 53 10 31 3 3 6 27 5 28 3 2 12 144 28 180 3 4 27 18 53 24 30 2 2 17 5 20 2 8 89 23 84 3 8 148 10 134 13 140 2 6 17 29 20 3 4 274 9 157 14 62 3 4 1 12 1 26 3 2 11 38 23 84 3 20 180 21 136 24 159 3 4 36 18 16 24 21 2 15 65 25 88 3 7 137 12 139 15 119 3 9 51 15 16 17 12 3 10 76 20 35 24 110 2 12 2 25 8 3 14 45 27 11 30 58 2 15 232 29 154 2 12 103 21 119 3 12 152 22 327 28 262 4 1 69 8 105 16 102 30 43 2 14 20 18 17 2 19 36 20 109 3 6 250 8 131 20 130 3 9 55 15 56 17 19 3 15 71 23 27 26 100 3 14 257 27 100 28 280 1 30 164 2 16 156 29 142
33 3 1 20 5 26 10 25 3 2 145 3 56 21 95 3 1 65 5 53 10 31 3 3 6 27 5 28 3 2 12 144 28 180 3 4 27 18 53 24 30 2 2 17 5 20 2 8 89 23 84 3 8 148 10 134 13 140 2 6 17 29 20 3 4 274 9 157 14 62 3 4 1 12 1 26 3 2 11 38 23 84 3 20 180 21 136 24 159 3 4 36 18 16 24 21 2 15 65 25 88 3 7 137 12 139 15 119 3 9 51 15 16 17 12 3 10 76 20 35 24 110 2 12 2 25 8 3 14 45 27 11 30 58 2 15 232 29 154 2 12 103 21 119 3 12 152 22 327 28 262 4 1 69 8 105 16 102 30 43 2 14 20 18 17 2 19 36 20 109 3 6 250 8 131 20 130 3 9 55 15 56 17 19 3 15 71 23 27 26 100 3 14 257 27 100 28 280 1 30 164 2 16 156 29 142
33 3 1 40 5 57 10 62 3 2 74 3 42 21 56 3 4 1 12 2 26 3 3 3 5 27 1 28 3 3 4 44 18 31 24 55 3 4 163 9 127 14 130 2 11 84 23 91 2 15 43 25 72 2 2 18 5 15 2 12 110 21 131 2 6 4 29 14 3 7 71 12 162 15 178 2 12 339 28 283 1 30 144 2 8 36 23 70 3 20 191 21 84 24 80 3 10 116 20 136 24 112 3 6 265 8 78 20 292 2 12 8 25 8 3 8 119 10 70 13 154 3 2 195 3 51 21 49 3 14 34 27 8 30 24 3 4 102 9 103 14 160 2 16 138 29 83 3 9 11 15 31 17 32 2 19 43 20 59 2 15 51 29 123 4 1 73 8 117 16 68 30 115 2 14 20 18 22 3 15 76 23 20 26 112 3 12 182 22 155 28 223 2 12 140 21 118 3 14 192 27 151 28 267
33 3 1 40 5 57 10 62 3 2 74 3 42 21 56 3 4 1 12 2 26 3 3 3 5 27 1 28 3 3 4 44 18 31 24 55 3 4 163 9 127 14 130 2 11 84 23 91 2 15 43 25 72 2 2 18 5 15 2 12 110 21 131 2 6 4 29 14 3 7 71 12 162 15 178 2 12 339 28 283 1 30 144 2 8 36 23 70 3 20 191 21 84 24 80 3 10 116 20 136 24 112 3 6 265 8 78 20 292 2 12 8 25 8 3 8 119 10 70 13 154 3 2 195 3 51 21 49 3 14 34 27 8 30 24 3 4 102 9 103 14 160 2 16 138 29 83 3 9 11 15 31 17 32 2 19 43 20 59 2 15 51 29 123 4 1 73 8 117 16 68 30 115 2 14 20 18 22 3 15 76 23 20 26 112 3 12 182 22 155 28 223 2 12 140 21 118 3 14 192 27 151 28 267
36 3 1 20 5 27 10 73 3 2 40 3 46 21 47 3 1 19 5 40 10 18 2 14 2 18 4 3 2 153 3 139 21 175 3 7 134 12 125 15 140 2 14 4 18 9 2 15 117 25 64 3 3 8 27 6 28 4 3 4 47 18 15 24 54 2 12 97 28 150 2 2 17 5 14 2 6 17 29 15 2 8 65 23 34 3 4 290 9 189 14 246 3 14 42 27 53 30 60 3 10 96 20 43 24 86 2 11 39 23 19 2 12 4 25 7 3 12 186 22 310 28 189 3 8 100 10 173 13 176 3 9 90 15 94 17 81 2 15 157 29 140 4 1 71 8 99 16 75 30 89 2 6 22 29 20 2 19 232 20 140 2 12 183 21 83 3 6 289 8 178 20 216 3 15 110 23 82 26 104 3 20 162 21 177 24 239 3 4 5 12 5 26 5 3 8 77 10 115 13 103 3 14 63 27 144 28 52 3 20 212 21 211 24 194 1 30 31 2 16 106 29 83
36 3 12 222 22 206 28 325 3 1 26 5 60 10 43 3 12 245 22 74 28 253 3 2 98 3 176 21 43 3 9 75 15 91 17 69 3 3 3 27 3 28 4 3 9 89 15 31 17 12 3 4 24 18 10 24 8 2 2 9 5 10 3 1 54 5 40 10 34 3 4 180 9 211 14 157 2 6 2 29 19 3 7 100 12 22 15 37 2 8 56 23 37 2 6 14 29 22 3 10 102 20 109 24 79 2 11 96 23 53 2 12 7 25 3 3 6 191 8 145 20 300 3 8 194 10 211 13 181 2 11 28 23 28 3 14 54 27 26 30 37 2 15 227 29 102 3 2 99 3 201 21 63 4 1 100 8 108 16 82 30 56 3 15 126 23 67 26 49 2 14 16 18 9 2 16 102 29 122 2 19 106 20 217 2 12 80 21 172 3 20 254 21 290 24 179 2 15 70 25 50 3 4 2 12 2 26 3 1 30 53 2 12 225 28 110 3 14 156 27 141 28 77
36 3 12 222 22 206 28 325 3 1 26 5 60 10 43 3 12 245 22 74 28 253 3 2 98 3 176 21 43 3 9 75 15 91 17 69 3 3 3 27 3 28 4 3 9 89 15 31 17 12 3 4 24 18 10 24 8 2 2 9 5 10 3 1 54 5 40 10 34 3 4 180 9 211 14 157 2 6 2 29 19 3 7 100 12 22 15 37 2 8 56 23 37 2 6 14 29 22 3 10 102 20 109 24 79 2 11 96 23 53 2 12 7 25 3 3 6 191 8 145 20 300 3 8 194 10 211 13 181 2 11 28 23 28 3 14 54 27 26 30 37 2 15 227 29 102 3 2 99 3 201 21 63 4 1 100 8 108 16 82 30 56 3 15 126 23 67 26 49 2 14 16 18 9 2 16 102 29 122 2 19 106 20 217 2 12 80 21 172 3 20 254 21 290 24 179 2 15 70 25 50 3 4 2 12 2 26 3 1 30 53 2 12 225 28 110 3 14 156 27 141 28 77
36 3 12 222 22 206 28 325 3 1 26 5 60 10 43 3 12 245 22 74 28 253 3 2 98 3 176 21 43 3 9 75 15 91 17 69 3 3 3 27 3 28 4 3 9 89 15 31 17 12 3 4 24 18 10 24 8 2 2 9 5 10 3 1 54 5 40 10 34 3 4 180 9 211 14 157 2 6 2 29 19 3 7 100 12 22 15 37 2 8 56 23 37 2 6 14 29 22 3 10 102 20 109 24 79 2 11 96 23 53 2 12 7 25 3 3 6 191 8 145 20 300 3 8 194 10 211 13 181 2 11 28 23 28 3 14 54 27 26 30 37 2 15 227 29 102 3 2 99 3 201 21 63 4 1 100 8 108 16 82 30 56 3 15 126 23 67 26 49 2 14 16 18 9 2 16 102 29 122 2 19 106 20 217 2 12 80 21 172 3 20 254 21 290 24 179 2 15 70 25 50 3 4 2 12 2 26 3 1 30 53 2 12 225 28 110 3 14 156 27 141 28 77
39 3 9 37 15 83 17 46 2 15 113 29 222 3 3 6 27 6 28 3 3 15 38 23 114 26 123 3 9 19 15 35 17 93 3 4 94 9 226 14 66 3 1 34 5 42 10 58 3 2 160 3 194 21 171 3 4 23 18 39 24 45 2 2 10 5 19 2 6 9 29 17 3 7 117 12 181 15 38 2 15 113 29 111 2 8 115 23 23 3 7 154 12 159 15 106 2 15 106 25 72 3 10 131 20 91 24 100 3 15 57 23 35 26 94 3 20 106 21 159 24 149 2 11 72 23 106 3 4 10 18 42 24 41 2 12 6 25 2 3 8 88 10 47 13 187 1 30 55 3 14 16 27 62 30 65 4 1 105 8 24 16 56 30 28 2 14 21 18 13 3 6 161 8 266 20 218 2 19 233 20 74 3 10 59 20 26 24 82 2 12 121 21 133 2 6 9 29 17 3 12 161 22 274 28 274 3 4 1 12 4 26 4 3 14 215 27 104 28 91 2 8 30 23 107 2 16 143 29 109 3 4 293 9 61 14 205 2 12 312 28 200
39 3 9 37 15 83 17 46 2 15 113 29 222 3 3 6 27 6 28 3 3 15 38 23 114 26 123 3 9 19 15 35 17 93 3 4 94 9 226 14 66 3 1 34 5 42 10 58 3 2 160 3 194 21 171 3 4 23 18 39 24 45 2 2 10 5 19 2 6 9 29 17 3 7 117 12 181 15 38 2 15 113 29 111 2 8 115 23 23 3 7 154 12 159 15 106 2 15 106 25 72 3 10 131 20 91 24 100 3 15 57 23 35 26 94 3 20 106 21 159 24 149 2 11 72 23 106 3 4 10 18 42 24 41 2 12 6 25 2 3 8 88 10 47 13 187 1 30 55 3 14 16 27 62 30 65 4 1 105 8 24 16 56 30 28 2 14 21 18 13 3 6 161 8 266 20 218 2 19 233 20 74 3 10 59 20 26 24 82 2 12 121 21 133 2 6 9 29 17 3 12 161 22 274 28 274 3 4 1 12 4 26 4 3 14 215 27 104 28 91 2 8 30 23 107 2 16 143 29 109 3 4 293 9 61 14 205 2 12 312 28 200
34 3 1 60 5 59 10 56 3 2 177 3 79 21 121 3 3 1 27 7 28 8 3 1 64 5 59 10 46 2 6 18 29 18 3 4 47 18 40 24 36 2 11 108 23 118 2 2 9 5 9 3 3 3 27 1 28 8 4 1 52 8 102 16 105 30 49 3 4 4 12 3 26 1 3 7 59 12 87 15 34 2 8 84 23 135 3 4 68 9 151 14 82 3 10 62 20 90 24 134 2 12 3 25 1 3 8 114 10 202 13 98 3 9 64 15 97 17 90 1 30 110 3 15 161 23 80 26 81 3 6 128 8 204 20 259 2 11 24 23 89 3 14 17 27 22 30 61 2 15 183 29 173 2 15 95 25 170 2 14 5 18 11 2 19 149 20 84 2 12 182 21 164 3 14 77 27 110 28 193 3 12 270 22 268 28 227 2 16 81 29 106 3 7 73 12 100 15 69 3 20 287 21 54 24 59 2 12 87 28 316
34 3 1 60 5 59 10 56 3 2 177 3 79 21 121 3 3 1 27 7 28 8 3 1 64 5 59 10 46 2 6 18 29 18 3 4 47 18 40 24 36 2 11 108 23 118 2 2 9 5 9 3 3 3 27 1 28 8 4 1 52 8 102 16 105 30 49 3 4 4 12 3 26 1 3 7 59 12 87 15 34 2 8 84 23 135 3 4 68 9 151 14 82 3 10 62 20 90 24 134 2 12 3 25 1 3 8 114 10 202 13 98 3 9 64 15 97 17 90 1 30 110 3 15 161 23 80 26 81 3 6 128 8 204 20 259 2 11 24 23 89 3 14 17 27 22 30 61 2 15 183 29 173 2 15 95 25 170 2 14 5 18 11 2 19 149 20 84 2 12 182 21 164 3 14 77 27 110 28 193 3 12 270 22 268 28 227 2 16 81 29 106 3 7 73 12 100 15 69 3 20 287 21 54 24 59 2 12 87 28 316
34 3 1 60 5 59 10 56 3 2 177 3 79 21 121 3 3 1 27 7 28 8 3 1 64 5 59 10 46 2 6 18 29 18 3 4 47 18 40 24 36 2 11 108 23 118 2 2 9 5 9 3 3 3 27 1 28 8 4 1 52 8 102 16 105 30 49 3 4 4 12 3 26 1 3 7 59 12 87 15 34 2 8 84 23 135 3 4 68 9 151 14 82 3 10 62 20 90 24 134 2 12 3 25 1 3 8 114 10 202 13 98 3 9 64 15 97 17 90 1 30 110 3 15 161 23 80 26 81 3 6 128 8 204 20 259 2 11 24 23 89 3 14 17 27 22 30 61 2 15 183 29 173 2 15 95 25 170 2 14 5 18 11 2 19 149 20 84 2 12 182 21 164 3 14 77 27 110 28 193 3 12 270 22 268 28 227 2 16 81 29 106 3 7 73 12 100 15 69 3 20 287 21 54 24 59 2 12 87 28 316
34 3 1 60 5 59 10 56 3 2 177 3 79 21 121 3 3 1 27 7 28 8 3 1 64 5 59 10 46 2 6 18 29 18 3 4 47 18 40 24 36 2 11 108 23 118 2 2 9 5 9 3 3 3 27 1 28 8 4 1 52 8 102 16 105 30 49 3 4 4 12 3 26 1 3 7 59 12 87 15 34 2 8 84 23 135 3 4 68 9 151 14 82 3 10 62 20 90 24 134 2 12 3 25 1 3 8 114 10 202 13 98 3 9 64 15 97 17 90 1 30 110 3 15 161 23 80 26 81 3 6 128 8 204 20 259 2 11 24 23 89 3 14 17 27 22 30 61 2 15 183 29 173 2 15 95 25 170 2 14 5 18 11 2 19 149 20 84 2 12 182 21 164 3 14 77 27 110 28 193 3 12 270 22 268 28 227 2 16 81 29 106 3 7 73 12 100 15 69 3 20 287 21 54 24 59 2 12 87 28 316
36 2 2 18 5 23 3 1 44 5 20 10 40 3 2 189 3 197 21 67 3 3 5 27 1 28 7 3 4 31 18 52 24 9 2 2 16 5 14 2 15 142 25 40 2 6 14 29 2 3 7 56 12 51 15 88 2 8 86 23 48 2 14 8 18 16 2 12 177 21 106 2 11 88 23 104 3 4 179 9 79 14 59 2 15 26 25 170 2 12 82 28 320 3 15 154 23 112 26 98 3 10 17 20 122 24 66 4 1 70 8 106 16 95 30 54 3 2 115 3 38 21 168 2 12 3 25 5 2 16 123 29 120 3 8 152 10 68 13 148 3 14 252 27 86 28 146 2 6 23 29 22 3 14 10 27 36 30 66 2 19 170 20 201 2 15 100 29 169 3 9 68 15 90 17 38 3 10 29 20 31 24 101 1 30 171 2 2 6 5 23 3 4 2 12 2 26 4 3 12 306 22 283 28 272 3 20 59 21 220 24 269 3 6 208 8 57 20 100
33 3 1 19 5 27 10 59 3 2 181 3 98 21 141 2 16 147 29 98 2 12 1 25 7 3 3 1 27 3 28 8 3 12 257 22 46 28 320 3 4 21 18 40 24 18 3 14 9 27 15 30 16 3 10 28 20 55 24 28 2 2 14 5 22 2 15 62 25 129 2 6 15 29 21 3 7 163 12 93 15 37 3 15 121 23 156 26 34 3 7 170 12 177 15 104 3 20 268 21 111 24 285 3 8 172 10 33 13 162 2 15 75 29 114 3 3 3 27 7 28 5 2 8 24 23 54 3 4 99 9 234 14 72 2 11 22 23 72 4 1 36 8 117 16 101 30 94 2 19 80 20 158 3 9 34 15 21 17 39 2 12 160 28 126 2 14 19 18 8 3 6 154 8 229 20 152 1 30 135 3 9 14 15 76 17 36 2 12 117 21 181 3 14 213 27 189 28 199 3 4 4 12 2 26 4
32 3 1 55 5 65 10 68 2 15 115 29 116 3 2 179 3 89 21 68 3 15 36 23 147 26 86 3 3 3 27 5 28 2 3 4 20 18 48 24 26 2 2 8 5 7 2 6 5 29 3 3 20 244 21 177 24 139 3 7 53 12 54 15 143 2 8 28 23 41 2 12 317 28 254 3 4 162 9 103 14 127 2 15 128 25 130 3 10 51 20 89 24 44 2 11 112 23 85 2 12 2 25 4 2 15 78 25 147 3 8 197 10 127 13 88 3 14 27 27 44 30 12 4 1 67 8 17 16 93 30 68 3 4 4 12 1 26 2 3 9 15 15 68 17 57 2 14 18 18 15 2 19 50 20 166 3 6 169 8 270 20 155 3 14 236 27 311 28 243 3 4 4 12 3 26 2 2 12 54 21 159 3 12 100 22 117 28 65 2 16 114 29 113 1 30 169
33 3 1 19 5 70 10 15 3 2 23 3 51 21 162 2 16 21 29 122 2 12 1 25 6 3 3 3 27 1 28 1 3 12 144 22 247 28 60 3 4 54 18 19 24 8 3 14 34 27 60 30 64 3 10 118 20 23 24 113 2 2 10 5 5 2 15 86 25 73 2 6 21 29 21 3 7 83 12 122 15 23 3 15 52 23 176 26 126 3 7 54 12 109 15 140 3 20 100 21 157 24 163 3 8 75 10 68 13 45 2 15 84 29 230 3 3 5 27 4 28 8 2 8 84 23 41 3 4 293 9 52 14 238 2 11 71 23 28 4 1 22 8 99 16 111 30 72 2 19 87 20 154 3 9 26 15 18 17 51 2 12 82 28 235 2 14 11 18 18 3 6 282 8 36 20 85 1 30 37 3 9 33 15 85 17 88 2 12 101 21 48 3 14 279 27 122 28 224 3 4 2 12 2 26 3
36 3 1 64 5 21 10 67 3 2 30 3 69 21 167 3 1 72 5 11 10 27 2 14 11 18 4 3 2 29 3 112 21 121 3 7 184 12 184 15 31 2 14 5 18 23 2 15 95 25 48 3 3 8 27 3 28 7 3 4 31 18 25 24 33 2 12 86 28 318 2 2 8 5 11 2 6 13 29 4 2 8 124 23 135 3 4 255 9 291 14 308 3 14 41 27 20 30 33 3 10 84 20 99 24 29 2 11 97 23 102 2 12 7 25 3 3 12 56 22 179 28 67 3 8 49 10 82 13 146 3 9 89 15 84 17 76 2 15 98 29 87 4 1 65 8 115 16 58 30 107 2 6 5 29 17 2 19 228 20 239 2 12 156 21 177 3 6 102 8 42 20 275 3 15 53 23 159 26 155 3 20 283 21 183 24 119 3 4 4 12 3 26 1 3 8 189 10 193 13 82 3 14 36 27 309 28 117 3 20 84 21 93 24 269 1 30 132 2 16 98 29 145
36 3 1 64 5 21 10 67 3 2 30 3 69 21 167 3 1 72 5 11 10 27 2 14 11 18 4 3 2 29 3 112 21 121 3 7 184 12 184 15 31 2 14 5 18 23 2 15 95 25 48 3 3 8 27 3 28 7 3 4 31 18 25 24 33 2 12 86 28 318 2 2 8 5 11 2 6 13 29 4 2 8 124 23 135 3 4 255 9 291 14 308 3 14 41 27 20 30 33 3 10 84 20 99 24 29 2 11 97 23 102 2 12 7 25 3 3 12 56 22 179 28 67 3 8 49 10 82 13 146 3 9 89 15 84 17 76 2 15 98 29 87 4 1 65 8 115 16 58 30 107 2 6 5 29 17 2 19 228 20 239 2 12 156 21 177 3 6 102 8 42 20 275 3 15 53 23 159 26 155 3 20 283 21 183 24 119 3 4 4 12 3 26 1 3 8 189 10 193 13 82 3 14 36 27 309 28 117 3 20 84 21 93 24 269 1 30 132 2 16 98 29 145
37 3 1 51 5 60 10 32 3 2 97 3 149 21 79 3 12 294 22 174 28 68 3 3 5 27 1 28 4 3 14 298 27 306 28 235 3 2 75 3 123 21 96 2 12 72 28 258 3 4 1 12 1 26 3 3 20 237 21 57 24 180 3 9 29 15 97 17 89 3 2 191 3 77 21 31 3 4 21 18 9 24 54 2 2 11 5 19 2 6 13 29 6 3 7 75 12 67 15 160 3 1 34 5 17 10 34 2 8 130 23 89 3 15 141 23 122 26 135 2 12 173 21 98 3 4 27 18 35 24 6 3 8 111 10 68 13 78 3 4 243 9 38 14 87 3 20 37 21 240 24 262 3 14 62 27 53 30 35 3 6 199 8 35 20 51 1 30 131 3 10 109 20 76 24 74 2 11 68 23 61 2 12 6 25 6 3 8 189 10 175 13 38 2 15 210 29 238 4 1 24 8 33 16 84 30 27 2 2 10 5 21 2 14 5 18 23 2 19 80 20 44 2 16 130 29 111 2 15 131 25 175
36 2 2 16 5 5 3 1 44 5 33 10 11 3 2 33 3 146 21 29 3 3 6 27 2 28 3 3 4 40 18 32 24 9 2 2 25 5 2 2 15 151 25 110 2 6 15 29 19 3 7 103 12 128 15 116 2 8 44 23 112 2 14 7 18 15 2 12 27 21 48 2 11 17 23 91 3 4 299 9 240 14 286 2 15 76 25 84 2 12 126 28 167 3 15 154 23 49 26 98 3 10 131 20 77 24 25 4 1 78 8 95 16 53 30 64 3 2 145 3 128 21 114 2 12 5 25 6 2 16 18 29 149 3 8 32 10 101 13 107 3 14 240 27 180 28 294 2 6 19 29 12 3 14 45 27 43 30 61 2 19 139 20 34 2 15 169 29 232 3 9 79 15 15 17 22 3 10 67 20 64 24 52 1 30 173 2 2 17 5 9 3 4 1 12 4 26 1 3 12 176 22 268 28 213 3 20 123 21 69 24 63 3 6 173 8 199 20 139
33 3 1 44 5 42 10 57 3 2 51 3 64 21 164 2 16 136 29 120 2 12 2 25 8 3 3 7 27 2 28 7 3 12 315 22 224 28 329 3 4 7 18 36 24 50 3 14 42 27 60 30 64 3 10 123 20 73 24 70 2 2 14 5 18 2 15 33 25 177 2 6 6 29 3 3 7 69 12 156 15 43 3 15 27 23 175 26 79 3 7 91 12 70 15 90 3 20 202 21 127 24 252 3 8 26 10 165 13 149 2 15 33 29 189 3 3 7 27 5 28 5 2 8 102 23 53 3 4 269 9 182 14 252 2 11 23 23 53 4 1 46 8 104 16 39 30 14 2 19 109 20 83 3 9 11 15 65 17 13 2 12 74 28 129 2 14 19 18 16 3 6 198 8 153 20 307 1 30 69 3 9 90 15 50 17 88 2 12 162 21 92 3 14 208 27 140 28 134 3 4 2 12 2 26 3
33 3 1 64 5 30 10 39 3 2 172 3 43 21 102 3 4 2 12 3 26 1 3 3 8 27 7 28 7 3 4 37 18 27 24 44 3 4 62 9 192 14 197 2 11 114 23 16 2 15 98 25 46 2 2 16 5 19 2 12 120 21 139 2 6 4 29 21 3 7 115 12 74 15 87 2 12 227 28 97 1 30 142 2 8 108 23 136 3 20 286 21 182 24 117 3 10 135 20 136 24 123 3 6 153 8 285 20 62 2 12 2 25 8 3 8 203 10 117 13 154 3 2 84 3 144 21 151 3 14 61 27 41 30 57 3 4 225 9 155 14 132 2 16 128 29 115 3 9 73 15 74 17 96 2 19 222 20 69 2 15 214 29 117 4 1 117 8 84 16 77 30 68 2 14 11 18 18 3 15 87 23 116 26 75 3 12 260 22 110 28 165 2 12 30 21 78 3 14 169 27 301 28 232
33 3 1 16 5 33 10 44 3 2 86 3 127 21 155 3 1 34 5 60 10 36 3 3 8 27 5 28 7 2 12 310 28 244 3 4 46 18 14 24 33 2 2 16 5 10 2 8 46 23 96 3 8 147 10 114 13 187 2 6 12 29 13 3 4 169 9 289 14 306 3 4 2 12 1 26 4 2 11 37 23 99 3 20 160 21 148 24 269 3 4 27 18 41 24 54 2 15 159 25 69 3 7 96 12 119 15 20 3 9 49 15 24 17 13 3 10 123 20 64 24 137 2 12 1 25 2 3 14 49 27 50 30 26 2 15 49 29 44 2 12 155 21 83 3 12 240 22 141 28 128 4 1 75 8 48 16 119 30 32 2 14 20 18 10 2 19 185 20 38 3 6 157 8 236 20 135 3 9 48 15 13 17 67 3 15 133 23 179 26 23 3 14 249 27 293 28 212 1 30 30 2 16 53 29 116
33 2 12 88 21 63 3 4 35 18 26 24 11 2 19 110 20 127 3 1 34 5 55 10 10 2 12 74 21 102 3 2 186 3 86 21 41 3 3 1 27 3 28 6 2 6 7 29 22 2 2 19 5 11 2 12 305 28 252 3 10 129 20 51 24 44 3 7 115 12 25 15 116 2 8 29 23 94 3 4 309 9 255 14 95 3 12 191 22 101 28 191 3 15 120 23 149 26 63 3 9 87 15 84 17 26 3 8 108 10 123 13 197 2 11 30 23 41 2 12 2 25 3 2 16 145 29 104 3 12 337 22 194 28 225 3 14 64 27 60 30 19 3 4 1 12 2 26 2 2 16 159 29 152 3 6 203 8 216 20 248 2 15 71 29 172 3 14 40 27 132 28 192 2 15 145 25 42 4 1 79 8 76 16 113 30 119 1 30 70 2 14 3 18 17 3 20 158 21 73 24 195
36 3 1 23 5 60 10 12 3 2 123 3 36 21 151 3 1 22 5 12 10 50 2 14 12 18 6 3 2 31 3 75 21 149 3 7 85 12 42 15 71 2 14 11 18 6 2 15 53 25 30 3 3 4 27 8 28 8 3 4 44 18 17 24 20 2 12 203 28 98 2 2 6 5 20 2 6 8 29 5 2 8 31 23 81 3 4 72 9 261 14 95 3 14 45 27 30 30 10 3 10 72 20 137 24 40 2 11 29 23 106 2 12 5 25 6 3 12 41 22 234 28 324 3 8 166 10 133 13 95 3 9 42 15 81 17 81 2 15 130 29 150 4 1 80 8 96 16 105 30 53 2 6 13 29 19 2 19 240 20 204 2 12 147 21 52 3 6 39 8 239 20 121 3 15 181 23 61 26 125 3 20 164 21 253 24 254 3 4 3 12 1 26 1 3 8 152 10 185 13 85 3 14 261 27 272 28 82 3 20 143 21 189 24 290 1 30 43 2 16 95 29 57
37 3 1 21 5 39 10 18 3 2 79 3 110 21 76 3 12 122 22 194 28 132 3 3 5 27 3 28 8 3 14 87 27 111 28 110 3 2 155 3 114 21 26 2 12 69 28 240 3 4 2 12 2 26 3 3 20 212 21 66 24 276 3 9 14 15 31 17 30 3 2 31 3 59 21 55 3 4 29 18 24 24 21 2 2 11 5 15 2 6 11 29 18 3 7 87 12 147 15 102 3 1 43 5 53 10 15 2 8 56 23 104 3 15 87 23 175 26 65 2 12 108 21 123 3 4 43 18 46 24 16 3 8 151 10 49 13 60 3 4 308 9 282 14 159 3 20 220 21 290 24 83 3 14 32 27 45 30 39 3 6 44 8 244 20 66 1 30 165 3 10 31 20 43 24 69 2 11 84 23 51 2 12 8 25 8 3 8 165 10 111 13 106 2 15 50 29 112 4 1 20 8 38 16 41 30 84 2 2 9 5 3 2 14 16 18 4 2 19 242 20 135 2 16 111 29 151 2 15 80 25 113
36 3 12 303 22 214 28 265 3 1 35 5 24 10 66 3 12 168 22 128 28 309 3 2 48 3 33 21 22 3 9 73 15 39 17 65 3 3 8 27 1 28 7 3 9 56 15 40 17 64 3 4 42 18 15 24 38 2 2 23 5 24 3 1 54 5 27 10 64 3 4 168 9 149 14 49 2 6 12 29 22 3 7 115 12 118 15 85 2 8 54 23 72 2 6 4 29 17 3 10 121 20 49 24 49 2 11 99 23 75 2 12 6 25 7 3 6 44 8 286 20 163 3 8 114 10 120 13 69 2 11 94 23 87 3 14 41 27 16 30 14 2 15 49 29 206 3 2 23 3 158 21 41 4 1 56 8 15 16 102 30 51 3 15 142 23 63 26 30 2 14 6 18 22 2 16 122 29 72 2 19 184 20 67 2 12 168 21 80 3 20 272 21 66 24 48 2 15 148 25 113 3 4 5 12 4 26 2 1 30 81 2 12 221 28 213 3 14 68 27 115 28 169
34 3 1 18 5 46 10 60 3 2 78 3 78 21 55 3 1 59 5 49 10 63 3 3 2 27 1 28 7 3 4 12 18 8 24 23 2 2 10 5 24 3 1 59 5 68 10 62 3 14 38 27 19 30 44 3 4 209 9 198 14 230 2 6 2 29 5 3 7 82 12 34 15 47 2 8 29 23 119 3 10 78 20 110 24 36 2 11 58 23 47 2 12 5 25 8 3 8 25 10 128 13 111 2 15 178 29 104 4 1 27 8 82 16 55 30 28 2 12 8 25 5 2 12 199 28 185 3 3 4 27 2 28 4 2 19 60 20 203 3 9 93 15 27 17 79 3 15 44 23 47 26 101 2 14 8 18 22 3 6 98 8 143 20 237 2 12 93 21 91 3 12 228 22 312 28 72 3 20 215 21 209 24 271 3 4 2 12 3 26 5 2 16 35 29 63 2 15 103 25 169 3 14 148 27 245 28 300 1 30 123
DUE_DATES: 5717 5683 5683 6266 6266 6266 5595 5101 5101 5335 5568 5568 6030 4881 4881 5000 5679 5251 5080 5080 5447 5447 5631 5631 6009 6060 6060 6060 6681 6681 5773 5773 5773 5773 5968 5283 5393 4663 6331 6331 6289 5581 5320 6215 5423 5904 5718 5751 5580 5142
WEIGHTS: 1 1 3 1 2 1 1 2 1 3 1 1 2 2 2 1 2 1 2 3 2 2 3 3 2 3 1 2 1 2 3 2 1 3 1 3 2 2 3 1 3 1 2 3 1 3 3 2 2 3
