50 30
34 2 11 35 27 24 3 17 95 18 141 27 32 2 1 3 3 4 3 2 30 17 170 22 128 3 3 75 16 238 26 59 2 4 149 17 167 3 3 210 16 267 26 92 2 5 12 20 22 2 6 29 25 27 3 7 76 16 15 24 19 3 4 89 9 95 20 22 3 10 180 15 230 30 125 3 8 144 10 47 28 57 4 3 159 18 135 21 117 25 47 2 9 34 25 31 3 10 152 23 144 28 91 3 12 65 24 69 26 56 2 13 91 26 112 3 14 122 15 67 25 48 3 2 106 16 117 18 174 3 5 188 9 135 17 134 3 7 23 16 29 19 32 2 1 8 3 8 2 15 320 21 237 3 14 169 15 131 25 64 3 9 241 24 134 26 74 3 22 80 24 162 27 108 2 11 86 27 39 2 13 83 23 94 2 26 29 30 101 2 24 3 28 12 2 15 48 29 75 2 5 20 20 10 2 2 89 30 64
33 2 1 14 3 9 2 9 150 25 189 3 2 105 17 174 22 159 3 3 90 16 134 26 239 2 4 293 17 216 3 2 171 16 142 18 150 2 9 150 25 67 4 3 208 18 265 21 121 25 273 2 24 6 28 4 2 5 6 20 22 3 7 69 16 87 24 24 2 6 38 25 7 3 8 26 10 35 28 142 2 26 177 30 242 3 10 122 23 195 28 154 4 3 129 18 207 21 68 25 143 2 11 172 27 33 3 12 23 24 77 26 83 2 13 109 26 57 3 2 31 17 186 22 74 3 14 36 15 51 25 101 3 10 197 15 166 30 142 2 2 128 30 221 3 5 41 9 135 17 193 3 17 134 18 37 27 108 3 7 22 16 8 19 5 3 22 214 24 158 27 102 2 15 86 29 46 3 4 21 9 55 20 48 2 15 304 21 294 3 9 236 24 257 26 348 2 13 64 23 99 2 11 70 27 34
34 3 2 159 17 133 22 65 2 1 15 3 4 3 3 240 16 280 26 192 2 4 233 17 268 3 3 269 16 272 26 191 3 7 57 16 46 24 57 3 7 22 16 39 19 39 2 5 6 20 20 2 6 25 25 28 3 8 131 10 101 28 50 2 9 167 25 102 2 15 91 29 146 3 10 181 23 187 28 113 2 11 110 27 36 3 17 19 18 122 27 125 3 12 106 24 42 26 26 2 13 101 26 46 2 24 6 28 9 3 5 186 9 332 17 238 3 14 136 15 200 25 100 3 4 96 9 39 20 81 3 3 46 16 188 26 56 3 10 240 15 181 30 182 2 15 186 21 74 3 2 33 16 190 18 41 2 11 118 27 115 3 22 132 24 165 27 102 2 2 318 30 211 2 15 64 29 19 2 13 73 23 18 3 9 276 24 90 26 111 4 3 140 18 266 21 34 25 201 2 26 61 30 37 2 11 30 27 14
34 3 2 159 17 133 22 65 2 1 15 3 4 3 3 240 16 280 26 192 2 4 233 17 268 3 3 269 16 272 26 191 3 7 57 16 46 24 57 3 7 22 16 39 19 39 2 5 6 20 20 2 6 25 25 28 3 8 131 10 101 28 50 2 9 167 25 102 2 15 91 29 146 3 10 181 23 187 28 113 2 11 110 27 36 3 17 19 18 122 27 125 3 12 106 24 42 26 26 2 13 101 26 46 2 24 6 28 9 3 5 186 9 332 17 238 3 14 136 15 200 25 100 3 4 96 9 39 20 81 3 3 46 16 188 26 56 3 10 240 15 181 30 182 2 15 186 21 74 3 2 33 16 190 18 41 2 11 118 27 115 3 22 132 24 165 27 102 2 2 318 30 211 2 15 64 29 19 2 13 73 23 18 3 9 276 24 90 26 111 4 3 140 18 266 21 34 25 201 2 26 61 30 37 2 11 30 27 14
34 3 2 160 17 120 22 87 2 1 12 3 13 3 3 202 16 60 26 111 2 4 42 17 199 3 3 250 16 95 26 40 3 7 51 16 72 24 54 3 7 40 16 37 19 17 2 5 7 20 19 2 6 10 25 11 3 8 81 10 90 28 174 2 9 122 25 128 2 15 98 29 30 3 10 217 23 47 28 87 2 11 139 27 97 3 17 129 18 124 27 64 3 12 97 24 123 26 41 2 13 17 26 50 2 24 7 28 1 3 5 76 9 160 17 115 3 14 67 15 121 25 78 3 4 116 9 120 20 89 3 3 246 16 271 26 274 3 10 268 15 149 30 171 2 15 340 21 295 3 2 182 16 32 18 119 2 11 59 27 135 3 22 258 24 226 27 147 2 2 90 30 176 2 15 103 29 144 2 13 16 23 99 3 9 171 24 101 26 325 4 3 95 18 270 21 149 25 65 2 26 82 30 133 2 11 36 27 74
34 3 2 160 17 120 22 87 2 1 12 3 13 3 3 202 16 60 26 111 2 4 42 17 199 3 3 250 16 95 26 40 3 7 51 16 72 24 54 3 7 40 16 37 19 17 2 5 7 20 19 2 6 10 25 11 3 8 81 10 90 28 174 2 9 122 25 128 2 15 98 29 30 3 10 217 23 47 28 87 2 11 139 27 97 3 17 129 18 124 27 64 3 12 97 24 123 26 41 2 13 17 26 50 2 24 7 28 1 3 5 76 9 160 17 115 3 14 67 15 121 25 78 3 4 116 9 120 20 89 3 3 246 16 271 26 274 3 10 268 15 149 30 171 2 15 340 21 295 3 2 182 16 32 18 119 2 11 59 27 135 3 22 258 24 226 27 147 2 2 90 30 176 2 15 103 29 144 2 13 16 23 99 3 9 171 24 101 26 325 4 3 95 18 270 21 149 25 65 2 26 82 30 133 2 11 36 27 74
34 3 2 160 17 120 22 87 2 1 12 3 13 3 3 202 16 60 26 111 2 4 42 17 199 3 3 250 16 95 26 40 3 7 51 16 72 24 54 3 7 40 16 37 19 17 2 5 7 20 19 2 6 10 25 11 3 8 81 10 90 28 174 2 9 122 25 128 2 15 98 29 30 3 10 217 23 47 28 87 2 11 139 27 97 3 17 129 18 124 27 64 3 12 97 24 123 26 41 2 13 17 26 50 2 24 7 28 1 3 5 76 9 160 17 115 3 14 67 15 121 25 78 3 4 116 9 120 20 89 3 3 246 16 271 26 274 3 10 268 15 149 30 171 2 15 340 21 295 3 2 182 16 32 18 119 2 11 59 27 135 3 22 258 24 226 27 147 2 2 90 30 176 2 15 103 29 144 2 13 16 23 99 3 9 171 24 101 26 325 4 3 95 18 270 21 149 25 65 2 26 82 30 133 2 11 36 27 74
34 3 2 160 17 120 22 87 2 1 12 3 13 3 3 202 16 60 26 111 2 4 42 17 199 3 3 250 16 95 26 40 3 7 51 16 72 24 54 3 7 40 16 37 19 17 2 5 7 20 19 2 6 10 25 11 3 8 81 10 90 28 174 2 9 122 25 128 2 15 98 29 30 3 10 217 23 47 28 87 2 11 139 27 97 3 17 129 18 124 27 64 3 12 97 24 123 26 41 2 13 17 26 50 2 24 7 28 1 3 5 76 9 160 17 115 3 14 67 15 121 25 78 3 4 116 9 120 20 89 3 3 246 16 271 26 274 3 10 268 15 149 30 171 2 15 340 21 295 3 2 182 16 32 18 119 2 11 59 27 135 3 22 258 24 226 27 147 2 2 90 30 176 2 15 103 29 144 2 13 16 23 99 3 9 171 24 101 26 325 4 3 95 18 270 21 149 25 65 2 26 82 30 133 2 11 36 27 74
35 3 8 116 10 33 28 106 3 7 40 16 41 19 23 2 1 14 3 4 3 2 71 17 160 22 86 3 3 142 16 270 26 147 2 4 62 17 272 2 5 9 20 20 2 1 4 3 6 2 15 134 29 44 2 6 41 25 29 3 7 53 16 49 24 62 2 9 88 25 47 3 10 59 23 108 28 121 3 2 99 16 133 18 212 2 15 50 29 40 2 11 117 27 65 3 12 97 24 106 26 90 2 13 23 26 25 3 10 33 15 95 30 257 3 14 77 15 60 25 159 3 5 47 9 313 17 113 3 17 126 18 32 27 88 3 4 82 9 14 20 85 3 17 59 18 29 27 42 2 15 238 21 123 2 1 3 3 14 2 2 228 30 184 2 24 6 28 8 3 22 90 24 288 27 57 2 13 36 23 78 3 9 279 24 143 26 64 2 26 61 30 124 3 7 10 16 31 19 29 4 3 157 18 68 21 105 25 229 2 11 93 27 53
34 2 1 6 3 3 3 4 90 9 124 20 28 3 2 173 17 173 22 40 2 15 59 29 115 2 9 128 25 111 2 15 48 29 65 3 9 231 24 101 26 145 3 14 71 15 119 25 58 3 3 41 16 67 26 231 3 22 254 24 263 27 126 2 4 178 17 205 2 5 9 20 22 2 6 42 25 30 3 17 148 18 129 27 78 3 2 103 17 111 22 49 3 7 74 16 63 24 76 3 8 63 10 30 28 146 2 15 212 21 199 3 10 162 23 110 28 222 2 26 171 30 144 2 11 123 27 202 3 12 48 24 110 26 43 2 9 28 25 181 2 13 50 26 22 3 10 128 15 228 30 167 3 2 212 16 173 18 50 4 3 282 18 116 21 230 25 100 3 5 234 9 42 17 57 3 7 34 16 11 19 19 2 24 5 28 8 2 13 73 23 34 2 11 50 27 27 3 10 127 15 253 30 271 2 2 209 30 207
36 2 1 3 3 5 3 2 145 17 139 22 104 2 1 11 3 14 3 12 77 24 44 26 109 3 3 214 16 51 26 111 3 2 79 17 139 22 165 3 10 26 23 48 28 133 2 4 291 17 44 2 5 7 20 3 2 15 292 21 112 2 6 18 25 34 3 7 19 16 72 24 31 3 8 152 10 90 28 75 2 9 92 25 30 2 11 112 27 78 2 13 31 26 102 2 1 15 3 16 3 14 76 15 64 25 37 2 9 125 25 109 3 10 200 15 132 30 72 3 2 180 16 183 18 198 2 11 55 27 63 3 2 157 16 31 18 25 3 5 56 9 219 17 312 3 17 20 18 126 27 61 3 7 7 16 22 19 26 4 3 96 18 121 21 235 25 92 3 4 15 9 58 20 35 3 22 180 24 149 27 178 2 13 17 23 99 2 2 44 30 117 3 9 85 24 98 26 259 3 10 202 23 61 28 40 2 24 10 28 1 2 15 169 29 28 2 26 224 30 126
36 2 1 3 3 5 3 2 145 17 139 22 104 2 1 11 3 14 3 12 77 24 44 26 109 3 3 214 16 51 26 111 3 2 79 17 139 22 165 3 10 26 23 48 28 133 2 4 291 17 44 2 5 7 20 3 2 15 292 21 112 2 6 18 25 34 3 7 19 16 72 24 31 3 8 152 10 90 28 75 2 9 92 25 30 2 11 112 27 78 2 13 31 26 102 2 1 15 3 16 3 14 76 15 64 25 37 2 9 125 25 109 3 10 200 15 132 30 72 3 2 180 16 183 18 198 2 11 55 27 63 3 2 157 16 31 18 25 3 5 56 9 219 17 312 3 17 20 18 126 27 61 3 7 7 16 22 19 26 4 3 96 18 121 21 235 25 92 3 4 15 9 58 20 35 3 22 180 24 149 27 178 2 13 17 23 99 2 2 44 30 117 3 9 85 24 98 26 259 3 10 202 23 61 28 40 2 24 10 28 1 2 15 169 29 28 2 26 224 30 126
36 2 1 3 3 5 3 2 145 17 139 22 104 2 1 11 3 14 3 12 77 24 44 26 109 3 3 214 16 51 26 111 3 2 79 17 139 22 165 3 10 26 23 48 28 133 2 4 291 17 44 2 5 7 20 3 2 15 292 21 112 2 6 18 25 34 3 7 19 16 72 24 31 3 8 152 10 90 28 75 2 9 92 25 30 2 11 112 27 78 2 13 31 26 102 2 1 15 3 16 3 14 76 15 64 25 37 2 9 125 25 109 3 10 200 15 132 30 72 3 2 180 16 183 18 198 2 11 55 27 63 3 2 157 16 31 18 25 3 5 56 9 219 17 312 3 17 20 18 126 27 61 3 7 7 16 22 19 26 4 3 96 18 121 21 235 25 92 3 4 15 9 58 20 35 3 22 180 24 149 27 178 2 13 17 23 99 2 2 44 30 117 3 9 85 24 98 26 259 3 10 202 23 61 28 40 2 24 10 28 1 2 15 169 29 28 2 26 224 30 126
36 2 1 3 3 5 3 2 145 17 139 22 104 2 1 11 3 14 3 12 77 24 44 26 109 3 3 214 16 51 26 111 3 2 79 17 139 22 165 3 10 26 23 48 28 133 2 4 291 17 44 2 5 7 20 3 2 15 292 21 112 2 6 18 25 34 3 7 19 16 72 24 31 3 8 152 10 90 28 75 2 9 92 25 30 2 11 112 27 78 2 13 31 26 102 2 1 15 3 16 3 14 76 15 64 25 37 2 9 125 25 109 3 10 200 15 132 30 72 3 2 180 16 183 18 198 2 11 55 27 63 3 2 157 16 31 18 25 3 5 56 9 219 17 312 3 17 20 18 126 27 61 3 7 7 16 22 19 26 4 3 96 18 121 21 235 25 92 3 4 15 9 58 20 35 3 22 180 24 149 27 178 2 13 17 23 99 2 2 44 30 117 3 9 85 24 98 26 259 3 10 202 23 61 28 40 2 24 10 28 1 2 15 169 29 28 2 26 224 30 126
39 3 7 17 16 85 24 62 2 1 15 3 8 3 2 140 17 155 22 140 3 10 158 23 71 28 212 3 2 84 17 65 22 168 2 15 316 21 320 4 3 213 18 227 21 215 25 107 3 2 87 16 46 18 139 3 3 57 16 245 26 43 3 12 65 24 79 26 116 2 15 211 21 310 2 4 231 17 288 2 11 161 27 94 3 3 49 16 104 26 186 2 5 14 20 17 2 6 8 25 24 2 5 16 20 23 3 8 113 10 64 28 141 2 9 115 25 210 2 13 103 26 19 2 11 102 27 125 3 17 89 18 53 27 65 3 14 48 15 134 25 189 3 10 224 15 144 30 87 2 1 15 3 13 3 5 70 9 133 17 301 3 12 117 24 47 26 106 2 11 44 27 50 2 15 155 29 140 2 24 1 28 8 3 4 54 9 115 20 23 2 13 93 26 96 3 22 143 24 295 27 300 3 7 40 16 4 19 29 2 13 34 23 26 2 11 38 27 89 3 9 272 24 219 26 274 2 26 157 30 189 2 2 71 30 129
33 2 1 6 3 11 2 9 122 25 185 3 2 44 17 134 22 108 3 3 121 16 176 26 285 2 4 98 17 46 3 2 151 16 79 18 177 2 9 156 25 106 4 3 173 18 124 21 129 25 34 2 24 6 28 7 2 5 4 20 11 3 7 17 16 96 24 20 2 6 29 25 20 3 8 58 10 76 28 100 2 26 236 30 48 3 10 113 23 47 28 130 4 3 46 18 215 21 243 25 224 2 11 174 27 125 3 12 33 24 32 26 38 2 13 42 26 70 3 2 66 17 36 22 160 3 14 171 15 133 25 93 3 10 250 15 138 30 139 2 2 206 30 198 3 5 153 9 159 17 217 3 17 72 18 27 27 115 3 7 13 16 31 19 21 3 22 45 24 53 27 265 2 15 161 29 120 3 4 53 9 98 20 92 2 15 108 21 330 3 9 242 24 158 26 349 2 13 31 23 16 2 11 51 27 17
35 3 8 68 10 43 28 82 2 1 12 3 13 3 2 179 17 154 22 78 3 5 54 9 218 17 203 3 3 225 16 189 26 33 2 4 62 17 46 2 5 21 20 22 2 6 42 25 22 2 5 21 20 7 3 7 49 16 17 24 68 2 9 202 25 51 3 4 17 9 78 20 117 3 2 76 17 149 22 179 2 15 46 29 31 3 7 21 16 27 19 16 3 2 147 16 173 18 200 3 10 156 23 224 28 212 3 9 201 24 144 26 227 2 15 114 29 39 3 10 130 15 60 30 56 2 11 178 27 90 3 14 191 15 52 25 73 3 3 99 16 50 26 177 3 12 36 24 62 26 119 2 24 4 28 3 3 17 60 18 123 27 131 2 13 110 23 104 2 13 21 26 62 3 14 71 15 122 25 122 2 15 269 21 145 4 3 74 18 175 21 232 25 214 3 22 73 24 231 27 112 2 2 119 30 227 2 26 66 30 200 2 11 63 27 68
35 3 8 68 10 43 28 82 2 1 12 3 13 3 2 179 17 154 22 78 3 5 54 9 218 17 203 3 3 225 16 189 26 33 2 4 62 17 46 2 5 21 20 22 2 6 42 25 22 2 5 21 20 7 3 7 49 16 17 24 68 2 9 202 25 51 3 4 17 9 78 20 117 3 2 76 17 149 22 179 2 15 46 29 31 3 7 21 16 27 19 16 3 2 147 16 173 18 200 3 10 156 23 224 28 212 3 9 201 24 144 26 227 2 15 114 29 39 3 10 130 15 60 30 56 2 11 178 27 90 3 14 191 15 52 25 73 3 3 99 16 50 26 177 3 12 36 24 62 26 119 2 24 4 28 3 3 17 60 18 123 27 131 2 13 110 23 104 2 13 21 26 62 3 14 71 15 122 25 122 2 15 269 21 145 4 3 74 18 175 21 232 25 214 3 22 73 24 231 27 112 2 2 119 30 227 2 26 66 30 200 2 11 63 27 68
35 3 8 68 10 43 28 82 2 1 12 3 13 3 2 179 17 154 22 78 3 5 54 9 218 17 203 3 3 225 16 189 26 33 2 4 62 17 46 2 5 21 20 22 2 6 42 25 22 2 5 21 20 7 3 7 49 16 17 24 68 2 9 202 25 51 3 4 17 9 78 20 117 3 2 76 17 149 22 179 2 15 46 29 31 3 7 21 16 27 19 16 3 2 147 16 173 18 200 3 10 156 23 224 28 212 3 9 201 24 144 26 227 2 15 114 29 39 3 10 130 15 60 30 56 2 11 178 27 90 3 14 191 15 52 25 73 3 3 99 16 50 26 177 3 12 36 24 62 26 119 2 24 4 28 3 3 17 60 18 123 27 131 2 13 110 23 104 2 13 21 26 62 3 14 71 15 122 25 122 2 15 269 21 145 4 3 74 18 175 21 232 25 214 3 22 73 24 231 27 112 2 2 119 30 227 2 26 66 30 200 2 11 63 27 68
38 3 12 37 24 76 26 32 3 10 157 23 208 28 114 3 12 85 24 95 26 90 2 1 3 3 15 3 2 115 17 52 22 46 3 12 123 24 111 26 16 3 3 91 16 169 26 278 2 26 181 30 175 2 4 57 17 265 2 5 10 20 15 2 6 6 25 24 3 7 49 16 12 24 72 3 2 149 16 80 18 41 3 8 70 10 45 28 170 2 9 217 25 227 2 26 236 30 112 2 11 125 27 91 2 13 43 26 39 2 11 136 27 46 3 14 75 15 57 25 130 3 10 35 15 267 30 256 2 11 14 27 83 3 14 170 15 98 25 106 3 5 313 9 179 17 40 2 11 43 27 76 3 17 125 18 116 27 76 3 7 7 16 11 19 26 2 15 345 21 346 3 8 175 10 146 28 50 3 4 52 9 43 20 17 3 5 251 9 225 17 171 3 22 78 24 271 27 139 3 9 324 24 48 26 147 2 13 61 23 47 4 3 75 18 184 21 75 25 170 2 24 11 28 5 2 15 38 29 93 2 2 172 30 273
33 2 1 2 3 8 2 9 203 25 174 3 2 87 17 90 22 130 3 3 257 16 265 26 191 2 4 250 17 75 3 2 158 16 95 18 188 2 9 96 25 217 4 3 254 18 287 21 189 25 115 2 24 11 28 9 2 5 3 20 5 3 7 84 16 104 24 60 2 6 41 25 37 3 8 62 10 38 28 143 2 26 104 30 80 3 10 193 23 154 28 202 4 3 71 18 188 21 261 25 220 2 11 185 27 103 3 12 113 24 31 26 116 2 13 70 26 99 3 2 129 17 126 22 53 3 14 83 15 174 25 65 3 10 132 15 143 30 264 2 2 80 30 88 3 5 277 9 122 17 321 3 17 121 18 128 27 83 3 7 27 16 20 19 32 3 22 151 24 90 27 284 2 15 163 29 50 3 4 54 9 50 20 43 2 15 331 21 206 3 9 116 24 157 26 99 2 13 36 23 26 2 11 76 27 71
33 2 1 2 3 8 2 9 203 25 174 3 2 87 17 90 22 130 3 3 257 16 265 26 191 2 4 250 17 75 3 2 158 16 95 18 188 2 9 96 25 217 4 3 254 18 287 21 189 25 115 2 24 11 28 9 2 5 3 20 5 3 7 84 16 104 24 60 2 6 41 25 37 3 8 62 10 38 28 143 2 26 104 30 80 3 10 193 23 154 28 202 4 3 71 18 188 21 261 25 220 2 11 185 27 103 3 12 113 24 31 26 116 2 13 70 26 99 3 2 129 17 126 22 53 3 14 83 15 174 25 65 3 10 132 15 143 30 264 2 2 80 30 88 3 5 277 9 122 17 321 3 17 121 18 128 27 83 3 7 27 16 20 19 32 3 22 151 24 90 27 284 2 15 163 29 50 3 4 54 9 50 20 43 2 15 331 21 206 3 9 116 24 157 26 99 2 13 36 23 26 2 11 76 27 71
38 2 1 6 3 9 2 2 246 30 311 2 1 5 3 10 3 22 231 24 132 27 294 2 1 12 3 15 3 2 28 17 146 22 78 3 3 80 16 264 26 32 2 4 245 17 162 3 2 135 17 71 22 51 2 5 21 20 7 2 24 3 28 9 2 6 30 25 18 3 7 49 16 24 24 104 3 8 161 10 105 28 141 3 22 220 24 226 27 218 2 11 78 27 22 2 9 39 25 214 3 10 91 23 169 28 60 2 11 193 27 78 3 12 111 24 29 26 43 3 7 12 16 9 19 27 2 13 15 26 33 3 10 109 23 31 28 75 3 14 177 15 166 25 176 3 10 117 15 132 30 67 3 17 129 18 134 27 146 2 5 2 20 8 3 2 114 16 170 18 200 3 5 133 9 250 17 130 3 2 67 16 174 18 159 3 4 110 9 117 20 67 2 26 58 30 148 2 15 99 21 274 2 13 52 23 50 3 9 115 24 191 26 334 4 3 195 18 75 21 53 25 67 3 17 129 18 95 27 62 2 15 132 29 29
38 2 1 6 3 9 2 2 246 30 311 2 1 5 3 10 3 22 231 24 132 27 294 2 1 12 3 15 3 2 28 17 146 22 78 3 3 80 16 264 26 32 2 4 245 17 162 3 2 135 17 71 22 51 2 5 21 20 7 2 24 3 28 9 2 6 30 25 18 3 7 49 16 24 24 104 3 8 161 10 105 28 141 3 22 220 24 226 27 218 2 11 78 27 22 2 9 39 25 214 3 10 91 23 169 28 60 2 11 193 27 78 3 12 111 24 29 26 43 3 7 12 16 9 19 27 2 13 15 26 33 3 10 109 23 31 28 75 3 14 177 15 166 25 176 3 10 117 15 132 30 67 3 17 129 18 134 27 146 2 5 2 20 8 3 2 114 16 170 18 200 3 5 133 9 250 17 130 3 2 67 16 174 18 159 3 4 110 9 117 20 67 2 26 58 30 148 2 15 99 21 274 2 13 52 23 50 3 9 115 24 191 26 334 4 3 195 18 75 21 53 25 67 3 17 129 18 95 27 62 2 15 132 29 29
38 2 1 6 3 9 2 2 246 30 311 2 1 5 3 10 3 22 231 24 132 27 294 2 1 12 3 15 3 2 28 17 146 22 78 3 3 80 16 264 26 32 2 4 245 17 162 3 2 135 17 71 22 51 2 5 21 20 7 2 24 3 28 9 2 6 30 25 18 3 7 49 16 24 24 104 3 8 161 10 105 28 141 3 22 220 24 226 27 218 2 11 78 27 22 2 9 39 25 214 3 10 91 23 169 28 60 2 11 193 27 78 3 12 111 24 29 26 43 3 7 12 16 9 19 27 2 13 15 26 33 3 10 109 23 31 28 75 3 14 177 15 166 25 176 3 10 117 15 132 30 67 3 17 129 18 134 27 146 2 5 2 20 8 3 2 114 16 170 18 200 3 5 133 9 250 17 130 3 2 67 16 174 18 159 3 4 110 9 117 20 67 2 26 58 30 148 2 15 99 21 274 2 13 52 23 50 3 9 115 24 191 26 334 4 3 195 18 75 21 53 25 67 3 17 129 18 95 27 62 2 15 132 29 29
34 2 1 2 3 6 3 2 37 17 74 22 176 2 1 13 3 14 3 3 132 16 145 26 39 2 4 87 17 67 3 9 137 24 234 26 119 2 13 93 23 54 2 24 8 28 9 2 5 4 20 7 2 2 268 30 332 2 6 42 25 26 3 2 75 16 77 18 141 3 12 30 24 56 26 54 2 13 43 23 80 3 7 103 16 94 24 108 3 8 147 10 97 28 163 2 9 189 25 202 3 10 112 23 223 28 88 3 2 201 16 194 18 112 2 11 37 27 105 2 13 100 26 104 3 10 124 15 258 30 263 2 6 14 25 11 3 17 131 18 143 27 119 3 14 41 15 88 25 27 3 5 198 9 195 17 63 2 15 114 29 170 3 7 34 16 25 19 38 3 4 78 9 51 20 122 3 22 189 24 208 27 143 2 15 239 21 333 2 26 204 30 211 4 3 130 18 265 21 143 25 248 2 11 68 27 85
33 2 1 12 3 13 2 9 141 25 184 3 2 77 17 132 22 141 3 3 56 16 220 26 118 2 4 35 17 109 3 2 179 16 96 18 75 2 9 120 25 30 4 3 223 18 156 21 61 25 51 2 24 11 28 11 2 5 4 20 7 3 7 35 16 31 24 46 2 6 9 25 17 3 8 78 10 108 28 93 2 26 248 30 242 3 10 175 23 91 28 29 4 3 177 18 166 21 76 25 108 2 11 162 27 159 3 12 62 24 20 26 60 2 13 53 26 53 3 2 68 17 109 22 43 3 14 91 15 129 25 50 3 10 219 15 234 30 74 2 2 193 30 77 3 5 115 9 122 17 130 3 17 81 18 79 27 45 3 7 36 16 30 19 17 3 22 305 24 247 27 129 2 15 171 29 59 3 4 88 9 94 20 23 2 15 321 21 78 3 9 304 24 239 26 128 2 13 17 23 91 2 11 25 27 43
33 2 1 12 3 13 2 9 141 25 184 3 2 77 17 132 22 141 3 3 56 16 220 26 118 2 4 35 17 109 3 2 179 16 96 18 75 2 9 120 25 30 4 3 223 18 156 21 61 25 51 2 24 11 28 11 2 5 4 20 7 3 7 35 16 31 24 46 2 6 9 25 17 3 8 78 10 108 28 93 2 26 248 30 242 3 10 175 23 91 28 29 4 3 177 18 166 21 76 25 108 2 11 162 27 159 3 12 62 24 20 26 60 2 13 53 26 53 3 2 68 17 109 22 43 3 14 91 15 129 25 50 3 10 219 15 234 30 74 2 2 193 30 77 3 5 115 9 122 17 130 3 17 81 18 79 27 45 3 7 36 16 30 19 17 3 22 305 24 247 27 129 2 15 171 29 59 3 4 88 9 94 20 23 2 15 321 21 78 3 9 304 24 239 26 128 2 13 17 23 91 2 11 25 27 43
33 2 1 12 3 13 2 9 141 25 184 3 2 77 17 132 22 141 3 3 56 16 220 26 118 2 4 35 17 109 3 2 179 16 96 18 75 2 9 120 25 30 4 3 223 18 156 21 61 25 51 2 24 11 28 11 2 5 4 20 7 3 7 35 16 31 24 46 2 6 9 25 17 3 8 78 10 108 28 93 2 26 248 30 242 3 10 175 23 91 28 29 4 3 177 18 166 21 76 25 108 2 11 162 27 159 3 12 62 24 20 26 60 2 13 53 26 53 3 2 68 17 109 22 43 3 14 91 15 129 25 50 3 10 219 15 234 30 74 2 2 193 30 77 3 5 115 9 122 17 130 3 17 81 18 79 27 45 3 7 36 16 30 19 17 3 22 305 24 247 27 129 2 15 171 29 59 3 4 88 9 94 20 23 2 15 321 21 78 3 9 304 24 239 26 128 2 13 17 23 91 2 11 25 27 43
33 2 1 12 3 13 2 9 141 25 184 3 2 77 17 132 22 141 3 3 56 16 220 26 118 2 4 35 17 109 3 2 179 16 96 18 75 2 9 120 25 30 4 3 223 18 156 21 61 25 51 2 24 11 28 11 2 5 4 20 7 3 7 35 16 31 24 46 2 6 9 25 17 3 8 78 10 108 28 93 2 26 248 30 242 3 10 175 23 91 28 29 4 3 177 18 166 21 76 25 108 2 11 162 27 159 3 12 62 24 20 26 60 2 13 53 26 53 3 2 68 17 109 22 43 3 14 91 15 129 25 50 3 10 219 15 234 30 74 2 2 193 30 77 3 5 115 9 122 17 130 3 17 81 18 79 27 45 3 7 36 16 30 19 17 3 22 305 24 247 27 129 2 15 171 29 59 3 4 88 9 94 20 23 2 15 321 21 78 3 9 304 24 239 26 128 2 13 17 23 91 2 11 25 27 43
33 2 1 12 3 13 2 9 141 25 184 3 2 77 17 132 22 141 3 3 56 16 220 26 118 2 4 35 17 109 3 2 179 16 96 18 75 2 9 120 25 30 4 3 223 18 156 21 61 25 51 2 24 11 28 11 2 5 4 20 7 3 7 35 16 31 24 46 2 6 9 25 17 3 8 78 10 108 28 93 2 26 248 30 242 3 10 175 23 91 28 29 4 3 177 18 166 21 76 25 108 2 11 162 27 159 3 12 62 24 20 26 60 2 13 53 26 53 3 2 68 17 109 22 43 3 14 91 15 129 25 50 3 10 219 15 234 30 74 2 2 193 30 77 3 5 115 9 122 17 130 3 17 81 18 79 27 45 3 7 36 16 30 19 17 3 22 305 24 247 27 129 2 15 171 29 59 3 4 88 9 94 20 23 2 15 321 21 78 3 9 304 24 239 26 128 2 13 17 23 91 2 11 25 27 43
35 3 8 167 10 114 28 157 2 1 6 3 12 3 2 31 17 72 22 176 3 5 279 9 274 17 115 3 3 265 16 171 26 94 2 4 102 17 95 2 5 3 20 3 2 6 19 25 37 2 5 2 20 17 3 7 108 16 47 24 39 2 9 77 25 26 3 4 61 9 120 20 121 3 2 138 17 60 22 60 2 15 60 29 101 3 7 34 16 38 19 34 3 2 215 16 84 18 123 3 10 197 23 47 28 179 3 9 273 24 275 26 59 2 15 85 29 79 3 10 182 15 34 30 225 2 11 99 27 106 3 14 105 15 116 25 83 3 3 58 16 129 26 137 3 12 115 24 68 26 102 2 24 10 28 11 3 17 54 18 42 27 152 2 13 99 23 34 2 13 92 26 97 3 14 60 15 173 25 73 2 15 322 21 305 4 3 161 18 62 21 111 25 146 3 22 144 24 280 27 179 2 2 223 30 110 2 26 77 30 127 2 11 29 27 89
35 3 8 39 10 98 28 103 2 1 11 3 3 3 2 114 17 160 22 127 3 5 133 9 84 17 268 3 3 91 16 196 26 186 2 4 109 17 292 2 5 7 20 22 2 6 5 25 9 2 5 16 20 11 3 7 17 16 97 24 41 2 9 118 25 194 3 4 45 9 43 20 46 3 2 120 17 82 22 93 2 15 170 29 80 3 7 27 16 38 19 37 3 2 192 16 128 18 111 3 10 36 23 95 28 204 3 9 322 24 233 26 315 2 15 109 29 154 3 10 256 15 37 30 245 2 11 170 27 208 3 14 179 15 207 25 169 3 3 138 16 249 26 260 3 12 20 24 21 26 23 2 24 10 28 4 3 17 156 18 31 27 33 2 13 91 23 97 2 13 66 26 57 3 14 183 15 113 25 202 2 15 167 21 287 4 3 238 18 109 21 109 25 192 3 22 102 24 130 27 248 2 2 264 30 249 2 26 46 30 63 2 11 84 27 40
33 2 1 12 3 8 2 9 55 25 217 3 2 185 17 69 22 132 3 3 247 16 182 26 169 2 4 120 17 222 3 2 111 16 203 18 101 2 9 56 25 226 4 3 45 18 128 21 280 25 247 2 24 9 28 7 2 5 14 20 8 3 7 92 16 80 24 91 2 6 14 25 28 3 8 88 10 124 28 101 2 26 199 30 173 3 10 193 23 194 28 116 4 3 44 18 122 21 238 25 124 2 11 98 27 66 3 12 74 24 126 26 88 2 13 22 26 58 3 2 159 17 106 22 62 3 14 140 15 202 25 197 3 10 222 15 127 30 44 2 2 267 30 155 3 5 174 9 201 17 70 3 17 22 18 68 27 28 3 7 15 16 25 19 8 3 22 144 24 136 27 120 2 15 94 29 136 3 4 63 9 93 20 41 2 15 306 21 142 3 9 332 24 298 26 142 2 13 15 23 109 2 11 43 27 41
35 3 8 31 10 147 28 51 3 7 33 16 12 19 18 2 1 15 3 13 3 2 156 17 126 22 77 3 3 145 16 138 26 221 2 4 171 17 159 2 5 9 20 23 2 1 3 3 8 2 15 96 29 114 2 6 39 25 24 3 7 51 16 67 24 79 2 9 176 25 127 3 10 210 23 192 28 198 3 2 25 16 85 18 44 2 15 163 29 24 2 11 181 27 101 3 12 130 24 93 26 50 2 13 64 26 65 3 10 144 15 140 30 63 3 14 172 15 136 25 144 3 5 61 9 339 17 98 3 17 53 18 138 27 18 3 4 60 9 108 20 51 3 17 79 18 152 27 60 2 15 336 21 53 2 1 3 3 14 2 2 127 30 271 2 24 2 28 12 3 22 67 24 195 27 223 2 13 88 23 103 3 9 102 24 323 26 220 2 26 81 30 131 3 7 24 16 38 19 38 4 3 200 18 188 21 129 25 260 2 11 63 27 35
35 3 8 31 10 147 28 51 3 7 33 16 12 19 18 2 1 15 3 13 3 2 156 17 126 22 77 3 3 145 16 138 26 221 2 4 171 17 159 2 5 9 20 23 2 1 3 3 8 2 15 96 29 114 2 6 39 25 24 3 7 51 16 67 24 79 2 9 176 25 127 3 10 210 23 192 28 198 3 2 25 16 85 18 44 2 15 163 29 24 2 11 181 27 101 3 12 130 24 93 26 50 2 13 64 26 65 3 10 144 15 140 30 63 3 14 172 15 136 25 144 3 5 61 9 339 17 98 3 17 53 18 138 27 18 3 4 60 9 108 20 51 3 17 79 18 152 27 60 2 15 336 21 53 2 1 3 3 14 2 2 127 30 271 2 24 2 28 12 3 22 67 24 195 27 223 2 13 88 23 103 3 9 102 24 323 26 220 2 26 81 30 131 3 7 24 16 38 19 38 4 3 200 18 188 21 129 25 260 2 11 63 27 35
37 2 9 82 25 58 2 1 8 3 13 3 4 112 9 33 20 74 2 1 7 3 4 3 2 102 17 151 22 171 3 4 117 9 121 20 106 3 10 152 15 89 30 76 3 3 286 16 45 26 114 3 17 34 18 54 27 67 2 4 209 17 296 3 4 69 9 54 20 76 2 5 4 20 22 2 6 26 25 41 3 9 314 24 299 26 305 3 22 123 24 196 27 49 2 11 56 27 87 3 7 49 16 62 24 17 3 8 138 10 54 28 169 3 10 158 23 144 28 165 2 11 173 27 42 3 14 60 15 217 25 168 3 10 83 15 218 30 120 3 12 78 24 113 26 17 2 15 61 21 158 3 7 26 16 35 19 25 2 13 59 26 101 2 26 187 30 139 2 13 35 23 101 2 15 340 21 311 4 3 153 18 71 21 268 25 273 3 7 18 16 95 24 72 3 2 83 16 36 18 101 3 22 49 24 124 27 254 2 24 7 28 2 3 5 73 9 242 17 135 2 15 153 29 137 2 2 81 30 153
35 2 1 12 3 11 3 2 102 17 179 22 73 3 3 127 16 149 26 268 3 2 70 17 77 22 55 2 4 130 17 210 2 5 13 20 15 2 6 36 25 37 3 7 44 16 100 24 102 3 4 107 9 84 20 97 2 6 31 25 34 3 8 107 10 92 28 138 3 22 172 24 68 27 114 2 9 100 25 227 2 15 247 21 143 2 2 220 30 287 3 10 125 23 221 28 85 3 17 23 18 91 27 151 2 11 44 27 65 3 12 49 24 30 26 20 2 13 36 26 83 3 14 42 15 198 25 80 3 10 214 15 84 30 226 3 2 65 16 153 18 52 3 5 281 9 165 17 278 3 22 99 24 282 27 170 2 24 12 28 4 3 7 6 16 28 19 7 2 11 13 27 95 3 5 135 9 111 17 68 4 3 154 18 180 21 64 25 115 3 2 106 17 104 22 60 2 13 42 23 67 3 9 292 24 247 26 85 2 15 161 29 77 2 26 168 30 90
35 2 1 12 3 11 3 2 102 17 179 22 73 3 3 127 16 149 26 268 3 2 70 17 77 22 55 2 4 130 17 210 2 5 13 20 15 2 6 36 25 37 3 7 44 16 100 24 102 3 4 107 9 84 20 97 2 6 31 25 34 3 8 107 10 92 28 138 3 22 172 24 68 27 114 2 9 100 25 227 2 15 247 21 143 2 2 220 30 287 3 10 125 23 221 28 85 3 17 23 18 91 27 151 2 11 44 27 65 3 12 49 24 30 26 20 2 13 36 26 83 3 14 42 15 198 25 80 3 10 214 15 84 30 226 3 2 65 16 153 18 52 3 5 281 9 165 17 278 3 22 99 24 282 27 170 2 24 12 28 4 3 7 6 16 28 19 7 2 11 13 27 95 3 5 135 9 111 17 68 4 3 154 18 180 21 64 25 115 3 2 106 17 104 22 60 2 13 42 23 67 3 9 292 24 247 26 85 2 15 161 29 77 2 26 168 30 90
34 3 2 62 17 167 22 180 2 1 13 3 14 3 3 208 16 279 26 140 2 4 291 17 235 3 3 156 16 200 26 120 3 7 87 16 64 24 100 3 7 25 16 7 19 30 2 5 21 20 15 2 6 38 25 17 3 8 21 10 145 28 120 2 9 135 25 43 2 15 93 29 162 3 10 126 23 160 28 166 2 11 101 27 126 3 17 122 18 110 27 22 3 12 61 24 133 26 64 2 13 62 26 39 2 24 7 28 1 3 5 225 9 276 17 243 3 14 169 15 129 25 194 3 4 128 9 24 20 23 3 3 154 16 53 26 176 3 10 101 15 91 30 144 2 15 261 21 104 3 2 26 16 110 18 193 2 11 101 27 157 3 22 211 24 161 27 284 2 2 326 30 298 2 15 157 29 124 2 13 38 23 100 3 9 142 24 170 26 189 4 3 235 18 180 21 145 25 63 2 26 103 30 140 2 11 81 27 24
34 3 2 145 17 102 22 64 2 1 9 3 9 3 3 33 16 211 26 92 2 4 257 17 199 3 3 151 16 267 26 198 3 7 66 16 41 24 103 3 7 32 16 39 19 13 2 5 12 20 11 2 6 17 25 38 3 8 80 10 42 28 163 2 9 71 25 90 2 15 129 29 50 3 10 206 23 140 28 147 2 11 91 27 168 3 17 96 18 72 27 101 3 12 97 24 15 26 112 2 13 69 26 100 2 24 4 28 12 3 5 189 9 171 17 286 3 14 194 15 176 25 166 3 4 103 9 54 20 32 3 3 34 16 284 26 193 3 10 82 15 271 30 97 2 15 143 21 242 3 2 68 16 71 18 109 2 11 151 27 165 3 22 91 24 133 27 102 2 2 269 30 178 2 15 133 29 66 2 13 48 23 64 3 9 230 24 357 26 305 4 3 155 18 61 21 114 25 198 2 26 227 30 41 2 11 30 27 55
34 3 2 145 17 102 22 64 2 1 9 3 9 3 3 33 16 211 26 92 2 4 257 17 199 3 3 151 16 267 26 198 3 7 66 16 41 24 103 3 7 32 16 39 19 13 2 5 12 20 11 2 6 17 25 38 3 8 80 10 42 28 163 2 9 71 25 90 2 15 129 29 50 3 10 206 23 140 28 147 2 11 91 27 168 3 17 96 18 72 27 101 3 12 97 24 15 26 112 2 13 69 26 100 2 24 4 28 12 3 5 189 9 171 17 286 3 14 194 15 176 25 166 3 4 103 9 54 20 32 3 3 34 16 284 26 193 3 10 82 15 271 30 97 2 15 143 21 242 3 2 68 16 71 18 109 2 11 151 27 165 3 22 91 24 133 27 102 2 2 269 30 178 2 15 133 29 66 2 13 48 23 64 3 9 230 24 357 26 305 4 3 155 18 61 21 114 25 198 2 26 227 30 41 2 11 30 27 55
34 2 1 11 3 10 3 2 118 17 117 22 63 2 1 11 3 12 3 3 132 16 61 26 250 2 4 255 17 250 3 9 340 24 300 26 41 2 13 79 23 25 2 24 11 28 2 2 5 18 20 8 2 2 222 30 246 2 6 8 25 25 3 2 125 16 116 18 46 3 12 48 24 42 26 89 2 13 76 23 65 3 7 98 16 82 24 33 3 8 97 10 87 28 163 2 9 186 25 224 3 10 101 23 59 28 162 3 2 193 16 117 18 87 2 11 74 27 86 2 13 94 26 69 3 10 91 15 213 30 35 2 6 39 25 40 3 17 135 18 18 27 54 3 14 84 15 50 25 178 3 5 292 9 180 17 182 2 15 72 29 52 3 7 31 16 40 19 27 3 4 123 9 96 20 96 3 22 211 24 94 27 160 2 15 221 21 171 2 26 134 30 86 4 3 108 18 107 21 147 25 250 2 11 90 27 51
34 2 1 11 3 10 3 2 118 17 117 22 63 2 1 11 3 12 3 3 132 16 61 26 250 2 4 255 17 250 3 9 340 24 300 26 41 2 13 79 23 25 2 24 11 28 2 2 5 18 20 8 2 2 222 30 246 2 6 8 25 25 3 2 125 16 116 18 46 3 12 48 24 42 26 89 2 13 76 23 65 3 7 98 16 82 24 33 3 8 97 10 87 28 163 2 9 186 25 224 3 10 101 23 59 28 162 3 2 193 16 117 18 87 2 11 74 27 86 2 13 94 26 69 3 10 91 15 213 30 35 2 6 39 25 40 3 17 135 18 18 27 54 3 14 84 15 50 25 178 3 5 292 9 180 17 182 2 15 72 29 52 3 7 31 16 40 19 27 3 4 123 9 96 20 96 3 22 211 24 94 27 160 2 15 221 21 171 2 26 134 30 86 4 3 108 18 107 21 147 25 250 2 11 90 27 51
34 2 1 16 3 15 3 2 82 17 142 22 114 2 1 7 3 6 3 3 221 16 229 26 44 2 4 48 17 120 3 9 223 24 128 26 197 2 13 15 23 16 2 24 1 28 2 2 5 10 20 8 2 2 176 30 353 2 6 31 25 15 3 2 127 16 110 18 91 3 12 55 24 64 26 91 2 13 13 23 18 3 7 94 16 96 24 100 3 8 156 10 135 28 124 2 9 183 25 140 3 10 117 23 91 28 71 3 2 138 16 116 18 79 2 11 36 27 90 2 13 36 26 57 3 10 172 15 215 30 223 2 6 14 25 11 3 17 101 18 149 27 135 3 14 35 15 118 25 110 3 5 67 9 188 17 289 2 15 108 29 44 3 7 20 16 30 19 40 3 4 122 9 64 20 113 3 22 124 24 268 27 223 2 15 241 21 203 2 26 95 30 121 4 3 242 18 33 21 40 25 81 2 11 36 27 88
37 2 13 12 26 70 2 1 7 3 6 2 13 95 26 35 3 2 107 17 185 22 67 2 1 6 3 7 3 3 142 16 213 26 75 2 4 300 17 192 2 1 2 3 4 2 5 12 20 16 2 13 93 26 102 2 6 14 25 23 3 7 72 16 20 24 48 3 4 25 9 106 20 120 3 10 115 23 86 28 123 3 22 140 24 299 27 313 2 2 243 30 55 2 1 10 3 3 4 3 166 18 265 21 265 25 252 3 8 161 10 34 28 89 2 9 142 25 213 3 12 84 24 54 26 47 2 2 352 30 333 3 14 183 15 142 25 211 2 26 251 30 165 2 11 94 27 161 3 7 19 16 26 19 12 3 10 173 15 97 30 62 3 2 86 16 111 18 195 3 5 74 9 296 17 61 3 17 61 18 18 27 95 2 15 72 21 126 2 13 76 23 105 2 24 1 28 7 3 7 8 16 12 19 14 2 11 67 27 36 3 9 159 24 174 26 64 2 15 57 29 128
32 3 8 116 10 97 28 157 2 13 17 23 48 2 1 11 3 15 3 2 47 17 67 22 150 3 3 244 16 34 26 196 2 4 235 17 265 2 5 20 20 21 2 6 16 25 35 3 7 36 16 45 24 34 2 9 94 25 65 3 10 107 23 171 28 61 2 11 204 27 153 3 12 82 24 20 26 62 3 5 323 9 248 17 246 2 13 110 26 76 3 5 254 9 109 17 323 3 7 36 16 36 19 39 3 14 172 15 211 25 118 2 15 279 21 40 3 10 232 15 165 30 271 3 22 127 24 112 27 258 3 2 56 16 215 18 31 3 17 132 18 95 27 26 3 4 120 9 126 20 115 2 26 175 30 187 3 9 346 24 136 26 141 4 3 173 18 114 21 274 25 75 2 11 21 27 11 2 15 230 21 157 2 15 141 29 109 2 24 6 28 9 2 2 276 30 87
35 2 1 10 3 4 3 2 72 17 98 22 38 3 3 242 16 171 26 188 2 13 42 23 42 3 22 253 24 177 27 190 2 13 25 23 94 2 4 270 17 192 3 10 177 23 131 28 218 2 5 19 20 17 2 1 13 3 10 2 6 20 25 15 3 7 28 16 72 24 103 2 15 255 21 74 3 8 101 10 75 28 171 2 9 178 25 105 3 7 86 16 85 24 61 2 11 155 27 191 3 12 113 24 115 26 99 2 13 36 26 107 3 14 189 15 165 25 135 3 8 111 10 77 28 42 3 10 187 15 157 30 85 3 5 196 9 69 17 78 3 2 138 16 100 18 49 3 17 118 18 56 27 33 3 7 4 16 9 19 40 3 4 88 9 35 20 76 3 9 118 24 270 26 346 2 4 106 17 106 2 24 9 28 10 4 3 39 18 65 21 272 25 138 2 26 197 30 152 2 11 83 27 59 2 15 43 29 102 2 2 284 30 87
34 2 1 13 3 4 3 2 89 17 168 22 141 3 2 149 16 74 18 196 3 3 147 16 44 26 70 2 4 292 17 273 2 5 5 20 11 3 17 39 18 110 27 139 2 6 10 25 10 3 7 100 16 90 24 71 2 4 272 17 181 2 13 43 26 37 3 8 52 10 102 28 25 2 9 53 25 196 3 5 310 9 242 17 86 4 3 39 18 85 21 96 25 101 2 15 46 29 148 2 13 64 26 92 3 10 75 23 103 28 220 3 14 151 15 134 25 182 2 11 84 27 108 3 12 31 24 55 26 122 2 15 143 29 21 3 10 69 15 51 30 233 2 11 83 27 35 2 6 42 25 13 3 7 37 16 38 19 29 2 15 142 21 340 3 4 84 9 74 20 116 2 26 54 30 37 3 22 265 24 182 27 113 2 13 106 23 62 3 9 235 24 308 26 252 2 2 315 30 115 2 24 8 28 8
34 2 11 109 27 103 3 17 139 18 137 27 21 2 1 8 3 9 3 2 63 17 63 22 157 3 3 206 16 101 26 287 2 4 287 17 165 3 3 257 16 259 26 207 2 5 17 20 9 2 6 7 25 26 3 7 80 16 30 24 28 3 4 87 9 72 20 42 3 10 100 15 49 30 255 3 8 26 10 132 28 66 4 3 84 18 90 21 143 25 173 2 9 200 25 119 3 10 168 23 166 28 80 3 12 50 24 120 26 127 2 13 54 26 101 3 14 212 15 201 25 217 3 2 180 16 112 18 41 3 5 102 9 74 17 216 3 7 22 16 33 19 10 2 1 12 3 14 2 15 114 21 70 3 14 26 15 210 25 166 3 9 271 24 79 26 73 3 22 298 24 142 27 243 2 11 73 27 76 2 13 68 23 101 2 26 88 30 196 2 24 5 28 8 2 15 144 29 34 2 5 18 20 19 2 2 222 30 341
DUE_DATES: 5084 6517 6395 6395 6311 6311 6311 6311 5122 6276 5507 5507 5507 5507 7437 5871 5888 5888 5888 7141 6582 6582 6592 6592 6592 6393 5629 5629 5629 5629 5629 6179 6914 6392 5964 5964 6835 6336 6336 6953 6640 6640 5965 5965 5596 6405 6610 6269 6243 6273
WEIGHTS: 3 2 1 1 2 1 3 1 3 3 1 2 3 3 1 2 3 3 2 1 2 3 1 3 1 2 1 1 3 1 2 2 3 3 1 3 2 2 2 1 2 3 3 2 1 3 1 3 1 3
