50 30
36 2 1 188 5 170 3 20 2 28 1 29 1 3 2 226 11 48 24 90 3 2 54 3 79 10 57 2 14 39 23 98 3 4 52 5 76 10 29 3 5 77 11 202 13 168 2 8 355 15 333 2 6 106 14 45 3 15 52 17 84 19 68 2 7 94 27 165 2 2 74 18 125 3 6 155 7 180 14 183 3 11 125 12 40 20 207 2 4 308 9 286 2 10 97 29 129 3 12 97 18 86 24 26 3 4 33 5 47 10 11 2 13 132 16 150 3 20 3 28 2 29 2 3 3 51 14 112 15 95 2 5 52 16 74 3 12 109 18 90 24 79 3 6 121 17 172 18 90 3 3 45 20 129 21 149 2 2 56 25 196 2 21 23 28 74 2 14 67 23 95 3 19 110 22 155 24 187 3 12 329 24 333 28 251 2 6 181 14 150 3 20 29 22 35 26 8 3 19 72 22 179 24 131 3 9 226 20 40 27 229 3 6 251 23 251 28 193 2 10 166 30 78
34 3 5 172 11 43 13 147 2 1 188 5 196 3 5 43 11 180 13 191 3 2 174 11 90 24 215 3 2 29 3 42 10 49 3 4 20 5 57 10 26 2 6 87 14 184 2 7 230 27 256 2 8 255 15 184 3 5 53 11 146 13 208 2 4 132 9 260 2 10 39 29 131 3 11 189 12 252 20 56 3 12 34 18 61 24 58 2 21 57 28 41 2 13 189 16 197 3 6 65 7 163 14 61 3 3 95 14 98 15 90 3 20 2 28 2 29 1 2 5 35 16 27 2 10 221 29 194 3 6 45 17 155 18 125 2 10 94 30 200 2 2 32 18 98 3 12 164 24 187 28 49 3 15 72 17 18 19 33 3 3 62 20 39 21 58 3 19 41 22 52 24 74 3 12 36 18 40 24 44 2 14 25 23 23 2 2 132 25 54 3 20 38 22 26 26 27 3 9 44 20 114 27 204 3 6 56 23 105 28 233
34 3 5 172 11 43 13 147 2 1 188 5 196 3 5 43 11 180 13 191 3 2 174 11 90 24 215 3 2 29 3 42 10 49 3 4 20 5 57 10 26 2 6 87 14 184 2 7 230 27 256 2 8 255 15 184 3 5 53 11 146 13 208 2 4 132 9 260 2 10 39 29 131 3 11 189 12 252 20 56 3 12 34 18 61 24 58 2 21 57 28 41 2 13 189 16 197 3 6 65 7 163 14 61 3 3 95 14 98 15 90 3 20 2 28 2 29 1 2 5 35 16 27 2 10 221 29 194 3 6 45 17 155 18 125 2 10 94 30 200 2 2 32 18 98 3 12 164 24 187 28 49 3 15 72 17 18 19 33 3 3 62 20 39 21 58 3 19 41 22 52 24 74 3 12 36 18 40 24 44 2 14 25 23 23 2 2 132 25 54 3 20 38 22 26 26 27 3 9 44 20 114 27 204 3 6 56 23 105 28 233
34 3 5 172 11 43 13 147 2 1 188 5 196 3 5 43 11 180 13 191 3 2 174 11 90 24 215 3 2 29 3 42 10 49 3 4 20 5 57 10 26 2 6 87 14 184 2 7 230 27 256 2 8 255 15 184 3 5 53 11 146 13 208 2 4 132 9 260 2 10 39 29 131 3 11 189 12 252 20 56 3 12 34 18 61 24 58 2 21 57 28 41 2 13 189 16 197 3 6 65 7 163 14 61 3 3 95 14 98 15 90 3 20 2 28 2 29 1 2 5 35 16 27 2 10 221 29 194 3 6 45 17 155 18 125 2 10 94 30 200 2 2 32 18 98 3 12 164 24 187 28 49 3 15 72 17 18 19 33 3 3 62 20 39 21 58 3 19 41 22 52 24 74 3 12 36 18 40 24 44 2 14 25 23 23 2 2 132 25 54 3 20 38 22 26 26 27 3 9 44 20 114 27 204 3 6 56 23 105 28 233
37 2 13 39 16 171 2 1 253 5 84 2 2 157 25 215 3 2 27 11 90 24 88 2 2 114 25 142 3 2 89 3 87 10 81 3 4 58 5 61 10 49 3 2 56 3 44 10 49 2 7 294 27 47 3 19 147 22 45 24 122 3 12 147 18 20 24 27 3 20 22 22 35 26 17 2 2 110 25 76 3 5 48 11 199 13 147 3 4 20 5 71 10 53 2 6 101 14 199 3 2 60 3 68 10 50 3 6 273 23 66 28 246 2 8 299 15 166 2 10 52 30 165 2 21 45 28 114 3 3 108 14 56 15 95 2 4 223 9 328 3 3 115 14 91 15 50 2 10 176 29 164 3 11 318 12 88 20 325 3 6 92 7 45 14 52 3 15 16 17 64 19 40 2 5 58 16 68 3 6 171 17 37 18 183 2 2 218 25 206 3 9 196 20 229 27 111 2 14 25 23 27 2 2 74 18 134 3 3 66 20 147 21 124 3 12 323 24 289 28 71 3 20 2 28 1 29 1
37 2 13 39 16 171 2 1 253 5 84 2 2 157 25 215 3 2 27 11 90 24 88 2 2 114 25 142 3 2 89 3 87 10 81 3 4 58 5 61 10 49 3 2 56 3 44 10 49 2 7 294 27 47 3 19 147 22 45 24 122 3 12 147 18 20 24 27 3 20 22 22 35 26 17 2 2 110 25 76 3 5 48 11 199 13 147 3 4 20 5 71 10 53 2 6 101 14 199 3 2 60 3 68 10 50 3 6 273 23 66 28 246 2 8 299 15 166 2 10 52 30 165 2 21 45 28 114 3 3 108 14 56 15 95 2 4 223 9 328 3 3 115 14 91 15 50 2 10 176 29 164 3 11 318 12 88 20 325 3 6 92 7 45 14 52 3 15 16 17 64 19 40 2 5 58 16 68 3 6 171 17 37 18 183 2 2 218 25 206 3 9 196 20 229 27 111 2 14 25 23 27 2 2 74 18 134 3 3 66 20 147 21 124 3 12 323 24 289 28 71 3 20 2 28 1 29 1
37 2 1 90 5 247 3 2 147 11 52 24 196 3 2 43 3 30 10 13 3 4 43 5 65 10 31 3 9 182 20 182 27 170 3 5 71 11 89 13 231 3 4 31 5 52 10 35 2 6 123 14 34 2 7 191 27 151 2 5 56 16 14 2 8 322 15 144 2 2 182 25 214 2 10 61 30 68 3 20 37 22 32 26 18 2 4 122 9 140 3 2 64 3 44 10 53 2 10 216 29 223 3 12 207 24 146 28 160 3 11 173 12 154 20 250 2 10 281 29 190 2 14 102 23 43 2 21 140 28 171 3 19 62 22 180 24 84 3 6 88 7 108 14 44 2 6 70 14 155 3 6 192 17 115 18 119 3 12 128 18 92 24 68 3 20 1 28 1 29 1 2 13 48 16 57 3 3 13 14 81 15 47 2 5 53 16 32 3 3 110 20 94 21 127 2 5 65 16 68 3 15 67 17 67 19 30 2 2 33 18 205 3 15 70 17 47 19 33 3 6 71 23 276 28 54
37 2 1 90 5 247 3 2 147 11 52 24 196 3 2 43 3 30 10 13 3 4 43 5 65 10 31 3 9 182 20 182 27 170 3 5 71 11 89 13 231 3 4 31 5 52 10 35 2 6 123 14 34 2 7 191 27 151 2 5 56 16 14 2 8 322 15 144 2 2 182 25 214 2 10 61 30 68 3 20 37 22 32 26 18 2 4 122 9 140 3 2 64 3 44 10 53 2 10 216 29 223 3 12 207 24 146 28 160 3 11 173 12 154 20 250 2 10 281 29 190 2 14 102 23 43 2 21 140 28 171 3 19 62 22 180 24 84 3 6 88 7 108 14 44 2 6 70 14 155 3 6 192 17 115 18 119 3 12 128 18 92 24 68 3 20 1 28 1 29 1 2 13 48 16 57 3 3 13 14 81 15 47 2 5 53 16 32 3 3 110 20 94 21 127 2 5 65 16 68 3 15 67 17 67 19 30 2 2 33 18 205 3 15 70 17 47 19 33 3 6 71 23 276 28 54
34 2 1 228 5 105 2 10 127 30 99 3 2 44 3 44 10 46 3 2 53 11 208 24 107 2 1 252 5 295 3 15 66 17 75 19 53 3 4 15 5 57 10 31 3 12 244 24 338 28 169 3 5 67 11 191 13 107 2 6 124 14 178 2 14 28 23 87 2 2 143 25 199 2 7 104 27 206 2 8 52 15 340 2 4 270 9 101 3 12 308 24 104 28 294 2 10 256 29 223 3 4 74 5 71 10 64 3 11 159 12 175 20 179 3 12 100 18 52 24 130 2 13 236 16 110 3 6 65 7 59 14 156 2 2 200 18 202 3 19 192 22 85 24 28 3 3 44 14 115 15 113 3 6 197 17 187 18 37 2 8 111 15 143 2 5 78 16 51 3 3 152 20 57 21 127 3 9 54 20 99 27 57 3 20 2 28 1 29 1 2 21 144 28 118 3 20 38 22 32 26 30 3 6 157 23 308 28 41
35 2 1 173 5 260 3 3 91 20 79 21 28 3 2 202 11 45 24 170 3 15 82 17 74 19 70 3 2 31 3 20 10 69 2 6 118 14 188 2 2 181 18 172 2 10 62 30 71 3 9 79 20 73 27 102 3 4 46 5 19 10 82 2 13 56 16 167 3 3 58 14 34 15 61 3 5 28 11 226 13 250 2 7 276 27 172 2 13 84 16 62 3 19 173 22 42 24 129 3 5 218 11 83 13 59 2 8 77 15 264 2 4 184 9 251 3 6 137 7 75 14 115 2 13 225 16 101 2 10 178 29 206 3 12 148 24 245 28 342 2 14 97 23 92 3 11 295 12 117 20 159 3 12 129 18 19 24 24 2 5 29 16 15 2 21 105 28 109 3 6 71 17 96 18 194 2 2 159 25 206 3 3 63 20 46 21 107 3 6 267 23 116 28 163 3 20 35 22 38 26 20 2 5 30 16 69 3 20 3 28 1 29 2
35 2 1 173 5 260 3 3 91 20 79 21 28 3 2 202 11 45 24 170 3 15 82 17 74 19 70 3 2 31 3 20 10 69 2 6 118 14 188 2 2 181 18 172 2 10 62 30 71 3 9 79 20 73 27 102 3 4 46 5 19 10 82 2 13 56 16 167 3 3 58 14 34 15 61 3 5 28 11 226 13 250 2 7 276 27 172 2 13 84 16 62 3 19 173 22 42 24 129 3 5 218 11 83 13 59 2 8 77 15 264 2 4 184 9 251 3 6 137 7 75 14 115 2 13 225 16 101 2 10 178 29 206 3 12 148 24 245 28 342 2 14 97 23 92 3 11 295 12 117 20 159 3 12 129 18 19 24 24 2 5 29 16 15 2 21 105 28 109 3 6 71 17 96 18 194 2 2 159 25 206 3 3 63 20 46 21 107 3 6 267 23 116 28 163 3 20 35 22 38 26 20 2 5 30 16 69 3 20 3 28 1 29 2
35 2 1 173 5 260 3 3 91 20 79 21 28 3 2 202 11 45 24 170 3 15 82 17 74 19 70 3 2 31 3 20 10 69 2 6 118 14 188 2 2 181 18 172 2 10 62 30 71 3 9 79 20 73 27 102 3 4 46 5 19 10 82 2 13 56 16 167 3 3 58 14 34 15 61 3 5 28 11 226 13 250 2 7 276 27 172 2 13 84 16 62 3 19 173 22 42 24 129 3 5 218 11 83 13 59 2 8 77 15 264 2 4 184 9 251 3 6 137 7 75 14 115 2 13 225 16 101 2 10 178 29 206 3 12 148 24 245 28 342 2 14 97 23 92 3 11 295 12 117 20 159 3 12 129 18 19 24 24 2 5 29 16 15 2 21 105 28 109 3 6 71 17 96 18 194 2 2 159 25 206 3 3 63 20 46 21 107 3 6 267 23 116 28 163 3 20 35 22 38 26 20 2 5 30 16 69 3 20 3 28 1 29 2
35 2 1 232 5 44 3 3 52 20 87 21 135 3 2 143 11 55 24 93 3 15 12 17 19 19 15 3 2 49 3 36 10 25 2 6 70 14 145 2 2 163 18 64 2 10 63 30 116 3 9 44 20 215 27 109 3 4 55 5 75 10 64 2 13 94 16 194 3 3 52 14 45 15 48 3 5 223 11 229 13 232 2 7 275 27 258 2 13 135 16 121 3 19 66 22 188 24 74 3 5 190 11 189 13 121 2 8 327 15 222 2 4 251 9 342 3 6 117 7 88 14 108 2 13 204 16 118 2 10 210 29 60 3 12 47 24 139 28 162 2 14 81 23 83 3 11 275 12 182 20 283 3 12 136 18 138 24 103 2 5 26 16 41 2 21 171 28 34 3 6 50 17 36 18 87 2 2 27 25 217 3 3 96 20 151 21 40 3 6 182 23 196 28 93 3 20 29 22 35 26 42 2 5 52 16 13 3 20 2 28 1 29 1
35 2 1 232 5 44 3 3 52 20 87 21 135 3 2 143 11 55 24 93 3 15 12 17 19 19 15 3 2 49 3 36 10 25 2 6 70 14 145 2 2 163 18 64 2 10 63 30 116 3 9 44 20 215 27 109 3 4 55 5 75 10 64 2 13 94 16 194 3 3 52 14 45 15 48 3 5 223 11 229 13 232 2 7 275 27 258 2 13 135 16 121 3 19 66 22 188 24 74 3 5 190 11 189 13 121 2 8 327 15 222 2 4 251 9 342 3 6 117 7 88 14 108 2 13 204 16 118 2 10 210 29 60 3 12 47 24 139 28 162 2 14 81 23 83 3 11 275 12 182 20 283 3 12 136 18 138 24 103 2 5 26 16 41 2 21 171 28 34 3 6 50 17 36 18 87 2 2 27 25 217 3 3 96 20 151 21 40 3 6 182 23 196 28 93 3 20 29 22 35 26 42 2 5 52 16 13 3 20 2 28 1 29 1
39 3 2 62 3 59 10 76 2 1 255 5 123 3 2 143 11 160 24 163 3 4 81 5 77 10 62 2 5 36 16 36 3 5 140 11 108 13 231 2 6 83 14 175 2 21 163 28 131 2 6 220 14 161 2 7 159 27 294 2 8 345 15 43 2 4 337 9 284 2 10 98 29 170 3 11 253 12 201 20 259 3 5 159 11 82 13 79 3 9 179 20 87 27 51 3 11 113 12 258 20 274 3 12 117 18 66 24 102 3 15 76 17 31 19 30 3 11 325 12 253 20 109 2 13 60 16 199 3 6 155 7 172 14 184 3 2 122 11 148 24 52 2 14 59 23 15 3 3 113 14 30 15 20 2 10 278 29 162 3 6 91 17 76 18 185 2 10 72 30 169 2 2 193 18 63 3 3 64 20 100 21 79 2 14 101 23 18 3 6 177 23 300 28 111 3 19 82 22 96 24 83 3 20 3 28 2 29 2 2 8 113 15 58 3 12 311 24 240 28 51 2 2 167 25 69 3 5 48 11 67 13 162 3 20 22 22 28 26 10
33 2 7 112 27 232 2 6 112 14 228 3 6 97 7 171 14 83 2 1 241 5 66 3 2 25 11 157 24 91 3 2 24 3 72 10 84 3 4 78 5 63 10 10 3 15 48 17 50 19 26 2 14 96 23 45 3 5 238 11 78 13 241 2 8 63 15 269 2 4 231 9 181 2 6 38 14 222 3 3 25 14 28 15 87 2 6 89 14 83 2 2 108 25 49 2 10 238 29 264 3 11 188 12 90 20 252 3 12 44 18 42 24 125 2 13 196 16 138 2 10 72 30 102 2 4 49 9 155 3 6 159 17 179 18 154 2 5 64 16 65 2 2 36 18 27 3 20 3 28 2 29 1 3 3 75 20 151 21 144 2 21 50 28 120 3 19 131 22 76 24 136 3 20 23 22 41 26 26 3 9 116 20 65 27 136 3 12 209 24 61 28 250 3 6 280 23 306 28 171
33 2 7 112 27 232 2 6 112 14 228 3 6 97 7 171 14 83 2 1 241 5 66 3 2 25 11 157 24 91 3 2 24 3 72 10 84 3 4 78 5 63 10 10 3 15 48 17 50 19 26 2 14 96 23 45 3 5 238 11 78 13 241 2 8 63 15 269 2 4 231 9 181 2 6 38 14 222 3 3 25 14 28 15 87 2 6 89 14 83 2 2 108 25 49 2 10 238 29 264 3 11 188 12 90 20 252 3 12 44 18 42 24 125 2 13 196 16 138 2 10 72 30 102 2 4 49 9 155 3 6 159 17 179 18 154 2 5 64 16 65 2 2 36 18 27 3 20 3 28 2 29 1 3 3 75 20 151 21 144 2 21 50 28 120 3 19 131 22 76 24 136 3 20 23 22 41 26 26 3 9 116 20 65 27 136 3 12 209 24 61 28 250 3 6 280 23 306 28 171
34 2 1 48 5 54 3 4 19 5 17 10 52 3 6 154 7 72 14 34 3 4 19 5 46 10 23 2 21 54 28 78 3 12 231 24 200 28 207 3 6 139 7 131 14 64 3 2 204 11 211 24 98 3 2 56 3 89 10 33 3 5 63 11 147 13 181 2 6 70 14 143 3 20 22 22 40 26 12 2 7 199 27 307 2 8 282 15 233 2 10 146 29 284 3 6 63 17 146 18 79 2 4 62 9 237 3 11 296 12 38 20 184 3 12 70 18 121 24 118 3 15 59 17 52 19 20 2 14 83 23 37 3 3 97 14 43 15 22 2 10 166 30 38 3 19 193 22 138 24 85 2 13 122 16 56 3 15 51 17 57 19 45 2 5 55 16 40 2 2 75 18 45 3 3 42 20 37 21 81 2 2 51 25 167 3 9 119 20 204 27 96 3 6 58 23 177 28 148 2 4 108 9 116 3 20 3 28 1 29 1
34 2 1 48 5 54 3 4 19 5 17 10 52 3 6 154 7 72 14 34 3 4 19 5 46 10 23 2 21 54 28 78 3 12 231 24 200 28 207 3 6 139 7 131 14 64 3 2 204 11 211 24 98 3 2 56 3 89 10 33 3 5 63 11 147 13 181 2 6 70 14 143 3 20 22 22 40 26 12 2 7 199 27 307 2 8 282 15 233 2 10 146 29 284 3 6 63 17 146 18 79 2 4 62 9 237 3 11 296 12 38 20 184 3 12 70 18 121 24 118 3 15 59 17 52 19 20 2 14 83 23 37 3 3 97 14 43 15 22 2 10 166 30 38 3 19 193 22 138 24 85 2 13 122 16 56 3 15 51 17 57 19 45 2 5 55 16 40 2 2 75 18 45 3 3 42 20 37 21 81 2 2 51 25 167 3 9 119 20 204 27 96 3 6 58 23 177 28 148 2 4 108 9 116 3 20 3 28 1 29 1
41 2 1 212 5 211 3 2 14 3 87 10 79 3 2 191 11 195 24 130 3 4 37 5 35 10 61 3 5 54 11 121 13 98 3 19 140 22 155 24 133 2 2 215 25 26 2 13 91 16 144 3 19 116 22 167 24 139 2 6 89 14 95 3 4 56 5 82 10 15 2 7 78 27 142 2 10 229 30 98 2 13 46 16 96 2 8 246 15 211 2 6 164 14 135 2 4 57 9 53 2 2 69 25 125 2 10 109 29 200 3 11 250 12 307 20 223 2 6 82 14 226 3 12 49 18 85 24 26 3 6 140 7 182 14 157 2 14 73 23 73 2 2 68 25 187 3 3 18 14 99 15 78 2 5 66 16 72 3 6 129 17 58 18 130 2 2 211 18 120 3 15 10 17 25 19 20 3 20 1 28 1 29 2 3 6 30 17 131 18 182 3 3 91 20 139 21 71 3 6 77 17 165 18 157 2 21 58 28 95 2 13 216 16 212 3 9 230 20 214 27 79 2 4 142 9 273 3 12 173 24 319 28 127 3 20 39 22 19 26 46 3 6 94 23 145 28 292
41 2 1 212 5 211 3 2 14 3 87 10 79 3 2 191 11 195 24 130 3 4 37 5 35 10 61 3 5 54 11 121 13 98 3 19 140 22 155 24 133 2 2 215 25 26 2 13 91 16 144 3 19 116 22 167 24 139 2 6 89 14 95 3 4 56 5 82 10 15 2 7 78 27 142 2 10 229 30 98 2 13 46 16 96 2 8 246 15 211 2 6 164 14 135 2 4 57 9 53 2 2 69 25 125 2 10 109 29 200 3 11 250 12 307 20 223 2 6 82 14 226 3 12 49 18 85 24 26 3 6 140 7 182 14 157 2 14 73 23 73 2 2 68 25 187 3 3 18 14 99 15 78 2 5 66 16 72 3 6 129 17 58 18 130 2 2 211 18 120 3 15 10 17 25 19 20 3 20 1 28 1 29 2 3 6 30 17 131 18 182 3 3 91 20 139 21 71 3 6 77 17 165 18 157 2 21 58 28 95 2 13 216 16 212 3 9 230 20 214 27 79 2 4 142 9 273 3 12 173 24 319 28 127 3 20 39 22 19 26 46 3 6 94 23 145 28 292
33 2 7 72 27 66 2 6 170 14 160 3 6 128 7 132 14 147 2 1 147 5 166 3 2 34 11 210 24 56 3 2 64 3 88 10 49 3 4 52 5 73 10 74 3 15 67 17 72 19 10 2 14 72 23 17 3 5 251 11 194 13 150 2 8 56 15 338 2 4 207 9 177 2 6 225 14 113 3 3 54 14 59 15 109 2 6 94 14 92 2 2 140 25 43 2 10 73 29 50 3 11 195 12 230 20 156 3 12 130 18 147 24 122 2 13 108 16 201 2 10 69 30 96 2 4 166 9 77 3 6 134 17 188 18 123 2 5 40 16 25 2 2 79 18 139 3 20 1 28 1 29 1 3 3 98 20 22 21 145 2 21 104 28 123 3 19 71 22 86 24 87 3 20 27 22 11 26 16 3 9 210 20 41 27 58 3 12 290 24 113 28 263 3 6 98 23 309 28 44
35 2 1 227 5 213 3 2 42 11 223 24 58 3 2 43 3 14 10 56 3 4 71 5 13 10 26 2 14 91 23 27 3 5 172 11 219 13 218 2 6 75 14 40 2 7 162 27 307 2 2 201 25 166 2 8 77 15 148 2 4 144 9 206 3 11 91 12 45 20 137 2 2 123 25 136 3 3 87 14 65 15 42 2 2 225 18 161 2 21 125 28 59 3 19 68 22 28 24 194 2 10 254 29 57 3 9 78 20 158 27 81 3 12 30 18 79 24 112 2 13 140 16 69 2 2 104 18 216 3 6 116 7 153 14 63 3 6 85 23 104 28 192 2 5 49 16 69 3 6 89 17 83 18 117 3 12 47 18 64 24 74 3 15 69 17 37 19 39 3 3 123 20 49 21 59 2 10 87 30 82 2 8 190 15 70 3 12 301 24 182 28 50 3 20 34 22 12 26 7 3 11 37 12 263 20 136 3 20 1 28 1 29 1
35 2 1 227 5 213 3 2 42 11 223 24 58 3 2 43 3 14 10 56 3 4 71 5 13 10 26 2 14 91 23 27 3 5 172 11 219 13 218 2 6 75 14 40 2 7 162 27 307 2 2 201 25 166 2 8 77 15 148 2 4 144 9 206 3 11 91 12 45 20 137 2 2 123 25 136 3 3 87 14 65 15 42 2 2 225 18 161 2 21 125 28 59 3 19 68 22 28 24 194 2 10 254 29 57 3 9 78 20 158 27 81 3 12 30 18 79 24 112 2 13 140 16 69 2 2 104 18 216 3 6 116 7 153 14 63 3 6 85 23 104 28 192 2 5 49 16 69 3 6 89 17 83 18 117 3 12 47 18 64 24 74 3 15 69 17 37 19 39 3 3 123 20 49 21 59 2 10 87 30 82 2 8 190 15 70 3 12 301 24 182 28 50 3 20 34 22 12 26 7 3 11 37 12 263 20 136 3 20 1 28 1 29 1
35 2 1 227 5 213 3 2 42 11 223 24 58 3 2 43 3 14 10 56 3 4 71 5 13 10 26 2 14 91 23 27 3 5 172 11 219 13 218 2 6 75 14 40 2 7 162 27 307 2 2 201 25 166 2 8 77 15 148 2 4 144 9 206 3 11 91 12 45 20 137 2 2 123 25 136 3 3 87 14 65 15 42 2 2 225 18 161 2 21 125 28 59 3 19 68 22 28 24 194 2 10 254 29 57 3 9 78 20 158 27 81 3 12 30 18 79 24 112 2 13 140 16 69 2 2 104 18 216 3 6 116 7 153 14 63 3 6 85 23 104 28 192 2 5 49 16 69 3 6 89 17 83 18 117 3 12 47 18 64 24 74 3 15 69 17 37 19 39 3 3 123 20 49 21 59 2 10 87 30 82 2 8 190 15 70 3 12 301 24 182 28 50 3 20 34 22 12 26 7 3 11 37 12 263 20 136 3 20 1 28 1 29 1
34 2 1 90 5 234 3 4 14 5 74 10 79 3 6 43 7 92 14 63 3 4 19 5 77 10 72 2 21 149 28 118 3 12 322 24 68 28 206 3 6 94 7 40 14 51 3 2 81 11 75 24 77 3 2 17 3 47 10 52 3 5 192 11 105 13 162 2 6 101 14 150 3 20 30 22 13 26 9 2 7 40 27 301 2 8 138 15 355 2 10 109 29 173 3 6 149 17 84 18 167 2 4 128 9 52 3 11 315 12 272 20 193 3 12 20 18 136 24 96 3 15 69 17 62 19 63 2 14 27 23 45 3 3 84 14 111 15 60 2 10 45 30 214 3 19 35 22 101 24 36 2 13 146 16 185 3 15 76 17 62 19 41 2 5 71 16 17 2 2 130 18 29 3 3 19 20 71 21 103 2 2 68 25 162 3 9 158 20 41 27 205 3 6 292 23 239 28 216 2 4 356 9 152 3 20 1 28 2 29 1
35 2 10 111 29 213 2 1 129 5 48 3 19 157 22 136 24 174 2 10 267 29 201 3 2 95 11 97 24 194 3 2 47 3 36 10 78 3 4 31 5 11 10 82 3 5 29 11 228 13 157 2 6 165 14 153 3 6 97 23 282 28 293 2 7 287 27 59 2 8 137 15 230 2 4 76 9 53 3 11 75 12 102 20 125 2 10 86 29 282 2 5 51 16 41 2 10 192 30 87 2 8 256 15 307 2 2 117 25 134 3 3 110 20 88 21 81 3 12 334 24 208 28 236 2 2 62 18 212 3 4 27 5 13 10 44 3 12 77 18 32 24 127 2 13 30 16 154 3 6 118 7 93 14 113 3 3 39 14 32 15 73 3 20 7 22 12 26 13 3 6 194 17 24 18 174 3 15 26 17 82 19 17 3 12 128 24 81 28 161 3 9 224 20 134 27 208 2 21 86 28 113 2 14 35 23 18 3 20 1 28 3 29 1
35 2 10 111 29 213 2 1 129 5 48 3 19 157 22 136 24 174 2 10 267 29 201 3 2 95 11 97 24 194 3 2 47 3 36 10 78 3 4 31 5 11 10 82 3 5 29 11 228 13 157 2 6 165 14 153 3 6 97 23 282 28 293 2 7 287 27 59 2 8 137 15 230 2 4 76 9 53 3 11 75 12 102 20 125 2 10 86 29 282 2 5 51 16 41 2 10 192 30 87 2 8 256 15 307 2 2 117 25 134 3 3 110 20 88 21 81 3 12 334 24 208 28 236 2 2 62 18 212 3 4 27 5 13 10 44 3 12 77 18 32 24 127 2 13 30 16 154 3 6 118 7 93 14 113 3 3 39 14 32 15 73 3 20 7 22 12 26 13 3 6 194 17 24 18 174 3 15 26 17 82 19 17 3 12 128 24 81 28 161 3 9 224 20 134 27 208 2 21 86 28 113 2 14 35 23 18 3 20 1 28 3 29 1
33 2 1 286 5 267 3 2 140 11 76 24 63 3 2 62 3 14 10 33 2 2 60 18 183 2 10 34 30 144 3 3 32 20 94 21 130 3 6 111 7 108 14 121 3 3 135 20 85 21 147 3 4 71 5 49 10 42 3 15 22 17 67 19 74 3 5 227 11 122 13 150 2 5 15 16 33 3 9 121 20 52 27 109 3 20 3 28 2 29 1 2 6 126 14 185 2 7 158 27 299 2 8 52 15 233 3 20 2 28 2 29 3 3 20 43 22 43 26 14 2 2 66 25 26 2 21 53 28 120 2 4 201 9 257 3 3 36 14 49 15 54 2 10 235 29 182 3 11 147 12 94 20 164 3 6 32 17 74 18 51 3 12 47 18 51 24 84 2 13 102 16 228 3 19 179 22 152 24 48 2 14 32 23 83 3 12 173 24 148 28 44 3 4 82 5 50 10 77 3 6 252 23 93 28 227
37 2 1 53 5 80 3 2 124 11 74 24 202 3 2 33 3 20 10 32 2 8 189 15 257 3 6 181 23 272 28 42 3 4 35 5 51 10 30 3 6 160 17 144 18 59 3 5 167 11 212 13 207 2 6 151 14 152 2 7 105 27 127 2 6 136 14 156 2 13 166 16 114 2 4 256 9 194 2 8 245 15 49 3 3 81 20 19 21 23 2 10 173 29 164 2 2 210 18 181 2 4 133 9 71 3 11 105 12 82 20 274 3 9 98 20 101 27 213 3 12 124 18 115 24 22 3 19 90 22 93 24 138 2 10 188 29 44 2 2 189 25 225 3 6 135 7 176 14 119 2 1 241 5 75 3 3 87 14 95 15 41 3 12 329 24 338 28 108 2 7 123 27 230 2 5 69 16 15 3 15 59 17 81 19 40 3 9 169 20 37 27 74 3 20 2 28 2 29 3 2 14 66 23 21 3 20 27 22 39 26 18 2 10 171 30 186 2 21 138 28 29
34 3 5 213 11 72 13 134 2 1 124 5 110 3 5 47 11 181 13 235 3 2 139 11 100 24 67 3 2 36 3 62 10 66 3 4 62 5 80 10 66 2 6 78 14 176 2 7 217 27 269 2 8 304 15 139 3 5 176 11 47 13 50 2 4 266 9 123 2 10 168 29 262 3 11 192 12 319 20 108 3 12 30 18 40 24 149 2 21 124 28 92 2 13 168 16 30 3 6 45 7 157 14 168 3 3 75 14 104 15 20 3 20 1 28 1 29 1 2 5 31 16 50 2 10 126 29 182 3 6 93 17 156 18 181 2 10 85 30 172 2 2 118 18 222 3 12 154 24 311 28 45 3 15 61 17 47 19 33 3 3 41 20 30 21 35 3 19 195 22 202 24 62 3 12 56 18 61 24 66 2 14 27 23 60 2 2 51 25 149 3 20 35 22 36 26 29 3 9 162 20 80 27 86 3 6 91 23 267 28 48
34 3 5 213 11 72 13 134 2 1 124 5 110 3 5 47 11 181 13 235 3 2 139 11 100 24 67 3 2 36 3 62 10 66 3 4 62 5 80 10 66 2 6 78 14 176 2 7 217 27 269 2 8 304 15 139 3 5 176 11 47 13 50 2 4 266 9 123 2 10 168 29 262 3 11 192 12 319 20 108 3 12 30 18 40 24 149 2 21 124 28 92 2 13 168 16 30 3 6 45 7 157 14 168 3 3 75 14 104 15 20 3 20 1 28 1 29 1 2 5 31 16 50 2 10 126 29 182 3 6 93 17 156 18 181 2 10 85 30 172 2 2 118 18 222 3 12 154 24 311 28 45 3 15 61 17 47 19 33 3 3 41 20 30 21 35 3 19 195 22 202 24 62 3 12 56 18 61 24 66 2 14 27 23 60 2 2 51 25 149 3 20 35 22 36 26 29 3 9 162 20 80 27 86 3 6 91 23 267 28 48
35 2 1 65 5 101 3 3 60 20 77 21 148 3 2 58 11 130 24 94 3 15 38 17 46 19 33 3 2 24 3 53 10 12 2 6 42 14 130 2 2 73 18 78 2 10 46 30 66 3 9 180 20 98 27 47 3 4 66 5 68 10 34 2 13 228 16 65 3 3 50 14 32 15 77 3 5 58 11 48 13 186 2 7 141 27 48 2 13 139 16 53 3 19 127 22 113 24 201 3 5 142 11 244 13 210 2 8 120 15 206 2 4 76 9 350 3 6 150 7 81 14 84 2 13 140 16 87 2 10 202 29 185 3 12 189 24 303 28 87 2 14 48 23 64 3 11 252 12 94 20 171 3 12 98 18 19 24 148 2 5 38 16 27 2 21 74 28 167 3 6 25 17 191 18 95 2 2 185 25 95 3 3 114 20 56 21 100 3 6 302 23 135 28 67 3 20 43 22 35 26 10 2 5 54 16 26 3 20 2 28 2 29 3
35 2 1 65 5 101 3 3 60 20 77 21 148 3 2 58 11 130 24 94 3 15 38 17 46 19 33 3 2 24 3 53 10 12 2 6 42 14 130 2 2 73 18 78 2 10 46 30 66 3 9 180 20 98 27 47 3 4 66 5 68 10 34 2 13 228 16 65 3 3 50 14 32 15 77 3 5 58 11 48 13 186 2 7 141 27 48 2 13 139 16 53 3 19 127 22 113 24 201 3 5 142 11 244 13 210 2 8 120 15 206 2 4 76 9 350 3 6 150 7 81 14 84 2 13 140 16 87 2 10 202 29 185 3 12 189 24 303 28 87 2 14 48 23 64 3 11 252 12 94 20 171 3 12 98 18 19 24 148 2 5 38 16 27 2 21 74 28 167 3 6 25 17 191 18 95 2 2 185 25 95 3 3 114 20 56 21 100 3 6 302 23 135 28 67 3 20 43 22 35 26 10 2 5 54 16 26 3 20 2 28 2 29 3
37 2 2 33 25 98 3 20 42 22 43 26 14 2 8 284 15 347 2 1 289 5 271 2 13 229 16 161 2 1 125 5 285 2 10 259 29 47 3 2 41 11 96 24 160 2 13 204 16 54 3 2 81 3 89 10 78 3 9 122 20 180 27 220 2 14 79 23 23 3 4 49 5 33 10 49 3 5 72 11 235 13 101 3 20 2 28 2 29 3 3 2 191 11 39 24 169 2 6 83 14 171 2 2 65 25 223 2 10 137 30 102 2 7 116 27 240 2 4 279 9 332 3 11 302 12 304 20 234 3 19 180 22 150 24 65 3 12 36 18 113 24 105 3 6 72 7 161 14 48 3 20 17 22 14 26 43 2 5 33 16 51 3 6 32 17 150 18 123 3 3 69 14 60 15 62 3 12 65 24 83 28 327 2 2 130 18 143 2 21 55 28 56 2 13 38 16 148 3 15 74 17 51 19 27 2 5 42 16 62 3 6 63 23 134 28 65 3 3 42 20 50 21 111
37 2 2 33 25 98 3 20 42 22 43 26 14 2 8 284 15 347 2 1 289 5 271 2 13 229 16 161 2 1 125 5 285 2 10 259 29 47 3 2 41 11 96 24 160 2 13 204 16 54 3 2 81 3 89 10 78 3 9 122 20 180 27 220 2 14 79 23 23 3 4 49 5 33 10 49 3 5 72 11 235 13 101 3 20 2 28 2 29 3 3 2 191 11 39 24 169 2 6 83 14 171 2 2 65 25 223 2 10 137 30 102 2 7 116 27 240 2 4 279 9 332 3 11 302 12 304 20 234 3 19 180 22 150 24 65 3 12 36 18 113 24 105 3 6 72 7 161 14 48 3 20 17 22 14 26 43 2 5 33 16 51 3 6 32 17 150 18 123 3 3 69 14 60 15 62 3 12 65 24 83 28 327 2 2 130 18 143 2 21 55 28 56 2 13 38 16 148 3 15 74 17 51 19 27 2 5 42 16 62 3 6 63 23 134 28 65 3 3 42 20 50 21 111
37 2 2 66 25 30 3 20 7 22 40 26 20 2 8 190 15 44 2 1 276 5 198 2 13 39 16 237 2 1 301 5 127 2 10 148 29 203 3 2 119 11 159 24 194 2 13 225 16 193 3 2 58 3 89 10 37 3 9 227 20 214 27 94 2 14 93 23 65 3 4 79 5 72 10 75 3 5 236 11 237 13 33 3 20 2 28 1 29 2 3 2 75 11 75 24 41 2 6 121 14 74 2 2 207 25 221 2 10 43 30 213 2 7 206 27 293 2 4 251 9 138 3 11 118 12 131 20 105 3 19 142 22 81 24 142 3 12 62 18 111 24 97 3 6 134 7 178 14 150 3 20 39 22 47 26 20 2 5 43 16 72 3 6 111 17 169 18 167 3 3 14 14 39 15 44 3 12 91 24 161 28 134 2 2 162 18 41 2 21 122 28 151 2 13 157 16 146 3 15 52 17 68 19 55 2 5 33 16 28 3 6 91 23 242 28 190 3 3 115 20 118 21 28
34 3 5 150 11 63 13 182 2 1 154 5 77 3 5 39 11 238 13 247 3 2 101 11 136 24 137 3 2 58 3 23 10 30 3 4 47 5 34 10 75 2 6 162 14 183 2 7 106 27 302 2 8 240 15 73 3 5 91 11 150 13 230 2 4 342 9 122 2 10 271 29 176 3 11 305 12 301 20 276 3 12 115 18 133 24 132 2 21 31 28 157 2 13 77 16 202 3 6 80 7 128 14 113 3 3 26 14 20 15 98 3 20 1 28 3 29 1 2 5 17 16 50 2 10 183 29 249 3 6 129 17 194 18 31 2 10 121 30 188 2 2 218 18 218 3 12 61 24 285 28 341 3 15 68 17 53 19 59 3 3 123 20 40 21 30 3 19 48 22 158 24 146 3 12 37 18 97 24 84 2 14 49 23 16 2 2 221 25 105 3 20 24 22 22 26 10 3 9 27 20 64 27 221 3 6 116 23 201 28 57
34 3 5 150 11 63 13 182 2 1 154 5 77 3 5 39 11 238 13 247 3 2 101 11 136 24 137 3 2 58 3 23 10 30 3 4 47 5 34 10 75 2 6 162 14 183 2 7 106 27 302 2 8 240 15 73 3 5 91 11 150 13 230 2 4 342 9 122 2 10 271 29 176 3 11 305 12 301 20 276 3 12 115 18 133 24 132 2 21 31 28 157 2 13 77 16 202 3 6 80 7 128 14 113 3 3 26 14 20 15 98 3 20 1 28 3 29 1 2 5 17 16 50 2 10 183 29 249 3 6 129 17 194 18 31 2 10 121 30 188 2 2 218 18 218 3 12 61 24 285 28 341 3 15 68 17 53 19 59 3 3 123 20 40 21 30 3 19 48 22 158 24 146 3 12 37 18 97 24 84 2 14 49 23 16 2 2 221 25 105 3 20 24 22 22 26 10 3 9 27 20 64 27 221 3 6 116 23 201 28 57
37 3 4 21 5 41 10 47 2 1 70 5 194 3 4 29 5 14 10 79 3 2 168 11 130 24 178 3 4 25 5 64 10 33 3 2 64 3 13 10 30 3 5 57 11 67 13 136 2 6 60 14 33 2 7 259 27 306 2 8 114 15 337 2 6 32 14 66 3 11 210 12 45 20 37 2 4 286 9 310 3 20 1 28 2 29 3 3 2 38 3 86 10 37 3 9 29 20 147 27 88 2 10 89 29 162 3 12 106 18 130 24 18 3 12 193 24 111 28 192 2 2 186 25 35 2 13 200 16 232 3 6 53 7 106 14 43 3 3 84 14 71 15 25 2 5 65 16 29 3 6 101 7 117 14 141 3 19 110 22 101 24 126 3 6 131 17 100 18 177 2 2 166 18 196 3 6 151 23 79 28 200 3 15 48 17 43 19 23 3 6 168 7 150 14 118 3 3 103 20 138 21 69 2 13 128 16 185 2 10 141 30 108 2 21 171 28 32 2 14 61 23 76 3 20 41 22 34 26 14
37 2 2 180 25 88 3 20 33 22 17 26 10 2 8 233 15 218 2 1 300 5 241 2 13 104 16 35 2 1 131 5 233 2 10 154 29 282 3 2 145 11 38 24 108 2 13 203 16 196 3 2 60 3 82 10 87 3 9 78 20 99 27 174 2 14 14 23 79 3 4 79 5 63 10 20 3 5 165 11 248 13 113 3 20 2 28 1 29 2 3 2 103 11 104 24 137 2 6 183 14 89 2 2 190 25 166 2 10 185 30 66 2 7 210 27 306 2 4 117 9 170 3 11 237 12 302 20 181 3 19 136 22 201 24 184 3 12 76 18 42 24 89 3 6 160 7 39 14 166 3 20 31 22 8 26 6 2 5 69 16 53 3 6 158 17 68 18 149 3 3 115 14 101 15 40 3 12 258 24 238 28 188 2 2 226 18 116 2 21 53 28 30 2 13 175 16 98 3 15 79 17 12 19 77 2 5 11 16 45 3 6 139 23 239 28 283 3 3 30 20 34 21 108
37 2 1 100 5 258 3 2 33 11 187 24 105 3 2 36 3 31 10 52 3 4 50 5 51 10 57 3 9 201 20 198 27 110 3 5 197 11 30 13 162 3 4 22 5 16 10 42 2 6 86 14 58 2 7 99 27 218 2 5 60 16 33 2 8 63 15 56 2 2 117 25 72 2 10 133 30 197 3 20 35 22 40 26 15 2 4 199 9 90 3 2 19 3 19 10 73 2 10 161 29 92 3 12 241 24 164 28 197 3 11 223 12 55 20 219 2 10 37 29 185 2 14 82 23 86 2 21 131 28 82 3 19 77 22 67 24 147 3 6 71 7 86 14 22 2 6 220 14 122 3 6 22 17 150 18 163 3 12 121 18 35 24 32 3 20 1 28 1 29 3 2 13 58 16 37 3 3 101 14 76 15 60 2 5 77 16 58 3 3 33 20 35 21 146 2 5 18 16 30 3 15 53 17 67 19 40 2 2 113 18 188 3 15 32 17 21 19 83 3 6 122 23 256 28 262
35 2 10 84 29 181 2 1 172 5 188 3 19 186 22 166 24 160 2 10 188 29 76 3 2 113 11 114 24 80 3 2 73 3 76 10 85 3 4 66 5 84 10 27 3 5 39 11 227 13 166 2 6 211 14 75 3 6 179 23 72 28 80 2 7 73 27 277 2 8 187 15 159 2 4 167 9 67 3 11 187 12 200 20 132 2 10 222 29 176 2 5 57 16 70 2 10 27 30 98 2 8 299 15 329 2 2 78 25 110 3 3 81 20 22 21 58 3 12 198 24 168 28 297 2 2 29 18 76 3 4 77 5 30 10 63 3 12 38 18 20 24 147 2 13 42 16 117 3 6 87 7 49 14 23 3 3 20 14 63 15 36 3 20 39 22 37 26 10 3 6 65 17 143 18 78 3 15 71 17 80 19 37 3 12 56 24 237 28 75 3 9 94 20 217 27 90 2 21 28 28 133 2 14 76 23 91 3 20 3 28 1 29 1
33 2 7 240 27 214 2 6 126 14 151 3 6 141 7 123 14 181 2 1 138 5 230 3 2 102 11 132 24 59 3 2 44 3 52 10 47 3 4 80 5 10 10 47 3 15 66 17 77 19 45 2 14 95 23 101 3 5 110 11 92 13 123 2 8 266 15 205 2 4 177 9 122 2 6 36 14 136 3 3 105 14 99 15 38 2 6 100 14 60 2 2 120 25 108 2 10 296 29 39 3 11 52 12 256 20 146 3 12 95 18 35 24 78 2 13 175 16 158 2 10 150 30 110 2 4 84 9 137 3 6 98 17 77 18 112 2 5 19 16 49 2 2 166 18 30 3 20 2 28 1 29 1 3 3 83 20 92 21 62 2 21 43 28 138 3 19 59 22 120 24 96 3 20 33 22 47 26 9 3 9 188 20 148 27 232 3 12 76 24 159 28 253 3 6 176 23 86 28 175
36 2 1 270 5 287 3 20 1 28 2 29 1 3 2 101 11 113 24 193 3 2 90 3 73 10 67 2 14 43 23 49 3 4 61 5 81 10 58 3 5 194 11 168 13 171 2 8 320 15 56 2 6 190 14 48 3 15 60 17 54 19 30 2 7 279 27 107 2 2 48 18 168 3 6 122 7 169 14 183 3 11 228 12 122 20 110 2 4 280 9 95 2 10 206 29 193 3 12 64 18 68 24 69 3 4 40 5 31 10 31 2 13 153 16 186 3 20 3 28 2 29 2 3 3 20 14 110 15 61 2 5 30 16 24 3 12 55 18 62 24 83 3 6 107 17 182 18 112 3 3 51 20 128 21 81 2 2 120 25 87 2 21 82 28 78 2 14 13 23 50 3 19 184 22 162 24 165 3 12 84 24 128 28 312 2 6 88 14 121 3 20 12 22 18 26 9 3 19 139 22 37 24 147 3 9 146 20 159 27 108 3 6 94 23 155 28 306 2 10 194 30 152
36 2 1 228 5 280 3 20 3 28 2 29 2 3 2 211 11 54 24 100 3 2 22 3 33 10 34 2 14 19 23 52 3 4 10 5 78 10 10 3 5 143 11 173 13 251 2 8 100 15 131 2 6 89 14 130 3 15 82 17 10 19 29 2 7 35 27 123 2 2 134 18 198 3 6 151 7 95 14 76 3 11 140 12 234 20 53 2 4 333 9 285 2 10 238 29 139 3 12 138 18 97 24 131 3 4 83 5 12 10 45 2 13 232 16 163 3 20 2 28 1 29 2 3 3 13 14 91 15 66 2 5 76 16 68 3 12 18 18 91 24 141 3 6 193 17 45 18 32 3 3 140 20 81 21 32 2 2 190 25 44 2 21 33 28 41 2 14 16 23 16 3 19 159 22 182 24 47 3 12 91 24 211 28 178 2 6 225 14 191 3 20 20 22 25 26 41 3 19 60 22 153 24 63 3 9 39 20 120 27 123 3 6 247 23 243 28 282 2 10 50 30 117
33 2 1 89 5 184 3 2 72 11 79 24 102 3 2 40 3 89 10 25 2 2 89 18 51 2 10 95 30 120 3 3 156 20 31 21 84 3 6 95 7 46 14 187 3 3 65 20 20 21 20 3 4 69 5 65 10 75 3 15 13 17 30 19 11 3 5 32 11 138 13 82 2 5 67 16 72 3 9 204 20 144 27 195 3 20 1 28 1 29 1 2 6 207 14 205 2 7 37 27 192 2 8 231 15 144 3 20 1 28 2 29 1 3 20 43 22 32 26 14 2 2 144 25 156 2 21 104 28 53 2 4 102 9 107 3 3 83 14 96 15 71 2 10 132 29 218 3 11 93 12 156 20 143 3 6 29 17 144 18 121 3 12 117 18 54 24 67 2 13 189 16 135 3 19 143 22 23 24 198 2 14 81 23 52 3 12 312 24 183 28 78 3 4 55 5 26 10 25 3 6 245 23 96 28 229
33 2 1 89 5 184 3 2 72 11 79 24 102 3 2 40 3 89 10 25 2 2 89 18 51 2 10 95 30 120 3 3 156 20 31 21 84 3 6 95 7 46 14 187 3 3 65 20 20 21 20 3 4 69 5 65 10 75 3 15 13 17 30 19 11 3 5 32 11 138 13 82 2 5 67 16 72 3 9 204 20 144 27 195 3 20 1 28 1 29 1 2 6 207 14 205 2 7 37 27 192 2 8 231 15 144 3 20 1 28 2 29 1 3 20 43 22 32 26 14 2 2 144 25 156 2 21 104 28 53 2 4 102 9 107 3 3 83 14 96 15 71 2 10 132 29 218 3 11 93 12 156 20 143 3 6 29 17 144 18 121 3 12 117 18 54 24 67 2 13 189 16 135 3 19 143 22 23 24 198 2 14 81 23 52 3 12 312 24 183 28 78 3 4 55 5 26 10 25 3 6 245 23 96 28 229
36 2 1 223 5 243 3 2 69 11 171 24 32 3 19 157 22 143 24 65 2 1 94 5 291 3 20 1 28 1 29 1 3 2 179 11 78 24 48 2 7 75 27 216 2 6 150 14 36 3 2 64 3 39 10 45 3 3 28 14 103 15 22 3 4 56 5 49 10 72 2 13 186 16 74 3 5 135 11 208 13 46 2 2 217 18 69 3 3 18 20 107 21 35 2 8 99 15 219 2 4 194 9 339 2 10 131 29 201 2 21 37 28 99 2 5 18 16 48 2 6 125 14 76 3 11 310 12 126 20 143 3 5 63 11 78 13 33 3 12 83 18 82 24 137 3 6 73 7 34 14 145 2 4 143 9 134 3 6 37 17 136 18 164 2 10 34 30 220 3 15 30 17 70 19 74 2 14 66 23 84 3 12 177 24 288 28 58 3 20 7 22 16 26 18 2 2 80 25 212 3 9 233 20 60 27 104 3 3 32 14 26 15 24 3 6 43 23 287 28 175
38 3 2 151 11 195 24 32 3 15 79 17 56 19 66 2 1 92 5 43 2 2 91 25 133 3 2 204 11 219 24 99 3 12 316 24 51 28 207 3 15 25 17 57 19 22 3 2 55 3 18 10 47 3 12 79 18 25 24 22 3 4 40 5 65 10 62 3 5 215 11 231 13 140 2 6 130 14 58 2 4 94 9 78 2 7 266 27 71 2 8 57 15 311 2 10 90 29 106 3 11 264 12 220 20 39 2 13 185 16 99 3 6 130 7 146 14 116 3 3 44 14 93 15 55 2 5 60 16 13 3 6 25 17 190 18 150 2 2 99 25 138 2 2 204 18 36 3 2 32 3 35 10 21 3 3 70 20 117 21 71 2 2 48 18 218 2 21 109 28 97 3 19 181 22 151 24 144 3 9 65 20 224 27 220 3 3 52 14 114 15 110 2 14 106 23 92 2 10 29 30 99 3 20 38 22 19 26 32 3 15 51 17 28 19 45 3 6 122 23 302 28 147 3 3 108 14 47 15 47 3 20 1 28 2 29 1
DUE_DATES: 7540 6332 6332 6332 7546 7546 6938 6938 7715 7212 7212 7212 7229 7229 8843 6668 6668 6127 6127 8653 8653 6421 6677 6677 6677 6644 7235 7235 6084 7939 6853 6853 6241 6241 7837 7837 7769 7529 7529 6990 8146 6212 6723 6480 7093 6799 5775 5775 6967 6815
WEIGHTS: 1 2 3 1 1 2 1 1 1 2 3 2 3 1 3 3 2 3 2 1 3 1 1 3 1 1 1 1 1 2 2 3 2 3 1 2 2 1 3 1 1 1 1 1 3 2 1 1 3 1
