50 30
38 2 1 118 14 146 3 12 156 18 180 22 148 2 1 154 14 155 3 16 200 17 226 24 198 2 4 132 20 126 3 2 83 21 88 23 80 2 7 206 26 168 2 3 109 16 109 2 7 158 26 168 3 4 146 10 154 23 144 3 2 140 5 193 26 137 3 2 108 21 88 23 87 3 6 122 8 144 23 146 2 15 14 24 18 3 13 180 16 198 29 209 2 1 114 14 129 2 2 119 8 170 3 12 70 15 66 25 60 2 21 73 28 80 3 2 93 21 99 23 83 2 13 19 20 18 2 9 81 18 67 3 5 212 10 220 21 192 3 7 191 21 195 23 200 2 19 161 27 174 3 4 174 11 139 28 134 2 15 15 24 12 2 14 94 19 88 2 18 214 27 153 3 2 163 5 161 26 187 2 16 182 26 202 2 13 90 16 110 2 12 69 19 72 4 13 93 18 115 20 101 23 108 2 10 72 25 69 3 7 179 21 163 23 178 3 13 50 23 63 30 57 2 13 166 24 176
38 2 1 118 14 146 3 12 156 18 180 22 148 2 1 154 14 155 3 16 200 17 226 24 198 2 4 132 20 126 3 2 83 21 88 23 80 2 7 206 26 168 2 3 109 16 109 2 7 158 26 168 3 4 146 10 154 23 144 3 2 140 5 193 26 137 3 2 108 21 88 23 87 3 6 122 8 144 23 146 2 15 14 24 18 3 13 180 16 198 29 209 2 1 114 14 129 2 2 119 8 170 3 12 70 15 66 25 60 2 21 73 28 80 3 2 93 21 99 23 83 2 13 19 20 18 2 9 81 18 67 3 5 212 10 220 21 192 3 7 191 21 195 23 200 2 19 161 27 174 3 4 174 11 139 28 134 2 15 15 24 12 2 14 94 19 88 2 18 214 27 153 3 2 163 5 161 26 187 2 16 182 26 202 2 13 90 16 110 2 12 69 19 72 4 13 93 18 115 20 101 23 108 2 10 72 25 69 3 7 179 21 163 23 178 3 13 50 23 63 30 57 2 13 166 24 176
36 2 14 94 19 74 2 1 108 14 121 3 2 115 21 81 23 110 2 3 137 16 121 3 4 142 10 127 23 123 3 16 220 17 188 24 188 2 13 119 16 93 3 2 170 5 175 26 172 2 21 74 28 75 3 6 131 8 117 23 110 3 16 194 17 197 24 184 2 7 164 26 186 2 2 124 8 159 3 4 151 11 168 28 135 2 9 81 18 68 3 2 80 21 104 23 98 3 5 221 10 200 21 217 2 9 90 18 91 3 12 58 15 53 25 57 2 13 23 20 22 3 13 57 23 61 30 55 3 12 180 18 127 22 157 2 15 15 24 15 2 18 189 27 155 2 12 75 19 71 3 13 63 23 64 30 57 2 4 124 20 130 3 12 142 18 173 22 172 3 13 194 16 161 29 148 3 7 145 21 182 23 203 2 3 102 16 106 4 13 83 18 78 20 115 23 89 2 10 68 25 64 2 13 200 24 143 2 16 192 26 195 2 19 150 27 177
36 2 14 94 19 74 2 1 108 14 121 3 2 115 21 81 23 110 2 3 137 16 121 3 4 142 10 127 23 123 3 16 220 17 188 24 188 2 13 119 16 93 3 2 170 5 175 26 172 2 21 74 28 75 3 6 131 8 117 23 110 3 16 194 17 197 24 184 2 7 164 26 186 2 2 124 8 159 3 4 151 11 168 28 135 2 9 81 18 68 3 2 80 21 104 23 98 3 5 221 10 200 21 217 2 9 90 18 91 3 12 58 15 53 25 57 2 13 23 20 22 3 13 57 23 61 30 55 3 12 180 18 127 22 157 2 15 15 24 15 2 18 189 27 155 2 12 75 19 71 3 13 63 23 64 30 57 2 4 124 20 130 3 12 142 18 173 22 172 3 13 194 16 161 29 148 3 7 145 21 182 23 203 2 3 102 16 106 4 13 83 18 78 20 115 23 89 2 10 68 25 64 2 13 200 24 143 2 16 192 26 195 2 19 150 27 177
36 2 14 94 19 74 2 1 108 14 121 3 2 115 21 81 23 110 2 3 137 16 121 3 4 142 10 127 23 123 3 16 220 17 188 24 188 2 13 119 16 93 3 2 170 5 175 26 172 2 21 74 28 75 3 6 131 8 117 23 110 3 16 194 17 197 24 184 2 7 164 26 186 2 2 124 8 159 3 4 151 11 168 28 135 2 9 81 18 68 3 2 80 21 104 23 98 3 5 221 10 200 21 217 2 9 90 18 91 3 12 58 15 53 25 57 2 13 23 20 22 3 13 57 23 61 30 55 3 12 180 18 127 22 157 2 15 15 24 15 2 18 189 27 155 2 12 75 19 71 3 13 63 23 64 30 57 2 4 124 20 130 3 12 142 18 173 22 172 3 13 194 16 161 29 148 3 7 145 21 182 23 203 2 3 102 16 106 4 13 83 18 78 20 115 23 89 2 10 68 25 64 2 13 200 24 143 2 16 192 26 195 2 19 150 27 177
36 2 14 94 19 74 2 1 108 14 121 3 2 115 21 81 23 110 2 3 137 16 121 3 4 142 10 127 23 123 3 16 220 17 188 24 188 2 13 119 16 93 3 2 170 5 175 26 172 2 21 74 28 75 3 6 131 8 117 23 110 3 16 194 17 197 24 184 2 7 164 26 186 2 2 124 8 159 3 4 151 11 168 28 135 2 9 81 18 68 3 2 80 21 104 23 98 3 5 221 10 200 21 217 2 9 90 18 91 3 12 58 15 53 25 57 2 13 23 20 22 3 13 57 23 61 30 55 3 12 180 18 127 22 157 2 15 15 24 15 2 18 189 27 155 2 12 75 19 71 3 13 63 23 64 30 57 2 4 124 20 130 3 12 142 18 173 22 172 3 13 194 16 161 29 148 3 7 145 21 182 23 203 2 3 102 16 106 4 13 83 18 78 20 115 23 89 2 10 68 25 64 2 13 200 24 143 2 16 192 26 195 2 19 150 27 177
33 2 1 140 14 114 2 21 101 28 78 2 9 69 18 71 3 2 151 5 174 26 146 2 16 183 26 140 3 2 111 21 107 23 104 3 2 178 5 139 26 153 2 3 135 16 115 3 4 128 10 108 23 132 3 6 139 8 118 23 119 3 13 60 23 62 30 54 2 7 160 26 220 2 2 136 8 128 3 5 168 10 185 21 179 3 4 175 11 125 28 159 3 12 66 15 60 25 70 2 14 100 19 69 2 21 87 28 77 2 19 169 27 119 2 10 73 25 63 2 12 56 19 69 2 4 132 20 154 2 13 20 20 20 2 18 217 27 206 2 15 16 24 16 2 13 87 16 103 3 16 212 17 236 24 184 3 7 209 21 194 23 153 2 1 161 14 136 3 12 128 18 127 22 144 3 13 179 16 172 29 193 2 13 190 24 182 4 13 115 18 84 20 110 23 90
38 2 1 122 14 113 3 12 159 18 182 22 141 2 1 118 14 159 3 16 223 17 170 24 182 2 4 163 20 125 3 2 117 21 81 23 88 2 7 187 26 158 2 3 114 16 133 2 7 172 26 203 3 4 132 10 138 23 147 3 2 178 5 179 26 161 3 2 109 21 86 23 96 3 6 130 8 120 23 121 2 15 16 24 14 3 13 213 16 156 29 195 2 1 140 14 160 2 2 147 8 117 3 12 65 15 65 25 57 2 21 95 28 94 3 2 103 21 113 23 84 2 13 16 20 23 2 9 74 18 71 3 5 178 10 184 21 219 3 7 170 21 153 23 156 2 19 139 27 130 3 4 151 11 150 28 158 2 15 16 24 17 2 14 97 19 78 2 18 204 27 213 3 2 145 5 154 26 137 2 16 161 26 166 2 13 106 16 122 2 12 61 19 68 4 13 106 18 81 20 78 23 85 2 10 64 25 75 3 7 203 21 172 23 211 3 13 68 23 53 30 66 2 13 151 24 181
36 2 14 84 19 69 2 1 129 14 143 3 2 104 21 105 23 102 2 3 114 16 136 3 4 111 10 107 23 144 3 16 160 17 211 24 159 2 13 89 16 116 3 2 170 5 163 26 159 2 21 87 28 82 3 6 130 8 121 23 123 3 16 200 17 189 24 160 2 7 200 26 214 2 2 140 8 149 3 4 140 11 162 28 161 2 9 81 18 83 3 2 86 21 99 23 115 3 5 197 10 158 21 194 2 9 94 18 90 3 12 65 15 67 25 67 2 13 22 20 16 3 13 66 23 67 30 57 3 12 163 18 167 22 151 2 15 17 24 18 2 18 176 27 160 2 12 56 19 67 3 13 45 23 56 30 64 2 4 149 20 116 3 12 176 18 133 22 159 3 13 211 16 147 29 159 3 7 154 21 152 23 168 2 3 118 16 132 4 13 84 18 91 20 111 23 93 2 10 68 25 84 2 13 151 24 186 2 16 145 26 199 2 19 121 27 152
36 2 14 84 19 69 2 1 129 14 143 3 2 104 21 105 23 102 2 3 114 16 136 3 4 111 10 107 23 144 3 16 160 17 211 24 159 2 13 89 16 116 3 2 170 5 163 26 159 2 21 87 28 82 3 6 130 8 121 23 123 3 16 200 17 189 24 160 2 7 200 26 214 2 2 140 8 149 3 4 140 11 162 28 161 2 9 81 18 83 3 2 86 21 99 23 115 3 5 197 10 158 21 194 2 9 94 18 90 3 12 65 15 67 25 67 2 13 22 20 16 3 13 66 23 67 30 57 3 12 163 18 167 22 151 2 15 17 24 18 2 18 176 27 160 2 12 56 19 67 3 13 45 23 56 30 64 2 4 149 20 116 3 12 176 18 133 22 159 3 13 211 16 147 29 159 3 7 154 21 152 23 168 2 3 118 16 132 4 13 84 18 91 20 111 23 93 2 10 68 25 84 2 13 151 24 186 2 16 145 26 199 2 19 121 27 152
35 2 16 180 26 202 2 19 119 27 136 3 6 116 8 103 23 127 2 1 148 14 120 2 19 137 27 162 3 2 115 21 90 23 84 2 3 136 16 141 3 2 188 5 192 26 148 2 16 168 26 188 3 12 142 18 144 22 170 3 4 108 10 122 23 130 2 7 197 26 223 2 2 115 8 150 2 9 90 18 89 3 5 163 10 156 21 231 2 9 63 18 75 4 13 102 18 79 20 105 23 112 3 16 214 17 168 24 171 3 4 123 11 164 28 127 3 12 53 15 72 25 62 2 21 85 28 97 2 13 22 20 20 2 4 149 20 153 2 13 160 24 137 2 14 83 19 97 2 12 61 19 53 2 15 19 24 16 2 13 94 16 111 2 18 200 27 202 3 7 155 21 203 23 197 2 10 74 25 65 3 4 127 10 154 23 128 3 13 180 16 201 29 169 3 16 176 17 235 24 231 3 13 49 23 54 30 61
35 2 16 180 26 202 2 19 119 27 136 3 6 116 8 103 23 127 2 1 148 14 120 2 19 137 27 162 3 2 115 21 90 23 84 2 3 136 16 141 3 2 188 5 192 26 148 2 16 168 26 188 3 12 142 18 144 22 170 3 4 108 10 122 23 130 2 7 197 26 223 2 2 115 8 150 2 9 90 18 89 3 5 163 10 156 21 231 2 9 63 18 75 4 13 102 18 79 20 105 23 112 3 16 214 17 168 24 171 3 4 123 11 164 28 127 3 12 53 15 72 25 62 2 21 85 28 97 2 13 22 20 20 2 4 149 20 153 2 13 160 24 137 2 14 83 19 97 2 12 61 19 53 2 15 19 24 16 2 13 94 16 111 2 18 200 27 202 3 7 155 21 203 23 197 2 10 74 25 65 3 4 127 10 154 23 128 3 13 180 16 201 29 169 3 16 176 17 235 24 231 3 13 49 23 54 30 61
36 2 14 89 19 79 2 1 113 14 142 3 2 87 21 99 23 106 2 3 123 16 123 3 4 142 10 150 23 148 3 16 228 17 188 24 174 2 13 120 16 113 3 2 166 5 181 26 149 2 21 75 28 76 3 6 112 8 134 23 100 3 16 174 17 170 24 211 2 7 179 26 208 2 2 135 8 133 3 4 130 11 150 28 141 2 9 72 18 92 3 2 112 21 91 23 99 3 5 193 10 158 21 191 2 9 65 18 68 3 12 76 15 78 25 70 2 13 23 20 22 3 13 54 23 67 30 55 3 12 124 18 178 22 129 2 15 14 24 18 2 18 155 27 178 2 12 71 19 58 3 13 48 23 50 30 47 2 4 143 20 167 3 12 144 18 179 22 168 3 13 161 16 148 29 153 3 7 168 21 209 23 146 2 3 106 16 138 4 13 96 18 79 20 93 23 86 2 10 89 25 69 2 13 165 24 155 2 16 138 26 144 2 19 147 27 138
36 2 14 89 19 79 2 1 113 14 142 3 2 87 21 99 23 106 2 3 123 16 123 3 4 142 10 150 23 148 3 16 228 17 188 24 174 2 13 120 16 113 3 2 166 5 181 26 149 2 21 75 28 76 3 6 112 8 134 23 100 3 16 174 17 170 24 211 2 7 179 26 208 2 2 135 8 133 3 4 130 11 150 28 141 2 9 72 18 92 3 2 112 21 91 23 99 3 5 193 10 158 21 191 2 9 65 18 68 3 12 76 15 78 25 70 2 13 23 20 22 3 13 54 23 67 30 55 3 12 124 18 178 22 129 2 15 14 24 18 2 18 155 27 178 2 12 71 19 58 3 13 48 23 50 30 47 2 4 143 20 167 3 12 144 18 179 22 168 3 13 161 16 148 29 153 3 7 168 21 209 23 146 2 3 106 16 138 4 13 96 18 79 20 93 23 86 2 10 89 25 69 2 13 165 24 155 2 16 138 26 144 2 19 147 27 138
33 3 7 147 21 193 23 196 2 1 138 14 111 3 12 122 18 137 22 133 3 2 94 21 113 23 107 2 3 139 16 111 3 7 155 21 196 23 162 3 4 111 10 117 23 135 3 2 182 5 153 26 203 2 2 168 8 146 2 9 76 18 86 3 16 168 17 171 24 219 3 6 101 8 142 23 107 3 5 158 10 180 21 175 2 7 200 26 209 3 13 182 16 153 29 207 3 4 135 11 152 28 172 3 12 57 15 57 25 75 2 13 22 20 22 2 14 86 19 72 2 21 101 28 96 2 15 17 24 14 2 13 119 16 87 2 10 91 25 87 2 18 193 27 194 2 4 135 20 113 2 19 178 27 167 3 7 207 21 156 23 171 2 12 60 19 58 4 13 84 18 106 20 77 23 108 2 13 162 24 194 3 6 112 8 133 23 142 2 16 172 26 148 3 13 60 23 61 30 65
33 3 7 147 21 193 23 196 2 1 138 14 111 3 12 122 18 137 22 133 3 2 94 21 113 23 107 2 3 139 16 111 3 7 155 21 196 23 162 3 4 111 10 117 23 135 3 2 182 5 153 26 203 2 2 168 8 146 2 9 76 18 86 3 16 168 17 171 24 219 3 6 101 8 142 23 107 3 5 158 10 180 21 175 2 7 200 26 209 3 13 182 16 153 29 207 3 4 135 11 152 28 172 3 12 57 15 57 25 75 2 13 22 20 22 2 14 86 19 72 2 21 101 28 96 2 15 17 24 14 2 13 119 16 87 2 10 91 25 87 2 18 193 27 194 2 4 135 20 113 2 19 178 27 167 3 7 207 21 156 23 171 2 12 60 19 58 4 13 84 18 106 20 77 23 108 2 13 162 24 194 3 6 112 8 133 23 142 2 16 172 26 148 3 13 60 23 61 30 65
33 3 7 147 21 193 23 196 2 1 138 14 111 3 12 122 18 137 22 133 3 2 94 21 113 23 107 2 3 139 16 111 3 7 155 21 196 23 162 3 4 111 10 117 23 135 3 2 182 5 153 26 203 2 2 168 8 146 2 9 76 18 86 3 16 168 17 171 24 219 3 6 101 8 142 23 107 3 5 158 10 180 21 175 2 7 200 26 209 3 13 182 16 153 29 207 3 4 135 11 152 28 172 3 12 57 15 57 25 75 2 13 22 20 22 2 14 86 19 72 2 21 101 28 96 2 15 17 24 14 2 13 119 16 87 2 10 91 25 87 2 18 193 27 194 2 4 135 20 113 2 19 178 27 167 3 7 207 21 156 23 171 2 12 60 19 58 4 13 84 18 106 20 77 23 108 2 13 162 24 194 3 6 112 8 133 23 142 2 16 172 26 148 3 13 60 23 61 30 65
37 2 1 119 14 140 3 2 85 21 92 23 83 2 1 112 14 129 2 3 106 16 127 3 4 105 10 156 23 155 2 7 196 26 188 3 2 162 5 185 26 162 3 6 139 8 116 23 141 2 2 131 8 134 3 12 155 18 144 22 177 3 4 131 11 137 28 141 2 3 116 16 134 2 9 77 18 85 2 13 199 24 181 2 1 151 14 121 3 5 191 10 219 21 216 3 12 58 15 66 25 74 2 13 20 20 22 2 2 134 8 125 2 14 77 19 75 2 4 161 20 149 2 9 88 18 87 3 13 47 23 45 30 57 2 15 16 24 13 3 7 190 21 198 23 184 2 13 103 16 120 3 16 227 17 168 24 229 2 18 162 27 154 2 12 61 19 53 4 13 99 18 94 20 90 23 77 2 10 63 25 86 2 13 23 20 23 2 19 138 27 147 2 16 205 26 205 2 21 100 28 93 2 13 90 16 116 3 13 187 16 195 29 181
37 2 1 119 14 140 3 2 85 21 92 23 83 2 1 112 14 129 2 3 106 16 127 3 4 105 10 156 23 155 2 7 196 26 188 3 2 162 5 185 26 162 3 6 139 8 116 23 141 2 2 131 8 134 3 12 155 18 144 22 177 3 4 131 11 137 28 141 2 3 116 16 134 2 9 77 18 85 2 13 199 24 181 2 1 151 14 121 3 5 191 10 219 21 216 3 12 58 15 66 25 74 2 13 20 20 22 2 2 134 8 125 2 14 77 19 75 2 4 161 20 149 2 9 88 18 87 3 13 47 23 45 30 57 2 15 16 24 13 3 7 190 21 198 23 184 2 13 103 16 120 3 16 227 17 168 24 229 2 18 162 27 154 2 12 61 19 53 4 13 99 18 94 20 90 23 77 2 10 63 25 86 2 13 23 20 23 2 19 138 27 147 2 16 205 26 205 2 21 100 28 93 2 13 90 16 116 3 13 187 16 195 29 181
37 2 1 119 14 140 3 2 85 21 92 23 83 2 1 112 14 129 2 3 106 16 127 3 4 105 10 156 23 155 2 7 196 26 188 3 2 162 5 185 26 162 3 6 139 8 116 23 141 2 2 131 8 134 3 12 155 18 144 22 177 3 4 131 11 137 28 141 2 3 116 16 134 2 9 77 18 85 2 13 199 24 181 2 1 151 14 121 3 5 191 10 219 21 216 3 12 58 15 66 25 74 2 13 20 20 22 2 2 134 8 125 2 14 77 19 75 2 4 161 20 149 2 9 88 18 87 3 13 47 23 45 30 57 2 15 16 24 13 3 7 190 21 198 23 184 2 13 103 16 120 3 16 227 17 168 24 229 2 18 162 27 154 2 12 61 19 53 4 13 99 18 94 20 90 23 77 2 10 63 25 86 2 13 23 20 23 2 19 138 27 147 2 16 205 26 205 2 21 100 28 93 2 13 90 16 116 3 13 187 16 195 29 181
37 2 1 119 14 140 3 2 85 21 92 23 83 2 1 112 14 129 2 3 106 16 127 3 4 105 10 156 23 155 2 7 196 26 188 3 2 162 5 185 26 162 3 6 139 8 116 23 141 2 2 131 8 134 3 12 155 18 144 22 177 3 4 131 11 137 28 141 2 3 116 16 134 2 9 77 18 85 2 13 199 24 181 2 1 151 14 121 3 5 191 10 219 21 216 3 12 58 15 66 25 74 2 13 20 20 22 2 2 134 8 125 2 14 77 19 75 2 4 161 20 149 2 9 88 18 87 3 13 47 23 45 30 57 2 15 16 24 13 3 7 190 21 198 23 184 2 13 103 16 120 3 16 227 17 168 24 229 2 18 162 27 154 2 12 61 19 53 4 13 99 18 94 20 90 23 77 2 10 63 25 86 2 13 23 20 23 2 19 138 27 147 2 16 205 26 205 2 21 100 28 93 2 13 90 16 116 3 13 187 16 195 29 181
39 2 12 57 19 61 2 16 193 26 204 3 4 135 10 112 23 157 2 1 110 14 111 3 2 112 21 105 23 113 2 3 133 16 136 3 2 162 5 150 26 139 2 12 52 19 63 3 5 212 10 230 21 212 3 6 145 8 99 23 138 3 2 114 21 91 23 113 2 15 18 24 14 2 9 72 18 94 2 7 199 26 155 3 7 199 21 175 23 195 2 19 124 27 130 2 7 197 26 226 2 2 137 8 167 3 6 146 8 111 23 142 3 4 152 11 140 28 153 2 13 21 20 18 3 7 188 21 167 23 186 3 12 75 15 57 25 63 2 14 78 19 78 3 12 146 18 177 22 177 3 2 113 21 82 23 78 2 13 118 16 111 3 16 176 17 209 24 177 2 12 56 19 64 2 18 207 27 157 2 4 151 20 144 3 13 48 23 62 30 58 2 2 117 8 155 2 10 83 25 81 4 13 101 18 95 20 112 23 81 2 13 138 24 133 2 21 102 28 104 2 9 92 18 75 3 13 195 16 156 29 166
36 2 14 84 19 99 2 1 115 14 156 3 2 84 21 92 23 112 2 3 140 16 135 3 4 141 10 140 23 155 3 16 220 17 166 24 204 2 13 87 16 120 3 2 201 5 140 26 138 2 21 72 28 93 3 6 148 8 115 23 124 3 16 181 17 204 24 203 2 7 201 26 193 2 2 136 8 143 3 4 170 11 145 28 122 2 9 64 18 66 3 2 89 21 94 23 94 3 5 179 10 175 21 233 2 9 82 18 94 3 12 69 15 61 25 57 2 13 21 20 17 3 13 66 23 52 30 52 3 12 178 18 137 22 181 2 15 12 24 15 2 18 195 27 159 2 12 54 19 58 3 13 49 23 46 30 57 2 4 147 20 136 3 12 127 18 177 22 176 3 13 161 16 186 29 201 3 7 205 21 148 23 175 2 3 131 16 109 4 13 95 18 113 20 83 23 95 2 10 83 25 76 2 13 162 24 162 2 16 156 26 183 2 19 167 27 164
36 2 14 84 19 99 2 1 115 14 156 3 2 84 21 92 23 112 2 3 140 16 135 3 4 141 10 140 23 155 3 16 220 17 166 24 204 2 13 87 16 120 3 2 201 5 140 26 138 2 21 72 28 93 3 6 148 8 115 23 124 3 16 181 17 204 24 203 2 7 201 26 193 2 2 136 8 143 3 4 170 11 145 28 122 2 9 64 18 66 3 2 89 21 94 23 94 3 5 179 10 175 21 233 2 9 82 18 94 3 12 69 15 61 25 57 2 13 21 20 17 3 13 66 23 52 30 52 3 12 178 18 137 22 181 2 15 12 24 15 2 18 195 27 159 2 12 54 19 58 3 13 49 23 46 30 57 2 4 147 20 136 3 12 127 18 177 22 176 3 13 161 16 186 29 201 3 7 205 21 148 23 175 2 3 131 16 109 4 13 95 18 113 20 83 23 95 2 10 83 25 76 2 13 162 24 162 2 16 156 26 183 2 19 167 27 164
37 3 13 187 16 211 29 158 2 1 128 14 134 3 2 90 21 96 23 104 2 3 113 16 144 3 4 147 10 107 23 123 3 2 192 5 151 26 140 3 4 142 11 176 28 154 3 2 165 5 167 26 140 3 6 128 8 140 23 108 2 7 153 26 160 2 12 73 19 68 3 2 102 21 92 23 87 2 2 120 8 126 2 13 18 20 22 2 9 74 18 71 3 5 196 10 218 21 207 3 12 54 15 70 25 55 2 14 95 19 83 2 15 13 24 18 2 10 83 25 77 2 13 92 16 97 2 16 193 26 178 3 16 232 17 226 24 223 2 15 16 24 14 2 18 209 27 165 2 7 193 26 182 2 13 194 24 133 3 13 51 23 62 30 64 3 7 188 21 181 23 152 2 4 119 20 113 2 18 218 27 150 3 12 170 18 123 22 135 4 13 112 18 78 20 108 23 96 2 4 144 20 155 2 19 136 27 149 2 18 200 27 145 2 21 94 28 105
35 4 13 106 18 79 20 89 23 114 2 1 151 14 130 4 13 109 18 86 20 81 23 92 3 13 193 16 166 29 181 3 2 91 21 97 23 90 2 3 108 16 118 3 4 154 10 134 23 140 2 3 111 16 132 3 2 164 5 202 26 176 2 21 74 28 78 3 6 142 8 104 23 106 2 7 160 26 154 2 2 136 8 156 2 9 76 18 82 3 5 220 10 191 21 199 2 14 95 19 69 3 4 148 11 163 28 176 3 12 67 15 54 25 72 2 13 19 20 23 2 15 16 24 16 2 13 98 16 105 3 16 182 17 219 24 200 2 18 196 27 163 3 4 161 11 164 28 145 2 19 134 27 125 2 12 56 19 57 2 4 153 20 129 3 7 175 21 152 23 176 2 13 104 16 106 3 12 152 18 139 22 182 2 13 178 24 194 2 10 72 25 87 2 21 95 28 96 2 16 192 26 146 3 13 50 23 61 30 61
35 4 13 106 18 79 20 89 23 114 2 1 151 14 130 4 13 109 18 86 20 81 23 92 3 13 193 16 166 29 181 3 2 91 21 97 23 90 2 3 108 16 118 3 4 154 10 134 23 140 2 3 111 16 132 3 2 164 5 202 26 176 2 21 74 28 78 3 6 142 8 104 23 106 2 7 160 26 154 2 2 136 8 156 2 9 76 18 82 3 5 220 10 191 21 199 2 14 95 19 69 3 4 148 11 163 28 176 3 12 67 15 54 25 72 2 13 19 20 23 2 15 16 24 16 2 13 98 16 105 3 16 182 17 219 24 200 2 18 196 27 163 3 4 161 11 164 28 145 2 19 134 27 125 2 12 56 19 57 2 4 153 20 129 3 7 175 21 152 23 176 2 13 104 16 106 3 12 152 18 139 22 182 2 13 178 24 194 2 10 72 25 87 2 21 95 28 96 2 16 192 26 146 3 13 50 23 61 30 61
35 4 13 106 18 79 20 89 23 114 2 1 151 14 130 4 13 109 18 86 20 81 23 92 3 13 193 16 166 29 181 3 2 91 21 97 23 90 2 3 108 16 118 3 4 154 10 134 23 140 2 3 111 16 132 3 2 164 5 202 26 176 2 21 74 28 78 3 6 142 8 104 23 106 2 7 160 26 154 2 2 136 8 156 2 9 76 18 82 3 5 220 10 191 21 199 2 14 95 19 69 3 4 148 11 163 28 176 3 12 67 15 54 25 72 2 13 19 20 23 2 15 16 24 16 2 13 98 16 105 3 16 182 17 219 24 200 2 18 196 27 163 3 4 161 11 164 28 145 2 19 134 27 125 2 12 56 19 57 2 4 153 20 129 3 7 175 21 152 23 176 2 13 104 16 106 3 12 152 18 139 22 182 2 13 178 24 194 2 10 72 25 87 2 21 95 28 96 2 16 192 26 146 3 13 50 23 61 30 61
35 2 1 146 14 140 2 18 202 27 207 3 2 108 21 90 23 93 2 1 124 14 146 2 13 23 20 17 2 3 127 16 120 3 4 151 10 148 23 133 3 2 174 5 140 26 190 3 12 144 18 132 22 151 3 6 136 8 108 23 139 2 2 136 8 127 2 13 17 20 23 3 12 78 15 54 25 69 2 16 166 26 158 2 3 108 16 101 2 14 91 19 75 3 4 154 10 152 23 130 3 16 191 17 219 24 207 2 7 200 26 212 2 10 64 25 73 2 13 105 16 109 2 9 73 18 64 3 5 219 10 163 21 159 3 4 172 11 150 28 178 2 15 16 24 14 2 12 66 19 70 2 19 166 27 142 2 21 76 28 81 3 13 203 16 204 29 207 4 13 95 18 85 20 88 23 78 2 4 131 20 122 3 5 196 10 164 21 175 3 13 65 23 62 30 65 3 7 205 21 209 23 169 2 13 179 24 173
35 2 1 146 14 140 2 18 202 27 207 3 2 108 21 90 23 93 2 1 124 14 146 2 13 23 20 17 2 3 127 16 120 3 4 151 10 148 23 133 3 2 174 5 140 26 190 3 12 144 18 132 22 151 3 6 136 8 108 23 139 2 2 136 8 127 2 13 17 20 23 3 12 78 15 54 25 69 2 16 166 26 158 2 3 108 16 101 2 14 91 19 75 3 4 154 10 152 23 130 3 16 191 17 219 24 207 2 7 200 26 212 2 10 64 25 73 2 13 105 16 109 2 9 73 18 64 3 5 219 10 163 21 159 3 4 172 11 150 28 178 2 15 16 24 14 2 12 66 19 70 2 19 166 27 142 2 21 76 28 81 3 13 203 16 204 29 207 4 13 95 18 85 20 88 23 78 2 4 131 20 122 3 5 196 10 164 21 175 3 13 65 23 62 30 65 3 7 205 21 209 23 169 2 13 179 24 173
35 2 1 121 14 109 2 18 193 27 173 3 2 112 21 113 23 78 2 1 143 14 132 2 13 20 20 19 2 3 133 16 99 3 4 124 10 140 23 153 3 2 139 5 159 26 200 3 12 140 18 147 22 181 3 6 139 8 143 23 112 2 2 121 8 158 2 13 17 20 16 3 12 58 15 75 25 57 2 16 161 26 152 2 3 138 16 122 2 14 68 19 88 3 4 110 10 145 23 112 3 16 216 17 181 24 236 2 7 211 26 172 2 10 90 25 81 2 13 90 16 117 2 9 80 18 89 3 5 208 10 190 21 201 3 4 176 11 123 28 149 2 15 13 24 12 2 12 65 19 69 2 19 147 27 119 2 21 103 28 100 3 13 173 16 171 29 151 4 13 97 18 109 20 81 23 88 2 4 114 20 163 3 5 183 10 198 21 230 3 13 60 23 61 30 62 3 7 171 21 199 23 212 2 13 161 24 187
35 2 1 121 14 109 2 18 193 27 173 3 2 112 21 113 23 78 2 1 143 14 132 2 13 20 20 19 2 3 133 16 99 3 4 124 10 140 23 153 3 2 139 5 159 26 200 3 12 140 18 147 22 181 3 6 139 8 143 23 112 2 2 121 8 158 2 13 17 20 16 3 12 58 15 75 25 57 2 16 161 26 152 2 3 138 16 122 2 14 68 19 88 3 4 110 10 145 23 112 3 16 216 17 181 24 236 2 7 211 26 172 2 10 90 25 81 2 13 90 16 117 2 9 80 18 89 3 5 208 10 190 21 201 3 4 176 11 123 28 149 2 15 13 24 12 2 12 65 19 69 2 19 147 27 119 2 21 103 28 100 3 13 173 16 171 29 151 4 13 97 18 109 20 81 23 88 2 4 114 20 163 3 5 183 10 198 21 230 3 13 60 23 61 30 62 3 7 171 21 199 23 212 2 13 161 24 187
35 2 1 153 14 158 3 2 97 21 98 23 90 2 3 127 16 103 3 2 115 21 87 23 102 3 4 131 10 139 23 150 3 2 169 5 179 26 196 2 1 158 14 108 3 6 121 8 112 23 130 2 18 186 27 209 2 7 225 26 192 2 2 131 8 130 2 9 90 18 71 3 4 149 11 150 28 164 3 5 200 10 223 21 161 3 12 73 15 72 25 61 2 13 17 20 22 2 14 79 19 84 2 15 14 24 14 2 13 120 16 96 2 10 92 25 78 3 12 134 18 165 22 166 2 4 154 20 162 3 2 94 21 85 23 109 3 16 160 17 218 24 180 2 12 62 19 69 3 12 66 15 78 25 67 2 13 144 24 182 3 7 176 21 206 23 147 4 13 98 18 110 20 79 23 82 2 16 202 26 193 2 21 76 28 105 2 9 82 18 91 2 19 171 27 137 3 13 211 16 178 29 193 3 13 65 23 65 30 46
35 2 1 139 14 130 3 2 83 21 99 23 89 2 3 117 16 125 3 2 101 21 115 23 102 3 4 122 10 147 23 131 3 2 191 5 160 26 158 2 1 133 14 125 3 6 141 8 131 23 139 2 18 204 27 154 2 7 176 26 175 2 2 128 8 148 2 9 72 18 72 3 4 170 11 172 28 142 3 5 201 10 179 21 193 3 12 75 15 67 25 74 2 13 20 20 20 2 14 100 19 88 2 15 17 24 15 2 13 109 16 103 2 10 67 25 86 3 12 183 18 170 22 165 2 4 147 20 145 3 2 102 21 91 23 104 3 16 217 17 211 24 235 2 12 60 19 68 3 12 71 15 60 25 61 2 13 188 24 198 3 7 146 21 148 23 157 4 13 82 18 82 20 103 23 81 2 16 159 26 200 2 21 96 28 95 2 9 93 18 72 2 19 176 27 176 3 13 197 16 197 29 153 3 13 59 23 50 30 63
37 2 1 110 14 148 3 2 115 21 106 23 109 2 1 156 14 159 2 3 132 16 133 3 4 130 10 156 23 123 2 7 159 26 195 3 2 191 5 203 26 145 3 6 111 8 129 23 112 2 2 140 8 152 3 12 140 18 140 22 149 3 4 177 11 132 28 133 2 3 136 16 117 2 9 93 18 89 2 13 197 24 186 2 1 143 14 125 3 5 230 10 227 21 181 3 12 74 15 67 25 71 2 13 19 20 16 2 2 133 8 134 2 14 92 19 100 2 4 130 20 152 2 9 77 18 68 3 13 50 23 58 30 50 2 15 14 24 13 3 7 209 21 157 23 207 2 13 99 16 123 3 16 205 17 234 24 200 2 18 151 27 151 2 12 66 19 50 4 13 89 18 85 20 81 23 84 2 10 73 25 65 2 13 17 20 17 2 19 146 27 158 2 16 182 26 176 2 21 74 28 74 2 13 88 16 82 3 13 147 16 178 29 168
37 2 1 123 14 131 2 13 106 16 98 3 7 145 21 174 23 155 2 13 104 16 117 3 12 166 18 129 22 147 3 2 106 21 116 23 93 3 16 172 17 212 24 186 3 13 180 16 187 29 210 3 4 109 10 137 23 138 2 3 137 16 122 3 12 179 18 143 22 157 2 18 196 27 215 3 2 195 5 195 26 177 2 10 82 25 76 3 7 156 21 207 23 206 2 13 195 24 166 3 6 105 8 112 23 138 2 7 190 26 212 3 4 135 10 107 23 156 2 2 149 8 161 2 9 72 18 73 3 2 110 21 103 23 89 2 21 105 28 87 3 13 187 16 204 29 156 3 12 78 15 73 25 53 2 19 152 27 123 3 5 181 10 222 21 176 2 13 149 24 146 3 4 168 11 153 28 146 3 13 53 23 56 30 68 2 13 21 20 17 2 14 78 19 70 2 15 14 24 17 2 12 56 19 54 2 16 148 26 155 2 4 164 20 166 4 13 89 18 107 20 111 23 94
39 2 1 114 14 140 3 2 89 21 97 23 79 3 4 144 11 123 28 158 2 3 101 16 102 3 4 157 10 129 23 127 3 2 193 5 202 26 184 3 6 129 8 147 23 142 2 7 179 26 159 2 2 153 8 120 2 13 88 16 122 3 2 100 21 108 23 94 2 9 87 18 84 3 5 168 10 227 21 217 3 12 68 15 79 25 74 3 5 221 10 204 21 210 2 13 20 20 19 3 13 156 16 184 29 193 3 4 158 10 138 23 143 2 14 70 19 99 2 12 57 19 72 3 5 160 10 157 21 211 2 15 13 24 15 3 5 219 10 173 21 229 3 16 210 17 190 24 183 2 18 197 27 162 2 13 93 16 112 2 4 136 20 126 3 7 177 21 156 23 159 3 13 178 16 205 29 153 2 16 180 26 199 3 12 143 18 151 22 150 4 13 89 18 104 20 96 23 85 3 6 103 8 116 23 104 2 10 84 25 63 2 13 155 24 144 2 19 155 27 154 2 21 91 28 95 2 2 124 8 153 3 13 62 23 65 30 64
34 2 13 102 16 108 2 1 135 14 134 2 12 57 19 72 2 1 149 14 133 3 2 83 21 90 23 89 2 13 87 16 121 2 3 97 16 135 3 4 119 10 140 23 147 3 2 196 5 174 26 188 2 18 208 27 154 3 6 108 8 99 23 102 2 7 176 26 168 2 2 138 8 127 2 9 66 18 87 2 3 111 16 128 3 5 194 10 162 21 175 3 7 163 21 193 23 151 2 2 166 8 169 3 4 167 11 144 28 136 4 13 114 18 79 20 114 23 108 3 12 71 15 70 25 77 3 16 161 17 175 24 197 2 13 17 20 18 3 13 54 23 48 30 67 2 14 98 19 69 2 13 133 24 151 2 15 18 24 15 2 4 126 20 164 3 12 123 18 130 22 181 2 10 90 25 92 2 16 160 26 179 2 19 175 27 171 3 13 165 16 192 29 206 2 21 107 28 81
36 2 14 78 19 88 2 1 142 14 157 3 2 92 21 92 23 102 2 3 102 16 113 3 4 152 10 117 23 115 3 16 193 17 160 24 187 2 13 83 16 85 3 2 200 5 192 26 169 2 21 93 28 84 3 6 130 8 115 23 144 3 16 222 17 166 24 204 2 7 219 26 215 2 2 139 8 150 3 4 174 11 137 28 141 2 9 79 18 66 3 2 110 21 111 23 110 3 5 200 10 211 21 193 2 9 69 18 74 3 12 54 15 64 25 53 2 13 16 20 17 3 13 65 23 63 30 50 3 12 165 18 124 22 137 2 15 17 24 13 2 18 146 27 155 2 12 65 19 67 3 13 62 23 47 30 53 2 4 125 20 141 3 12 150 18 171 22 132 3 13 174 16 169 29 199 3 7 156 21 158 23 167 2 3 132 16 107 4 13 105 18 98 20 107 23 108 2 10 72 25 83 2 13 139 24 137 2 16 150 26 156 2 19 129 27 159
33 2 1 115 14 161 2 12 65 19 60 2 13 104 16 92 3 2 116 21 113 23 101 2 3 122 16 99 3 2 116 21 106 23 90 4 13 78 18 78 20 107 23 83 2 13 194 24 147 3 4 126 10 138 23 153 2 9 67 18 68 2 14 69 19 76 2 21 76 28 80 3 2 177 5 197 26 172 3 16 175 17 183 24 204 3 6 112 8 118 23 140 2 16 168 26 150 3 4 113 10 119 23 130 2 7 193 26 220 2 2 169 8 151 3 5 223 10 168 21 214 3 12 74 15 70 25 63 3 4 171 11 136 28 176 3 2 192 5 196 26 175 2 13 21 20 19 3 13 46 23 65 30 66 2 15 15 24 15 2 18 161 27 186 2 4 136 20 127 3 7 191 21 155 23 149 3 12 137 18 131 22 171 2 10 67 25 68 2 19 175 27 175 3 13 198 16 208 29 151
37 2 1 143 14 133 3 2 93 21 114 23 85 2 3 115 16 136 2 1 161 14 150 3 4 132 10 146 23 124 2 1 153 14 122 2 19 134 27 153 3 2 185 5 140 26 194 3 4 176 11 145 28 144 3 4 136 10 116 23 139 3 6 130 8 133 23 143 2 7 205 26 188 2 2 156 8 153 2 13 118 16 117 2 19 120 27 122 2 14 90 19 72 2 9 80 18 70 2 21 74 28 77 3 5 158 10 199 21 228 3 12 68 15 55 25 74 2 1 152 14 126 2 13 22 20 21 2 2 136 8 126 2 15 13 24 16 2 16 167 26 180 3 16 180 17 199 24 213 2 4 139 20 144 3 7 156 21 163 23 180 2 18 145 27 193 3 13 58 23 60 30 68 2 9 67 18 63 4 13 113 18 107 20 113 23 92 2 12 59 19 70 3 13 169 16 166 29 163 3 12 169 18 141 22 157 2 13 136 24 167 2 10 62 25 81
34 2 1 111 14 155 3 2 91 21 93 23 104 2 3 97 16 121 3 4 142 10 122 23 121 3 5 224 10 227 21 206 2 1 151 14 126 3 2 142 5 195 26 175 3 6 119 8 122 23 145 2 7 226 26 216 2 2 143 8 118 2 9 89 18 69 3 4 165 11 145 28 134 3 12 67 15 77 25 56 2 13 17 20 20 3 12 68 15 55 25 68 2 14 79 19 73 4 13 102 18 82 20 94 23 87 2 18 150 27 209 3 4 112 10 141 23 113 2 15 18 24 17 2 13 90 16 95 3 13 58 23 45 30 61 2 1 127 14 114 3 16 205 17 236 24 175 2 12 51 19 61 3 13 166 16 176 29 159 2 4 154 20 150 3 7 212 21 152 23 144 3 12 156 18 157 22 142 2 13 159 24 170 2 10 84 25 72 2 19 120 27 119 2 16 179 26 157 2 21 86 28 90
35 2 1 135 14 142 3 2 105 21 108 23 79 2 3 116 16 97 3 4 111 10 107 23 124 3 2 159 5 196 26 201 2 1 159 14 135 3 16 192 17 204 24 208 3 6 133 8 133 23 138 3 2 189 5 153 26 156 2 7 192 26 209 2 2 147 8 150 2 10 76 25 89 2 21 73 28 76 2 15 19 24 13 2 9 76 18 84 3 5 160 10 167 21 212 3 4 160 11 159 28 123 3 7 203 21 180 23 162 3 12 53 15 71 25 73 2 13 20 20 20 2 9 86 18 94 2 14 95 19 80 2 13 86 16 91 2 19 131 27 155 2 18 210 27 209 2 4 162 20 122 2 15 12 24 16 2 12 73 19 51 2 1 153 14 148 3 12 173 18 123 22 172 4 13 106 18 103 20 88 23 91 2 13 175 24 172 3 13 215 16 200 29 181 2 16 160 26 190 3 13 57 23 63 30 62
36 2 14 83 19 77 2 1 132 14 120 3 2 79 21 108 23 88 2 3 97 16 112 3 4 158 10 115 23 112 3 16 180 17 236 24 184 2 13 105 16 119 3 2 196 5 153 26 180 2 21 82 28 96 3 6 144 8 120 23 147 3 16 173 17 224 24 183 2 7 168 26 168 2 2 121 8 160 3 4 145 11 135 28 122 2 9 86 18 82 3 2 99 21 101 23 80 3 5 208 10 194 21 216 2 9 75 18 93 3 12 72 15 75 25 56 2 13 17 20 17 3 13 67 23 57 30 47 3 12 161 18 166 22 125 2 15 17 24 14 2 18 202 27 182 2 12 61 19 68 3 13 65 23 53 30 58 2 4 125 20 119 3 12 168 18 175 22 134 3 13 188 16 193 29 182 3 7 148 21 199 23 201 2 3 110 16 124 4 13 96 18 86 20 102 23 90 2 10 67 25 76 2 13 163 24 158 2 16 179 26 166 2 19 156 27 141
33 3 7 143 21 170 23 175 2 1 136 14 131 3 12 147 18 155 22 173 3 2 106 21 110 23 91 2 3 99 16 139 3 7 189 21 159 23 209 3 4 155 10 156 23 108 3 2 200 5 174 26 179 2 2 128 8 160 2 9 87 18 89 3 16 228 17 175 24 169 3 6 115 8 129 23 118 3 5 209 10 207 21 188 2 7 167 26 184 3 13 160 16 150 29 181 3 4 131 11 132 28 165 3 12 69 15 59 25 54 2 13 21 20 23 2 14 82 19 80 2 21 85 28 100 2 15 13 24 16 2 13 123 16 102 2 10 78 25 71 2 18 209 27 207 2 4 130 20 137 2 19 175 27 166 3 7 195 21 147 23 144 2 12 59 19 64 4 13 104 18 103 20 90 23 107 2 13 160 24 170 3 6 121 8 120 23 101 2 16 153 26 158 3 13 64 23 58 30 66
33 3 7 143 21 170 23 175 2 1 136 14 131 3 12 147 18 155 22 173 3 2 106 21 110 23 91 2 3 99 16 139 3 7 189 21 159 23 209 3 4 155 10 156 23 108 3 2 200 5 174 26 179 2 2 128 8 160 2 9 87 18 89 3 16 228 17 175 24 169 3 6 115 8 129 23 118 3 5 209 10 207 21 188 2 7 167 26 184 3 13 160 16 150 29 181 3 4 131 11 132 28 165 3 12 69 15 59 25 54 2 13 21 20 23 2 14 82 19 80 2 21 85 28 100 2 15 13 24 16 2 13 123 16 102 2 10 78 25 71 2 18 209 27 207 2 4 130 20 137 2 19 175 27 166 3 7 195 21 147 23 144 2 12 59 19 64 4 13 104 18 103 20 90 23 107 2 13 160 24 170 3 6 121 8 120 23 101 2 16 153 26 158 3 13 64 23 58 30 66
33 3 7 167 21 199 23 194 2 1 159 14 128 3 12 157 18 139 22 160 3 2 84 21 109 23 85 2 3 121 16 129 3 7 196 21 194 23 147 3 4 116 10 151 23 145 3 2 193 5 153 26 190 2 2 122 8 152 2 9 73 18 88 3 16 218 17 208 24 191 3 6 140 8 137 23 120 3 5 177 10 229 21 232 2 7 224 26 199 3 13 153 16 205 29 203 3 4 170 11 146 28 169 3 12 64 15 72 25 54 2 13 23 20 22 2 14 93 19 102 2 21 77 28 98 2 15 17 24 17 2 13 100 16 107 2 10 80 25 73 2 18 156 27 192 2 4 156 20 132 2 19 152 27 137 3 7 183 21 166 23 202 2 12 56 19 56 4 13 107 18 109 20 85 23 108 2 13 187 24 137 3 6 113 8 99 23 111 2 16 159 26 191 3 13 58 23 68 30 66
33 3 7 167 21 199 23 194 2 1 159 14 128 3 12 157 18 139 22 160 3 2 84 21 109 23 85 2 3 121 16 129 3 7 196 21 194 23 147 3 4 116 10 151 23 145 3 2 193 5 153 26 190 2 2 122 8 152 2 9 73 18 88 3 16 218 17 208 24 191 3 6 140 8 137 23 120 3 5 177 10 229 21 232 2 7 224 26 199 3 13 153 16 205 29 203 3 4 170 11 146 28 169 3 12 64 15 72 25 54 2 13 23 20 22 2 14 93 19 102 2 21 77 28 98 2 15 17 24 17 2 13 100 16 107 2 10 80 25 73 2 18 156 27 192 2 4 156 20 132 2 19 152 27 137 3 7 183 21 166 23 202 2 12 56 19 56 4 13 107 18 109 20 85 23 108 2 13 187 24 137 3 6 113 8 99 23 111 2 16 159 26 191 3 13 58 23 68 30 66
39 2 12 64 19 59 2 16 165 26 159 3 4 147 10 155 23 125 2 1 135 14 159 3 2 79 21 117 23 104 2 3 105 16 100 3 2 154 5 151 26 191 2 12 58 19 67 3 5 220 10 224 21 157 3 6 135 8 142 23 127 3 2 82 21 104 23 111 2 15 14 24 13 2 9 66 18 66 2 7 197 26 216 3 7 209 21 167 23 171 2 19 125 27 125 2 7 224 26 216 2 2 164 8 140 3 6 142 8 124 23 144 3 4 140 11 132 28 165 2 13 18 20 22 3 7 205 21 152 23 195 3 12 63 15 70 25 65 2 14 93 19 83 3 12 144 18 132 22 154 3 2 86 21 104 23 110 2 13 107 16 120 3 16 220 17 214 24 159 2 12 71 19 64 2 18 146 27 168 2 4 155 20 126 3 13 49 23 49 30 50 2 2 167 8 147 2 10 66 25 67 4 13 95 18 81 20 102 23 103 2 13 160 24 135 2 21 79 28 89 2 9 82 18 63 3 13 177 16 153 29 207
36 2 14 80 19 92 2 1 108 14 108 3 2 93 21 111 23 81 2 3 127 16 139 3 4 120 10 146 23 116 3 16 203 17 233 24 175 2 13 95 16 105 3 2 171 5 202 26 166 2 21 81 28 107 3 6 108 8 106 23 101 3 16 184 17 199 24 164 2 7 221 26 211 2 2 156 8 126 3 4 119 11 123 28 140 2 9 82 18 88 3 2 97 21 104 23 105 3 5 196 10 176 21 209 2 9 79 18 92 3 12 69 15 55 25 59 2 13 22 20 19 3 13 59 23 60 30 60 3 12 167 18 122 22 131 2 15 14 24 16 2 18 158 27 154 2 12 50 19 68 3 13 57 23 53 30 50 2 4 116 20 165 3 12 130 18 167 22 162 3 13 179 16 151 29 145 3 7 159 21 195 23 147 2 3 117 16 101 4 13 79 18 90 20 93 23 112 2 10 91 25 79 2 13 159 24 176 2 16 160 26 190 2 19 142 27 131
DUE_DATES: 7562 7562 6951 6951 6951 6951 6464 7459 6896 6896 7064 7064 6805 6805 6646 6646 6646 7113 7113 7113 7113 7589 7034 7034 7355 6745 6745 6745 6902 6902 6859 6859 6842 6785 7078 7575 8007 6631 6828 6534 7275 6518 6852 6932 6644 6644 6803 6803 7514 6819
WEIGHTS: 2 3 2 1 2 2 3 2 3 1 3 2 2 2 1 2 3 2 1 1 2 1 3 1 2 3 3 1 3 1 1 3 3 3 1 3 1 3 1 2 3 2 1 1 3 1 1 3 2 1
