50 30
36 3 1 109 10 115 19 93 3 2 149 15 203 28 180 3 1 116 10 138 19 112 1 3 232 3 4 53 15 69 22 61 3 5 161 23 135 27 140 3 4 70 15 51 22 60 2 6 47 19 34 2 23 138 24 137 2 16 87 27 103 2 2 202 7 165 2 8 67 27 73 3 11 226 15 172 21 210 3 5 121 9 128 21 119 2 10 170 12 143 3 11 50 12 39 27 43 2 9 159 12 117 3 11 226 15 207 21 215 2 13 36 19 34 3 14 106 22 123 23 117 2 9 120 17 95 2 16 1 26 1 3 3 138 16 141 18 125 4 12 20 13 26 18 27 21 26 2 2 50 29 62 3 11 78 15 86 19 98 4 12 24 13 24 18 24 21 23 2 7 37 20 40 2 13 119 22 165 3 3 20 10 23 24 22 3 2 138 15 140 28 191 3 6 51 9 65 28 65 4 2 178 7 145 25 183 29 157 3 4 59 15 54 22 47 1 26 134 3 6 199 25 148 30 139
36 3 1 109 10 115 19 93 3 2 149 15 203 28 180 3 1 116 10 138 19 112 1 3 232 3 4 53 15 69 22 61 3 5 161 23 135 27 140 3 4 70 15 51 22 60 2 6 47 19 34 2 23 138 24 137 2 16 87 27 103 2 2 202 7 165 2 8 67 27 73 3 11 226 15 172 21 210 3 5 121 9 128 21 119 2 10 170 12 143 3 11 50 12 39 27 43 2 9 159 12 117 3 11 226 15 207 21 215 2 13 36 19 34 3 14 106 22 123 23 117 2 9 120 17 95 2 16 1 26 1 3 3 138 16 141 18 125 4 12 20 13 26 18 27 21 26 2 2 50 29 62 3 11 78 15 86 19 98 4 12 24 13 24 18 24 21 23 2 7 37 20 40 2 13 119 22 165 3 3 20 10 23 24 22 3 2 138 15 140 28 191 3 6 51 9 65 28 65 4 2 178 7 145 25 183 29 157 3 4 59 15 54 22 47 1 26 134 3 6 199 25 148 30 139
40 3 1 116 10 131 19 135 3 2 185 15 146 28 144 3 1 102 10 123 19 109 2 10 179 12 138 2 7 45 20 45 1 3 184 2 7 44 20 43 3 4 69 15 56 22 66 2 7 34 20 40 3 5 117 23 167 27 115 3 4 67 15 55 22 55 3 11 167 15 184 21 178 2 9 138 17 128 2 6 42 19 33 2 2 199 7 150 3 6 150 25 190 30 197 3 4 48 15 63 22 64 2 8 88 27 91 3 5 143 23 118 27 160 3 5 134 9 146 21 106 2 6 40 19 37 3 6 63 9 71 28 58 3 5 125 23 163 27 115 3 11 47 12 58 27 48 3 5 102 9 104 21 137 2 16 85 27 73 1 26 120 2 9 131 12 136 2 13 47 19 35 3 14 122 22 98 23 105 2 16 1 26 1 2 23 108 24 113 3 3 137 16 149 18 156 3 11 79 15 86 19 70 1 26 117 4 12 28 13 23 18 22 21 25 4 2 124 7 153 25 161 29 183 2 13 158 22 164 3 3 17 10 20 24 23 2 2 54 29 62
40 3 1 128 10 93 19 97 2 16 1 26 1 3 6 175 25 175 30 195 1 26 122 2 23 108 24 94 2 16 1 26 1 3 2 150 15 173 28 152 3 6 137 25 189 30 161 2 13 46 19 44 3 2 190 15 144 28 173 1 3 165 2 7 45 20 47 3 1 102 10 109 19 136 3 4 47 15 54 22 63 3 5 119 23 129 27 170 3 2 189 15 155 28 205 2 16 89 27 78 2 6 33 19 39 2 2 152 7 172 2 8 79 27 73 3 5 101 9 130 21 101 2 10 178 12 149 3 11 54 12 57 27 48 2 9 132 12 121 1 26 133 3 14 135 22 107 23 100 3 6 137 25 175 30 139 3 11 231 15 166 21 166 3 3 21 10 20 24 18 2 9 137 17 106 2 13 147 22 151 2 6 40 19 43 4 2 159 7 166 25 180 29 173 3 6 51 9 56 28 74 2 23 104 24 119 3 3 149 16 115 18 105 1 3 239 3 11 91 15 80 19 75 4 12 23 13 24 18 28 21 21 2 2 51 29 59
40 3 1 128 10 93 19 97 2 16 1 26 1 3 6 175 25 175 30 195 1 26 122 2 23 108 24 94 2 16 1 26 1 3 2 150 15 173 28 152 3 6 137 25 189 30 161 2 13 46 19 44 3 2 190 15 144 28 173 1 3 165 2 7 45 20 47 3 1 102 10 109 19 136 3 4 47 15 54 22 63 3 5 119 23 129 27 170 3 2 189 15 155 28 205 2 16 89 27 78 2 6 33 19 39 2 2 152 7 172 2 8 79 27 73 3 5 101 9 130 21 101 2 10 178 12 149 3 11 54 12 57 27 48 2 9 132 12 121 1 26 133 3 14 135 22 107 23 100 3 6 137 25 175 30 139 3 11 231 15 166 21 166 3 3 21 10 20 24 18 2 9 137 17 106 2 13 147 22 151 2 6 40 19 43 4 2 159 7 166 25 180 29 173 3 6 51 9 56 28 74 2 23 104 24 119 3 3 149 16 115 18 105 1 3 239 3 11 91 15 80 19 75 4 12 23 13 24 18 28 21 21 2 2 51 29 59
34 3 1 124 10 116 19 108 3 2 172 15 197 28 165 1 3 226 3 1 104 10 127 19 104 2 10 148 12 129 3 4 57 15 58 22 59 3 5 157 23 124 27 141 3 11 175 15 211 21 155 3 2 186 15 171 28 179 2 6 34 19 36 3 14 114 22 121 23 125 2 2 158 7 187 3 6 142 25 143 30 191 2 8 78 27 83 3 5 123 9 122 21 136 3 11 50 12 48 27 50 2 9 156 12 153 3 1 132 10 106 19 114 4 12 22 13 25 18 23 21 24 4 2 173 7 178 25 184 29 139 2 23 122 24 105 2 13 43 19 37 2 7 38 20 45 2 16 1 26 1 2 9 108 17 107 3 14 122 22 120 23 101 3 3 18 10 19 24 17 3 3 118 16 117 18 129 2 13 117 22 155 2 16 82 27 88 3 11 101 15 91 19 84 1 26 122 3 6 57 9 55 28 69 2 2 60 29 48
34 3 1 121 10 104 19 118 3 2 201 15 163 28 158 2 7 34 20 32 3 4 53 15 52 22 64 3 1 137 10 135 19 107 1 3 219 3 5 159 23 137 27 150 2 6 38 19 42 2 2 172 7 192 2 13 131 22 129 2 8 95 27 74 3 5 137 9 102 21 103 2 10 159 12 186 3 11 40 12 50 27 49 3 2 162 15 152 28 146 2 9 141 12 130 2 13 51 19 47 3 14 101 22 122 23 108 2 6 33 19 33 3 11 162 15 178 21 188 2 16 1 26 1 2 9 135 17 112 3 3 152 16 142 18 113 3 11 81 15 98 19 77 4 12 24 13 24 18 23 21 26 3 6 63 9 64 28 71 2 23 98 24 95 2 13 120 22 128 1 26 125 3 3 21 10 23 24 19 2 16 74 27 79 3 6 146 25 168 30 155 4 2 172 7 143 25 162 29 182 2 2 63 29 63
34 3 1 121 10 104 19 118 3 2 201 15 163 28 158 2 7 34 20 32 3 4 53 15 52 22 64 3 1 137 10 135 19 107 1 3 219 3 5 159 23 137 27 150 2 6 38 19 42 2 2 172 7 192 2 13 131 22 129 2 8 95 27 74 3 5 137 9 102 21 103 2 10 159 12 186 3 11 40 12 50 27 49 3 2 162 15 152 28 146 2 9 141 12 130 2 13 51 19 47 3 14 101 22 122 23 108 2 6 33 19 33 3 11 162 15 178 21 188 2 16 1 26 1 2 9 135 17 112 3 3 152 16 142 18 113 3 11 81 15 98 19 77 4 12 24 13 24 18 23 21 26 3 6 63 9 64 28 71 2 23 98 24 95 2 13 120 22 128 1 26 125 3 3 21 10 23 24 19 2 16 74 27 79 3 6 146 25 168 30 155 4 2 172 7 143 25 162 29 182 2 2 63 29 63
34 3 1 121 10 104 19 118 3 2 201 15 163 28 158 2 7 34 20 32 3 4 53 15 52 22 64 3 1 137 10 135 19 107 1 3 219 3 5 159 23 137 27 150 2 6 38 19 42 2 2 172 7 192 2 13 131 22 129 2 8 95 27 74 3 5 137 9 102 21 103 2 10 159 12 186 3 11 40 12 50 27 49 3 2 162 15 152 28 146 2 9 141 12 130 2 13 51 19 47 3 14 101 22 122 23 108 2 6 33 19 33 3 11 162 15 178 21 188 2 16 1 26 1 2 9 135 17 112 3 3 152 16 142 18 113 3 11 81 15 98 19 77 4 12 24 13 24 18 23 21 26 3 6 63 9 64 28 71 2 23 98 24 95 2 13 120 22 128 1 26 125 3 3 21 10 23 24 19 2 16 74 27 79 3 6 146 25 168 30 155 4 2 172 7 143 25 162 29 182 2 2 63 29 63
34 3 1 121 10 104 19 118 3 2 201 15 163 28 158 2 7 34 20 32 3 4 53 15 52 22 64 3 1 137 10 135 19 107 1 3 219 3 5 159 23 137 27 150 2 6 38 19 42 2 2 172 7 192 2 13 131 22 129 2 8 95 27 74 3 5 137 9 102 21 103 2 10 159 12 186 3 11 40 12 50 27 49 3 2 162 15 152 28 146 2 9 141 12 130 2 13 51 19 47 3 14 101 22 122 23 108 2 6 33 19 33 3 11 162 15 178 21 188 2 16 1 26 1 2 9 135 17 112 3 3 152 16 142 18 113 3 11 81 15 98 19 77 4 12 24 13 24 18 23 21 26 3 6 63 9 64 28 71 2 23 98 24 95 2 13 120 22 128 1 26 125 3 3 21 10 23 24 19 2 16 74 27 79 3 6 146 25 168 30 155 4 2 172 7 143 25 162 29 182 2 2 63 29 63
38 2 9 139 17 115 3 1 100 10 122 19 94 2 9 105 17 130 3 2 182 15 191 28 203 1 3 210 3 1 123 10 103 19 117 3 4 56 15 64 22 57 3 6 159 25 165 30 140 3 1 97 10 99 19 116 3 5 119 23 152 27 168 3 11 187 15 179 21 223 1 3 228 2 6 34 19 38 2 2 196 7 153 2 8 90 27 68 3 5 118 9 131 21 133 2 10 162 12 182 3 11 42 12 43 27 39 2 8 90 27 92 2 16 100 27 106 3 6 171 25 170 30 176 2 9 138 12 143 3 5 112 9 121 21 140 2 23 112 24 114 2 13 42 19 48 3 14 131 22 106 23 110 2 16 1 26 1 2 13 37 19 35 3 3 107 16 112 18 131 3 11 83 15 93 19 80 1 26 108 2 7 33 20 47 4 12 27 13 24 18 26 21 20 2 13 162 22 139 3 3 22 10 16 24 17 3 6 58 9 51 28 70 4 2 132 7 147 25 162 29 151 2 2 53 29 60
38 2 9 139 17 115 3 1 100 10 122 19 94 2 9 105 17 130 3 2 182 15 191 28 203 1 3 210 3 1 123 10 103 19 117 3 4 56 15 64 22 57 3 6 159 25 165 30 140 3 1 97 10 99 19 116 3 5 119 23 152 27 168 3 11 187 15 179 21 223 1 3 228 2 6 34 19 38 2 2 196 7 153 2 8 90 27 68 3 5 118 9 131 21 133 2 10 162 12 182 3 11 42 12 43 27 39 2 8 90 27 92 2 16 100 27 106 3 6 171 25 170 30 176 2 9 138 12 143 3 5 112 9 121 21 140 2 23 112 24 114 2 13 42 19 48 3 14 131 22 106 23 110 2 16 1 26 1 2 13 37 19 35 3 3 107 16 112 18 131 3 11 83 15 93 19 80 1 26 108 2 7 33 20 47 4 12 27 13 24 18 26 21 20 2 13 162 22 139 3 3 22 10 16 24 17 3 6 58 9 51 28 70 4 2 132 7 147 25 162 29 151 2 2 53 29 60
36 3 11 157 15 204 21 194 3 1 106 10 119 19 113 3 2 180 15 166 28 190 1 3 210 3 1 102 10 119 19 131 3 4 50 15 66 22 67 3 5 167 23 118 27 121 3 11 164 15 157 21 215 3 11 50 12 54 27 55 2 10 185 12 155 2 13 153 22 142 2 16 1 26 1 2 6 34 19 36 4 2 153 7 141 25 129 29 127 2 2 140 7 191 2 8 84 27 81 3 5 126 9 110 21 125 3 2 157 15 203 28 181 2 9 118 12 145 2 2 58 29 58 2 13 48 19 36 3 3 21 10 20 24 23 4 2 128 7 151 25 145 29 170 3 14 137 22 122 23 98 2 7 42 20 47 2 9 124 17 105 1 26 124 2 2 59 29 54 3 3 116 16 145 18 118 3 11 95 15 84 19 87 3 6 155 25 165 30 181 2 23 112 24 138 4 12 24 13 22 18 26 21 25 2 16 108 27 101 2 8 83 27 70 3 6 53 9 64 28 61
36 3 11 157 15 204 21 194 3 1 106 10 119 19 113 3 2 180 15 166 28 190 1 3 210 3 1 102 10 119 19 131 3 4 50 15 66 22 67 3 5 167 23 118 27 121 3 11 164 15 157 21 215 3 11 50 12 54 27 55 2 10 185 12 155 2 13 153 22 142 2 16 1 26 1 2 6 34 19 36 4 2 153 7 141 25 129 29 127 2 2 140 7 191 2 8 84 27 81 3 5 126 9 110 21 125 3 2 157 15 203 28 181 2 9 118 12 145 2 2 58 29 58 2 13 48 19 36 3 3 21 10 20 24 23 4 2 128 7 151 25 145 29 170 3 14 137 22 122 23 98 2 7 42 20 47 2 9 124 17 105 1 26 124 2 2 59 29 54 3 3 116 16 145 18 118 3 11 95 15 84 19 87 3 6 155 25 165 30 181 2 23 112 24 138 4 12 24 13 22 18 26 21 25 2 16 108 27 101 2 8 83 27 70 3 6 53 9 64 28 61
34 3 1 96 10 122 19 125 3 2 166 15 181 28 152 1 3 201 3 1 111 10 112 19 125 2 10 125 12 165 3 4 50 15 60 22 52 3 5 168 23 138 27 135 3 11 164 15 190 21 225 3 2 171 15 137 28 138 2 6 42 19 39 3 14 96 22 111 23 124 2 2 140 7 144 3 6 188 25 147 30 178 2 8 89 27 76 3 5 125 9 132 21 142 3 11 56 12 48 27 42 2 9 112 12 122 3 1 134 10 104 19 109 4 12 19 13 26 18 22 21 21 4 2 124 7 171 25 157 29 141 2 23 106 24 136 2 13 43 19 42 2 7 39 20 36 2 16 1 26 1 2 9 104 17 95 3 14 107 22 95 23 94 3 3 18 10 21 24 20 3 3 155 16 145 18 136 2 13 163 22 114 2 16 76 27 75 3 11 101 15 78 19 71 1 26 104 3 6 59 9 62 28 63 2 2 59 29 51
34 3 1 96 10 122 19 125 3 2 166 15 181 28 152 1 3 201 3 1 111 10 112 19 125 2 10 125 12 165 3 4 50 15 60 22 52 3 5 168 23 138 27 135 3 11 164 15 190 21 225 3 2 171 15 137 28 138 2 6 42 19 39 3 14 96 22 111 23 124 2 2 140 7 144 3 6 188 25 147 30 178 2 8 89 27 76 3 5 125 9 132 21 142 3 11 56 12 48 27 42 2 9 112 12 122 3 1 134 10 104 19 109 4 12 19 13 26 18 22 21 21 4 2 124 7 171 25 157 29 141 2 23 106 24 136 2 13 43 19 42 2 7 39 20 36 2 16 1 26 1 2 9 104 17 95 3 14 107 22 95 23 94 3 3 18 10 21 24 20 3 3 155 16 145 18 136 2 13 163 22 114 2 16 76 27 75 3 11 101 15 78 19 71 1 26 104 3 6 59 9 62 28 63 2 2 59 29 51
36 2 10 153 12 184 2 2 58 29 51 2 10 128 12 129 3 6 59 9 67 28 56 2 6 40 19 42 3 1 119 10 114 19 107 2 16 83 27 107 2 2 68 29 63 4 12 24 13 22 18 21 21 21 3 2 154 15 163 28 152 3 3 154 16 154 18 112 1 3 184 3 4 61 15 60 22 57 3 5 156 23 147 27 132 2 8 97 27 80 2 2 206 7 196 3 4 61 15 55 22 53 3 3 21 10 17 24 23 1 3 179 3 14 138 22 109 23 109 3 5 144 9 130 21 141 3 6 73 9 56 28 74 3 11 40 12 55 27 53 2 9 115 12 125 2 13 44 19 47 3 11 180 15 225 21 217 1 26 120 2 16 1 26 1 2 9 121 17 141 3 11 99 15 89 19 68 2 7 46 20 41 2 13 130 22 127 4 12 19 13 24 18 22 21 26 2 23 139 24 132 4 2 164 7 143 25 171 29 170 3 6 136 25 175 30 153
36 2 10 153 12 184 2 2 58 29 51 2 10 128 12 129 3 6 59 9 67 28 56 2 6 40 19 42 3 1 119 10 114 19 107 2 16 83 27 107 2 2 68 29 63 4 12 24 13 22 18 21 21 21 3 2 154 15 163 28 152 3 3 154 16 154 18 112 1 3 184 3 4 61 15 60 22 57 3 5 156 23 147 27 132 2 8 97 27 80 2 2 206 7 196 3 4 61 15 55 22 53 3 3 21 10 17 24 23 1 3 179 3 14 138 22 109 23 109 3 5 144 9 130 21 141 3 6 73 9 56 28 74 3 11 40 12 55 27 53 2 9 115 12 125 2 13 44 19 47 3 11 180 15 225 21 217 1 26 120 2 16 1 26 1 2 9 121 17 141 3 11 99 15 89 19 68 2 7 46 20 41 2 13 130 22 127 4 12 19 13 24 18 22 21 26 2 23 139 24 132 4 2 164 7 143 25 171 29 170 3 6 136 25 175 30 153
40 3 1 110 10 94 19 134 3 2 174 15 186 28 139 3 1 124 10 134 19 103 2 10 185 12 166 2 7 33 20 43 1 3 192 2 7 49 20 33 3 4 63 15 56 22 62 2 7 34 20 44 3 5 126 23 144 27 149 3 4 59 15 68 22 64 3 11 159 15 194 21 193 2 9 125 17 135 2 6 33 19 40 2 2 171 7 140 3 6 197 25 178 30 160 3 4 56 15 53 22 59 2 8 88 27 74 3 5 127 23 119 27 130 3 5 132 9 130 21 109 2 6 46 19 40 3 6 63 9 58 28 73 3 5 163 23 131 27 144 3 11 52 12 58 27 50 3 5 122 9 102 21 142 2 16 84 27 84 1 26 100 2 9 142 12 152 2 13 49 19 43 3 14 102 22 111 23 100 2 16 1 26 1 2 23 139 24 120 3 3 130 16 110 18 145 3 11 71 15 91 19 79 1 26 102 4 12 22 13 27 18 26 21 19 4 2 173 7 146 25 131 29 137 2 13 132 22 164 3 3 20 10 22 24 21 2 2 67 29 47
36 2 10 142 12 171 2 2 56 29 48 2 10 137 12 132 3 6 68 9 65 28 70 2 6 42 19 48 3 1 127 10 120 19 113 2 16 75 27 100 2 2 49 29 63 4 12 27 13 22 18 24 21 25 3 2 160 15 168 28 166 3 3 139 16 120 18 138 1 3 229 3 4 63 15 63 22 69 3 5 115 23 152 27 171 2 8 100 27 86 2 2 153 7 188 3 4 65 15 48 22 58 3 3 21 10 16 24 22 1 3 216 3 14 122 22 99 23 101 3 5 140 9 99 21 121 3 6 51 9 74 28 64 3 11 58 12 48 27 44 2 9 143 12 158 2 13 51 19 35 3 11 200 15 160 21 204 1 26 103 2 16 1 26 1 2 9 123 17 96 3 11 77 15 97 19 97 2 7 39 20 44 2 13 139 22 130 4 12 28 13 21 18 19 21 28 2 23 106 24 137 4 2 159 7 124 25 132 29 128 3 6 190 25 161 30 195
37 2 9 116 12 147 3 2 195 15 204 28 200 3 1 137 10 131 19 122 1 3 181 2 9 141 12 112 3 4 63 15 70 22 65 2 13 37 19 34 3 2 195 15 199 28 158 3 11 156 15 172 21 196 3 2 196 15 200 28 150 3 5 141 23 166 27 127 3 3 20 10 18 24 22 1 26 100 2 9 137 12 136 2 6 41 19 35 2 8 70 27 84 2 2 151 7 206 3 5 126 9 119 21 108 3 3 152 16 137 18 125 2 10 145 12 187 3 11 51 12 50 27 39 2 13 39 19 46 3 14 119 22 100 23 109 2 16 1 26 1 3 6 61 9 50 28 73 2 9 126 17 113 2 23 122 24 94 3 11 77 15 92 19 75 2 7 47 20 46 4 12 26 13 25 18 28 21 24 2 13 118 22 169 3 1 124 10 94 19 115 2 2 58 29 58 3 1 120 10 126 19 127 4 2 173 7 157 25 183 29 172 2 16 74 27 97 3 6 193 25 153 30 174
37 2 9 116 12 147 3 2 195 15 204 28 200 3 1 137 10 131 19 122 1 3 181 2 9 141 12 112 3 4 63 15 70 22 65 2 13 37 19 34 3 2 195 15 199 28 158 3 11 156 15 172 21 196 3 2 196 15 200 28 150 3 5 141 23 166 27 127 3 3 20 10 18 24 22 1 26 100 2 9 137 12 136 2 6 41 19 35 2 8 70 27 84 2 2 151 7 206 3 5 126 9 119 21 108 3 3 152 16 137 18 125 2 10 145 12 187 3 11 51 12 50 27 39 2 13 39 19 46 3 14 119 22 100 23 109 2 16 1 26 1 3 6 61 9 50 28 73 2 9 126 17 113 2 23 122 24 94 3 11 77 15 92 19 75 2 7 47 20 46 4 12 26 13 25 18 28 21 24 2 13 118 22 169 3 1 124 10 94 19 115 2 2 58 29 58 3 1 120 10 126 19 127 4 2 173 7 157 25 183 29 172 2 16 74 27 97 3 6 193 25 153 30 174
34 3 1 100 10 131 19 109 3 2 137 15 147 28 195 1 3 219 3 1 120 10 95 19 100 2 10 177 12 166 3 4 55 15 64 22 51 3 5 149 23 117 27 140 3 11 227 15 165 21 164 3 2 161 15 140 28 199 2 6 48 19 45 3 14 137 22 114 23 104 2 2 193 7 202 3 6 189 25 184 30 163 2 8 89 27 92 3 5 145 9 125 21 130 3 11 50 12 41 27 39 2 9 130 12 143 3 1 109 10 136 19 113 4 12 23 13 27 18 25 21 23 4 2 143 7 161 25 151 29 136 2 23 111 24 134 2 13 41 19 48 2 7 35 20 46 2 16 1 26 1 2 9 138 17 129 3 14 138 22 104 23 103 3 3 19 10 22 24 23 3 3 123 16 146 18 140 2 13 166 22 124 2 16 85 27 75 3 11 91 15 94 19 98 1 26 133 3 6 50 9 61 28 65 2 2 58 29 66
34 3 1 100 10 131 19 109 3 2 137 15 147 28 195 1 3 219 3 1 120 10 95 19 100 2 10 177 12 166 3 4 55 15 64 22 51 3 5 149 23 117 27 140 3 11 227 15 165 21 164 3 2 161 15 140 28 199 2 6 48 19 45 3 14 137 22 114 23 104 2 2 193 7 202 3 6 189 25 184 30 163 2 8 89 27 92 3 5 145 9 125 21 130 3 11 50 12 41 27 39 2 9 130 12 143 3 1 109 10 136 19 113 4 12 23 13 27 18 25 21 23 4 2 143 7 161 25 151 29 136 2 23 111 24 134 2 13 41 19 48 2 7 35 20 46 2 16 1 26 1 2 9 138 17 129 3 14 138 22 104 23 103 3 3 19 10 22 24 23 3 3 123 16 146 18 140 2 13 166 22 124 2 16 85 27 75 3 11 91 15 94 19 98 1 26 133 3 6 50 9 61 28 65 2 2 58 29 66
39 3 2 137 15 165 28 203 3 1 119 10 98 19 129 1 3 219 3 11 212 15 175 21 174 3 4 63 15 56 22 60 3 1 94 10 122 19 97 2 23 100 24 118 3 5 152 23 154 27 138 3 11 231 15 197 21 221 2 13 36 19 51 2 6 45 19 34 2 2 207 7 209 2 8 70 27 91 3 2 197 15 189 28 202 2 13 143 22 134 3 11 183 15 157 21 196 3 5 104 9 138 21 117 2 7 33 20 48 2 6 34 19 46 2 10 157 12 148 3 11 46 12 40 27 45 2 9 136 12 124 3 14 96 22 105 23 133 2 10 138 12 144 2 16 1 26 1 2 7 33 20 33 3 6 66 9 69 28 74 2 9 125 17 125 3 3 146 16 116 18 131 3 6 196 25 164 30 134 3 11 73 15 99 19 74 1 26 135 2 13 140 22 123 2 2 64 29 64 4 12 24 13 21 18 21 21 21 3 3 22 10 23 24 23 1 26 126 4 2 142 7 174 25 155 29 156 2 16 96 27 88
39 3 2 137 15 165 28 203 3 1 119 10 98 19 129 1 3 219 3 11 212 15 175 21 174 3 4 63 15 56 22 60 3 1 94 10 122 19 97 2 23 100 24 118 3 5 152 23 154 27 138 3 11 231 15 197 21 221 2 13 36 19 51 2 6 45 19 34 2 2 207 7 209 2 8 70 27 91 3 2 197 15 189 28 202 2 13 143 22 134 3 11 183 15 157 21 196 3 5 104 9 138 21 117 2 7 33 20 48 2 6 34 19 46 2 10 157 12 148 3 11 46 12 40 27 45 2 9 136 12 124 3 14 96 22 105 23 133 2 10 138 12 144 2 16 1 26 1 2 7 33 20 33 3 6 66 9 69 28 74 2 9 125 17 125 3 3 146 16 116 18 131 3 6 196 25 164 30 134 3 11 73 15 99 19 74 1 26 135 2 13 140 22 123 2 2 64 29 64 4 12 24 13 21 18 21 21 21 3 3 22 10 23 24 23 1 26 126 4 2 142 7 174 25 155 29 156 2 16 96 27 88
36 3 1 98 10 117 19 134 3 2 193 15 202 28 203 3 1 98 10 135 19 100 1 3 195 3 4 53 15 55 22 55 3 5 152 23 169 27 127 2 6 38 19 47 2 16 1 26 1 2 2 156 7 140 1 3 162 2 8 67 27 90 3 2 199 15 182 28 152 3 5 136 9 127 21 121 1 26 131 2 10 130 12 141 3 11 48 12 54 27 48 2 9 159 12 114 2 13 49 19 35 3 14 131 22 118 23 139 3 11 170 15 187 21 222 2 9 160 12 119 2 9 103 17 98 4 12 27 13 25 18 26 21 22 2 7 39 20 41 3 3 156 16 127 18 132 3 11 75 15 80 19 89 3 11 228 15 156 21 194 4 2 158 7 170 25 165 29 180 2 13 142 22 147 2 2 66 29 49 2 23 138 24 137 3 3 22 10 23 24 17 3 6 70 9 51 28 65 3 2 166 15 197 28 172 3 6 159 25 133 30 176 2 16 92 27 77
36 3 1 98 10 117 19 134 3 2 193 15 202 28 203 3 1 98 10 135 19 100 1 3 195 3 4 53 15 55 22 55 3 5 152 23 169 27 127 2 6 38 19 47 2 16 1 26 1 2 2 156 7 140 1 3 162 2 8 67 27 90 3 2 199 15 182 28 152 3 5 136 9 127 21 121 1 26 131 2 10 130 12 141 3 11 48 12 54 27 48 2 9 159 12 114 2 13 49 19 35 3 14 131 22 118 23 139 3 11 170 15 187 21 222 2 9 160 12 119 2 9 103 17 98 4 12 27 13 25 18 26 21 22 2 7 39 20 41 3 3 156 16 127 18 132 3 11 75 15 80 19 89 3 11 228 15 156 21 194 4 2 158 7 170 25 165 29 180 2 13 142 22 147 2 2 66 29 49 2 23 138 24 137 3 3 22 10 23 24 17 3 6 70 9 51 28 65 3 2 166 15 197 28 172 3 6 159 25 133 30 176 2 16 92 27 77
36 3 1 98 10 117 19 134 3 2 193 15 202 28 203 3 1 98 10 135 19 100 1 3 195 3 4 53 15 55 22 55 3 5 152 23 169 27 127 2 6 38 19 47 2 16 1 26 1 2 2 156 7 140 1 3 162 2 8 67 27 90 3 2 199 15 182 28 152 3 5 136 9 127 21 121 1 26 131 2 10 130 12 141 3 11 48 12 54 27 48 2 9 159 12 114 2 13 49 19 35 3 14 131 22 118 23 139 3 11 170 15 187 21 222 2 9 160 12 119 2 9 103 17 98 4 12 27 13 25 18 26 21 22 2 7 39 20 41 3 3 156 16 127 18 132 3 11 75 15 80 19 89 3 11 228 15 156 21 194 4 2 158 7 170 25 165 29 180 2 13 142 22 147 2 2 66 29 49 2 23 138 24 137 3 3 22 10 23 24 17 3 6 70 9 51 28 65 3 2 166 15 197 28 172 3 6 159 25 133 30 176 2 16 92 27 77
35 3 1 138 10 99 19 129 3 2 194 15 152 28 168 3 1 94 10 111 19 117 1 3 227 3 4 70 15 49 22 52 3 5 136 23 151 27 132 2 6 41 19 39 3 14 97 22 96 23 129 3 4 53 15 69 22 65 2 2 162 7 184 2 8 68 27 100 2 13 50 19 36 2 23 138 24 127 3 14 118 22 111 23 94 3 6 60 9 69 28 53 3 5 139 9 142 21 132 2 10 174 12 142 3 11 49 12 50 27 46 2 9 115 12 145 3 11 179 15 181 21 164 2 13 163 22 147 2 16 1 26 1 4 2 139 7 133 25 164 29 134 2 7 37 20 46 2 23 129 24 130 2 9 106 17 122 3 3 146 16 107 18 126 3 2 144 15 175 28 157 3 11 98 15 88 19 80 3 6 175 25 156 30 179 4 12 22 13 27 18 19 21 28 2 16 101 27 87 2 2 52 29 47 3 3 16 10 19 24 17 1 26 115
35 3 1 138 10 99 19 129 3 2 194 15 152 28 168 3 1 94 10 111 19 117 1 3 227 3 4 70 15 49 22 52 3 5 136 23 151 27 132 2 6 41 19 39 3 14 97 22 96 23 129 3 4 53 15 69 22 65 2 2 162 7 184 2 8 68 27 100 2 13 50 19 36 2 23 138 24 127 3 14 118 22 111 23 94 3 6 60 9 69 28 53 3 5 139 9 142 21 132 2 10 174 12 142 3 11 49 12 50 27 46 2 9 115 12 145 3 11 179 15 181 21 164 2 13 163 22 147 2 16 1 26 1 4 2 139 7 133 25 164 29 134 2 7 37 20 46 2 23 129 24 130 2 9 106 17 122 3 3 146 16 107 18 126 3 2 144 15 175 28 157 3 11 98 15 88 19 80 3 6 175 25 156 30 179 4 12 22 13 27 18 19 21 28 2 16 101 27 87 2 2 52 29 47 3 3 16 10 19 24 17 1 26 115
38 2 9 135 17 95 3 1 138 10 117 19 95 2 9 125 17 113 3 2 138 15 203 28 178 1 3 235 3 1 131 10 93 19 117 3 4 58 15 59 22 52 3 6 148 25 151 30 173 3 1 129 10 102 19 116 3 5 130 23 157 27 131 3 11 222 15 163 21 185 1 3 184 2 6 47 19 45 2 2 188 7 160 2 8 68 27 91 3 5 121 9 129 21 99 2 10 143 12 180 3 11 40 12 41 27 42 2 8 97 27 76 2 16 82 27 76 3 6 196 25 161 30 172 2 9 141 12 143 3 5 122 9 127 21 120 2 23 122 24 109 2 13 50 19 44 3 14 108 22 115 23 124 2 16 1 26 1 2 13 38 19 35 3 3 125 16 153 18 130 3 11 79 15 81 19 100 1 26 107 2 7 48 20 47 4 12 27 13 28 18 25 21 25 2 13 125 22 150 3 3 19 10 23 24 20 3 6 60 9 66 28 70 4 2 159 7 128 25 164 29 170 2 2 68 29 46
37 3 4 50 15 60 22 62 3 11 78 15 82 19 75 3 1 133 10 93 19 134 3 2 160 15 164 28 141 1 3 183 3 11 72 15 101 19 89 2 8 97 27 92 3 11 93 15 81 19 98 3 5 159 23 129 27 114 2 6 37 19 36 2 9 123 12 130 2 16 1 26 1 2 2 177 7 192 3 6 155 25 164 30 199 2 2 154 7 202 3 5 136 9 118 21 136 1 26 129 3 11 185 15 228 21 223 2 13 41 19 37 3 2 159 15 202 28 190 2 10 169 12 182 2 16 102 27 94 3 3 109 16 114 18 118 3 3 19 10 21 24 23 3 11 41 12 49 27 53 3 14 95 22 97 23 125 2 9 129 17 121 3 5 113 9 104 21 142 2 7 41 20 41 4 12 28 13 23 18 25 21 24 2 13 124 22 120 2 23 100 24 110 3 5 151 23 157 27 162 4 2 182 7 179 25 163 29 139 2 23 111 24 138 3 6 68 9 52 28 53 2 2 51 29 47
34 3 1 132 10 94 19 99 3 2 172 15 197 28 177 2 7 44 20 47 3 4 52 15 48 22 60 3 1 117 10 109 19 118 1 3 201 3 5 124 23 121 27 164 2 6 46 19 33 2 2 187 7 178 2 13 166 22 128 2 8 67 27 90 3 5 121 9 110 21 133 2 10 131 12 171 3 11 43 12 42 27 51 3 2 186 15 184 28 148 2 9 120 12 135 2 13 42 19 49 3 14 141 22 141 23 108 2 6 37 19 38 3 11 216 15 166 21 176 2 16 1 26 1 2 9 99 17 101 3 3 131 16 154 18 156 3 11 78 15 92 19 91 4 12 26 13 27 18 22 21 26 3 6 64 9 57 28 56 2 23 104 24 113 2 13 140 22 169 1 26 114 3 3 22 10 18 24 20 2 16 76 27 99 3 6 175 25 173 30 162 4 2 180 7 140 25 159 29 180 2 2 59 29 50
37 3 1 127 10 104 19 97 2 9 144 12 143 3 2 160 15 149 28 181 1 3 228 3 4 56 15 54 22 54 3 5 126 23 166 27 135 2 6 40 19 41 1 3 205 3 6 57 9 72 28 53 2 6 44 19 44 3 5 111 9 107 21 118 2 2 188 7 178 2 13 42 19 50 2 8 81 27 91 2 9 152 12 135 2 10 170 12 138 2 7 43 20 34 3 11 48 12 39 27 57 3 14 139 22 138 23 140 3 11 187 15 204 21 156 3 4 62 15 62 22 59 2 16 1 26 1 2 9 109 17 127 2 16 82 27 83 1 3 187 2 23 121 24 102 3 3 115 16 150 18 156 3 11 80 15 81 19 74 4 12 23 13 24 18 26 21 28 2 9 104 17 109 2 13 155 22 115 3 3 17 10 20 24 17 4 2 160 7 134 25 150 29 152 3 3 22 10 17 24 18 2 2 57 29 54 1 26 125 3 6 183 25 154 30 163
37 3 1 127 10 104 19 97 2 9 144 12 143 3 2 160 15 149 28 181 1 3 228 3 4 56 15 54 22 54 3 5 126 23 166 27 135 2 6 40 19 41 1 3 205 3 6 57 9 72 28 53 2 6 44 19 44 3 5 111 9 107 21 118 2 2 188 7 178 2 13 42 19 50 2 8 81 27 91 2 9 152 12 135 2 10 170 12 138 2 7 43 20 34 3 11 48 12 39 27 57 3 14 139 22 138 23 140 3 11 187 15 204 21 156 3 4 62 15 62 22 59 2 16 1 26 1 2 9 109 17 127 2 16 82 27 83 1 3 187 2 23 121 24 102 3 3 115 16 150 18 156 3 11 80 15 81 19 74 4 12 23 13 24 18 26 21 28 2 9 104 17 109 2 13 155 22 115 3 3 17 10 20 24 17 4 2 160 7 134 25 150 29 152 3 3 22 10 17 24 18 2 2 57 29 54 1 26 125 3 6 183 25 154 30 163
40 3 1 116 10 131 19 105 2 16 1 26 1 3 6 156 25 187 30 136 1 26 127 2 23 111 24 118 2 16 1 26 1 3 2 137 15 172 28 197 3 6 186 25 142 30 169 2 13 40 19 40 3 2 176 15 152 28 193 1 3 179 2 7 41 20 40 3 1 128 10 99 19 128 3 4 70 15 50 22 48 3 5 166 23 123 27 114 3 2 197 15 170 28 150 2 16 73 27 96 2 6 49 19 40 2 2 145 7 196 2 8 86 27 67 3 5 143 9 129 21 136 2 10 132 12 143 3 11 56 12 47 27 52 2 9 119 12 151 1 26 132 3 14 138 22 96 23 120 3 6 136 25 166 30 186 3 11 202 15 225 21 226 3 3 20 10 22 24 23 2 9 127 17 111 2 13 143 22 153 2 6 47 19 45 4 2 182 7 182 25 171 29 153 3 6 54 9 53 28 65 2 23 139 24 133 3 3 128 16 144 18 154 1 3 163 3 11 74 15 96 19 92 4 12 28 13 23 18 21 21 23 2 2 64 29 47
40 3 1 108 10 97 19 109 2 16 1 26 1 3 6 169 25 156 30 197 1 26 99 2 23 126 24 131 2 16 1 26 1 3 2 156 15 177 28 159 3 6 165 25 187 30 187 2 13 45 19 37 3 2 174 15 201 28 191 1 3 163 2 7 32 20 41 3 1 99 10 128 19 100 3 4 57 15 50 22 63 3 5 129 23 146 27 136 3 2 158 15 170 28 137 2 16 94 27 98 2 6 35 19 36 2 2 183 7 175 2 8 94 27 70 3 5 126 9 105 21 140 2 10 186 12 181 3 11 45 12 57 27 55 2 9 115 12 114 1 26 105 3 14 109 22 97 23 129 3 6 165 25 163 30 191 3 11 182 15 182 21 216 3 3 16 10 21 24 23 2 9 140 17 139 2 13 170 22 162 2 6 33 19 35 4 2 145 7 148 25 170 29 181 3 6 55 9 71 28 52 2 23 114 24 123 3 3 127 16 108 18 136 1 3 223 3 11 82 15 99 19 99 4 12 19 13 27 18 23 21 23 2 2 64 29 51
37 2 9 136 12 122 3 2 139 15 191 28 185 3 1 105 10 121 19 95 1 3 164 2 9 137 12 129 3 4 52 15 56 22 58 2 13 46 19 35 3 2 174 15 155 28 154 3 11 222 15 220 21 196 3 2 203 15 162 28 201 3 5 126 23 141 27 162 3 3 17 10 18 24 22 1 26 133 2 9 128 12 151 2 6 48 19 43 2 8 71 27 94 2 2 184 7 175 3 5 133 9 129 21 121 3 3 144 16 140 18 125 2 10 131 12 152 3 11 54 12 46 27 51 2 13 47 19 36 3 14 129 22 134 23 110 2 16 1 26 1 3 6 55 9 75 28 66 2 9 95 17 96 2 23 119 24 125 3 11 75 15 84 19 89 2 7 47 20 48 4 12 26 13 28 18 26 21 22 2 13 139 22 164 3 1 106 10 94 19 101 2 2 67 29 51 3 1 121 10 97 19 104 4 2 176 7 144 25 128 29 137 2 16 103 27 83 3 6 163 25 183 30 170
34 3 1 136 10 93 19 136 3 2 138 15 172 28 187 2 7 33 20 38 3 4 67 15 49 22 47 3 1 100 10 132 19 113 1 3 223 3 5 136 23 151 27 140 2 6 41 19 33 2 2 160 7 187 2 13 139 22 130 2 8 90 27 98 3 5 99 9 117 21 99 2 10 168 12 150 3 11 46 12 42 27 57 3 2 203 15 165 28 164 2 9 138 12 124 2 13 41 19 51 3 14 128 22 126 23 136 2 6 46 19 38 3 11 218 15 223 21 161 2 16 1 26 1 2 9 133 17 101 3 3 128 16 109 18 154 3 11 90 15 98 19 72 4 12 21 13 27 18 20 21 24 3 6 67 9 69 28 63 2 23 121 24 139 2 13 114 22 163 1 26 121 3 3 19 10 22 24 21 2 16 90 27 97 3 6 138 25 180 30 134 4 2 138 7 144 25 175 29 172 2 2 64 29 66
36 3 11 213 15 213 21 167 3 1 98 10 94 19 127 3 2 193 15 165 28 160 1 3 224 3 1 130 10 94 19 112 3 4 61 15 50 22 64 3 5 120 23 114 27 121 3 11 214 15 182 21 184 3 11 47 12 39 27 58 2 10 187 12 162 2 13 120 22 118 2 16 1 26 1 2 6 45 19 46 4 2 130 7 162 25 168 29 133 2 2 160 7 182 2 8 76 27 86 3 5 123 9 102 21 120 3 2 189 15 186 28 193 2 9 138 12 147 2 2 64 29 67 2 13 39 19 37 3 3 21 10 23 24 17 4 2 132 7 149 25 153 29 137 3 14 118 22 133 23 120 2 7 41 20 43 2 9 137 17 128 1 26 142 2 2 51 29 55 3 3 115 16 134 18 120 3 11 84 15 95 19 72 3 6 147 25 160 30 138 2 23 131 24 94 4 12 20 13 26 18 25 21 27 2 16 76 27 75 2 8 80 27 85 3 6 55 9 58 28 61
36 3 1 138 10 112 19 95 3 2 184 15 195 28 182 3 1 118 10 108 19 100 1 3 218 3 4 48 15 60 22 70 3 5 159 23 116 27 151 2 6 36 19 37 2 16 1 26 1 2 2 182 7 173 1 3 170 2 8 88 27 88 3 2 176 15 142 28 154 3 5 98 9 114 21 116 1 26 124 2 10 133 12 170 3 11 45 12 39 27 42 2 9 157 12 149 2 13 36 19 35 3 14 102 22 138 23 131 3 11 165 15 189 21 173 2 9 114 12 152 2 9 128 17 106 4 12 25 13 20 18 23 21 25 2 7 43 20 38 3 3 136 16 133 18 156 3 11 98 15 74 19 101 3 11 210 15 223 21 163 4 2 149 7 164 25 177 29 142 2 13 163 22 166 2 2 68 29 63 2 23 94 24 134 3 3 23 10 22 24 17 3 6 53 9 58 28 50 3 2 151 15 189 28 196 3 6 135 25 182 30 173 2 16 101 27 98
36 3 1 138 10 112 19 95 3 2 184 15 195 28 182 3 1 118 10 108 19 100 1 3 218 3 4 48 15 60 22 70 3 5 159 23 116 27 151 2 6 36 19 37 2 16 1 26 1 2 2 182 7 173 1 3 170 2 8 88 27 88 3 2 176 15 142 28 154 3 5 98 9 114 21 116 1 26 124 2 10 133 12 170 3 11 45 12 39 27 42 2 9 157 12 149 2 13 36 19 35 3 14 102 22 138 23 131 3 11 165 15 189 21 173 2 9 114 12 152 2 9 128 17 106 4 12 25 13 20 18 23 21 25 2 7 43 20 38 3 3 136 16 133 18 156 3 11 98 15 74 19 101 3 11 210 15 223 21 163 4 2 149 7 164 25 177 29 142 2 13 163 22 166 2 2 68 29 63 2 23 94 24 134 3 3 23 10 22 24 17 3 6 53 9 58 28 50 3 2 151 15 189 28 196 3 6 135 25 182 30 173 2 16 101 27 98
35 2 23 109 24 102 3 1 126 10 129 19 99 3 3 22 10 17 24 16 3 2 182 15 196 28 202 1 3 175 3 4 53 15 54 22 65 2 13 116 22 117 3 3 16 10 16 24 23 3 5 120 23 130 27 149 2 6 39 19 46 2 2 181 7 161 2 8 90 27 90 3 6 68 9 75 28 72 3 5 120 9 101 21 144 2 10 165 12 170 3 6 143 25 192 30 172 3 11 50 12 54 27 53 3 4 61 15 57 22 59 2 9 163 12 145 3 11 98 15 90 19 68 2 13 37 19 35 3 14 114 22 119 23 110 2 6 43 19 47 3 3 120 16 127 18 145 3 11 213 15 187 21 185 2 16 1 26 1 2 9 138 17 101 2 7 45 20 40 4 12 22 13 28 18 26 21 25 1 3 186 2 2 48 29 51 3 14 108 22 122 23 94 2 16 97 27 95 4 2 137 7 143 25 171 29 131 1 26 98
38 2 9 124 17 115 3 1 119 10 120 19 100 2 9 102 17 134 3 2 161 15 160 28 170 1 3 228 3 1 94 10 101 19 120 3 4 69 15 61 22 61 3 6 177 25 191 30 139 3 1 94 10 127 19 135 3 5 135 23 159 27 131 3 11 195 15 220 21 177 1 3 202 2 6 37 19 36 2 2 155 7 208 2 8 96 27 92 3 5 123 9 106 21 109 2 10 144 12 166 3 11 57 12 46 27 46 2 8 91 27 88 2 16 106 27 79 3 6 183 25 168 30 189 2 9 147 12 123 3 5 129 9 98 21 137 2 23 120 24 103 2 13 49 19 42 3 14 106 22 96 23 110 2 16 1 26 1 2 13 44 19 44 3 3 118 16 109 18 120 3 11 88 15 88 19 95 1 26 117 2 7 42 20 39 4 12 24 13 26 18 26 21 26 2 13 129 22 129 3 3 23 10 19 24 21 3 6 55 9 68 28 52 4 2 160 7 139 25 178 29 149 2 2 67 29 58
35 3 1 128 10 119 19 119 3 2 148 15 174 28 147 3 1 119 10 133 19 109 1 3 193 3 4 49 15 48 22 48 3 5 126 23 165 27 169 2 6 47 19 35 3 14 123 22 101 23 105 3 4 47 15 49 22 51 2 2 165 7 162 2 8 93 27 91 2 13 47 19 35 2 23 131 24 117 3 14 128 22 140 23 94 3 6 71 9 54 28 61 3 5 140 9 134 21 119 2 10 125 12 156 3 11 48 12 50 27 49 2 9 121 12 154 3 11 174 15 187 21 166 2 13 162 22 133 2 16 1 26 1 4 2 130 7 167 25 152 29 143 2 7 37 20 46 2 23 124 24 127 2 9 104 17 137 3 3 132 16 136 18 125 3 2 161 15 148 28 136 3 11 90 15 71 19 76 3 6 169 25 185 30 163 4 12 19 13 28 18 28 21 20 2 16 97 27 92 2 2 48 29 50 3 3 18 10 23 24 20 1 26 135
34 3 1 111 10 123 19 136 3 2 177 15 159 28 144 2 7 42 20 48 3 4 58 15 52 22 51 3 1 108 10 120 19 132 1 3 200 3 5 132 23 160 27 125 2 6 33 19 37 2 2 177 7 189 2 13 169 22 130 2 8 87 27 95 3 5 118 9 102 21 102 2 10 131 12 145 3 11 54 12 54 27 54 3 2 174 15 204 28 137 2 9 110 12 145 2 13 47 19 48 3 14 136 22 126 23 109 2 6 36 19 35 3 11 170 15 192 21 211 2 16 1 26 1 2 9 122 17 119 3 3 157 16 128 18 152 3 11 74 15 80 19 90 4 12 28 13 23 18 25 21 23 3 6 66 9 64 28 56 2 23 133 24 113 2 13 137 22 142 1 26 112 3 3 23 10 20 24 16 2 16 92 27 99 3 6 136 25 164 30 194 4 2 164 7 181 25 129 29 172 2 2 63 29 55
37 3 1 128 10 115 19 99 2 9 130 12 155 3 2 199 15 150 28 146 1 3 204 3 4 68 15 48 22 49 3 5 154 23 136 27 164 2 6 41 19 38 1 3 225 3 6 52 9 51 28 66 2 6 33 19 44 3 5 119 9 110 21 100 2 2 147 7 149 2 13 50 19 48 2 8 96 27 73 2 9 161 12 111 2 10 148 12 163 2 7 47 20 33 3 11 48 12 43 27 53 3 14 135 22 99 23 115 3 11 210 15 159 21 200 3 4 48 15 62 22 70 2 16 1 26 1 2 9 96 17 117 2 16 87 27 103 1 3 229 2 23 127 24 136 3 3 143 16 135 18 115 3 11 97 15 79 19 69 4 12 27 13 20 18 23 21 25 2 9 115 17 134 2 13 140 22 139 3 3 20 10 16 24 21 4 2 159 7 178 25 135 29 152 3 3 22 10 17 24 21 2 2 68 29 52 1 26 111 3 6 161 25 198 30 171
34 3 1 110 10 133 19 107 3 2 189 15 159 28 189 2 7 44 20 38 3 4 49 15 66 22 59 3 1 120 10 128 19 122 1 3 218 3 5 117 23 133 27 166 2 6 47 19 38 2 2 154 7 159 2 13 170 22 135 2 8 77 27 88 3 5 136 9 108 21 141 2 10 185 12 185 3 11 51 12 52 27 56 3 2 162 15 199 28 195 2 9 111 12 160 2 13 35 19 44 3 14 96 22 138 23 140 2 6 34 19 45 3 11 189 15 172 21 224 2 16 1 26 1 2 9 126 17 119 3 3 120 16 108 18 132 3 11 72 15 97 19 88 4 12 28 13 25 18 25 21 22 3 6 65 9 66 28 52 2 23 107 24 101 2 13 148 22 130 1 26 130 3 3 17 10 20 24 19 2 16 95 27 90 3 6 164 25 156 30 192 4 2 128 7 169 25 126 29 178 2 2 46 29 64
34 3 1 110 10 133 19 107 3 2 189 15 159 28 189 2 7 44 20 38 3 4 49 15 66 22 59 3 1 120 10 128 19 122 1 3 218 3 5 117 23 133 27 166 2 6 47 19 38 2 2 154 7 159 2 13 170 22 135 2 8 77 27 88 3 5 136 9 108 21 141 2 10 185 12 185 3 11 51 12 52 27 56 3 2 162 15 199 28 195 2 9 111 12 160 2 13 35 19 44 3 14 96 22 138 23 140 2 6 34 19 45 3 11 189 15 172 21 224 2 16 1 26 1 2 9 126 17 119 3 3 120 16 108 18 132 3 11 72 15 97 19 88 4 12 28 13 25 18 25 21 22 3 6 65 9 66 28 52 2 23 107 24 101 2 13 148 22 130 1 26 130 3 3 17 10 20 24 19 2 16 95 27 90 3 6 164 25 156 30 192 4 2 128 7 169 25 126 29 178 2 2 46 29 64
DUE_DATES: 8202 8202 8556 9303 9303 7799 7627 7627 7627 7627 8854 8854 8359 8359 7495 7495 7946 7946 8492 7929 8645 8645 8003 8003 9309 9309 8797 8797 8797 7947 7947 8771 8666 7708 8360 8360 9439 9439 8558 7789 8322 8863 8863 7521 8802 7854 7723 8426 7860 7860
WEIGHTS: 3 3 3 2 3 2 2 3 1 3 3 1 2 3 1 2 3 1 1 2 2 2 1 3 3 2 3 1 3 1 1 3 3 1 1 1 1 1 1 1 3 1 3 1 1 1 2 3 2 2
