50 30
39 3 1 105 5 109 10 90 3 2 190 17 164 28 207 3 1 107 5 100 10 93 2 3 45 16 51 3 1 98 5 75 10 101 3 7 165 13 140 25 175 3 11 142 15 163 30 198 3 4 171 9 159 27 160 2 5 222 27 201 2 24 154 25 140 3 6 48 18 62 30 52 3 6 29 17 26 28 29 2 18 189 21 199 3 11 187 15 143 30 170 2 18 197 27 153 2 18 167 22 188 3 2 40 20 32 23 31 2 14 139 19 140 2 9 107 27 153 2 8 62 21 61 2 24 145 25 143 2 7 97 10 106 3 11 160 25 122 30 159 2 18 209 27 190 3 7 27 21 23 28 34 2 14 101 22 124 3 6 63 12 80 17 64 3 11 156 15 139 30 138 2 13 30 29 29 2 14 128 22 139 3 1 108 15 123 30 152 1 16 65 2 5 213 27 179 3 4 16 20 12 28 12 3 14 42 20 52 22 55 3 4 57 8 68 29 72 2 14 139 19 154 3 18 77 21 72 24 70 3 11 118 23 84 26 99
36 3 1 91 5 93 10 99 2 18 193 27 192 3 2 206 17 183 28 194 2 3 48 16 46 3 11 201 15 191 30 143 3 4 181 9 211 27 172 2 5 209 27 208 3 1 80 5 91 10 96 3 6 57 18 63 30 68 3 7 179 13 177 25 147 2 8 44 21 57 3 11 145 15 182 30 147 2 9 151 27 120 2 18 191 27 182 3 2 30 20 35 23 34 2 14 157 19 124 2 7 111 10 108 3 2 202 17 164 28 218 3 11 131 25 174 30 148 3 6 64 12 55 17 73 2 18 200 21 205 3 4 200 9 226 27 228 3 4 12 20 15 28 14 2 13 27 29 28 2 14 132 22 114 3 1 139 15 119 30 147 3 2 212 17 167 28 151 1 16 52 3 6 33 17 32 28 31 3 11 100 23 118 26 105 3 18 91 21 71 24 72 2 18 198 22 170 3 14 45 20 42 22 51 2 24 181 25 185 3 7 28 21 33 28 33 3 4 62 8 69 29 67
36 3 1 102 5 100 10 85 2 18 153 27 201 3 2 208 17 203 28 212 2 3 48 16 49 3 11 162 15 167 30 166 3 4 165 9 217 27 208 2 5 163 27 213 3 1 80 5 90 10 90 3 6 48 18 52 30 48 3 7 171 13 176 25 146 2 8 55 21 56 3 11 137 15 191 30 155 2 9 149 27 119 2 18 187 27 202 3 2 41 20 38 23 34 2 14 125 19 148 2 7 81 10 81 3 2 193 17 157 28 201 3 11 172 25 147 30 128 3 6 71 12 78 17 65 2 18 193 21 194 3 4 185 9 205 27 165 3 4 15 20 15 28 16 2 13 28 29 23 2 14 107 22 98 3 1 158 15 157 30 108 3 2 208 17 206 28 161 1 16 64 3 6 29 17 35 28 34 3 11 125 23 95 26 102 3 18 83 21 82 24 77 2 18 154 22 199 3 14 46 20 54 22 40 2 24 178 25 165 3 7 26 21 25 28 24 3 4 75 8 71 29 74
36 3 1 102 5 100 10 85 2 18 153 27 201 3 2 208 17 203 28 212 2 3 48 16 49 3 11 162 15 167 30 166 3 4 165 9 217 27 208 2 5 163 27 213 3 1 80 5 90 10 90 3 6 48 18 52 30 48 3 7 171 13 176 25 146 2 8 55 21 56 3 11 137 15 191 30 155 2 9 149 27 119 2 18 187 27 202 3 2 41 20 38 23 34 2 14 125 19 148 2 7 81 10 81 3 2 193 17 157 28 201 3 11 172 25 147 30 128 3 6 71 12 78 17 65 2 18 193 21 194 3 4 185 9 205 27 165 3 4 15 20 15 28 16 2 13 28 29 23 2 14 107 22 98 3 1 158 15 157 30 108 3 2 208 17 206 28 161 1 16 64 3 6 29 17 35 28 34 3 11 125 23 95 26 102 3 18 83 21 82 24 77 2 18 154 22 199 3 14 46 20 54 22 40 2 24 178 25 165 3 7 26 21 25 28 24 3 4 75 8 71 29 74
36 3 1 102 5 100 10 85 2 18 153 27 201 3 2 208 17 203 28 212 2 3 48 16 49 3 11 162 15 167 30 166 3 4 165 9 217 27 208 2 5 163 27 213 3 1 80 5 90 10 90 3 6 48 18 52 30 48 3 7 171 13 176 25 146 2 8 55 21 56 3 11 137 15 191 30 155 2 9 149 27 119 2 18 187 27 202 3 2 41 20 38 23 34 2 14 125 19 148 2 7 81 10 81 3 2 193 17 157 28 201 3 11 172 25 147 30 128 3 6 71 12 78 17 65 2 18 193 21 194 3 4 185 9 205 27 165 3 4 15 20 15 28 16 2 13 28 29 23 2 14 107 22 98 3 1 158 15 157 30 108 3 2 208 17 206 28 161 1 16 64 3 6 29 17 35 28 34 3 11 125 23 95 26 102 3 18 83 21 82 24 77 2 18 154 22 199 3 14 46 20 54 22 40 2 24 178 25 165 3 7 26 21 25 28 24 3 4 75 8 71 29 74
35 2 7 87 10 106 2 18 175 27 162 3 1 90 5 93 10 93 3 2 204 17 160 28 175 2 3 56 16 46 3 4 208 9 235 27 176 2 5 215 27 168 3 4 11 20 11 28 16 3 6 55 18 51 30 69 3 7 133 13 186 25 179 2 18 202 27 173 2 14 122 19 126 3 2 219 17 205 28 195 3 6 37 17 26 28 28 2 7 108 10 107 2 8 56 21 60 3 1 146 15 114 30 159 3 4 59 8 56 29 63 2 9 133 27 150 3 11 168 25 146 30 156 3 6 80 12 67 17 67 2 14 155 19 162 2 13 34 29 30 3 2 29 20 41 23 35 2 8 50 21 59 2 18 180 22 163 1 16 52 2 14 113 22 117 2 18 194 21 199 3 14 50 20 54 22 39 3 11 102 23 124 26 106 3 18 96 21 88 24 66 2 24 160 25 139 3 7 32 21 32 28 29 3 11 161 15 175 30 155
35 2 7 87 10 106 2 18 175 27 162 3 1 90 5 93 10 93 3 2 204 17 160 28 175 2 3 56 16 46 3 4 208 9 235 27 176 2 5 215 27 168 3 4 11 20 11 28 16 3 6 55 18 51 30 69 3 7 133 13 186 25 179 2 18 202 27 173 2 14 122 19 126 3 2 219 17 205 28 195 3 6 37 17 26 28 28 2 7 108 10 107 2 8 56 21 60 3 1 146 15 114 30 159 3 4 59 8 56 29 63 2 9 133 27 150 3 11 168 25 146 30 156 3 6 80 12 67 17 67 2 14 155 19 162 2 13 34 29 30 3 2 29 20 41 23 35 2 8 50 21 59 2 18 180 22 163 1 16 52 2 14 113 22 117 2 18 194 21 199 3 14 50 20 54 22 39 3 11 102 23 124 26 106 3 18 96 21 88 24 66 2 24 160 25 139 3 7 32 21 32 28 29 3 11 161 15 175 30 155
36 3 1 98 5 90 10 98 2 18 175 27 156 3 2 173 17 182 28 200 2 3 58 16 59 3 11 200 15 158 30 146 3 4 194 9 234 27 179 2 5 155 27 181 3 1 94 5 85 10 111 3 6 61 18 62 30 60 3 7 168 13 185 25 193 2 8 52 21 52 3 11 185 15 197 30 171 2 9 137 27 117 2 18 166 27 164 3 2 40 20 30 23 29 2 14 141 19 144 2 7 106 10 93 3 2 184 17 184 28 156 3 11 128 25 149 30 182 3 6 64 12 60 17 62 2 18 163 21 142 3 4 214 9 184 27 171 3 4 16 20 14 28 14 2 13 28 29 27 2 14 134 22 134 3 1 117 15 115 30 139 3 2 163 17 157 28 193 1 16 57 3 6 29 17 35 28 29 3 11 103 23 102 26 102 3 18 80 21 68 24 76 2 18 162 22 186 3 14 40 20 42 22 40 2 24 197 25 156 3 7 27 21 34 28 33 3 4 74 8 67 29 71
34 3 1 88 5 86 10 81 3 6 81 12 81 17 70 3 2 211 17 192 28 179 3 1 75 5 99 10 85 2 18 197 22 149 2 3 53 16 62 3 1 105 5 88 10 82 3 18 96 21 93 24 76 3 4 208 9 187 27 172 2 5 166 27 196 3 11 150 25 174 30 161 3 7 30 21 30 28 32 3 6 48 18 53 30 59 3 7 138 13 141 25 132 2 9 146 27 154 2 24 163 25 178 2 8 50 21 56 2 7 84 10 89 2 13 25 29 25 2 14 127 22 123 3 1 120 15 124 30 134 1 16 50 3 6 27 17 31 28 29 2 14 125 19 110 2 9 152 27 115 3 4 16 20 16 28 16 3 4 66 8 54 29 69 2 18 197 21 166 3 2 39 20 31 23 39 3 11 177 15 146 30 190 3 4 15 20 14 28 15 3 14 54 20 48 22 40 3 11 88 23 113 26 94 2 18 198 27 220
34 3 1 88 5 86 10 81 3 6 81 12 81 17 70 3 2 211 17 192 28 179 3 1 75 5 99 10 85 2 18 197 22 149 2 3 53 16 62 3 1 105 5 88 10 82 3 18 96 21 93 24 76 3 4 208 9 187 27 172 2 5 166 27 196 3 11 150 25 174 30 161 3 7 30 21 30 28 32 3 6 48 18 53 30 59 3 7 138 13 141 25 132 2 9 146 27 154 2 24 163 25 178 2 8 50 21 56 2 7 84 10 89 2 13 25 29 25 2 14 127 22 123 3 1 120 15 124 30 134 1 16 50 3 6 27 17 31 28 29 2 14 125 19 110 2 9 152 27 115 3 4 16 20 16 28 16 3 4 66 8 54 29 69 2 18 197 21 166 3 2 39 20 31 23 39 3 11 177 15 146 30 190 3 4 15 20 14 28 15 3 14 54 20 48 22 40 3 11 88 23 113 26 94 2 18 198 27 220
34 3 1 88 5 86 10 81 3 6 81 12 81 17 70 3 2 211 17 192 28 179 3 1 75 5 99 10 85 2 18 197 22 149 2 3 53 16 62 3 1 105 5 88 10 82 3 18 96 21 93 24 76 3 4 208 9 187 27 172 2 5 166 27 196 3 11 150 25 174 30 161 3 7 30 21 30 28 32 3 6 48 18 53 30 59 3 7 138 13 141 25 132 2 9 146 27 154 2 24 163 25 178 2 8 50 21 56 2 7 84 10 89 2 13 25 29 25 2 14 127 22 123 3 1 120 15 124 30 134 1 16 50 3 6 27 17 31 28 29 2 14 125 19 110 2 9 152 27 115 3 4 16 20 16 28 16 3 4 66 8 54 29 69 2 18 197 21 166 3 2 39 20 31 23 39 3 11 177 15 146 30 190 3 4 15 20 14 28 15 3 14 54 20 48 22 40 3 11 88 23 113 26 94 2 18 198 27 220
35 3 1 98 5 104 10 76 3 4 177 9 208 27 228 3 2 158 17 208 28 159 3 7 174 13 161 25 142 3 4 175 9 157 27 219 2 3 56 16 47 2 5 197 27 228 3 6 61 18 65 30 66 3 1 132 15 110 30 121 2 8 47 21 57 2 9 126 27 108 2 7 103 10 75 2 18 176 21 187 3 18 74 21 93 24 93 3 11 139 25 138 30 131 3 4 222 9 165 27 234 3 6 62 12 73 17 82 2 18 166 22 170 2 13 29 29 26 1 16 52 2 3 51 16 44 2 14 137 22 127 3 11 153 25 136 30 124 3 2 35 20 40 23 37 3 6 32 17 35 28 36 2 14 156 19 163 3 4 15 20 16 28 15 3 4 53 8 59 29 76 3 6 34 17 26 28 33 3 14 43 20 51 22 51 2 24 143 25 151 3 11 171 15 170 30 197 2 18 208 27 194 3 11 115 23 99 26 93 3 7 29 21 25 28 23
37 3 1 101 5 99 10 82 2 18 177 27 206 3 2 180 17 189 28 198 3 1 100 5 109 10 87 3 11 168 25 155 30 158 2 18 139 22 171 3 18 73 21 70 24 90 2 3 54 16 58 3 4 62 8 74 29 55 3 2 158 17 195 28 199 2 5 162 27 172 3 4 220 9 200 27 231 3 6 64 18 69 30 71 3 7 132 13 164 25 143 3 1 107 5 101 10 93 2 8 47 21 47 1 16 58 3 7 27 21 23 28 24 2 9 132 27 122 2 7 101 10 78 3 6 81 12 59 17 68 3 2 209 17 196 28 168 3 1 151 15 132 30 121 2 14 122 22 128 3 7 165 13 157 25 142 2 13 23 29 34 3 6 35 17 38 28 37 2 5 165 27 225 2 14 143 19 127 3 4 12 20 15 28 14 2 18 188 21 160 3 11 110 23 107 26 92 3 14 41 20 50 22 47 3 2 42 20 35 23 34 3 4 211 9 197 27 232 2 24 185 25 193 3 11 135 15 183 30 199
37 3 1 101 5 99 10 82 2 18 177 27 206 3 2 180 17 189 28 198 3 1 100 5 109 10 87 3 11 168 25 155 30 158 2 18 139 22 171 3 18 73 21 70 24 90 2 3 54 16 58 3 4 62 8 74 29 55 3 2 158 17 195 28 199 2 5 162 27 172 3 4 220 9 200 27 231 3 6 64 18 69 30 71 3 7 132 13 164 25 143 3 1 107 5 101 10 93 2 8 47 21 47 1 16 58 3 7 27 21 23 28 24 2 9 132 27 122 2 7 101 10 78 3 6 81 12 59 17 68 3 2 209 17 196 28 168 3 1 151 15 132 30 121 2 14 122 22 128 3 7 165 13 157 25 142 2 13 23 29 34 3 6 35 17 38 28 37 2 5 165 27 225 2 14 143 19 127 3 4 12 20 15 28 14 2 18 188 21 160 3 11 110 23 107 26 92 3 14 41 20 50 22 47 3 2 42 20 35 23 34 3 4 211 9 197 27 232 2 24 185 25 193 3 11 135 15 183 30 199
37 3 1 101 5 99 10 82 2 18 177 27 206 3 2 180 17 189 28 198 3 1 100 5 109 10 87 3 11 168 25 155 30 158 2 18 139 22 171 3 18 73 21 70 24 90 2 3 54 16 58 3 4 62 8 74 29 55 3 2 158 17 195 28 199 2 5 162 27 172 3 4 220 9 200 27 231 3 6 64 18 69 30 71 3 7 132 13 164 25 143 3 1 107 5 101 10 93 2 8 47 21 47 1 16 58 3 7 27 21 23 28 24 2 9 132 27 122 2 7 101 10 78 3 6 81 12 59 17 68 3 2 209 17 196 28 168 3 1 151 15 132 30 121 2 14 122 22 128 3 7 165 13 157 25 142 2 13 23 29 34 3 6 35 17 38 28 37 2 5 165 27 225 2 14 143 19 127 3 4 12 20 15 28 14 2 18 188 21 160 3 11 110 23 107 26 92 3 14 41 20 50 22 47 3 2 42 20 35 23 34 3 4 211 9 197 27 232 2 24 185 25 193 3 11 135 15 183 30 199
36 3 1 106 5 111 10 111 3 2 152 17 164 28 198 1 16 60 2 3 62 16 47 3 6 66 12 59 17 68 3 4 215 9 179 27 203 3 6 68 18 60 30 66 2 3 55 16 42 2 5 193 27 185 3 7 133 13 185 25 175 3 1 124 15 139 30 159 2 8 53 21 62 2 9 152 27 105 3 4 177 9 201 27 224 2 7 90 10 77 3 11 123 25 133 30 153 3 6 82 12 66 17 72 2 13 33 29 29 3 4 205 9 215 27 222 2 14 95 22 105 3 1 90 5 89 10 96 3 6 27 17 33 28 32 2 8 64 21 63 2 18 193 22 161 2 14 141 19 110 2 18 157 21 182 3 4 15 20 14 28 16 3 14 48 20 54 22 39 3 11 97 23 93 26 110 3 2 35 20 37 23 42 3 18 73 21 95 24 79 2 24 138 25 166 2 18 209 27 149 3 4 69 8 71 29 62 3 11 191 15 168 30 168 3 7 25 21 31 28 23
36 3 1 106 5 111 10 111 3 2 152 17 164 28 198 1 16 60 2 3 62 16 47 3 6 66 12 59 17 68 3 4 215 9 179 27 203 3 6 68 18 60 30 66 2 3 55 16 42 2 5 193 27 185 3 7 133 13 185 25 175 3 1 124 15 139 30 159 2 8 53 21 62 2 9 152 27 105 3 4 177 9 201 27 224 2 7 90 10 77 3 11 123 25 133 30 153 3 6 82 12 66 17 72 2 13 33 29 29 3 4 205 9 215 27 222 2 14 95 22 105 3 1 90 5 89 10 96 3 6 27 17 33 28 32 2 8 64 21 63 2 18 193 22 161 2 14 141 19 110 2 18 157 21 182 3 4 15 20 14 28 16 3 14 48 20 54 22 39 3 11 97 23 93 26 110 3 2 35 20 37 23 42 3 18 73 21 95 24 79 2 24 138 25 166 2 18 209 27 149 3 4 69 8 71 29 62 3 11 191 15 168 30 168 3 7 25 21 31 28 23
35 3 4 13 20 16 28 15 3 1 95 5 83 10 91 3 2 151 17 149 28 207 3 6 57 12 63 17 71 2 3 61 16 44 3 4 203 9 180 27 169 3 6 53 18 69 30 50 3 11 166 15 167 30 198 2 14 147 19 132 2 5 208 27 156 3 7 138 13 146 25 151 2 8 63 21 53 2 9 142 27 133 2 3 45 16 56 2 7 100 10 87 3 11 124 25 173 30 137 3 4 161 9 204 27 229 2 13 31 29 25 3 6 33 17 28 28 34 2 3 60 16 50 2 14 135 22 138 3 1 152 15 118 30 138 1 16 52 3 7 28 21 25 28 23 2 18 158 22 180 3 2 173 17 203 28 172 2 18 179 21 191 3 14 46 20 43 22 38 3 11 117 23 107 26 114 3 2 30 20 39 23 31 3 7 180 13 173 25 138 3 18 73 21 89 24 97 3 4 61 8 53 29 68 2 24 197 25 134 2 18 175 27 204
35 3 4 13 20 16 28 15 3 1 95 5 83 10 91 3 2 151 17 149 28 207 3 6 57 12 63 17 71 2 3 61 16 44 3 4 203 9 180 27 169 3 6 53 18 69 30 50 3 11 166 15 167 30 198 2 14 147 19 132 2 5 208 27 156 3 7 138 13 146 25 151 2 8 63 21 53 2 9 142 27 133 2 3 45 16 56 2 7 100 10 87 3 11 124 25 173 30 137 3 4 161 9 204 27 229 2 13 31 29 25 3 6 33 17 28 28 34 2 3 60 16 50 2 14 135 22 138 3 1 152 15 118 30 138 1 16 52 3 7 28 21 25 28 23 2 18 158 22 180 3 2 173 17 203 28 172 2 18 179 21 191 3 14 46 20 43 22 38 3 11 117 23 107 26 114 3 2 30 20 39 23 31 3 7 180 13 173 25 138 3 18 73 21 89 24 97 3 4 61 8 53 29 68 2 24 197 25 134 2 18 175 27 204
35 2 24 162 25 140 3 1 90 5 86 10 81 3 2 186 17 190 28 175 2 24 158 25 177 2 3 53 16 44 3 2 41 20 33 23 40 3 1 88 5 105 10 80 3 4 226 9 168 27 234 3 6 61 12 79 17 78 2 5 182 27 219 3 7 33 21 30 28 33 2 3 54 16 45 3 14 41 20 37 22 42 3 6 71 18 57 30 65 3 7 146 13 176 25 167 3 4 58 8 70 29 54 3 6 29 17 26 28 32 1 16 54 2 8 45 21 47 2 14 120 22 100 2 9 140 27 133 3 1 121 15 147 30 161 2 7 80 10 85 2 18 154 22 139 2 14 121 19 109 3 7 177 13 160 25 150 3 11 163 25 158 30 122 2 13 28 29 27 3 4 14 20 14 28 15 3 11 145 15 188 30 172 3 18 87 21 84 24 69 2 18 181 21 202 2 18 155 27 168 2 8 48 21 57 3 11 99 23 89 26 101
35 2 24 162 25 140 3 1 90 5 86 10 81 3 2 186 17 190 28 175 2 24 158 25 177 2 3 53 16 44 3 2 41 20 33 23 40 3 1 88 5 105 10 80 3 4 226 9 168 27 234 3 6 61 12 79 17 78 2 5 182 27 219 3 7 33 21 30 28 33 2 3 54 16 45 3 14 41 20 37 22 42 3 6 71 18 57 30 65 3 7 146 13 176 25 167 3 4 58 8 70 29 54 3 6 29 17 26 28 32 1 16 54 2 8 45 21 47 2 14 120 22 100 2 9 140 27 133 3 1 121 15 147 30 161 2 7 80 10 85 2 18 154 22 139 2 14 121 19 109 3 7 177 13 160 25 150 3 11 163 25 158 30 122 2 13 28 29 27 3 4 14 20 14 28 15 3 11 145 15 188 30 172 3 18 87 21 84 24 69 2 18 181 21 202 2 18 155 27 168 2 8 48 21 57 3 11 99 23 89 26 101
35 2 24 162 25 140 3 1 90 5 86 10 81 3 2 186 17 190 28 175 2 24 158 25 177 2 3 53 16 44 3 2 41 20 33 23 40 3 1 88 5 105 10 80 3 4 226 9 168 27 234 3 6 61 12 79 17 78 2 5 182 27 219 3 7 33 21 30 28 33 2 3 54 16 45 3 14 41 20 37 22 42 3 6 71 18 57 30 65 3 7 146 13 176 25 167 3 4 58 8 70 29 54 3 6 29 17 26 28 32 1 16 54 2 8 45 21 47 2 14 120 22 100 2 9 140 27 133 3 1 121 15 147 30 161 2 7 80 10 85 2 18 154 22 139 2 14 121 19 109 3 7 177 13 160 25 150 3 11 163 25 158 30 122 2 13 28 29 27 3 4 14 20 14 28 15 3 11 145 15 188 30 172 3 18 87 21 84 24 69 2 18 181 21 202 2 18 155 27 168 2 8 48 21 57 3 11 99 23 89 26 101
34 3 1 93 5 76 10 78 3 6 75 12 72 17 80 3 1 137 15 125 30 132 2 5 226 27 209 3 1 98 5 109 10 100 3 2 162 17 169 28 182 2 5 197 27 158 3 14 51 20 41 22 48 2 3 60 16 59 3 4 208 9 230 27 169 3 11 125 23 96 26 102 2 24 142 25 195 3 6 53 18 58 30 69 3 7 134 13 177 25 179 2 8 51 21 58 2 9 146 27 151 2 7 84 10 86 2 18 185 21 199 3 11 133 25 132 30 130 2 18 175 22 163 2 14 110 22 109 2 14 149 19 139 3 4 184 9 220 27 214 2 13 28 29 33 1 16 56 3 1 134 15 155 30 130 3 6 32 17 36 28 32 3 4 16 20 13 28 16 3 2 34 20 37 23 35 3 18 69 21 76 24 69 2 18 157 27 171 3 7 30 21 29 28 23 3 11 161 15 157 30 155 3 4 58 8 74 29 62
35 3 11 85 23 102 26 102 3 1 90 5 109 10 109 3 2 165 17 206 28 170 2 3 59 16 57 3 1 98 5 93 10 83 2 7 93 10 100 3 4 216 9 189 27 230 2 5 187 27 165 3 6 56 18 68 30 68 3 7 179 13 150 25 191 2 8 53 21 63 2 9 115 27 149 1 16 58 3 2 213 17 153 28 162 3 11 136 25 168 30 170 3 14 43 20 45 22 55 3 1 79 5 97 10 77 3 6 66 12 56 17 67 3 1 79 5 75 10 86 3 4 14 20 13 28 14 2 13 32 29 30 3 6 35 17 29 28 26 2 14 102 22 130 3 1 143 15 157 30 154 3 2 31 20 29 23 40 2 24 193 25 152 2 18 174 22 165 2 18 170 21 156 2 14 146 19 137 3 18 97 21 82 24 96 3 4 76 8 66 29 74 3 11 108 23 107 26 92 2 18 154 27 155 3 11 160 15 193 30 195 3 7 26 21 33 28 31
35 3 1 76 5 87 10 82 3 4 217 9 208 27 177 3 2 193 17 216 28 211 3 7 180 13 184 25 170 3 4 209 9 188 27 184 2 3 50 16 42 2 5 217 27 198 3 6 71 18 52 30 65 3 1 158 15 143 30 113 2 8 56 21 54 2 9 151 27 123 2 7 93 10 88 2 18 194 21 155 3 18 70 21 85 24 86 3 11 174 25 165 30 146 3 4 170 9 207 27 162 3 6 76 12 70 17 57 2 18 154 22 199 2 13 31 29 32 1 16 67 2 3 56 16 59 2 14 114 22 118 3 11 126 25 162 30 171 3 2 33 20 36 23 35 3 6 27 17 33 28 35 2 14 117 19 123 3 4 14 20 13 28 12 3 4 59 8 67 29 57 3 6 28 17 31 28 29 3 14 51 20 45 22 48 2 24 138 25 150 3 11 167 15 150 30 150 2 18 167 27 191 3 11 102 23 120 26 118 3 7 26 21 27 28 23
36 3 1 106 5 103 10 81 3 2 167 17 165 28 154 1 16 56 2 3 42 16 61 3 6 74 12 63 17 75 3 4 168 9 192 27 228 3 6 65 18 61 30 53 2 3 55 16 55 2 5 221 27 207 3 7 135 13 188 25 152 3 1 119 15 146 30 127 2 8 51 21 51 2 9 112 27 108 3 4 172 9 167 27 224 2 7 91 10 95 3 11 159 25 175 30 140 3 6 67 12 79 17 58 2 13 27 29 23 3 4 189 9 186 27 211 2 14 126 22 108 3 1 97 5 77 10 98 3 6 34 17 28 28 29 2 8 54 21 62 2 18 157 22 192 2 14 124 19 159 2 18 165 21 191 3 4 11 20 16 28 14 3 14 42 20 42 22 52 3 11 108 23 93 26 97 3 2 31 20 35 23 37 3 18 96 21 74 24 91 2 24 187 25 145 2 18 178 27 159 3 4 59 8 57 29 71 3 11 184 15 187 30 169 3 7 32 21 28 28 25
38 3 1 85 5 75 10 105 3 11 135 25 129 30 165 3 2 212 17 199 28 189 2 3 62 16 62 3 11 121 25 131 30 178 3 4 221 9 177 27 160 2 5 224 27 203 3 14 43 20 45 22 41 3 6 58 18 69 30 71 2 5 167 27 223 2 8 51 21 47 3 7 174 13 150 25 132 2 9 128 27 114 2 7 99 10 102 3 6 68 12 60 17 60 3 7 182 13 163 25 175 2 13 32 29 33 2 14 110 22 138 3 1 161 15 124 30 117 2 24 171 25 198 3 11 182 25 146 30 136 1 16 57 3 6 36 17 35 28 35 2 18 140 22 144 3 4 70 8 57 29 72 2 5 194 27 227 3 18 92 21 67 24 85 2 14 139 19 141 3 11 168 15 187 30 155 2 18 179 21 196 3 14 38 20 52 22 56 3 4 12 20 11 28 15 2 14 104 22 114 3 2 41 20 41 23 31 3 11 116 23 117 26 101 2 18 155 21 163 2 18 175 27 185 3 7 32 21 30 28 27
38 3 1 85 5 75 10 105 3 11 135 25 129 30 165 3 2 212 17 199 28 189 2 3 62 16 62 3 11 121 25 131 30 178 3 4 221 9 177 27 160 2 5 224 27 203 3 14 43 20 45 22 41 3 6 58 18 69 30 71 2 5 167 27 223 2 8 51 21 47 3 7 174 13 150 25 132 2 9 128 27 114 2 7 99 10 102 3 6 68 12 60 17 60 3 7 182 13 163 25 175 2 13 32 29 33 2 14 110 22 138 3 1 161 15 124 30 117 2 24 171 25 198 3 11 182 25 146 30 136 1 16 57 3 6 36 17 35 28 35 2 18 140 22 144 3 4 70 8 57 29 72 2 5 194 27 227 3 18 92 21 67 24 85 2 14 139 19 141 3 11 168 15 187 30 155 2 18 179 21 196 3 14 38 20 52 22 56 3 4 12 20 11 28 15 2 14 104 22 114 3 2 41 20 41 23 31 3 11 116 23 117 26 101 2 18 155 21 163 2 18 175 27 185 3 7 32 21 30 28 27
40 3 1 109 5 109 10 83 3 2 215 17 175 28 212 2 3 43 16 50 3 4 191 9 169 27 216 2 5 158 27 188 3 1 99 5 98 10 76 3 6 55 18 70 30 53 3 6 28 17 32 28 32 3 6 57 12 78 17 55 2 5 189 27 166 3 7 182 13 144 25 136 3 4 15 20 14 28 12 3 1 120 15 110 30 117 3 1 108 5 95 10 95 1 16 59 2 3 61 16 52 2 8 43 21 59 2 24 143 25 139 2 9 117 27 142 3 2 38 20 32 23 33 2 7 104 10 79 2 14 115 22 109 3 11 133 25 163 30 179 3 11 164 15 166 30 200 2 13 26 29 28 3 6 29 17 33 28 37 2 18 187 22 201 2 3 44 16 59 2 14 125 19 141 2 18 150 21 173 3 14 47 20 50 22 50 2 24 147 25 198 3 11 119 23 101 26 120 3 6 36 17 37 28 25 3 7 29 21 31 28 31 3 6 26 17 28 28 30 3 18 73 21 85 24 91 2 18 148 27 156 3 4 15 20 14 28 12 3 4 76 8 60 29 62
35 2 24 191 25 139 3 1 110 5 90 10 105 3 2 150 17 212 28 214 2 24 156 25 140 2 3 60 16 53 3 2 35 20 39 23 34 3 1 82 5 98 10 109 3 4 228 9 204 27 216 3 6 68 12 69 17 72 2 5 166 27 223 3 7 28 21 31 28 33 2 3 60 16 56 3 14 52 20 39 22 52 3 6 65 18 64 30 64 3 7 142 13 143 25 183 3 4 64 8 52 29 59 3 6 26 17 33 28 37 1 16 63 2 8 53 21 54 2 14 139 22 106 2 9 149 27 116 3 1 128 15 114 30 134 2 7 82 10 90 2 18 195 22 202 2 14 118 19 149 3 7 136 13 178 25 183 3 11 156 25 175 30 182 2 13 30 29 27 3 4 16 20 13 28 14 3 11 138 15 159 30 143 3 18 80 21 81 24 92 2 18 181 21 148 2 18 204 27 171 2 8 53 21 51 3 11 94 23 94 26 88
35 2 24 191 25 139 3 1 110 5 90 10 105 3 2 150 17 212 28 214 2 24 156 25 140 2 3 60 16 53 3 2 35 20 39 23 34 3 1 82 5 98 10 109 3 4 228 9 204 27 216 3 6 68 12 69 17 72 2 5 166 27 223 3 7 28 21 31 28 33 2 3 60 16 56 3 14 52 20 39 22 52 3 6 65 18 64 30 64 3 7 142 13 143 25 183 3 4 64 8 52 29 59 3 6 26 17 33 28 37 1 16 63 2 8 53 21 54 2 14 139 22 106 2 9 149 27 116 3 1 128 15 114 30 134 2 7 82 10 90 2 18 195 22 202 2 14 118 19 149 3 7 136 13 178 25 183 3 11 156 25 175 30 182 2 13 30 29 27 3 4 16 20 13 28 14 3 11 138 15 159 30 143 3 18 80 21 81 24 92 2 18 181 21 148 2 18 204 27 171 2 8 53 21 51 3 11 94 23 94 26 88
35 2 24 189 25 171 3 1 104 5 95 10 96 3 2 191 17 149 28 209 2 24 173 25 158 2 3 49 16 46 3 2 35 20 40 23 36 3 1 94 5 86 10 111 3 4 174 9 214 27 208 3 6 57 12 78 17 67 2 5 177 27 189 3 7 23 21 25 28 24 2 3 49 16 44 3 14 52 20 52 22 40 3 6 55 18 56 30 53 3 7 194 13 186 25 143 3 4 62 8 64 29 76 3 6 32 17 35 28 32 1 16 70 2 8 44 21 49 2 14 94 22 117 2 9 123 27 127 3 1 110 15 132 30 121 2 7 84 10 94 2 18 180 22 172 2 14 130 19 128 3 7 143 13 170 25 161 3 11 180 25 161 30 123 2 13 34 29 32 3 4 14 20 14 28 14 3 11 160 15 166 30 166 3 18 94 21 70 24 65 2 18 191 21 176 2 18 166 27 182 2 8 50 21 47 3 11 108 23 93 26 99
34 3 1 107 5 101 10 108 3 7 133 13 138 25 136 2 24 160 25 190 3 1 94 5 101 10 85 3 2 199 17 209 28 207 2 3 52 16 55 2 18 147 27 152 3 4 230 9 198 27 183 3 1 86 5 74 10 86 2 9 136 27 155 2 5 211 27 222 3 6 53 18 50 30 56 2 8 43 21 53 3 4 58 8 72 29 66 2 7 84 10 78 3 11 174 25 181 30 133 2 8 64 21 61 3 6 76 12 74 17 73 2 8 47 21 53 3 11 84 23 108 26 105 1 16 65 2 13 28 29 27 2 14 138 22 118 3 1 128 15 137 30 124 3 6 31 17 29 28 25 2 18 141 22 172 2 14 128 19 129 3 2 33 20 30 23 42 3 4 14 20 12 28 12 3 18 93 21 80 24 79 2 18 189 21 170 3 14 40 20 51 22 44 3 7 25 21 28 28 33 3 11 150 15 135 30 144
35 2 24 159 25 153 3 1 93 5 79 10 110 3 2 185 17 216 28 153 2 24 165 25 192 2 3 48 16 49 3 2 36 20 29 23 41 3 1 80 5 81 10 86 3 4 199 9 216 27 184 3 6 56 12 63 17 69 2 5 213 27 172 3 7 30 21 24 28 30 2 3 56 16 51 3 14 52 20 40 22 47 3 6 71 18 61 30 58 3 7 151 13 164 25 191 3 4 70 8 61 29 76 3 6 28 17 26 28 30 1 16 65 2 8 60 21 62 2 14 99 22 123 2 9 152 27 140 3 1 136 15 120 30 119 2 7 111 10 100 2 18 186 22 164 2 14 158 19 159 3 7 139 13 150 25 159 3 11 137 25 124 30 179 2 13 34 29 25 3 4 13 20 11 28 11 3 11 173 15 175 30 155 3 18 73 21 69 24 69 2 18 181 21 204 2 18 189 27 178 2 8 53 21 47 3 11 112 23 100 26 116
33 3 1 109 5 108 10 78 3 2 195 17 178 28 198 3 1 106 5 77 10 104 3 4 67 8 63 29 70 2 9 129 27 111 2 3 46 16 52 3 4 227 9 217 27 194 2 5 179 27 155 3 6 51 18 57 30 65 3 7 24 21 33 28 25 3 7 162 13 178 25 177 2 8 47 21 58 2 13 25 29 33 2 7 108 10 98 3 11 108 23 98 26 122 1 16 69 3 2 148 17 205 28 219 3 14 42 20 43 22 42 3 1 76 5 75 10 91 3 11 144 25 132 30 180 3 2 40 20 38 23 40 3 6 82 12 81 17 57 2 14 156 19 158 3 1 151 15 131 30 153 2 18 153 27 147 2 14 120 22 100 3 6 28 17 31 28 33 2 18 182 21 180 2 18 200 22 158 2 24 135 25 140 3 4 13 20 13 28 15 3 18 76 21 92 24 83 3 11 194 15 145 30 169
33 3 1 109 5 108 10 78 3 2 195 17 178 28 198 3 1 106 5 77 10 104 3 4 67 8 63 29 70 2 9 129 27 111 2 3 46 16 52 3 4 227 9 217 27 194 2 5 179 27 155 3 6 51 18 57 30 65 3 7 24 21 33 28 25 3 7 162 13 178 25 177 2 8 47 21 58 2 13 25 29 33 2 7 108 10 98 3 11 108 23 98 26 122 1 16 69 3 2 148 17 205 28 219 3 14 42 20 43 22 42 3 1 76 5 75 10 91 3 11 144 25 132 30 180 3 2 40 20 38 23 40 3 6 82 12 81 17 57 2 14 156 19 158 3 1 151 15 131 30 153 2 18 153 27 147 2 14 120 22 100 3 6 28 17 31 28 33 2 18 182 21 180 2 18 200 22 158 2 24 135 25 140 3 4 13 20 13 28 15 3 18 76 21 92 24 83 3 11 194 15 145 30 169
33 3 1 78 5 94 10 84 3 2 215 17 151 28 164 3 1 77 5 74 10 82 3 4 66 8 62 29 60 2 9 155 27 107 2 3 46 16 45 3 4 227 9 226 27 215 2 5 182 27 159 3 6 70 18 53 30 54 3 7 25 21 28 28 33 3 7 182 13 187 25 152 2 8 43 21 60 2 13 33 29 24 2 7 111 10 108 3 11 119 23 124 26 122 1 16 49 3 2 167 17 172 28 179 3 14 54 20 45 22 48 3 1 91 5 91 10 98 3 11 142 25 164 30 181 3 2 35 20 37 23 28 3 6 74 12 69 17 69 2 14 122 19 120 3 1 157 15 161 30 154 2 18 215 27 154 2 14 107 22 121 3 6 34 17 28 28 35 2 18 202 21 152 2 18 194 22 157 2 24 145 25 138 3 4 14 20 14 28 13 3 18 92 21 77 24 82 3 11 147 15 193 30 159
33 3 1 78 5 94 10 84 3 2 215 17 151 28 164 3 1 77 5 74 10 82 3 4 66 8 62 29 60 2 9 155 27 107 2 3 46 16 45 3 4 227 9 226 27 215 2 5 182 27 159 3 6 70 18 53 30 54 3 7 25 21 28 28 33 3 7 182 13 187 25 152 2 8 43 21 60 2 13 33 29 24 2 7 111 10 108 3 11 119 23 124 26 122 1 16 49 3 2 167 17 172 28 179 3 14 54 20 45 22 48 3 1 91 5 91 10 98 3 11 142 25 164 30 181 3 2 35 20 37 23 28 3 6 74 12 69 17 69 2 14 122 19 120 3 1 157 15 161 30 154 2 18 215 27 154 2 14 107 22 121 3 6 34 17 28 28 35 2 18 202 21 152 2 18 194 22 157 2 24 145 25 138 3 4 14 20 14 28 13 3 18 92 21 77 24 82 3 11 147 15 193 30 159
39 3 1 84 5 74 10 92 3 2 198 17 158 28 185 3 1 84 5 110 10 105 2 3 48 16 59 3 1 104 5 86 10 92 3 7 134 13 155 25 134 3 11 172 15 146 30 159 3 4 185 9 184 27 176 2 5 211 27 186 2 24 169 25 197 3 6 64 18 62 30 62 3 6 33 17 26 28 31 2 18 199 21 158 3 11 154 15 144 30 188 2 18 175 27 169 2 18 186 22 173 3 2 35 20 34 23 37 2 14 140 19 128 2 9 131 27 138 2 8 50 21 44 2 24 184 25 159 2 7 90 10 98 3 11 172 25 176 30 139 2 18 192 27 158 3 7 25 21 32 28 26 2 14 130 22 126 3 6 59 12 61 17 58 3 11 136 15 156 30 175 2 13 32 29 25 2 14 97 22 122 3 1 131 15 142 30 160 1 16 51 2 5 226 27 162 3 4 15 20 13 28 13 3 14 54 20 56 22 55 3 4 63 8 74 29 63 2 14 159 19 140 3 18 71 21 88 24 93 3 11 91 23 95 26 117
38 3 1 103 5 79 10 80 3 11 168 25 121 30 129 3 2 160 17 212 28 220 2 3 52 16 45 3 11 182 25 182 30 139 3 4 182 9 233 27 180 2 5 202 27 188 3 14 49 20 56 22 48 3 6 67 18 49 30 63 2 5 196 27 226 2 8 50 21 45 3 7 147 13 131 25 155 2 9 143 27 128 2 7 91 10 83 3 6 60 12 78 17 68 3 7 139 13 177 25 190 2 13 23 29 32 2 14 97 22 108 3 1 115 15 120 30 157 2 24 196 25 188 3 11 152 25 141 30 130 1 16 72 3 6 36 17 30 28 28 2 18 170 22 179 3 4 65 8 65 29 56 2 5 154 27 182 3 18 78 21 88 24 68 2 14 129 19 121 3 11 138 15 188 30 173 2 18 185 21 193 3 14 41 20 45 22 53 3 4 14 20 11 28 16 2 14 105 22 115 3 2 32 20 40 23 29 3 11 102 23 125 26 122 2 18 178 21 165 2 18 191 27 209 3 7 23 21 23 28 33
37 3 1 86 5 102 10 80 2 18 212 27 147 3 2 173 17 203 28 168 3 1 82 5 99 10 100 3 11 145 25 172 30 179 2 18 145 22 202 3 18 77 21 70 24 90 2 3 56 16 43 3 4 72 8 75 29 66 3 2 171 17 192 28 151 2 5 155 27 222 3 4 174 9 159 27 183 3 6 59 18 54 30 62 3 7 158 13 195 25 188 3 1 78 5 89 10 99 2 8 54 21 47 1 16 68 3 7 30 21 23 28 32 2 9 140 27 110 2 7 111 10 100 3 6 63 12 69 17 75 3 2 212 17 166 28 214 3 1 130 15 159 30 125 2 14 126 22 106 3 7 162 13 184 25 159 2 13 27 29 31 3 6 31 17 35 28 29 2 5 174 27 186 2 14 122 19 114 3 4 13 20 14 28 12 2 18 194 21 164 3 11 120 23 104 26 90 3 14 43 20 39 22 37 3 2 42 20 33 23 37 3 4 218 9 196 27 203 2 24 167 25 186 3 11 167 15 187 30 179
35 3 1 109 5 90 10 77 3 4 230 9 162 27 181 3 2 179 17 215 28 151 3 7 187 13 157 25 187 3 4 232 9 185 27 183 2 3 56 16 45 2 5 190 27 174 3 6 69 18 54 30 48 3 1 133 15 132 30 119 2 8 48 21 43 2 9 146 27 113 2 7 81 10 77 2 18 136 21 168 3 18 85 21 71 24 95 3 11 150 25 122 30 128 3 4 162 9 161 27 202 3 6 80 12 67 17 65 2 18 159 22 191 2 13 31 29 34 1 16 57 2 3 45 16 47 2 14 107 22 102 3 11 173 25 155 30 146 3 2 41 20 41 23 38 3 6 31 17 30 28 33 2 14 142 19 119 3 4 15 20 14 28 15 3 4 66 8 55 29 69 3 6 37 17 37 28 32 3 14 49 20 40 22 53 2 24 143 25 190 3 11 135 15 192 30 174 2 18 155 27 182 3 11 104 23 118 26 116 3 7 28 21 25 28 26
35 3 4 13 20 13 28 13 3 1 88 5 92 10 103 3 2 194 17 180 28 163 3 6 68 12 69 17 80 2 3 50 16 52 3 4 208 9 171 27 231 3 6 50 18 50 30 59 3 11 152 15 138 30 188 2 14 138 19 137 2 5 164 27 187 3 7 190 13 192 25 136 2 8 56 21 51 2 9 109 27 111 2 3 57 16 61 2 7 83 10 110 3 11 145 25 134 30 151 3 4 234 9 182 27 223 2 13 34 29 24 3 6 32 17 26 28 32 2 3 51 16 44 2 14 120 22 137 3 1 129 15 112 30 128 1 16 70 3 7 32 21 24 28 28 2 18 142 22 140 3 2 172 17 166 28 179 2 18 172 21 184 3 14 46 20 51 22 47 3 11 100 23 119 26 122 3 2 40 20 40 23 28 3 7 181 13 143 25 170 3 18 73 21 81 24 81 3 4 73 8 64 29 63 2 24 138 25 187 2 18 160 27 187
35 3 4 13 20 13 28 13 3 1 88 5 92 10 103 3 2 194 17 180 28 163 3 6 68 12 69 17 80 2 3 50 16 52 3 4 208 9 171 27 231 3 6 50 18 50 30 59 3 11 152 15 138 30 188 2 14 138 19 137 2 5 164 27 187 3 7 190 13 192 25 136 2 8 56 21 51 2 9 109 27 111 2 3 57 16 61 2 7 83 10 110 3 11 145 25 134 30 151 3 4 234 9 182 27 223 2 13 34 29 24 3 6 32 17 26 28 32 2 3 51 16 44 2 14 120 22 137 3 1 129 15 112 30 128 1 16 70 3 7 32 21 24 28 28 2 18 142 22 140 3 2 172 17 166 28 179 2 18 172 21 184 3 14 46 20 51 22 47 3 11 100 23 119 26 122 3 2 40 20 40 23 28 3 7 181 13 143 25 170 3 18 73 21 81 24 81 3 4 73 8 64 29 63 2 24 138 25 187 2 18 160 27 187
36 3 11 188 15 171 30 187 2 18 192 22 174 3 1 82 5 74 10 89 1 16 56 3 6 32 17 37 28 30 2 8 49 21 61 2 18 166 22 141 3 2 164 17 218 28 162 3 6 31 17 36 28 34 2 3 48 16 60 2 8 61 21 49 3 14 54 20 41 22 49 3 4 204 9 230 27 199 2 5 168 27 226 3 6 71 18 67 30 52 3 7 144 13 173 25 182 2 9 156 27 158 2 7 87 10 87 2 18 138 21 164 3 11 136 25 147 30 152 2 14 113 22 123 3 6 82 12 72 17 71 2 13 28 29 32 3 1 152 15 120 30 129 2 14 159 19 113 3 4 16 20 13 28 13 3 7 169 13 185 25 171 3 4 53 8 69 29 70 3 2 29 20 35 23 36 3 11 125 23 108 26 111 3 2 36 20 29 23 30 3 18 81 21 79 24 74 2 24 190 25 142 3 2 42 20 30 23 41 2 18 212 27 151 3 7 34 21 31 28 30
32 3 14 41 20 40 22 42 2 18 200 21 196 3 6 48 18 54 30 69 3 1 89 5 98 10 108 3 2 202 17 192 28 179 2 3 61 16 45 1 16 61 3 4 218 9 172 27 171 2 5 167 27 186 2 18 210 27 152 3 6 55 18 69 30 64 3 7 183 13 173 25 141 2 8 63 21 57 2 24 135 25 141 3 18 80 21 94 24 79 2 9 129 27 105 2 7 84 10 87 3 11 132 25 153 30 181 2 13 29 29 31 3 1 138 15 136 30 140 2 18 162 22 168 3 6 75 12 68 17 65 2 14 103 22 99 3 6 36 17 33 28 26 2 14 126 22 109 3 4 67 8 60 29 72 2 14 114 19 147 3 4 15 20 12 28 12 3 2 35 20 34 23 35 3 11 156 15 143 30 145 3 7 34 21 29 28 31 3 11 85 23 94 26 119
38 3 1 84 5 99 10 106 3 11 157 25 166 30 179 3 2 183 17 188 28 183 2 3 48 16 58 3 11 179 25 129 30 136 3 4 222 9 219 27 207 2 5 206 27 160 3 14 55 20 45 22 45 3 6 58 18 67 30 59 2 5 223 27 218 2 8 43 21 60 3 7 167 13 170 25 189 2 9 144 27 119 2 7 78 10 100 3 6 63 12 60 17 57 3 7 184 13 172 25 174 2 13 23 29 29 2 14 127 22 103 3 1 143 15 108 30 149 2 24 144 25 168 3 11 127 25 130 30 129 1 16 69 3 6 30 17 26 28 38 2 18 181 22 140 3 4 58 8 58 29 61 2 5 169 27 218 3 18 82 21 94 24 76 2 14 114 19 117 3 11 136 15 163 30 178 2 18 187 21 200 3 14 52 20 50 22 38 3 4 14 20 12 28 14 2 14 113 22 114 3 2 34 20 30 23 29 3 11 91 23 119 26 102 2 18 137 21 158 2 18 211 27 176 3 7 28 21 27 28 27
34 3 1 76 5 95 10 77 3 6 80 12 62 17 81 3 1 152 15 153 30 153 2 5 222 27 177 3 1 91 5 93 10 86 3 2 186 17 205 28 188 2 5 193 27 187 3 14 47 20 49 22 52 2 3 42 16 46 3 4 228 9 216 27 180 3 11 99 23 108 26 94 2 24 168 25 184 3 6 71 18 66 30 49 3 7 170 13 132 25 170 2 8 62 21 63 2 9 121 27 113 2 7 78 10 111 2 18 154 21 178 3 11 182 25 146 30 151 2 18 158 22 175 2 14 133 22 113 2 14 137 19 119 3 4 158 9 222 27 201 2 13 32 29 32 1 16 64 3 1 126 15 113 30 123 3 6 35 17 27 28 33 3 4 13 20 11 28 14 3 2 30 20 36 23 33 3 18 98 21 65 24 89 2 18 147 27 170 3 7 32 21 28 28 24 3 11 145 15 169 30 170 3 4 73 8 53 29 74
36 3 1 103 5 86 10 74 3 2 189 17 188 28 186 2 3 58 16 43 3 4 171 9 167 27 211 3 11 153 15 174 30 157 2 9 119 27 117 2 5 158 27 180 3 11 173 15 187 30 163 3 4 72 8 51 29 71 3 1 89 5 84 10 83 3 6 68 18 57 30 48 3 7 168 13 130 25 164 2 13 30 29 33 3 6 55 12 67 17 79 2 8 61 21 47 3 6 60 12 68 17 69 2 24 138 25 179 2 7 87 10 84 3 2 36 20 40 23 33 3 11 102 23 87 26 114 2 18 193 21 204 3 11 165 25 145 30 138 3 4 13 20 12 28 15 2 8 43 21 47 3 1 134 15 127 30 155 2 14 99 22 134 2 3 47 16 58 1 16 71 3 7 23 21 29 28 33 3 6 37 17 27 28 31 3 7 28 21 24 28 27 2 18 143 22 139 2 14 117 19 123 3 14 45 20 38 22 41 3 18 96 21 91 24 96 2 18 184 27 188
35 3 1 88 5 110 10 84 3 4 157 9 214 27 190 3 2 166 17 169 28 207 3 7 147 13 163 25 172 3 4 187 9 232 27 165 2 3 45 16 54 2 5 193 27 176 3 6 51 18 62 30 59 3 1 156 15 121 30 158 2 8 45 21 63 2 9 151 27 151 2 7 94 10 111 2 18 144 21 179 3 18 72 21 80 24 97 3 11 140 25 144 30 155 3 4 229 9 175 27 170 3 6 58 12 66 17 58 2 18 155 22 154 2 13 28 29 27 1 16 59 2 3 57 16 45 2 14 118 22 112 3 11 152 25 133 30 124 3 2 37 20 34 23 40 3 6 34 17 26 28 30 2 14 128 19 127 3 4 11 20 15 28 11 3 4 74 8 67 29 54 3 6 32 17 37 28 35 3 14 56 20 54 22 44 2 24 173 25 191 3 11 141 15 193 30 192 2 18 164 27 174 3 11 96 23 125 26 119 3 7 33 21 27 28 25
DUE_DATES: 7902 7617 7429 7429 7429 6883 6883 7308 6184 6184 6184 6721 7636 7636 7636 6751 6751 6717 6717 6383 6383 6383 6698 6630 6728 6720 7765 7765 6815 6598 6598 6473 6084 6606 6265 6265 6242 6242 7896 7727 7577 6528 6656 6656 6545 5794 7690 6666 6250 6649
WEIGHTS: 3 3 1 2 1 3 2 1 3 2 3 2 1 3 1 1 1 2 1 3 1 1 3 3 2 3 2 1 3 2 1 3 1 1 3 3 3 2 3 1 2 1 2 2 2 3 3 3 3 2
