50 30
37 2 1 99 27 93 3 2 127 3 171 6 115 4 3 108 5 106 14 113 25 85 1 29 172 2 1 80 27 69 2 18 185 30 186 1 29 154 3 7 86 8 66 24 72 2 14 1 15 1 3 2 133 4 121 16 133 3 5 105 18 141 21 132 2 1 28 16 26 2 9 52 13 56 2 5 175 12 177 3 6 193 8 169 19 184 2 1 31 16 32 3 8 161 18 115 23 139 3 4 161 20 136 28 125 2 19 12 28 13 1 29 203 3 10 101 23 121 24 120 2 5 183 11 127 3 6 18 12 22 17 21 3 13 104 19 101 23 100 3 7 153 25 219 26 161 3 6 110 14 102 27 105 1 29 184 2 7 75 22 86 2 19 11 30 8 3 10 129 23 104 24 90 2 15 78 17 88 3 6 91 10 89 24 92 3 5 83 7 106 23 89 3 5 77 21 85 25 85 2 22 1 27 1 3 6 78 10 70 24 76 2 25 82 28 78
37 2 1 99 27 93 3 2 127 3 171 6 115 4 3 108 5 106 14 113 25 85 1 29 172 2 1 80 27 69 2 18 185 30 186 1 29 154 3 7 86 8 66 24 72 2 14 1 15 1 3 2 133 4 121 16 133 3 5 105 18 141 21 132 2 1 28 16 26 2 9 52 13 56 2 5 175 12 177 3 6 193 8 169 19 184 2 1 31 16 32 3 8 161 18 115 23 139 3 4 161 20 136 28 125 2 19 12 28 13 1 29 203 3 10 101 23 121 24 120 2 5 183 11 127 3 6 18 12 22 17 21 3 13 104 19 101 23 100 3 7 153 25 219 26 161 3 6 110 14 102 27 105 1 29 184 2 7 75 22 86 2 19 11 30 8 3 10 129 23 104 24 90 2 15 78 17 88 3 6 91 10 89 24 92 3 5 83 7 106 23 89 3 5 77 21 85 25 85 2 22 1 27 1 3 6 78 10 70 24 76 2 25 82 28 78
37 2 1 99 27 93 3 2 127 3 171 6 115 4 3 108 5 106 14 113 25 85 1 29 172 2 1 80 27 69 2 18 185 30 186 1 29 154 3 7 86 8 66 24 72 2 14 1 15 1 3 2 133 4 121 16 133 3 5 105 18 141 21 132 2 1 28 16 26 2 9 52 13 56 2 5 175 12 177 3 6 193 8 169 19 184 2 1 31 16 32 3 8 161 18 115 23 139 3 4 161 20 136 28 125 2 19 12 28 13 1 29 203 3 10 101 23 121 24 120 2 5 183 11 127 3 6 18 12 22 17 21 3 13 104 19 101 23 100 3 7 153 25 219 26 161 3 6 110 14 102 27 105 1 29 184 2 7 75 22 86 2 19 11 30 8 3 10 129 23 104 24 90 2 15 78 17 88 3 6 91 10 89 24 92 3 5 83 7 106 23 89 3 5 77 21 85 25 85 2 22 1 27 1 3 6 78 10 70 24 76 2 25 82 28 78
37 2 1 99 27 93 3 2 127 3 171 6 115 4 3 108 5 106 14 113 25 85 1 29 172 2 1 80 27 69 2 18 185 30 186 1 29 154 3 7 86 8 66 24 72 2 14 1 15 1 3 2 133 4 121 16 133 3 5 105 18 141 21 132 2 1 28 16 26 2 9 52 13 56 2 5 175 12 177 3 6 193 8 169 19 184 2 1 31 16 32 3 8 161 18 115 23 139 3 4 161 20 136 28 125 2 19 12 28 13 1 29 203 3 10 101 23 121 24 120 2 5 183 11 127 3 6 18 12 22 17 21 3 13 104 19 101 23 100 3 7 153 25 219 26 161 3 6 110 14 102 27 105 1 29 184 2 7 75 22 86 2 19 11 30 8 3 10 129 23 104 24 90 2 15 78 17 88 3 6 91 10 89 24 92 3 5 83 7 106 23 89 3 5 77 21 85 25 85 2 22 1 27 1 3 6 78 10 70 24 76 2 25 82 28 78
33 2 1 91 27 83 3 2 143 3 169 6 145 3 6 20 12 20 17 20 4 3 105 5 104 14 86 25 94 3 2 135 4 94 16 96 2 5 157 12 185 3 6 215 8 172 19 180 3 7 59 8 65 24 72 3 8 141 18 123 23 163 2 19 10 30 10 2 9 46 13 58 3 6 23 12 21 17 21 3 10 116 23 123 24 129 2 5 141 11 165 3 5 85 7 104 23 122 3 13 140 19 129 23 131 3 6 115 14 122 27 136 2 14 1 15 1 2 1 35 16 36 1 29 190 2 18 179 30 154 2 15 66 17 81 2 19 12 28 14 2 5 140 11 149 3 4 153 20 121 28 136 3 5 75 21 95 25 100 3 5 111 18 96 21 111 3 13 144 19 134 23 128 3 6 100 10 96 24 84 2 7 64 22 69 3 7 167 25 192 26 160 2 25 85 28 77 2 22 2 27 1
33 2 1 91 27 83 3 2 143 3 169 6 145 3 6 20 12 20 17 20 4 3 105 5 104 14 86 25 94 3 2 135 4 94 16 96 2 5 157 12 185 3 6 215 8 172 19 180 3 7 59 8 65 24 72 3 8 141 18 123 23 163 2 19 10 30 10 2 9 46 13 58 3 6 23 12 21 17 21 3 10 116 23 123 24 129 2 5 141 11 165 3 5 85 7 104 23 122 3 13 140 19 129 23 131 3 6 115 14 122 27 136 2 14 1 15 1 2 1 35 16 36 1 29 190 2 18 179 30 154 2 15 66 17 81 2 19 12 28 14 2 5 140 11 149 3 4 153 20 121 28 136 3 5 75 21 95 25 100 3 5 111 18 96 21 111 3 13 144 19 134 23 128 3 6 100 10 96 24 84 2 7 64 22 69 3 7 167 25 192 26 160 2 25 85 28 77 2 22 2 27 1
33 2 1 91 27 83 3 2 143 3 169 6 145 3 6 20 12 20 17 20 4 3 105 5 104 14 86 25 94 3 2 135 4 94 16 96 2 5 157 12 185 3 6 215 8 172 19 180 3 7 59 8 65 24 72 3 8 141 18 123 23 163 2 19 10 30 10 2 9 46 13 58 3 6 23 12 21 17 21 3 10 116 23 123 24 129 2 5 141 11 165 3 5 85 7 104 23 122 3 13 140 19 129 23 131 3 6 115 14 122 27 136 2 14 1 15 1 2 1 35 16 36 1 29 190 2 18 179 30 154 2 15 66 17 81 2 19 12 28 14 2 5 140 11 149 3 4 153 20 121 28 136 3 5 75 21 95 25 100 3 5 111 18 96 21 111 3 13 144 19 134 23 128 3 6 100 10 96 24 84 2 7 64 22 69 3 7 167 25 192 26 160 2 25 85 28 77 2 22 2 27 1
38 4 3 100 5 95 14 102 25 84 3 7 188 25 160 26 186 2 1 72 27 81 3 2 170 3 118 6 168 4 3 111 5 86 14 92 25 93 3 2 134 4 138 16 114 3 2 136 3 128 6 148 2 25 95 28 101 2 18 167 30 184 3 5 103 7 108 23 101 2 5 155 12 180 3 6 205 8 147 19 178 3 6 96 14 109 27 97 3 7 82 8 66 24 80 3 6 157 8 150 19 191 2 15 74 17 68 3 4 162 20 122 28 146 2 18 144 30 168 3 13 108 19 131 23 142 2 5 185 12 161 3 8 156 18 160 23 124 2 9 58 13 58 3 10 109 23 130 24 127 2 5 153 11 169 2 19 13 28 13 3 2 100 4 116 16 93 3 6 72 10 97 24 78 3 6 18 12 23 17 16 2 14 1 15 1 3 6 102 10 96 24 82 2 1 27 16 35 1 29 194 2 7 86 22 69 2 9 44 13 53 3 5 125 18 141 21 117 2 19 8 30 8 3 5 93 21 104 25 99 2 22 2 27 1
38 4 3 100 5 95 14 102 25 84 3 7 188 25 160 26 186 2 1 72 27 81 3 2 170 3 118 6 168 4 3 111 5 86 14 92 25 93 3 2 134 4 138 16 114 3 2 136 3 128 6 148 2 25 95 28 101 2 18 167 30 184 3 5 103 7 108 23 101 2 5 155 12 180 3 6 205 8 147 19 178 3 6 96 14 109 27 97 3 7 82 8 66 24 80 3 6 157 8 150 19 191 2 15 74 17 68 3 4 162 20 122 28 146 2 18 144 30 168 3 13 108 19 131 23 142 2 5 185 12 161 3 8 156 18 160 23 124 2 9 58 13 58 3 10 109 23 130 24 127 2 5 153 11 169 2 19 13 28 13 3 2 100 4 116 16 93 3 6 72 10 97 24 78 3 6 18 12 23 17 16 2 14 1 15 1 3 6 102 10 96 24 82 2 1 27 16 35 1 29 194 2 7 86 22 69 2 9 44 13 53 3 5 125 18 141 21 117 2 19 8 30 8 3 5 93 21 104 25 99 2 22 2 27 1
38 4 3 100 5 95 14 102 25 84 3 7 188 25 160 26 186 2 1 72 27 81 3 2 170 3 118 6 168 4 3 111 5 86 14 92 25 93 3 2 134 4 138 16 114 3 2 136 3 128 6 148 2 25 95 28 101 2 18 167 30 184 3 5 103 7 108 23 101 2 5 155 12 180 3 6 205 8 147 19 178 3 6 96 14 109 27 97 3 7 82 8 66 24 80 3 6 157 8 150 19 191 2 15 74 17 68 3 4 162 20 122 28 146 2 18 144 30 168 3 13 108 19 131 23 142 2 5 185 12 161 3 8 156 18 160 23 124 2 9 58 13 58 3 10 109 23 130 24 127 2 5 153 11 169 2 19 13 28 13 3 2 100 4 116 16 93 3 6 72 10 97 24 78 3 6 18 12 23 17 16 2 14 1 15 1 3 6 102 10 96 24 82 2 1 27 16 35 1 29 194 2 7 86 22 69 2 9 44 13 53 3 5 125 18 141 21 117 2 19 8 30 8 3 5 93 21 104 25 99 2 22 2 27 1
36 2 1 79 27 99 3 2 126 3 142 6 133 4 3 108 5 111 14 101 25 101 3 8 161 18 124 23 148 3 2 136 4 108 16 95 2 5 133 12 149 3 6 189 8 210 19 197 2 5 155 12 176 3 7 80 8 64 24 88 2 9 45 13 55 3 10 97 23 95 24 110 2 5 160 11 137 3 6 78 10 75 24 76 2 7 82 22 81 3 6 16 12 21 17 21 3 13 132 19 121 23 136 4 3 79 5 112 14 79 25 85 3 6 104 14 101 27 102 2 14 1 15 1 2 22 2 27 1 2 1 35 16 25 2 19 13 28 11 2 22 2 27 1 2 15 96 17 73 3 2 111 4 114 16 100 2 18 167 30 194 3 4 130 20 151 28 134 3 5 117 18 100 21 132 3 5 108 7 94 23 89 3 5 78 21 102 25 105 2 5 136 12 160 3 7 175 25 219 26 217 2 25 92 28 100 1 29 186 2 22 2 27 2 2 19 11 30 9
36 2 1 79 27 99 3 2 126 3 142 6 133 4 3 108 5 111 14 101 25 101 3 8 161 18 124 23 148 3 2 136 4 108 16 95 2 5 133 12 149 3 6 189 8 210 19 197 2 5 155 12 176 3 7 80 8 64 24 88 2 9 45 13 55 3 10 97 23 95 24 110 2 5 160 11 137 3 6 78 10 75 24 76 2 7 82 22 81 3 6 16 12 21 17 21 3 13 132 19 121 23 136 4 3 79 5 112 14 79 25 85 3 6 104 14 101 27 102 2 14 1 15 1 2 22 2 27 1 2 1 35 16 25 2 19 13 28 11 2 22 2 27 1 2 15 96 17 73 3 2 111 4 114 16 100 2 18 167 30 194 3 4 130 20 151 28 134 3 5 117 18 100 21 132 3 5 108 7 94 23 89 3 5 78 21 102 25 105 2 5 136 12 160 3 7 175 25 219 26 217 2 25 92 28 100 1 29 186 2 22 2 27 2 2 19 11 30 9
35 2 1 74 27 75 3 2 170 3 134 6 162 3 7 156 25 187 26 209 4 3 111 5 78 14 100 25 105 3 2 138 4 126 16 93 3 7 199 25 216 26 155 2 5 185 12 179 3 6 176 8 179 19 153 3 7 61 8 77 24 59 3 8 160 18 121 23 117 2 15 95 17 67 2 9 50 13 53 3 7 216 25 165 26 217 3 10 112 23 122 24 112 3 2 105 4 102 16 131 3 13 132 19 132 23 102 3 6 133 14 96 27 123 2 5 124 11 126 2 22 1 27 2 3 6 20 12 17 17 23 4 3 77 5 82 14 80 25 86 2 25 78 28 111 2 14 1 15 1 2 19 9 30 9 2 1 33 16 34 2 18 138 30 141 3 4 162 20 164 28 123 2 19 13 28 14 3 5 94 18 98 21 119 2 7 85 22 71 3 5 85 7 117 23 103 3 6 73 10 92 24 77 2 25 85 28 85 1 29 173 3 5 97 21 95 25 101
33 2 1 82 27 83 3 7 198 25 154 26 185 3 2 133 3 126 6 140 3 5 107 18 136 21 119 3 7 63 8 65 24 84 4 3 88 5 106 14 86 25 80 3 5 94 21 88 25 104 3 2 139 3 147 6 129 3 6 18 12 23 17 19 3 10 131 23 106 24 104 3 2 136 4 132 16 106 2 5 168 12 151 2 7 86 22 76 3 6 148 8 163 19 159 3 8 131 18 126 23 114 2 1 86 27 76 2 9 57 13 49 2 5 179 11 141 3 13 132 19 102 23 99 2 15 82 17 66 3 6 121 14 122 27 106 2 25 88 28 100 2 14 1 15 1 2 1 35 16 28 2 18 169 30 165 3 4 124 20 172 28 160 2 19 11 28 11 3 8 122 18 117 23 157 1 29 199 3 5 119 7 102 23 119 3 6 87 10 92 24 75 2 22 1 27 2 2 19 10 30 11
33 2 1 82 27 83 3 7 198 25 154 26 185 3 2 133 3 126 6 140 3 5 107 18 136 21 119 3 7 63 8 65 24 84 4 3 88 5 106 14 86 25 80 3 5 94 21 88 25 104 3 2 139 3 147 6 129 3 6 18 12 23 17 19 3 10 131 23 106 24 104 3 2 136 4 132 16 106 2 5 168 12 151 2 7 86 22 76 3 6 148 8 163 19 159 3 8 131 18 126 23 114 2 1 86 27 76 2 9 57 13 49 2 5 179 11 141 3 13 132 19 102 23 99 2 15 82 17 66 3 6 121 14 122 27 106 2 25 88 28 100 2 14 1 15 1 2 1 35 16 28 2 18 169 30 165 3 4 124 20 172 28 160 2 19 11 28 11 3 8 122 18 117 23 157 1 29 199 3 5 119 7 102 23 119 3 6 87 10 92 24 75 2 22 1 27 2 2 19 10 30 11
33 2 1 82 27 83 3 7 198 25 154 26 185 3 2 133 3 126 6 140 3 5 107 18 136 21 119 3 7 63 8 65 24 84 4 3 88 5 106 14 86 25 80 3 5 94 21 88 25 104 3 2 139 3 147 6 129 3 6 18 12 23 17 19 3 10 131 23 106 24 104 3 2 136 4 132 16 106 2 5 168 12 151 2 7 86 22 76 3 6 148 8 163 19 159 3 8 131 18 126 23 114 2 1 86 27 76 2 9 57 13 49 2 5 179 11 141 3 13 132 19 102 23 99 2 15 82 17 66 3 6 121 14 122 27 106 2 25 88 28 100 2 14 1 15 1 2 1 35 16 28 2 18 169 30 165 3 4 124 20 172 28 160 2 19 11 28 11 3 8 122 18 117 23 157 1 29 199 3 5 119 7 102 23 119 3 6 87 10 92 24 75 2 22 1 27 2 2 19 10 30 11
32 2 5 182 12 145 3 6 100 10 84 24 76 2 1 71 27 68 3 2 163 3 170 6 128 3 2 117 4 135 16 103 4 3 96 5 76 14 103 25 103 3 5 136 18 121 21 126 3 6 201 8 163 19 159 3 7 66 8 66 24 76 2 25 93 28 76 2 5 160 11 130 3 6 23 12 20 17 16 3 8 139 18 136 23 156 2 14 1 15 1 2 7 66 22 67 3 10 93 23 113 24 122 2 19 13 28 16 4 3 92 5 109 14 89 25 89 2 19 9 30 9 2 9 45 13 58 3 13 137 19 121 23 118 3 6 120 14 127 27 134 4 3 95 5 107 14 100 25 102 2 1 30 16 28 2 15 73 17 73 2 18 182 30 193 3 4 169 20 155 28 132 3 5 92 7 111 23 98 3 5 109 21 92 25 105 1 29 171 3 7 165 25 186 26 178 2 22 2 27 1
35 2 1 27 16 33 3 10 129 23 125 24 92 2 1 34 16 33 2 1 95 27 67 3 2 169 3 171 6 164 3 2 129 4 111 16 125 3 6 122 14 112 27 129 4 3 90 5 108 14 108 25 93 2 5 185 12 187 3 6 182 8 160 19 151 3 7 72 8 75 24 68 3 8 122 18 133 23 133 3 5 121 18 123 21 117 2 19 11 30 8 3 4 171 20 163 28 155 2 18 154 30 182 2 15 81 17 94 3 2 119 4 95 16 125 2 9 53 13 55 2 5 156 11 140 3 2 104 4 97 16 118 3 6 22 12 20 17 16 2 18 171 30 143 3 13 106 19 101 23 98 2 14 1 15 1 2 25 87 28 101 2 19 15 28 13 3 5 98 7 124 23 101 2 7 83 22 87 3 6 83 10 104 24 93 1 29 171 3 5 80 21 93 25 95 3 2 119 3 120 6 150 3 7 218 25 197 26 221 2 22 1 27 1
35 2 1 27 16 33 3 10 129 23 125 24 92 2 1 34 16 33 2 1 95 27 67 3 2 169 3 171 6 164 3 2 129 4 111 16 125 3 6 122 14 112 27 129 4 3 90 5 108 14 108 25 93 2 5 185 12 187 3 6 182 8 160 19 151 3 7 72 8 75 24 68 3 8 122 18 133 23 133 3 5 121 18 123 21 117 2 19 11 30 8 3 4 171 20 163 28 155 2 18 154 30 182 2 15 81 17 94 3 2 119 4 95 16 125 2 9 53 13 55 2 5 156 11 140 3 2 104 4 97 16 118 3 6 22 12 20 17 16 2 18 171 30 143 3 13 106 19 101 23 98 2 14 1 15 1 2 25 87 28 101 2 19 15 28 13 3 5 98 7 124 23 101 2 7 83 22 87 3 6 83 10 104 24 93 1 29 171 3 5 80 21 93 25 95 3 2 119 3 120 6 150 3 7 218 25 197 26 221 2 22 1 27 1
35 2 1 27 16 33 3 10 129 23 125 24 92 2 1 34 16 33 2 1 95 27 67 3 2 169 3 171 6 164 3 2 129 4 111 16 125 3 6 122 14 112 27 129 4 3 90 5 108 14 108 25 93 2 5 185 12 187 3 6 182 8 160 19 151 3 7 72 8 75 24 68 3 8 122 18 133 23 133 3 5 121 18 123 21 117 2 19 11 30 8 3 4 171 20 163 28 155 2 18 154 30 182 2 15 81 17 94 3 2 119 4 95 16 125 2 9 53 13 55 2 5 156 11 140 3 2 104 4 97 16 118 3 6 22 12 20 17 16 2 18 171 30 143 3 13 106 19 101 23 98 2 14 1 15 1 2 25 87 28 101 2 19 15 28 13 3 5 98 7 124 23 101 2 7 83 22 87 3 6 83 10 104 24 93 1 29 171 3 5 80 21 93 25 95 3 2 119 3 120 6 150 3 7 218 25 197 26 221 2 22 1 27 1
35 2 1 27 16 33 3 10 129 23 125 24 92 2 1 34 16 33 2 1 95 27 67 3 2 169 3 171 6 164 3 2 129 4 111 16 125 3 6 122 14 112 27 129 4 3 90 5 108 14 108 25 93 2 5 185 12 187 3 6 182 8 160 19 151 3 7 72 8 75 24 68 3 8 122 18 133 23 133 3 5 121 18 123 21 117 2 19 11 30 8 3 4 171 20 163 28 155 2 18 154 30 182 2 15 81 17 94 3 2 119 4 95 16 125 2 9 53 13 55 2 5 156 11 140 3 2 104 4 97 16 118 3 6 22 12 20 17 16 2 18 171 30 143 3 13 106 19 101 23 98 2 14 1 15 1 2 25 87 28 101 2 19 15 28 13 3 5 98 7 124 23 101 2 7 83 22 87 3 6 83 10 104 24 93 1 29 171 3 5 80 21 93 25 95 3 2 119 3 120 6 150 3 7 218 25 197 26 221 2 22 1 27 1
35 2 1 27 16 33 3 10 129 23 125 24 92 2 1 34 16 33 2 1 95 27 67 3 2 169 3 171 6 164 3 2 129 4 111 16 125 3 6 122 14 112 27 129 4 3 90 5 108 14 108 25 93 2 5 185 12 187 3 6 182 8 160 19 151 3 7 72 8 75 24 68 3 8 122 18 133 23 133 3 5 121 18 123 21 117 2 19 11 30 8 3 4 171 20 163 28 155 2 18 154 30 182 2 15 81 17 94 3 2 119 4 95 16 125 2 9 53 13 55 2 5 156 11 140 3 2 104 4 97 16 118 3 6 22 12 20 17 16 2 18 171 30 143 3 13 106 19 101 23 98 2 14 1 15 1 2 25 87 28 101 2 19 15 28 13 3 5 98 7 124 23 101 2 7 83 22 87 3 6 83 10 104 24 93 1 29 171 3 5 80 21 93 25 95 3 2 119 3 120 6 150 3 7 218 25 197 26 221 2 22 1 27 1
33 2 1 74 27 72 3 7 202 25 160 26 209 3 2 165 3 115 6 160 3 5 136 18 96 21 110 3 7 62 8 59 24 68 4 3 86 5 101 14 88 25 107 3 5 99 21 101 25 107 3 2 130 3 164 6 132 3 6 20 12 21 17 21 3 10 111 23 114 24 105 3 2 128 4 116 16 129 2 5 174 12 163 2 7 64 22 83 3 6 173 8 183 19 154 3 8 161 18 138 23 160 2 1 92 27 72 2 9 60 13 58 2 5 160 11 134 3 13 106 19 110 23 115 2 15 81 17 69 3 6 119 14 123 27 95 2 25 82 28 102 2 14 1 15 1 2 1 32 16 30 2 18 178 30 191 3 4 130 20 157 28 162 2 19 14 28 14 3 8 145 18 143 23 124 1 29 194 3 5 114 7 88 23 85 3 6 73 10 75 24 75 2 22 1 27 2 2 19 8 30 8
36 3 6 91 10 91 24 101 2 1 80 27 73 3 2 115 3 119 6 146 4 3 106 5 95 14 82 25 90 3 2 128 4 130 16 106 3 6 84 10 81 24 74 2 5 135 12 146 2 5 159 11 146 3 6 174 8 147 19 204 3 7 67 8 62 24 83 3 2 103 4 137 16 120 3 8 158 18 136 23 135 2 5 142 11 152 2 1 28 16 25 3 6 20 12 18 17 18 2 9 58 13 45 3 10 125 23 91 24 109 3 13 101 19 107 23 111 2 19 10 30 8 2 15 69 17 71 3 6 98 14 122 27 123 2 14 1 15 1 2 18 176 30 193 2 19 14 28 13 3 4 142 20 155 28 162 2 15 70 17 73 2 7 69 22 78 2 15 89 17 66 3 5 118 18 133 21 137 3 5 117 7 84 23 100 3 5 84 21 102 25 102 3 7 204 25 208 26 192 1 29 151 2 7 79 22 87 2 22 2 27 1 2 25 112 28 110
35 2 1 73 27 74 3 2 154 3 167 6 159 3 7 158 25 208 26 155 4 3 100 5 93 14 83 25 77 3 2 105 4 121 16 93 3 7 214 25 200 26 165 2 5 188 12 156 3 6 200 8 188 19 173 3 7 70 8 60 24 87 3 8 143 18 139 23 168 2 15 68 17 69 2 9 48 13 59 3 7 182 25 154 26 211 3 10 96 23 120 24 126 3 2 135 4 125 16 95 3 13 144 19 101 23 100 3 6 130 14 110 27 126 2 5 135 11 128 2 22 1 27 1 3 6 22 12 17 17 18 4 3 98 5 84 14 97 25 80 2 25 84 28 104 2 14 1 15 1 2 19 8 30 11 2 1 32 16 28 2 18 172 30 137 3 4 158 20 147 28 148 2 19 14 28 12 3 5 116 18 125 21 127 2 7 71 22 66 3 5 114 7 118 23 109 3 6 78 10 87 24 84 2 25 112 28 85 1 29 220 3 5 96 21 87 25 91
33 2 1 95 27 92 3 2 167 3 144 6 121 3 6 22 12 22 17 17 4 3 85 5 85 14 104 25 99 3 2 118 4 130 16 117 2 5 127 12 173 3 6 146 8 154 19 200 3 7 84 8 81 24 74 3 8 136 18 115 23 118 2 19 9 30 9 2 9 45 13 53 3 6 18 12 16 17 16 3 10 112 23 121 24 99 2 5 131 11 164 3 5 106 7 95 23 95 3 13 96 19 122 23 129 3 6 108 14 119 27 105 2 14 1 15 1 2 1 31 16 28 1 29 161 2 18 147 30 152 2 15 91 17 83 2 19 11 28 15 2 5 149 11 175 3 4 151 20 168 28 131 3 5 105 21 90 25 95 3 5 96 18 116 21 120 3 13 129 19 139 23 115 3 6 74 10 75 24 90 2 7 71 22 72 3 7 168 25 177 26 157 2 25 94 28 113 2 22 1 27 2
38 4 3 98 5 81 14 86 25 93 3 7 168 25 223 26 164 2 1 81 27 87 3 2 167 3 123 6 146 4 3 101 5 91 14 97 25 96 3 2 132 4 119 16 124 3 2 161 3 123 6 143 2 25 107 28 89 2 18 168 30 152 3 5 116 7 94 23 98 2 5 138 12 139 3 6 157 8 213 19 180 3 6 97 14 97 27 137 3 7 82 8 60 24 79 3 6 160 8 166 19 147 2 15 76 17 90 3 4 136 20 151 28 146 2 18 146 30 151 3 13 106 19 130 23 135 2 5 128 12 176 3 8 158 18 165 23 134 2 9 41 13 58 3 10 108 23 106 24 116 2 5 147 11 146 2 19 12 28 12 3 2 106 4 108 16 106 3 6 74 10 80 24 96 3 6 20 12 18 17 19 2 14 1 15 1 3 6 73 10 98 24 97 2 1 27 16 34 1 29 216 2 7 72 22 79 2 9 42 13 48 3 5 107 18 135 21 113 2 19 10 30 10 3 5 86 21 97 25 92 2 22 1 27 2
38 4 3 92 5 82 14 111 25 79 3 7 220 25 172 26 178 2 1 68 27 68 3 2 116 3 162 6 140 4 3 79 5 103 14 112 25 83 3 2 107 4 118 16 121 3 2 137 3 168 6 146 2 25 98 28 85 2 18 174 30 175 3 5 96 7 108 23 114 2 5 136 12 131 3 6 167 8 199 19 177 3 6 124 14 105 27 122 3 7 75 8 83 24 61 3 6 195 8 153 19 144 2 15 92 17 75 3 4 159 20 128 28 167 2 18 182 30 151 3 13 132 19 106 23 97 2 5 162 12 189 3 8 134 18 145 23 148 2 9 54 13 42 3 10 126 23 119 24 95 2 5 185 11 138 2 19 14 28 15 3 2 110 4 109 16 130 3 6 85 10 76 24 82 3 6 19 12 16 17 17 2 14 1 15 1 3 6 84 10 80 24 78 2 1 25 16 31 1 29 167 2 7 61 22 78 2 9 59 13 59 3 5 132 18 96 21 136 2 19 10 30 9 3 5 107 21 97 25 105 2 22 1 27 2
33 3 7 206 25 151 26 223 2 1 95 27 69 3 2 124 3 141 6 153 2 25 79 28 79 4 3 103 5 92 14 108 25 77 3 2 136 4 97 16 116 2 7 88 22 75 3 6 147 8 163 19 168 2 5 188 12 136 2 1 33 16 30 3 5 112 21 94 25 96 3 10 120 23 125 24 92 2 7 76 22 79 3 7 64 8 72 24 62 3 8 129 18 135 23 160 2 9 58 13 46 2 5 162 11 175 3 2 138 4 122 16 137 3 6 18 12 20 17 21 3 13 139 19 141 23 100 2 18 192 30 153 3 6 101 14 93 27 132 2 14 1 15 1 2 15 69 17 65 2 19 11 28 15 2 19 10 30 10 3 4 122 20 172 28 146 3 5 124 18 109 21 120 3 5 89 7 120 23 94 3 6 88 10 90 24 80 2 22 1 27 1 3 10 91 23 117 24 127 1 29 193
33 3 7 206 25 151 26 223 2 1 95 27 69 3 2 124 3 141 6 153 2 25 79 28 79 4 3 103 5 92 14 108 25 77 3 2 136 4 97 16 116 2 7 88 22 75 3 6 147 8 163 19 168 2 5 188 12 136 2 1 33 16 30 3 5 112 21 94 25 96 3 10 120 23 125 24 92 2 7 76 22 79 3 7 64 8 72 24 62 3 8 129 18 135 23 160 2 9 58 13 46 2 5 162 11 175 3 2 138 4 122 16 137 3 6 18 12 20 17 21 3 13 139 19 141 23 100 2 18 192 30 153 3 6 101 14 93 27 132 2 14 1 15 1 2 15 69 17 65 2 19 11 28 15 2 19 10 30 10 3 4 122 20 172 28 146 3 5 124 18 109 21 120 3 5 89 7 120 23 94 3 6 88 10 90 24 80 2 22 1 27 1 3 10 91 23 117 24 127 1 29 193
36 3 6 92 10 99 24 82 2 1 94 27 77 3 2 155 3 147 6 138 4 3 99 5 113 14 111 25 113 3 2 115 4 132 16 134 3 6 91 10 78 24 82 2 5 160 12 171 2 5 149 11 128 3 6 172 8 152 19 155 3 7 64 8 62 24 72 3 2 118 4 103 16 122 3 8 156 18 150 23 128 2 5 151 11 137 2 1 28 16 25 3 6 23 12 19 17 17 2 9 60 13 54 3 10 89 23 110 24 92 3 13 103 19 121 23 105 2 19 10 30 9 2 15 77 17 88 3 6 130 14 100 27 133 2 14 1 15 1 2 18 178 30 189 2 19 12 28 15 3 4 154 20 150 28 159 2 15 66 17 71 2 7 71 22 83 2 15 79 17 66 3 5 109 18 141 21 135 3 5 124 7 91 23 90 3 5 82 21 83 25 84 3 7 174 25 200 26 174 1 29 171 2 7 67 22 73 2 22 2 27 1 2 25 101 28 81
36 3 6 183 8 152 19 176 2 1 77 27 75 3 2 166 3 134 6 129 4 3 82 5 103 14 87 25 113 3 2 143 3 160 6 130 3 2 135 4 99 16 114 1 29 199 3 7 167 25 187 26 208 2 5 130 12 181 3 7 63 8 78 24 75 2 15 96 17 73 3 6 215 8 201 19 175 3 8 152 18 138 23 168 3 10 114 23 103 24 130 2 9 58 13 59 2 5 178 12 179 2 5 183 11 160 3 6 127 14 103 27 117 3 6 17 12 23 17 21 3 5 119 18 106 21 125 3 13 118 19 138 23 109 3 2 117 3 166 6 135 2 14 1 15 1 2 25 111 28 85 2 1 30 16 34 3 5 135 18 111 21 136 2 18 131 30 161 2 19 12 28 12 2 22 2 27 1 3 6 195 8 152 19 154 2 19 10 30 8 3 4 127 20 125 28 145 2 7 78 22 80 3 5 111 7 108 23 106 3 6 78 10 100 24 78 3 5 104 21 87 25 95
40 2 1 66 27 96 3 2 141 3 157 6 115 4 3 106 5 78 14 99 25 90 3 5 82 21 85 25 110 3 2 108 4 121 16 126 3 2 148 3 119 6 170 2 14 1 15 1 2 5 130 12 148 4 3 92 5 92 14 101 25 94 3 8 150 18 128 23 121 4 3 82 5 76 14 83 25 91 3 6 155 8 207 19 174 2 1 76 27 82 3 7 61 8 82 24 73 2 1 31 16 27 2 25 84 28 78 2 1 70 27 74 2 9 48 13 44 2 22 2 27 2 4 3 101 5 97 14 90 25 95 3 10 103 23 128 24 125 2 5 140 11 127 3 6 19 12 21 17 21 3 2 121 3 160 6 138 3 5 114 7 113 23 110 3 6 78 10 79 24 95 3 4 138 20 154 28 135 2 19 9 30 11 3 13 142 19 97 23 117 3 6 117 14 105 27 106 3 5 105 21 97 25 103 2 15 92 17 96 3 5 109 18 119 21 100 1 29 198 4 3 96 5 86 14 88 25 92 2 18 181 30 176 2 19 14 28 11 2 19 8 30 8 3 7 171 25 208 26 210 2 7 67 22 61
40 2 1 66 27 96 3 2 141 3 157 6 115 4 3 106 5 78 14 99 25 90 3 5 82 21 85 25 110 3 2 108 4 121 16 126 3 2 148 3 119 6 170 2 14 1 15 1 2 5 130 12 148 4 3 92 5 92 14 101 25 94 3 8 150 18 128 23 121 4 3 82 5 76 14 83 25 91 3 6 155 8 207 19 174 2 1 76 27 82 3 7 61 8 82 24 73 2 1 31 16 27 2 25 84 28 78 2 1 70 27 74 2 9 48 13 44 2 22 2 27 2 4 3 101 5 97 14 90 25 95 3 10 103 23 128 24 125 2 5 140 11 127 3 6 19 12 21 17 21 3 2 121 3 160 6 138 3 5 114 7 113 23 110 3 6 78 10 79 24 95 3 4 138 20 154 28 135 2 19 9 30 11 3 13 142 19 97 23 117 3 6 117 14 105 27 106 3 5 105 21 97 25 103 2 15 92 17 96 3 5 109 18 119 21 100 1 29 198 4 3 96 5 86 14 88 25 92 2 18 181 30 176 2 19 14 28 11 2 19 8 30 8 3 7 171 25 208 26 210 2 7 67 22 61
40 2 1 84 27 69 3 2 123 3 134 6 167 4 3 89 5 112 14 100 25 100 3 5 100 21 107 25 87 3 2 108 4 93 16 106 3 2 161 3 156 6 153 2 14 1 15 1 2 5 165 12 142 4 3 79 5 113 14 79 25 103 3 8 130 18 164 23 155 4 3 80 5 108 14 97 25 77 3 6 167 8 192 19 166 2 1 78 27 95 3 7 83 8 88 24 59 2 1 32 16 30 2 25 108 28 91 2 1 93 27 99 2 9 52 13 60 2 22 1 27 1 4 3 84 5 79 14 90 25 85 3 10 92 23 101 24 125 2 5 182 11 183 3 6 18 12 20 17 23 3 2 148 3 167 6 166 3 5 96 7 111 23 90 3 6 83 10 82 24 97 3 4 129 20 138 28 167 2 19 10 30 9 3 13 102 19 105 23 122 3 6 100 14 136 27 115 3 5 89 21 110 25 108 2 15 70 17 93 3 5 105 18 116 21 98 1 29 217 4 3 76 5 112 14 85 25 76 2 18 190 30 173 2 19 13 28 15 2 19 8 30 11 3 7 220 25 154 26 199 2 7 66 22 61
33 3 7 79 8 79 24 68 2 1 68 27 94 3 2 126 3 131 6 126 4 3 93 5 93 14 101 25 109 3 5 121 18 139 21 128 3 2 137 4 130 16 120 2 1 85 27 98 3 13 102 19 98 23 128 2 5 178 12 146 3 6 155 8 203 19 156 2 15 93 17 72 3 8 137 18 135 23 134 2 9 46 13 51 2 25 89 28 104 2 5 125 11 173 2 1 32 16 37 3 10 91 23 118 24 122 3 6 23 12 17 17 17 3 6 118 14 114 27 115 2 25 94 28 84 2 14 1 15 1 2 18 151 30 180 2 19 10 30 9 3 7 170 25 155 26 189 2 19 14 28 11 3 5 102 7 96 23 117 3 4 172 20 118 28 164 2 7 80 22 60 3 6 100 10 102 24 74 2 14 1 15 1 3 5 75 21 91 25 85 2 22 1 27 1 1 29 217
33 3 7 79 8 79 24 68 2 1 68 27 94 3 2 126 3 131 6 126 4 3 93 5 93 14 101 25 109 3 5 121 18 139 21 128 3 2 137 4 130 16 120 2 1 85 27 98 3 13 102 19 98 23 128 2 5 178 12 146 3 6 155 8 203 19 156 2 15 93 17 72 3 8 137 18 135 23 134 2 9 46 13 51 2 25 89 28 104 2 5 125 11 173 2 1 32 16 37 3 10 91 23 118 24 122 3 6 23 12 17 17 17 3 6 118 14 114 27 115 2 25 94 28 84 2 14 1 15 1 2 18 151 30 180 2 19 10 30 9 3 7 170 25 155 26 189 2 19 14 28 11 3 5 102 7 96 23 117 3 4 172 20 118 28 164 2 7 80 22 60 3 6 100 10 102 24 74 2 14 1 15 1 3 5 75 21 91 25 85 2 22 1 27 1 1 29 217
33 3 7 214 25 165 26 192 2 1 85 27 98 3 2 136 3 130 6 144 2 25 93 28 110 4 3 104 5 79 14 96 25 89 3 2 99 4 106 16 102 2 7 76 22 76 3 6 155 8 144 19 181 2 5 187 12 164 2 1 30 16 25 3 5 109 21 93 25 109 3 10 91 23 88 24 123 2 7 73 22 70 3 7 65 8 80 24 84 3 8 120 18 138 23 150 2 9 56 13 50 2 5 145 11 155 3 2 119 4 123 16 131 3 6 23 12 19 17 20 3 13 123 19 101 23 100 2 18 185 30 161 3 6 119 14 100 27 140 2 14 1 15 1 2 15 81 17 82 2 19 16 28 13 2 19 9 30 11 3 4 158 20 134 28 119 3 5 104 18 139 21 123 3 5 106 7 124 23 103 3 6 99 10 72 24 91 2 22 1 27 1 3 10 113 23 95 24 95 1 29 209
36 3 6 74 10 101 24 73 2 1 75 27 69 3 2 138 3 143 6 129 4 3 90 5 109 14 101 25 112 3 2 97 4 110 16 135 3 6 71 10 74 24 92 2 5 186 12 166 2 5 165 11 182 3 6 204 8 175 19 194 3 7 67 8 80 24 65 3 2 130 4 117 16 111 3 8 125 18 140 23 169 2 5 160 11 131 2 1 35 16 36 3 6 22 12 22 17 16 2 9 59 13 57 3 10 131 23 88 24 115 3 13 102 19 124 23 132 2 19 9 30 11 2 15 90 17 69 3 6 135 14 138 27 98 2 14 1 15 1 2 18 185 30 188 2 19 11 28 13 3 4 173 20 167 28 128 2 15 71 17 81 2 7 85 22 72 2 15 89 17 71 3 5 107 18 112 21 123 3 5 95 7 107 23 101 3 5 111 21 90 25 109 3 7 205 25 216 26 195 1 29 183 2 7 72 22 79 2 22 1 27 1 2 25 80 28 76
37 2 1 80 27 86 3 2 123 3 116 6 134 4 3 110 5 91 14 113 25 80 1 29 172 2 1 73 27 67 2 18 170 30 172 1 29 187 3 7 86 8 64 24 70 2 14 1 15 1 3 2 136 4 139 16 103 3 5 99 18 139 21 102 2 1 31 16 26 2 9 45 13 58 2 5 140 12 171 3 6 196 8 201 19 153 2 1 25 16 32 3 8 154 18 133 23 118 3 4 145 20 130 28 121 2 19 14 28 11 1 29 201 3 10 119 23 100 24 109 2 5 135 11 156 3 6 18 12 22 17 18 3 13 108 19 135 23 125 3 7 162 25 169 26 218 3 6 130 14 113 27 107 1 29 169 2 7 71 22 85 2 19 11 30 11 3 10 89 23 115 24 127 2 15 72 17 78 3 6 103 10 76 24 101 3 5 105 7 119 23 84 3 5 82 21 104 25 105 2 22 1 27 2 3 6 99 10 79 24 82 2 25 92 28 94
32 2 5 143 12 170 3 6 97 10 79 24 101 2 1 76 27 78 3 2 169 3 132 6 114 3 2 131 4 114 16 106 4 3 83 5 87 14 104 25 97 3 5 119 18 110 21 114 3 6 153 8 165 19 152 3 7 79 8 78 24 75 2 25 105 28 108 2 5 175 11 126 3 6 17 12 18 17 21 3 8 115 18 148 23 136 2 14 1 15 1 2 7 66 22 76 3 10 131 23 124 24 96 2 19 14 28 16 4 3 82 5 79 14 103 25 111 2 19 10 30 8 2 9 43 13 45 3 13 142 19 119 23 140 3 6 137 14 111 27 99 4 3 85 5 98 14 77 25 97 2 1 27 16 25 2 15 78 17 81 2 18 187 30 179 3 4 119 20 126 28 156 3 5 86 7 92 23 119 3 5 112 21 99 25 107 1 29 220 3 7 174 25 165 26 167 2 22 1 27 2
33 2 5 167 12 145 2 1 83 27 94 2 5 165 12 177 2 22 1 27 2 3 2 149 3 157 6 124 3 13 97 19 125 23 125 4 3 113 5 103 14 109 25 98 3 7 76 8 65 24 88 3 2 125 4 111 16 112 3 6 150 8 169 19 171 3 8 126 18 152 23 169 2 9 54 13 49 3 10 121 23 95 24 99 3 7 187 25 165 26 216 2 5 161 11 165 3 6 18 12 23 17 22 3 6 108 14 95 27 104 2 14 1 15 1 2 19 16 28 12 2 1 31 16 31 3 5 84 21 98 25 92 3 6 96 10 104 24 89 2 15 76 17 66 2 18 136 30 132 1 29 214 3 4 161 20 162 28 119 3 5 120 18 138 21 132 2 14 1 15 1 2 19 8 30 10 2 7 60 22 82 2 1 93 27 91 3 5 93 7 109 23 100 2 25 109 28 111
33 2 5 167 12 145 2 1 83 27 94 2 5 165 12 177 2 22 1 27 2 3 2 149 3 157 6 124 3 13 97 19 125 23 125 4 3 113 5 103 14 109 25 98 3 7 76 8 65 24 88 3 2 125 4 111 16 112 3 6 150 8 169 19 171 3 8 126 18 152 23 169 2 9 54 13 49 3 10 121 23 95 24 99 3 7 187 25 165 26 216 2 5 161 11 165 3 6 18 12 23 17 22 3 6 108 14 95 27 104 2 14 1 15 1 2 19 16 28 12 2 1 31 16 31 3 5 84 21 98 25 92 3 6 96 10 104 24 89 2 15 76 17 66 2 18 136 30 132 1 29 214 3 4 161 20 162 28 119 3 5 120 18 138 21 132 2 14 1 15 1 2 19 8 30 10 2 7 60 22 82 2 1 93 27 91 3 5 93 7 109 23 100 2 25 109 28 111
35 2 1 92 27 89 3 2 122 3 114 6 154 3 7 225 25 156 26 196 4 3 97 5 86 14 77 25 100 3 2 124 4 110 16 121 3 7 161 25 183 26 167 2 5 139 12 165 3 6 180 8 157 19 212 3 7 78 8 67 24 67 3 8 132 18 163 23 122 2 15 64 17 69 2 9 49 13 49 3 7 171 25 212 26 207 3 10 117 23 100 24 122 3 2 102 4 118 16 104 3 13 108 19 132 23 134 3 6 95 14 98 27 130 2 5 145 11 131 2 22 1 27 2 3 6 19 12 16 17 23 4 3 104 5 86 14 112 25 77 2 25 82 28 94 2 14 1 15 1 2 19 9 30 10 2 1 27 16 28 2 18 169 30 192 3 4 152 20 167 28 150 2 19 14 28 11 3 5 94 18 102 21 137 2 7 85 22 85 3 5 102 7 99 23 103 3 6 80 10 101 24 75 2 25 97 28 94 1 29 173 3 5 89 21 91 25 101
33 2 5 178 12 179 2 1 85 27 96 2 5 133 12 135 2 22 2 27 1 3 2 130 3 168 6 129 3 13 142 19 110 23 117 4 3 106 5 86 14 78 25 79 3 7 84 8 82 24 60 3 2 106 4 103 16 94 3 6 164 8 197 19 200 3 8 151 18 141 23 150 2 9 47 13 45 3 10 110 23 103 24 131 3 7 205 25 215 26 209 2 5 182 11 161 3 6 19 12 20 17 19 3 6 129 14 120 27 130 2 14 1 15 1 2 19 15 28 14 2 1 30 16 33 3 5 107 21 85 25 110 3 6 90 10 71 24 73 2 15 96 17 82 2 18 177 30 149 1 29 200 3 4 142 20 134 28 167 3 5 112 18 94 21 101 2 14 1 15 1 2 19 8 30 8 2 7 68 22 66 2 1 74 27 80 3 5 100 7 109 23 83 2 25 91 28 79
33 3 7 201 25 207 26 200 2 1 90 27 85 3 2 162 3 161 6 125 2 25 105 28 101 4 3 113 5 87 14 97 25 77 3 2 120 4 103 16 118 2 7 63 22 78 3 6 160 8 208 19 180 2 5 185 12 139 2 1 35 16 31 3 5 84 21 83 25 109 3 10 109 23 127 24 124 2 7 72 22 76 3 7 83 8 60 24 59 3 8 153 18 170 23 118 2 9 50 13 59 2 5 183 11 170 3 2 106 4 138 16 126 3 6 19 12 17 17 20 3 13 126 19 130 23 135 2 18 184 30 138 3 6 108 14 105 27 118 2 14 1 15 1 2 15 77 17 79 2 19 14 28 14 2 19 11 30 9 3 4 153 20 143 28 118 3 5 114 18 113 21 132 3 5 113 7 102 23 84 3 6 77 10 89 24 72 2 22 1 27 2 3 10 93 23 103 24 97 1 29 169
37 2 1 72 27 85 3 2 152 3 140 6 142 4 3 95 5 105 14 81 25 105 1 29 168 2 1 82 27 91 2 18 144 30 145 1 29 211 3 7 60 8 67 24 80 2 14 1 15 1 3 2 113 4 127 16 121 3 5 110 18 96 21 132 2 1 26 16 32 2 9 42 13 48 2 5 130 12 128 3 6 185 8 183 19 146 2 1 26 16 34 3 8 129 18 143 23 143 3 4 153 20 142 28 135 2 19 13 28 13 1 29 174 3 10 91 23 116 24 129 2 5 132 11 183 3 6 16 12 16 17 20 3 13 114 19 98 23 122 3 7 214 25 197 26 215 3 6 121 14 113 27 125 1 29 157 2 7 79 22 64 2 19 9 30 10 3 10 104 23 120 24 107 2 15 89 17 74 3 6 72 10 93 24 83 3 5 103 7 108 23 89 3 5 88 21 82 25 85 2 22 1 27 2 3 6 72 10 78 24 73 2 25 95 28 110
36 2 1 71 27 79 2 19 9 30 10 2 1 87 27 72 3 2 116 3 121 6 147 3 5 120 7 99 23 120 4 3 87 5 77 14 85 25 83 3 5 91 21 105 25 111 3 2 110 4 116 16 136 2 1 88 27 66 3 5 115 18 113 21 109 4 3 103 5 104 14 85 25 81 2 5 127 12 139 3 6 201 8 187 19 175 2 18 164 30 154 3 7 75 8 59 24 73 3 8 142 18 158 23 140 2 1 83 27 89 2 1 31 16 35 2 9 48 13 44 3 10 120 23 120 24 119 3 5 117 7 86 23 117 2 5 140 11 143 2 14 1 15 1 1 29 160 3 6 17 12 23 17 20 3 13 132 19 109 23 100 3 6 138 14 131 27 98 2 15 67 17 71 3 6 71 10 101 24 97 2 7 60 22 74 3 7 181 25 203 26 159 2 25 99 28 81 2 19 13 28 16 2 19 11 30 9 3 4 161 20 130 28 128 2 22 1 27 2
33 3 7 201 25 218 26 217 2 1 90 27 74 3 2 115 3 147 6 145 2 25 79 28 85 4 3 111 5 77 14 98 25 99 3 2 116 4 129 16 98 2 7 60 22 64 3 6 182 8 192 19 172 2 5 164 12 183 2 1 30 16 33 3 5 91 21 81 25 90 3 10 113 23 109 24 109 2 7 84 22 86 3 7 67 8 87 24 76 3 8 143 18 168 23 149 2 9 42 13 46 2 5 130 11 137 3 2 123 4 130 16 97 3 6 23 12 17 17 17 3 13 141 19 101 23 99 2 18 191 30 192 3 6 116 14 102 27 116 2 14 1 15 1 2 15 95 17 67 2 19 15 28 14 2 19 11 30 11 3 4 121 20 147 28 140 3 5 126 18 103 21 139 3 5 92 7 118 23 94 3 6 90 10 78 24 96 2 22 2 27 1 3 10 118 23 91 24 92 1 29 174
38 2 1 78 27 94 3 2 146 3 167 6 126 4 3 96 5 91 14 112 25 110 3 2 161 3 137 6 163 3 2 99 4 127 16 132 3 4 137 20 141 28 147 3 6 18 12 18 17 16 2 5 179 12 169 3 6 188 8 151 19 168 3 7 72 8 86 24 77 3 8 120 18 161 23 151 2 18 186 30 137 3 7 159 25 171 26 185 2 5 171 11 147 1 29 182 3 7 219 25 186 26 150 2 9 43 13 53 2 19 11 30 9 3 10 108 23 101 24 99 3 7 60 8 87 24 63 3 13 121 19 133 23 124 2 5 133 12 149 3 6 137 14 126 27 139 2 14 1 15 1 3 6 19 12 22 17 21 2 1 26 16 29 4 3 111 5 93 14 101 25 83 2 15 80 17 82 2 19 15 28 14 2 25 109 28 93 3 5 114 18 128 21 98 2 7 63 22 65 3 5 113 7 111 23 106 3 6 70 10 70 24 86 3 6 19 12 17 17 21 3 5 79 21 92 25 85 3 2 127 4 122 16 117 2 22 1 27 1
DUE_DATES: 7034 7034 7034 7034 6070 6070 6070 7416 7416 7416 6472 6472 6624 6109 6109 6109 5851 6640 6640 6640 6640 6640 6172 6502 6779 5885 7262 7282 6079 6079 6511 7308 7104 7104 7371 5839 5839 6079 6732 7002 5841 6017 6017 6656 5991 6107 6903 6145 6040 6991
WEIGHTS: 1 3 2 2 1 2 1 3 2 1 1 1 1 1 3 2 3 1 2 1 3 2 3 1 2 2 3 2 1 1 2 3 1 3 2 1 2 2 2 2 3 1 3 1 3 1 3 1 2 2
